db traj id : 41
frame,reward,score,terminal, action
0,0, 0, False, 0
1,0, 0, False, 0
2,0, 0, False, 0
3,0, 0, False, 0
4,0, 0, False, 0
5,0, 0, False, 0
6,0, 0, False, 0
7,0, 0, False, 0
8,0, 0, False, 0
9,0, 0, False, 0
10,0, 0, False, 0
11,0, 0, False, 0
12,0, 0, False, 0
13,0, 0, False, 0
14,0, 0, False, 0
15,0, 0, False, 0
16,0, 0, False, 0
17,0, 0, False, 0
18,0, 0, False, 0
19,0, 0, False, 0
20,0, 0, False, 0
21,0, 0, False, 0
22,0, 0, False, 0
23,0, 0, False, 0
24,0, 0, False, 0
25,0, 0, False, 0
26,0, 0, False, 0
27,0, 0, False, 0
28,0, 0, False, 0
29,0, 0, False, 0
30,0, 0, False, 0
31,0, 0, False, 0
32,0, 0, False, 0
33,0, 0, False, 0
34,0, 0, False, 0
35,0, 0, False, 0
36,0, 0, False, 0
37,0, 0, False, 0
38,0, 0, False, 0
39,0, 0, False, 0
40,0, 0, False, 0
41,0, 0, False, 0
42,0, 0, False, 0
43,0, 0, False, 0
44,0, 0, False, 0
45,0, 0, False, 0
46,0, 0, False, 0
47,0, 0, False, 0
48,0, 0, False, 0
49,0, 0, False, 0
50,0, 0, False, 0
51,0, 0, False, 0
52,0, 0, False, 0
53,0, 0, False, 0
54,0, 0, False, 0
55,0, 0, False, 0
56,0, 0, False, 0
57,0, 0, False, 0
58,0, 0, False, 0
59,0, 0, False, 0
60,0, 0, False, 0
61,0, 0, False, 0
62,0, 0, False, 0
63,0, 0, False, 0
64,0, 0, False, 0
65,0, 0, False, 0
66,0, 0, False, 0
67,0, 0, False, 0
68,0, 0, False, 0
69,0, 0, False, 0
70,0, 0, False, 0
71,0, 0, False, 0
72,0, 0, False, 0
73,0, 0, False, 0
74,0, 0, False, 0
75,0, 0, False, 0
76,0, 0, False, 0
77,0, 0, False, 0
78,0, 0, False, 0
79,0, 0, False, 0
80,0, 0, False, 0
81,0, 0, False, 0
82,0, 0, False, 0
83,0, 0, False, 0
84,0, 0, False, 0
85,0, 0, False, 0
86,0, 0, False, 0
87,0, 0, False, 0
88,0, 0, False, 0
89,0, 0, False, 0
90,0, 0, False, 0
91,0, 0, False, 0
92,0, 0, False, 0
93,0, 0, False, 0
94,0, 0, False, 0
95,0, 0, False, 0
96,0, 0, False, 0
97,0, 0, False, 0
98,0, 0, False, 0
99,0, 0, False, 0
100,0, 0, False, 0
101,0, 0, False, 0
102,0, 0, False, 0
103,0, 0, False, 0
104,0, 0, False, 0
105,0, 0, False, 0
106,0, 0, False, 0
107,0, 0, False, 0
108,0, 0, False, 0
109,0, 0, False, 0
110,0, 0, False, 0
111,0, 0, False, 0
112,0, 0, False, 0
113,0, 0, False, 0
114,0, 0, False, 0
115,0, 0, False, 0
116,0, 0, False, 0
117,0, 0, False, 0
118,0, 0, False, 0
119,0, 0, False, 0
120,0, 0, False, 0
121,0, 0, False, 0
122,0, 0, False, 0
123,0, 0, False, 0
124,0, 0, False, 0
125,0, 0, False, 0
126,0, 0, False, 0
127,0, 0, False, 0
128,0, 0, False, 0
129,0, 0, False, 0
130,0, 0, False, 0
131,0, 0, False, 0
132,0, 0, False, 0
133,0, 0, False, 0
134,0, 0, False, 0
135,0, 0, False, 0
136,0, 0, False, 0
137,0, 0, False, 0
138,0, 0, False, 0
139,0, 0, False, 0
140,0, 0, False, 0
141,0, 0, False, 0
142,0, 0, False, 0
143,0, 0, False, 0
144,0, 0, False, 0
145,0, 0, False, 0
146,0, 0, False, 0
147,0, 0, False, 0
148,0, 0, False, 0
149,0, 0, False, 0
150,0, 0, False, 0
151,0, 0, False, 0
152,0, 0, False, 0
153,0, 0, False, 0
154,0, 0, False, 0
155,0, 0, False, 0
156,0, 0, False, 0
157,0, 0, False, 0
158,0, 0, False, 0
159,0, 0, False, 0
160,0, 0, False, 0
161,0, 0, False, 0
162,0, 0, False, 0
163,0, 0, False, 0
164,0, 0, False, 0
165,0, 0, False, 0
166,0, 0, False, 0
167,0, 0, False, 0
168,0, 0, False, 0
169,0, 0, False, 0
170,0, 0, False, 0
171,0, 0, False, 0
172,0, 0, False, 0
173,0, 0, False, 0
174,0, 0, False, 0
175,0, 0, False, 0
176,0, 0, False, 0
177,0, 0, False, 0
178,0, 0, False, 0
179,0, 0, False, 0
180,0, 0, False, 0
181,0, 0, False, 0
182,0, 0, False, 0
183,0, 0, False, 0
184,0, 0, False, 0
185,0, 0, False, 0
186,0, 0, False, 0
187,0, 0, False, 0
188,0, 0, False, 0
189,0, 0, False, 0
190,0, 0, False, 0
191,0, 0, False, 0
192,0, 0, False, 0
193,0, 0, False, 0
194,0, 0, False, 0
195,0, 0, False, 0
196,0, 0, False, 0
197,0, 0, False, 0
198,0, 0, False, 0
199,0, 0, False, 0
200,0, 0, False, 0
201,0, 0, False, 0
202,0, 0, False, 0
203,0, 0, False, 0
204,0, 0, False, 0
205,0, 0, False, 0
206,0, 0, False, 0
207,0, 0, False, 0
208,0, 0, False, 0
209,0, 0, False, 0
210,0, 0, False, 0
211,0, 0, False, 0
212,0, 0, False, 0
213,0, 0, False, 0
214,0, 0, False, 0
215,0, 0, False, 0
216,0, 0, False, 0
217,0, 0, False, 0
218,0, 0, False, 0
219,0, 0, False, 0
220,0, 0, False, 0
221,0, 0, False, 0
222,0, 0, False, 0
223,0, 0, False, 0
224,0, 0, False, 0
225,0, 0, False, 0
226,0, 0, False, 0
227,0, 0, False, 0
228,0, 0, False, 0
229,0, 0, False, 0
230,0, 0, False, 0
231,0, 0, False, 0
232,0, 0, False, 0
233,0, 0, False, 0
234,0, 0, False, 0
235,0, 0, False, 0
236,0, 0, False, 0
237,0, 0, False, 0
238,0, 0, False, 0
239,0, 0, False, 0
240,0, 0, False, 0
241,0, 0, False, 0
242,0, 0, False, 0
243,0, 0, False, 0
244,0, 0, False, 0
245,0, 0, False, 0
246,0, 0, False, 0
247,0, 0, False, 0
248,0, 0, False, 0
249,0, 0, False, 0
250,0, 0, False, 0
251,0, 0, False, 0
252,0, 0, False, 0
253,0, 0, False, 0
254,0, 0, False, 0
255,0, 0, False, 0
256,0, 0, False, 0
257,0, 0, False, 0
258,0, 0, False, 0
259,0, 0, False, 0
260,0, 0, False, 0
261,0, 0, False, 4
262,0, 0, False, 4
263,0, 0, False, 4
264,0, 0, False, 4
265,0, 0, False, 4
266,0, 0, False, 0
267,0, 0, False, 0
268,0, 0, False, 0
269,0, 0, False, 0
270,0, 0, False, 0
271,0, 0, False, 0
272,0, 0, False, 0
273,0, 0, False, 0
274,0, 0, False, 0
275,0, 0, False, 0
276,0, 0, False, 0
277,0, 0, False, 0
278,0, 0, False, 0
279,10, 10, False, 0
280,0, 10, False, 0
281,0, 10, False, 0
282,0, 10, False, 0
283,0, 10, False, 0
284,0, 10, False, 0
285,0, 10, False, 0
286,0, 10, False, 0
287,0, 10, False, 0
288,0, 10, False, 0
289,0, 10, False, 0
290,0, 10, False, 0
291,0, 10, False, 0
292,0, 10, False, 0
293,10, 20, False, 0
294,0, 20, False, 0
295,0, 20, False, 0
296,0, 20, False, 0
297,0, 20, False, 0
298,0, 20, False, 0
299,0, 20, False, 0
300,0, 20, False, 0
301,0, 20, False, 0
302,0, 20, False, 0
303,0, 20, False, 0
304,0, 20, False, 0
305,0, 20, False, 0
306,0, 20, False, 0
307,10, 30, False, 0
308,0, 30, False, 0
309,0, 30, False, 0
310,0, 30, False, 0
311,0, 30, False, 0
312,0, 30, False, 0
313,0, 30, False, 0
314,0, 30, False, 0
315,0, 30, False, 0
316,0, 30, False, 0
317,0, 30, False, 0
318,0, 30, False, 0
319,10, 40, False, 0
320,0, 40, False, 0
321,0, 40, False, 0
322,0, 40, False, 0
323,0, 40, False, 0
324,0, 40, False, 0
325,0, 40, False, 0
326,0, 40, False, 0
327,0, 40, False, 0
328,0, 40, False, 4
329,0, 40, False, 4
330,0, 40, False, 4
331,0, 40, False, 4
332,0, 40, False, 4
333,10, 50, False, 4
334,0, 50, False, 4
335,0, 50, False, 4
336,0, 50, False, 4
337,0, 50, False, 4
338,0, 50, False, 4
339,0, 50, False, 4
340,0, 50, False, 4
341,0, 50, False, 4
342,0, 50, False, 4
343,0, 50, False, 4
344,0, 50, False, 4
345,0, 50, False, 4
346,0, 50, False, 4
347,10, 60, False, 4
348,0, 60, False, 4
349,0, 60, False, 4
350,0, 60, False, 4
351,0, 60, False, 4
352,0, 60, False, 4
353,0, 60, False, 4
354,0, 60, False, 4
355,0, 60, False, 4
356,0, 60, False, 4
357,0, 60, False, 4
358,0, 60, False, 4
359,0, 60, False, 4
360,0, 60, False, 4
361,0, 60, False, 4
362,0, 60, False, 4
363,0, 60, False, 4
364,0, 60, False, 4
365,0, 60, False, 4
366,0, 60, False, 4
367,0, 60, False, 4
368,0, 60, False, 5
369,0, 60, False, 5
370,0, 60, False, 5
371,0, 60, False, 5
372,0, 60, False, 5
373,0, 60, False, 5
374,0, 60, False, 5
375,10, 70, False, 5
376,0, 70, False, 5
377,0, 70, False, 5
378,0, 70, False, 5
379,0, 70, False, 5
380,0, 70, False, 5
381,0, 70, False, 5
382,0, 70, False, 5
383,0, 70, False, 5
384,0, 70, False, 5
385,0, 70, False, 5
386,0, 70, False, 5
387,0, 70, False, 5
388,0, 70, False, 5
389,10, 80, False, 5
390,0, 80, False, 5
391,0, 80, False, 5
392,0, 80, False, 5
393,0, 80, False, 5
394,0, 80, False, 5
395,0, 80, False, 5
396,0, 80, False, 5
397,0, 80, False, 5
398,0, 80, False, 5
399,0, 80, False, 5
400,0, 80, False, 5
401,0, 80, False, 5
402,0, 80, False, 5
403,10, 90, False, 5
404,0, 90, False, 5
405,0, 90, False, 5
406,0, 90, False, 5
407,0, 90, False, 5
408,0, 90, False, 5
409,0, 90, False, 5
410,0, 90, False, 5
411,0, 90, False, 5
412,0, 90, False, 5
413,0, 90, False, 5
414,0, 90, False, 5
415,0, 90, False, 5
416,0, 90, False, 5
417,10, 100, False, 5
418,0, 100, False, 5
419,0, 100, False, 5
420,0, 100, False, 5
421,0, 100, False, 5
422,0, 100, False, 5
423,0, 100, False, 5
424,0, 100, False, 5
425,0, 100, False, 5
426,0, 100, False, 5
427,0, 100, False, 5
428,0, 100, False, 5
429,0, 100, False, 5
430,0, 100, False, 5
431,10, 110, False, 5
432,0, 110, False, 5
433,0, 110, False, 5
434,0, 110, False, 5
435,0, 110, False, 5
436,0, 110, False, 5
437,0, 110, False, 5
438,0, 110, False, 5
439,0, 110, False, 5
440,0, 110, False, 5
441,0, 110, False, 5
442,0, 110, False, 5
443,0, 110, False, 5
444,0, 110, False, 5
445,0, 110, False, 5
446,0, 110, False, 5
447,0, 110, False, 5
448,0, 110, False, 5
449,0, 110, False, 5
450,0, 110, False, 5
451,0, 110, False, 5
452,0, 110, False, 3
453,0, 110, False, 3
454,0, 110, False, 3
455,0, 110, False, 3
456,0, 110, False, 3
457,0, 110, False, 3
458,0, 110, False, 3
459,10, 120, False, 3
460,0, 120, False, 3
461,0, 120, False, 3
462,0, 120, False, 3
463,0, 120, False, 3
464,0, 120, False, 3
465,0, 120, False, 3
466,0, 120, False, 3
467,0, 120, False, 3
468,0, 120, False, 3
469,0, 120, False, 3
470,0, 120, False, 3
471,0, 120, False, 3
472,0, 120, False, 3
473,10, 130, False, 3
474,0, 130, False, 3
475,0, 130, False, 3
476,0, 130, False, 3
477,0, 130, False, 3
478,0, 130, False, 3
479,0, 130, False, 3
480,0, 130, False, 3
481,0, 130, False, 3
482,0, 130, False, 3
483,0, 130, False, 3
484,0, 130, False, 3
485,0, 130, False, 3
486,0, 130, False, 3
487,10, 140, False, 3
488,0, 140, False, 3
489,0, 140, False, 3
490,0, 140, False, 3
491,0, 140, False, 3
492,0, 140, False, 3
493,0, 140, False, 3
494,0, 140, False, 3
495,0, 140, False, 3
496,0, 140, False, 3
497,0, 140, False, 3
498,0, 140, False, 3
499,10, 150, False, 3
500,0, 150, False, 3
501,0, 150, False, 3
502,0, 150, False, 3
503,0, 150, False, 3
504,0, 150, False, 3
505,0, 150, False, 3
506,0, 150, False, 3
507,0, 150, False, 3
508,0, 150, False, 3
509,0, 150, False, 3
510,0, 150, False, 3
511,0, 150, False, 3
512,0, 150, False, 3
513,10, 160, False, 3
514,0, 160, False, 3
515,0, 160, False, 3
516,0, 160, False, 3
517,0, 160, False, 3
518,0, 160, False, 3
519,0, 160, False, 3
520,0, 160, False, 3
521,0, 160, False, 3
522,0, 160, False, 3
523,0, 160, False, 3
524,0, 160, False, 3
525,0, 160, False, 3
526,0, 160, False, 3
527,0, 160, False, 3
528,0, 160, False, 3
529,0, 160, False, 3
530,0, 160, False, 3
531,10, 170, False, 3
532,0, 170, False, 3
533,0, 170, False, 3
534,0, 170, False, 3
535,0, 170, False, 3
536,0, 170, False, 3
537,0, 170, False, 3
538,0, 170, False, 3
539,0, 170, False, 3
540,0, 170, False, 3
541,0, 170, False, 3
542,0, 170, False, 3
543,0, 170, False, 3
544,0, 170, False, 3
545,10, 180, False, 3
546,0, 180, False, 3
547,0, 180, False, 3
548,0, 180, False, 3
549,0, 180, False, 3
550,0, 180, False, 3
551,0, 180, False, 3
552,0, 180, False, 3
553,0, 180, False, 3
554,0, 180, False, 3
555,0, 180, False, 2
556,0, 180, False, 2
557,0, 180, False, 2
558,0, 180, False, 2
559,10, 190, False, 2
560,0, 190, False, 2
561,0, 190, False, 2
562,0, 190, False, 2
563,0, 190, False, 2
564,0, 190, False, 2
565,0, 190, False, 2
566,0, 190, False, 2
567,0, 190, False, 2
568,0, 190, False, 2
569,0, 190, False, 2
570,0, 190, False, 2
571,10, 200, False, 2
572,0, 200, False, 2
573,0, 200, False, 2
574,0, 200, False, 2
575,0, 200, False, 2
576,0, 200, False, 2
577,0, 200, False, 2
578,0, 200, False, 2
579,0, 200, False, 2
580,0, 200, False, 2
581,0, 200, False, 2
582,0, 200, False, 2
583,0, 200, False, 2
584,0, 200, False, 2
585,10, 210, False, 2
586,0, 210, False, 2
587,0, 210, False, 2
588,0, 210, False, 2
589,0, 210, False, 2
590,0, 210, False, 0
591,0, 210, False, 0
592,0, 210, False, 0
593,0, 210, False, 0
594,0, 210, False, 0
595,0, 210, False, 0
596,0, 210, False, 0
597,0, 210, False, 0
598,0, 210, False, 0
599,10, 220, False, 0
600,0, 220, False, 0
601,0, 220, False, 0
602,0, 220, False, 0
603,0, 220, False, 0
604,0, 220, False, 0
605,0, 220, False, 0
606,0, 220, False, 0
607,0, 220, False, 0
608,0, 220, False, 0
609,0, 220, False, 0
610,0, 220, False, 0
611,10, 230, False, 0
612,0, 230, False, 0
613,0, 230, False, 0
614,0, 230, False, 0
615,0, 230, False, 0
616,0, 230, False, 0
617,0, 230, False, 0
618,0, 230, False, 0
619,0, 230, False, 0
620,0, 230, False, 0
621,0, 230, False, 0
622,0, 230, False, 0
623,0, 230, False, 0
624,0, 230, False, 0
625,10, 240, False, 0
626,0, 240, False, 0
627,0, 240, False, 0
628,0, 240, False, 0
629,0, 240, False, 0
630,0, 240, False, 0
631,0, 240, False, 0
632,0, 240, False, 0
633,0, 240, False, 0
634,0, 240, False, 0
635,0, 240, False, 0
636,0, 240, False, 0
637,0, 240, False, 0
638,0, 240, False, 0
639,10, 250, False, 0
640,0, 250, False, 0
641,0, 250, False, 0
642,0, 250, False, 0
643,0, 250, False, 0
644,0, 250, False, 0
645,0, 250, False, 0
646,0, 250, False, 0
647,0, 250, False, 0
648,0, 250, False, 0
649,0, 250, False, 0
650,0, 250, False, 0
651,0, 250, False, 0
652,0, 250, False, 0
653,0, 250, False, 0
654,0, 250, False, 0
655,0, 250, False, 0
656,0, 250, False, 0
657,0, 250, False, 0
658,0, 250, False, 0
659,0, 250, False, 0
660,0, 250, False, 0
661,0, 250, False, 0
662,0, 250, False, 0
663,0, 250, False, 0
664,0, 250, False, 0
665,0, 250, False, 0
666,0, 250, False, 0
667,0, 250, False, 0
668,0, 250, False, 0
669,0, 250, False, 0
670,0, 250, False, 0
671,0, 250, False, 0
672,0, 250, False, 0
673,0, 250, False, 0
674,0, 250, False, 0
675,0, 250, False, 0
676,0, 250, False, 0
677,0, 250, False, 0
678,0, 250, False, 0
679,0, 250, False, 0
680,0, 250, False, 0
681,0, 250, False, 0
682,0, 250, False, 0
683,0, 250, False, 0
684,0, 250, False, 0
685,0, 250, False, 0
686,0, 250, False, 0
687,0, 250, False, 0
688,0, 250, False, 0
689,0, 250, False, 0
690,0, 250, False, 0
691,0, 250, False, 0
692,0, 250, False, 0
693,0, 250, False, 0
694,0, 250, False, 0
695,0, 250, False, 0
696,0, 250, False, 0
697,0, 250, False, 0
698,0, 250, False, 0
699,0, 250, False, 0
700,0, 250, False, 0
701,0, 250, False, 0
702,0, 250, False, 0
703,0, 250, False, 0
704,0, 250, False, 0
705,0, 250, False, 0
706,0, 250, False, 0
707,0, 250, False, 0
708,0, 250, False, 0
709,0, 250, False, 0
710,0, 250, False, 0
711,0, 250, False, 0
712,0, 250, False, 0
713,0, 250, False, 0
714,0, 250, False, 0
715,0, 250, False, 0
716,0, 250, False, 0
717,0, 250, False, 0
718,0, 250, False, 0
719,0, 250, False, 0
720,0, 250, False, 0
721,0, 250, False, 0
722,0, 250, False, 0
723,0, 250, False, 0
724,0, 250, False, 0
725,0, 250, False, 0
726,0, 250, False, 0
727,0, 250, False, 0
728,0, 250, False, 0
729,0, 250, False, 0
730,0, 250, False, 0
731,0, 250, False, 0
732,0, 250, False, 0
733,0, 250, False, 0
734,0, 250, False, 0
735,0, 250, False, 0
736,0, 250, False, 0
737,0, 250, False, 0
738,0, 250, False, 0
739,0, 250, False, 0
740,0, 250, False, 0
741,0, 250, False, 0
742,0, 250, False, 0
743,0, 250, False, 0
744,0, 250, False, 0
745,0, 250, False, 0
746,0, 250, False, 0
747,0, 250, False, 0
748,0, 250, False, 0
749,0, 250, False, 0
750,0, 250, False, 0
751,0, 250, False, 0
752,0, 250, False, 0
753,0, 250, False, 0
754,0, 250, False, 0
755,0, 250, False, 0
756,0, 250, False, 0
757,0, 250, False, 0
758,0, 250, False, 0
759,0, 250, False, 0
760,0, 250, False, 0
761,0, 250, False, 0
762,0, 250, False, 0
763,0, 250, False, 0
764,0, 250, False, 0
765,0, 250, False, 0
766,0, 250, False, 0
767,0, 250, False, 0
768,0, 250, False, 0
769,0, 250, False, 0
770,0, 250, False, 0
771,0, 250, False, 0
772,0, 250, False, 0
773,0, 250, False, 0
774,0, 250, False, 0
775,0, 250, False, 0
776,0, 250, False, 0
777,0, 250, False, 0
778,0, 250, False, 0
779,0, 250, False, 0
780,0, 250, False, 0
781,0, 250, False, 0
782,0, 250, False, 0
783,0, 250, False, 0
784,0, 250, False, 0
785,0, 250, False, 0
786,0, 250, False, 0
787,0, 250, False, 0
788,0, 250, False, 0
789,0, 250, False, 0
790,0, 250, False, 0
791,0, 250, False, 0
792,0, 250, False, 0
793,0, 250, False, 0
794,0, 250, False, 0
795,0, 250, False, 0
796,0, 250, False, 0
797,0, 250, False, 0
798,0, 250, False, 0
799,0, 250, False, 0
800,0, 250, False, 0
801,0, 250, False, 0
802,0, 250, False, 0
803,0, 250, False, 0
804,0, 250, False, 0
805,0, 250, False, 0
806,0, 250, False, 0
807,0, 250, False, 0
808,0, 250, False, 0
809,0, 250, False, 0
810,0, 250, False, 0
811,0, 250, False, 0
812,0, 250, False, 0
813,0, 250, False, 0
814,0, 250, False, 0
815,0, 250, False, 0
816,0, 250, False, 0
817,0, 250, False, 0
818,0, 250, False, 0
819,0, 250, False, 0
820,0, 250, False, 0
821,0, 250, False, 0
822,0, 250, False, 0
823,0, 250, False, 0
824,0, 250, False, 0
825,0, 250, False, 0
826,0, 250, False, 0
827,0, 250, False, 0
828,0, 250, False, 0
829,0, 250, False, 0
830,0, 250, False, 0
831,0, 250, False, 0
832,0, 250, False, 0
833,0, 250, False, 0
834,0, 250, False, 0
835,0, 250, False, 0
836,0, 250, False, 0
837,0, 250, False, 0
838,0, 250, False, 0
839,0, 250, False, 0
840,0, 250, False, 0
841,0, 250, False, 0
842,0, 250, False, 0
843,0, 250, False, 0
844,0, 250, False, 0
845,0, 250, False, 0
846,0, 250, False, 2
847,0, 250, False, 2
848,0, 250, False, 2
849,0, 250, False, 2
850,0, 250, False, 2
851,0, 250, False, 2
852,0, 250, False, 2
853,0, 250, False, 2
854,0, 250, False, 2
855,0, 250, False, 2
856,0, 250, False, 2
857,0, 250, False, 2
858,0, 250, False, 2
859,0, 250, False, 2
860,0, 250, False, 2
861,0, 250, False, 2
862,0, 250, False, 2
863,0, 250, False, 2
864,0, 250, False, 2
865,0, 250, False, 2
866,0, 250, False, 2
867,0, 250, False, 2
868,0, 250, False, 2
869,0, 250, False, 2
870,0, 250, False, 2
871,0, 250, False, 2
872,0, 250, False, 2
873,0, 250, False, 2
874,0, 250, False, 2
875,0, 250, False, 2
876,0, 250, False, 2
877,0, 250, False, 2
878,0, 250, False, 2
879,0, 250, False, 2
880,0, 250, False, 2
881,0, 250, False, 2
882,0, 250, False, 2
883,0, 250, False, 2
884,0, 250, False, 2
885,0, 250, False, 2
886,0, 250, False, 2
887,0, 250, False, 2
888,0, 250, False, 2
889,0, 250, False, 2
890,0, 250, False, 2
891,0, 250, False, 2
892,0, 250, False, 2
893,0, 250, False, 2
894,0, 250, False, 2
895,0, 250, False, 2
896,0, 250, False, 2
897,0, 250, False, 2
898,0, 250, False, 0
899,0, 250, False, 0
900,0, 250, False, 0
901,0, 250, False, 0
902,0, 250, False, 0
903,0, 250, False, 0
904,0, 250, False, 0
905,0, 250, False, 0
906,0, 250, False, 0
907,0, 250, False, 0
908,0, 250, False, 0
909,0, 250, False, 0
910,0, 250, False, 0
911,0, 250, False, 0
912,0, 250, False, 0
913,0, 250, False, 0
914,0, 250, False, 0
915,0, 250, False, 0
916,0, 250, False, 0
917,0, 250, False, 0
918,0, 250, False, 0
919,0, 250, False, 0
920,0, 250, False, 0
921,0, 250, False, 0
922,0, 250, False, 0
923,0, 250, False, 0
924,0, 250, False, 0
925,0, 250, False, 0
926,0, 250, False, 0
927,0, 250, False, 0
928,0, 250, False, 0
929,0, 250, False, 0
930,0, 250, False, 0
931,0, 250, False, 0
932,0, 250, False, 0
933,0, 250, False, 0
934,0, 250, False, 0
935,0, 250, False, 0
936,0, 250, False, 0
937,0, 250, False, 0
938,0, 250, False, 0
939,0, 250, False, 0
940,0, 250, False, 0
941,0, 250, False, 0
942,0, 250, False, 0
943,0, 250, False, 0
944,0, 250, False, 0
945,0, 250, False, 0
946,0, 250, False, 0
947,0, 250, False, 0
948,0, 250, False, 0
949,0, 250, False, 0
950,0, 250, False, 0
951,0, 250, False, 0
952,0, 250, False, 0
953,0, 250, False, 0
954,0, 250, False, 0
955,0, 250, False, 0
956,0, 250, False, 0
957,0, 250, False, 0
958,0, 250, False, 0
959,0, 250, False, 0
960,0, 250, False, 0
961,0, 250, False, 0
962,0, 250, False, 0
963,0, 250, False, 0
964,0, 250, False, 0
965,0, 250, False, 0
966,0, 250, False, 0
967,0, 250, False, 0
968,0, 250, False, 0
969,0, 250, False, 0
970,0, 250, False, 0
971,0, 250, False, 0
972,0, 250, False, 0
973,0, 250, False, 0
974,0, 250, False, 0
975,0, 250, False, 0
976,0, 250, False, 0
977,0, 250, False, 0
978,0, 250, False, 0
979,0, 250, False, 0
980,0, 250, False, 0
981,0, 250, False, 0
982,0, 250, False, 0
983,0, 250, False, 0
984,0, 250, False, 0
985,0, 250, False, 0
986,0, 250, False, 0
987,0, 250, False, 0
988,0, 250, False, 0
989,0, 250, False, 0
990,0, 250, False, 0
991,0, 250, False, 0
992,0, 250, False, 0
993,0, 250, False, 0
994,0, 250, False, 0
995,0, 250, False, 0
996,0, 250, False, 0
997,0, 250, False, 0
998,0, 250, False, 0
999,0, 250, False, 0
1000,0, 250, False, 0
1001,0, 250, False, 0
1002,0, 250, False, 0
1003,0, 250, False, 0
1004,0, 250, False, 0
1005,0, 250, False, 0
1006,0, 250, False, 0
1007,0, 250, False, 0
1008,0, 250, False, 0
1009,0, 250, False, 0
1010,0, 250, False, 0
1011,0, 250, False, 0
1012,0, 250, False, 0
1013,0, 250, False, 0
1014,0, 250, False, 0
1015,0, 250, False, 0
1016,0, 250, False, 0
1017,0, 250, False, 0
1018,0, 250, False, 0
1019,0, 250, False, 0
1020,0, 250, False, 0
1021,0, 250, False, 0
1022,0, 250, False, 0
1023,0, 250, False, 0
1024,0, 250, False, 0
1025,0, 250, False, 0
1026,0, 250, False, 0
1027,0, 250, False, 0
1028,0, 250, False, 0
1029,0, 250, False, 0
1030,0, 250, False, 0
1031,0, 250, False, 0
1032,0, 250, False, 0
1033,0, 250, False, 0
1034,0, 250, False, 0
1035,0, 250, False, 0
1036,0, 250, False, 0
1037,0, 250, False, 0
1038,0, 250, False, 0
1039,0, 250, False, 0
1040,0, 250, False, 0
1041,0, 250, False, 0
1042,0, 250, False, 0
1043,0, 250, False, 0
1044,0, 250, False, 0
1045,0, 250, False, 0
1046,0, 250, False, 0
1047,0, 250, False, 0
1048,0, 250, False, 0
1049,0, 250, False, 0
1050,0, 250, False, 0
1051,0, 250, False, 0
1052,0, 250, False, 0
1053,0, 250, False, 0
1054,0, 250, False, 0
1055,0, 250, False, 0
1056,0, 250, False, 0
1057,0, 250, False, 0
1058,0, 250, False, 0
1059,0, 250, False, 0
1060,0, 250, False, 0
1061,0, 250, False, 0
1062,0, 250, False, 0
1063,0, 250, False, 0
1064,0, 250, False, 0
1065,0, 250, False, 0
1066,0, 250, False, 0
1067,0, 250, False, 0
1068,0, 250, False, 0
1069,0, 250, False, 0
1070,0, 250, False, 0
1071,0, 250, False, 0
1072,0, 250, False, 0
1073,0, 250, False, 0
1074,0, 250, False, 0
1075,0, 250, False, 0
1076,0, 250, False, 0
1077,0, 250, False, 0
1078,0, 250, False, 0
1079,0, 250, False, 0
1080,0, 250, False, 0
1081,0, 250, False, 0
1082,0, 250, False, 0
1083,0, 250, False, 0
1084,0, 250, False, 0
1085,0, 250, False, 0
1086,0, 250, False, 0
1087,0, 250, False, 0
1088,0, 250, False, 0
1089,0, 250, False, 0
1090,0, 250, False, 0
1091,0, 250, False, 0
1092,0, 250, False, 0
1093,0, 250, False, 0
1094,0, 250, False, 0
1095,0, 250, False, 0
1096,0, 250, False, 0
1097,0, 250, False, 0
1098,0, 250, False, 0
1099,0, 250, False, 0
1100,0, 250, False, 0
1101,0, 250, False, 0
1102,0, 250, False, 0
1103,0, 250, False, 0
1104,0, 250, False, 0
1105,0, 250, False, 0
1106,0, 250, False, 0
1107,0, 250, False, 0
1108,0, 250, False, 0
1109,0, 250, False, 0
1110,0, 250, False, 0
1111,0, 250, False, 0
1112,0, 250, False, 0
1113,0, 250, False, 0
1114,0, 250, False, 0
1115,0, 250, False, 0
1116,0, 250, False, 0
1117,0, 250, False, 0
1118,0, 250, False, 0
1119,0, 250, False, 0
1120,0, 250, False, 0
1121,0, 250, False, 0
1122,0, 250, False, 0
1123,0, 250, False, 0
1124,0, 250, False, 0
1125,0, 250, False, 0
1126,0, 250, False, 0
1127,0, 250, False, 0
1128,0, 250, False, 0
1129,0, 250, False, 0
1130,0, 250, False, 0
1131,0, 250, False, 0
1132,0, 250, False, 0
1133,0, 250, False, 0
1134,0, 250, False, 0
1135,0, 250, False, 0
1136,0, 250, False, 0
1137,0, 250, False, 0
1138,0, 250, False, 0
1139,0, 250, False, 0
1140,0, 250, False, 0
1141,0, 250, False, 0
1142,0, 250, False, 0
1143,0, 250, False, 0
1144,0, 250, False, 0
1145,0, 250, False, 0
1146,0, 250, False, 0
1147,0, 250, False, 0
1148,0, 250, False, 0
1149,0, 250, False, 0
1150,0, 250, False, 0
1151,0, 250, False, 0
1152,0, 250, False, 0
1153,0, 250, False, 0
1154,0, 250, False, 0
1155,0, 250, False, 0
1156,0, 250, False, 0
1157,0, 250, False, 0
1158,0, 250, False, 0
1159,0, 250, False, 0
1160,0, 250, False, 0
1161,0, 250, False, 0
1162,0, 250, False, 0
1163,0, 250, False, 0
1164,0, 250, False, 0
1165,0, 250, False, 0
1166,0, 250, False, 4
1167,0, 250, False, 4
1168,0, 250, False, 4
1169,0, 250, False, 4
1170,0, 250, False, 4
1171,0, 250, False, 4
1172,0, 250, False, 0
1173,0, 250, False, 0
1174,0, 250, False, 0
1175,0, 250, False, 0
1176,0, 250, False, 0
1177,0, 250, False, 0
1178,0, 250, False, 0
1179,0, 250, False, 0
1180,0, 250, False, 0
1181,0, 250, False, 0
1182,0, 250, False, 0
1183,0, 250, False, 0
1184,0, 250, False, 0
1185,0, 250, False, 0
1186,0, 250, False, 0
1187,0, 250, False, 0
1188,0, 250, False, 0
1189,0, 250, False, 0
1190,0, 250, False, 0
1191,0, 250, False, 0
1192,0, 250, False, 0
1193,0, 250, False, 0
1194,0, 250, False, 0
1195,0, 250, False, 0
1196,0, 250, False, 0
1197,0, 250, False, 0
1198,0, 250, False, 0
1199,0, 250, False, 0
1200,0, 250, False, 0
1201,0, 250, False, 0
1202,0, 250, False, 0
1203,0, 250, False, 0
1204,0, 250, False, 0
1205,0, 250, False, 0
1206,0, 250, False, 0
1207,0, 250, False, 0
1208,0, 250, False, 0
1209,0, 250, False, 0
1210,0, 250, False, 0
1211,0, 250, False, 0
1212,0, 250, False, 0
1213,0, 250, False, 0
1214,0, 250, False, 0
1215,0, 250, False, 0
1216,0, 250, False, 0
1217,0, 250, False, 0
1218,0, 250, False, 0
1219,0, 250, False, 0
1220,0, 250, False, 0
1221,0, 250, False, 0
1222,0, 250, False, 0
1223,0, 250, False, 0
1224,0, 250, False, 0
1225,0, 250, False, 0
1226,0, 250, False, 0
1227,0, 250, False, 0
1228,0, 250, False, 0
1229,0, 250, False, 0
1230,0, 250, False, 0
1231,0, 250, False, 0
1232,0, 250, False, 0
1233,0, 250, False, 0
1234,0, 250, False, 0
1235,0, 250, False, 0
1236,0, 250, False, 0
1237,0, 250, False, 0
1238,0, 250, False, 0
1239,0, 250, False, 0
1240,0, 250, False, 0
1241,0, 250, False, 0
1242,0, 250, False, 0
1243,0, 250, False, 0
1244,0, 250, False, 0
1245,0, 250, False, 0
1246,0, 250, False, 0
1247,0, 250, False, 0
1248,0, 250, False, 0
1249,0, 250, False, 0
1250,0, 250, False, 0
1251,0, 250, False, 0
1252,0, 250, False, 0
1253,0, 250, False, 0
1254,0, 250, False, 0
1255,0, 250, False, 0
1256,0, 250, False, 0
1257,0, 250, False, 0
1258,0, 250, False, 0
1259,0, 250, False, 0
1260,0, 250, False, 0
1261,0, 250, False, 0
1262,0, 250, False, 0
1263,0, 250, False, 0
1264,0, 250, False, 0
1265,0, 250, False, 0
1266,0, 250, False, 0
1267,0, 250, False, 0
1268,0, 250, False, 0
1269,0, 250, False, 0
1270,0, 250, False, 0
1271,0, 250, False, 0
1272,0, 250, False, 0
1273,0, 250, False, 0
1274,0, 250, False, 0
1275,0, 250, False, 0
1276,0, 250, False, 0
1277,0, 250, False, 0
1278,0, 250, False, 0
1279,0, 250, False, 0
1280,0, 250, False, 0
1281,0, 250, False, 0
1282,0, 250, False, 0
1283,0, 250, False, 0
1284,0, 250, False, 0
1285,0, 250, False, 0
1286,0, 250, False, 0
1287,0, 250, False, 0
1288,0, 250, False, 0
1289,0, 250, False, 0
1290,0, 250, False, 0
1291,0, 250, False, 0
1292,0, 250, False, 0
1293,0, 250, False, 0
1294,0, 250, False, 0
1295,0, 250, False, 0
1296,0, 250, False, 0
1297,0, 250, False, 0
1298,0, 250, False, 0
1299,0, 250, False, 0
1300,0, 250, False, 0
1301,0, 250, False, 0
1302,0, 250, False, 0
1303,0, 250, False, 0
1304,0, 250, False, 0
1305,0, 250, False, 0
1306,0, 250, False, 0
1307,0, 250, False, 0
1308,0, 250, False, 0
1309,0, 250, False, 0
1310,0, 250, False, 0
1311,0, 250, False, 0
1312,0, 250, False, 0
1313,0, 250, False, 0
1314,0, 250, False, 0
1315,0, 250, False, 0
1316,0, 250, False, 0
1317,0, 250, False, 0
1318,0, 250, False, 0
1319,0, 250, False, 0
1320,0, 250, False, 0
1321,0, 250, False, 0
1322,0, 250, False, 0
1323,0, 250, False, 0
1324,0, 250, False, 0
1325,0, 250, False, 0
1326,0, 250, False, 0
1327,0, 250, False, 0
1328,0, 250, False, 0
1329,0, 250, False, 0
1330,0, 250, False, 0
1331,0, 250, False, 0
1332,0, 250, False, 0
1333,0, 250, False, 0
1334,0, 250, False, 0
1335,0, 250, False, 3
1336,0, 250, False, 3
1337,0, 250, False, 3
1338,0, 250, False, 3
1339,0, 250, False, 3
1340,0, 250, False, 3
1341,0, 250, False, 3
1342,0, 250, False, 3
1343,0, 250, False, 3
1344,0, 250, False, 3
1345,0, 250, False, 3
1346,0, 250, False, 3
1347,10, 260, False, 3
1348,0, 260, False, 3
1349,0, 260, False, 3
1350,0, 260, False, 3
1351,0, 260, False, 3
1352,0, 260, False, 3
1353,0, 260, False, 3
1354,0, 260, False, 3
1355,0, 260, False, 3
1356,0, 260, False, 3
1357,0, 260, False, 3
1358,0, 260, False, 3
1359,0, 260, False, 3
1360,0, 260, False, 3
1361,10, 270, False, 3
1362,0, 270, False, 3
1363,0, 270, False, 3
1364,0, 270, False, 3
1365,0, 270, False, 3
1366,0, 270, False, 3
1367,0, 270, False, 3
1368,0, 270, False, 3
1369,0, 270, False, 3
1370,0, 270, False, 3
1371,0, 270, False, 3
1372,0, 270, False, 3
1373,0, 270, False, 3
1374,0, 270, False, 3
1375,10, 280, False, 3
1376,0, 280, False, 3
1377,0, 280, False, 3
1378,0, 280, False, 3
1379,0, 280, False, 3
1380,0, 280, False, 3
1381,0, 280, False, 3
1382,0, 280, False, 3
1383,0, 280, False, 3
1384,0, 280, False, 3
1385,0, 280, False, 3
1386,0, 280, False, 3
1387,10, 290, False, 3
1388,0, 290, False, 3
1389,0, 290, False, 3
1390,0, 290, False, 0
1391,0, 290, False, 0
1392,0, 290, False, 0
1393,0, 290, False, 0
1394,0, 290, False, 0
1395,0, 290, False, 0
1396,0, 290, False, 0
1397,0, 290, False, 0
1398,0, 290, False, 0
1399,0, 290, False, 0
1400,0, 290, False, 0
1401,10, 300, False, 0
1402,0, 300, False, 0
1403,0, 300, False, 0
1404,0, 300, False, 0
1405,0, 300, False, 0
1406,0, 300, False, 0
1407,0, 300, False, 0
1408,0, 300, False, 0
1409,0, 300, False, 0
1410,0, 300, False, 0
1411,0, 300, False, 0
1412,0, 300, False, 0
1413,0, 300, False, 0
1414,0, 300, False, 0
1415,10, 310, False, 0
1416,0, 310, False, 0
1417,0, 310, False, 0
1418,0, 310, False, 0
1419,0, 310, False, 0
1420,0, 310, False, 0
1421,0, 310, False, 0
1422,0, 310, False, 0
1423,0, 310, False, 0
1424,0, 310, False, 0
1425,0, 310, False, 0
1426,0, 310, False, 0
1427,0, 310, False, 0
1428,0, 310, False, 0
1429,0, 310, False, 0
1430,0, 310, False, 0
1431,0, 310, False, 0
1432,0, 310, False, 0
1433,0, 310, False, 0
1434,0, 310, False, 0
1435,0, 310, False, 0
1436,0, 310, False, 0
1437,0, 310, False, 0
1438,0, 310, False, 0
1439,0, 310, False, 0
1440,0, 310, False, 0
1441,0, 310, False, 0
1442,0, 310, False, 0
1443,0, 310, False, 0
1444,0, 310, False, 0
1445,0, 310, False, 0
1446,0, 310, False, 0
1447,0, 310, False, 0
1448,0, 310, False, 0
1449,0, 310, False, 0
1450,0, 310, False, 5
1451,0, 310, False, 5
1452,0, 310, False, 5
1453,0, 310, False, 5
1454,0, 310, False, 5
1455,0, 310, False, 5
1456,0, 310, False, 5
1457,0, 310, False, 5
1458,0, 310, False, 5
1459,0, 310, False, 5
1460,0, 310, False, 5
1461,0, 310, False, 5
1462,0, 310, False, 5
1463,0, 310, False, 5
1464,0, 310, False, 5
1465,0, 310, False, 5
1466,0, 310, False, 5
1467,0, 310, False, 5
1468,0, 310, False, 5
1469,0, 310, False, 5
1470,0, 310, False, 5
1471,0, 310, False, 5
1472,0, 310, False, 5
1473,0, 310, False, 5
1474,0, 310, False, 5
1475,0, 310, False, 5
1476,0, 310, False, 5
1477,0, 310, False, 5
1478,0, 310, False, 5
1479,0, 310, False, 5
1480,0, 310, False, 5
1481,0, 310, False, 5
1482,0, 310, False, 5
1483,0, 310, False, 5
1484,0, 310, False, 5
1485,0, 310, False, 5
1486,0, 310, False, 5
1487,0, 310, False, 5
1488,0, 310, False, 5
1489,0, 310, False, 5
1490,0, 310, False, 5
1491,0, 310, False, 5
1492,0, 310, False, 5
1493,0, 310, False, 5
1494,0, 310, False, 5
1495,0, 310, False, 5
1496,0, 310, False, 5
1497,0, 310, False, 5
1498,0, 310, False, 5
1499,0, 310, False, 5
1500,0, 310, False, 5
1501,0, 310, False, 5
1502,0, 310, False, 5
1503,0, 310, False, 5
1504,0, 310, False, 5
1505,0, 310, False, 5
1506,0, 310, False, 5
1507,0, 310, False, 5
1508,0, 310, False, 5
1509,0, 310, False, 5
1510,0, 310, False, 5
1511,0, 310, False, 5
1512,0, 310, False, 5
1513,0, 310, False, 5
1514,0, 310, False, 5
1515,0, 310, False, 5
1516,0, 310, False, 5
1517,0, 310, False, 5
1518,0, 310, False, 5
1519,0, 310, False, 5
1520,0, 310, False, 5
1521,0, 310, False, 5
1522,0, 310, False, 5
1523,0, 310, True, 5
