db traj id : 42
frame,reward,score,terminal, action
0,0, 0, False, 0
1,0, 0, False, 0
2,0, 0, False, 0
3,0, 0, False, 0
4,0, 0, False, 0
5,0, 0, False, 0
6,0, 0, False, 0
7,0, 0, False, 0
8,0, 0, False, 0
9,0, 0, False, 0
10,0, 0, False, 0
11,0, 0, False, 0
12,0, 0, False, 0
13,0, 0, False, 0
14,0, 0, False, 0
15,0, 0, False, 0
16,0, 0, False, 0
17,0, 0, False, 0
18,0, 0, False, 0
19,0, 0, False, 0
20,0, 0, False, 0
21,0, 0, False, 0
22,0, 0, False, 0
23,0, 0, False, 0
24,0, 0, False, 0
25,0, 0, False, 0
26,0, 0, False, 0
27,0, 0, False, 0
28,0, 0, False, 0
29,0, 0, False, 0
30,0, 0, False, 0
31,0, 0, False, 0
32,0, 0, False, 0
33,0, 0, False, 0
34,0, 0, False, 0
35,0, 0, False, 0
36,0, 0, False, 0
37,0, 0, False, 0
38,0, 0, False, 0
39,0, 0, False, 0
40,0, 0, False, 0
41,0, 0, False, 0
42,0, 0, False, 0
43,0, 0, False, 0
44,0, 0, False, 0
45,0, 0, False, 0
46,0, 0, False, 0
47,0, 0, False, 0
48,0, 0, False, 0
49,0, 0, False, 0
50,0, 0, False, 0
51,0, 0, False, 0
52,0, 0, False, 0
53,0, 0, False, 0
54,0, 0, False, 0
55,0, 0, False, 0
56,0, 0, False, 0
57,0, 0, False, 0
58,0, 0, False, 0
59,0, 0, False, 0
60,0, 0, False, 0
61,0, 0, False, 0
62,0, 0, False, 0
63,0, 0, False, 0
64,0, 0, False, 0
65,0, 0, False, 0
66,0, 0, False, 0
67,0, 0, False, 0
68,0, 0, False, 0
69,0, 0, False, 0
70,0, 0, False, 0
71,0, 0, False, 0
72,0, 0, False, 0
73,0, 0, False, 0
74,0, 0, False, 0
75,0, 0, False, 0
76,0, 0, False, 0
77,0, 0, False, 4
78,0, 0, False, 4
79,0, 0, False, 4
80,0, 0, False, 4
81,0, 0, False, 4
82,0, 0, False, 4
83,0, 0, False, 4
84,0, 0, False, 4
85,0, 0, False, 4
86,0, 0, False, 4
87,0, 0, False, 4
88,0, 0, False, 4
89,0, 0, False, 4
90,0, 0, False, 4
91,0, 0, False, 4
92,0, 0, False, 4
93,0, 0, False, 4
94,0, 0, False, 4
95,0, 0, False, 4
96,0, 0, False, 4
97,0, 0, False, 4
98,0, 0, False, 4
99,0, 0, False, 4
100,0, 0, False, 4
101,0, 0, False, 4
102,0, 0, False, 4
103,0, 0, False, 4
104,0, 0, False, 4
105,0, 0, False, 4
106,0, 0, False, 4
107,0, 0, False, 4
108,0, 0, False, 4
109,0, 0, False, 4
110,0, 0, False, 4
111,0, 0, False, 4
112,0, 0, False, 4
113,0, 0, False, 4
114,0, 0, False, 4
115,0, 0, False, 4
116,0, 0, False, 4
117,0, 0, False, 4
118,0, 0, False, 4
119,0, 0, False, 4
120,0, 0, False, 4
121,0, 0, False, 4
122,0, 0, False, 4
123,0, 0, False, 4
124,0, 0, False, 4
125,0, 0, False, 4
126,0, 0, False, 4
127,0, 0, False, 4
128,0, 0, False, 4
129,0, 0, False, 4
130,0, 0, False, 4
131,0, 0, False, 4
132,0, 0, False, 4
133,0, 0, False, 4
134,0, 0, False, 4
135,0, 0, False, 4
136,0, 0, False, 4
137,0, 0, False, 4
138,0, 0, False, 4
139,0, 0, False, 4
140,0, 0, False, 4
141,0, 0, False, 4
142,0, 0, False, 4
143,0, 0, False, 4
144,0, 0, False, 4
145,0, 0, False, 4
146,0, 0, False, 4
147,0, 0, False, 4
148,0, 0, False, 4
149,0, 0, False, 4
150,0, 0, False, 4
151,0, 0, False, 4
152,0, 0, False, 4
153,0, 0, False, 4
154,0, 0, False, 4
155,0, 0, False, 4
156,0, 0, False, 4
157,0, 0, False, 4
158,0, 0, False, 4
159,0, 0, False, 4
160,0, 0, False, 4
161,0, 0, False, 4
162,0, 0, False, 4
163,0, 0, False, 4
164,0, 0, False, 4
165,0, 0, False, 4
166,0, 0, False, 4
167,0, 0, False, 4
168,0, 0, False, 4
169,0, 0, False, 4
170,0, 0, False, 4
171,0, 0, False, 4
172,0, 0, False, 4
173,0, 0, False, 4
174,0, 0, False, 4
175,0, 0, False, 4
176,0, 0, False, 4
177,0, 0, False, 4
178,0, 0, False, 4
179,0, 0, False, 4
180,0, 0, False, 4
181,0, 0, False, 4
182,0, 0, False, 4
183,0, 0, False, 4
184,0, 0, False, 4
185,0, 0, False, 4
186,0, 0, False, 4
187,0, 0, False, 4
188,0, 0, False, 4
189,0, 0, False, 4
190,0, 0, False, 4
191,0, 0, False, 4
192,0, 0, False, 4
193,0, 0, False, 4
194,0, 0, False, 4
195,0, 0, False, 4
196,0, 0, False, 4
197,0, 0, False, 4
198,0, 0, False, 4
199,0, 0, False, 4
200,0, 0, False, 4
201,0, 0, False, 4
202,0, 0, False, 4
203,0, 0, False, 4
204,0, 0, False, 4
205,0, 0, False, 4
206,0, 0, False, 4
207,0, 0, False, 4
208,0, 0, False, 4
209,0, 0, False, 4
210,0, 0, False, 4
211,0, 0, False, 4
212,0, 0, False, 4
213,0, 0, False, 4
214,0, 0, False, 4
215,0, 0, False, 4
216,0, 0, False, 4
217,0, 0, False, 4
218,0, 0, False, 4
219,0, 0, False, 4
220,0, 0, False, 4
221,0, 0, False, 4
222,0, 0, False, 4
223,0, 0, False, 4
224,0, 0, False, 4
225,0, 0, False, 4
226,0, 0, False, 4
227,0, 0, False, 4
228,0, 0, False, 4
229,0, 0, False, 4
230,0, 0, False, 4
231,0, 0, False, 4
232,0, 0, False, 4
233,0, 0, False, 4
234,0, 0, False, 4
235,0, 0, False, 4
236,0, 0, False, 4
237,0, 0, False, 4
238,0, 0, False, 4
239,0, 0, False, 4
240,0, 0, False, 4
241,0, 0, False, 4
242,0, 0, False, 4
243,0, 0, False, 4
244,0, 0, False, 4
245,0, 0, False, 4
246,0, 0, False, 4
247,0, 0, False, 4
248,0, 0, False, 4
249,0, 0, False, 4
250,0, 0, False, 4
251,0, 0, False, 4
252,0, 0, False, 4
253,0, 0, False, 4
254,0, 0, False, 4
255,0, 0, False, 4
256,0, 0, False, 4
257,0, 0, False, 4
258,0, 0, False, 4
259,0, 0, False, 4
260,0, 0, False, 4
261,0, 0, False, 4
262,0, 0, False, 4
263,0, 0, False, 4
264,0, 0, False, 4
265,0, 0, False, 4
266,0, 0, False, 4
267,0, 0, False, 4
268,0, 0, False, 4
269,0, 0, False, 4
270,0, 0, False, 4
271,0, 0, False, 4
272,0, 0, False, 4
273,0, 0, False, 4
274,0, 0, False, 4
275,0, 0, False, 4
276,0, 0, False, 4
277,0, 0, False, 4
278,0, 0, False, 4
279,10, 10, False, 4
280,0, 10, False, 4
281,0, 10, False, 4
282,0, 10, False, 4
283,0, 10, False, 4
284,0, 10, False, 4
285,0, 10, False, 4
286,0, 10, False, 4
287,0, 10, False, 4
288,0, 10, False, 4
289,0, 10, False, 4
290,0, 10, False, 4
291,0, 10, False, 4
292,0, 10, False, 4
293,10, 20, False, 4
294,0, 20, False, 4
295,0, 20, False, 4
296,0, 20, False, 4
297,0, 20, False, 4
298,0, 20, False, 4
299,0, 20, False, 4
300,0, 20, False, 0
301,0, 20, False, 0
302,0, 20, False, 0
303,0, 20, False, 0
304,0, 20, False, 0
305,0, 20, False, 0
306,0, 20, False, 0
307,10, 30, False, 0
308,0, 30, False, 0
309,0, 30, False, 0
310,0, 30, False, 0
311,0, 30, False, 0
312,0, 30, False, 0
313,0, 30, False, 0
314,0, 30, False, 0
315,0, 30, False, 0
316,0, 30, False, 0
317,0, 30, False, 0
318,0, 30, False, 0
319,10, 40, False, 0
320,0, 40, False, 0
321,0, 40, False, 0
322,0, 40, False, 0
323,0, 40, False, 0
324,0, 40, False, 0
325,0, 40, False, 0
326,0, 40, False, 0
327,0, 40, False, 0
328,0, 40, False, 0
329,0, 40, False, 0
330,0, 40, False, 0
331,0, 40, False, 0
332,0, 40, False, 0
333,10, 50, False, 0
334,0, 50, False, 0
335,0, 50, False, 0
336,0, 50, False, 0
337,0, 50, False, 0
338,0, 50, False, 0
339,0, 50, False, 0
340,0, 50, False, 0
341,0, 50, False, 0
342,0, 50, False, 0
343,0, 50, False, 0
344,0, 50, False, 0
345,0, 50, False, 0
346,0, 50, False, 0
347,10, 60, False, 0
348,0, 60, False, 0
349,0, 60, False, 0
350,0, 60, False, 0
351,0, 60, False, 0
352,0, 60, False, 0
353,0, 60, False, 0
354,0, 60, False, 0
355,0, 60, False, 0
356,0, 60, False, 0
357,0, 60, False, 0
358,0, 60, False, 0
359,0, 60, False, 0
360,0, 60, False, 0
361,0, 60, False, 0
362,0, 60, False, 0
363,0, 60, False, 0
364,0, 60, False, 0
365,0, 60, False, 0
366,0, 60, False, 0
367,0, 60, False, 0
368,0, 60, False, 0
369,0, 60, False, 0
370,0, 60, False, 0
371,0, 60, False, 0
372,0, 60, False, 0
373,0, 60, False, 0
374,0, 60, False, 0
375,0, 60, False, 0
376,0, 60, False, 0
377,0, 60, False, 0
378,0, 60, False, 0
379,0, 60, False, 0
380,0, 60, False, 0
381,0, 60, False, 0
382,0, 60, False, 0
383,0, 60, False, 0
384,0, 60, False, 0
385,0, 60, False, 0
386,0, 60, False, 0
387,0, 60, False, 0
388,0, 60, False, 0
389,0, 60, False, 0
390,0, 60, False, 0
391,0, 60, False, 0
392,0, 60, False, 0
393,0, 60, False, 0
394,0, 60, False, 0
395,0, 60, False, 0
396,0, 60, False, 0
397,0, 60, False, 0
398,0, 60, False, 0
399,0, 60, False, 0
400,0, 60, False, 0
401,0, 60, False, 0
402,0, 60, False, 0
403,0, 60, False, 0
404,0, 60, False, 0
405,0, 60, False, 0
406,0, 60, False, 0
407,0, 60, False, 0
408,0, 60, False, 0
409,0, 60, False, 0
410,0, 60, False, 0
411,0, 60, False, 0
412,0, 60, False, 0
413,0, 60, False, 0
414,0, 60, False, 0
415,0, 60, False, 0
416,0, 60, False, 0
417,0, 60, False, 0
418,0, 60, False, 0
419,0, 60, False, 0
420,0, 60, False, 0
421,0, 60, False, 0
422,0, 60, False, 0
423,0, 60, False, 0
424,0, 60, False, 0
425,0, 60, False, 0
426,0, 60, False, 0
427,0, 60, False, 0
428,0, 60, False, 0
429,0, 60, False, 0
430,0, 60, False, 0
431,0, 60, False, 0
432,0, 60, False, 0
433,0, 60, False, 0
434,0, 60, False, 0
435,0, 60, False, 0
436,0, 60, False, 0
437,0, 60, False, 0
438,0, 60, False, 0
439,0, 60, False, 0
440,0, 60, False, 0
441,0, 60, False, 0
442,0, 60, False, 0
443,0, 60, False, 0
444,0, 60, False, 0
445,0, 60, False, 0
446,0, 60, False, 0
447,0, 60, False, 0
448,0, 60, False, 0
449,0, 60, False, 0
450,0, 60, False, 0
451,0, 60, False, 0
452,0, 60, False, 0
453,0, 60, False, 0
454,0, 60, False, 0
455,0, 60, False, 0
456,0, 60, False, 0
457,0, 60, False, 0
458,0, 60, False, 0
459,0, 60, False, 0
460,0, 60, False, 0
461,0, 60, False, 0
462,0, 60, False, 0
463,0, 60, False, 0
464,0, 60, False, 0
465,0, 60, False, 0
466,0, 60, False, 0
467,0, 60, False, 0
468,0, 60, False, 0
469,0, 60, False, 0
470,0, 60, False, 0
471,0, 60, False, 0
472,0, 60, False, 0
473,0, 60, False, 0
474,0, 60, False, 0
475,0, 60, False, 0
476,0, 60, False, 0
477,0, 60, False, 0
478,0, 60, False, 0
479,0, 60, False, 0
480,0, 60, False, 0
481,0, 60, False, 0
482,0, 60, False, 0
483,0, 60, False, 0
484,0, 60, False, 0
485,0, 60, False, 0
486,0, 60, False, 0
487,0, 60, False, 0
488,0, 60, False, 0
489,0, 60, False, 0
490,0, 60, False, 0
491,0, 60, False, 0
492,0, 60, False, 0
493,0, 60, False, 0
494,0, 60, False, 0
495,0, 60, False, 0
496,0, 60, False, 0
497,0, 60, False, 0
498,0, 60, False, 0
499,0, 60, False, 0
500,0, 60, False, 0
501,0, 60, False, 0
502,0, 60, False, 0
503,0, 60, False, 0
504,0, 60, False, 0
505,0, 60, False, 0
506,0, 60, False, 0
507,0, 60, False, 0
508,0, 60, False, 0
509,0, 60, False, 0
510,0, 60, False, 0
511,0, 60, False, 0
512,0, 60, False, 0
513,0, 60, False, 0
514,0, 60, False, 0
515,0, 60, False, 0
516,0, 60, False, 0
517,0, 60, False, 0
518,0, 60, False, 0
519,0, 60, False, 0
520,0, 60, False, 0
521,0, 60, False, 0
522,0, 60, False, 0
523,0, 60, False, 0
524,0, 60, False, 0
525,0, 60, False, 0
526,0, 60, False, 0
527,0, 60, False, 0
528,0, 60, False, 0
529,0, 60, False, 0
530,0, 60, False, 0
531,0, 60, False, 0
532,0, 60, False, 0
533,0, 60, False, 0
534,0, 60, False, 0
535,0, 60, False, 0
536,0, 60, False, 0
537,0, 60, False, 0
538,0, 60, False, 0
539,0, 60, False, 0
540,0, 60, False, 0
541,0, 60, False, 0
542,0, 60, False, 0
543,0, 60, False, 0
544,0, 60, False, 0
545,0, 60, False, 0
546,0, 60, False, 0
547,0, 60, False, 0
548,0, 60, False, 0
549,0, 60, False, 0
550,0, 60, False, 0
551,0, 60, False, 0
552,0, 60, False, 0
553,0, 60, False, 0
554,0, 60, False, 0
555,0, 60, False, 0
556,0, 60, False, 0
557,0, 60, False, 0
558,0, 60, False, 5
559,0, 60, False, 5
560,0, 60, False, 5
561,0, 60, False, 5
562,0, 60, False, 5
563,0, 60, False, 5
564,0, 60, False, 5
565,10, 70, False, 5
566,0, 70, False, 5
567,0, 70, False, 5
568,0, 70, False, 5
569,0, 70, False, 5
570,0, 70, False, 5
571,0, 70, False, 5
572,0, 70, False, 5
573,0, 70, False, 5
574,0, 70, False, 5
575,0, 70, False, 5
576,0, 70, False, 5
577,0, 70, False, 5
578,0, 70, False, 5
579,10, 80, False, 5
580,0, 80, False, 0
581,0, 80, False, 0
582,0, 80, False, 0
583,0, 80, False, 0
584,0, 80, False, 0
585,0, 80, False, 0
586,0, 80, False, 0
587,0, 80, False, 0
588,0, 80, False, 0
589,0, 80, False, 0
590,0, 80, False, 0
591,0, 80, False, 0
592,0, 80, False, 0
593,10, 90, False, 0
594,0, 90, False, 0
595,0, 90, False, 0
596,0, 90, False, 0
597,0, 90, False, 0
598,0, 90, False, 0
599,0, 90, False, 0
600,0, 90, False, 0
601,0, 90, False, 0
602,0, 90, False, 0
603,0, 90, False, 0
604,0, 90, False, 0
605,0, 90, False, 0
606,0, 90, False, 0
607,10, 100, False, 0
608,0, 100, False, 0
609,0, 100, False, 0
610,0, 100, False, 0
611,0, 100, False, 0
612,0, 100, False, 0
613,0, 100, False, 0
614,0, 100, False, 0
615,0, 100, False, 0
616,0, 100, False, 0
617,0, 100, False, 0
618,0, 100, False, 0
619,0, 100, False, 0
620,0, 100, False, 0
621,10, 110, False, 0
622,0, 110, False, 0
623,0, 110, False, 0
624,0, 110, False, 0
625,0, 110, False, 0
626,0, 110, False, 0
627,0, 110, False, 0
628,0, 110, False, 0
629,0, 110, False, 0
630,0, 110, False, 0
631,0, 110, False, 0
632,0, 110, False, 0
633,0, 110, False, 0
634,0, 110, False, 0
635,0, 110, False, 0
636,0, 110, False, 0
637,0, 110, False, 0
638,0, 110, False, 0
639,0, 110, False, 0
640,0, 110, False, 0
641,0, 110, False, 0
642,0, 110, False, 0
643,0, 110, False, 0
644,0, 110, False, 0
645,0, 110, False, 0
646,0, 110, False, 0
647,0, 110, False, 0
648,0, 110, False, 0
649,0, 110, False, 0
650,0, 110, False, 0
651,0, 110, False, 0
652,0, 110, False, 0
653,0, 110, False, 0
654,0, 110, False, 0
655,0, 110, False, 0
656,0, 110, False, 0
657,0, 110, False, 0
658,0, 110, False, 0
659,0, 110, False, 0
660,0, 110, False, 0
661,0, 110, False, 0
662,0, 110, False, 0
663,0, 110, False, 0
664,0, 110, False, 0
665,0, 110, False, 0
666,0, 110, False, 0
667,0, 110, False, 0
668,0, 110, False, 0
669,0, 110, False, 0
670,0, 110, False, 0
671,0, 110, False, 0
672,0, 110, False, 0
673,0, 110, False, 0
674,0, 110, False, 0
675,0, 110, False, 0
676,0, 110, False, 0
677,0, 110, False, 0
678,0, 110, False, 0
679,0, 110, False, 0
680,0, 110, False, 0
681,0, 110, False, 0
682,0, 110, False, 0
683,0, 110, False, 0
684,0, 110, False, 0
685,0, 110, False, 0
686,0, 110, False, 0
687,0, 110, False, 0
688,0, 110, False, 0
689,0, 110, False, 0
690,0, 110, False, 0
691,0, 110, False, 0
692,0, 110, False, 0
693,0, 110, False, 0
694,0, 110, False, 0
695,0, 110, False, 0
696,0, 110, False, 0
697,0, 110, False, 0
698,0, 110, False, 0
699,0, 110, False, 0
700,0, 110, False, 0
701,0, 110, False, 0
702,0, 110, False, 0
703,0, 110, False, 0
704,0, 110, False, 0
705,0, 110, False, 0
706,0, 110, False, 0
707,0, 110, False, 0
708,0, 110, False, 0
709,0, 110, False, 0
710,0, 110, False, 0
711,0, 110, False, 0
712,0, 110, False, 0
713,0, 110, False, 0
714,0, 110, False, 0
715,0, 110, False, 0
716,0, 110, False, 0
717,0, 110, False, 0
718,0, 110, False, 0
719,0, 110, False, 0
720,0, 110, False, 0
721,0, 110, False, 0
722,0, 110, False, 0
723,0, 110, False, 0
724,0, 110, False, 0
725,0, 110, False, 0
726,0, 110, False, 0
727,0, 110, False, 0
728,0, 110, False, 0
729,0, 110, False, 0
730,0, 110, False, 0
731,0, 110, False, 0
732,0, 110, False, 0
733,0, 110, False, 0
734,0, 110, False, 0
735,0, 110, False, 0
736,0, 110, False, 0
737,0, 110, False, 0
738,0, 110, False, 0
739,0, 110, False, 0
740,0, 110, False, 0
741,0, 110, False, 0
742,0, 110, False, 0
743,0, 110, False, 0
744,0, 110, False, 0
745,0, 110, False, 0
746,0, 110, False, 0
747,0, 110, False, 0
748,0, 110, False, 0
749,0, 110, False, 0
750,0, 110, False, 0
751,0, 110, False, 0
752,0, 110, False, 0
753,0, 110, False, 0
754,0, 110, False, 0
755,0, 110, False, 0
756,0, 110, False, 0
757,0, 110, False, 0
758,0, 110, False, 0
759,0, 110, False, 0
760,0, 110, False, 0
761,0, 110, False, 0
762,0, 110, False, 0
763,0, 110, False, 0
764,0, 110, False, 0
765,0, 110, False, 0
766,0, 110, False, 0
767,0, 110, False, 0
768,0, 110, False, 0
769,0, 110, False, 0
770,0, 110, False, 0
771,0, 110, False, 0
772,0, 110, False, 0
773,0, 110, False, 0
774,0, 110, False, 0
775,0, 110, False, 0
776,0, 110, False, 0
777,0, 110, False, 0
778,0, 110, False, 0
779,0, 110, False, 0
780,0, 110, False, 0
781,0, 110, False, 0
782,0, 110, False, 0
783,0, 110, False, 0
784,0, 110, False, 0
785,0, 110, False, 0
786,0, 110, False, 0
787,0, 110, False, 0
788,0, 110, False, 0
789,0, 110, False, 0
790,0, 110, False, 0
791,0, 110, False, 0
792,0, 110, False, 0
793,0, 110, False, 0
794,0, 110, False, 0
795,0, 110, False, 0
796,0, 110, False, 0
797,0, 110, False, 0
798,0, 110, False, 0
799,0, 110, False, 0
800,0, 110, False, 0
801,0, 110, False, 0
802,0, 110, False, 0
803,0, 110, False, 0
804,0, 110, False, 0
805,0, 110, False, 0
806,0, 110, False, 0
807,0, 110, False, 0
808,0, 110, False, 0
809,0, 110, False, 0
810,0, 110, False, 0
811,0, 110, False, 0
812,0, 110, False, 0
813,0, 110, False, 0
814,0, 110, False, 0
815,0, 110, False, 0
816,0, 110, False, 0
817,0, 110, False, 0
818,0, 110, False, 0
819,0, 110, False, 0
820,0, 110, False, 0
821,0, 110, False, 0
822,0, 110, False, 0
823,0, 110, False, 0
824,0, 110, False, 0
825,0, 110, False, 0
826,0, 110, False, 0
827,0, 110, False, 0
828,0, 110, False, 0
829,0, 110, False, 0
830,0, 110, False, 0
831,0, 110, False, 0
832,0, 110, False, 4
833,0, 110, False, 4
834,0, 110, False, 4
835,0, 110, False, 4
836,0, 110, False, 4
837,0, 110, False, 4
838,0, 110, False, 4
839,0, 110, False, 4
840,0, 110, False, 4
841,0, 110, False, 4
842,0, 110, False, 4
843,0, 110, False, 4
844,0, 110, False, 4
845,0, 110, False, 4
846,0, 110, False, 4
847,0, 110, False, 4
848,0, 110, False, 4
849,0, 110, False, 4
850,0, 110, False, 4
851,0, 110, False, 4
852,0, 110, False, 4
853,0, 110, False, 4
854,0, 110, False, 4
855,0, 110, False, 4
856,0, 110, False, 4
857,0, 110, False, 4
858,0, 110, False, 4
859,0, 110, False, 4
860,0, 110, False, 4
861,0, 110, False, 0
862,0, 110, False, 0
863,0, 110, False, 0
864,0, 110, False, 0
865,0, 110, False, 0
866,0, 110, False, 0
867,0, 110, False, 0
868,0, 110, False, 0
869,0, 110, False, 0
870,0, 110, False, 0
871,0, 110, False, 0
872,0, 110, False, 0
873,0, 110, False, 0
874,0, 110, False, 0
875,0, 110, False, 0
876,0, 110, False, 0
877,0, 110, False, 0
878,0, 110, False, 0
879,0, 110, False, 0
880,0, 110, False, 0
881,0, 110, False, 0
882,0, 110, False, 0
883,0, 110, False, 0
884,0, 110, False, 0
885,0, 110, False, 0
886,0, 110, False, 0
887,0, 110, False, 0
888,0, 110, False, 0
889,0, 110, False, 0
890,0, 110, False, 0
891,0, 110, False, 0
892,0, 110, False, 0
893,0, 110, False, 0
894,0, 110, False, 0
895,0, 110, False, 0
896,0, 110, False, 0
897,0, 110, False, 0
898,0, 110, False, 0
899,0, 110, False, 0
900,0, 110, False, 0
901,0, 110, False, 0
902,0, 110, False, 0
903,0, 110, False, 0
904,0, 110, False, 0
905,0, 110, False, 0
906,0, 110, False, 0
907,0, 110, False, 0
908,0, 110, False, 0
909,0, 110, False, 0
910,0, 110, False, 0
911,0, 110, False, 0
912,0, 110, False, 0
913,0, 110, False, 0
914,0, 110, False, 0
915,0, 110, False, 0
916,0, 110, False, 0
917,0, 110, False, 0
918,0, 110, False, 0
919,0, 110, False, 0
920,0, 110, False, 0
921,0, 110, False, 0
922,0, 110, False, 0
923,0, 110, False, 0
924,0, 110, False, 0
925,0, 110, False, 0
926,0, 110, False, 0
927,0, 110, False, 0
928,0, 110, False, 0
929,0, 110, False, 0
930,0, 110, False, 0
931,0, 110, False, 0
932,0, 110, False, 0
933,0, 110, False, 0
934,0, 110, False, 0
935,0, 110, False, 0
936,0, 110, False, 0
937,0, 110, False, 0
938,0, 110, False, 3
939,0, 110, False, 3
940,0, 110, False, 3
941,0, 110, False, 3
942,0, 110, False, 3
943,0, 110, False, 3
944,0, 110, False, 3
945,0, 110, False, 3
946,0, 110, False, 3
947,0, 110, False, 3
948,0, 110, False, 3
949,0, 110, False, 3
950,0, 110, False, 3
951,0, 110, False, 3
952,0, 110, False, 3
953,0, 110, False, 3
954,0, 110, False, 3
955,0, 110, False, 3
956,0, 110, False, 3
957,0, 110, False, 3
958,0, 110, False, 3
959,0, 110, False, 3
960,0, 110, False, 3
961,0, 110, False, 3
962,0, 110, False, 3
963,0, 110, False, 3
964,0, 110, False, 3
965,0, 110, False, 3
966,0, 110, False, 3
967,0, 110, False, 3
968,0, 110, False, 3
969,0, 110, False, 3
970,0, 110, False, 3
971,0, 110, False, 3
972,0, 110, False, 3
973,0, 110, False, 3
974,0, 110, False, 3
975,0, 110, False, 3
976,0, 110, False, 3
977,0, 110, False, 3
978,0, 110, False, 3
979,0, 110, False, 3
980,0, 110, False, 3
981,0, 110, False, 3
982,0, 110, False, 3
983,0, 110, False, 3
984,0, 110, False, 3
985,0, 110, False, 3
986,0, 110, False, 3
987,0, 110, False, 3
988,0, 110, False, 3
989,0, 110, False, 3
990,0, 110, False, 3
991,0, 110, False, 3
992,0, 110, False, 3
993,0, 110, False, 3
994,0, 110, False, 3
995,0, 110, False, 3
996,0, 110, False, 3
997,0, 110, False, 3
998,0, 110, False, 3
999,0, 110, False, 3
1000,0, 110, False, 3
1001,0, 110, False, 3
1002,0, 110, False, 3
1003,10, 120, False, 3
1004,0, 120, False, 3
1005,0, 120, False, 3
1006,0, 120, False, 3
1007,0, 120, False, 3
1008,0, 120, False, 3
1009,0, 120, False, 3
1010,0, 120, False, 3
1011,0, 120, False, 3
1012,0, 120, False, 3
1013,0, 120, False, 3
1014,0, 120, False, 3
1015,0, 120, False, 3
1016,0, 120, False, 3
1017,10, 130, False, 3
1018,0, 130, False, 3
1019,0, 130, False, 3
1020,0, 130, False, 3
1021,0, 130, False, 3
1022,0, 130, False, 3
1023,0, 130, False, 3
1024,0, 130, False, 3
1025,0, 130, False, 3
1026,0, 130, False, 3
1027,0, 130, False, 3
1028,0, 130, False, 3
1029,0, 130, False, 3
1030,0, 130, False, 3
1031,10, 140, False, 3
1032,0, 140, False, 3
1033,0, 140, False, 3
1034,0, 140, False, 3
1035,0, 140, False, 3
1036,0, 140, False, 3
1037,0, 140, False, 3
1038,0, 140, False, 3
1039,0, 140, False, 3
1040,0, 140, False, 3
1041,0, 140, False, 3
1042,0, 140, False, 3
1043,10, 150, False, 3
1044,0, 150, False, 3
1045,0, 150, False, 3
1046,0, 150, False, 3
1047,0, 150, False, 3
1048,0, 150, False, 3
1049,0, 150, False, 3
1050,0, 150, False, 3
1051,0, 150, False, 3
1052,0, 150, False, 3
1053,0, 150, False, 3
1054,0, 150, False, 3
1055,0, 150, False, 3
1056,0, 150, False, 3
1057,10, 160, False, 3
1058,0, 160, False, 3
1059,0, 160, False, 3
1060,0, 160, False, 3
1061,0, 160, False, 3
1062,0, 160, False, 3
1063,0, 160, False, 3
1064,0, 160, False, 0
1065,0, 160, False, 0
1066,0, 160, False, 0
1067,0, 160, False, 0
1068,0, 160, False, 0
1069,0, 160, False, 0
1070,0, 160, False, 0
1071,10, 170, False, 0
1072,0, 170, False, 0
1073,0, 170, False, 0
1074,0, 170, False, 0
1075,0, 170, False, 0
1076,0, 170, False, 0
1077,0, 170, False, 0
1078,0, 170, False, 0
1079,0, 170, False, 0
1080,0, 170, False, 0
1081,0, 170, False, 0
1082,0, 170, False, 0
1083,0, 170, False, 0
1084,0, 170, False, 0
1085,0, 170, False, 0
1086,0, 170, False, 0
1087,0, 170, False, 0
1088,0, 170, False, 0
1089,0, 170, False, 0
1090,0, 170, False, 0
1091,0, 170, False, 0
1092,0, 170, False, 0
1093,0, 170, False, 0
1094,0, 170, False, 0
1095,0, 170, False, 0
1096,0, 170, False, 0
1097,0, 170, False, 0
1098,0, 170, False, 0
1099,0, 170, False, 0
1100,0, 170, False, 0
1101,0, 170, False, 0
1102,0, 170, False, 0
1103,0, 170, False, 0
1104,0, 170, False, 0
1105,0, 170, False, 0
1106,0, 170, False, 0
1107,0, 170, False, 0
1108,0, 170, False, 0
1109,0, 170, False, 0
1110,0, 170, False, 0
1111,0, 170, False, 0
1112,0, 170, False, 0
1113,0, 170, False, 0
1114,0, 170, False, 0
1115,0, 170, False, 0
1116,0, 170, False, 0
1117,0, 170, False, 0
1118,0, 170, False, 0
1119,0, 170, False, 0
1120,0, 170, False, 0
1121,0, 170, False, 0
1122,0, 170, False, 0
1123,0, 170, False, 0
1124,0, 170, False, 0
1125,0, 170, False, 0
1126,0, 170, False, 0
1127,0, 170, False, 0
1128,0, 170, False, 0
1129,0, 170, False, 0
1130,0, 170, False, 0
1131,0, 170, False, 0
1132,0, 170, False, 0
1133,0, 170, False, 0
1134,0, 170, False, 0
1135,0, 170, False, 0
1136,0, 170, False, 0
1137,0, 170, False, 0
1138,0, 170, False, 0
1139,0, 170, False, 0
1140,0, 170, False, 0
1141,0, 170, False, 0
1142,0, 170, False, 0
1143,0, 170, False, 0
1144,0, 170, False, 0
1145,0, 170, False, 0
1146,0, 170, False, 0
1147,0, 170, False, 0
1148,0, 170, False, 0
1149,0, 170, False, 0
1150,0, 170, False, 0
1151,0, 170, False, 0
1152,0, 170, False, 0
1153,0, 170, False, 0
1154,0, 170, False, 0
1155,0, 170, False, 0
1156,0, 170, False, 0
1157,0, 170, False, 0
1158,0, 170, False, 0
1159,0, 170, False, 0
1160,0, 170, False, 0
1161,0, 170, False, 0
1162,0, 170, False, 0
1163,0, 170, False, 0
1164,0, 170, False, 0
1165,0, 170, False, 0
1166,0, 170, False, 0
1167,0, 170, False, 0
1168,0, 170, False, 0
1169,0, 170, False, 0
1170,0, 170, False, 0
1171,0, 170, False, 0
1172,0, 170, False, 0
1173,0, 170, False, 0
1174,0, 170, False, 0
1175,0, 170, False, 0
1176,0, 170, False, 0
1177,0, 170, False, 0
1178,0, 170, False, 0
1179,0, 170, False, 0
1180,0, 170, False, 0
1181,0, 170, False, 0
1182,0, 170, False, 0
1183,0, 170, False, 0
1184,0, 170, False, 0
1185,0, 170, False, 0
1186,0, 170, False, 0
1187,0, 170, False, 0
1188,0, 170, False, 0
1189,0, 170, False, 0
1190,0, 170, False, 0
1191,0, 170, False, 0
1192,0, 170, False, 0
1193,0, 170, False, 0
1194,0, 170, False, 0
1195,0, 170, False, 0
1196,0, 170, False, 0
1197,0, 170, False, 0
1198,0, 170, False, 0
1199,0, 170, False, 0
1200,0, 170, False, 0
1201,0, 170, False, 0
1202,0, 170, False, 0
1203,0, 170, False, 0
1204,0, 170, False, 0
1205,0, 170, False, 0
1206,0, 170, False, 0
1207,0, 170, False, 0
1208,0, 170, False, 0
1209,0, 170, False, 0
1210,0, 170, False, 0
1211,0, 170, False, 0
1212,0, 170, False, 0
1213,0, 170, False, 0
1214,0, 170, False, 0
1215,0, 170, False, 0
1216,0, 170, False, 0
1217,0, 170, False, 0
1218,0, 170, False, 0
1219,0, 170, False, 0
1220,0, 170, False, 0
1221,0, 170, False, 0
1222,0, 170, False, 0
1223,0, 170, False, 0
1224,0, 170, False, 0
1225,0, 170, False, 0
1226,0, 170, False, 0
1227,0, 170, False, 0
1228,0, 170, False, 0
1229,0, 170, False, 0
1230,0, 170, False, 0
1231,0, 170, False, 0
1232,0, 170, False, 0
1233,0, 170, False, 0
1234,0, 170, False, 0
1235,0, 170, False, 0
1236,0, 170, False, 0
1237,0, 170, False, 0
1238,0, 170, False, 0
1239,0, 170, False, 0
1240,0, 170, False, 0
1241,0, 170, False, 0
1242,0, 170, False, 0
1243,0, 170, False, 5
1244,0, 170, False, 5
1245,0, 170, False, 5
1246,0, 170, False, 5
1247,0, 170, False, 5
1248,0, 170, False, 5
1249,0, 170, False, 5
1250,0, 170, False, 5
1251,10, 180, False, 5
1252,0, 180, False, 5
1253,0, 180, False, 5
1254,0, 180, False, 5
1255,0, 180, False, 5
1256,0, 180, False, 5
1257,0, 180, False, 5
1258,0, 180, False, 5
1259,0, 180, False, 5
1260,0, 180, False, 5
1261,0, 180, False, 5
1262,0, 180, False, 5
1263,0, 180, False, 5
1264,0, 180, False, 5
1265,0, 180, False, 5
1266,0, 180, False, 5
1267,0, 180, False, 5
1268,0, 180, False, 5
1269,0, 180, False, 5
1270,0, 180, False, 5
1271,0, 180, False, 5
1272,0, 180, False, 5
1273,0, 180, False, 0
1274,0, 180, False, 0
1275,0, 180, False, 0
1276,0, 180, False, 0
1277,0, 180, False, 0
1278,0, 180, False, 0
1279,0, 180, False, 0
1280,0, 180, False, 0
1281,0, 180, False, 0
1282,0, 180, False, 0
1283,0, 180, False, 0
1284,0, 180, False, 0
1285,0, 180, False, 0
1286,0, 180, False, 0
1287,0, 180, False, 0
1288,0, 180, False, 0
1289,0, 180, False, 0
1290,0, 180, False, 0
1291,0, 180, False, 0
1292,0, 180, False, 0
1293,0, 180, False, 0
1294,0, 180, False, 0
1295,0, 180, False, 0
1296,0, 180, False, 0
1297,0, 180, False, 0
1298,0, 180, False, 0
1299,0, 180, False, 0
1300,0, 180, False, 0
1301,0, 180, False, 0
1302,0, 180, False, 0
1303,0, 180, False, 0
1304,0, 180, False, 0
1305,0, 180, False, 0
1306,0, 180, False, 0
1307,0, 180, False, 0
1308,0, 180, False, 0
1309,0, 180, False, 0
1310,0, 180, False, 0
1311,0, 180, False, 0
1312,0, 180, False, 0
1313,0, 180, False, 5
1314,0, 180, False, 5
1315,0, 180, False, 5
1316,0, 180, False, 5
1317,0, 180, False, 5
1318,0, 180, False, 5
1319,0, 180, False, 5
1320,0, 180, False, 5
1321,0, 180, False, 5
1322,0, 180, False, 5
1323,0, 180, False, 5
1324,0, 180, False, 5
1325,0, 180, False, 5
1326,0, 180, False, 5
1327,0, 180, False, 5
1328,0, 180, False, 5
1329,0, 180, False, 5
1330,0, 180, False, 5
1331,0, 180, False, 5
1332,0, 180, False, 5
1333,0, 180, False, 5
1334,0, 180, False, 5
1335,0, 180, False, 5
1336,0, 180, False, 5
1337,0, 180, False, 5
1338,0, 180, False, 5
1339,0, 180, False, 5
1340,0, 180, False, 5
1341,0, 180, False, 5
1342,0, 180, False, 5
1343,0, 180, False, 5
1344,0, 180, False, 5
1345,0, 180, False, 5
1346,0, 180, False, 5
1347,0, 180, False, 5
1348,0, 180, False, 5
1349,0, 180, False, 5
1350,0, 180, False, 5
1351,0, 180, False, 5
1352,0, 180, False, 5
1353,0, 180, False, 5
1354,0, 180, False, 5
1355,0, 180, False, 5
1356,0, 180, False, 5
1357,0, 180, False, 5
1358,0, 180, False, 5
1359,0, 180, False, 5
1360,0, 180, False, 5
1361,0, 180, False, 5
1362,0, 180, False, 5
1363,0, 180, False, 5
1364,0, 180, False, 5
1365,0, 180, False, 5
1366,0, 180, False, 5
1367,0, 180, False, 5
1368,0, 180, False, 5
1369,0, 180, False, 5
1370,0, 180, False, 5
1371,0, 180, False, 5
1372,0, 180, False, 5
1373,0, 180, False, 5
1374,0, 180, False, 5
1375,0, 180, False, 5
1376,0, 180, False, 5
1377,0, 180, False, 5
1378,0, 180, False, 5
1379,0, 180, False, 5
1380,0, 180, False, 5
1381,0, 180, False, 5
1382,0, 180, False, 5
1383,0, 180, False, 5
1384,0, 180, False, 5
1385,0, 180, False, 5
1386,0, 180, False, 5
1387,0, 180, False, 5
1388,0, 180, False, 5
1389,0, 180, False, 5
1390,0, 180, False, 5
1391,0, 180, False, 5
1392,0, 180, False, 5
1393,0, 180, False, 5
1394,0, 180, False, 5
1395,0, 180, False, 5
1396,0, 180, False, 5
1397,0, 180, False, 5
1398,0, 180, False, 5
1399,0, 180, False, 5
1400,0, 180, False, 5
1401,0, 180, False, 5
1402,0, 180, False, 5
1403,0, 180, False, 5
1404,0, 180, False, 5
1405,0, 180, False, 5
1406,0, 180, False, 5
1407,0, 180, False, 5
1408,0, 180, False, 5
1409,0, 180, False, 5
1410,0, 180, False, 5
1411,0, 180, False, 5
1412,0, 180, False, 5
1413,0, 180, False, 5
1414,0, 180, False, 5
1415,0, 180, False, 5
1416,0, 180, False, 5
1417,0, 180, False, 5
1418,0, 180, False, 5
1419,0, 180, False, 5
1420,0, 180, False, 5
1421,0, 180, False, 5
1422,0, 180, False, 5
1423,0, 180, False, 5
1424,0, 180, False, 5
1425,0, 180, False, 5
1426,0, 180, False, 5
1427,0, 180, False, 4
1428,0, 180, False, 4
1429,0, 180, False, 4
1430,0, 180, False, 4
1431,0, 180, False, 4
1432,0, 180, False, 4
1433,0, 180, False, 4
1434,0, 180, False, 4
1435,0, 180, False, 4
1436,0, 180, False, 4
1437,0, 180, False, 4
1438,0, 180, False, 4
1439,0, 180, False, 4
1440,0, 180, False, 4
1441,0, 180, False, 4
1442,0, 180, False, 4
1443,0, 180, False, 4
1444,0, 180, False, 4
1445,0, 180, False, 4
1446,0, 180, False, 4
1447,0, 180, False, 4
1448,0, 180, False, 4
1449,0, 180, False, 4
1450,0, 180, False, 4
1451,0, 180, False, 4
1452,0, 180, False, 4
1453,0, 180, False, 4
1454,0, 180, False, 4
1455,0, 180, False, 4
1456,0, 180, False, 4
1457,0, 180, False, 4
1458,0, 180, False, 2
1459,0, 180, False, 2
1460,0, 180, False, 2
1461,0, 180, False, 2
1462,0, 180, False, 2
1463,0, 180, False, 2
1464,0, 180, False, 2
1465,0, 180, False, 2
1466,0, 180, False, 2
1467,0, 180, False, 2
1468,0, 180, False, 2
1469,0, 180, False, 2
1470,0, 180, False, 2
1471,0, 180, False, 2
1472,0, 180, False, 2
1473,0, 180, False, 2
1474,0, 180, False, 2
1475,0, 180, False, 2
1476,0, 180, False, 2
1477,0, 180, False, 2
1478,0, 180, False, 2
1479,0, 180, False, 2
1480,0, 180, False, 2
1481,0, 180, False, 2
1482,0, 180, False, 2
1483,0, 180, False, 2
1484,0, 180, False, 2
1485,0, 180, False, 2
1486,0, 180, False, 2
1487,0, 180, False, 2
1488,0, 180, False, 2
1489,0, 180, False, 2
1490,0, 180, False, 2
1491,0, 180, False, 2
1492,0, 180, False, 2
1493,0, 180, False, 2
1494,0, 180, False, 2
1495,0, 180, False, 2
1496,0, 180, False, 2
1497,0, 180, False, 2
1498,0, 180, False, 2
1499,10, 190, False, 2
1500,0, 190, False, 2
1501,0, 190, False, 2
1502,0, 190, False, 2
1503,0, 190, False, 2
1504,0, 190, False, 2
1505,0, 190, False, 2
1506,0, 190, False, 2
1507,0, 190, False, 2
1508,0, 190, False, 2
1509,0, 190, False, 2
1510,0, 190, False, 2
1511,0, 190, False, 2
1512,0, 190, False, 2
1513,10, 200, False, 2
1514,0, 200, False, 2
1515,0, 200, False, 2
1516,0, 200, False, 2
1517,0, 200, False, 2
1518,0, 200, False, 2
1519,0, 200, False, 2
1520,0, 200, False, 2
1521,0, 200, False, 2
1522,0, 200, False, 2
1523,0, 200, False, 2
1524,0, 200, False, 2
1525,0, 200, False, 2
1526,0, 200, False, 2
1527,10, 210, False, 2
1528,0, 210, False, 2
1529,0, 210, False, 2
1530,0, 210, False, 2
1531,0, 210, False, 2
1532,0, 210, False, 2
1533,0, 210, False, 2
1534,0, 210, False, 2
1535,0, 210, False, 2
1536,0, 210, False, 2
1537,0, 210, False, 2
1538,0, 210, False, 2
1539,0, 210, False, 2
1540,0, 210, False, 2
1541,10, 220, False, 2
1542,0, 220, False, 2
1543,0, 220, False, 2
1544,0, 220, False, 2
1545,0, 220, False, 2
1546,0, 220, False, 2
1547,0, 220, False, 2
1548,0, 220, False, 2
1549,0, 220, False, 2
1550,0, 220, False, 2
1551,0, 220, False, 2
1552,0, 220, False, 2
1553,0, 220, False, 2
1554,0, 220, False, 2
1555,10, 230, False, 2
1556,0, 230, False, 0
1557,0, 230, False, 0
1558,0, 230, False, 0
1559,0, 230, False, 0
1560,0, 230, False, 0
1561,0, 230, False, 0
1562,0, 230, False, 0
1563,0, 230, False, 0
1564,0, 230, False, 0
1565,0, 230, False, 0
1566,0, 230, False, 0
1567,0, 230, False, 0
1568,0, 230, False, 0
1569,10, 240, False, 0
1570,0, 240, False, 0
1571,0, 240, False, 0
1572,0, 240, False, 0
1573,0, 240, False, 0
1574,0, 240, False, 0
1575,0, 240, False, 0
1576,0, 240, False, 0
1577,0, 240, False, 0
1578,0, 240, False, 0
1579,0, 240, False, 0
1580,0, 240, False, 0
1581,0, 240, False, 0
1582,0, 240, False, 0
1583,0, 240, False, 0
1584,0, 240, False, 0
1585,0, 240, False, 0
1586,0, 240, False, 0
1587,0, 240, False, 0
1588,0, 240, False, 0
1589,0, 240, False, 0
1590,0, 240, False, 0
1591,0, 240, False, 0
1592,0, 240, False, 0
1593,0, 240, False, 0
1594,0, 240, False, 0
1595,0, 240, False, 0
1596,0, 240, False, 0
1597,0, 240, False, 0
1598,0, 240, False, 0
1599,0, 240, False, 0
1600,0, 240, False, 0
1601,0, 240, False, 0
1602,0, 240, False, 0
1603,0, 240, False, 0
1604,0, 240, False, 0
1605,0, 240, False, 0
1606,0, 240, False, 0
1607,0, 240, False, 0
1608,0, 240, False, 0
1609,0, 240, False, 0
1610,0, 240, False, 0
1611,0, 240, False, 0
1612,0, 240, False, 0
1613,0, 240, False, 0
1614,0, 240, False, 0
1615,0, 240, False, 0
1616,0, 240, False, 0
1617,0, 240, False, 0
1618,0, 240, False, 0
1619,0, 240, False, 0
1620,0, 240, False, 0
1621,0, 240, False, 3
1622,0, 240, False, 3
1623,0, 240, False, 3
1624,0, 240, False, 3
1625,0, 240, False, 3
1626,0, 240, False, 3
1627,0, 240, False, 3
1628,0, 240, False, 3
1629,10, 250, False, 3
1630,0, 250, False, 3
1631,0, 250, False, 3
1632,0, 250, False, 3
1633,0, 250, False, 3
1634,0, 250, False, 3
1635,0, 250, False, 3
1636,0, 250, False, 3
1637,0, 250, False, 3
1638,0, 250, False, 3
1639,0, 250, False, 3
1640,0, 250, False, 3
1641,0, 250, False, 3
1642,0, 250, False, 3
1643,10, 260, False, 3
1644,0, 260, False, 3
1645,0, 260, False, 3
1646,0, 260, False, 3
1647,0, 260, False, 3
1648,0, 260, False, 3
1649,0, 260, False, 3
1650,0, 260, False, 3
1651,0, 260, False, 3
1652,0, 260, False, 3
1653,0, 260, False, 3
1654,0, 260, False, 3
1655,0, 260, False, 3
1656,0, 260, False, 3
1657,0, 260, False, 3
1658,0, 260, False, 3
1659,0, 260, False, 3
1660,0, 260, False, 3
1661,10, 270, False, 3
1662,0, 270, False, 3
1663,0, 270, False, 3
1664,0, 270, False, 3
1665,0, 270, False, 3
1666,0, 270, False, 3
1667,0, 270, False, 3
1668,0, 270, False, 3
1669,0, 270, False, 3
1670,0, 270, False, 3
1671,0, 270, False, 3
1672,0, 270, False, 3
1673,0, 270, False, 3
1674,0, 270, False, 3
1675,10, 280, False, 3
1676,0, 280, False, 3
1677,0, 280, False, 3
1678,0, 280, False, 3
1679,0, 280, False, 3
1680,0, 280, False, 3
1681,0, 280, False, 3
1682,0, 280, False, 3
1683,0, 280, False, 3
1684,0, 280, False, 3
1685,0, 280, False, 3
1686,0, 280, False, 3
1687,10, 290, False, 3
1688,0, 290, False, 3
1689,0, 290, False, 3
1690,0, 290, False, 3
1691,0, 290, False, 3
1692,0, 290, False, 3
1693,0, 290, False, 3
1694,0, 290, False, 3
1695,0, 290, False, 3
1696,0, 290, False, 3
1697,0, 290, False, 3
1698,0, 290, False, 3
1699,0, 290, False, 3
1700,0, 290, False, 3
1701,10, 300, False, 3
1702,0, 300, False, 3
1703,0, 300, False, 3
1704,0, 300, False, 3
1705,0, 300, False, 3
1706,0, 300, False, 3
1707,0, 300, False, 3
1708,0, 300, False, 3
1709,0, 300, False, 3
1710,0, 300, False, 3
1711,0, 300, False, 3
1712,0, 300, False, 3
1713,0, 300, False, 3
1714,0, 300, False, 3
1715,10, 310, False, 3
1716,0, 310, False, 3
1717,0, 310, False, 3
1718,0, 310, False, 3
1719,0, 310, False, 3
1720,0, 310, False, 3
1721,0, 310, False, 3
1722,0, 310, False, 3
1723,0, 310, False, 3
1724,0, 310, False, 3
1725,0, 310, False, 3
1726,0, 310, False, 3
1727,10, 320, False, 3
1728,0, 320, False, 3
1729,0, 320, False, 3
1730,0, 320, False, 3
1731,0, 320, False, 3
1732,0, 320, False, 3
1733,0, 320, False, 3
1734,0, 320, False, 3
1735,0, 320, False, 3
1736,0, 320, False, 3
1737,0, 320, False, 3
1738,0, 320, False, 3
1739,0, 320, False, 3
1740,0, 320, False, 3
1741,10, 330, False, 3
1742,0, 330, False, 3
1743,0, 330, False, 2
1744,0, 330, False, 2
1745,0, 330, False, 2
1746,0, 330, False, 2
1747,0, 330, False, 2
1748,0, 330, False, 2
1749,0, 330, False, 2
1750,0, 330, False, 2
1751,0, 330, False, 2
1752,0, 330, False, 2
1753,0, 330, False, 2
1754,0, 330, False, 2
1755,10, 340, False, 2
1756,0, 340, False, 2
1757,0, 340, False, 2
1758,0, 340, False, 2
1759,0, 340, False, 2
1760,0, 340, False, 2
1761,0, 340, False, 2
1762,0, 340, False, 2
1763,0, 340, False, 2
1764,0, 340, False, 2
1765,0, 340, False, 2
1766,0, 340, False, 2
1767,10, 350, False, 2
1768,0, 350, False, 2
1769,0, 350, False, 2
1770,0, 350, False, 2
1771,0, 350, False, 2
1772,0, 350, False, 2
1773,0, 350, False, 2
1774,0, 350, False, 2
1775,0, 350, False, 2
1776,0, 350, False, 2
1777,0, 350, False, 2
1778,0, 350, False, 2
1779,0, 350, False, 2
1780,0, 350, False, 2
1781,0, 350, False, 2
1782,0, 350, False, 2
1783,0, 350, False, 2
1784,0, 350, False, 2
1785,50, 400, False, 2
1786,0, 400, False, 2
1787,0, 400, False, 2
1788,0, 400, False, 2
1789,0, 400, False, 2
1790,0, 400, False, 2
1791,0, 400, False, 2
1792,0, 400, False, 2
1793,0, 400, False, 2
1794,0, 400, False, 2
1795,0, 400, False, 2
1796,0, 400, False, 2
1797,10, 410, False, 2
1798,0, 410, False, 2
1799,0, 410, False, 2
1800,0, 410, False, 2
1801,0, 410, False, 2
1802,0, 410, False, 2
1803,0, 410, False, 2
1804,0, 410, False, 2
1805,0, 410, False, 2
1806,0, 410, False, 2
1807,0, 410, False, 2
1808,0, 410, False, 2
1809,0, 410, False, 2
1810,0, 410, False, 2
1811,0, 410, False, 2
1812,0, 410, False, 2
1813,0, 410, False, 2
1814,0, 410, False, 2
1815,0, 410, False, 2
1816,0, 410, False, 2
1817,0, 410, False, 2
1818,0, 410, False, 2
1819,0, 410, False, 2
1820,0, 410, False, 2
1821,0, 410, False, 2
1822,0, 410, False, 2
1823,200, 610, False, 2
1824,0, 610, False, 2
1825,0, 610, False, 2
1826,0, 610, False, 2
1827,0, 610, False, 2
1828,0, 610, False, 2
1829,0, 610, False, 2
1830,0, 610, False, 2
1831,0, 610, False, 2
1832,0, 610, False, 2
1833,0, 610, False, 2
1834,0, 610, False, 2
1835,0, 610, False, 2
1836,0, 610, False, 2
1837,0, 610, False, 2
1838,0, 610, False, 2
1839,0, 610, False, 2
1840,0, 610, False, 2
1841,0, 610, False, 2
1842,0, 610, False, 2
1843,0, 610, False, 2
1844,0, 610, False, 2
1845,0, 610, False, 2
1846,0, 610, False, 2
1847,0, 610, False, 2
1848,0, 610, False, 2
1849,0, 610, False, 2
1850,0, 610, False, 2
1851,0, 610, False, 2
1852,0, 610, False, 2
1853,0, 610, False, 2
1854,0, 610, False, 2
1855,0, 610, False, 2
1856,0, 610, False, 2
1857,0, 610, False, 2
1858,0, 610, False, 2
1859,0, 610, False, 2
1860,0, 610, False, 2
1861,0, 610, False, 2
1862,0, 610, False, 2
1863,0, 610, False, 2
1864,0, 610, False, 2
1865,400, 1010, False, 2
1866,0, 1010, False, 2
1867,0, 1010, False, 2
1868,0, 1010, False, 2
1869,0, 1010, False, 4
1870,0, 1010, False, 4
1871,0, 1010, False, 4
1872,0, 1010, False, 4
1873,0, 1010, False, 4
1874,0, 1010, False, 4
1875,0, 1010, False, 4
1876,0, 1010, False, 4
1877,0, 1010, False, 4
1878,0, 1010, False, 4
1879,0, 1010, False, 4
1880,0, 1010, False, 4
1881,0, 1010, False, 4
1882,0, 1010, False, 4
1883,0, 1010, False, 4
1884,0, 1010, False, 4
1885,0, 1010, False, 4
1886,0, 1010, False, 4
1887,0, 1010, False, 4
1888,0, 1010, False, 4
1889,0, 1010, False, 4
1890,0, 1010, False, 4
1891,10, 1020, False, 4
1892,0, 1020, False, 4
1893,0, 1020, False, 4
1894,0, 1020, False, 4
1895,0, 1020, False, 4
1896,0, 1020, False, 4
1897,0, 1020, False, 4
1898,0, 1020, False, 4
1899,0, 1020, False, 4
1900,0, 1020, False, 4
1901,0, 1020, False, 4
1902,0, 1020, False, 4
1903,10, 1030, False, 4
1904,0, 1030, False, 4
1905,0, 1030, False, 4
1906,0, 1030, False, 4
1907,0, 1030, False, 4
1908,0, 1030, False, 4
1909,0, 1030, False, 4
1910,0, 1030, False, 4
1911,0, 1030, False, 4
1912,0, 1030, False, 4
1913,0, 1030, False, 4
1914,0, 1030, False, 4
1915,0, 1030, False, 4
1916,0, 1030, False, 4
1917,10, 1040, False, 4
1918,0, 1040, False, 4
1919,0, 1040, False, 4
1920,0, 1040, False, 4
1921,0, 1040, False, 4
1922,0, 1040, False, 4
1923,0, 1040, False, 4
1924,0, 1040, False, 4
1925,0, 1040, False, 4
1926,0, 1040, False, 4
1927,0, 1040, False, 4
1928,0, 1040, False, 4
1929,0, 1040, False, 4
1930,0, 1040, False, 4
1931,0, 1040, False, 4
1932,0, 1040, False, 4
1933,0, 1040, False, 4
1934,0, 1040, False, 4
1935,0, 1040, False, 4
1936,0, 1040, False, 4
1937,0, 1040, False, 4
1938,0, 1040, False, 4
1939,0, 1040, False, 4
1940,0, 1040, False, 4
1941,0, 1040, False, 4
1942,0, 1040, False, 4
1943,0, 1040, False, 4
1944,0, 1040, False, 4
1945,0, 1040, False, 4
1946,0, 1040, False, 4
1947,0, 1040, False, 4
1948,0, 1040, False, 4
1949,0, 1040, False, 4
1950,0, 1040, False, 4
1951,0, 1040, False, 4
1952,0, 1040, False, 4
1953,0, 1040, False, 4
1954,0, 1040, False, 4
1955,0, 1040, False, 4
1956,0, 1040, False, 4
1957,0, 1040, False, 4
1958,0, 1040, False, 4
1959,0, 1040, False, 4
1960,0, 1040, False, 4
1961,0, 1040, False, 4
1962,0, 1040, False, 4
1963,0, 1040, False, 4
1964,0, 1040, False, 4
1965,0, 1040, False, 4
1966,0, 1040, False, 4
1967,0, 1040, False, 4
1968,0, 1040, False, 4
1969,0, 1040, False, 4
1970,0, 1040, False, 4
1971,0, 1040, False, 4
1972,0, 1040, False, 4
1973,0, 1040, False, 4
1974,0, 1040, False, 4
1975,0, 1040, False, 4
1976,0, 1040, False, 4
1977,0, 1040, False, 4
1978,0, 1040, False, 4
1979,0, 1040, False, 4
1980,0, 1040, False, 4
1981,0, 1040, False, 4
1982,0, 1040, False, 4
1983,0, 1040, False, 4
1984,0, 1040, False, 4
1985,0, 1040, False, 4
1986,0, 1040, False, 4
1987,0, 1040, False, 4
1988,0, 1040, False, 4
1989,0, 1040, False, 4
1990,0, 1040, False, 5
1991,0, 1040, False, 5
1992,0, 1040, False, 5
1993,0, 1040, False, 5
1994,0, 1040, False, 5
1995,0, 1040, False, 5
1996,0, 1040, False, 5
1997,10, 1050, False, 5
1998,0, 1050, False, 5
1999,0, 1050, False, 5
2000,0, 1050, False, 5
2001,0, 1050, False, 5
2002,0, 1050, False, 5
2003,0, 1050, False, 5
2004,0, 1050, False, 5
2005,0, 1050, False, 5
2006,0, 1050, False, 5
2007,0, 1050, False, 5
2008,0, 1050, False, 5
2009,0, 1050, False, 5
2010,0, 1050, False, 5
2011,0, 1050, False, 5
2012,0, 1050, False, 5
2013,0, 1050, False, 5
2014,0, 1050, False, 5
2015,0, 1050, False, 5
2016,0, 1050, False, 5
2017,0, 1050, False, 5
2018,0, 1050, False, 5
2019,0, 1050, False, 5
2020,0, 1050, False, 5
2021,0, 1050, False, 5
2022,0, 1050, False, 5
2023,10, 1060, False, 5
2024,0, 1060, False, 5
2025,0, 1060, False, 5
2026,0, 1060, False, 5
2027,0, 1060, False, 5
2028,0, 1060, False, 5
2029,0, 1060, False, 5
2030,0, 1060, False, 5
2031,0, 1060, False, 5
2032,0, 1060, False, 5
2033,0, 1060, False, 5
2034,0, 1060, False, 5
2035,0, 1060, False, 5
2036,0, 1060, False, 5
2037,10, 1070, False, 5
2038,0, 1070, False, 5
2039,0, 1070, False, 5
2040,0, 1070, False, 5
2041,0, 1070, False, 5
2042,0, 1070, False, 5
2043,0, 1070, False, 5
2044,0, 1070, False, 5
2045,0, 1070, False, 5
2046,0, 1070, False, 5
2047,0, 1070, False, 5
2048,0, 1070, False, 5
2049,0, 1070, False, 5
2050,0, 1070, False, 5
2051,0, 1070, False, 5
2052,0, 1070, False, 5
2053,0, 1070, False, 5
2054,0, 1070, False, 5
2055,0, 1070, False, 5
2056,0, 1070, False, 5
2057,0, 1070, False, 5
2058,0, 1070, False, 5
2059,0, 1070, False, 5
2060,0, 1070, False, 5
2061,0, 1070, False, 5
2062,0, 1070, False, 5
2063,0, 1070, False, 5
2064,0, 1070, False, 5
2065,0, 1070, False, 5
2066,0, 1070, False, 5
2067,0, 1070, False, 5
2068,0, 1070, False, 5
2069,0, 1070, False, 5
2070,0, 1070, False, 5
2071,0, 1070, False, 5
2072,0, 1070, False, 5
2073,0, 1070, False, 5
2074,0, 1070, False, 5
2075,0, 1070, False, 5
2076,0, 1070, False, 5
2077,0, 1070, False, 5
2078,0, 1070, False, 4
2079,0, 1070, False, 4
2080,0, 1070, False, 4
2081,0, 1070, False, 4
2082,0, 1070, False, 4
2083,0, 1070, False, 4
2084,0, 1070, False, 4
2085,0, 1070, False, 4
2086,0, 1070, False, 4
2087,10, 1080, False, 4
2088,0, 1080, False, 4
2089,0, 1080, False, 4
2090,0, 1080, False, 4
2091,0, 1080, False, 4
2092,0, 1080, False, 4
2093,0, 1080, False, 4
2094,0, 1080, False, 4
2095,0, 1080, False, 4
2096,0, 1080, False, 4
2097,0, 1080, False, 4
2098,0, 1080, False, 4
2099,10, 1090, False, 4
2100,0, 1090, False, 4
2101,0, 1090, False, 4
2102,0, 1090, False, 4
2103,0, 1090, False, 4
2104,0, 1090, False, 4
2105,0, 1090, False, 4
2106,0, 1090, False, 4
2107,0, 1090, False, 4
2108,0, 1090, False, 4
2109,0, 1090, False, 4
2110,0, 1090, False, 4
2111,0, 1090, False, 4
2112,0, 1090, False, 4
2113,10, 1100, False, 4
2114,0, 1100, False, 4
2115,0, 1100, False, 4
2116,0, 1100, False, 4
2117,0, 1100, False, 4
2118,0, 1100, False, 4
2119,0, 1100, False, 4
2120,0, 1100, False, 4
2121,0, 1100, False, 4
2122,0, 1100, False, 4
2123,0, 1100, False, 4
2124,0, 1100, False, 4
2125,0, 1100, False, 4
2126,0, 1100, False, 4
2127,10, 1110, False, 4
2128,0, 1110, False, 4
2129,0, 1110, False, 4
2130,0, 1110, False, 4
2131,0, 1110, False, 4
2132,0, 1110, False, 4
2133,0, 1110, False, 4
2134,0, 1110, False, 4
2135,0, 1110, False, 4
2136,0, 1110, False, 4
2137,0, 1110, False, 4
2138,0, 1110, False, 4
2139,10, 1120, False, 4
2140,0, 1120, False, 4
2141,0, 1120, False, 4
2142,0, 1120, False, 4
2143,0, 1120, False, 4
2144,0, 1120, False, 4
2145,0, 1120, False, 4
2146,0, 1120, False, 4
2147,0, 1120, False, 4
2148,0, 1120, False, 4
2149,0, 1120, False, 4
2150,0, 1120, False, 4
2151,0, 1120, False, 4
2152,0, 1120, False, 4
2153,0, 1120, False, 4
2154,0, 1120, False, 4
2155,0, 1120, False, 4
2156,0, 1120, False, 4
2157,0, 1120, False, 4
2158,0, 1120, False, 4
2159,10, 1130, False, 4
2160,0, 1130, False, 4
2161,0, 1130, False, 4
2162,0, 1130, False, 4
2163,0, 1130, False, 4
2164,0, 1130, False, 4
2165,0, 1130, False, 4
2166,0, 1130, False, 4
2167,0, 1130, False, 4
2168,0, 1130, False, 4
2169,0, 1130, False, 4
2170,0, 1130, False, 4
2171,10, 1140, False, 4
2172,0, 1140, False, 4
2173,0, 1140, False, 4
2174,0, 1140, False, 4
2175,0, 1140, False, 4
2176,0, 1140, False, 4
2177,0, 1140, False, 4
2178,0, 1140, False, 4
2179,0, 1140, False, 2
2180,0, 1140, False, 2
2181,0, 1140, False, 2
2182,0, 1140, False, 2
2183,0, 1140, False, 2
2184,0, 1140, False, 2
2185,0, 1140, False, 2
2186,0, 1140, False, 2
2187,0, 1140, False, 2
2188,0, 1140, False, 2
2189,0, 1140, False, 2
2190,0, 1140, False, 2
2191,0, 1140, False, 2
2192,0, 1140, False, 2
2193,0, 1140, False, 2
2194,0, 1140, False, 2
2195,0, 1140, False, 2
2196,0, 1140, False, 2
2197,0, 1140, False, 2
2198,0, 1140, False, 2
2199,0, 1140, False, 2
2200,0, 1140, False, 2
2201,0, 1140, False, 2
2202,0, 1140, False, 2
2203,0, 1140, False, 2
2204,0, 1140, False, 2
2205,0, 1140, False, 2
2206,0, 1140, False, 2
2207,0, 1140, False, 2
2208,0, 1140, False, 2
2209,0, 1140, False, 2
2210,0, 1140, False, 2
2211,0, 1140, False, 2
2212,0, 1140, False, 2
2213,0, 1140, False, 2
2214,0, 1140, False, 2
2215,0, 1140, False, 2
2216,0, 1140, False, 2
2217,0, 1140, False, 2
2218,0, 1140, False, 2
2219,0, 1140, False, 2
2220,0, 1140, False, 2
2221,0, 1140, False, 2
2222,0, 1140, False, 2
2223,0, 1140, False, 2
2224,0, 1140, False, 2
2225,0, 1140, False, 2
2226,0, 1140, False, 2
2227,0, 1140, False, 2
2228,0, 1140, False, 2
2229,0, 1140, False, 2
2230,0, 1140, False, 2
2231,0, 1140, False, 2
2232,0, 1140, False, 2
2233,0, 1140, False, 2
2234,0, 1140, False, 2
2235,0, 1140, False, 2
2236,0, 1140, False, 2
2237,0, 1140, False, 2
2238,0, 1140, False, 2
2239,0, 1140, False, 2
2240,0, 1140, False, 2
2241,0, 1140, False, 2
2242,0, 1140, False, 2
2243,0, 1140, False, 2
2244,0, 1140, False, 2
2245,0, 1140, False, 2
2246,0, 1140, False, 2
2247,0, 1140, False, 2
2248,0, 1140, False, 2
2249,0, 1140, False, 2
2250,0, 1140, False, 2
2251,0, 1140, False, 2
2252,0, 1140, False, 2
2253,0, 1140, False, 2
2254,0, 1140, False, 2
2255,0, 1140, False, 2
2256,0, 1140, False, 2
2257,0, 1140, False, 2
2258,0, 1140, False, 2
2259,0, 1140, False, 2
2260,0, 1140, False, 2
2261,0, 1140, False, 2
2262,0, 1140, False, 2
2263,0, 1140, False, 2
2264,0, 1140, False, 2
2265,0, 1140, False, 2
2266,0, 1140, False, 2
2267,0, 1140, False, 2
2268,0, 1140, False, 2
2269,0, 1140, False, 2
2270,0, 1140, False, 2
2271,0, 1140, False, 2
2272,0, 1140, False, 2
2273,0, 1140, False, 2
2274,0, 1140, False, 4
2275,0, 1140, False, 4
2276,0, 1140, False, 4
2277,0, 1140, False, 4
2278,0, 1140, False, 4
2279,0, 1140, False, 4
2280,0, 1140, False, 4
2281,0, 1140, False, 4
2282,0, 1140, False, 4
2283,10, 1150, False, 4
2284,0, 1150, False, 4
2285,0, 1150, False, 4
2286,0, 1150, False, 4
2287,0, 1150, False, 4
2288,0, 1150, False, 4
2289,0, 1150, False, 4
2290,0, 1150, False, 4
2291,0, 1150, False, 4
2292,0, 1150, False, 4
2293,0, 1150, False, 4
2294,0, 1150, False, 4
2295,10, 1160, False, 4
2296,0, 1160, False, 4
2297,0, 1160, False, 4
2298,0, 1160, False, 4
2299,0, 1160, False, 4
2300,0, 1160, False, 4
2301,0, 1160, False, 4
2302,0, 1160, False, 4
2303,0, 1160, False, 4
2304,0, 1160, False, 4
2305,0, 1160, False, 4
2306,0, 1160, False, 4
2307,0, 1160, False, 4
2308,0, 1160, False, 4
2309,10, 1170, False, 4
2310,0, 1170, False, 4
2311,0, 1170, False, 4
2312,0, 1170, False, 4
2313,0, 1170, False, 4
2314,0, 1170, False, 4
2315,0, 1170, False, 4
2316,0, 1170, False, 4
2317,0, 1170, False, 4
2318,0, 1170, False, 4
2319,0, 1170, False, 4
2320,0, 1170, False, 4
2321,100, 1270, False, 4
2322,0, 1270, False, 4
2323,0, 1270, False, 4
2324,0, 1270, False, 4
2325,0, 1270, False, 4
2326,0, 1270, False, 4
2327,0, 1270, False, 4
2328,0, 1270, False, 4
2329,0, 1270, False, 4
2330,0, 1270, False, 4
2331,0, 1270, False, 4
2332,0, 1270, False, 4
2333,0, 1270, False, 4
2334,0, 1270, False, 4
2335,0, 1270, False, 4
2336,0, 1270, False, 4
2337,0, 1270, False, 4
2338,0, 1270, False, 4
2339,10, 1280, False, 4
2340,0, 1280, False, 4
2341,0, 1280, False, 4
2342,0, 1280, False, 4
2343,0, 1280, False, 4
2344,0, 1280, False, 4
2345,0, 1280, False, 4
2346,0, 1280, False, 4
2347,0, 1280, False, 4
2348,0, 1280, False, 4
2349,0, 1280, False, 4
2350,0, 1280, False, 4
2351,10, 1290, False, 4
2352,0, 1290, False, 4
2353,0, 1290, False, 4
2354,0, 1290, False, 4
2355,0, 1290, False, 4
2356,0, 1290, False, 4
2357,0, 1290, False, 4
2358,0, 1290, False, 4
2359,0, 1290, False, 4
2360,0, 1290, False, 4
2361,0, 1290, False, 4
2362,0, 1290, False, 4
2363,0, 1290, False, 4
2364,0, 1290, False, 4
2365,10, 1300, False, 4
2366,0, 1300, False, 4
2367,0, 1300, False, 4
2368,0, 1300, False, 4
2369,0, 1300, False, 4
2370,0, 1300, False, 4
2371,0, 1300, False, 4
2372,0, 1300, False, 4
2373,0, 1300, False, 4
2374,0, 1300, False, 4
2375,0, 1300, False, 4
2376,0, 1300, False, 4
2377,0, 1300, False, 4
2378,0, 1300, False, 4
2379,0, 1300, False, 4
2380,0, 1300, False, 4
2381,0, 1300, False, 4
2382,0, 1300, False, 4
2383,0, 1300, False, 4
2384,0, 1300, False, 4
2385,0, 1300, False, 4
2386,0, 1300, False, 4
2387,0, 1300, False, 4
2388,0, 1300, False, 4
2389,0, 1300, False, 4
2390,0, 1300, False, 4
2391,0, 1300, False, 4
2392,0, 1300, False, 4
2393,0, 1300, False, 4
2394,0, 1300, False, 4
2395,0, 1300, False, 4
2396,0, 1300, False, 4
2397,0, 1300, False, 4
2398,0, 1300, False, 4
2399,0, 1300, False, 4
2400,0, 1300, False, 4
2401,0, 1300, False, 4
2402,0, 1300, False, 4
2403,0, 1300, False, 4
2404,0, 1300, False, 4
2405,0, 1300, False, 4
2406,0, 1300, False, 2
2407,0, 1300, False, 2
2408,0, 1300, False, 2
2409,0, 1300, False, 2
2410,0, 1300, False, 2
2411,0, 1300, False, 2
2412,0, 1300, False, 2
2413,50, 1350, False, 2
2414,0, 1350, False, 2
2415,0, 1350, False, 2
2416,0, 1350, False, 2
2417,0, 1350, False, 2
2418,0, 1350, False, 2
2419,0, 1350, False, 2
2420,0, 1350, False, 2
2421,0, 1350, False, 2
2422,0, 1350, False, 2
2423,0, 1350, False, 2
2424,0, 1350, False, 2
2425,0, 1350, False, 2
2426,0, 1350, False, 2
2427,0, 1350, False, 2
2428,0, 1350, False, 2
2429,10, 1360, False, 2
2430,0, 1360, False, 2
2431,0, 1360, False, 2
2432,0, 1360, False, 2
2433,0, 1360, False, 2
2434,0, 1360, False, 2
2435,0, 1360, False, 2
2436,0, 1360, False, 2
2437,0, 1360, False, 2
2438,0, 1360, False, 2
2439,0, 1360, False, 2
2440,0, 1360, False, 2
2441,0, 1360, False, 2
2442,0, 1360, False, 2
2443,0, 1360, False, 2
2444,0, 1360, False, 2
2445,0, 1360, False, 2
2446,0, 1360, False, 2
2447,0, 1360, False, 2
2448,0, 1360, False, 2
2449,0, 1360, False, 2
2450,0, 1360, False, 2
2451,0, 1360, False, 2
2452,0, 1360, False, 2
2453,0, 1360, False, 2
2454,0, 1360, False, 3
2455,0, 1360, False, 3
2456,0, 1360, False, 3
2457,0, 1360, False, 3
2458,0, 1360, False, 3
2459,0, 1360, False, 3
2460,0, 1360, False, 3
2461,10, 1370, False, 3
2462,0, 1370, False, 3
2463,0, 1370, False, 3
2464,0, 1370, False, 3
2465,0, 1370, False, 3
2466,0, 1370, False, 3
2467,0, 1370, False, 3
2468,0, 1370, False, 3
2469,0, 1370, False, 3
2470,0, 1370, False, 3
2471,0, 1370, False, 3
2472,0, 1370, False, 3
2473,0, 1370, False, 3
2474,0, 1370, False, 3
2475,10, 1380, False, 3
2476,0, 1380, False, 3
2477,0, 1380, False, 3
2478,0, 1380, False, 3
2479,0, 1380, False, 3
2480,0, 1380, False, 3
2481,0, 1380, False, 3
2482,0, 1380, False, 3
2483,0, 1380, False, 3
2484,0, 1380, False, 3
2485,0, 1380, False, 3
2486,0, 1380, False, 3
2487,10, 1390, False, 3
2488,0, 1390, False, 3
2489,0, 1390, False, 3
2490,0, 1390, False, 3
2491,0, 1390, False, 3
2492,0, 1390, False, 3
2493,0, 1390, False, 3
2494,0, 1390, False, 3
2495,0, 1390, False, 3
2496,0, 1390, False, 3
2497,0, 1390, False, 3
2498,0, 1390, False, 3
2499,0, 1390, False, 3
2500,0, 1390, False, 3
2501,0, 1390, False, 3
2502,0, 1390, False, 3
2503,0, 1390, False, 3
2504,0, 1390, False, 3
2505,0, 1390, False, 3
2506,0, 1390, False, 3
2507,0, 1390, False, 3
2508,0, 1390, False, 3
2509,0, 1390, False, 3
2510,0, 1390, False, 3
2511,0, 1390, False, 3
2512,0, 1390, False, 3
2513,0, 1390, False, 3
2514,0, 1390, False, 3
2515,0, 1390, False, 3
2516,0, 1390, False, 3
2517,0, 1390, False, 3
2518,0, 1390, False, 3
2519,0, 1390, False, 3
2520,0, 1390, False, 3
2521,0, 1390, False, 3
2522,0, 1390, False, 3
2523,0, 1390, False, 3
2524,0, 1390, False, 3
2525,0, 1390, False, 3
2526,0, 1390, False, 3
2527,0, 1390, False, 3
2528,0, 1390, False, 3
2529,0, 1390, False, 3
2530,0, 1390, False, 3
2531,0, 1390, False, 3
2532,0, 1390, False, 3
2533,0, 1390, False, 3
2534,0, 1390, False, 3
2535,0, 1390, False, 3
2536,0, 1390, False, 3
2537,0, 1390, False, 3
2538,0, 1390, False, 3
2539,0, 1390, False, 3
2540,0, 1390, False, 3
2541,0, 1390, False, 3
2542,0, 1390, False, 3
2543,0, 1390, False, 3
2544,0, 1390, False, 3
2545,0, 1390, False, 3
2546,0, 1390, False, 3
2547,0, 1390, False, 3
2548,0, 1390, False, 3
2549,0, 1390, False, 5
2550,0, 1390, False, 5
2551,0, 1390, False, 5
2552,0, 1390, False, 5
2553,0, 1390, False, 5
2554,0, 1390, False, 5
2555,0, 1390, False, 5
2556,0, 1390, False, 5
2557,10, 1400, False, 5
2558,0, 1400, False, 5
2559,0, 1400, False, 5
2560,0, 1400, False, 5
2561,0, 1400, False, 5
2562,0, 1400, False, 5
2563,0, 1400, False, 5
2564,0, 1400, False, 5
2565,0, 1400, False, 5
2566,0, 1400, False, 5
2567,0, 1400, False, 5
2568,0, 1400, False, 5
2569,0, 1400, False, 5
2570,0, 1400, False, 5
2571,0, 1400, False, 5
2572,0, 1400, False, 5
2573,0, 1400, False, 5
2574,0, 1400, False, 5
2575,0, 1400, False, 5
2576,0, 1400, False, 5
2577,0, 1400, False, 5
2578,0, 1400, False, 5
2579,0, 1400, False, 5
2580,0, 1400, False, 5
2581,0, 1400, False, 5
2582,0, 1400, False, 5
2583,10, 1410, False, 5
2584,0, 1410, False, 5
2585,0, 1410, False, 5
2586,0, 1410, False, 5
2587,0, 1410, False, 5
2588,0, 1410, False, 5
2589,0, 1410, False, 5
2590,0, 1410, False, 5
2591,0, 1410, False, 5
2592,0, 1410, False, 5
2593,0, 1410, False, 5
2594,0, 1410, False, 5
2595,0, 1410, False, 5
2596,0, 1410, False, 5
2597,10, 1420, False, 5
2598,0, 1420, False, 5
2599,0, 1420, False, 5
2600,0, 1420, False, 5
2601,0, 1420, False, 5
2602,0, 1420, False, 5
2603,0, 1420, False, 5
2604,0, 1420, False, 5
2605,0, 1420, False, 5
2606,0, 1420, False, 5
2607,0, 1420, False, 5
2608,0, 1420, False, 5
2609,0, 1420, False, 5
2610,0, 1420, False, 5
2611,0, 1420, False, 5
2612,0, 1420, False, 5
2613,0, 1420, False, 3
2614,0, 1420, False, 3
2615,0, 1420, False, 3
2616,0, 1420, False, 3
2617,0, 1420, False, 3
2618,0, 1420, False, 3
2619,0, 1420, False, 3
2620,0, 1420, False, 3
2621,10, 1430, False, 3
2622,0, 1430, False, 3
2623,0, 1430, False, 3
2624,0, 1430, False, 3
2625,0, 1430, False, 3
2626,0, 1430, False, 3
2627,0, 1430, False, 3
2628,0, 1430, False, 3
2629,0, 1430, False, 3
2630,0, 1430, False, 3
2631,0, 1430, False, 3
2632,0, 1430, False, 3
2633,0, 1430, False, 3
2634,0, 1430, False, 3
2635,10, 1440, False, 3
2636,0, 1440, False, 3
2637,0, 1440, False, 3
2638,0, 1440, False, 3
2639,0, 1440, False, 3
2640,0, 1440, False, 3
2641,0, 1440, False, 3
2642,0, 1440, False, 3
2643,0, 1440, False, 3
2644,0, 1440, False, 3
2645,0, 1440, False, 3
2646,0, 1440, False, 3
2647,0, 1440, False, 3
2648,0, 1440, False, 3
2649,0, 1440, False, 3
2650,0, 1440, False, 3
2651,0, 1440, False, 3
2652,0, 1440, False, 3
2653,0, 1440, False, 3
2654,0, 1440, False, 3
2655,0, 1440, False, 3
2656,0, 1440, False, 3
2657,0, 1440, False, 3
2658,0, 1440, False, 3
2659,0, 1440, False, 3
2660,0, 1440, False, 3
2661,0, 1440, False, 3
2662,0, 1440, False, 3
2663,0, 1440, False, 3
2664,0, 1440, False, 3
2665,0, 1440, False, 3
2666,0, 1440, False, 3
2667,0, 1440, False, 3
2668,0, 1440, False, 3
2669,0, 1440, False, 3
2670,0, 1440, False, 3
2671,0, 1440, False, 3
2672,0, 1440, False, 3
2673,0, 1440, False, 3
2674,0, 1440, False, 3
2675,0, 1440, False, 3
2676,0, 1440, False, 3
2677,0, 1440, False, 3
2678,0, 1440, False, 3
2679,0, 1440, False, 3
2680,0, 1440, False, 3
2681,0, 1440, False, 3
2682,0, 1440, False, 3
2683,0, 1440, False, 3
2684,0, 1440, False, 3
2685,0, 1440, False, 3
2686,0, 1440, False, 3
2687,0, 1440, False, 3
2688,0, 1440, False, 3
2689,0, 1440, False, 3
2690,0, 1440, False, 3
2691,0, 1440, False, 3
2692,0, 1440, False, 3
2693,0, 1440, False, 3
2694,0, 1440, False, 3
2695,0, 1440, False, 3
2696,0, 1440, False, 3
2697,0, 1440, False, 3
2698,0, 1440, False, 3
2699,0, 1440, False, 3
2700,0, 1440, False, 3
2701,0, 1440, False, 3
2702,0, 1440, False, 3
2703,0, 1440, False, 3
2704,0, 1440, False, 3
2705,0, 1440, False, 3
2706,0, 1440, False, 3
2707,0, 1440, False, 3
2708,0, 1440, False, 3
2709,0, 1440, False, 3
2710,0, 1440, False, 3
2711,0, 1440, False, 3
2712,0, 1440, False, 3
2713,0, 1440, False, 3
2714,0, 1440, False, 3
2715,0, 1440, False, 3
2716,0, 1440, False, 3
2717,0, 1440, False, 3
2718,0, 1440, False, 3
2719,0, 1440, False, 3
2720,0, 1440, False, 3
2721,0, 1440, False, 3
2722,0, 1440, False, 3
2723,0, 1440, False, 3
2724,0, 1440, False, 3
2725,0, 1440, False, 3
2726,0, 1440, False, 3
2727,0, 1440, False, 3
2728,0, 1440, False, 3
2729,0, 1440, False, 3
2730,0, 1440, False, 3
2731,0, 1440, False, 3
2732,0, 1440, False, 3
2733,0, 1440, False, 3
2734,0, 1440, False, 3
2735,0, 1440, False, 0
2736,0, 1440, False, 0
2737,0, 1440, False, 0
2738,0, 1440, False, 0
2739,0, 1440, False, 0
2740,0, 1440, False, 0
2741,0, 1440, False, 0
2742,0, 1440, False, 0
2743,0, 1440, False, 0
2744,0, 1440, False, 0
2745,0, 1440, False, 0
2746,0, 1440, False, 0
2747,0, 1440, False, 0
2748,0, 1440, False, 0
2749,0, 1440, False, 0
2750,0, 1440, False, 0
2751,0, 1440, False, 0
2752,0, 1440, False, 0
2753,0, 1440, False, 0
2754,0, 1440, False, 0
2755,0, 1440, False, 0
2756,0, 1440, False, 0
2757,0, 1440, False, 0
2758,0, 1440, False, 0
2759,0, 1440, False, 0
2760,0, 1440, False, 0
2761,0, 1440, False, 0
2762,0, 1440, False, 0
2763,0, 1440, False, 0
2764,0, 1440, False, 0
2765,0, 1440, False, 0
2766,0, 1440, False, 0
2767,0, 1440, False, 0
2768,0, 1440, False, 0
2769,0, 1440, False, 0
2770,0, 1440, False, 0
2771,0, 1440, False, 0
2772,0, 1440, False, 0
2773,0, 1440, False, 0
2774,0, 1440, False, 0
2775,0, 1440, False, 0
2776,0, 1440, False, 0
2777,0, 1440, False, 0
2778,0, 1440, False, 0
2779,0, 1440, False, 0
2780,0, 1440, False, 0
2781,0, 1440, False, 0
2782,0, 1440, False, 0
2783,0, 1440, False, 0
2784,0, 1440, False, 0
2785,0, 1440, False, 0
2786,0, 1440, False, 0
2787,0, 1440, False, 0
2788,0, 1440, False, 4
2789,0, 1440, False, 4
2790,0, 1440, False, 4
2791,0, 1440, False, 4
2792,0, 1440, False, 4
2793,0, 1440, False, 4
2794,0, 1440, False, 4
2795,0, 1440, False, 4
2796,0, 1440, False, 4
2797,0, 1440, False, 4
2798,0, 1440, False, 4
2799,0, 1440, False, 4
2800,0, 1440, False, 4
2801,0, 1440, False, 4
2802,0, 1440, False, 4
2803,0, 1440, False, 4
2804,0, 1440, False, 4
2805,0, 1440, False, 4
2806,0, 1440, False, 4
2807,0, 1440, False, 4
2808,0, 1440, False, 4
2809,0, 1440, False, 4
2810,0, 1440, False, 4
2811,0, 1440, False, 4
2812,0, 1440, False, 4
2813,0, 1440, False, 4
2814,0, 1440, False, 4
2815,0, 1440, False, 4
2816,0, 1440, False, 4
2817,0, 1440, False, 4
2818,0, 1440, False, 4
2819,0, 1440, False, 4
2820,0, 1440, False, 4
2821,0, 1440, False, 4
2822,0, 1440, False, 4
2823,0, 1440, False, 4
2824,0, 1440, False, 4
2825,0, 1440, False, 4
2826,0, 1440, False, 4
2827,0, 1440, False, 5
2828,0, 1440, False, 5
2829,0, 1440, False, 5
2830,0, 1440, False, 5
2831,0, 1440, False, 5
2832,0, 1440, False, 5
2833,0, 1440, False, 5
2834,0, 1440, False, 5
2835,0, 1440, False, 5
2836,0, 1440, False, 5
2837,0, 1440, False, 5
2838,0, 1440, False, 5
2839,0, 1440, False, 5
2840,0, 1440, False, 5
2841,0, 1440, False, 5
2842,0, 1440, False, 5
2843,0, 1440, False, 5
2844,0, 1440, False, 5
2845,200, 1640, False, 5
2846,0, 1640, False, 5
2847,0, 1640, False, 5
2848,0, 1640, False, 5
2849,0, 1640, False, 5
2850,0, 1640, False, 5
2851,0, 1640, False, 5
2852,0, 1640, False, 5
2853,0, 1640, False, 5
2854,0, 1640, False, 5
2855,0, 1640, False, 5
2856,0, 1640, False, 5
2857,0, 1640, False, 5
2858,0, 1640, False, 5
2859,0, 1640, False, 5
2860,0, 1640, False, 5
2861,0, 1640, False, 5
2862,0, 1640, False, 5
2863,0, 1640, False, 5
2864,0, 1640, False, 5
2865,0, 1640, False, 5
2866,0, 1640, False, 5
2867,0, 1640, False, 5
2868,0, 1640, False, 5
2869,0, 1640, False, 5
2870,0, 1640, False, 5
2871,0, 1640, False, 5
2872,0, 1640, False, 5
2873,0, 1640, False, 5
2874,0, 1640, False, 5
2875,0, 1640, False, 5
2876,0, 1640, False, 5
2877,0, 1640, False, 5
2878,0, 1640, False, 5
2879,0, 1640, False, 5
2880,0, 1640, False, 5
2881,0, 1640, False, 5
2882,0, 1640, False, 5
2883,0, 1640, False, 5
2884,0, 1640, False, 5
2885,0, 1640, False, 5
2886,0, 1640, False, 5
2887,0, 1640, False, 5
2888,0, 1640, False, 5
2889,0, 1640, False, 5
2890,0, 1640, False, 5
2891,0, 1640, False, 5
2892,0, 1640, False, 5
2893,0, 1640, False, 5
2894,0, 1640, False, 5
2895,0, 1640, False, 5
2896,0, 1640, False, 5
2897,0, 1640, False, 5
2898,0, 1640, False, 5
2899,0, 1640, False, 5
2900,0, 1640, False, 5
2901,0, 1640, False, 5
2902,0, 1640, False, 5
2903,0, 1640, False, 5
2904,0, 1640, False, 5
2905,0, 1640, False, 5
2906,0, 1640, False, 5
2907,0, 1640, False, 5
2908,0, 1640, False, 5
2909,0, 1640, False, 5
2910,0, 1640, False, 5
2911,0, 1640, False, 5
2912,0, 1640, False, 5
2913,0, 1640, False, 5
2914,0, 1640, False, 5
2915,0, 1640, False, 5
2916,0, 1640, False, 5
2917,0, 1640, False, 5
2918,0, 1640, False, 5
2919,0, 1640, False, 5
2920,0, 1640, False, 5
2921,0, 1640, False, 5
2922,0, 1640, False, 5
2923,0, 1640, False, 5
2924,0, 1640, False, 5
2925,0, 1640, False, 5
2926,0, 1640, False, 5
2927,0, 1640, False, 5
2928,0, 1640, False, 5
2929,0, 1640, False, 5
2930,0, 1640, False, 5
2931,0, 1640, False, 5
2932,0, 1640, False, 5
2933,0, 1640, False, 5
2934,0, 1640, False, 5
2935,0, 1640, False, 5
2936,0, 1640, False, 5
2937,0, 1640, False, 5
2938,0, 1640, False, 5
2939,0, 1640, False, 5
2940,0, 1640, False, 5
2941,0, 1640, False, 5
2942,0, 1640, False, 5
2943,0, 1640, False, 5
2944,0, 1640, False, 5
2945,0, 1640, False, 5
2946,0, 1640, False, 5
2947,0, 1640, False, 5
2948,0, 1640, False, 5
2949,0, 1640, False, 5
2950,0, 1640, False, 5
2951,0, 1640, False, 5
2952,0, 1640, False, 5
2953,0, 1640, False, 5
2954,0, 1640, False, 5
2955,0, 1640, False, 5
2956,0, 1640, False, 5
2957,0, 1640, False, 5
2958,0, 1640, False, 5
2959,0, 1640, False, 5
2960,0, 1640, False, 5
2961,0, 1640, False, 5
2962,0, 1640, False, 5
2963,0, 1640, False, 5
2964,0, 1640, False, 5
2965,0, 1640, False, 5
2966,0, 1640, False, 5
2967,0, 1640, False, 5
2968,0, 1640, False, 5
2969,0, 1640, False, 5
2970,0, 1640, False, 5
2971,0, 1640, False, 5
2972,0, 1640, False, 5
2973,0, 1640, False, 5
2974,0, 1640, False, 5
2975,0, 1640, False, 5
2976,0, 1640, False, 5
2977,0, 1640, False, 5
2978,0, 1640, False, 5
2979,0, 1640, False, 5
2980,0, 1640, False, 5
2981,0, 1640, False, 5
2982,0, 1640, False, 5
2983,0, 1640, False, 5
2984,0, 1640, False, 5
2985,0, 1640, False, 5
2986,0, 1640, False, 5
2987,0, 1640, False, 5
2988,0, 1640, False, 5
2989,0, 1640, False, 5
2990,0, 1640, False, 5
2991,0, 1640, False, 5
2992,0, 1640, False, 5
2993,0, 1640, False, 5
2994,0, 1640, False, 5
2995,0, 1640, False, 5
2996,0, 1640, False, 5
2997,0, 1640, False, 5
2998,0, 1640, False, 5
2999,0, 1640, False, 5
3000,0, 1640, False, 5
3001,0, 1640, False, 5
3002,0, 1640, False, 5
3003,0, 1640, False, 5
3004,0, 1640, False, 5
3005,0, 1640, False, 5
3006,0, 1640, False, 5
3007,0, 1640, False, 5
3008,0, 1640, False, 5
3009,0, 1640, False, 5
3010,0, 1640, False, 5
3011,0, 1640, False, 5
3012,0, 1640, False, 5
3013,0, 1640, False, 5
3014,0, 1640, False, 5
3015,0, 1640, False, 5
3016,0, 1640, False, 5
3017,0, 1640, False, 5
3018,0, 1640, False, 5
3019,0, 1640, False, 5
3020,0, 1640, False, 5
3021,0, 1640, False, 5
3022,0, 1640, False, 5
3023,0, 1640, False, 5
3024,0, 1640, False, 4
3025,0, 1640, False, 4
3026,0, 1640, False, 4
3027,0, 1640, False, 4
3028,0, 1640, False, 4
3029,0, 1640, False, 4
3030,0, 1640, False, 4
3031,0, 1640, False, 4
3032,0, 1640, False, 4
3033,0, 1640, False, 4
3034,0, 1640, False, 4
3035,0, 1640, False, 4
3036,0, 1640, False, 4
3037,0, 1640, False, 4
3038,0, 1640, False, 4
3039,0, 1640, False, 4
3040,0, 1640, False, 4
3041,0, 1640, False, 4
3042,0, 1640, False, 4
3043,0, 1640, False, 4
3044,0, 1640, False, 4
3045,0, 1640, False, 4
3046,0, 1640, False, 5
3047,0, 1640, False, 5
3048,0, 1640, False, 5
3049,0, 1640, False, 5
3050,0, 1640, False, 5
3051,0, 1640, False, 5
3052,0, 1640, False, 5
3053,0, 1640, False, 5
3054,0, 1640, False, 5
3055,0, 1640, False, 5
3056,0, 1640, False, 5
3057,0, 1640, False, 5
3058,0, 1640, False, 5
3059,0, 1640, False, 5
3060,0, 1640, False, 5
3061,0, 1640, False, 5
3062,0, 1640, False, 5
3063,0, 1640, False, 5
3064,0, 1640, False, 5
3065,0, 1640, False, 5
3066,0, 1640, False, 5
3067,0, 1640, False, 5
3068,0, 1640, False, 5
3069,0, 1640, False, 5
3070,0, 1640, False, 5
3071,0, 1640, False, 5
3072,0, 1640, False, 5
3073,0, 1640, False, 5
3074,0, 1640, False, 5
3075,0, 1640, False, 5
3076,0, 1640, False, 5
3077,0, 1640, False, 5
3078,0, 1640, False, 5
3079,0, 1640, False, 5
3080,0, 1640, False, 5
3081,0, 1640, False, 5
3082,0, 1640, False, 5
3083,0, 1640, False, 5
3084,0, 1640, False, 5
3085,0, 1640, False, 5
3086,0, 1640, False, 5
3087,0, 1640, False, 5
3088,0, 1640, False, 5
3089,0, 1640, False, 5
3090,0, 1640, False, 5
3091,0, 1640, False, 5
3092,0, 1640, False, 5
3093,0, 1640, False, 5
3094,0, 1640, False, 5
3095,0, 1640, False, 5
3096,0, 1640, False, 5
3097,0, 1640, False, 5
3098,0, 1640, False, 5
3099,0, 1640, False, 5
3100,0, 1640, False, 5
3101,0, 1640, False, 5
3102,0, 1640, False, 5
3103,0, 1640, False, 5
3104,0, 1640, False, 5
3105,0, 1640, False, 5
3106,0, 1640, False, 5
3107,0, 1640, False, 5
3108,0, 1640, False, 5
3109,0, 1640, False, 5
3110,0, 1640, False, 5
3111,0, 1640, False, 5
3112,0, 1640, False, 5
3113,0, 1640, False, 5
3114,0, 1640, False, 5
3115,0, 1640, False, 5
3116,0, 1640, False, 5
3117,0, 1640, False, 5
3118,0, 1640, False, 5
3119,0, 1640, False, 5
3120,0, 1640, False, 5
3121,0, 1640, False, 5
3122,0, 1640, False, 5
3123,0, 1640, False, 5
3124,0, 1640, False, 5
3125,0, 1640, False, 5
3126,0, 1640, False, 5
3127,0, 1640, False, 5
3128,0, 1640, False, 5
3129,0, 1640, False, 5
3130,0, 1640, False, 5
3131,0, 1640, False, 5
3132,0, 1640, False, 5
3133,0, 1640, False, 5
3134,0, 1640, False, 5
3135,0, 1640, False, 5
3136,0, 1640, False, 5
3137,0, 1640, False, 5
3138,0, 1640, False, 5
3139,0, 1640, True, 5
