db traj id : 798
frame,reward,score,terminal, action
0,0, 0, False, 0
1,0, 0, False, 0
2,0, 0, False, 0
3,0, 0, False, 0
4,0, 0, False, 0
5,0, 0, False, 0
6,0, 0, False, 0
7,0, 0, False, 0
8,0, 0, False, 0
9,0, 0, False, 0
10,0, 0, False, 0
11,0, 0, False, 0
12,0, 0, False, 0
13,0, 0, False, 0
14,0, 0, False, 0
15,0, 0, False, 0
16,0, 0, False, 0
17,0, 0, False, 0
18,0, 0, False, 0
19,0, 0, False, 0
20,0, 0, False, 0
21,0, 0, False, 0
22,0, 0, False, 0
23,0, 0, False, 0
24,0, 0, False, 0
25,0, 0, False, 0
26,0, 0, False, 0
27,0, 0, False, 0
28,0, 0, False, 0
29,0, 0, False, 0
30,0, 0, False, 0
31,0, 0, False, 0
32,0, 0, False, 0
33,0, 0, False, 0
34,0, 0, False, 0
35,0, 0, False, 0
36,0, 0, False, 0
37,0, 0, False, 0
38,0, 0, False, 0
39,0, 0, False, 0
40,0, 0, False, 0
41,0, 0, False, 0
42,0, 0, False, 0
43,0, 0, False, 0
44,0, 0, False, 0
45,0, 0, False, 0
46,0, 0, False, 0
47,0, 0, False, 0
48,0, 0, False, 0
49,0, 0, False, 0
50,0, 0, False, 0
51,0, 0, False, 0
52,0, 0, False, 0
53,0, 0, False, 0
54,0, 0, False, 0
55,0, 0, False, 0
56,0, 0, False, 0
57,0, 0, False, 0
58,0, 0, False, 0
59,0, 0, False, 0
60,0, 0, False, 0
61,0, 0, False, 0
62,0, 0, False, 0
63,0, 0, False, 0
64,0, 0, False, 0
65,0, 0, False, 0
66,0, 0, False, 0
67,0, 0, False, 0
68,0, 0, False, 0
69,0, 0, False, 0
70,0, 0, False, 0
71,0, 0, False, 0
72,0, 0, False, 0
73,0, 0, False, 0
74,0, 0, False, 0
75,0, 0, False, 0
76,0, 0, False, 0
77,0, 0, False, 0
78,0, 0, False, 0
79,0, 0, False, 0
80,0, 0, False, 0
81,0, 0, False, 0
82,0, 0, False, 0
83,0, 0, False, 0
84,0, 0, False, 0
85,0, 0, False, 0
86,0, 0, False, 0
87,0, 0, False, 0
88,0, 0, False, 0
89,0, 0, False, 0
90,0, 0, False, 0
91,0, 0, False, 0
92,0, 0, False, 0
93,0, 0, False, 0
94,0, 0, False, 0
95,0, 0, False, 0
96,0, 0, False, 0
97,0, 0, False, 0
98,0, 0, False, 0
99,0, 0, False, 0
100,0, 0, False, 0
101,0, 0, False, 0
102,0, 0, False, 0
103,0, 0, False, 0
104,0, 0, False, 0
105,0, 0, False, 0
106,0, 0, False, 0
107,0, 0, False, 0
108,0, 0, False, 0
109,0, 0, False, 0
110,0, 0, False, 0
111,0, 0, False, 0
112,0, 0, False, 0
113,0, 0, False, 0
114,0, 0, False, 0
115,0, 0, False, 4
116,0, 0, False, 4
117,0, 0, False, 4
118,0, 0, False, 4
119,0, 0, False, 4
120,0, 0, False, 4
121,0, 0, False, 4
122,0, 0, False, 4
123,0, 0, False, 4
124,0, 0, False, 4
125,0, 0, False, 4
126,0, 0, False, 4
127,0, 0, False, 0
128,0, 0, False, 0
129,0, 0, False, 0
130,0, 0, False, 0
131,0, 0, False, 0
132,0, 0, False, 0
133,0, 0, False, 0
134,0, 0, False, 0
135,0, 0, False, 0
136,0, 0, False, 0
137,0, 0, False, 0
138,0, 0, False, 0
139,0, 0, False, 0
140,0, 0, False, 0
141,0, 0, False, 0
142,0, 0, False, 0
143,0, 0, False, 0
144,0, 0, False, 0
145,0, 0, False, 0
146,0, 0, False, 0
147,0, 0, False, 0
148,0, 0, False, 0
149,0, 0, False, 0
150,0, 0, False, 0
151,0, 0, False, 0
152,0, 0, False, 0
153,0, 0, False, 4
154,0, 0, False, 4
155,0, 0, False, 4
156,0, 0, False, 4
157,0, 0, False, 4
158,0, 0, False, 4
159,0, 0, False, 4
160,0, 0, False, 4
161,0, 0, False, 4
162,0, 0, False, 4
163,0, 0, False, 4
164,0, 0, False, 4
165,0, 0, False, 4
166,0, 0, False, 4
167,0, 0, False, 4
168,0, 0, False, 4
169,0, 0, False, 4
170,0, 0, False, 4
171,0, 0, False, 4
172,0, 0, False, 4
173,0, 0, False, 4
174,0, 0, False, 4
175,0, 0, False, 0
176,0, 0, False, 0
177,0, 0, False, 0
178,0, 0, False, 0
179,0, 0, False, 0
180,0, 0, False, 0
181,0, 0, False, 0
182,0, 0, False, 0
183,0, 0, False, 0
184,0, 0, False, 0
185,0, 0, False, 0
186,0, 0, False, 0
187,0, 0, False, 0
188,0, 0, False, 0
189,0, 0, False, 0
190,0, 0, False, 0
191,0, 0, False, 0
192,0, 0, False, 0
193,0, 0, False, 0
194,0, 0, False, 0
195,0, 0, False, 0
196,0, 0, False, 0
197,0, 0, False, 0
198,0, 0, False, 0
199,0, 0, False, 2
200,0, 0, False, 2
201,0, 0, False, 2
202,0, 0, False, 2
203,0, 0, False, 2
204,0, 0, False, 2
205,0, 0, False, 2
206,0, 0, False, 2
207,0, 0, False, 2
208,0, 0, False, 2
209,0, 0, False, 2
210,0, 0, False, 2
211,0, 0, False, 2
212,0, 0, False, 2
213,0, 0, False, 2
214,0, 0, False, 2
215,0, 0, False, 2
216,0, 0, False, 2
217,0, 0, False, 2
218,0, 0, False, 2
219,0, 0, False, 2
220,0, 0, False, 2
221,0, 0, False, 0
222,0, 0, False, 0
223,0, 0, False, 0
224,0, 0, False, 0
225,0, 0, False, 0
226,0, 0, False, 0
227,0, 0, False, 0
228,0, 0, False, 0
229,0, 0, False, 4
230,0, 0, False, 4
231,0, 0, False, 4
232,0, 0, False, 4
233,0, 0, False, 4
234,0, 0, False, 4
235,0, 0, False, 4
236,0, 0, False, 4
237,0, 0, False, 4
238,0, 0, False, 4
239,0, 0, False, 4
240,0, 0, False, 4
241,0, 0, False, 4
242,0, 0, False, 0
243,0, 0, False, 0
244,0, 0, False, 0
245,0, 0, False, 0
246,0, 0, False, 0
247,0, 0, False, 0
248,0, 0, False, 5
249,0, 0, False, 5
250,0, 0, False, 5
251,0, 0, False, 5
252,0, 0, False, 5
253,0, 0, False, 5
254,0, 0, False, 5
255,0, 0, False, 5
256,0, 0, False, 5
257,0, 0, False, 5
258,0, 0, False, 5
259,0, 0, False, 5
260,0, 0, False, 5
261,0, 0, False, 5
262,0, 0, False, 5
263,0, 0, False, 5
264,0, 0, False, 5
265,0, 0, False, 5
266,0, 0, False, 5
267,0, 0, False, 5
268,0, 0, False, 5
269,0, 0, False, 5
270,0, 0, False, 5
271,0, 0, False, 3
272,0, 0, False, 3
273,0, 0, False, 3
274,0, 0, False, 3
275,0, 0, False, 3
276,0, 0, False, 3
277,0, 0, False, 3
278,0, 0, False, 3
279,10, 10, False, 3
280,0, 10, False, 3
281,0, 10, False, 3
282,0, 10, False, 3
283,0, 10, False, 0
284,0, 10, False, 0
285,0, 10, False, 0
286,0, 10, False, 0
287,0, 10, False, 0
288,0, 10, False, 0
289,0, 10, False, 0
290,0, 10, False, 0
291,10, 20, False, 0
292,0, 20, False, 0
293,0, 20, False, 0
294,0, 20, False, 0
295,0, 20, False, 0
296,0, 20, False, 0
297,0, 20, False, 0
298,0, 20, False, 0
299,0, 20, False, 0
300,0, 20, False, 0
301,0, 20, False, 0
302,0, 20, False, 0
303,0, 20, False, 0
304,0, 20, False, 0
305,10, 30, False, 0
306,0, 30, False, 0
307,0, 30, False, 0
308,0, 30, False, 0
309,0, 30, False, 0
310,0, 30, False, 0
311,0, 30, False, 0
312,0, 30, False, 0
313,0, 30, False, 0
314,0, 30, False, 0
315,0, 30, False, 0
316,0, 30, False, 0
317,0, 30, False, 0
318,0, 30, False, 0
319,10, 40, False, 0
320,0, 40, False, 0
321,0, 40, False, 0
322,0, 40, False, 0
323,0, 40, False, 0
324,0, 40, False, 0
325,0, 40, False, 0
326,0, 40, False, 0
327,0, 40, False, 0
328,0, 40, False, 0
329,0, 40, False, 0
330,0, 40, False, 1
331,10, 50, False, 1
332,0, 50, False, 1
333,0, 50, False, 1
334,0, 50, False, 1
335,0, 50, False, 1
336,0, 50, False, 1
337,0, 50, False, 1
338,0, 50, False, 1
339,0, 50, False, 1
340,0, 50, False, 1
341,0, 50, False, 1
342,0, 50, False, 1
343,0, 50, False, 1
344,0, 50, False, 1
345,10, 60, False, 1
346,0, 60, False, 1
347,0, 60, False, 1
348,0, 60, False, 1
349,0, 60, False, 1
350,0, 60, False, 1
351,0, 60, False, 0
352,0, 60, False, 0
353,0, 60, False, 0
354,0, 60, False, 0
355,0, 60, False, 0
356,0, 60, False, 0
357,0, 60, False, 0
358,0, 60, False, 0
359,0, 60, False, 0
360,0, 60, False, 0
361,0, 60, False, 0
362,0, 60, False, 3
363,0, 60, False, 3
364,0, 60, False, 3
365,0, 60, False, 3
366,0, 60, False, 3
367,0, 60, False, 3
368,0, 60, False, 3
369,0, 60, False, 3
370,0, 60, False, 3
371,0, 60, False, 3
372,0, 60, False, 3
373,0, 60, False, 3
374,0, 60, False, 3
375,0, 60, False, 3
376,0, 60, False, 3
377,0, 60, False, 3
378,0, 60, False, 3
379,0, 60, False, 0
380,0, 60, False, 0
381,0, 60, False, 0
382,0, 60, False, 0
383,0, 60, False, 0
384,0, 60, False, 0
385,0, 60, False, 0
386,0, 60, False, 0
387,0, 60, False, 0
388,0, 60, False, 5
389,0, 60, False, 5
390,0, 60, False, 5
391,0, 60, False, 5
392,0, 60, False, 5
393,0, 60, False, 5
394,0, 60, False, 5
395,10, 70, False, 5
396,0, 70, False, 5
397,0, 70, False, 5
398,0, 70, False, 5
399,0, 70, False, 5
400,0, 70, False, 5
401,0, 70, False, 5
402,0, 70, False, 5
403,0, 70, False, 5
404,0, 70, False, 5
405,0, 70, False, 5
406,0, 70, False, 5
407,0, 70, False, 5
408,0, 70, False, 5
409,10, 80, False, 5
410,0, 80, False, 5
411,0, 80, False, 5
412,0, 80, False, 5
413,0, 80, False, 5
414,0, 80, False, 5
415,0, 80, False, 5
416,0, 80, False, 5
417,0, 80, False, 5
418,0, 80, False, 5
419,0, 80, False, 5
420,0, 80, False, 5
421,0, 80, False, 5
422,0, 80, False, 5
423,10, 90, False, 5
424,0, 90, False, 5
425,0, 90, False, 5
426,0, 90, False, 5
427,0, 90, False, 5
428,0, 90, False, 5
429,0, 90, False, 5
430,0, 90, False, 5
431,0, 90, False, 5
432,0, 90, False, 5
433,0, 90, False, 5
434,0, 90, False, 5
435,0, 90, False, 5
436,0, 90, False, 5
437,10, 100, False, 5
438,0, 100, False, 5
439,0, 100, False, 5
440,0, 100, False, 5
441,0, 100, False, 5
442,0, 100, False, 5
443,0, 100, False, 5
444,0, 100, False, 5
445,0, 100, False, 5
446,0, 100, False, 5
447,0, 100, False, 5
448,0, 100, False, 5
449,0, 100, False, 5
450,0, 100, False, 5
451,10, 110, False, 5
452,0, 110, False, 5
453,0, 110, False, 5
454,0, 110, False, 5
455,0, 110, False, 5
456,0, 110, False, 5
457,0, 110, False, 5
458,0, 110, False, 5
459,0, 110, False, 0
460,0, 110, False, 0
461,0, 110, False, 0
462,0, 110, False, 0
463,0, 110, False, 0
464,0, 110, False, 3
465,0, 110, False, 3
466,0, 110, False, 3
467,0, 110, False, 3
468,0, 110, False, 3
469,0, 110, False, 3
470,0, 110, False, 3
471,10, 120, False, 3
472,0, 120, False, 3
473,0, 120, False, 3
474,0, 120, False, 3
475,0, 120, False, 3
476,0, 120, False, 3
477,0, 120, False, 3
478,0, 120, False, 3
479,0, 120, False, 3
480,0, 120, False, 3
481,0, 120, False, 3
482,0, 120, False, 3
483,0, 120, False, 3
484,0, 120, False, 3
485,10, 130, False, 3
486,0, 130, False, 3
487,0, 130, False, 3
488,0, 130, False, 3
489,0, 130, False, 3
490,0, 130, False, 3
491,0, 130, False, 3
492,0, 130, False, 3
493,0, 130, False, 3
494,0, 130, False, 3
495,0, 130, False, 3
496,0, 130, False, 3
497,0, 130, False, 3
498,0, 130, False, 3
499,10, 140, False, 3
500,0, 140, False, 3
501,0, 140, False, 3
502,0, 140, False, 3
503,0, 140, False, 3
504,0, 140, False, 3
505,0, 140, False, 3
506,0, 140, False, 3
507,0, 140, False, 3
508,0, 140, False, 3
509,0, 140, False, 3
510,0, 140, False, 3
511,0, 140, False, 3
512,0, 140, False, 3
513,0, 140, False, 3
514,0, 140, False, 3
515,0, 140, False, 2
516,0, 140, False, 2
517,0, 140, False, 2
518,0, 140, False, 2
519,0, 140, False, 2
520,0, 140, False, 2
521,0, 140, False, 2
522,0, 140, False, 2
523,0, 140, False, 2
524,0, 140, False, 2
525,0, 140, False, 2
526,0, 140, False, 2
527,50, 190, False, 2
528,0, 190, False, 2
529,0, 190, False, 2
530,0, 190, False, 2
531,0, 190, False, 2
532,0, 190, False, 2
533,0, 190, False, 2
534,0, 190, False, 2
535,0, 190, False, 2
536,0, 190, False, 2
537,0, 190, False, 2
538,0, 190, False, 2
539,10, 200, False, 2
540,0, 200, False, 2
541,0, 200, False, 2
542,0, 200, False, 2
543,0, 200, False, 2
544,0, 200, False, 2
545,0, 200, False, 2
546,0, 200, False, 2
547,0, 200, False, 2
548,0, 200, False, 2
549,0, 200, False, 2
550,0, 200, False, 2
551,0, 200, False, 2
552,0, 200, False, 2
553,10, 210, False, 4
554,0, 210, False, 4
555,0, 210, False, 4
556,0, 210, False, 0
557,0, 210, False, 0
558,0, 210, False, 0
559,0, 210, False, 0
560,0, 210, False, 0
561,0, 210, False, 0
562,0, 210, False, 0
563,0, 210, False, 0
564,0, 210, False, 0
565,10, 220, False, 0
566,0, 220, False, 0
567,0, 220, False, 0
568,0, 220, False, 0
569,0, 220, False, 0
570,0, 220, False, 0
571,0, 220, False, 0
572,0, 220, False, 0
573,0, 220, False, 0
574,0, 220, False, 0
575,0, 220, False, 0
576,0, 220, False, 0
577,0, 220, False, 0
578,0, 220, False, 0
579,10, 230, False, 0
580,0, 230, False, 0
581,0, 230, False, 3
582,0, 230, False, 3
583,0, 230, False, 3
584,0, 230, False, 3
585,0, 230, False, 0
586,0, 230, False, 0
587,0, 230, False, 0
588,0, 230, False, 0
589,0, 230, False, 0
590,0, 230, False, 0
591,0, 230, False, 0
592,0, 230, False, 0
593,0, 230, False, 0
594,0, 230, False, 0
595,0, 230, False, 0
596,0, 230, False, 0
597,0, 230, False, 0
598,0, 230, False, 0
599,0, 230, False, 0
600,0, 230, False, 0
601,0, 230, False, 0
602,0, 230, False, 0
603,0, 230, False, 0
604,0, 230, False, 0
605,0, 230, False, 0
606,0, 230, False, 0
607,0, 230, False, 0
608,0, 230, False, 0
609,0, 230, False, 0
610,0, 230, False, 0
611,0, 230, False, 0
612,0, 230, False, 0
613,0, 230, False, 0
614,0, 230, False, 0
615,0, 230, False, 0
616,0, 230, False, 0
617,0, 230, False, 0
618,0, 230, False, 0
619,0, 230, False, 0
620,0, 230, False, 0
621,0, 230, False, 4
622,0, 230, False, 4
623,0, 230, False, 4
624,0, 230, False, 4
625,0, 230, False, 4
626,0, 230, False, 4
627,0, 230, False, 0
628,0, 230, False, 0
629,0, 230, False, 0
630,0, 230, False, 0
631,0, 230, False, 0
632,0, 230, False, 0
633,0, 230, False, 0
634,0, 230, False, 2
635,0, 230, False, 2
636,0, 230, False, 2
637,0, 230, False, 2
638,0, 230, False, 2
639,0, 230, False, 2
640,0, 230, False, 2
641,0, 230, False, 0
642,0, 230, False, 0
643,0, 230, False, 0
644,0, 230, False, 0
645,0, 230, False, 0
646,0, 230, False, 0
647,0, 230, False, 0
648,0, 230, False, 0
649,0, 230, False, 0
650,0, 230, False, 0
651,0, 230, False, 0
652,0, 230, False, 0
653,0, 230, False, 0
654,0, 230, False, 0
655,0, 230, False, 0
656,0, 230, False, 0
657,0, 230, False, 0
658,0, 230, False, 0
659,0, 230, False, 0
660,0, 230, False, 0
661,0, 230, False, 0
662,0, 230, False, 0
663,0, 230, False, 0
664,0, 230, False, 0
665,0, 230, False, 0
666,0, 230, False, 0
667,0, 230, False, 0
668,0, 230, False, 0
669,0, 230, False, 0
670,0, 230, False, 0
671,0, 230, False, 0
672,0, 230, False, 0
673,0, 230, False, 0
674,0, 230, False, 0
675,0, 230, False, 0
676,0, 230, False, 0
677,0, 230, False, 0
678,0, 230, False, 0
679,0, 230, False, 0
680,0, 230, False, 0
681,0, 230, False, 0
682,0, 230, False, 0
683,0, 230, False, 0
684,0, 230, False, 0
685,0, 230, False, 2
686,0, 230, False, 2
687,0, 230, False, 2
688,0, 230, False, 2
689,0, 230, False, 2
690,0, 230, False, 2
691,0, 230, False, 2
692,0, 230, False, 2
693,0, 230, False, 2
694,0, 230, False, 2
695,0, 230, False, 2
696,0, 230, False, 2
697,0, 230, False, 2
698,0, 230, False, 2
699,0, 230, False, 2
700,0, 230, False, 2
701,0, 230, False, 2
702,0, 230, False, 2
703,0, 230, False, 2
704,0, 230, False, 2
705,0, 230, False, 2
706,0, 230, False, 2
707,0, 230, False, 2
708,0, 230, False, 7
709,0, 230, False, 7
710,0, 230, False, 7
711,0, 230, False, 7
712,0, 230, False, 7
713,0, 230, False, 4
714,0, 230, False, 4
715,0, 230, False, 4
716,0, 230, False, 4
717,0, 230, False, 4
718,0, 230, False, 4
719,0, 230, False, 4
720,0, 230, False, 4
721,0, 230, False, 4
722,0, 230, False, 4
723,0, 230, False, 4
724,0, 230, False, 4
725,0, 230, False, 4
726,0, 230, False, 4
727,0, 230, False, 4
728,0, 230, False, 4
729,0, 230, False, 4
730,0, 230, False, 4
731,0, 230, False, 4
732,0, 230, False, 4
733,0, 230, False, 5
734,0, 230, False, 5
735,0, 230, False, 5
736,0, 230, False, 5
737,0, 230, False, 5
738,0, 230, False, 5
739,0, 230, False, 5
740,0, 230, False, 5
741,0, 230, False, 5
742,0, 230, False, 5
743,0, 230, False, 5
744,0, 230, False, 5
745,0, 230, False, 5
746,0, 230, False, 5
747,0, 230, False, 5
748,0, 230, False, 5
749,0, 230, False, 5
750,0, 230, False, 5
751,0, 230, False, 5
752,0, 230, False, 5
753,0, 230, False, 5
754,0, 230, False, 5
755,0, 230, False, 5
756,0, 230, False, 5
757,0, 230, False, 5
758,0, 230, False, 5
759,10, 240, False, 5
760,0, 240, False, 5
761,0, 240, False, 5
762,0, 240, False, 5
763,0, 240, False, 5
764,0, 240, False, 5
765,0, 240, False, 0
766,0, 240, False, 0
767,0, 240, False, 0
768,0, 240, False, 0
769,0, 240, False, 0
770,0, 240, False, 0
771,0, 240, False, 5
772,0, 240, False, 5
773,10, 250, False, 5
774,0, 250, False, 5
775,0, 250, False, 5
776,0, 250, False, 5
777,0, 250, False, 5
778,0, 250, False, 5
779,0, 250, False, 5
780,0, 250, False, 5
781,0, 250, False, 5
782,0, 250, False, 5
783,0, 250, False, 5
784,0, 250, False, 5
785,0, 250, False, 5
786,0, 250, False, 5
787,10, 260, False, 5
788,0, 260, False, 5
789,0, 260, False, 5
790,0, 260, False, 5
791,0, 260, False, 5
792,0, 260, False, 5
793,0, 260, False, 5
794,0, 260, False, 5
795,0, 260, False, 5
796,0, 260, False, 3
797,0, 260, False, 8
798,0, 260, False, 5
799,0, 260, False, 5
800,0, 260, False, 5
801,10, 270, False, 5
802,0, 270, False, 5
803,0, 270, False, 5
804,0, 270, False, 5
805,0, 270, False, 5
806,0, 270, False, 5
807,0, 270, False, 5
808,0, 270, False, 5
809,0, 270, False, 0
810,0, 270, False, 0
811,0, 270, False, 0
812,0, 270, False, 0
813,0, 270, False, 0
814,0, 270, False, 0
815,10, 280, False, 0
816,0, 280, False, 0
817,0, 280, False, 0
818,0, 280, False, 0
819,0, 280, False, 0
820,0, 280, False, 0
821,0, 280, False, 3
822,0, 280, False, 3
823,0, 280, False, 3
824,0, 280, False, 3
825,0, 280, False, 3
826,0, 280, False, 3
827,0, 280, False, 3
828,0, 280, False, 3
829,0, 280, False, 3
830,0, 280, False, 3
831,10, 290, False, 3
832,0, 290, False, 3
833,0, 290, False, 3
834,0, 290, False, 3
835,0, 290, False, 3
836,0, 290, False, 3
837,0, 290, False, 3
838,0, 290, False, 3
839,0, 290, False, 3
840,0, 290, False, 3
841,0, 290, False, 3
842,0, 290, False, 3
843,10, 300, False, 3
844,0, 300, False, 3
845,0, 300, False, 3
846,0, 300, False, 3
847,0, 300, False, 3
848,0, 300, False, 3
849,0, 300, False, 3
850,0, 300, False, 3
851,0, 300, False, 3
852,0, 300, False, 3
853,0, 300, False, 3
854,0, 300, False, 3
855,0, 300, False, 3
856,0, 300, False, 3
857,10, 310, False, 3
858,0, 310, False, 3
859,0, 310, False, 3
860,0, 310, False, 3
861,0, 310, False, 3
862,0, 310, False, 3
863,0, 310, False, 3
864,0, 310, False, 3
865,0, 310, False, 3
866,0, 310, False, 0
867,0, 310, False, 0
868,0, 310, False, 0
869,0, 310, False, 0
870,0, 310, False, 0
871,0, 310, False, 2
872,0, 310, False, 2
873,0, 310, False, 2
874,0, 310, False, 2
875,0, 310, False, 2
876,0, 310, False, 2
877,0, 310, False, 2
878,0, 310, False, 2
879,0, 310, False, 2
880,0, 310, False, 2
881,0, 310, False, 2
882,0, 310, False, 2
883,0, 310, False, 2
884,0, 310, False, 2
885,0, 310, False, 2
886,0, 310, False, 2
887,0, 310, False, 2
888,0, 310, False, 2
889,0, 310, False, 0
890,0, 310, False, 0
891,0, 310, False, 0
892,0, 310, False, 0
893,0, 310, False, 0
894,0, 310, False, 0
895,0, 310, False, 0
896,0, 310, False, 0
897,0, 310, False, 0
898,0, 310, False, 0
899,0, 310, False, 0
900,0, 310, False, 0
901,0, 310, False, 0
902,0, 310, False, 0
903,0, 310, False, 0
904,0, 310, False, 3
905,0, 310, False, 3
906,0, 310, False, 3
907,0, 310, False, 3
908,0, 310, False, 3
909,0, 310, False, 3
910,0, 310, False, 3
911,0, 310, False, 3
912,0, 310, False, 3
913,0, 310, False, 3
914,0, 310, False, 3
915,0, 310, False, 3
916,0, 310, False, 3
917,0, 310, False, 3
918,0, 310, False, 3
919,0, 310, False, 0
920,0, 310, False, 0
921,0, 310, False, 0
922,0, 310, False, 0
923,0, 310, False, 0
924,0, 310, False, 0
925,0, 310, False, 0
926,0, 310, False, 0
927,0, 310, False, 0
928,0, 310, False, 0
929,0, 310, False, 0
930,0, 310, False, 0
931,0, 310, False, 0
932,0, 310, False, 2
933,0, 310, False, 2
934,0, 310, False, 2
935,0, 310, False, 2
936,0, 310, False, 2
937,0, 310, False, 2
938,0, 310, False, 2
939,0, 310, False, 2
940,0, 310, False, 2
941,0, 310, False, 2
942,0, 310, False, 2
943,0, 310, False, 2
944,0, 310, False, 2
945,0, 310, False, 2
946,0, 310, False, 0
947,0, 310, False, 0
948,0, 310, False, 0
949,0, 310, False, 0
950,0, 310, False, 0
951,0, 310, False, 0
952,0, 310, False, 0
953,0, 310, False, 0
954,0, 310, False, 0
955,0, 310, False, 4
956,0, 310, False, 4
957,0, 310, False, 4
958,0, 310, False, 4
959,0, 310, False, 4
960,0, 310, False, 4
961,0, 310, False, 4
962,0, 310, False, 4
963,0, 310, False, 4
964,0, 310, False, 4
965,0, 310, False, 4
966,0, 310, False, 4
967,0, 310, False, 4
968,0, 310, False, 4
969,0, 310, False, 0
970,0, 310, False, 0
971,0, 310, False, 0
972,0, 310, False, 0
973,0, 310, False, 0
974,0, 310, False, 0
975,0, 310, False, 0
976,0, 310, False, 2
977,0, 310, False, 2
978,0, 310, False, 2
979,0, 310, False, 2
980,0, 310, False, 2
981,0, 310, False, 2
982,0, 310, False, 2
983,0, 310, False, 2
984,0, 310, False, 2
985,0, 310, False, 2
986,0, 310, False, 2
987,0, 310, False, 2
988,0, 310, False, 2
989,0, 310, False, 2
990,0, 310, False, 2
991,0, 310, False, 2
992,0, 310, False, 2
993,0, 310, False, 2
994,0, 310, False, 2
995,0, 310, False, 2
996,0, 310, False, 2
997,0, 310, False, 2
998,0, 310, False, 2
999,0, 310, False, 2
1000,0, 310, False, 2
1001,0, 310, False, 2
1002,0, 310, False, 2
1003,0, 310, False, 2
1004,0, 310, False, 2
1005,0, 310, False, 2
1006,0, 310, False, 2
1007,0, 310, False, 2
1008,0, 310, False, 2
1009,0, 310, False, 2
1010,0, 310, False, 2
1011,0, 310, False, 2
1012,0, 310, False, 2
1013,0, 310, False, 2
1014,0, 310, False, 2
1015,0, 310, False, 2
1016,0, 310, False, 2
1017,0, 310, False, 2
1018,0, 310, False, 2
1019,0, 310, False, 2
1020,0, 310, False, 2
1021,0, 310, False, 2
1022,0, 310, False, 2
1023,0, 310, False, 2
1024,0, 310, False, 2
1025,0, 310, False, 4
1026,0, 310, False, 4
1027,0, 310, False, 4
1028,0, 310, False, 4
1029,0, 310, False, 4
1030,0, 310, False, 4
1031,0, 310, False, 4
1032,0, 310, False, 4
1033,0, 310, False, 4
1034,0, 310, False, 4
1035,0, 310, False, 4
1036,0, 310, False, 4
1037,0, 310, False, 4
1038,0, 310, False, 4
1039,0, 310, False, 4
1040,0, 310, False, 4
1041,0, 310, False, 4
1042,0, 310, False, 4
1043,0, 310, False, 4
1044,0, 310, False, 4
1045,0, 310, False, 4
1046,0, 310, False, 4
1047,0, 310, False, 4
1048,0, 310, False, 4
1049,0, 310, False, 4
1050,0, 310, False, 4
1051,0, 310, False, 4
1052,0, 310, False, 4
1053,0, 310, False, 4
1054,0, 310, False, 4
1055,0, 310, False, 4
1056,0, 310, False, 4
1057,0, 310, False, 4
1058,0, 310, False, 4
1059,0, 310, False, 4
1060,0, 310, False, 4
1061,0, 310, False, 4
1062,0, 310, False, 4
1063,0, 310, False, 4
1064,0, 310, False, 0
1065,0, 310, False, 0
1066,0, 310, False, 0
1067,0, 310, False, 0
1068,0, 310, False, 0
1069,0, 310, False, 0
1070,0, 310, False, 0
1071,0, 310, False, 0
1072,0, 310, False, 0
1073,0, 310, False, 0
1074,0, 310, False, 0
1075,0, 310, False, 0
1076,0, 310, False, 0
1077,0, 310, False, 0
1078,0, 310, False, 0
1079,0, 310, False, 0
1080,0, 310, False, 0
1081,0, 310, False, 0
1082,0, 310, False, 0
1083,0, 310, False, 0
1084,0, 310, False, 0
1085,0, 310, False, 0
1086,0, 310, False, 0
1087,0, 310, False, 4
1088,0, 310, False, 4
1089,0, 310, False, 4
1090,0, 310, False, 4
1091,0, 310, False, 4
1092,0, 310, False, 4
1093,0, 310, False, 4
1094,0, 310, False, 4
1095,0, 310, False, 4
1096,0, 310, False, 4
1097,0, 310, False, 4
1098,0, 310, False, 4
1099,0, 310, False, 4
1100,0, 310, False, 4
1101,0, 310, False, 4
1102,0, 310, False, 4
1103,0, 310, False, 4
1104,0, 310, False, 4
1105,0, 310, False, 4
1106,0, 310, False, 4
1107,0, 310, False, 4
1108,0, 310, False, 4
1109,0, 310, False, 4
1110,0, 310, False, 4
1111,0, 310, False, 4
1112,0, 310, False, 4
1113,0, 310, False, 4
1114,0, 310, False, 4
1115,0, 310, False, 0
1116,0, 310, False, 0
1117,0, 310, False, 0
1118,0, 310, False, 0
1119,0, 310, False, 0
1120,0, 310, False, 0
1121,0, 310, False, 0
1122,0, 310, False, 0
1123,0, 310, False, 0
1124,0, 310, False, 0
1125,0, 310, False, 0
1126,0, 310, False, 0
1127,0, 310, False, 0
1128,0, 310, False, 0
1129,0, 310, False, 0
1130,0, 310, False, 0
1131,0, 310, False, 0
1132,0, 310, False, 0
1133,0, 310, False, 0
1134,0, 310, False, 0
1135,0, 310, False, 0
1136,0, 310, False, 0
1137,0, 310, False, 0
1138,0, 310, False, 0
1139,0, 310, False, 0
1140,0, 310, False, 0
1141,0, 310, False, 0
1142,0, 310, False, 0
1143,0, 310, False, 0
1144,0, 310, False, 0
1145,0, 310, False, 0
1146,0, 310, False, 0
1147,0, 310, False, 0
1148,0, 310, False, 4
1149,0, 310, False, 4
1150,0, 310, False, 4
1151,0, 310, False, 4
1152,0, 310, False, 4
1153,0, 310, False, 4
1154,0, 310, False, 4
1155,0, 310, False, 4
1156,0, 310, False, 4
1157,0, 310, False, 4
1158,0, 310, False, 4
1159,0, 310, False, 4
1160,0, 310, False, 4
1161,0, 310, False, 4
1162,0, 310, False, 4
1163,0, 310, False, 4
1164,0, 310, False, 4
1165,0, 310, False, 4
1166,0, 310, False, 4
1167,0, 310, False, 4
1168,0, 310, False, 4
1169,0, 310, False, 4
1170,0, 310, False, 4
1171,0, 310, False, 4
1172,0, 310, False, 4
1173,0, 310, False, 0
1174,0, 310, False, 0
1175,0, 310, False, 0
1176,0, 310, False, 0
1177,0, 310, False, 0
1178,0, 310, False, 0
1179,0, 310, False, 0
1180,0, 310, False, 0
1181,0, 310, False, 0
1182,0, 310, False, 4
1183,0, 310, False, 4
1184,0, 310, False, 4
1185,0, 310, False, 4
1186,0, 310, False, 4
1187,0, 310, False, 4
1188,0, 310, False, 4
1189,0, 310, False, 4
1190,0, 310, False, 4
1191,0, 310, False, 4
1192,0, 310, False, 4
1193,0, 310, False, 0
1194,0, 310, False, 0
1195,0, 310, False, 0
1196,0, 310, False, 0
1197,0, 310, False, 0
1198,0, 310, False, 0
1199,0, 310, False, 0
1200,0, 310, False, 0
1201,0, 310, False, 4
1202,0, 310, False, 4
1203,0, 310, False, 4
1204,0, 310, False, 4
1205,0, 310, False, 4
1206,0, 310, False, 4
1207,0, 310, False, 4
1208,0, 310, False, 4
1209,0, 310, False, 4
1210,0, 310, False, 4
1211,0, 310, False, 4
1212,0, 310, False, 4
1213,0, 310, False, 4
1214,0, 310, False, 4
1215,0, 310, False, 4
1216,0, 310, False, 4
1217,0, 310, False, 4
1218,0, 310, False, 4
1219,0, 310, False, 0
1220,0, 310, False, 0
1221,0, 310, False, 0
1222,0, 310, False, 0
1223,10, 320, False, 0
1224,0, 320, False, 0
1225,0, 320, False, 0
1226,0, 320, False, 0
1227,0, 320, False, 0
1228,0, 320, False, 0
1229,0, 320, False, 0
1230,0, 320, False, 0
1231,0, 320, False, 0
1232,0, 320, False, 0
1233,0, 320, False, 0
1234,0, 320, False, 0
1235,0, 320, False, 0
1236,0, 320, False, 0
1237,10, 330, False, 0
1238,0, 330, False, 0
1239,0, 330, False, 0
1240,0, 330, False, 0
1241,0, 330, False, 0
1242,0, 330, False, 0
1243,0, 330, False, 0
1244,0, 330, False, 0
1245,0, 330, False, 0
1246,0, 330, False, 0
1247,0, 330, False, 0
1248,0, 330, False, 0
1249,0, 330, False, 0
1250,0, 330, False, 0
1251,10, 340, False, 0
1252,0, 340, False, 0
1253,0, 340, False, 0
1254,0, 340, False, 0
1255,0, 340, False, 0
1256,0, 340, False, 0
1257,0, 340, False, 0
1258,0, 340, False, 0
1259,0, 340, False, 0
1260,0, 340, False, 4
1261,0, 340, False, 4
1262,0, 340, False, 4
1263,10, 350, False, 4
1264,0, 350, False, 4
1265,0, 350, False, 4
1266,0, 350, False, 4
1267,0, 350, False, 4
1268,0, 350, False, 4
1269,0, 350, False, 4
1270,0, 350, False, 4
1271,0, 350, False, 4
1272,0, 350, False, 4
1273,0, 350, False, 4
1274,0, 350, False, 4
1275,0, 350, False, 4
1276,0, 350, False, 4
1277,10, 360, False, 4
1278,0, 360, False, 4
1279,0, 360, False, 4
1280,0, 360, False, 4
1281,0, 360, False, 4
1282,0, 360, False, 4
1283,0, 360, False, 4
1284,0, 360, False, 4
1285,0, 360, False, 4
1286,0, 360, False, 4
1287,0, 360, False, 4
1288,0, 360, False, 4
1289,0, 360, False, 4
1290,0, 360, False, 4
1291,10, 370, False, 4
1292,0, 370, False, 4
1293,0, 370, False, 4
1294,0, 370, False, 4
1295,0, 370, False, 4
1296,0, 370, False, 4
1297,0, 370, False, 4
1298,0, 370, False, 4
1299,0, 370, False, 4
1300,0, 370, False, 4
1301,0, 370, False, 4
1302,0, 370, False, 4
1303,0, 370, False, 4
1304,0, 370, False, 4
1305,0, 370, False, 4
1306,0, 370, False, 4
1307,0, 370, False, 4
1308,0, 370, False, 4
1309,0, 370, False, 4
1310,0, 370, False, 4
1311,0, 370, False, 4
1312,0, 370, False, 4
1313,0, 370, False, 4
1314,0, 370, False, 4
1315,0, 370, False, 4
1316,0, 370, False, 4
1317,0, 370, False, 4
1318,0, 370, False, 4
1319,0, 370, False, 0
1320,0, 370, False, 0
1321,0, 370, False, 0
1322,0, 370, False, 0
1323,0, 370, False, 0
1324,0, 370, False, 5
1325,0, 370, False, 5
1326,0, 370, False, 5
1327,0, 370, False, 5
1328,0, 370, False, 5
1329,0, 370, False, 5
1330,0, 370, False, 5
1331,10, 380, False, 5
1332,0, 380, False, 5
1333,0, 380, False, 5
1334,0, 380, False, 5
1335,0, 380, False, 5
1336,0, 380, False, 5
1337,0, 380, False, 0
1338,0, 380, False, 0
1339,0, 380, False, 0
1340,0, 380, False, 0
1341,0, 380, False, 0
1342,0, 380, False, 0
1343,0, 380, False, 0
1344,0, 380, False, 0
1345,10, 390, False, 0
1346,0, 390, False, 0
1347,0, 390, False, 4
1348,0, 390, False, 4
1349,0, 390, False, 4
1350,0, 390, False, 4
1351,0, 390, False, 4
1352,0, 390, False, 4
1353,0, 390, False, 4
1354,0, 390, False, 4
1355,0, 390, False, 4
1356,0, 390, False, 4
1357,0, 390, False, 4
1358,0, 390, False, 4
1359,0, 390, False, 4
1360,0, 390, False, 4
1361,10, 400, False, 4
1362,0, 400, False, 4
1363,0, 400, False, 4
1364,0, 400, False, 4
1365,0, 400, False, 4
1366,0, 400, False, 4
1367,0, 400, False, 4
1368,0, 400, False, 4
1369,0, 400, False, 4
1370,0, 400, False, 4
1371,0, 400, False, 4
1372,0, 400, False, 4
1373,0, 400, False, 4
1374,0, 400, False, 4
1375,10, 410, False, 4
1376,0, 410, False, 4
1377,0, 410, False, 4
1378,0, 410, False, 4
1379,0, 410, False, 4
1380,0, 410, False, 4
1381,0, 410, False, 4
1382,0, 410, False, 4
1383,0, 410, False, 4
1384,0, 410, False, 4
1385,0, 410, False, 4
1386,0, 410, False, 9
1387,10, 420, False, 9
1388,0, 420, False, 5
1389,0, 420, False, 5
1390,0, 420, False, 5
1391,0, 420, False, 5
1392,0, 420, False, 5
1393,0, 420, False, 5
1394,0, 420, False, 5
1395,0, 420, False, 5
1396,0, 420, False, 5
1397,0, 420, False, 5
1398,0, 420, False, 5
1399,10, 430, False, 5
1400,0, 430, False, 5
1401,0, 430, False, 5
1402,0, 430, False, 5
1403,0, 430, False, 5
1404,0, 430, False, 5
1405,0, 430, False, 5
1406,0, 430, False, 5
1407,0, 430, False, 5
1408,0, 430, False, 5
1409,0, 430, False, 5
1410,0, 430, False, 5
1411,0, 430, False, 5
1412,0, 430, False, 5
1413,50, 480, False, 5
1414,0, 480, False, 5
1415,0, 480, False, 5
1416,0, 480, False, 5
1417,0, 480, False, 5
1418,0, 480, False, 5
1419,0, 480, False, 5
1420,0, 480, False, 5
1421,0, 480, False, 5
1422,0, 480, False, 5
1423,0, 480, False, 5
1424,0, 480, False, 5
1425,10, 490, False, 5
1426,0, 490, False, 5
1427,0, 490, False, 5
1428,0, 490, False, 5
1429,0, 490, False, 5
1430,0, 490, False, 0
1431,0, 490, False, 3
1432,0, 490, False, 3
1433,0, 490, False, 3
1434,0, 490, False, 3
1435,0, 490, False, 3
1436,0, 490, False, 3
1437,0, 490, False, 3
1438,0, 490, False, 3
1439,10, 500, False, 3
1440,0, 500, False, 3
1441,0, 500, False, 3
1442,0, 500, False, 3
1443,0, 500, False, 3
1444,0, 500, False, 3
1445,0, 500, False, 3
1446,0, 500, False, 3
1447,0, 500, False, 3
1448,0, 500, False, 3
1449,0, 500, False, 3
1450,0, 500, False, 3
1451,0, 500, False, 3
1452,0, 500, False, 3
1453,10, 510, False, 3
1454,0, 510, False, 3
1455,0, 510, False, 3
1456,0, 510, False, 3
1457,0, 510, False, 3
1458,0, 510, False, 3
1459,0, 510, False, 3
1460,0, 510, False, 3
1461,0, 510, False, 3
1462,0, 510, False, 3
1463,0, 510, False, 3
1464,0, 510, False, 3
1465,0, 510, False, 3
1466,0, 510, False, 0
1467,10, 520, False, 0
1468,0, 520, False, 0
1469,0, 520, False, 0
1470,0, 520, False, 0
1471,0, 520, False, 0
1472,0, 520, False, 0
1473,0, 520, False, 2
1474,0, 520, False, 2
1475,0, 520, False, 2
1476,0, 520, False, 2
1477,0, 520, False, 2
1478,0, 520, False, 2
1479,10, 530, False, 2
1480,0, 530, False, 2
1481,0, 530, False, 2
1482,0, 530, False, 2
1483,0, 530, False, 2
1484,0, 530, False, 2
1485,0, 530, False, 2
1486,0, 530, False, 2
1487,0, 530, False, 2
1488,0, 530, False, 2
1489,0, 530, False, 2
1490,0, 530, False, 2
1491,0, 530, False, 2
1492,0, 530, False, 2
1493,10, 540, False, 2
1494,0, 540, False, 2
1495,0, 540, False, 2
1496,0, 540, False, 2
1497,0, 540, False, 2
1498,0, 540, False, 2
1499,0, 540, False, 2
1500,0, 540, False, 2
1501,0, 540, False, 2
1502,0, 540, False, 2
1503,0, 540, False, 2
1504,0, 540, False, 2
1505,0, 540, False, 2
1506,0, 540, False, 2
1507,10, 550, False, 2
1508,0, 550, False, 2
1509,0, 550, False, 2
1510,0, 550, False, 2
1511,0, 550, False, 2
1512,0, 550, False, 2
1513,0, 550, False, 2
1514,0, 550, False, 2
1515,0, 550, False, 2
1516,0, 550, False, 2
1517,0, 550, False, 2
1518,0, 550, False, 2
1519,10, 560, False, 2
1520,0, 560, False, 2
1521,0, 560, False, 2
1522,0, 560, False, 2
1523,0, 560, False, 2
1524,0, 560, False, 2
1525,0, 560, False, 2
1526,0, 560, False, 2
1527,0, 560, False, 2
1528,0, 560, False, 2
1529,0, 560, False, 2
1530,0, 560, False, 2
1531,0, 560, False, 2
1532,0, 560, False, 2
1533,0, 560, False, 2
1534,0, 560, False, 2
1535,0, 560, False, 2
1536,0, 560, False, 2
1537,10, 570, False, 2
1538,0, 570, False, 2
1539,0, 570, False, 2
1540,0, 570, False, 2
1541,0, 570, False, 2
1542,0, 570, False, 2
1543,0, 570, False, 2
1544,0, 570, False, 2
1545,0, 570, False, 2
1546,0, 570, False, 2
1547,0, 570, False, 2
1548,0, 570, False, 2
1549,0, 570, False, 2
1550,0, 570, False, 2
1551,10, 580, False, 2
1552,0, 580, False, 2
1553,0, 580, False, 2
1554,0, 580, False, 2
1555,0, 580, False, 2
1556,0, 580, False, 2
1557,0, 580, False, 2
1558,0, 580, False, 2
1559,0, 580, False, 2
1560,0, 580, False, 2
1561,0, 580, False, 2
1562,0, 580, False, 2
1563,0, 580, False, 2
1564,0, 580, False, 2
1565,10, 590, False, 2
1566,0, 590, False, 2
1567,0, 590, False, 2
1568,0, 590, False, 2
1569,0, 590, False, 2
1570,0, 590, False, 2
1571,0, 590, False, 2
1572,0, 590, False, 2
1573,0, 590, False, 2
1574,0, 590, False, 2
1575,0, 590, False, 2
1576,0, 590, False, 2
1577,0, 590, False, 2
1578,0, 590, False, 0
1579,10, 600, False, 0
1580,0, 600, False, 0
1581,0, 600, False, 0
1582,0, 600, False, 0
1583,0, 600, False, 0
1584,0, 600, False, 0
1585,0, 600, False, 0
1586,0, 600, False, 4
1587,0, 600, False, 4
1588,0, 600, False, 4
1589,0, 600, False, 4
1590,0, 600, False, 4
1591,0, 600, False, 4
1592,0, 600, False, 4
1593,0, 600, False, 4
1594,0, 600, False, 4
1595,0, 600, False, 4
1596,0, 600, False, 4
1597,0, 600, False, 4
1598,0, 600, False, 4
1599,0, 600, False, 4
1600,0, 600, False, 4
1601,0, 600, False, 4
1602,0, 600, False, 4
1603,0, 600, False, 4
1604,0, 600, False, 4
1605,0, 600, False, 4
1606,0, 600, False, 4
1607,0, 600, False, 4
1608,0, 600, False, 0
1609,0, 600, False, 0
1610,0, 600, False, 0
1611,0, 600, False, 0
1612,0, 600, False, 0
1613,0, 600, False, 0
1614,0, 600, False, 0
1615,0, 600, False, 0
1616,0, 600, False, 0
1617,0, 600, False, 0
1618,0, 600, False, 0
1619,0, 600, False, 0
1620,0, 600, False, 0
1621,0, 600, False, 0
1622,0, 600, False, 0
1623,0, 600, False, 0
1624,0, 600, False, 0
1625,0, 600, False, 0
1626,0, 600, False, 0
1627,0, 600, False, 0
1628,0, 600, False, 0
1629,0, 600, False, 0
1630,0, 600, False, 0
1631,0, 600, False, 0
1632,0, 600, False, 0
1633,0, 600, False, 0
1634,0, 600, False, 0
1635,0, 600, False, 0
1636,0, 600, False, 0
1637,0, 600, False, 0
1638,0, 600, False, 0
1639,0, 600, False, 0
1640,0, 600, False, 0
1641,0, 600, False, 0
1642,0, 600, False, 0
1643,0, 600, False, 5
1644,0, 600, False, 5
1645,0, 600, False, 5
1646,0, 600, False, 5
1647,0, 600, False, 5
1648,0, 600, False, 5
1649,0, 600, False, 5
1650,0, 600, False, 5
1651,0, 600, False, 5
1652,0, 600, False, 5
1653,0, 600, False, 5
1654,0, 600, False, 5
1655,0, 600, False, 5
1656,0, 600, False, 5
1657,0, 600, False, 5
1658,0, 600, False, 5
1659,0, 600, False, 5
1660,0, 600, False, 5
1661,0, 600, False, 5
1662,0, 600, False, 5
1663,0, 600, False, 5
1664,0, 600, False, 5
1665,0, 600, False, 5
1666,0, 600, False, 5
1667,0, 600, False, 5
1668,0, 600, False, 5
1669,0, 600, False, 5
1670,0, 600, False, 5
1671,0, 600, False, 5
1672,0, 600, False, 5
1673,0, 600, False, 5
1674,0, 600, False, 5
1675,10, 610, False, 9
1676,0, 610, False, 9
1677,0, 610, False, 9
1678,0, 610, False, 5
1679,0, 610, False, 5
1680,0, 610, False, 5
1681,0, 610, False, 5
1682,0, 610, False, 5
1683,0, 610, False, 5
1684,0, 610, False, 5
1685,0, 610, False, 5
1686,0, 610, False, 5
1687,0, 610, False, 5
1688,0, 610, False, 5
1689,10, 620, False, 5
1690,0, 620, False, 5
1691,0, 620, False, 5
1692,0, 620, False, 5
1693,0, 620, False, 5
1694,0, 620, False, 5
1695,0, 620, False, 5
1696,0, 620, False, 5
1697,0, 620, False, 5
1698,0, 620, False, 5
1699,0, 620, False, 5
1700,0, 620, False, 5
1701,0, 620, False, 5
1702,0, 620, False, 5
1703,0, 620, False, 5
1704,0, 620, False, 5
1705,0, 620, False, 5
1706,0, 620, False, 4
1707,0, 620, False, 4
1708,0, 620, False, 4
1709,0, 620, False, 4
1710,0, 620, False, 4
1711,0, 620, False, 4
1712,0, 620, False, 4
1713,0, 620, False, 4
1714,0, 620, False, 4
1715,0, 620, False, 4
1716,0, 620, False, 4
1717,0, 620, False, 4
1718,0, 620, False, 4
1719,0, 620, False, 4
1720,0, 620, False, 4
1721,0, 620, False, 4
1722,0, 620, False, 4
1723,0, 620, False, 4
1724,0, 620, False, 4
1725,0, 620, False, 4
1726,0, 620, False, 4
1727,0, 620, False, 4
1728,0, 620, False, 4
1729,0, 620, False, 4
1730,0, 620, False, 4
1731,0, 620, False, 4
1732,0, 620, False, 4
1733,0, 620, False, 4
1734,0, 620, False, 4
1735,0, 620, False, 4
1736,0, 620, False, 4
1737,0, 620, False, 4
1738,0, 620, False, 4
1739,0, 620, False, 4
1740,0, 620, False, 4
1741,0, 620, False, 4
1742,0, 620, False, 4
1743,0, 620, False, 2
1744,0, 620, False, 2
1745,0, 620, False, 2
1746,0, 620, False, 2
1747,0, 620, False, 2
1748,0, 620, False, 2
1749,0, 620, False, 2
1750,0, 620, False, 2
1751,0, 620, False, 2
1752,0, 620, False, 2
1753,0, 620, False, 2
1754,0, 620, False, 2
1755,0, 620, False, 2
1756,0, 620, False, 2
1757,0, 620, False, 2
1758,0, 620, False, 2
1759,0, 620, False, 2
1760,0, 620, False, 2
1761,0, 620, False, 2
1762,0, 620, False, 2
1763,0, 620, False, 2
1764,0, 620, False, 2
1765,0, 620, False, 2
1766,0, 620, False, 2
1767,0, 620, False, 2
1768,0, 620, False, 2
1769,0, 620, False, 2
1770,0, 620, False, 2
1771,0, 620, False, 2
1772,0, 620, False, 2
1773,0, 620, False, 2
1774,0, 620, False, 2
1775,0, 620, False, 2
1776,0, 620, False, 2
1777,0, 620, False, 2
1778,0, 620, False, 2
1779,0, 620, False, 2
1780,0, 620, False, 2
1781,0, 620, False, 0
1782,0, 620, False, 0
1783,0, 620, False, 0
1784,0, 620, False, 0
1785,0, 620, False, 0
1786,0, 620, False, 3
1787,0, 620, False, 3
1788,0, 620, False, 3
1789,200, 820, False, 3
1790,0, 820, False, 3
1791,0, 820, False, 3
1792,0, 820, False, 3
1793,0, 820, False, 3
1794,0, 820, False, 3
1795,0, 820, False, 3
1796,0, 820, False, 3
1797,0, 820, False, 3
1798,0, 820, False, 3
1799,0, 820, False, 3
1800,0, 820, False, 3
1801,0, 820, False, 3
1802,0, 820, False, 3
1803,0, 820, False, 3
1804,0, 820, False, 3
1805,0, 820, False, 3
1806,0, 820, False, 3
1807,0, 820, False, 3
1808,0, 820, False, 3
1809,0, 820, False, 3
1810,0, 820, False, 3
1811,0, 820, False, 3
1812,0, 820, False, 3
1813,0, 820, False, 3
1814,0, 820, False, 3
1815,0, 820, False, 3
1816,0, 820, False, 3
1817,0, 820, False, 3
1818,0, 820, False, 3
1819,0, 820, False, 3
1820,0, 820, False, 3
1821,0, 820, False, 3
1822,0, 820, False, 3
1823,0, 820, False, 0
1824,0, 820, False, 0
1825,0, 820, False, 0
1826,0, 820, False, 0
1827,0, 820, False, 0
1828,0, 820, False, 0
1829,0, 820, False, 0
1830,0, 820, False, 0
1831,0, 820, False, 0
1832,0, 820, False, 0
1833,0, 820, False, 0
1834,0, 820, False, 0
1835,0, 820, False, 0
1836,0, 820, False, 0
1837,0, 820, False, 0
1838,0, 820, False, 0
1839,0, 820, False, 0
1840,0, 820, False, 0
1841,0, 820, False, 0
1842,0, 820, False, 0
1843,0, 820, False, 0
1844,0, 820, False, 0
1845,0, 820, False, 0
1846,0, 820, False, 0
1847,0, 820, False, 0
1848,0, 820, False, 0
1849,0, 820, False, 0
1850,0, 820, False, 0
1851,0, 820, False, 0
1852,0, 820, False, 0
1853,0, 820, False, 0
1854,0, 820, False, 0
1855,0, 820, False, 0
1856,0, 820, False, 0
1857,0, 820, False, 0
1858,0, 820, False, 0
1859,0, 820, False, 0
1860,0, 820, False, 0
1861,0, 820, False, 0
1862,0, 820, False, 0
1863,0, 820, False, 0
1864,0, 820, False, 0
1865,0, 820, False, 0
1866,0, 820, False, 0
1867,0, 820, False, 0
1868,0, 820, False, 0
1869,0, 820, False, 2
1870,0, 820, False, 2
1871,0, 820, False, 2
1872,0, 820, False, 2
1873,0, 820, False, 2
1874,0, 820, False, 2
1875,0, 820, False, 2
1876,0, 820, False, 2
1877,0, 820, False, 2
1878,0, 820, False, 2
1879,0, 820, False, 0
1880,0, 820, False, 0
1881,0, 820, False, 0
1882,0, 820, False, 0
1883,0, 820, False, 0
1884,0, 820, False, 0
1885,0, 820, False, 0
1886,0, 820, False, 0
1887,0, 820, False, 0
1888,0, 820, False, 0
1889,0, 820, False, 0
1890,0, 820, False, 0
1891,0, 820, False, 5
1892,0, 820, False, 5
1893,0, 820, False, 5
1894,0, 820, False, 5
1895,0, 820, False, 5
1896,0, 820, False, 5
1897,0, 820, False, 5
1898,0, 820, False, 5
1899,0, 820, False, 5
1900,0, 820, False, 5
1901,0, 820, False, 5
1902,0, 820, False, 5
1903,0, 820, False, 5
1904,0, 820, False, 5
1905,0, 820, False, 5
1906,0, 820, False, 5
1907,0, 820, False, 5
1908,0, 820, False, 5
1909,0, 820, False, 5
1910,0, 820, False, 5
1911,0, 820, False, 5
1912,0, 820, False, 5
1913,0, 820, False, 5
1914,0, 820, False, 5
1915,0, 820, False, 5
1916,0, 820, False, 5
1917,0, 820, False, 5
1918,0, 820, False, 5
1919,0, 820, False, 5
1920,0, 820, False, 5
1921,0, 820, False, 5
1922,0, 820, False, 5
1923,0, 820, False, 5
1924,0, 820, False, 5
1925,0, 820, False, 5
1926,0, 820, False, 5
1927,0, 820, False, 5
1928,0, 820, False, 5
1929,0, 820, False, 5
1930,0, 820, False, 5
1931,0, 820, False, 5
1932,0, 820, False, 5
1933,0, 820, False, 5
1934,0, 820, False, 5
1935,0, 820, False, 5
1936,0, 820, False, 5
1937,0, 820, False, 5
1938,0, 820, False, 5
1939,0, 820, False, 5
1940,0, 820, False, 5
1941,0, 820, False, 5
1942,0, 820, False, 5
1943,0, 820, False, 5
1944,0, 820, False, 5
1945,0, 820, False, 5
1946,0, 820, False, 5
1947,0, 820, False, 5
1948,0, 820, False, 5
1949,0, 820, False, 5
1950,0, 820, False, 5
1951,0, 820, False, 5
1952,0, 820, False, 0
1953,0, 820, False, 0
1954,0, 820, False, 0
1955,0, 820, False, 0
1956,0, 820, False, 0
1957,0, 820, False, 0
1958,0, 820, False, 0
1959,0, 820, False, 4
1960,0, 820, False, 4
1961,0, 820, False, 4
1962,0, 820, False, 4
1963,0, 820, False, 4
1964,0, 820, False, 4
1965,0, 820, False, 4
1966,0, 820, False, 4
1967,0, 820, False, 4
1968,0, 820, False, 4
1969,0, 820, False, 4
1970,0, 820, False, 4
1971,0, 820, False, 4
1972,0, 820, False, 4
1973,0, 820, False, 4
1974,0, 820, False, 4
1975,0, 820, False, 4
1976,0, 820, False, 4
1977,0, 820, False, 0
1978,0, 820, False, 0
1979,0, 820, False, 0
1980,0, 820, False, 0
1981,0, 820, False, 0
1982,0, 820, False, 0
1983,0, 820, False, 0
1984,0, 820, False, 0
1985,0, 820, False, 0
1986,0, 820, False, 0
1987,0, 820, False, 0
1988,0, 820, False, 0
1989,0, 820, False, 0
1990,0, 820, False, 2
1991,0, 820, False, 2
1992,0, 820, False, 2
1993,0, 820, False, 2
1994,0, 820, False, 2
1995,0, 820, False, 2
1996,0, 820, False, 2
1997,0, 820, False, 2
1998,0, 820, False, 2
1999,0, 820, False, 2
2000,0, 820, False, 2
2001,0, 820, False, 2
2002,0, 820, False, 2
2003,0, 820, False, 2
2004,0, 820, False, 2
2005,0, 820, False, 2
2006,0, 820, False, 2
2007,0, 820, False, 2
2008,0, 820, False, 0
2009,0, 820, False, 0
2010,0, 820, False, 0
2011,0, 820, False, 0
2012,0, 820, False, 0
2013,0, 820, False, 0
2014,0, 820, False, 0
2015,0, 820, False, 0
2016,0, 820, False, 0
2017,0, 820, False, 0
2018,0, 820, False, 0
2019,0, 820, False, 3
2020,0, 820, False, 3
2021,0, 820, False, 3
2022,0, 820, False, 3
2023,0, 820, False, 3
2024,0, 820, False, 3
2025,0, 820, False, 3
2026,0, 820, False, 0
2027,0, 820, False, 0
2028,0, 820, False, 0
2029,0, 820, False, 0
2030,0, 820, False, 0
2031,0, 820, False, 0
2032,0, 820, False, 0
2033,0, 820, False, 2
2034,0, 820, False, 2
2035,0, 820, False, 2
2036,0, 820, False, 2
2037,0, 820, False, 2
2038,0, 820, False, 2
2039,0, 820, False, 2
2040,0, 820, False, 2
2041,0, 820, False, 2
2042,0, 820, False, 2
2043,0, 820, False, 2
2044,0, 820, False, 2
2045,0, 820, False, 2
2046,0, 820, False, 2
2047,0, 820, False, 2
2048,0, 820, False, 2
2049,0, 820, False, 2
2050,0, 820, False, 2
2051,0, 820, False, 2
2052,0, 820, False, 2
2053,0, 820, False, 2
2054,0, 820, False, 2
2055,0, 820, False, 2
2056,0, 820, False, 0
2057,0, 820, False, 0
2058,0, 820, False, 0
2059,0, 820, False, 0
2060,0, 820, False, 0
2061,0, 820, False, 0
2062,0, 820, False, 0
2063,0, 820, False, 0
2064,0, 820, False, 0
2065,0, 820, False, 3
2066,0, 820, False, 3
2067,0, 820, False, 3
2068,0, 820, False, 3
2069,0, 820, False, 3
2070,0, 820, False, 3
2071,0, 820, False, 3
2072,0, 820, False, 0
2073,0, 820, False, 0
2074,0, 820, False, 0
2075,0, 820, False, 0
2076,0, 820, False, 0
2077,0, 820, False, 0
2078,0, 820, False, 2
2079,0, 820, False, 2
2080,0, 820, False, 2
2081,0, 820, False, 2
2082,0, 820, False, 2
2083,0, 820, False, 2
2084,0, 820, False, 2
2085,0, 820, False, 2
2086,0, 820, False, 2
2087,0, 820, False, 2
2088,0, 820, False, 2
2089,0, 820, False, 2
2090,0, 820, False, 2
2091,0, 820, False, 2
2092,0, 820, False, 2
2093,0, 820, False, 2
2094,0, 820, False, 2
2095,0, 820, False, 2
2096,0, 820, False, 2
2097,0, 820, False, 2
2098,0, 820, False, 2
2099,0, 820, False, 2
2100,0, 820, False, 2
2101,0, 820, False, 2
2102,0, 820, False, 2
2103,0, 820, False, 2
2104,0, 820, False, 2
2105,0, 820, False, 2
2106,0, 820, False, 2
2107,0, 820, False, 2
2108,0, 820, False, 2
2109,0, 820, False, 2
2110,0, 820, False, 2
2111,0, 820, False, 2
2112,0, 820, False, 2
2113,0, 820, False, 2
2114,0, 820, False, 2
2115,0, 820, False, 2
2116,0, 820, False, 2
2117,0, 820, False, 2
2118,0, 820, False, 2
2119,0, 820, False, 0
2120,0, 820, False, 0
2121,0, 820, False, 0
2122,0, 820, False, 0
2123,0, 820, False, 0
2124,0, 820, False, 0
2125,0, 820, False, 0
2126,0, 820, False, 0
2127,0, 820, False, 0
2128,0, 820, False, 0
2129,0, 820, False, 3
2130,0, 820, False, 3
2131,0, 820, False, 3
2132,0, 820, False, 3
2133,0, 820, False, 3
2134,0, 820, False, 3
2135,0, 820, False, 3
2136,0, 820, False, 3
2137,0, 820, False, 3
2138,0, 820, False, 3
2139,0, 820, False, 3
2140,0, 820, False, 3
2141,0, 820, False, 3
2142,0, 820, False, 3
2143,0, 820, False, 3
2144,0, 820, False, 3
2145,0, 820, False, 3
2146,0, 820, False, 3
2147,0, 820, False, 3
2148,0, 820, False, 3
2149,0, 820, False, 3
2150,0, 820, False, 8
2151,0, 820, False, 8
2152,0, 820, False, 5
2153,0, 820, False, 5
2154,0, 820, False, 5
2155,0, 820, False, 5
2156,0, 820, False, 5
2157,0, 820, False, 5
2158,0, 820, False, 5
2159,10, 830, False, 5
2160,0, 830, False, 5
2161,0, 830, False, 5
2162,0, 830, False, 5
2163,0, 830, False, 5
2164,0, 830, False, 5
2165,0, 830, False, 5
2166,0, 830, False, 5
2167,0, 830, False, 5
2168,0, 830, False, 5
2169,0, 830, False, 5
2170,0, 830, False, 5
2171,0, 830, False, 5
2172,0, 830, False, 5
2173,10, 840, False, 5
2174,0, 840, False, 5
2175,0, 840, False, 5
2176,0, 840, False, 5
2177,0, 840, False, 5
2178,0, 840, False, 5
2179,0, 840, False, 5
2180,0, 840, False, 5
2181,0, 840, False, 5
2182,0, 840, False, 5
2183,0, 840, False, 5
2184,0, 840, False, 5
2185,0, 840, False, 5
2186,0, 840, False, 5
2187,10, 850, False, 5
2188,0, 850, False, 5
2189,0, 850, False, 5
2190,0, 850, False, 5
2191,0, 850, False, 5
2192,0, 850, False, 5
2193,0, 850, False, 5
2194,0, 850, False, 5
2195,0, 850, False, 5
2196,0, 850, False, 5
2197,0, 850, False, 5
2198,0, 850, False, 5
2199,0, 850, False, 3
2200,0, 850, False, 3
2201,0, 850, False, 3
2202,0, 850, False, 3
2203,0, 850, False, 3
2204,0, 850, False, 3
2205,0, 850, False, 3
2206,0, 850, False, 3
2207,10, 860, False, 3
2208,0, 860, False, 3
2209,0, 860, False, 3
2210,0, 860, False, 3
2211,0, 860, False, 3
2212,0, 860, False, 3
2213,0, 860, False, 3
2214,0, 860, False, 3
2215,0, 860, False, 3
2216,0, 860, False, 3
2217,0, 860, False, 3
2218,0, 860, False, 3
2219,0, 860, False, 3
2220,0, 860, False, 3
2221,0, 860, False, 3
2222,0, 860, False, 3
2223,0, 860, False, 3
2224,0, 860, False, 3
2225,0, 860, False, 3
2226,0, 860, False, 3
2227,0, 860, False, 3
2228,0, 860, False, 3
2229,0, 860, False, 3
2230,0, 860, False, 3
2231,0, 860, False, 3
2232,0, 860, False, 3
2233,0, 860, False, 3
2234,0, 860, False, 3
2235,0, 860, False, 3
2236,0, 860, False, 3
2237,0, 860, False, 3
2238,0, 860, False, 3
2239,0, 860, False, 3
2240,0, 860, False, 3
2241,0, 860, False, 3
2242,0, 860, False, 3
2243,0, 860, False, 3
2244,0, 860, False, 3
2245,0, 860, False, 3
2246,0, 860, False, 3
2247,0, 860, False, 3
2248,0, 860, False, 3
2249,0, 860, False, 3
2250,0, 860, False, 3
2251,0, 860, False, 3
2252,0, 860, False, 3
2253,0, 860, False, 3
2254,0, 860, False, 3
2255,0, 860, False, 3
2256,0, 860, False, 3
2257,0, 860, False, 3
2258,0, 860, False, 3
2259,0, 860, False, 3
2260,0, 860, False, 3
2261,0, 860, False, 3
2262,0, 860, False, 0
2263,0, 860, False, 0
2264,0, 860, False, 0
2265,0, 860, False, 0
2266,0, 860, False, 0
2267,0, 860, False, 0
2268,0, 860, False, 0
2269,0, 860, False, 0
2270,0, 860, False, 0
2271,0, 860, False, 0
2272,0, 860, False, 0
2273,0, 860, False, 0
2274,0, 860, False, 0
2275,0, 860, False, 0
2276,0, 860, False, 0
2277,0, 860, False, 0
2278,0, 860, False, 0
2279,0, 860, False, 0
2280,0, 860, False, 0
2281,0, 860, False, 0
2282,0, 860, False, 0
2283,0, 860, False, 0
2284,0, 860, False, 0
2285,0, 860, False, 0
2286,0, 860, False, 0
2287,0, 860, False, 0
2288,0, 860, False, 0
2289,0, 860, False, 0
2290,0, 860, False, 0
2291,0, 860, False, 0
2292,0, 860, False, 0
2293,0, 860, False, 0
2294,0, 860, False, 0
2295,0, 860, False, 0
2296,0, 860, False, 0
2297,0, 860, False, 0
2298,0, 860, False, 0
2299,0, 860, False, 0
2300,0, 860, False, 0
2301,0, 860, False, 0
2302,0, 860, False, 0
2303,0, 860, False, 0
2304,0, 860, False, 0
2305,0, 860, False, 0
2306,0, 860, False, 0
2307,0, 860, False, 0
2308,0, 860, False, 0
2309,0, 860, False, 0
2310,0, 860, False, 0
2311,0, 860, False, 0
2312,0, 860, False, 0
2313,0, 860, False, 0
2314,0, 860, False, 0
2315,0, 860, False, 0
2316,0, 860, False, 0
2317,0, 860, False, 0
2318,0, 860, False, 0
2319,0, 860, False, 0
2320,0, 860, False, 0
2321,0, 860, False, 0
2322,0, 860, False, 0
2323,0, 860, False, 0
2324,0, 860, False, 0
2325,0, 860, False, 0
2326,0, 860, False, 0
2327,0, 860, False, 0
2328,0, 860, False, 0
2329,0, 860, False, 0
2330,0, 860, False, 0
2331,0, 860, False, 0
2332,0, 860, False, 0
2333,0, 860, False, 0
2334,0, 860, False, 0
2335,0, 860, False, 0
2336,0, 860, False, 0
2337,0, 860, False, 0
2338,0, 860, False, 0
2339,0, 860, False, 0
2340,0, 860, False, 0
2341,0, 860, False, 0
2342,0, 860, False, 0
2343,0, 860, False, 0
2344,0, 860, False, 0
2345,0, 860, False, 0
2346,0, 860, False, 0
2347,0, 860, False, 0
2348,0, 860, False, 0
2349,0, 860, False, 0
2350,0, 860, False, 0
2351,0, 860, False, 0
2352,0, 860, False, 0
2353,0, 860, False, 0
2354,0, 860, False, 0
2355,0, 860, False, 0
2356,0, 860, False, 0
2357,0, 860, False, 0
2358,0, 860, False, 0
2359,0, 860, False, 0
2360,0, 860, False, 0
2361,0, 860, False, 0
2362,0, 860, False, 0
2363,0, 860, False, 0
2364,0, 860, False, 0
2365,0, 860, False, 0
2366,0, 860, False, 0
2367,0, 860, False, 0
2368,0, 860, False, 0
2369,0, 860, False, 0
2370,0, 860, False, 0
2371,0, 860, False, 0
2372,0, 860, False, 0
2373,0, 860, False, 0
2374,0, 860, False, 0
2375,0, 860, False, 0
2376,0, 860, False, 0
2377,0, 860, False, 0
2378,0, 860, False, 0
2379,0, 860, False, 0
2380,0, 860, False, 0
2381,0, 860, False, 0
2382,0, 860, False, 0
2383,0, 860, False, 0
2384,0, 860, False, 0
2385,0, 860, False, 0
2386,0, 860, False, 0
2387,0, 860, False, 0
2388,0, 860, False, 0
2389,0, 860, False, 0
2390,0, 860, False, 0
2391,0, 860, False, 0
2392,0, 860, False, 0
2393,0, 860, False, 0
2394,0, 860, False, 0
2395,0, 860, False, 0
2396,0, 860, False, 0
2397,0, 860, False, 0
2398,0, 860, False, 0
2399,0, 860, False, 0
2400,0, 860, False, 0
2401,0, 860, False, 0
2402,0, 860, False, 0
2403,0, 860, False, 0
2404,0, 860, False, 0
2405,0, 860, False, 0
2406,0, 860, False, 0
2407,0, 860, False, 0
2408,0, 860, False, 0
2409,0, 860, False, 0
2410,0, 860, False, 0
2411,0, 860, False, 0
2412,0, 860, False, 0
2413,0, 860, False, 0
2414,0, 860, False, 0
2415,0, 860, False, 0
2416,0, 860, False, 0
2417,0, 860, False, 0
2418,0, 860, False, 0
2419,0, 860, False, 0
2420,0, 860, False, 0
2421,0, 860, False, 0
2422,0, 860, False, 0
2423,0, 860, False, 0
2424,0, 860, False, 0
2425,0, 860, False, 0
2426,0, 860, False, 0
2427,0, 860, False, 0
2428,0, 860, False, 0
2429,0, 860, False, 0
2430,0, 860, False, 0
2431,0, 860, False, 0
2432,0, 860, False, 0
2433,0, 860, False, 0
2434,0, 860, False, 0
2435,0, 860, False, 0
2436,0, 860, False, 0
2437,0, 860, False, 0
2438,0, 860, False, 0
2439,0, 860, False, 0
2440,0, 860, False, 0
2441,0, 860, False, 0
2442,0, 860, False, 0
2443,0, 860, False, 0
2444,0, 860, False, 0
2445,0, 860, False, 0
2446,0, 860, False, 0
2447,0, 860, False, 0
2448,0, 860, False, 0
2449,0, 860, False, 0
2450,0, 860, False, 0
2451,0, 860, False, 0
2452,0, 860, False, 0
2453,0, 860, False, 0
2454,0, 860, False, 0
2455,0, 860, False, 0
2456,0, 860, False, 0
2457,0, 860, False, 0
2458,0, 860, False, 0
2459,0, 860, False, 0
2460,0, 860, False, 0
2461,0, 860, False, 0
2462,0, 860, False, 0
2463,0, 860, False, 0
2464,0, 860, False, 0
2465,0, 860, False, 0
2466,0, 860, False, 0
2467,0, 860, False, 0
2468,0, 860, False, 0
2469,0, 860, False, 0
2470,0, 860, False, 0
2471,0, 860, False, 0
2472,0, 860, False, 0
2473,0, 860, False, 0
2474,0, 860, False, 0
2475,0, 860, False, 0
2476,0, 860, False, 0
2477,0, 860, False, 0
2478,0, 860, False, 0
2479,0, 860, False, 0
2480,0, 860, False, 0
2481,0, 860, False, 0
2482,0, 860, False, 0
2483,0, 860, False, 0
2484,0, 860, False, 0
2485,0, 860, False, 0
2486,0, 860, False, 0
2487,0, 860, False, 0
2488,0, 860, False, 0
2489,0, 860, False, 0
2490,0, 860, False, 0
2491,0, 860, False, 0
2492,0, 860, False, 0
2493,0, 860, False, 0
2494,0, 860, False, 0
2495,0, 860, False, 0
2496,0, 860, False, 0
2497,0, 860, False, 0
2498,0, 860, False, 0
2499,0, 860, False, 0
2500,0, 860, False, 0
2501,0, 860, False, 0
2502,0, 860, False, 0
2503,0, 860, False, 0
2504,0, 860, False, 0
2505,0, 860, False, 0
2506,0, 860, False, 0
2507,0, 860, False, 0
2508,0, 860, False, 0
2509,0, 860, False, 0
2510,0, 860, False, 0
2511,0, 860, False, 0
2512,0, 860, False, 0
2513,0, 860, False, 0
2514,0, 860, False, 0
2515,0, 860, False, 0
2516,0, 860, False, 0
2517,0, 860, False, 0
2518,0, 860, False, 0
2519,0, 860, False, 0
2520,0, 860, False, 0
2521,0, 860, False, 0
2522,0, 860, False, 0
2523,0, 860, False, 0
2524,0, 860, False, 0
2525,0, 860, False, 0
2526,0, 860, False, 0
2527,0, 860, False, 0
2528,0, 860, False, 0
2529,0, 860, False, 0
2530,0, 860, False, 0
2531,0, 860, False, 0
2532,0, 860, False, 0
2533,0, 860, False, 0
2534,0, 860, False, 0
2535,0, 860, False, 0
2536,0, 860, False, 0
2537,0, 860, False, 0
2538,0, 860, False, 0
2539,0, 860, False, 0
2540,0, 860, False, 0
2541,0, 860, False, 0
2542,0, 860, False, 0
2543,0, 860, False, 0
2544,0, 860, False, 0
2545,0, 860, False, 0
2546,0, 860, False, 0
2547,0, 860, False, 0
2548,0, 860, False, 0
2549,0, 860, False, 0
2550,0, 860, False, 0
2551,0, 860, False, 0
2552,0, 860, False, 0
2553,0, 860, False, 0
2554,0, 860, False, 0
2555,0, 860, False, 0
2556,0, 860, False, 0
2557,0, 860, False, 0
2558,0, 860, False, 0
2559,0, 860, False, 0
2560,0, 860, False, 0
2561,0, 860, False, 0
2562,0, 860, False, 0
2563,0, 860, False, 0
2564,0, 860, False, 0
2565,0, 860, False, 0
2566,0, 860, False, 0
2567,0, 860, False, 0
2568,0, 860, False, 0
2569,0, 860, False, 0
2570,0, 860, False, 0
2571,0, 860, False, 0
2572,0, 860, False, 0
2573,0, 860, False, 0
2574,0, 860, False, 0
2575,0, 860, False, 0
2576,0, 860, False, 0
2577,0, 860, False, 0
2578,0, 860, False, 0
2579,0, 860, False, 0
2580,0, 860, False, 0
2581,0, 860, False, 0
2582,0, 860, False, 0
2583,0, 860, False, 0
2584,0, 860, False, 0
2585,0, 860, False, 0
2586,0, 860, False, 0
2587,0, 860, False, 0
2588,0, 860, False, 0
2589,0, 860, False, 0
2590,0, 860, False, 0
2591,0, 860, False, 0
2592,0, 860, False, 0
2593,0, 860, False, 0
2594,0, 860, False, 0
2595,0, 860, False, 0
2596,0, 860, False, 0
2597,0, 860, False, 0
2598,0, 860, False, 0
2599,0, 860, False, 0
2600,0, 860, False, 0
2601,0, 860, False, 0
2602,0, 860, False, 0
2603,0, 860, False, 0
2604,0, 860, False, 0
2605,0, 860, False, 0
2606,0, 860, False, 0
2607,0, 860, False, 0
2608,0, 860, False, 0
2609,0, 860, False, 0
2610,0, 860, False, 0
2611,0, 860, False, 0
2612,0, 860, False, 0
2613,0, 860, False, 0
2614,0, 860, False, 0
2615,0, 860, False, 0
2616,0, 860, False, 0
2617,0, 860, False, 0
2618,0, 860, False, 0
2619,0, 860, False, 0
2620,0, 860, False, 0
2621,0, 860, False, 0
2622,0, 860, False, 0
2623,0, 860, False, 0
2624,0, 860, False, 0
2625,0, 860, False, 0
2626,0, 860, False, 0
2627,0, 860, True, 0
