db traj id : 43
frame,reward,score,terminal, action
0,0, 0, False, 0
1,0, 0, False, 0
2,0, 0, False, 0
3,0, 0, False, 0
4,0, 0, False, 0
5,0, 0, False, 0
6,0, 0, False, 0
7,0, 0, False, 0
8,0, 0, False, 0
9,0, 0, False, 0
10,0, 0, False, 0
11,0, 0, False, 0
12,0, 0, False, 0
13,0, 0, False, 0
14,0, 0, False, 0
15,0, 0, False, 0
16,0, 0, False, 0
17,0, 0, False, 0
18,0, 0, False, 0
19,0, 0, False, 0
20,0, 0, False, 0
21,0, 0, False, 0
22,0, 0, False, 0
23,0, 0, False, 0
24,0, 0, False, 0
25,0, 0, False, 0
26,0, 0, False, 0
27,0, 0, False, 0
28,0, 0, False, 0
29,0, 0, False, 0
30,0, 0, False, 0
31,0, 0, False, 0
32,0, 0, False, 0
33,0, 0, False, 0
34,0, 0, False, 0
35,0, 0, False, 0
36,0, 0, False, 0
37,0, 0, False, 0
38,0, 0, False, 0
39,0, 0, False, 0
40,0, 0, False, 0
41,0, 0, False, 0
42,0, 0, False, 0
43,0, 0, False, 0
44,0, 0, False, 0
45,0, 0, False, 0
46,0, 0, False, 0
47,0, 0, False, 0
48,0, 0, False, 0
49,0, 0, False, 0
50,0, 0, False, 0
51,0, 0, False, 0
52,0, 0, False, 0
53,0, 0, False, 0
54,0, 0, False, 0
55,0, 0, False, 0
56,0, 0, False, 0
57,0, 0, False, 0
58,0, 0, False, 0
59,0, 0, False, 0
60,0, 0, False, 0
61,0, 0, False, 0
62,0, 0, False, 0
63,0, 0, False, 0
64,0, 0, False, 0
65,0, 0, False, 0
66,0, 0, False, 0
67,0, 0, False, 0
68,0, 0, False, 0
69,0, 0, False, 0
70,0, 0, False, 0
71,0, 0, False, 0
72,0, 0, False, 0
73,0, 0, False, 0
74,0, 0, False, 0
75,0, 0, False, 0
76,0, 0, False, 0
77,0, 0, False, 0
78,0, 0, False, 0
79,0, 0, False, 0
80,0, 0, False, 0
81,0, 0, False, 0
82,0, 0, False, 0
83,0, 0, False, 0
84,0, 0, False, 0
85,0, 0, False, 0
86,0, 0, False, 0
87,0, 0, False, 0
88,0, 0, False, 0
89,0, 0, False, 0
90,0, 0, False, 0
91,0, 0, False, 0
92,0, 0, False, 0
93,0, 0, False, 0
94,0, 0, False, 0
95,0, 0, False, 0
96,0, 0, False, 0
97,0, 0, False, 0
98,0, 0, False, 0
99,0, 0, False, 0
100,0, 0, False, 0
101,0, 0, False, 0
102,0, 0, False, 0
103,0, 0, False, 0
104,0, 0, False, 0
105,0, 0, False, 0
106,0, 0, False, 0
107,0, 0, False, 0
108,0, 0, False, 0
109,0, 0, False, 0
110,0, 0, False, 0
111,0, 0, False, 0
112,0, 0, False, 0
113,0, 0, False, 0
114,0, 0, False, 0
115,0, 0, False, 0
116,0, 0, False, 0
117,0, 0, False, 0
118,0, 0, False, 0
119,0, 0, False, 0
120,0, 0, False, 4
121,0, 0, False, 4
122,0, 0, False, 4
123,0, 0, False, 4
124,0, 0, False, 4
125,0, 0, False, 4
126,0, 0, False, 4
127,0, 0, False, 4
128,0, 0, False, 4
129,0, 0, False, 4
130,0, 0, False, 4
131,0, 0, False, 4
132,0, 0, False, 4
133,0, 0, False, 4
134,0, 0, False, 4
135,0, 0, False, 4
136,0, 0, False, 4
137,0, 0, False, 4
138,0, 0, False, 4
139,0, 0, False, 4
140,0, 0, False, 4
141,0, 0, False, 4
142,0, 0, False, 4
143,0, 0, False, 4
144,0, 0, False, 4
145,0, 0, False, 4
146,0, 0, False, 4
147,0, 0, False, 4
148,0, 0, False, 4
149,0, 0, False, 4
150,0, 0, False, 4
151,0, 0, False, 4
152,0, 0, False, 4
153,0, 0, False, 4
154,0, 0, False, 4
155,0, 0, False, 4
156,0, 0, False, 4
157,0, 0, False, 4
158,0, 0, False, 4
159,0, 0, False, 4
160,0, 0, False, 4
161,0, 0, False, 4
162,0, 0, False, 4
163,0, 0, False, 4
164,0, 0, False, 4
165,0, 0, False, 4
166,0, 0, False, 4
167,0, 0, False, 4
168,0, 0, False, 4
169,0, 0, False, 4
170,0, 0, False, 4
171,0, 0, False, 4
172,0, 0, False, 4
173,0, 0, False, 4
174,0, 0, False, 4
175,0, 0, False, 4
176,0, 0, False, 4
177,0, 0, False, 4
178,0, 0, False, 4
179,0, 0, False, 4
180,0, 0, False, 0
181,0, 0, False, 0
182,0, 0, False, 0
183,0, 0, False, 0
184,0, 0, False, 0
185,0, 0, False, 0
186,0, 0, False, 0
187,0, 0, False, 0
188,0, 0, False, 0
189,0, 0, False, 0
190,0, 0, False, 0
191,0, 0, False, 0
192,0, 0, False, 0
193,0, 0, False, 0
194,0, 0, False, 0
195,0, 0, False, 0
196,0, 0, False, 0
197,0, 0, False, 0
198,0, 0, False, 0
199,0, 0, False, 0
200,0, 0, False, 0
201,0, 0, False, 0
202,0, 0, False, 0
203,0, 0, False, 0
204,0, 0, False, 0
205,0, 0, False, 0
206,0, 0, False, 0
207,0, 0, False, 0
208,0, 0, False, 0
209,0, 0, False, 0
210,0, 0, False, 0
211,0, 0, False, 0
212,0, 0, False, 0
213,0, 0, False, 0
214,0, 0, False, 0
215,0, 0, False, 0
216,0, 0, False, 0
217,0, 0, False, 0
218,0, 0, False, 0
219,0, 0, False, 0
220,0, 0, False, 0
221,0, 0, False, 0
222,0, 0, False, 0
223,0, 0, False, 0
224,0, 0, False, 0
225,0, 0, False, 0
226,0, 0, False, 0
227,0, 0, False, 0
228,0, 0, False, 0
229,0, 0, False, 0
230,0, 0, False, 0
231,0, 0, False, 4
232,0, 0, False, 4
233,0, 0, False, 4
234,0, 0, False, 4
235,0, 0, False, 4
236,0, 0, False, 4
237,0, 0, False, 4
238,0, 0, False, 4
239,0, 0, False, 4
240,0, 0, False, 4
241,0, 0, False, 4
242,0, 0, False, 4
243,0, 0, False, 4
244,0, 0, False, 4
245,0, 0, False, 4
246,0, 0, False, 4
247,0, 0, False, 4
248,0, 0, False, 4
249,0, 0, False, 4
250,0, 0, False, 4
251,0, 0, False, 0
252,0, 0, False, 0
253,0, 0, False, 0
254,0, 0, False, 0
255,0, 0, False, 0
256,0, 0, False, 0
257,0, 0, False, 0
258,0, 0, False, 0
259,0, 0, False, 0
260,0, 0, False, 0
261,0, 0, False, 0
262,0, 0, False, 0
263,0, 0, False, 0
264,0, 0, False, 0
265,0, 0, False, 0
266,0, 0, False, 0
267,0, 0, False, 0
268,0, 0, False, 0
269,0, 0, False, 0
270,0, 0, False, 0
271,0, 0, False, 0
272,0, 0, False, 0
273,0, 0, False, 0
274,0, 0, False, 0
275,0, 0, False, 0
276,0, 0, False, 0
277,0, 0, False, 0
278,0, 0, False, 0
279,0, 0, False, 0
280,0, 0, False, 0
281,10, 10, False, 0
282,0, 10, False, 0
283,0, 10, False, 0
284,0, 10, False, 0
285,0, 10, False, 0
286,0, 10, False, 0
287,0, 10, False, 0
288,0, 10, False, 0
289,0, 10, False, 0
290,0, 10, False, 0
291,0, 10, False, 0
292,0, 10, False, 0
293,0, 10, False, 0
294,0, 10, False, 0
295,10, 20, False, 0
296,0, 20, False, 0
297,0, 20, False, 0
298,0, 20, False, 0
299,0, 20, False, 0
300,0, 20, False, 0
301,0, 20, False, 0
302,0, 20, False, 0
303,0, 20, False, 0
304,0, 20, False, 4
305,0, 20, False, 4
306,0, 20, False, 4
307,0, 20, False, 4
308,0, 20, False, 4
309,10, 30, False, 4
310,0, 30, False, 4
311,0, 30, False, 4
312,0, 30, False, 4
313,0, 30, False, 4
314,0, 30, False, 4
315,0, 30, False, 4
316,0, 30, False, 4
317,0, 30, False, 4
318,0, 30, False, 4
319,0, 30, False, 4
320,0, 30, False, 4
321,10, 40, False, 4
322,0, 40, False, 4
323,0, 40, False, 4
324,0, 40, False, 4
325,0, 40, False, 4
326,0, 40, False, 4
327,0, 40, False, 4
328,0, 40, False, 4
329,0, 40, False, 4
330,0, 40, False, 4
331,0, 40, False, 4
332,0, 40, False, 4
333,0, 40, False, 4
334,0, 40, False, 4
335,10, 50, False, 4
336,0, 50, False, 4
337,0, 50, False, 4
338,0, 50, False, 4
339,0, 50, False, 4
340,0, 50, False, 4
341,0, 50, False, 4
342,0, 50, False, 4
343,0, 50, False, 8
344,0, 50, False, 8
345,0, 50, False, 8
346,0, 50, False, 8
347,0, 50, False, 8
348,0, 50, False, 8
349,0, 50, False, 8
350,0, 50, False, 8
351,0, 50, False, 0
352,0, 50, False, 0
353,0, 50, False, 0
354,0, 50, False, 0
355,0, 50, False, 0
356,0, 50, False, 0
357,0, 50, False, 0
358,0, 50, False, 0
359,0, 50, False, 0
360,0, 50, False, 0
361,0, 50, False, 0
362,0, 50, False, 0
363,0, 50, False, 0
364,0, 50, False, 0
365,0, 50, False, 0
366,0, 50, False, 0
367,0, 50, False, 0
368,0, 50, False, 0
369,0, 50, False, 0
370,0, 50, False, 0
371,0, 50, False, 0
372,0, 50, False, 0
373,0, 50, False, 0
374,0, 50, False, 0
375,0, 50, False, 0
376,0, 50, False, 0
377,0, 50, False, 0
378,0, 50, False, 0
379,0, 50, False, 0
380,0, 50, False, 0
381,0, 50, False, 5
382,0, 50, False, 5
383,0, 50, False, 5
384,0, 50, False, 5
385,0, 50, False, 5
386,0, 50, False, 5
387,0, 50, False, 5
388,0, 50, False, 5
389,0, 50, False, 5
390,0, 50, False, 5
391,0, 50, False, 5
392,0, 50, False, 5
393,0, 50, False, 5
394,0, 50, False, 5
395,0, 50, False, 5
396,0, 50, False, 5
397,0, 50, False, 5
398,0, 50, False, 5
399,0, 50, False, 5
400,0, 50, False, 5
401,0, 50, False, 5
402,0, 50, False, 5
403,10, 60, False, 5
404,0, 60, False, 5
405,0, 60, False, 5
406,0, 60, False, 5
407,0, 60, False, 5
408,0, 60, False, 5
409,0, 60, False, 5
410,0, 60, False, 5
411,0, 60, False, 5
412,0, 60, False, 5
413,0, 60, False, 5
414,0, 60, False, 5
415,0, 60, False, 5
416,0, 60, False, 5
417,10, 70, False, 5
418,0, 70, False, 5
419,0, 70, False, 5
420,0, 70, False, 5
421,0, 70, False, 5
422,0, 70, False, 5
423,0, 70, False, 5
424,0, 70, False, 5
425,0, 70, False, 5
426,0, 70, False, 5
427,0, 70, False, 5
428,0, 70, False, 5
429,10, 80, False, 5
430,0, 80, False, 5
431,0, 80, False, 5
432,0, 80, False, 5
433,0, 80, False, 5
434,0, 80, False, 5
435,0, 80, False, 5
436,0, 80, False, 5
437,0, 80, False, 5
438,0, 80, False, 5
439,0, 80, False, 5
440,0, 80, False, 5
441,0, 80, False, 5
442,0, 80, False, 5
443,10, 90, False, 5
444,0, 90, False, 5
445,0, 90, False, 5
446,0, 90, False, 5
447,0, 90, False, 5
448,0, 90, False, 5
449,0, 90, False, 5
450,0, 90, False, 5
451,0, 90, False, 5
452,0, 90, False, 5
453,0, 90, False, 5
454,0, 90, False, 5
455,0, 90, False, 5
456,0, 90, False, 5
457,10, 100, False, 5
458,0, 100, False, 5
459,0, 100, False, 5
460,0, 100, False, 5
461,0, 100, False, 5
462,0, 100, False, 5
463,0, 100, False, 5
464,0, 100, False, 5
465,0, 100, False, 5
466,0, 100, False, 5
467,0, 100, False, 5
468,0, 100, False, 5
469,0, 100, False, 5
470,0, 100, False, 5
471,10, 110, False, 5
472,0, 110, False, 5
473,0, 110, False, 5
474,0, 110, False, 5
475,0, 110, False, 5
476,0, 110, False, 5
477,0, 110, False, 5
478,0, 110, False, 5
479,0, 110, False, 5
480,0, 110, False, 5
481,0, 110, False, 5
482,0, 110, False, 5
483,0, 110, False, 5
484,0, 110, False, 5
485,10, 120, False, 5
486,0, 120, False, 5
487,0, 120, False, 5
488,0, 120, False, 5
489,0, 120, False, 5
490,0, 120, False, 5
491,0, 120, False, 5
492,0, 120, False, 5
493,0, 120, False, 5
494,0, 120, False, 5
495,0, 120, False, 5
496,0, 120, False, 5
497,0, 120, False, 5
498,0, 120, False, 5
499,0, 120, False, 5
500,0, 120, False, 5
501,0, 120, False, 5
502,0, 120, False, 5
503,0, 120, False, 5
504,0, 120, False, 3
505,0, 120, False, 3
506,0, 120, False, 3
507,0, 120, False, 3
508,0, 120, False, 3
509,0, 120, False, 3
510,0, 120, False, 3
511,10, 130, False, 3
512,0, 130, False, 3
513,0, 130, False, 3
514,0, 130, False, 3
515,0, 130, False, 3
516,0, 130, False, 3
517,0, 130, False, 3
518,0, 130, False, 3
519,0, 130, False, 3
520,0, 130, False, 3
521,0, 130, False, 3
522,0, 130, False, 3
523,0, 130, False, 3
524,0, 130, False, 3
525,10, 140, False, 3
526,0, 140, False, 3
527,0, 140, False, 3
528,0, 140, False, 3
529,0, 140, False, 3
530,0, 140, False, 3
531,0, 140, False, 3
532,0, 140, False, 3
533,0, 140, False, 3
534,0, 140, False, 3
535,0, 140, False, 3
536,0, 140, False, 3
537,10, 150, False, 3
538,0, 150, False, 3
539,0, 150, False, 3
540,0, 150, False, 3
541,0, 150, False, 3
542,0, 150, False, 3
543,0, 150, False, 3
544,0, 150, False, 3
545,0, 150, False, 3
546,0, 150, False, 3
547,0, 150, False, 3
548,0, 150, False, 3
549,0, 150, False, 3
550,0, 150, False, 3
551,0, 150, False, 3
552,0, 150, False, 3
553,0, 150, False, 3
554,0, 150, False, 3
555,0, 150, False, 3
556,0, 150, False, 3
557,0, 150, False, 3
558,0, 150, False, 3
559,0, 150, False, 3
560,0, 150, False, 3
561,0, 150, False, 3
562,0, 150, False, 3
563,0, 150, False, 3
564,0, 150, False, 3
565,0, 150, False, 3
566,0, 150, False, 3
567,0, 150, False, 3
568,0, 150, False, 3
569,0, 150, False, 3
570,0, 150, False, 3
571,0, 150, False, 3
572,0, 150, False, 3
573,0, 150, False, 3
574,0, 150, False, 3
575,0, 150, False, 3
576,0, 150, False, 3
577,0, 150, False, 3
578,0, 150, False, 3
579,0, 150, False, 3
580,0, 150, False, 3
581,0, 150, False, 3
582,0, 150, False, 3
583,0, 150, False, 3
584,0, 150, False, 3
585,0, 150, False, 3
586,0, 150, False, 3
587,0, 150, False, 3
588,0, 150, False, 3
589,0, 150, False, 3
590,0, 150, False, 3
591,0, 150, False, 3
592,0, 150, False, 3
593,0, 150, False, 3
594,0, 150, False, 3
595,0, 150, False, 3
596,0, 150, False, 3
597,0, 150, False, 3
598,0, 150, False, 3
599,0, 150, False, 3
600,0, 150, False, 3
601,0, 150, False, 3
602,0, 150, False, 3
603,0, 150, False, 3
604,0, 150, False, 3
605,0, 150, False, 3
606,0, 150, False, 3
607,0, 150, False, 3
608,0, 150, False, 3
609,0, 150, False, 3
610,0, 150, False, 3
611,0, 150, False, 3
612,0, 150, False, 0
613,0, 150, False, 0
614,0, 150, False, 0
615,0, 150, False, 0
616,0, 150, False, 0
617,0, 150, False, 0
618,0, 150, False, 0
619,0, 150, False, 0
620,0, 150, False, 0
621,0, 150, False, 0
622,0, 150, False, 0
623,0, 150, False, 0
624,0, 150, False, 0
625,0, 150, False, 0
626,0, 150, False, 0
627,0, 150, False, 0
628,0, 150, False, 0
629,0, 150, False, 0
630,0, 150, False, 0
631,0, 150, False, 0
632,0, 150, False, 0
633,0, 150, False, 0
634,0, 150, False, 0
635,0, 150, False, 0
636,0, 150, False, 0
637,0, 150, False, 0
638,0, 150, False, 0
639,0, 150, False, 0
640,0, 150, False, 0
641,0, 150, False, 0
642,0, 150, False, 0
643,0, 150, False, 0
644,0, 150, False, 0
645,0, 150, False, 0
646,0, 150, False, 0
647,0, 150, False, 0
648,0, 150, False, 0
649,0, 150, False, 0
650,0, 150, False, 0
651,0, 150, False, 0
652,0, 150, False, 0
653,0, 150, False, 0
654,0, 150, False, 0
655,0, 150, False, 0
656,0, 150, False, 0
657,0, 150, False, 0
658,0, 150, False, 0
659,0, 150, False, 0
660,0, 150, False, 0
661,0, 150, False, 0
662,0, 150, False, 0
663,0, 150, False, 0
664,0, 150, False, 0
665,0, 150, False, 0
666,0, 150, False, 0
667,0, 150, False, 0
668,0, 150, False, 0
669,0, 150, False, 0
670,0, 150, False, 0
671,0, 150, False, 0
672,0, 150, False, 0
673,0, 150, False, 0
674,0, 150, False, 0
675,0, 150, False, 0
676,0, 150, False, 0
677,0, 150, False, 0
678,0, 150, False, 0
679,0, 150, False, 0
680,0, 150, False, 0
681,0, 150, False, 0
682,0, 150, False, 0
683,0, 150, False, 0
684,0, 150, False, 0
685,0, 150, False, 0
686,0, 150, False, 0
687,0, 150, False, 0
688,0, 150, False, 0
689,0, 150, False, 0
690,0, 150, False, 0
691,0, 150, False, 0
692,0, 150, False, 0
693,0, 150, False, 0
694,0, 150, False, 0
695,0, 150, False, 0
696,0, 150, False, 0
697,0, 150, False, 0
698,0, 150, False, 0
699,0, 150, False, 0
700,0, 150, False, 0
701,0, 150, False, 0
702,0, 150, False, 0
703,0, 150, False, 0
704,0, 150, False, 0
705,0, 150, False, 0
706,0, 150, False, 0
707,0, 150, False, 0
708,0, 150, False, 0
709,0, 150, False, 0
710,0, 150, False, 0
711,0, 150, False, 0
712,0, 150, False, 0
713,0, 150, False, 0
714,0, 150, False, 0
715,0, 150, False, 0
716,0, 150, False, 0
717,0, 150, False, 0
718,0, 150, False, 0
719,0, 150, False, 0
720,0, 150, False, 0
721,0, 150, False, 0
722,0, 150, False, 0
723,0, 150, False, 0
724,0, 150, False, 0
725,0, 150, False, 0
726,0, 150, False, 0
727,0, 150, False, 0
728,0, 150, False, 0
729,0, 150, False, 0
730,0, 150, False, 0
731,0, 150, False, 0
732,0, 150, False, 0
733,0, 150, False, 0
734,0, 150, False, 0
735,0, 150, False, 0
736,0, 150, False, 0
737,0, 150, False, 0
738,0, 150, False, 0
739,0, 150, False, 0
740,0, 150, False, 0
741,0, 150, False, 0
742,0, 150, False, 0
743,0, 150, False, 0
744,0, 150, False, 0
745,0, 150, False, 0
746,0, 150, False, 0
747,0, 150, False, 0
748,0, 150, False, 0
749,0, 150, False, 0
750,0, 150, False, 0
751,0, 150, False, 0
752,0, 150, False, 0
753,0, 150, False, 0
754,0, 150, False, 0
755,0, 150, False, 0
756,0, 150, False, 0
757,0, 150, False, 0
758,0, 150, False, 0
759,0, 150, False, 0
760,0, 150, False, 0
761,0, 150, False, 0
762,0, 150, False, 0
763,0, 150, False, 0
764,0, 150, False, 0
765,0, 150, False, 0
766,0, 150, False, 0
767,0, 150, False, 0
768,0, 150, False, 0
769,0, 150, False, 0
770,0, 150, False, 0
771,0, 150, False, 0
772,0, 150, False, 0
773,0, 150, False, 0
774,0, 150, False, 0
775,0, 150, False, 0
776,0, 150, False, 0
777,0, 150, False, 0
778,0, 150, False, 0
779,0, 150, False, 0
780,0, 150, False, 0
781,0, 150, False, 0
782,0, 150, False, 0
783,0, 150, False, 0
784,0, 150, False, 0
785,0, 150, False, 0
786,0, 150, False, 0
787,0, 150, False, 0
788,0, 150, False, 0
789,0, 150, False, 0
790,0, 150, False, 0
791,0, 150, False, 0
792,0, 150, False, 0
793,0, 150, False, 0
794,0, 150, False, 0
795,0, 150, False, 0
796,0, 150, False, 0
797,0, 150, False, 0
798,0, 150, False, 0
799,10, 160, False, 0
800,0, 160, False, 0
801,0, 160, False, 0
802,0, 160, False, 0
803,0, 160, False, 0
804,0, 160, False, 0
805,0, 160, False, 0
806,0, 160, False, 0
807,0, 160, False, 0
808,0, 160, False, 0
809,0, 160, False, 0
810,0, 160, False, 0
811,0, 160, False, 0
812,0, 160, False, 0
813,0, 160, False, 0
814,0, 160, False, 0
815,0, 160, False, 0
816,0, 160, False, 0
817,0, 160, False, 0
818,0, 160, False, 0
819,0, 160, False, 0
820,0, 160, False, 0
821,0, 160, False, 0
822,0, 160, False, 0
823,0, 160, False, 0
824,0, 160, False, 0
825,0, 160, False, 0
826,0, 160, False, 0
827,0, 160, False, 0
828,0, 160, False, 0
829,0, 160, False, 0
830,0, 160, False, 0
831,0, 160, False, 0
832,0, 160, False, 0
833,0, 160, False, 0
834,0, 160, False, 0
835,0, 160, False, 0
836,0, 160, False, 0
837,0, 160, False, 0
838,0, 160, False, 0
839,0, 160, False, 0
840,0, 160, False, 0
841,0, 160, False, 0
842,0, 160, False, 0
843,0, 160, False, 0
844,0, 160, False, 0
845,0, 160, False, 0
846,0, 160, False, 0
847,0, 160, False, 0
848,0, 160, False, 0
849,0, 160, False, 0
850,0, 160, False, 0
851,0, 160, False, 0
852,0, 160, False, 0
853,0, 160, False, 0
854,0, 160, False, 0
855,0, 160, False, 0
856,0, 160, False, 0
857,0, 160, False, 0
858,0, 160, False, 0
859,0, 160, False, 0
860,0, 160, False, 0
861,0, 160, False, 0
862,0, 160, False, 0
863,0, 160, False, 0
864,0, 160, False, 0
865,0, 160, False, 0
866,0, 160, False, 0
867,0, 160, False, 0
868,0, 160, False, 0
869,0, 160, False, 0
870,0, 160, False, 0
871,0, 160, False, 0
872,0, 160, False, 0
873,0, 160, False, 0
874,0, 160, False, 0
875,0, 160, False, 0
876,0, 160, False, 0
877,0, 160, False, 4
878,0, 160, False, 4
879,0, 160, False, 4
880,0, 160, False, 4
881,0, 160, False, 4
882,0, 160, False, 4
883,0, 160, False, 4
884,0, 160, False, 4
885,0, 160, False, 4
886,0, 160, False, 4
887,0, 160, False, 4
888,0, 160, False, 4
889,0, 160, False, 4
890,0, 160, False, 4
891,0, 160, False, 4
892,0, 160, False, 4
893,0, 160, False, 4
894,0, 160, False, 4
895,0, 160, False, 4
896,0, 160, False, 4
897,0, 160, False, 4
898,0, 160, False, 4
899,0, 160, False, 4
900,0, 160, False, 4
901,0, 160, False, 4
902,0, 160, False, 4
903,0, 160, False, 4
904,0, 160, False, 4
905,0, 160, False, 4
906,0, 160, False, 4
907,0, 160, False, 4
908,0, 160, False, 4
909,0, 160, False, 4
910,0, 160, False, 4
911,0, 160, False, 4
912,0, 160, False, 4
913,0, 160, False, 4
914,0, 160, False, 4
915,0, 160, False, 4
916,0, 160, False, 4
917,0, 160, False, 4
918,0, 160, False, 4
919,0, 160, False, 4
920,0, 160, False, 4
921,0, 160, False, 4
922,0, 160, False, 4
923,0, 160, False, 4
924,0, 160, False, 4
925,0, 160, False, 4
926,0, 160, False, 4
927,0, 160, False, 4
928,0, 160, False, 4
929,0, 160, False, 4
930,0, 160, False, 4
931,0, 160, False, 4
932,0, 160, False, 4
933,0, 160, False, 4
934,0, 160, False, 4
935,0, 160, False, 4
936,0, 160, False, 4
937,0, 160, False, 4
938,0, 160, False, 4
939,0, 160, False, 4
940,0, 160, False, 4
941,0, 160, False, 4
942,0, 160, False, 4
943,0, 160, False, 4
944,0, 160, False, 4
945,0, 160, False, 4
946,0, 160, False, 4
947,0, 160, False, 4
948,0, 160, False, 4
949,0, 160, False, 4
950,0, 160, False, 4
951,0, 160, False, 4
952,0, 160, False, 4
953,0, 160, False, 4
954,0, 160, False, 4
955,0, 160, False, 4
956,0, 160, False, 4
957,0, 160, False, 4
958,0, 160, False, 4
959,0, 160, False, 4
960,0, 160, False, 4
961,0, 160, False, 4
962,0, 160, False, 4
963,0, 160, False, 4
964,0, 160, False, 4
965,0, 160, False, 4
966,0, 160, False, 4
967,0, 160, False, 4
968,0, 160, False, 4
969,0, 160, False, 4
970,0, 160, False, 4
971,0, 160, False, 4
972,0, 160, False, 4
973,0, 160, False, 4
974,0, 160, False, 4
975,0, 160, False, 4
976,0, 160, False, 4
977,0, 160, False, 4
978,0, 160, False, 4
979,0, 160, False, 4
980,0, 160, False, 4
981,0, 160, False, 4
982,0, 160, False, 5
983,0, 160, False, 5
984,0, 160, False, 5
985,0, 160, False, 5
986,0, 160, False, 5
987,0, 160, False, 5
988,0, 160, False, 5
989,10, 170, False, 5
990,0, 170, False, 5
991,0, 170, False, 5
992,0, 170, False, 5
993,0, 170, False, 5
994,0, 170, False, 5
995,0, 170, False, 5
996,0, 170, False, 5
997,0, 170, False, 5
998,0, 170, False, 5
999,0, 170, False, 5
1000,0, 170, False, 5
1001,0, 170, False, 5
1002,0, 170, False, 5
1003,10, 180, False, 5
1004,0, 180, False, 5
1005,0, 180, False, 5
1006,0, 180, False, 5
1007,0, 180, False, 5
1008,0, 180, False, 5
1009,0, 180, False, 5
1010,0, 180, False, 5
1011,0, 180, False, 5
1012,0, 180, False, 5
1013,0, 180, False, 5
1014,0, 180, False, 5
1015,0, 180, False, 5
1016,0, 180, False, 5
1017,10, 190, False, 5
1018,0, 190, False, 5
1019,0, 190, False, 5
1020,0, 190, False, 5
1021,0, 190, False, 5
1022,0, 190, False, 5
1023,0, 190, False, 5
1024,0, 190, False, 5
1025,0, 190, False, 5
1026,0, 190, False, 5
1027,0, 190, False, 5
1028,0, 190, False, 5
1029,0, 190, False, 5
1030,0, 190, False, 5
1031,10, 200, False, 5
1032,0, 200, False, 5
1033,0, 200, False, 5
1034,0, 200, False, 5
1035,0, 200, False, 5
1036,0, 200, False, 5
1037,0, 200, False, 5
1038,0, 200, False, 5
1039,0, 200, False, 5
1040,0, 200, False, 5
1041,0, 200, False, 5
1042,0, 200, False, 5
1043,0, 200, False, 5
1044,0, 200, False, 5
1045,10, 210, False, 5
1046,0, 210, False, 5
1047,0, 210, False, 5
1048,0, 210, False, 5
1049,0, 210, False, 5
1050,0, 210, False, 5
1051,0, 210, False, 5
1052,0, 210, False, 5
1053,0, 210, False, 5
1054,0, 210, False, 5
1055,0, 210, False, 5
1056,0, 210, False, 5
1057,0, 210, False, 5
1058,0, 210, False, 5
1059,0, 210, False, 5
1060,0, 210, False, 5
1061,0, 210, False, 5
1062,0, 210, False, 5
1063,0, 210, False, 5
1064,0, 210, False, 5
1065,0, 210, False, 5
1066,0, 210, False, 5
1067,0, 210, False, 5
1068,0, 210, False, 3
1069,0, 210, False, 3
1070,0, 210, False, 3
1071,0, 210, False, 3
1072,0, 210, False, 3
1073,0, 210, False, 3
1074,0, 210, False, 3
1075,10, 220, False, 3
1076,0, 220, False, 3
1077,0, 220, False, 3
1078,0, 220, False, 3
1079,0, 220, False, 3
1080,0, 220, False, 3
1081,0, 220, False, 3
1082,0, 220, False, 3
1083,0, 220, False, 3
1084,0, 220, False, 3
1085,0, 220, False, 3
1086,0, 220, False, 3
1087,0, 220, False, 3
1088,0, 220, False, 3
1089,10, 230, False, 3
1090,0, 230, False, 3
1091,0, 230, False, 3
1092,0, 230, False, 3
1093,0, 230, False, 3
1094,0, 230, False, 3
1095,0, 230, False, 3
1096,0, 230, False, 3
1097,0, 230, False, 3
1098,0, 230, False, 3
1099,0, 230, False, 3
1100,0, 230, False, 3
1101,10, 240, False, 3
1102,0, 240, False, 3
1103,0, 240, False, 3
1104,0, 240, False, 3
1105,0, 240, False, 3
1106,0, 240, False, 3
1107,0, 240, False, 3
1108,0, 240, False, 3
1109,0, 240, False, 3
1110,0, 240, False, 3
1111,0, 240, False, 3
1112,0, 240, False, 3
1113,0, 240, False, 3
1114,0, 240, False, 3
1115,10, 250, False, 3
1116,0, 250, False, 3
1117,0, 250, False, 3
1118,0, 250, False, 3
1119,0, 250, False, 3
1120,0, 250, False, 3
1121,0, 250, False, 3
1122,0, 250, False, 3
1123,0, 250, False, 3
1124,0, 250, False, 3
1125,0, 250, False, 3
1126,0, 250, False, 3
1127,0, 250, False, 3
1128,0, 250, False, 3
1129,10, 260, False, 3
1130,0, 260, False, 3
1131,0, 260, False, 3
1132,0, 260, False, 3
1133,0, 260, False, 3
1134,0, 260, False, 3
1135,0, 260, False, 3
1136,0, 260, False, 3
1137,0, 260, False, 3
1138,0, 260, False, 3
1139,0, 260, False, 3
1140,0, 260, False, 3
1141,0, 260, False, 3
1142,0, 260, False, 3
1143,0, 260, False, 3
1144,0, 260, False, 3
1145,0, 260, False, 3
1146,0, 260, False, 3
1147,10, 270, False, 3
1148,0, 270, False, 3
1149,0, 270, False, 3
1150,0, 270, False, 3
1151,0, 270, False, 3
1152,0, 270, False, 3
1153,0, 270, False, 3
1154,0, 270, False, 3
1155,0, 270, False, 3
1156,0, 270, False, 3
1157,0, 270, False, 3
1158,0, 270, False, 3
1159,0, 270, False, 3
1160,0, 270, False, 3
1161,0, 270, False, 3
1162,0, 270, False, 3
1163,0, 270, False, 3
1164,0, 270, False, 3
1165,0, 270, False, 3
1166,0, 270, False, 3
1167,0, 270, False, 3
1168,0, 270, False, 3
1169,0, 270, False, 3
1170,0, 270, False, 3
1171,0, 270, False, 3
1172,0, 270, False, 3
1173,0, 270, False, 3
1174,0, 270, False, 3
1175,0, 270, False, 3
1176,0, 270, False, 3
1177,0, 270, False, 3
1178,0, 270, False, 3
1179,0, 270, False, 3
1180,0, 270, False, 3
1181,0, 270, False, 3
1182,0, 270, False, 3
1183,0, 270, False, 3
1184,0, 270, False, 3
1185,0, 270, False, 3
1186,0, 270, False, 3
1187,0, 270, False, 3
1188,0, 270, False, 3
1189,0, 270, False, 3
1190,0, 270, False, 3
1191,0, 270, False, 3
1192,0, 270, False, 3
1193,0, 270, False, 3
1194,0, 270, False, 3
1195,0, 270, False, 3
1196,0, 270, False, 3
1197,0, 270, False, 3
1198,0, 270, False, 3
1199,0, 270, False, 3
1200,0, 270, False, 3
1201,0, 270, False, 3
1202,0, 270, False, 3
1203,10, 280, False, 3
1204,0, 280, False, 3
1205,0, 280, False, 3
1206,0, 280, False, 3
1207,0, 280, False, 3
1208,0, 280, False, 3
1209,0, 280, False, 3
1210,0, 280, False, 3
1211,0, 280, False, 3
1212,0, 280, False, 3
1213,0, 280, False, 3
1214,0, 280, False, 3
1215,0, 280, False, 3
1216,0, 280, False, 3
1217,10, 290, False, 3
1218,0, 290, False, 3
1219,0, 290, False, 3
1220,0, 290, False, 3
1221,0, 290, False, 3
1222,0, 290, False, 3
1223,0, 290, False, 3
1224,0, 290, False, 3
1225,0, 290, False, 3
1226,0, 290, False, 3
1227,0, 290, False, 3
1228,0, 290, False, 3
1229,10, 300, False, 3
1230,0, 300, False, 3
1231,0, 300, False, 3
1232,0, 300, False, 3
1233,0, 300, False, 3
1234,0, 300, False, 3
1235,0, 300, False, 3
1236,0, 300, False, 3
1237,0, 300, False, 3
1238,0, 300, False, 3
1239,0, 300, False, 3
1240,0, 300, False, 3
1241,0, 300, False, 3
1242,0, 300, False, 3
1243,0, 300, False, 3
1244,0, 300, False, 3
1245,0, 300, False, 3
1246,0, 300, False, 3
1247,0, 300, False, 3
1248,0, 300, False, 3
1249,0, 300, False, 3
1250,0, 300, False, 3
1251,0, 300, False, 3
1252,0, 300, False, 3
1253,0, 300, False, 3
1254,0, 300, False, 3
1255,0, 300, False, 3
1256,0, 300, False, 3
1257,0, 300, False, 3
1258,0, 300, False, 3
1259,0, 300, False, 3
1260,0, 300, False, 3
1261,0, 300, False, 3
1262,0, 300, False, 3
1263,0, 300, False, 3
1264,0, 300, False, 3
1265,0, 300, False, 3
1266,0, 300, False, 3
1267,0, 300, False, 3
1268,0, 300, False, 3
1269,0, 300, False, 3
1270,0, 300, False, 3
1271,0, 300, False, 3
1272,0, 300, False, 3
1273,0, 300, False, 3
1274,0, 300, False, 3
1275,0, 300, False, 3
1276,0, 300, False, 3
1277,0, 300, False, 3
1278,0, 300, False, 3
1279,0, 300, False, 3
1280,0, 300, False, 3
1281,0, 300, False, 3
1282,0, 300, False, 3
1283,0, 300, False, 3
1284,0, 300, False, 3
1285,0, 300, False, 3
1286,0, 300, False, 2
1287,0, 300, False, 2
1288,0, 300, False, 2
1289,0, 300, False, 2
1290,0, 300, False, 2
1291,0, 300, False, 2
1292,0, 300, False, 2
1293,0, 300, False, 2
1294,0, 300, False, 2
1295,0, 300, False, 2
1296,0, 300, False, 2
1297,0, 300, False, 2
1298,0, 300, False, 2
1299,0, 300, False, 2
1300,0, 300, False, 2
1301,0, 300, False, 2
1302,0, 300, False, 2
1303,0, 300, False, 2
1304,0, 300, False, 2
1305,0, 300, False, 0
1306,0, 300, False, 0
1307,0, 300, False, 0
1308,0, 300, False, 0
1309,0, 300, False, 0
1310,0, 300, False, 0
1311,0, 300, False, 2
1312,0, 300, False, 2
1313,0, 300, False, 2
1314,0, 300, False, 2
1315,0, 300, False, 2
1316,0, 300, False, 2
1317,0, 300, False, 2
1318,0, 300, False, 2
1319,0, 300, False, 2
1320,0, 300, False, 2
1321,0, 300, False, 2
1322,0, 300, False, 2
1323,0, 300, False, 2
1324,0, 300, False, 2
1325,0, 300, False, 2
1326,0, 300, False, 2
1327,0, 300, False, 2
1328,0, 300, False, 2
1329,0, 300, False, 2
1330,0, 300, False, 2
1331,0, 300, False, 2
1332,0, 300, False, 2
1333,0, 300, False, 2
1334,0, 300, False, 2
1335,0, 300, False, 2
1336,0, 300, False, 2
1337,0, 300, False, 2
1338,0, 300, False, 2
1339,0, 300, False, 2
1340,0, 300, False, 2
1341,0, 300, False, 2
1342,0, 300, False, 2
1343,0, 300, False, 2
1344,0, 300, False, 2
1345,0, 300, False, 2
1346,0, 300, False, 2
1347,0, 300, False, 2
1348,0, 300, False, 2
1349,0, 300, False, 2
1350,0, 300, False, 2
1351,0, 300, False, 2
1352,0, 300, False, 2
1353,0, 300, False, 2
1354,0, 300, False, 2
1355,0, 300, False, 2
1356,0, 300, False, 2
1357,0, 300, False, 2
1358,0, 300, False, 2
1359,0, 300, False, 2
1360,0, 300, False, 2
1361,0, 300, False, 2
1362,0, 300, False, 2
1363,0, 300, False, 2
1364,0, 300, False, 2
1365,0, 300, False, 2
1366,0, 300, False, 2
1367,0, 300, False, 2
1368,0, 300, False, 2
1369,0, 300, False, 2
1370,0, 300, False, 2
1371,0, 300, False, 2
1372,0, 300, False, 2
1373,0, 300, False, 2
1374,0, 300, False, 2
1375,0, 300, False, 2
1376,0, 300, False, 2
1377,0, 300, False, 2
1378,0, 300, False, 2
1379,0, 300, False, 2
1380,0, 300, False, 2
1381,0, 300, False, 2
1382,0, 300, False, 2
1383,0, 300, False, 2
1384,0, 300, False, 2
1385,0, 300, False, 2
1386,0, 300, False, 2
1387,0, 300, False, 2
1388,0, 300, False, 2
1389,0, 300, False, 2
1390,0, 300, False, 2
1391,0, 300, False, 2
1392,0, 300, False, 2
1393,0, 300, False, 2
1394,0, 300, False, 2
1395,0, 300, False, 2
1396,0, 300, False, 2
1397,0, 300, False, 2
1398,0, 300, False, 2
1399,0, 300, False, 2
1400,0, 300, False, 2
1401,0, 300, False, 2
1402,0, 300, False, 2
1403,0, 300, False, 2
1404,0, 300, False, 2
1405,0, 300, False, 2
1406,0, 300, False, 2
1407,0, 300, False, 2
1408,0, 300, False, 2
1409,0, 300, False, 2
1410,0, 300, False, 2
1411,0, 300, False, 2
1412,0, 300, False, 2
1413,0, 300, False, 2
1414,0, 300, False, 2
1415,0, 300, False, 2
1416,0, 300, False, 2
1417,0, 300, False, 2
1418,0, 300, False, 2
1419,0, 300, False, 2
1420,0, 300, False, 2
1421,0, 300, False, 2
1422,0, 300, False, 2
1423,0, 300, False, 2
1424,0, 300, False, 2
1425,0, 300, False, 2
1426,0, 300, False, 2
1427,0, 300, False, 2
1428,0, 300, False, 2
1429,0, 300, False, 2
1430,0, 300, False, 2
1431,0, 300, False, 2
1432,0, 300, False, 2
1433,0, 300, False, 2
1434,0, 300, False, 2
1435,0, 300, False, 2
1436,0, 300, False, 2
1437,0, 300, False, 2
1438,0, 300, False, 2
1439,0, 300, False, 2
1440,0, 300, False, 2
1441,0, 300, False, 2
1442,0, 300, False, 2
1443,0, 300, False, 2
1444,0, 300, False, 2
1445,0, 300, False, 2
1446,0, 300, False, 2
1447,0, 300, False, 2
1448,0, 300, False, 2
1449,0, 300, False, 2
1450,0, 300, False, 2
1451,0, 300, False, 2
1452,0, 300, False, 2
1453,0, 300, False, 2
1454,0, 300, False, 2
1455,0, 300, False, 2
1456,0, 300, False, 2
1457,0, 300, False, 2
1458,0, 300, False, 2
1459,0, 300, False, 2
1460,0, 300, False, 2
1461,0, 300, False, 2
1462,0, 300, False, 2
1463,0, 300, False, 2
1464,0, 300, False, 2
1465,0, 300, False, 2
1466,0, 300, False, 2
1467,0, 300, False, 2
1468,0, 300, False, 2
1469,0, 300, False, 2
1470,0, 300, False, 2
1471,0, 300, False, 2
1472,0, 300, False, 2
1473,0, 300, False, 4
1474,0, 300, False, 4
1475,0, 300, False, 4
1476,0, 300, False, 4
1477,10, 310, False, 4
1478,0, 310, False, 4
1479,0, 310, False, 4
1480,0, 310, False, 4
1481,0, 310, False, 5
1482,0, 310, False, 5
1483,0, 310, False, 5
1484,0, 310, False, 5
1485,0, 310, False, 5
1486,0, 310, False, 5
1487,0, 310, False, 5
1488,0, 310, False, 5
1489,0, 310, False, 5
1490,0, 310, False, 5
1491,0, 310, False, 5
1492,0, 310, False, 5
1493,0, 310, False, 5
1494,0, 310, False, 5
1495,0, 310, False, 5
1496,0, 310, False, 5
1497,0, 310, False, 5
1498,0, 310, False, 5
1499,0, 310, False, 5
1500,0, 310, False, 5
1501,0, 310, False, 5
1502,0, 310, False, 5
1503,0, 310, False, 5
1504,0, 310, False, 5
1505,0, 310, False, 5
1506,0, 310, False, 5
1507,0, 310, False, 5
1508,0, 310, False, 5
1509,0, 310, False, 5
1510,0, 310, False, 5
1511,0, 310, False, 5
1512,0, 310, False, 5
1513,0, 310, False, 5
1514,0, 310, False, 5
1515,0, 310, False, 5
1516,0, 310, False, 5
1517,0, 310, False, 5
1518,0, 310, False, 5
1519,0, 310, False, 5
1520,0, 310, False, 5
1521,0, 310, False, 5
1522,0, 310, False, 5
1523,0, 310, False, 5
1524,0, 310, False, 5
1525,0, 310, False, 5
1526,0, 310, False, 5
1527,0, 310, False, 5
1528,0, 310, False, 5
1529,0, 310, False, 5
1530,0, 310, False, 5
1531,0, 310, False, 5
1532,0, 310, False, 5
1533,0, 310, False, 5
1534,0, 310, False, 5
1535,0, 310, False, 5
1536,0, 310, False, 5
1537,0, 310, False, 5
1538,0, 310, False, 5
1539,0, 310, False, 5
1540,0, 310, False, 5
1541,0, 310, False, 5
1542,0, 310, False, 5
1543,0, 310, False, 4
1544,0, 310, False, 4
1545,0, 310, False, 4
1546,0, 310, False, 4
1547,0, 310, False, 4
1548,0, 310, False, 4
1549,0, 310, False, 4
1550,0, 310, False, 4
1551,0, 310, False, 4
1552,0, 310, False, 4
1553,0, 310, False, 4
1554,0, 310, False, 4
1555,0, 310, False, 4
1556,0, 310, False, 4
1557,0, 310, False, 4
1558,0, 310, False, 4
1559,0, 310, False, 4
1560,0, 310, False, 4
1561,0, 310, False, 4
1562,0, 310, False, 4
1563,0, 310, False, 4
1564,0, 310, False, 4
1565,0, 310, False, 4
1566,0, 310, False, 4
1567,0, 310, False, 4
1568,0, 310, False, 4
1569,0, 310, False, 4
1570,0, 310, False, 4
1571,0, 310, False, 5
1572,0, 310, False, 5
1573,0, 310, False, 5
1574,0, 310, False, 5
1575,0, 310, False, 5
1576,0, 310, False, 5
1577,0, 310, False, 5
1578,0, 310, False, 5
1579,0, 310, False, 5
1580,0, 310, False, 5
1581,0, 310, False, 5
1582,0, 310, False, 5
1583,0, 310, False, 5
1584,0, 310, False, 5
1585,0, 310, False, 5
1586,0, 310, False, 5
1587,0, 310, False, 5
1588,0, 310, False, 5
1589,0, 310, False, 5
1590,0, 310, False, 5
1591,0, 310, False, 5
1592,0, 310, False, 5
1593,0, 310, False, 5
1594,0, 310, False, 5
1595,0, 310, False, 5
1596,0, 310, False, 5
1597,0, 310, False, 5
1598,0, 310, False, 5
1599,0, 310, False, 5
1600,0, 310, False, 5
1601,0, 310, False, 5
1602,0, 310, False, 5
1603,0, 310, False, 5
1604,0, 310, False, 5
1605,0, 310, False, 5
1606,0, 310, False, 5
1607,0, 310, False, 5
1608,0, 310, False, 5
1609,0, 310, False, 5
1610,0, 310, False, 5
1611,0, 310, False, 5
1612,0, 310, False, 5
1613,0, 310, False, 5
1614,0, 310, False, 5
1615,0, 310, False, 5
1616,0, 310, False, 5
1617,0, 310, False, 5
1618,0, 310, False, 5
1619,0, 310, False, 5
1620,0, 310, False, 5
1621,0, 310, False, 0
1622,0, 310, False, 0
1623,0, 310, False, 0
1624,0, 310, False, 0
1625,0, 310, False, 0
1626,0, 310, False, 0
1627,0, 310, False, 0
1628,0, 310, False, 0
1629,0, 310, False, 0
1630,0, 310, False, 0
1631,0, 310, False, 0
1632,0, 310, False, 0
1633,0, 310, False, 0
1634,0, 310, False, 0
1635,0, 310, False, 0
1636,0, 310, False, 0
1637,0, 310, False, 0
1638,0, 310, False, 0
1639,0, 310, False, 0
1640,0, 310, False, 0
1641,0, 310, False, 0
1642,0, 310, False, 0
1643,0, 310, False, 0
1644,0, 310, False, 0
1645,0, 310, False, 0
1646,0, 310, False, 0
1647,0, 310, False, 0
1648,0, 310, False, 0
1649,0, 310, False, 0
1650,0, 310, False, 0
1651,0, 310, False, 0
1652,0, 310, False, 0
1653,0, 310, False, 0
1654,0, 310, False, 0
1655,0, 310, False, 0
1656,0, 310, False, 0
1657,0, 310, False, 0
1658,0, 310, False, 0
1659,0, 310, False, 0
1660,0, 310, False, 0
1661,0, 310, False, 0
1662,0, 310, False, 0
1663,0, 310, False, 0
1664,0, 310, False, 0
1665,0, 310, False, 0
1666,0, 310, False, 0
1667,0, 310, False, 0
1668,0, 310, False, 0
1669,0, 310, False, 0
1670,0, 310, False, 0
1671,0, 310, False, 0
1672,0, 310, False, 0
1673,0, 310, False, 0
1674,0, 310, False, 0
1675,0, 310, False, 0
1676,0, 310, False, 0
1677,0, 310, False, 0
1678,0, 310, False, 0
1679,0, 310, False, 0
1680,0, 310, False, 0
1681,0, 310, False, 0
1682,0, 310, False, 0
1683,0, 310, False, 0
1684,0, 310, False, 0
1685,0, 310, False, 0
1686,0, 310, False, 0
1687,0, 310, False, 0
1688,0, 310, False, 0
1689,0, 310, False, 0
1690,0, 310, False, 0
1691,0, 310, False, 0
1692,0, 310, False, 0
1693,0, 310, False, 0
1694,0, 310, False, 0
1695,0, 310, False, 0
1696,0, 310, False, 0
1697,0, 310, False, 0
1698,0, 310, False, 0
1699,0, 310, False, 0
1700,0, 310, False, 0
1701,0, 310, False, 0
1702,0, 310, False, 0
1703,0, 310, False, 0
1704,0, 310, False, 0
1705,0, 310, False, 0
1706,0, 310, False, 0
1707,0, 310, False, 0
1708,0, 310, False, 0
1709,0, 310, False, 0
1710,0, 310, False, 0
1711,0, 310, False, 0
1712,0, 310, False, 0
1713,0, 310, False, 0
1714,0, 310, False, 0
1715,0, 310, False, 0
1716,0, 310, False, 0
1717,0, 310, False, 0
1718,0, 310, False, 0
1719,0, 310, False, 0
1720,0, 310, False, 0
1721,0, 310, False, 0
1722,0, 310, False, 0
1723,0, 310, False, 0
1724,0, 310, False, 0
1725,0, 310, False, 0
1726,0, 310, False, 0
1727,0, 310, False, 0
1728,0, 310, False, 0
1729,0, 310, False, 0
1730,0, 310, False, 0
1731,0, 310, False, 0
1732,0, 310, False, 0
1733,0, 310, False, 0
1734,0, 310, False, 0
1735,0, 310, False, 0
1736,0, 310, False, 0
1737,0, 310, False, 0
1738,0, 310, False, 0
1739,0, 310, False, 0
1740,0, 310, False, 0
1741,0, 310, False, 0
1742,0, 310, False, 0
1743,0, 310, False, 0
1744,0, 310, False, 0
1745,0, 310, False, 4
1746,0, 310, False, 4
1747,0, 310, False, 4
1748,0, 310, False, 4
1749,0, 310, False, 4
1750,0, 310, False, 4
1751,0, 310, False, 4
1752,0, 310, False, 4
1753,0, 310, False, 4
1754,0, 310, False, 4
1755,10, 320, False, 4
1756,0, 320, False, 4
1757,0, 320, False, 4
1758,0, 320, False, 4
1759,0, 320, False, 4
1760,0, 320, False, 4
1761,0, 320, False, 4
1762,0, 320, False, 4
1763,0, 320, False, 4
1764,0, 320, False, 4
1765,0, 320, False, 4
1766,0, 320, False, 4
1767,0, 320, False, 4
1768,0, 320, False, 4
1769,10, 330, False, 4
1770,0, 330, False, 4
1771,0, 330, False, 4
1772,0, 330, False, 4
1773,0, 330, False, 4
1774,0, 330, False, 4
1775,0, 330, False, 4
1776,0, 330, False, 4
1777,0, 330, False, 4
1778,0, 330, False, 4
1779,0, 330, False, 4
1780,0, 330, False, 4
1781,10, 340, False, 4
1782,0, 340, False, 4
1783,0, 340, False, 4
1784,0, 340, False, 4
1785,0, 340, False, 4
1786,0, 340, False, 4
1787,0, 340, False, 4
1788,0, 340, False, 4
1789,0, 340, False, 4
1790,0, 340, False, 4
1791,0, 340, False, 4
1792,0, 340, False, 4
1793,0, 340, False, 4
1794,0, 340, False, 4
1795,0, 340, False, 4
1796,0, 340, False, 4
1797,0, 340, False, 4
1798,0, 340, False, 4
1799,0, 340, False, 4
1800,0, 340, False, 4
1801,0, 340, False, 4
1802,0, 340, False, 4
1803,0, 340, False, 4
1804,0, 340, False, 4
1805,0, 340, False, 4
1806,0, 340, False, 4
1807,0, 340, False, 4
1808,0, 340, False, 4
1809,0, 340, False, 4
1810,0, 340, False, 4
1811,0, 340, False, 4
1812,0, 340, False, 4
1813,0, 340, False, 4
1814,0, 340, False, 4
1815,0, 340, False, 4
1816,0, 340, False, 4
1817,0, 340, False, 4
1818,0, 340, False, 4
1819,0, 340, False, 4
1820,0, 340, False, 4
1821,0, 340, False, 4
1822,0, 340, False, 4
1823,0, 340, False, 4
1824,0, 340, False, 4
1825,0, 340, False, 4
1826,0, 340, False, 4
1827,0, 340, False, 4
1828,0, 340, False, 4
1829,0, 340, False, 2
1830,0, 340, False, 2
1831,0, 340, False, 2
1832,0, 340, False, 2
1833,0, 340, False, 2
1834,0, 340, False, 2
1835,0, 340, False, 2
1836,0, 340, False, 2
1837,0, 340, False, 2
1838,0, 340, False, 2
1839,0, 340, False, 2
1840,0, 340, False, 2
1841,0, 340, False, 2
1842,0, 340, False, 2
1843,0, 340, False, 2
1844,0, 340, False, 2
1845,0, 340, False, 2
1846,0, 340, False, 2
1847,50, 390, False, 2
1848,0, 390, False, 2
1849,0, 390, False, 2
1850,0, 390, False, 2
1851,0, 390, False, 2
1852,0, 390, False, 2
1853,10, 400, False, 2
1854,0, 400, False, 2
1855,0, 400, False, 2
1856,0, 400, False, 2
1857,0, 400, False, 2
1858,0, 400, False, 2
1859,0, 400, False, 2
1860,0, 400, False, 2
1861,0, 400, False, 2
1862,0, 400, False, 2
1863,0, 400, False, 2
1864,0, 400, False, 2
1865,0, 400, False, 2
1866,0, 400, False, 2
1867,10, 410, False, 2
1868,0, 410, False, 2
1869,0, 410, False, 2
1870,0, 410, False, 2
1871,0, 410, False, 2
1872,0, 410, False, 2
1873,0, 410, False, 2
1874,0, 410, False, 2
1875,0, 410, False, 2
1876,0, 410, False, 2
1877,0, 410, False, 2
1878,0, 410, False, 2
1879,0, 410, False, 2
1880,0, 410, False, 2
1881,0, 410, False, 2
1882,0, 410, False, 2
1883,0, 410, False, 2
1884,0, 410, False, 2
1885,0, 410, False, 2
1886,0, 410, False, 2
1887,0, 410, False, 2
1888,0, 410, False, 2
1889,0, 410, False, 2
1890,0, 410, False, 2
1891,0, 410, False, 2
1892,0, 410, False, 2
1893,0, 410, False, 2
1894,0, 410, False, 2
1895,0, 410, False, 2
1896,0, 410, False, 3
1897,0, 410, False, 3
1898,0, 410, False, 3
1899,0, 410, False, 3
1900,0, 410, False, 3
1901,0, 410, False, 3
1902,0, 410, False, 3
1903,10, 420, False, 3
1904,0, 420, False, 3
1905,0, 420, False, 3
1906,0, 420, False, 3
1907,0, 420, False, 3
1908,0, 420, False, 3
1909,0, 420, False, 3
1910,0, 420, False, 3
1911,0, 420, False, 3
1912,0, 420, False, 3
1913,0, 420, False, 3
1914,0, 420, False, 3
1915,0, 420, False, 3
1916,0, 420, False, 3
1917,10, 430, False, 3
1918,0, 430, False, 3
1919,0, 430, False, 3
1920,0, 430, False, 3
1921,0, 430, False, 3
1922,0, 430, False, 3
1923,0, 430, False, 3
1924,0, 430, False, 3
1925,0, 430, False, 3
1926,0, 430, False, 3
1927,0, 430, False, 3
1928,0, 430, False, 3
1929,0, 430, False, 3
1930,0, 430, False, 3
1931,0, 430, False, 3
1932,0, 430, False, 3
1933,0, 430, False, 3
1934,0, 430, False, 3
1935,0, 430, False, 3
1936,0, 430, False, 3
1937,0, 430, False, 3
1938,0, 430, False, 3
1939,0, 430, False, 3
1940,0, 430, False, 3
1941,0, 430, False, 3
1942,0, 430, False, 3
1943,0, 430, False, 3
1944,0, 430, False, 3
1945,0, 430, False, 3
1946,0, 430, False, 3
1947,0, 430, False, 3
1948,0, 430, False, 3
1949,0, 430, False, 3
1950,0, 430, False, 3
1951,0, 430, False, 3
1952,0, 430, False, 3
1953,0, 430, False, 3
1954,0, 430, False, 3
1955,0, 430, False, 3
1956,0, 430, False, 3
1957,0, 430, False, 3
1958,0, 430, False, 3
1959,0, 430, False, 3
1960,0, 430, False, 3
1961,0, 430, False, 3
1962,0, 430, False, 3
1963,0, 430, False, 3
1964,0, 430, False, 3
1965,0, 430, False, 3
1966,0, 430, False, 3
1967,0, 430, False, 3
1968,0, 430, False, 3
1969,0, 430, False, 3
1970,0, 430, False, 3
1971,0, 430, False, 3
1972,0, 430, False, 3
1973,0, 430, False, 3
1974,0, 430, False, 3
1975,0, 430, False, 3
1976,0, 430, False, 3
1977,0, 430, False, 3
1978,0, 430, False, 3
1979,0, 430, False, 3
1980,0, 430, False, 3
1981,0, 430, False, 3
1982,0, 430, False, 3
1983,0, 430, False, 3
1984,0, 430, False, 3
1985,0, 430, False, 4
1986,0, 430, False, 4
1987,0, 430, False, 4
1988,0, 430, False, 4
1989,0, 430, False, 4
1990,0, 430, False, 4
1991,0, 430, False, 4
1992,0, 430, False, 4
1993,0, 430, False, 4
1994,0, 430, False, 4
1995,0, 430, False, 4
1996,0, 430, False, 4
1997,0, 430, False, 4
1998,0, 430, False, 4
1999,0, 430, False, 4
2000,0, 430, False, 4
2001,0, 430, False, 4
2002,0, 430, False, 4
2003,0, 430, False, 4
2004,0, 430, False, 4
2005,0, 430, False, 4
2006,0, 430, False, 4
2007,0, 430, False, 4
2008,0, 430, False, 4
2009,0, 430, False, 4
2010,0, 430, False, 4
2011,0, 430, False, 4
2012,0, 430, False, 4
2013,0, 430, False, 4
2014,0, 430, False, 4
2015,0, 430, False, 4
2016,0, 430, False, 4
2017,0, 430, False, 2
2018,0, 430, False, 2
2019,0, 430, False, 2
2020,0, 430, False, 2
2021,0, 430, False, 2
2022,0, 430, False, 2
2023,0, 430, False, 2
2024,0, 430, False, 2
2025,0, 430, False, 2
2026,0, 430, False, 2
2027,0, 430, False, 2
2028,0, 430, False, 2
2029,0, 430, False, 2
2030,0, 430, False, 2
2031,0, 430, False, 2
2032,0, 430, False, 2
2033,0, 430, False, 2
2034,0, 430, False, 2
2035,0, 430, False, 2
2036,0, 430, False, 2
2037,0, 430, False, 2
2038,0, 430, False, 2
2039,0, 430, False, 2
2040,0, 430, False, 2
2041,0, 430, False, 2
2042,0, 430, False, 2
2043,0, 430, False, 2
2044,0, 430, False, 2
2045,0, 430, False, 2
2046,0, 430, False, 2
2047,0, 430, False, 2
2048,0, 430, False, 2
2049,0, 430, False, 2
2050,0, 430, False, 2
2051,0, 430, False, 2
2052,0, 430, False, 2
2053,0, 430, False, 2
2054,0, 430, False, 2
2055,0, 430, False, 2
2056,0, 430, False, 2
2057,0, 430, False, 2
2058,0, 430, False, 2
2059,0, 430, False, 2
2060,0, 430, False, 2
2061,0, 430, False, 2
2062,0, 430, False, 0
2063,0, 430, False, 0
2064,0, 430, False, 0
2065,0, 430, False, 0
2066,0, 430, False, 0
2067,0, 430, False, 0
2068,0, 430, False, 0
2069,0, 430, False, 0
2070,0, 430, False, 0
2071,0, 430, False, 0
2072,0, 430, False, 0
2073,0, 430, False, 0
2074,0, 430, False, 0
2075,0, 430, False, 0
2076,0, 430, False, 0
2077,0, 430, False, 0
2078,0, 430, False, 0
2079,0, 430, False, 0
2080,0, 430, False, 0
2081,0, 430, False, 0
2082,0, 430, False, 0
2083,0, 430, False, 0
2084,0, 430, False, 0
2085,0, 430, False, 0
2086,0, 430, False, 0
2087,0, 430, False, 0
2088,0, 430, False, 0
2089,0, 430, False, 0
2090,0, 430, False, 0
2091,0, 430, False, 0
2092,0, 430, False, 0
2093,0, 430, False, 0
2094,0, 430, False, 0
2095,0, 430, False, 0
2096,0, 430, False, 0
2097,0, 430, False, 0
2098,0, 430, False, 0
2099,0, 430, False, 0
2100,0, 430, False, 0
2101,0, 430, False, 0
2102,0, 430, False, 0
2103,0, 430, False, 0
2104,0, 430, False, 0
2105,0, 430, False, 0
2106,0, 430, False, 0
2107,0, 430, False, 0
2108,0, 430, False, 0
2109,0, 430, False, 0
2110,0, 430, False, 0
2111,0, 430, False, 0
2112,0, 430, False, 0
2113,0, 430, False, 0
2114,0, 430, False, 0
2115,0, 430, False, 0
2116,0, 430, False, 0
2117,0, 430, False, 0
2118,0, 430, False, 0
2119,0, 430, False, 0
2120,0, 430, False, 0
2121,0, 430, False, 0
2122,0, 430, False, 0
2123,0, 430, False, 0
2124,0, 430, False, 0
2125,0, 430, False, 0
2126,0, 430, False, 0
2127,0, 430, False, 0
2128,0, 430, False, 0
2129,0, 430, False, 0
2130,0, 430, False, 0
2131,0, 430, False, 0
2132,0, 430, False, 0
2133,0, 430, False, 0
2134,0, 430, False, 0
2135,0, 430, False, 0
2136,0, 430, False, 0
2137,0, 430, False, 0
2138,0, 430, False, 0
2139,0, 430, False, 0
2140,0, 430, False, 0
2141,0, 430, False, 0
2142,0, 430, False, 0
2143,0, 430, False, 0
2144,0, 430, False, 0
2145,0, 430, False, 0
2146,0, 430, False, 0
2147,0, 430, False, 0
2148,0, 430, False, 0
2149,0, 430, False, 0
2150,0, 430, False, 0
2151,0, 430, False, 0
2152,0, 430, False, 0
2153,0, 430, False, 0
2154,0, 430, False, 0
2155,0, 430, False, 0
2156,0, 430, False, 0
2157,0, 430, False, 0
2158,0, 430, False, 0
2159,0, 430, False, 0
2160,0, 430, False, 0
2161,0, 430, False, 0
2162,0, 430, False, 0
2163,0, 430, False, 0
2164,0, 430, False, 0
2165,0, 430, False, 0
2166,0, 430, False, 0
2167,0, 430, False, 0
2168,0, 430, False, 0
2169,0, 430, False, 0
2170,0, 430, False, 0
2171,0, 430, False, 0
2172,0, 430, False, 0
2173,0, 430, False, 0
2174,0, 430, False, 0
2175,0, 430, False, 0
2176,0, 430, False, 0
2177,0, 430, False, 0
2178,0, 430, False, 0
2179,0, 430, False, 0
2180,0, 430, False, 0
2181,0, 430, False, 0
2182,0, 430, False, 0
2183,0, 430, False, 0
2184,0, 430, False, 0
2185,0, 430, False, 0
2186,0, 430, False, 0
2187,0, 430, False, 0
2188,0, 430, False, 0
2189,0, 430, False, 0
2190,0, 430, False, 0
2191,0, 430, False, 0
2192,0, 430, False, 0
2193,0, 430, False, 0
2194,0, 430, False, 0
2195,0, 430, False, 0
2196,0, 430, False, 0
2197,0, 430, False, 0
2198,0, 430, False, 0
2199,0, 430, False, 0
2200,0, 430, False, 0
2201,0, 430, False, 0
2202,0, 430, False, 0
2203,0, 430, False, 0
2204,0, 430, False, 0
2205,0, 430, False, 0
2206,0, 430, False, 0
2207,0, 430, False, 3
2208,0, 430, False, 3
2209,0, 430, False, 3
2210,0, 430, False, 3
2211,0, 430, False, 3
2212,0, 430, False, 3
2213,0, 430, False, 3
2214,0, 430, False, 3
2215,0, 430, False, 3
2216,0, 430, False, 3
2217,0, 430, False, 3
2218,0, 430, False, 3
2219,0, 430, False, 3
2220,0, 430, False, 3
2221,0, 430, False, 3
2222,0, 430, False, 3
2223,0, 430, False, 3
2224,0, 430, False, 3
2225,0, 430, False, 3
2226,0, 430, False, 3
2227,0, 430, False, 2
2228,0, 430, False, 2
2229,0, 430, False, 2
2230,0, 430, False, 2
2231,0, 430, False, 2
2232,0, 430, False, 2
2233,0, 430, False, 2
2234,0, 430, False, 2
2235,0, 430, False, 2
2236,0, 430, False, 2
2237,0, 430, False, 2
2238,0, 430, False, 2
2239,0, 430, False, 2
2240,0, 430, False, 2
2241,0, 430, False, 2
2242,0, 430, False, 2
2243,0, 430, False, 2
2244,0, 430, False, 2
2245,0, 430, False, 2
2246,0, 430, False, 2
2247,0, 430, False, 2
2248,0, 430, False, 2
2249,0, 430, False, 2
2250,0, 430, False, 2
2251,0, 430, False, 2
2252,0, 430, False, 2
2253,0, 430, False, 2
2254,0, 430, False, 2
2255,0, 430, False, 2
2256,0, 430, False, 2
2257,0, 430, False, 2
2258,0, 430, False, 2
2259,0, 430, False, 2
2260,0, 430, False, 2
2261,0, 430, False, 2
2262,0, 430, False, 2
2263,0, 430, False, 2
2264,0, 430, False, 2
2265,0, 430, False, 2
2266,0, 430, False, 2
2267,0, 430, False, 2
2268,0, 430, False, 2
2269,0, 430, False, 2
2270,0, 430, False, 2
2271,0, 430, False, 2
2272,0, 430, False, 2
2273,0, 430, False, 2
2274,0, 430, False, 2
2275,0, 430, False, 2
2276,0, 430, False, 2
2277,0, 430, False, 2
2278,0, 430, False, 2
2279,0, 430, False, 2
2280,0, 430, False, 2
2281,0, 430, False, 2
2282,0, 430, False, 2
2283,0, 430, False, 2
2284,0, 430, False, 2
2285,0, 430, False, 2
2286,0, 430, False, 2
2287,0, 430, False, 2
2288,0, 430, False, 2
2289,0, 430, False, 2
2290,0, 430, False, 2
2291,0, 430, False, 2
2292,0, 430, False, 2
2293,0, 430, False, 2
2294,0, 430, False, 2
2295,0, 430, False, 2
2296,0, 430, False, 2
2297,0, 430, False, 2
2298,0, 430, False, 2
2299,0, 430, False, 2
2300,0, 430, False, 2
2301,0, 430, False, 2
2302,0, 430, False, 2
2303,0, 430, False, 2
2304,0, 430, False, 2
2305,0, 430, False, 2
2306,0, 430, False, 2
2307,0, 430, False, 2
2308,0, 430, False, 2
2309,0, 430, False, 2
2310,0, 430, False, 2
2311,0, 430, False, 2
2312,0, 430, False, 2
2313,0, 430, False, 2
2314,0, 430, False, 2
2315,0, 430, False, 2
2316,0, 430, False, 2
2317,0, 430, False, 2
2318,0, 430, False, 2
2319,0, 430, False, 2
2320,0, 430, False, 2
2321,0, 430, False, 2
2322,0, 430, False, 2
2323,0, 430, False, 2
2324,0, 430, False, 2
2325,0, 430, False, 2
2326,0, 430, False, 2
2327,0, 430, False, 2
2328,0, 430, False, 2
2329,0, 430, False, 2
2330,0, 430, False, 2
2331,0, 430, False, 2
2332,0, 430, False, 2
2333,0, 430, False, 2
2334,0, 430, False, 2
2335,0, 430, False, 2
2336,0, 430, False, 2
2337,0, 430, False, 2
2338,0, 430, False, 2
2339,0, 430, False, 2
2340,0, 430, False, 2
2341,0, 430, False, 2
2342,0, 430, False, 2
2343,0, 430, False, 2
2344,0, 430, False, 2
2345,0, 430, False, 2
2346,0, 430, False, 2
2347,0, 430, False, 2
2348,0, 430, False, 2
2349,0, 430, False, 5
2350,0, 430, False, 5
2351,0, 430, False, 5
2352,0, 430, False, 5
2353,0, 430, False, 5
2354,0, 430, False, 5
2355,0, 430, False, 5
2356,0, 430, False, 5
2357,0, 430, False, 5
2358,0, 430, False, 5
2359,0, 430, False, 5
2360,0, 430, False, 5
2361,0, 430, False, 5
2362,0, 430, False, 5
2363,0, 430, False, 5
2364,0, 430, False, 5
2365,0, 430, False, 5
2366,0, 430, False, 5
2367,0, 430, False, 5
2368,0, 430, False, 5
2369,0, 430, False, 5
2370,0, 430, False, 5
2371,0, 430, False, 5
2372,0, 430, False, 5
2373,0, 430, False, 5
2374,0, 430, False, 5
2375,0, 430, False, 2
2376,0, 430, False, 2
2377,0, 430, False, 2
2378,0, 430, False, 2
2379,0, 430, False, 2
2380,0, 430, False, 2
2381,0, 430, False, 2
2382,0, 430, False, 2
2383,0, 430, False, 2
2384,0, 430, False, 2
2385,0, 430, False, 2
2386,0, 430, False, 2
2387,0, 430, False, 2
2388,0, 430, False, 2
2389,0, 430, False, 2
2390,0, 430, False, 2
2391,0, 430, False, 2
2392,0, 430, False, 2
2393,0, 430, False, 2
2394,0, 430, False, 2
2395,0, 430, False, 2
2396,0, 430, False, 2
2397,0, 430, False, 2
2398,0, 430, False, 2
2399,0, 430, False, 2
2400,0, 430, False, 2
2401,0, 430, False, 2
2402,0, 430, False, 2
2403,0, 430, False, 2
2404,0, 430, False, 2
2405,0, 430, False, 2
2406,0, 430, False, 2
2407,0, 430, False, 2
2408,0, 430, False, 2
2409,0, 430, False, 2
2410,0, 430, False, 2
2411,0, 430, False, 2
2412,0, 430, False, 2
2413,0, 430, False, 2
2414,0, 430, False, 2
2415,0, 430, False, 2
2416,0, 430, False, 2
2417,0, 430, False, 2
2418,0, 430, False, 2
2419,0, 430, False, 2
2420,0, 430, False, 2
2421,0, 430, False, 2
2422,0, 430, False, 2
2423,0, 430, False, 2
2424,0, 430, False, 2
2425,0, 430, False, 2
2426,0, 430, False, 2
2427,0, 430, False, 2
2428,0, 430, False, 2
2429,0, 430, False, 2
2430,0, 430, False, 2
2431,0, 430, False, 2
2432,0, 430, False, 2
2433,0, 430, False, 2
2434,0, 430, False, 2
2435,0, 430, False, 2
2436,0, 430, False, 2
2437,0, 430, False, 2
2438,0, 430, False, 2
2439,0, 430, False, 2
2440,0, 430, False, 2
2441,0, 430, False, 2
2442,0, 430, False, 2
2443,0, 430, False, 2
2444,0, 430, False, 2
2445,0, 430, False, 5
2446,0, 430, False, 5
2447,0, 430, False, 5
2448,0, 430, False, 5
2449,0, 430, False, 5
2450,0, 430, False, 5
2451,0, 430, False, 5
2452,0, 430, False, 5
2453,0, 430, False, 5
2454,0, 430, False, 5
2455,0, 430, False, 5
2456,0, 430, False, 5
2457,0, 430, False, 5
2458,0, 430, False, 5
2459,0, 430, False, 5
2460,0, 430, False, 5
2461,0, 430, False, 5
2462,0, 430, False, 5
2463,0, 430, False, 5
2464,0, 430, False, 5
2465,0, 430, False, 5
2466,0, 430, False, 2
2467,0, 430, False, 2
2468,0, 430, False, 2
2469,0, 430, False, 2
2470,0, 430, False, 2
2471,0, 430, False, 2
2472,0, 430, False, 2
2473,0, 430, False, 2
2474,0, 430, False, 2
2475,0, 430, False, 2
2476,0, 430, False, 2
2477,0, 430, False, 2
2478,0, 430, False, 2
2479,0, 430, False, 2
2480,0, 430, False, 2
2481,0, 430, False, 2
2482,0, 430, False, 2
2483,0, 430, False, 2
2484,0, 430, False, 2
2485,0, 430, False, 2
2486,0, 430, False, 2
2487,0, 430, False, 2
2488,0, 430, False, 2
2489,0, 430, False, 2
2490,0, 430, False, 2
2491,0, 430, False, 2
2492,0, 430, False, 2
2493,0, 430, False, 2
2494,0, 430, False, 2
2495,0, 430, False, 2
2496,0, 430, False, 2
2497,0, 430, False, 2
2498,0, 430, False, 2
2499,0, 430, False, 2
2500,0, 430, False, 2
2501,0, 430, False, 2
2502,0, 430, False, 2
2503,0, 430, False, 2
2504,0, 430, False, 2
2505,0, 430, False, 2
2506,0, 430, False, 2
2507,0, 430, False, 2
2508,0, 430, False, 2
2509,0, 430, False, 2
2510,0, 430, False, 2
2511,0, 430, False, 2
2512,0, 430, False, 2
2513,0, 430, False, 2
2514,0, 430, False, 2
2515,0, 430, False, 2
2516,0, 430, False, 2
2517,0, 430, False, 2
2518,0, 430, False, 2
2519,0, 430, False, 2
2520,0, 430, False, 2
2521,0, 430, False, 2
2522,0, 430, False, 2
2523,0, 430, False, 2
2524,0, 430, False, 2
2525,0, 430, False, 2
2526,0, 430, False, 2
2527,0, 430, False, 2
2528,0, 430, False, 3
2529,0, 430, False, 3
2530,0, 430, False, 3
2531,0, 430, False, 3
2532,0, 430, False, 3
2533,0, 430, False, 3
2534,0, 430, False, 3
2535,0, 430, False, 3
2536,0, 430, False, 3
2537,0, 430, False, 3
2538,0, 430, False, 3
2539,0, 430, False, 3
2540,0, 430, False, 3
2541,0, 430, False, 3
2542,0, 430, False, 3
2543,0, 430, False, 3
2544,0, 430, False, 3
2545,0, 430, False, 3
2546,0, 430, False, 3
2547,0, 430, False, 3
2548,0, 430, False, 3
2549,0, 430, False, 3
2550,0, 430, False, 3
2551,0, 430, False, 3
2552,0, 430, False, 3
2553,0, 430, False, 3
2554,0, 430, False, 3
2555,0, 430, False, 3
2556,0, 430, False, 3
2557,0, 430, False, 3
2558,0, 430, False, 3
2559,0, 430, False, 3
2560,0, 430, False, 3
2561,0, 430, False, 3
2562,0, 430, False, 3
2563,0, 430, False, 3
2564,0, 430, False, 3
2565,0, 430, False, 3
2566,0, 430, False, 3
2567,0, 430, False, 3
2568,0, 430, False, 3
2569,0, 430, False, 3
2570,0, 430, False, 3
2571,0, 430, False, 3
2572,0, 430, False, 3
2573,0, 430, False, 3
2574,0, 430, False, 3
2575,0, 430, False, 3
2576,0, 430, False, 3
2577,0, 430, False, 3
2578,0, 430, False, 3
2579,0, 430, False, 3
2580,0, 430, False, 3
2581,0, 430, False, 3
2582,0, 430, False, 3
2583,0, 430, False, 3
2584,0, 430, False, 3
2585,0, 430, False, 3
2586,0, 430, False, 3
2587,0, 430, False, 3
2588,0, 430, False, 3
2589,0, 430, False, 3
2590,0, 430, False, 3
2591,0, 430, False, 3
2592,0, 430, False, 3
2593,0, 430, False, 3
2594,0, 430, False, 3
2595,0, 430, False, 3
2596,0, 430, False, 3
2597,0, 430, False, 3
2598,0, 430, False, 3
2599,0, 430, False, 3
2600,0, 430, False, 3
2601,0, 430, False, 3
2602,0, 430, False, 3
2603,0, 430, False, 3
2604,0, 430, False, 3
2605,0, 430, False, 3
2606,0, 430, False, 3
2607,0, 430, False, 3
2608,0, 430, False, 3
2609,0, 430, False, 3
2610,0, 430, False, 3
2611,0, 430, False, 3
2612,0, 430, False, 3
2613,0, 430, False, 3
2614,0, 430, False, 3
2615,10, 440, False, 3
2616,0, 440, False, 3
2617,0, 440, False, 3
2618,0, 440, False, 3
2619,0, 440, False, 3
2620,0, 440, False, 3
2621,0, 440, False, 3
2622,0, 440, False, 3
2623,0, 440, False, 3
2624,0, 440, False, 3
2625,0, 440, False, 3
2626,0, 440, False, 3
2627,0, 440, False, 3
2628,0, 440, False, 3
2629,10, 450, False, 3
2630,0, 450, False, 3
2631,0, 450, False, 3
2632,0, 450, False, 3
2633,0, 450, False, 3
2634,0, 450, False, 3
2635,0, 450, False, 3
2636,0, 450, False, 3
2637,0, 450, False, 3
2638,0, 450, False, 3
2639,0, 450, False, 3
2640,0, 450, False, 3
2641,10, 460, False, 3
2642,0, 460, False, 3
2643,0, 460, False, 3
2644,0, 460, False, 3
2645,0, 460, False, 3
2646,0, 460, False, 3
2647,0, 460, False, 3
2648,0, 460, False, 3
2649,0, 460, False, 3
2650,0, 460, False, 3
2651,0, 460, False, 3
2652,0, 460, False, 3
2653,0, 460, False, 3
2654,0, 460, False, 3
2655,10, 470, False, 3
2656,0, 470, False, 3
2657,0, 470, False, 3
2658,0, 470, False, 0
2659,0, 470, False, 0
2660,0, 470, False, 0
2661,0, 470, False, 0
2662,0, 470, False, 0
2663,0, 470, False, 0
2664,0, 470, False, 0
2665,0, 470, False, 0
2666,0, 470, False, 0
2667,0, 470, False, 0
2668,0, 470, False, 0
2669,0, 470, False, 0
2670,0, 470, False, 0
2671,0, 470, False, 0
2672,0, 470, False, 0
2673,0, 470, False, 0
2674,0, 470, False, 0
2675,0, 470, False, 0
2676,0, 470, False, 0
2677,0, 470, False, 0
2678,0, 470, False, 0
2679,0, 470, False, 0
2680,0, 470, False, 0
2681,0, 470, False, 0
2682,0, 470, False, 0
2683,0, 470, False, 0
2684,0, 470, False, 0
2685,0, 470, False, 0
2686,0, 470, False, 0
2687,0, 470, False, 0
2688,0, 470, False, 0
2689,0, 470, False, 0
2690,0, 470, False, 0
2691,0, 470, False, 0
2692,0, 470, False, 0
2693,0, 470, False, 0
2694,0, 470, False, 0
2695,0, 470, False, 0
2696,0, 470, False, 0
2697,0, 470, False, 0
2698,0, 470, False, 0
2699,0, 470, False, 0
2700,0, 470, False, 0
2701,0, 470, False, 0
2702,0, 470, False, 0
2703,0, 470, False, 0
2704,0, 470, False, 0
2705,0, 470, False, 0
2706,0, 470, False, 0
2707,0, 470, False, 0
2708,0, 470, False, 0
2709,0, 470, False, 0
2710,0, 470, False, 0
2711,0, 470, False, 0
2712,0, 470, False, 0
2713,0, 470, False, 0
2714,0, 470, False, 0
2715,0, 470, False, 0
2716,0, 470, False, 0
2717,0, 470, False, 0
2718,0, 470, False, 0
2719,0, 470, False, 0
2720,0, 470, False, 0
2721,0, 470, False, 0
2722,0, 470, False, 0
2723,0, 470, False, 0
2724,0, 470, False, 0
2725,0, 470, False, 0
2726,0, 470, False, 0
2727,0, 470, False, 0
2728,0, 470, False, 0
2729,0, 470, False, 0
2730,0, 470, False, 0
2731,0, 470, False, 0
2732,0, 470, False, 0
2733,0, 470, False, 0
2734,0, 470, False, 0
2735,0, 470, False, 0
2736,0, 470, False, 0
2737,0, 470, False, 0
2738,0, 470, False, 0
2739,0, 470, False, 0
2740,0, 470, False, 0
2741,0, 470, False, 0
2742,0, 470, False, 0
2743,0, 470, False, 0
2744,0, 470, False, 0
2745,0, 470, False, 0
2746,0, 470, False, 0
2747,0, 470, False, 0
2748,0, 470, False, 0
2749,0, 470, False, 0
2750,0, 470, False, 0
2751,0, 470, False, 0
2752,0, 470, False, 0
2753,0, 470, False, 0
2754,0, 470, False, 0
2755,0, 470, False, 0
2756,0, 470, False, 0
2757,0, 470, False, 0
2758,0, 470, False, 0
2759,0, 470, False, 0
2760,0, 470, False, 0
2761,0, 470, False, 0
2762,0, 470, False, 0
2763,0, 470, False, 0
2764,0, 470, False, 0
2765,0, 470, False, 0
2766,0, 470, False, 0
2767,0, 470, False, 0
2768,0, 470, False, 0
2769,0, 470, False, 0
2770,0, 470, False, 0
2771,0, 470, False, 0
2772,0, 470, False, 0
2773,0, 470, False, 0
2774,0, 470, False, 0
2775,0, 470, False, 0
2776,0, 470, False, 0
2777,0, 470, False, 0
2778,0, 470, False, 0
2779,0, 470, False, 0
2780,0, 470, False, 0
2781,0, 470, False, 0
2782,0, 470, False, 0
2783,0, 470, False, 0
2784,0, 470, False, 0
2785,0, 470, False, 0
2786,0, 470, False, 0
2787,0, 470, False, 0
2788,0, 470, False, 0
2789,0, 470, False, 0
2790,0, 470, False, 0
2791,0, 470, False, 0
2792,0, 470, False, 0
2793,0, 470, False, 0
2794,0, 470, False, 0
2795,0, 470, False, 0
2796,0, 470, False, 0
2797,0, 470, False, 0
2798,0, 470, False, 0
2799,0, 470, False, 0
2800,0, 470, False, 0
2801,0, 470, False, 0
2802,0, 470, False, 0
2803,0, 470, False, 0
2804,0, 470, False, 0
2805,0, 470, False, 0
2806,0, 470, False, 0
2807,0, 470, False, 0
2808,0, 470, False, 0
2809,0, 470, False, 0
2810,0, 470, False, 0
2811,0, 470, False, 0
2812,0, 470, False, 0
2813,0, 470, False, 0
2814,0, 470, False, 0
2815,0, 470, False, 0
2816,0, 470, False, 0
2817,0, 470, False, 0
2818,0, 470, False, 0
2819,0, 470, False, 0
2820,0, 470, False, 0
2821,0, 470, False, 0
2822,0, 470, False, 0
2823,0, 470, False, 0
2824,0, 470, False, 0
2825,0, 470, False, 0
2826,0, 470, False, 0
2827,0, 470, False, 0
2828,0, 470, False, 0
2829,0, 470, False, 0
2830,0, 470, False, 0
2831,0, 470, False, 0
2832,0, 470, False, 0
2833,0, 470, False, 0
2834,0, 470, False, 0
2835,0, 470, False, 0
2836,0, 470, False, 0
2837,0, 470, False, 0
2838,0, 470, False, 0
2839,0, 470, False, 0
2840,0, 470, False, 0
2841,0, 470, False, 0
2842,0, 470, False, 0
2843,0, 470, False, 0
2844,0, 470, False, 0
2845,0, 470, False, 0
2846,0, 470, False, 0
2847,0, 470, False, 0
2848,0, 470, False, 0
2849,0, 470, False, 0
2850,0, 470, False, 0
2851,0, 470, False, 0
2852,0, 470, False, 0
2853,0, 470, False, 0
2854,0, 470, False, 0
2855,0, 470, False, 0
2856,0, 470, False, 0
2857,0, 470, False, 0
2858,0, 470, False, 0
2859,0, 470, False, 0
2860,0, 470, False, 0
2861,0, 470, False, 0
2862,0, 470, False, 0
2863,0, 470, False, 0
2864,0, 470, False, 0
2865,0, 470, False, 0
2866,0, 470, False, 0
2867,0, 470, False, 0
2868,0, 470, False, 0
2869,0, 470, False, 0
2870,0, 470, False, 0
2871,0, 470, False, 0
2872,0, 470, False, 0
2873,0, 470, False, 0
2874,0, 470, False, 0
2875,0, 470, False, 0
2876,0, 470, False, 0
2877,0, 470, False, 0
2878,0, 470, False, 0
2879,0, 470, False, 0
2880,0, 470, False, 0
2881,0, 470, False, 0
2882,0, 470, False, 0
2883,0, 470, False, 0
2884,0, 470, False, 0
2885,0, 470, False, 0
2886,0, 470, False, 0
2887,0, 470, False, 0
2888,0, 470, False, 0
2889,0, 470, False, 0
2890,0, 470, False, 0
2891,0, 470, False, 0
2892,0, 470, False, 0
2893,0, 470, False, 0
2894,0, 470, False, 0
2895,0, 470, False, 0
2896,0, 470, False, 0
2897,0, 470, False, 0
2898,0, 470, False, 0
2899,0, 470, False, 0
2900,0, 470, False, 0
2901,0, 470, False, 0
2902,0, 470, False, 0
2903,0, 470, False, 0
2904,0, 470, False, 0
2905,0, 470, False, 0
2906,0, 470, False, 0
2907,0, 470, False, 0
2908,0, 470, False, 0
2909,0, 470, False, 0
2910,0, 470, False, 0
2911,0, 470, False, 0
2912,0, 470, False, 0
2913,0, 470, False, 0
2914,0, 470, False, 0
2915,0, 470, False, 0
2916,0, 470, False, 0
2917,0, 470, False, 0
2918,0, 470, False, 0
2919,0, 470, False, 0
2920,0, 470, False, 0
2921,0, 470, False, 0
2922,0, 470, False, 0
2923,0, 470, False, 0
2924,0, 470, False, 0
2925,0, 470, False, 0
2926,0, 470, False, 0
2927,0, 470, False, 0
2928,0, 470, False, 0
2929,0, 470, False, 0
2930,0, 470, False, 0
2931,0, 470, False, 0
2932,0, 470, False, 0
2933,0, 470, False, 0
2934,0, 470, False, 0
2935,0, 470, False, 0
2936,0, 470, False, 0
2937,0, 470, False, 0
2938,0, 470, False, 0
2939,0, 470, False, 0
2940,0, 470, False, 0
2941,0, 470, False, 0
2942,0, 470, False, 0
2943,0, 470, False, 0
2944,0, 470, False, 0
2945,0, 470, False, 0
2946,0, 470, False, 0
2947,0, 470, False, 0
2948,0, 470, False, 0
2949,0, 470, False, 0
2950,0, 470, False, 0
2951,0, 470, False, 0
2952,0, 470, False, 0
2953,0, 470, False, 0
2954,0, 470, False, 0
2955,0, 470, False, 0
2956,0, 470, False, 0
2957,0, 470, False, 0
2958,0, 470, False, 0
2959,0, 470, False, 0
2960,0, 470, False, 0
2961,0, 470, False, 0
2962,0, 470, False, 0
2963,0, 470, False, 0
2964,0, 470, False, 0
2965,0, 470, False, 0
2966,0, 470, False, 0
2967,0, 470, False, 0
2968,0, 470, False, 0
2969,0, 470, False, 0
2970,0, 470, False, 0
2971,0, 470, False, 0
2972,0, 470, False, 0
2973,0, 470, False, 0
2974,0, 470, False, 0
2975,0, 470, False, 0
2976,0, 470, False, 0
2977,0, 470, False, 0
2978,0, 470, False, 0
2979,0, 470, False, 0
2980,0, 470, False, 0
2981,0, 470, False, 0
2982,0, 470, False, 0
2983,0, 470, False, 0
2984,0, 470, False, 0
2985,0, 470, False, 0
2986,0, 470, False, 0
2987,0, 470, False, 0
2988,0, 470, False, 0
2989,0, 470, False, 0
2990,0, 470, False, 0
2991,0, 470, False, 0
2992,0, 470, False, 5
2993,0, 470, False, 5
2994,0, 470, False, 5
2995,0, 470, False, 5
2996,0, 470, False, 5
2997,0, 470, False, 5
2998,0, 470, False, 5
2999,10, 480, False, 5
3000,0, 480, False, 5
3001,0, 480, False, 5
3002,0, 480, False, 5
3003,0, 480, False, 5
3004,0, 480, False, 5
3005,0, 480, False, 5
3006,0, 480, False, 5
3007,0, 480, False, 5
3008,0, 480, False, 5
3009,0, 480, False, 5
3010,0, 480, False, 5
3011,0, 480, False, 5
3012,0, 480, False, 5
3013,10, 490, False, 5
3014,0, 490, False, 5
3015,0, 490, False, 5
3016,0, 490, False, 5
3017,0, 490, False, 0
3018,0, 490, False, 0
3019,0, 490, False, 0
3020,0, 490, False, 0
3021,0, 490, False, 0
3022,0, 490, False, 0
3023,0, 490, False, 0
3024,0, 490, False, 0
3025,0, 490, False, 0
3026,0, 490, False, 0
3027,10, 500, False, 0
3028,0, 500, False, 0
3029,0, 500, False, 0
3030,0, 500, False, 0
3031,0, 500, False, 0
3032,0, 500, False, 0
3033,0, 500, False, 0
3034,0, 500, False, 0
3035,0, 500, False, 0
3036,0, 500, False, 0
3037,0, 500, False, 0
3038,0, 500, False, 0
3039,0, 500, False, 0
3040,0, 500, False, 0
3041,10, 510, False, 0
3042,0, 510, False, 0
3043,0, 510, False, 0
3044,0, 510, False, 0
3045,0, 510, False, 0
3046,0, 510, False, 0
3047,0, 510, False, 0
3048,0, 510, False, 0
3049,0, 510, False, 0
3050,0, 510, False, 0
3051,0, 510, False, 0
3052,0, 510, False, 0
3053,0, 510, False, 0
3054,0, 510, False, 0
3055,0, 510, False, 0
3056,0, 510, False, 0
3057,0, 510, False, 0
3058,0, 510, False, 0
3059,0, 510, False, 0
3060,0, 510, False, 0
3061,0, 510, False, 0
3062,0, 510, False, 0
3063,0, 510, False, 0
3064,0, 510, False, 0
3065,0, 510, False, 0
3066,0, 510, False, 0
3067,0, 510, False, 0
3068,0, 510, False, 0
3069,0, 510, False, 0
3070,0, 510, False, 0
3071,0, 510, False, 0
3072,0, 510, False, 0
3073,0, 510, False, 0
3074,0, 510, False, 0
3075,0, 510, False, 0
3076,0, 510, False, 0
3077,0, 510, False, 0
3078,0, 510, False, 0
3079,0, 510, False, 0
3080,0, 510, False, 0
3081,0, 510, False, 0
3082,0, 510, False, 0
3083,0, 510, False, 0
3084,0, 510, False, 0
3085,0, 510, False, 0
3086,0, 510, False, 0
3087,0, 510, False, 0
3088,0, 510, False, 0
3089,0, 510, False, 0
3090,0, 510, False, 0
3091,0, 510, False, 0
3092,0, 510, False, 0
3093,0, 510, False, 0
3094,0, 510, False, 0
3095,0, 510, False, 0
3096,0, 510, False, 0
3097,0, 510, False, 0
3098,0, 510, False, 0
3099,0, 510, False, 0
3100,0, 510, False, 0
3101,0, 510, False, 0
3102,0, 510, False, 0
3103,0, 510, False, 0
3104,0, 510, False, 0
3105,0, 510, False, 0
3106,0, 510, False, 0
3107,0, 510, False, 0
3108,0, 510, False, 0
3109,0, 510, False, 0
3110,0, 510, False, 0
3111,0, 510, False, 0
3112,0, 510, False, 0
3113,0, 510, False, 0
3114,0, 510, False, 0
3115,0, 510, False, 0
3116,0, 510, False, 0
3117,0, 510, False, 0
3118,0, 510, False, 0
3119,0, 510, False, 0
3120,0, 510, False, 0
3121,0, 510, False, 0
3122,0, 510, False, 0
3123,0, 510, False, 0
3124,0, 510, False, 0
3125,0, 510, False, 0
3126,0, 510, False, 0
3127,0, 510, False, 0
3128,0, 510, False, 0
3129,0, 510, False, 0
3130,0, 510, False, 0
3131,0, 510, False, 0
3132,0, 510, False, 0
3133,0, 510, False, 0
3134,0, 510, False, 0
3135,0, 510, False, 0
3136,0, 510, False, 0
3137,0, 510, False, 0
3138,0, 510, False, 0
3139,0, 510, False, 0
3140,0, 510, False, 0
3141,0, 510, False, 0
3142,0, 510, False, 0
3143,0, 510, False, 0
3144,0, 510, False, 0
3145,0, 510, False, 0
3146,0, 510, False, 0
3147,0, 510, False, 0
3148,0, 510, False, 0
3149,0, 510, False, 0
3150,0, 510, False, 0
3151,0, 510, False, 0
3152,0, 510, False, 0
3153,0, 510, False, 0
3154,0, 510, False, 0
3155,0, 510, False, 3
3156,0, 510, False, 3
3157,0, 510, False, 3
3158,0, 510, False, 3
3159,0, 510, False, 3
3160,0, 510, False, 3
3161,0, 510, False, 3
3162,0, 510, False, 3
3163,0, 510, False, 3
3164,0, 510, False, 3
3165,0, 510, False, 3
3166,0, 510, False, 3
3167,0, 510, False, 3
3168,0, 510, False, 3
3169,0, 510, False, 3
3170,0, 510, False, 3
3171,0, 510, False, 3
3172,0, 510, False, 3
3173,0, 510, False, 3
3174,0, 510, False, 3
3175,0, 510, False, 3
3176,0, 510, False, 0
3177,0, 510, False, 0
3178,0, 510, False, 0
3179,0, 510, False, 3
3180,0, 510, False, 3
3181,0, 510, False, 3
3182,0, 510, False, 3
3183,0, 510, False, 3
3184,0, 510, False, 3
3185,10, 520, False, 3
3186,0, 520, False, 3
3187,0, 520, False, 3
3188,0, 520, False, 3
3189,0, 520, False, 3
3190,0, 520, False, 3
3191,0, 520, False, 3
3192,0, 520, False, 3
3193,0, 520, False, 3
3194,0, 520, False, 3
3195,0, 520, False, 3
3196,0, 520, False, 3
3197,0, 520, False, 3
3198,0, 520, False, 3
3199,0, 520, False, 3
3200,0, 520, False, 3
3201,0, 520, False, 3
3202,0, 520, False, 3
3203,0, 520, False, 3
3204,0, 520, False, 3
3205,0, 520, False, 3
3206,0, 520, False, 3
3207,0, 520, False, 3
3208,0, 520, False, 3
3209,0, 520, False, 3
3210,0, 520, False, 3
3211,0, 520, False, 3
3212,0, 520, False, 3
3213,0, 520, False, 3
3214,0, 520, False, 3
3215,0, 520, False, 3
3216,0, 520, False, 3
3217,0, 520, False, 3
3218,0, 520, False, 3
3219,0, 520, False, 3
3220,0, 520, False, 3
3221,0, 520, False, 3
3222,0, 520, False, 3
3223,0, 520, False, 3
3224,0, 520, False, 3
3225,0, 520, False, 3
3226,0, 520, False, 3
3227,0, 520, False, 2
3228,0, 520, False, 2
3229,0, 520, False, 2
3230,0, 520, False, 2
3231,0, 520, False, 2
3232,0, 520, False, 2
3233,0, 520, False, 2
3234,0, 520, False, 2
3235,0, 520, False, 2
3236,0, 520, False, 2
3237,50, 570, False, 2
3238,0, 570, False, 2
3239,0, 570, False, 2
3240,0, 570, False, 2
3241,0, 570, False, 2
3242,0, 570, False, 2
3243,0, 570, False, 2
3244,0, 570, False, 2
3245,0, 570, False, 2
3246,0, 570, False, 2
3247,0, 570, False, 2
3248,0, 570, False, 2
3249,0, 570, False, 2
3250,0, 570, False, 2
3251,10, 580, False, 2
3252,0, 580, False, 2
3253,0, 580, False, 2
3254,0, 580, False, 2
3255,0, 580, False, 2
3256,0, 580, False, 2
3257,0, 580, False, 2
3258,0, 580, False, 2
3259,0, 580, False, 2
3260,0, 580, False, 2
3261,0, 580, False, 2
3262,0, 580, False, 2
3263,0, 580, False, 2
3264,0, 580, False, 2
3265,10, 590, False, 2
3266,0, 590, False, 2
3267,0, 590, False, 2
3268,0, 590, False, 2
3269,0, 590, False, 2
3270,0, 590, False, 2
3271,0, 590, False, 2
3272,0, 590, False, 2
3273,0, 590, False, 2
3274,0, 590, False, 2
3275,0, 590, False, 2
3276,0, 590, False, 2
3277,0, 590, False, 2
3278,0, 590, False, 2
3279,0, 590, False, 2
3280,0, 590, False, 2
3281,0, 590, False, 2
3282,0, 590, False, 2
3283,0, 590, False, 2
3284,0, 590, False, 2
3285,0, 590, False, 2
3286,0, 590, False, 2
3287,0, 590, False, 2
3288,0, 590, False, 2
3289,0, 590, False, 2
3290,0, 590, False, 2
3291,0, 590, False, 2
3292,0, 590, False, 2
3293,0, 590, False, 2
3294,0, 590, False, 2
3295,0, 590, False, 2
3296,0, 590, False, 2
3297,0, 590, False, 2
3298,0, 590, False, 2
3299,0, 590, False, 2
3300,0, 590, False, 2
3301,0, 590, False, 2
3302,0, 590, False, 2
3303,0, 590, False, 2
3304,0, 590, False, 2
3305,0, 590, False, 2
3306,0, 590, False, 2
3307,0, 590, False, 2
3308,0, 590, False, 2
3309,0, 590, False, 2
3310,0, 590, False, 2
3311,0, 590, False, 2
3312,0, 590, False, 2
3313,0, 590, False, 2
3314,0, 590, False, 2
3315,0, 590, False, 2
3316,0, 590, False, 2
3317,0, 590, False, 2
3318,0, 590, False, 2
3319,0, 590, False, 2
3320,0, 590, False, 2
3321,0, 590, False, 2
3322,0, 590, False, 2
3323,0, 590, False, 2
3324,0, 590, False, 2
3325,0, 590, False, 2
3326,0, 590, False, 2
3327,0, 590, False, 2
3328,0, 590, False, 2
3329,0, 590, False, 2
3330,0, 590, False, 2
3331,0, 590, False, 2
3332,0, 590, False, 2
3333,0, 590, False, 2
3334,0, 590, False, 2
3335,0, 590, False, 2
3336,0, 590, False, 2
3337,0, 590, False, 2
3338,0, 590, False, 2
3339,0, 590, False, 2
3340,0, 590, False, 2
3341,0, 590, False, 2
3342,0, 590, False, 2
3343,0, 590, False, 2
3344,0, 590, False, 2
3345,0, 590, False, 2
3346,0, 590, False, 2
3347,0, 590, False, 2
3348,0, 590, False, 2
3349,0, 590, False, 2
3350,0, 590, False, 2
3351,0, 590, False, 2
3352,0, 590, False, 2
3353,0, 590, False, 2
3354,0, 590, False, 2
3355,0, 590, False, 2
3356,0, 590, False, 2
3357,0, 590, False, 2
3358,0, 590, False, 2
3359,0, 590, False, 2
3360,0, 590, False, 2
3361,0, 590, False, 2
3362,0, 590, False, 2
3363,0, 590, False, 2
3364,0, 590, False, 2
3365,0, 590, False, 2
3366,0, 590, False, 2
3367,0, 590, False, 2
3368,0, 590, False, 2
3369,0, 590, False, 2
3370,0, 590, False, 2
3371,0, 590, False, 2
3372,0, 590, False, 2
3373,0, 590, False, 2
3374,0, 590, False, 2
3375,0, 590, False, 2
3376,0, 590, False, 2
3377,0, 590, False, 2
3378,0, 590, False, 2
3379,0, 590, False, 2
3380,0, 590, False, 2
3381,0, 590, False, 2
3382,0, 590, False, 2
3383,0, 590, False, 2
3384,0, 590, False, 2
3385,0, 590, False, 2
3386,0, 590, False, 2
3387,0, 590, False, 2
3388,0, 590, False, 2
3389,0, 590, False, 2
3390,0, 590, False, 2
3391,0, 590, False, 2
3392,0, 590, False, 2
3393,0, 590, False, 2
3394,0, 590, False, 2
3395,0, 590, False, 2
3396,0, 590, False, 2
3397,0, 590, False, 2
3398,0, 590, False, 2
3399,0, 590, False, 2
3400,0, 590, False, 2
3401,0, 590, False, 2
3402,0, 590, False, 2
3403,0, 590, False, 2
3404,0, 590, False, 2
3405,0, 590, False, 2
3406,0, 590, False, 2
3407,0, 590, False, 2
3408,0, 590, False, 2
3409,0, 590, False, 2
3410,0, 590, False, 2
3411,0, 590, False, 2
3412,0, 590, False, 2
3413,0, 590, False, 2
3414,0, 590, False, 2
3415,0, 590, False, 2
3416,0, 590, False, 2
3417,0, 590, False, 2
3418,0, 590, False, 2
3419,0, 590, False, 2
3420,0, 590, False, 2
3421,0, 590, False, 2
3422,0, 590, False, 2
3423,0, 590, False, 2
3424,0, 590, False, 2
3425,0, 590, False, 2
3426,0, 590, False, 2
3427,0, 590, False, 4
3428,0, 590, False, 4
3429,0, 590, False, 4
3430,0, 590, False, 4
3431,0, 590, False, 4
3432,0, 590, False, 4
3433,0, 590, False, 4
3434,0, 590, False, 4
3435,0, 590, False, 4
3436,0, 590, False, 4
3437,10, 600, False, 4
3438,0, 600, False, 4
3439,0, 600, False, 4
3440,0, 600, False, 4
3441,0, 600, False, 4
3442,0, 600, False, 4
3443,0, 600, False, 4
3444,0, 600, False, 4
3445,0, 600, False, 4
3446,0, 600, False, 4
3447,0, 600, False, 4
3448,0, 600, False, 4
3449,10, 610, False, 4
3450,0, 610, False, 4
3451,0, 610, False, 4
3452,0, 610, False, 4
3453,0, 610, False, 4
3454,0, 610, False, 4
3455,0, 610, False, 4
3456,0, 610, False, 4
3457,0, 610, False, 4
3458,0, 610, False, 4
3459,0, 610, False, 4
3460,0, 610, False, 4
3461,0, 610, False, 4
3462,0, 610, False, 4
3463,0, 610, False, 4
3464,0, 610, False, 4
3465,0, 610, False, 4
3466,0, 610, False, 4
3467,0, 610, False, 4
3468,0, 610, False, 4
3469,0, 610, False, 4
3470,0, 610, False, 4
3471,0, 610, False, 4
3472,0, 610, False, 4
3473,0, 610, False, 4
3474,0, 610, False, 4
3475,0, 610, False, 4
3476,0, 610, False, 4
3477,0, 610, False, 4
3478,0, 610, False, 4
3479,0, 610, False, 4
3480,0, 610, False, 4
3481,0, 610, False, 4
3482,0, 610, False, 4
3483,0, 610, False, 4
3484,0, 610, False, 4
3485,0, 610, False, 4
3486,0, 610, False, 4
3487,0, 610, False, 4
3488,0, 610, False, 4
3489,0, 610, False, 4
3490,0, 610, False, 4
3491,0, 610, False, 4
3492,0, 610, False, 4
3493,0, 610, False, 4
3494,0, 610, False, 4
3495,0, 610, False, 4
3496,0, 610, False, 4
3497,0, 610, False, 4
3498,0, 610, False, 4
3499,0, 610, False, 4
3500,0, 610, False, 4
3501,0, 610, False, 4
3502,0, 610, False, 4
3503,0, 610, False, 4
3504,0, 610, False, 4
3505,0, 610, False, 4
3506,0, 610, False, 4
3507,0, 610, False, 4
3508,0, 610, False, 4
3509,0, 610, False, 4
3510,0, 610, False, 4
3511,0, 610, False, 4
3512,0, 610, False, 4
3513,0, 610, False, 4
3514,0, 610, False, 4
3515,0, 610, False, 4
3516,0, 610, False, 4
3517,0, 610, False, 4
3518,0, 610, False, 4
3519,0, 610, False, 4
3520,0, 610, False, 4
3521,0, 610, False, 3
3522,0, 610, False, 3
3523,0, 610, False, 3
3524,0, 610, False, 3
3525,0, 610, False, 3
3526,0, 610, False, 3
3527,0, 610, False, 3
3528,0, 610, False, 3
3529,0, 610, False, 3
3530,0, 610, False, 3
3531,0, 610, False, 3
3532,0, 610, False, 3
3533,0, 610, False, 3
3534,0, 610, False, 3
3535,0, 610, False, 3
3536,0, 610, False, 3
3537,0, 610, False, 3
3538,0, 610, False, 3
3539,0, 610, False, 3
3540,0, 610, False, 3
3541,0, 610, False, 3
3542,0, 610, False, 3
3543,0, 610, False, 3
3544,0, 610, False, 3
3545,0, 610, False, 3
3546,0, 610, False, 3
3547,0, 610, False, 3
3548,0, 610, False, 3
3549,0, 610, False, 3
3550,0, 610, False, 3
3551,0, 610, False, 3
3552,0, 610, False, 3
3553,0, 610, False, 3
3554,0, 610, False, 3
3555,0, 610, False, 3
3556,0, 610, False, 3
3557,0, 610, False, 3
3558,0, 610, False, 3
3559,0, 610, False, 3
3560,0, 610, False, 3
3561,0, 610, False, 3
3562,0, 610, False, 3
3563,0, 610, False, 3
3564,0, 610, False, 3
3565,0, 610, False, 3
3566,0, 610, False, 3
3567,0, 610, False, 3
3568,0, 610, False, 3
3569,0, 610, False, 3
3570,0, 610, False, 3
3571,0, 610, False, 3
3572,0, 610, False, 3
3573,0, 610, False, 3
3574,0, 610, False, 3
3575,0, 610, False, 3
3576,0, 610, False, 3
3577,0, 610, False, 3
3578,0, 610, False, 3
3579,0, 610, False, 3
3580,0, 610, False, 3
3581,0, 610, False, 3
3582,0, 610, False, 3
3583,0, 610, False, 3
3584,0, 610, False, 3
3585,0, 610, False, 3
3586,0, 610, False, 3
3587,0, 610, False, 3
3588,0, 610, False, 3
3589,0, 610, False, 3
3590,0, 610, False, 3
3591,0, 610, False, 3
3592,0, 610, False, 3
3593,0, 610, False, 3
3594,0, 610, False, 3
3595,0, 610, False, 3
3596,0, 610, False, 3
3597,0, 610, False, 3
3598,0, 610, False, 3
3599,0, 610, False, 3
3600,0, 610, False, 3
3601,0, 610, False, 3
3602,0, 610, False, 3
3603,0, 610, False, 3
3604,0, 610, False, 3
3605,0, 610, False, 3
3606,0, 610, False, 3
3607,0, 610, False, 3
3608,0, 610, False, 3
3609,0, 610, False, 3
3610,0, 610, False, 3
3611,0, 610, False, 3
3612,0, 610, False, 3
3613,0, 610, False, 3
3614,0, 610, False, 3
3615,0, 610, False, 3
3616,0, 610, False, 3
3617,0, 610, False, 3
3618,0, 610, False, 3
3619,0, 610, False, 3
3620,0, 610, False, 3
3621,0, 610, False, 3
3622,0, 610, False, 3
3623,0, 610, False, 3
3624,0, 610, False, 3
3625,0, 610, False, 3
3626,0, 610, False, 3
3627,0, 610, False, 3
3628,0, 610, False, 3
3629,0, 610, False, 3
3630,0, 610, False, 3
3631,0, 610, False, 3
3632,0, 610, False, 3
3633,0, 610, False, 3
3634,0, 610, False, 3
3635,0, 610, False, 3
3636,0, 610, False, 3
3637,0, 610, False, 3
3638,0, 610, False, 3
3639,0, 610, False, 3
3640,0, 610, False, 3
3641,0, 610, False, 3
3642,0, 610, False, 3
3643,0, 610, False, 4
3644,0, 610, False, 4
3645,0, 610, False, 4
3646,0, 610, False, 4
3647,0, 610, False, 4
3648,0, 610, False, 4
3649,0, 610, False, 4
3650,0, 610, False, 4
3651,0, 610, False, 4
3652,0, 610, False, 4
3653,0, 610, False, 4
3654,0, 610, False, 4
3655,0, 610, False, 4
3656,0, 610, False, 4
3657,0, 610, False, 4
3658,0, 610, False, 4
3659,0, 610, False, 4
3660,0, 610, False, 4
3661,0, 610, False, 4
3662,0, 610, False, 4
3663,0, 610, False, 2
3664,0, 610, False, 2
3665,0, 610, False, 2
3666,0, 610, False, 2
3667,0, 610, False, 2
3668,0, 610, False, 2
3669,0, 610, False, 2
3670,0, 610, False, 2
3671,0, 610, False, 2
3672,0, 610, False, 2
3673,0, 610, False, 2
3674,0, 610, False, 2
3675,0, 610, False, 2
3676,0, 610, False, 2
3677,0, 610, False, 2
3678,0, 610, False, 2
3679,0, 610, False, 2
3680,0, 610, False, 2
3681,0, 610, False, 2
3682,0, 610, False, 2
3683,0, 610, False, 2
3684,0, 610, False, 2
3685,0, 610, False, 2
3686,0, 610, False, 2
3687,0, 610, False, 2
3688,0, 610, False, 2
3689,0, 610, False, 2
3690,0, 610, False, 2
3691,0, 610, False, 2
3692,0, 610, False, 2
3693,0, 610, False, 2
3694,0, 610, False, 2
3695,0, 610, False, 2
3696,0, 610, False, 2
3697,0, 610, False, 2
3698,0, 610, False, 2
3699,0, 610, False, 2
3700,0, 610, False, 2
3701,0, 610, False, 2
3702,0, 610, False, 2
3703,0, 610, False, 2
3704,0, 610, False, 2
3705,0, 610, False, 2
3706,0, 610, False, 2
3707,0, 610, False, 2
3708,0, 610, False, 2
3709,0, 610, False, 2
3710,0, 610, False, 2
3711,0, 610, False, 2
3712,0, 610, False, 2
3713,0, 610, False, 2
3714,0, 610, False, 2
3715,0, 610, False, 2
3716,0, 610, False, 2
3717,0, 610, False, 2
3718,0, 610, False, 2
3719,0, 610, False, 2
3720,0, 610, False, 2
3721,0, 610, False, 2
3722,0, 610, False, 2
3723,0, 610, False, 2
3724,0, 610, False, 2
3725,0, 610, False, 2
3726,0, 610, False, 2
3727,0, 610, False, 2
3728,0, 610, False, 2
3729,0, 610, False, 2
3730,0, 610, False, 2
3731,0, 610, False, 2
3732,0, 610, False, 2
3733,0, 610, False, 2
3734,0, 610, False, 2
3735,0, 610, False, 2
3736,0, 610, False, 2
3737,0, 610, False, 2
3738,0, 610, False, 2
3739,0, 610, False, 2
3740,0, 610, False, 2
3741,0, 610, False, 2
3742,0, 610, False, 2
3743,0, 610, False, 2
3744,0, 610, False, 2
3745,0, 610, False, 2
3746,0, 610, False, 2
3747,0, 610, False, 2
3748,0, 610, False, 2
3749,0, 610, False, 2
3750,0, 610, False, 2
3751,0, 610, False, 2
3752,0, 610, False, 2
3753,0, 610, False, 5
3754,0, 610, False, 5
3755,0, 610, False, 5
3756,0, 610, False, 5
3757,0, 610, False, 5
3758,0, 610, False, 5
3759,0, 610, False, 5
3760,0, 610, False, 5
3761,0, 610, False, 0
3762,0, 610, False, 0
3763,0, 610, False, 0
3764,0, 610, False, 0
3765,0, 610, False, 0
3766,0, 610, False, 0
3767,0, 610, False, 0
3768,0, 610, False, 0
3769,0, 610, False, 0
3770,0, 610, False, 0
3771,0, 610, False, 0
3772,0, 610, False, 0
3773,0, 610, False, 0
3774,0, 610, False, 0
3775,0, 610, False, 0
3776,0, 610, False, 0
3777,0, 610, False, 0
3778,0, 610, False, 0
3779,0, 610, False, 0
3780,0, 610, False, 0
3781,0, 610, False, 0
3782,0, 610, False, 0
3783,0, 610, False, 0
3784,0, 610, False, 0
3785,0, 610, False, 0
3786,0, 610, False, 0
3787,0, 610, False, 0
3788,0, 610, False, 0
3789,0, 610, False, 0
3790,0, 610, False, 0
3791,0, 610, False, 0
3792,0, 610, False, 0
3793,0, 610, False, 0
3794,0, 610, False, 0
3795,0, 610, False, 0
3796,0, 610, False, 0
3797,0, 610, False, 0
3798,0, 610, False, 0
3799,0, 610, False, 0
3800,0, 610, False, 0
3801,0, 610, False, 0
3802,0, 610, False, 0
3803,0, 610, False, 0
3804,0, 610, False, 0
3805,0, 610, False, 0
3806,0, 610, False, 0
3807,0, 610, False, 0
3808,0, 610, False, 0
3809,0, 610, False, 0
3810,0, 610, False, 0
3811,0, 610, False, 0
3812,0, 610, False, 0
3813,0, 610, False, 0
3814,0, 610, False, 0
3815,0, 610, False, 0
3816,0, 610, False, 0
3817,0, 610, False, 0
3818,0, 610, False, 0
3819,0, 610, False, 0
3820,0, 610, False, 0
3821,0, 610, False, 0
3822,0, 610, False, 0
3823,0, 610, False, 0
3824,0, 610, False, 0
3825,0, 610, False, 0
3826,0, 610, False, 0
3827,0, 610, False, 0
3828,0, 610, False, 0
3829,0, 610, False, 0
3830,0, 610, False, 0
3831,0, 610, False, 0
3832,0, 610, False, 0
3833,0, 610, False, 0
3834,0, 610, False, 0
3835,0, 610, False, 0
3836,0, 610, False, 0
3837,0, 610, False, 0
3838,0, 610, False, 0
3839,0, 610, False, 0
3840,0, 610, False, 0
3841,0, 610, False, 0
3842,0, 610, False, 0
3843,0, 610, False, 0
3844,0, 610, False, 0
3845,0, 610, False, 0
3846,0, 610, False, 0
3847,0, 610, False, 0
3848,0, 610, False, 0
3849,0, 610, False, 0
3850,0, 610, False, 0
3851,0, 610, False, 0
3852,0, 610, False, 0
3853,0, 610, False, 0
3854,0, 610, False, 0
3855,0, 610, False, 0
3856,0, 610, False, 0
3857,0, 610, False, 0
3858,0, 610, False, 0
3859,0, 610, False, 0
3860,0, 610, False, 0
3861,0, 610, False, 0
3862,0, 610, False, 0
3863,0, 610, False, 0
3864,0, 610, False, 0
3865,0, 610, False, 0
3866,0, 610, False, 0
3867,0, 610, False, 0
3868,0, 610, False, 0
3869,0, 610, False, 0
3870,0, 610, False, 0
3871,0, 610, False, 0
3872,0, 610, False, 0
3873,0, 610, False, 0
3874,0, 610, False, 0
3875,0, 610, False, 0
3876,0, 610, False, 0
3877,0, 610, False, 0
3878,0, 610, False, 0
3879,0, 610, False, 0
3880,0, 610, False, 0
3881,0, 610, False, 0
3882,0, 610, False, 0
3883,0, 610, False, 0
3884,0, 610, False, 0
3885,0, 610, False, 0
3886,0, 610, False, 0
3887,0, 610, False, 0
3888,0, 610, False, 0
3889,0, 610, False, 0
3890,0, 610, False, 0
3891,0, 610, False, 0
3892,0, 610, False, 0
3893,0, 610, False, 0
3894,0, 610, False, 0
3895,0, 610, False, 0
3896,0, 610, False, 0
3897,0, 610, False, 0
3898,0, 610, False, 0
3899,0, 610, False, 0
3900,0, 610, False, 0
3901,0, 610, False, 0
3902,0, 610, False, 0
3903,0, 610, False, 0
3904,0, 610, False, 0
3905,0, 610, False, 0
3906,0, 610, False, 0
3907,0, 610, False, 0
3908,0, 610, False, 0
3909,0, 610, False, 0
3910,0, 610, False, 0
3911,0, 610, False, 0
3912,0, 610, False, 0
3913,0, 610, False, 0
3914,0, 610, False, 0
3915,0, 610, False, 0
3916,0, 610, False, 0
3917,0, 610, False, 0
3918,0, 610, False, 0
3919,0, 610, False, 0
3920,0, 610, False, 0
3921,0, 610, False, 0
3922,0, 610, False, 0
3923,0, 610, False, 0
3924,0, 610, False, 0
3925,0, 610, False, 0
3926,0, 610, False, 0
3927,0, 610, False, 0
3928,0, 610, False, 0
3929,0, 610, False, 0
3930,0, 610, False, 0
3931,0, 610, False, 0
3932,0, 610, False, 0
3933,0, 610, False, 0
3934,0, 610, False, 0
3935,0, 610, False, 0
3936,0, 610, False, 0
3937,0, 610, False, 0
3938,0, 610, False, 0
3939,0, 610, False, 0
3940,0, 610, False, 0
3941,0, 610, False, 0
3942,0, 610, False, 0
3943,0, 610, False, 0
3944,0, 610, False, 0
3945,0, 610, False, 0
3946,0, 610, False, 0
3947,0, 610, False, 0
3948,0, 610, False, 0
3949,0, 610, False, 0
3950,0, 610, False, 0
3951,0, 610, False, 0
3952,0, 610, False, 0
3953,0, 610, False, 0
3954,0, 610, False, 0
3955,0, 610, False, 0
3956,0, 610, False, 0
3957,0, 610, False, 0
3958,0, 610, False, 0
3959,0, 610, False, 0
3960,0, 610, False, 0
3961,0, 610, False, 0
3962,0, 610, False, 0
3963,0, 610, False, 0
3964,0, 610, False, 0
3965,0, 610, False, 0
3966,0, 610, False, 0
3967,0, 610, False, 0
3968,0, 610, False, 0
3969,0, 610, False, 0
3970,0, 610, False, 0
3971,0, 610, False, 0
3972,0, 610, False, 0
3973,0, 610, False, 0
3974,0, 610, False, 0
3975,0, 610, False, 0
3976,0, 610, False, 0
3977,0, 610, False, 0
3978,0, 610, False, 0
3979,0, 610, False, 0
3980,0, 610, False, 0
3981,0, 610, False, 0
3982,0, 610, False, 0
3983,0, 610, False, 0
3984,0, 610, False, 0
3985,0, 610, False, 3
3986,0, 610, False, 3
3987,0, 610, False, 3
3988,0, 610, False, 3
3989,0, 610, False, 3
3990,0, 610, False, 0
3991,0, 610, False, 0
3992,0, 610, False, 0
3993,0, 610, False, 0
3994,0, 610, False, 0
3995,0, 610, False, 0
3996,0, 610, False, 0
3997,0, 610, False, 0
3998,0, 610, False, 0
3999,0, 610, False, 0
4000,0, 610, False, 0
4001,0, 610, False, 0
4002,0, 610, False, 0
4003,0, 610, False, 0
4004,0, 610, False, 0
4005,0, 610, False, 0
4006,0, 610, False, 0
4007,0, 610, False, 0
4008,0, 610, False, 0
4009,0, 610, False, 0
4010,0, 610, False, 0
4011,0, 610, False, 0
4012,0, 610, False, 0
4013,0, 610, False, 0
4014,0, 610, False, 0
4015,0, 610, False, 0
4016,0, 610, False, 0
4017,0, 610, False, 0
4018,0, 610, False, 0
4019,0, 610, False, 0
4020,0, 610, False, 0
4021,0, 610, False, 0
4022,0, 610, False, 0
4023,0, 610, False, 0
4024,0, 610, False, 0
4025,0, 610, False, 0
4026,0, 610, False, 0
4027,0, 610, False, 0
4028,0, 610, False, 0
4029,0, 610, False, 0
4030,0, 610, False, 0
4031,0, 610, False, 0
4032,0, 610, False, 0
4033,0, 610, False, 0
4034,0, 610, False, 0
4035,0, 610, False, 0
4036,0, 610, False, 0
4037,0, 610, False, 0
4038,0, 610, False, 0
4039,0, 610, False, 0
4040,0, 610, False, 0
4041,0, 610, False, 0
4042,0, 610, False, 0
4043,0, 610, False, 0
4044,0, 610, False, 0
4045,0, 610, False, 0
4046,0, 610, False, 0
4047,0, 610, False, 0
4048,0, 610, False, 0
4049,0, 610, False, 0
4050,0, 610, False, 0
4051,0, 610, False, 0
4052,0, 610, False, 0
4053,0, 610, False, 0
4054,0, 610, False, 0
4055,0, 610, False, 0
4056,0, 610, False, 0
4057,0, 610, False, 0
4058,0, 610, False, 0
4059,0, 610, False, 0
4060,0, 610, False, 0
4061,0, 610, False, 0
4062,0, 610, False, 0
4063,0, 610, False, 0
4064,0, 610, False, 0
4065,0, 610, False, 0
4066,0, 610, False, 0
4067,0, 610, False, 0
4068,0, 610, False, 0
4069,0, 610, False, 0
4070,0, 610, False, 0
4071,0, 610, False, 0
4072,0, 610, False, 0
4073,0, 610, False, 0
4074,0, 610, False, 0
4075,0, 610, False, 0
4076,0, 610, False, 0
4077,0, 610, False, 0
4078,0, 610, False, 0
4079,0, 610, False, 0
4080,0, 610, False, 0
4081,0, 610, False, 0
4082,0, 610, False, 0
4083,0, 610, False, 0
4084,0, 610, False, 0
4085,0, 610, False, 0
4086,0, 610, False, 0
4087,0, 610, False, 0
4088,0, 610, False, 0
4089,0, 610, False, 0
4090,0, 610, False, 0
4091,0, 610, False, 0
4092,0, 610, False, 0
4093,0, 610, False, 0
4094,0, 610, False, 0
4095,0, 610, False, 0
4096,0, 610, False, 0
4097,0, 610, False, 0
4098,0, 610, False, 0
4099,0, 610, False, 0
4100,0, 610, False, 0
4101,0, 610, False, 0
4102,0, 610, False, 0
4103,0, 610, False, 0
4104,0, 610, False, 0
4105,0, 610, False, 0
4106,0, 610, False, 0
4107,0, 610, False, 0
4108,0, 610, False, 0
4109,0, 610, False, 0
4110,0, 610, False, 0
4111,0, 610, False, 0
4112,0, 610, False, 0
4113,0, 610, False, 0
4114,0, 610, False, 0
4115,0, 610, False, 0
4116,0, 610, False, 0
4117,0, 610, False, 0
4118,0, 610, False, 0
4119,0, 610, False, 0
4120,0, 610, False, 0
4121,0, 610, False, 0
4122,0, 610, False, 0
4123,0, 610, False, 0
4124,0, 610, False, 0
4125,0, 610, False, 0
4126,0, 610, False, 0
4127,0, 610, False, 0
4128,0, 610, False, 0
4129,0, 610, False, 0
4130,0, 610, False, 0
4131,0, 610, False, 0
4132,0, 610, False, 0
4133,0, 610, False, 0
4134,0, 610, False, 0
4135,0, 610, False, 0
4136,0, 610, False, 0
4137,0, 610, False, 0
4138,0, 610, False, 0
4139,0, 610, False, 0
4140,0, 610, False, 0
4141,0, 610, False, 0
4142,0, 610, False, 0
4143,0, 610, False, 0
4144,0, 610, False, 0
4145,0, 610, False, 0
4146,0, 610, False, 0
4147,0, 610, False, 0
4148,0, 610, False, 0
4149,0, 610, False, 0
4150,0, 610, False, 0
4151,0, 610, False, 0
4152,0, 610, False, 0
4153,0, 610, False, 0
4154,0, 610, False, 0
4155,0, 610, False, 0
4156,0, 610, False, 0
4157,0, 610, False, 0
4158,0, 610, False, 0
4159,0, 610, False, 0
4160,0, 610, False, 0
4161,0, 610, False, 0
4162,0, 610, False, 0
4163,0, 610, False, 0
4164,0, 610, False, 0
4165,0, 610, False, 0
4166,0, 610, False, 0
4167,0, 610, False, 0
4168,0, 610, False, 0
4169,0, 610, False, 0
4170,0, 610, False, 0
4171,0, 610, False, 0
4172,0, 610, False, 0
4173,0, 610, True, 0
