db traj id : 842
frame,reward,score,terminal, action
0,0, 0, False, 0
1,0, 0, False, 0
2,0, 0, False, 0
3,0, 0, False, 0
4,0, 0, False, 0
5,0, 0, False, 0
6,0, 0, False, 0
7,0, 0, False, 0
8,0, 0, False, 0
9,0, 0, False, 0
10,0, 0, False, 0
11,0, 0, False, 0
12,0, 0, False, 0
13,0, 0, False, 0
14,0, 0, False, 0
15,0, 0, False, 0
16,0, 0, False, 0
17,0, 0, False, 0
18,0, 0, False, 0
19,0, 0, False, 0
20,0, 0, False, 0
21,0, 0, False, 0
22,0, 0, False, 0
23,0, 0, False, 0
24,0, 0, False, 0
25,0, 0, False, 0
26,0, 0, False, 0
27,0, 0, False, 0
28,0, 0, False, 0
29,0, 0, False, 0
30,0, 0, False, 0
31,0, 0, False, 0
32,0, 0, False, 0
33,0, 0, False, 0
34,0, 0, False, 0
35,0, 0, False, 0
36,0, 0, False, 0
37,0, 0, False, 0
38,0, 0, False, 0
39,0, 0, False, 0
40,0, 0, False, 0
41,0, 0, False, 0
42,0, 0, False, 0
43,0, 0, False, 0
44,0, 0, False, 0
45,0, 0, False, 0
46,0, 0, False, 0
47,0, 0, False, 0
48,0, 0, False, 0
49,0, 0, False, 0
50,0, 0, False, 0
51,0, 0, False, 0
52,0, 0, False, 0
53,0, 0, False, 0
54,0, 0, False, 0
55,0, 0, False, 0
56,0, 0, False, 0
57,0, 0, False, 0
58,0, 0, False, 0
59,0, 0, False, 0
60,0, 0, False, 0
61,0, 0, False, 0
62,0, 0, False, 0
63,0, 0, False, 0
64,0, 0, False, 4
65,0, 0, False, 4
66,0, 0, False, 4
67,0, 0, False, 4
68,0, 0, False, 4
69,0, 0, False, 4
70,0, 0, False, 4
71,0, 0, False, 4
72,0, 0, False, 4
73,0, 0, False, 4
74,0, 0, False, 4
75,0, 0, False, 4
76,0, 0, False, 4
77,0, 0, False, 4
78,0, 0, False, 4
79,0, 0, False, 4
80,0, 0, False, 4
81,0, 0, False, 4
82,0, 0, False, 4
83,0, 0, False, 4
84,0, 0, False, 4
85,0, 0, False, 4
86,0, 0, False, 4
87,0, 0, False, 4
88,0, 0, False, 4
89,0, 0, False, 4
90,0, 0, False, 4
91,0, 0, False, 4
92,0, 0, False, 4
93,0, 0, False, 4
94,0, 0, False, 4
95,0, 0, False, 4
96,0, 0, False, 4
97,0, 0, False, 4
98,0, 0, False, 4
99,0, 0, False, 4
100,0, 0, False, 4
101,0, 0, False, 4
102,0, 0, False, 4
103,0, 0, False, 4
104,0, 0, False, 4
105,0, 0, False, 0
106,0, 0, False, 0
107,0, 0, False, 0
108,0, 0, False, 0
109,0, 0, False, 0
110,0, 0, False, 0
111,0, 0, False, 0
112,0, 0, False, 0
113,0, 0, False, 0
114,0, 0, False, 0
115,0, 0, False, 0
116,0, 0, False, 0
117,0, 0, False, 0
118,0, 0, False, 0
119,0, 0, False, 0
120,0, 0, False, 0
121,0, 0, False, 0
122,0, 0, False, 0
123,0, 0, False, 0
124,0, 0, False, 0
125,0, 0, False, 0
126,0, 0, False, 0
127,0, 0, False, 0
128,0, 0, False, 0
129,0, 0, False, 0
130,0, 0, False, 0
131,0, 0, False, 0
132,0, 0, False, 0
133,0, 0, False, 0
134,0, 0, False, 4
135,0, 0, False, 4
136,0, 0, False, 4
137,0, 0, False, 4
138,0, 0, False, 4
139,0, 0, False, 4
140,0, 0, False, 4
141,0, 0, False, 4
142,0, 0, False, 4
143,0, 0, False, 4
144,0, 0, False, 0
145,0, 0, False, 0
146,0, 0, False, 0
147,0, 0, False, 0
148,0, 0, False, 0
149,0, 0, False, 0
150,0, 0, False, 0
151,0, 0, False, 0
152,0, 0, False, 0
153,0, 0, False, 0
154,0, 0, False, 0
155,0, 0, False, 4
156,0, 0, False, 4
157,0, 0, False, 4
158,0, 0, False, 4
159,0, 0, False, 4
160,0, 0, False, 4
161,0, 0, False, 0
162,0, 0, False, 0
163,0, 0, False, 0
164,0, 0, False, 0
165,0, 0, False, 0
166,0, 0, False, 0
167,0, 0, False, 0
168,0, 0, False, 4
169,0, 0, False, 4
170,0, 0, False, 4
171,0, 0, False, 4
172,0, 0, False, 0
173,0, 0, False, 0
174,0, 0, False, 0
175,0, 0, False, 0
176,0, 0, False, 0
177,0, 0, False, 0
178,0, 0, False, 0
179,0, 0, False, 4
180,0, 0, False, 4
181,0, 0, False, 4
182,0, 0, False, 4
183,0, 0, False, 4
184,0, 0, False, 0
185,0, 0, False, 0
186,0, 0, False, 0
187,0, 0, False, 0
188,0, 0, False, 0
189,0, 0, False, 0
190,0, 0, False, 4
191,0, 0, False, 4
192,0, 0, False, 4
193,0, 0, False, 4
194,0, 0, False, 4
195,0, 0, False, 0
196,0, 0, False, 0
197,0, 0, False, 0
198,0, 0, False, 0
199,0, 0, False, 0
200,0, 0, False, 0
201,0, 0, False, 0
202,0, 0, False, 4
203,0, 0, False, 4
204,0, 0, False, 4
205,0, 0, False, 4
206,0, 0, False, 4
207,0, 0, False, 0
208,0, 0, False, 0
209,0, 0, False, 0
210,0, 0, False, 0
211,0, 0, False, 0
212,0, 0, False, 0
213,0, 0, False, 0
214,0, 0, False, 0
215,0, 0, False, 0
216,0, 0, False, 0
217,0, 0, False, 0
218,0, 0, False, 0
219,0, 0, False, 0
220,0, 0, False, 0
221,0, 0, False, 0
222,0, 0, False, 0
223,0, 0, False, 0
224,0, 0, False, 0
225,0, 0, False, 0
226,0, 0, False, 0
227,0, 0, False, 0
228,0, 0, False, 0
229,0, 0, False, 0
230,0, 0, False, 0
231,0, 0, False, 0
232,0, 0, False, 0
233,0, 0, False, 0
234,0, 0, False, 0
235,0, 0, False, 0
236,0, 0, False, 0
237,0, 0, False, 0
238,0, 0, False, 0
239,0, 0, False, 0
240,0, 0, False, 0
241,0, 0, False, 0
242,0, 0, False, 0
243,0, 0, False, 0
244,0, 0, False, 0
245,0, 0, False, 0
246,0, 0, False, 0
247,0, 0, False, 0
248,0, 0, False, 0
249,0, 0, False, 0
250,0, 0, False, 0
251,0, 0, False, 0
252,0, 0, False, 0
253,0, 0, False, 0
254,0, 0, False, 0
255,0, 0, False, 0
256,0, 0, False, 0
257,0, 0, False, 0
258,0, 0, False, 0
259,0, 0, False, 0
260,0, 0, False, 0
261,0, 0, False, 0
262,0, 0, False, 0
263,0, 0, False, 0
264,0, 0, False, 0
265,0, 0, False, 4
266,0, 0, False, 4
267,0, 0, False, 4
268,0, 0, False, 4
269,0, 0, False, 4
270,0, 0, False, 4
271,0, 0, False, 4
272,0, 0, False, 4
273,10, 10, False, 4
274,0, 10, False, 4
275,0, 10, False, 0
276,0, 10, False, 0
277,0, 10, False, 0
278,0, 10, False, 0
279,0, 10, False, 0
280,0, 10, False, 0
281,0, 10, False, 0
282,0, 10, False, 0
283,0, 10, False, 0
284,0, 10, False, 0
285,0, 10, False, 0
286,0, 10, False, 0
287,10, 20, False, 0
288,0, 20, False, 0
289,0, 20, False, 0
290,0, 20, False, 0
291,0, 20, False, 0
292,0, 20, False, 0
293,0, 20, False, 0
294,0, 20, False, 0
295,0, 20, False, 0
296,0, 20, False, 0
297,0, 20, False, 4
298,0, 20, False, 4
299,0, 20, False, 4
300,0, 20, False, 4
301,10, 30, False, 4
302,0, 30, False, 4
303,0, 30, False, 4
304,0, 30, False, 4
305,0, 30, False, 4
306,0, 30, False, 4
307,0, 30, False, 4
308,0, 30, False, 4
309,0, 30, False, 4
310,0, 30, False, 4
311,0, 30, False, 4
312,0, 30, False, 4
313,10, 40, False, 4
314,0, 40, False, 4
315,0, 40, False, 4
316,0, 40, False, 4
317,0, 40, False, 4
318,0, 40, False, 4
319,0, 40, False, 4
320,0, 40, False, 4
321,0, 40, False, 4
322,0, 40, False, 4
323,0, 40, False, 4
324,0, 40, False, 4
325,0, 40, False, 4
326,0, 40, False, 4
327,10, 50, False, 4
328,0, 50, False, 4
329,0, 50, False, 4
330,0, 50, False, 4
331,0, 50, False, 4
332,0, 50, False, 4
333,0, 50, False, 4
334,0, 50, False, 4
335,0, 50, False, 4
336,0, 50, False, 4
337,0, 50, False, 4
338,0, 50, False, 4
339,0, 50, False, 0
340,0, 50, False, 0
341,10, 60, False, 0
342,0, 60, False, 0
343,0, 60, False, 0
344,0, 60, False, 0
345,0, 60, False, 0
346,0, 60, False, 0
347,0, 60, False, 0
348,0, 60, False, 0
349,0, 60, False, 0
350,0, 60, False, 4
351,0, 60, False, 4
352,0, 60, False, 4
353,0, 60, False, 4
354,0, 60, False, 0
355,0, 60, False, 0
356,0, 60, False, 5
357,0, 60, False, 5
358,0, 60, False, 5
359,0, 60, False, 5
360,0, 60, False, 5
361,0, 60, False, 5
362,0, 60, False, 5
363,10, 70, False, 5
364,0, 70, False, 5
365,0, 70, False, 5
366,0, 70, False, 5
367,0, 70, False, 5
368,0, 70, False, 5
369,0, 70, False, 5
370,0, 70, False, 5
371,0, 70, False, 5
372,0, 70, False, 5
373,0, 70, False, 5
374,0, 70, False, 5
375,0, 70, False, 5
376,0, 70, False, 5
377,10, 80, False, 5
378,0, 80, False, 5
379,0, 80, False, 5
380,0, 80, False, 5
381,0, 80, False, 5
382,0, 80, False, 5
383,0, 80, False, 5
384,0, 80, False, 5
385,0, 80, False, 5
386,0, 80, False, 5
387,0, 80, False, 5
388,0, 80, False, 5
389,0, 80, False, 5
390,0, 80, False, 5
391,10, 90, False, 5
392,0, 90, False, 5
393,0, 90, False, 5
394,0, 90, False, 5
395,0, 90, False, 5
396,0, 90, False, 5
397,0, 90, False, 5
398,0, 90, False, 5
399,0, 90, False, 5
400,0, 90, False, 5
401,0, 90, False, 5
402,0, 90, False, 5
403,0, 90, False, 5
404,0, 90, False, 5
405,10, 100, False, 5
406,0, 100, False, 5
407,0, 100, False, 5
408,0, 100, False, 5
409,0, 100, False, 5
410,0, 100, False, 5
411,0, 100, False, 5
412,0, 100, False, 5
413,0, 100, False, 5
414,0, 100, False, 5
415,0, 100, False, 5
416,0, 100, False, 5
417,0, 100, False, 5
418,0, 100, False, 5
419,10, 110, False, 0
420,0, 110, False, 0
421,0, 110, False, 4
422,0, 110, False, 4
423,0, 110, False, 4
424,0, 110, False, 4
425,0, 110, False, 4
426,0, 110, False, 4
427,0, 110, False, 4
428,0, 110, False, 4
429,0, 110, False, 4
430,0, 110, False, 4
431,0, 110, False, 4
432,0, 110, False, 4
433,0, 110, False, 4
434,0, 110, False, 4
435,10, 120, False, 4
436,0, 120, False, 4
437,0, 120, False, 4
438,0, 120, False, 4
439,0, 120, False, 4
440,0, 120, False, 4
441,0, 120, False, 4
442,0, 120, False, 4
443,0, 120, False, 4
444,0, 120, False, 4
445,0, 120, False, 4
446,0, 120, False, 4
447,0, 120, False, 4
448,0, 120, False, 4
449,10, 130, False, 4
450,0, 130, False, 4
451,0, 130, False, 4
452,0, 130, False, 4
453,0, 130, False, 4
454,0, 130, False, 4
455,0, 130, False, 4
456,0, 130, False, 4
457,0, 130, False, 4
458,0, 130, False, 4
459,0, 130, False, 4
460,0, 130, False, 4
461,10, 140, False, 4
462,0, 140, False, 4
463,0, 140, False, 4
464,0, 140, False, 4
465,0, 140, False, 4
466,0, 140, False, 4
467,0, 140, False, 4
468,0, 140, False, 4
469,0, 140, False, 4
470,0, 140, False, 4
471,0, 140, False, 4
472,0, 140, False, 2
473,0, 140, False, 2
474,0, 140, False, 2
475,0, 140, False, 2
476,0, 140, False, 2
477,0, 140, False, 2
478,0, 140, False, 2
479,50, 190, False, 2
480,0, 190, False, 2
481,0, 190, False, 2
482,0, 190, False, 2
483,0, 190, False, 2
484,0, 190, False, 2
485,0, 190, False, 2
486,0, 190, False, 2
487,0, 190, False, 2
488,0, 190, False, 2
489,0, 190, False, 2
490,0, 190, False, 2
491,0, 190, False, 2
492,0, 190, False, 2
493,0, 190, False, 2
494,0, 190, False, 2
495,10, 200, False, 0
496,0, 200, False, 0
497,0, 200, False, 0
498,0, 200, False, 0
499,0, 200, False, 0
500,0, 200, False, 0
501,0, 200, False, 3
502,0, 200, False, 3
503,0, 200, False, 3
504,0, 200, False, 3
505,0, 200, False, 3
506,0, 200, False, 3
507,0, 200, False, 3
508,0, 200, False, 3
509,10, 210, False, 3
510,0, 210, False, 3
511,0, 210, False, 3
512,0, 210, False, 3
513,0, 210, False, 0
514,0, 210, False, 0
515,0, 210, False, 0
516,0, 210, False, 0
517,0, 210, False, 0
518,0, 210, False, 0
519,0, 210, False, 0
520,0, 210, False, 0
521,10, 220, False, 0
522,0, 220, False, 0
523,0, 220, False, 0
524,0, 220, False, 0
525,0, 220, False, 0
526,0, 220, False, 0
527,0, 220, False, 0
528,0, 220, False, 0
529,0, 220, False, 0
530,0, 220, False, 0
531,0, 220, False, 0
532,0, 220, False, 0
533,10, 230, False, 0
534,0, 230, False, 0
535,0, 230, False, 0
536,0, 230, False, 0
537,0, 230, False, 0
538,0, 230, False, 0
539,0, 230, False, 0
540,0, 230, False, 0
541,0, 230, False, 0
542,0, 230, False, 0
543,0, 230, False, 0
544,0, 230, False, 0
545,0, 230, False, 0
546,0, 230, False, 0
547,0, 230, False, 0
548,0, 230, False, 0
549,0, 230, False, 0
550,0, 230, False, 0
551,0, 230, False, 0
552,0, 230, False, 0
553,0, 230, False, 0
554,0, 230, False, 0
555,0, 230, False, 0
556,0, 230, False, 0
557,0, 230, False, 0
558,0, 230, False, 0
559,0, 230, False, 0
560,0, 230, False, 0
561,0, 230, False, 2
562,0, 230, False, 2
563,0, 230, False, 2
564,0, 230, False, 2
565,0, 230, False, 2
566,0, 230, False, 2
567,0, 230, False, 2
568,0, 230, False, 2
569,0, 230, False, 2
570,0, 230, False, 2
571,0, 230, False, 2
572,0, 230, False, 2
573,0, 230, False, 2
574,0, 230, False, 0
575,0, 230, False, 0
576,0, 230, False, 0
577,0, 230, False, 0
578,0, 230, False, 0
579,0, 230, False, 0
580,0, 230, False, 0
581,0, 230, False, 0
582,0, 230, False, 0
583,0, 230, False, 0
584,0, 230, False, 0
585,0, 230, False, 0
586,0, 230, False, 0
587,0, 230, False, 0
588,0, 230, False, 0
589,0, 230, False, 0
590,0, 230, False, 3
591,0, 230, False, 3
592,0, 230, False, 3
593,0, 230, False, 3
594,0, 230, False, 3
595,0, 230, False, 3
596,0, 230, False, 3
597,0, 230, False, 3
598,0, 230, False, 3
599,0, 230, False, 3
600,0, 230, False, 3
601,0, 230, False, 3
602,0, 230, False, 3
603,0, 230, False, 3
604,0, 230, False, 3
605,0, 230, False, 3
606,0, 230, False, 3
607,0, 230, False, 3
608,0, 230, False, 3
609,0, 230, False, 3
610,0, 230, False, 3
611,0, 230, False, 3
612,0, 230, False, 3
613,0, 230, False, 3
614,0, 230, False, 3
615,0, 230, False, 3
616,0, 230, False, 3
617,0, 230, False, 3
618,0, 230, False, 3
619,0, 230, False, 3
620,0, 230, False, 3
621,0, 230, False, 3
622,0, 230, False, 3
623,0, 230, False, 3
624,0, 230, False, 3
625,200, 430, False, 3
626,0, 430, False, 3
627,0, 430, False, 3
628,0, 430, False, 3
629,0, 430, False, 3
630,0, 430, False, 3
631,0, 430, False, 3
632,0, 430, False, 3
633,0, 430, False, 3
634,0, 430, False, 3
635,0, 430, False, 3
636,0, 430, False, 3
637,0, 430, False, 3
638,0, 430, False, 3
639,0, 430, False, 3
640,0, 430, False, 3
641,0, 430, False, 3
642,0, 430, False, 3
643,0, 430, False, 3
644,0, 430, False, 3
645,0, 430, False, 3
646,0, 430, False, 3
647,0, 430, False, 3
648,0, 430, False, 3
649,0, 430, False, 3
650,0, 430, False, 3
651,0, 430, False, 3
652,0, 430, False, 3
653,0, 430, False, 3
654,0, 430, False, 3
655,0, 430, False, 3
656,0, 430, False, 3
657,0, 430, False, 3
658,0, 430, False, 3
659,0, 430, False, 3
660,0, 430, False, 3
661,0, 430, False, 3
662,0, 430, False, 3
663,0, 430, False, 3
664,0, 430, False, 3
665,0, 430, False, 3
666,0, 430, False, 3
667,0, 430, False, 3
668,0, 430, False, 3
669,0, 430, False, 3
670,0, 430, False, 3
671,0, 430, False, 3
672,0, 430, False, 3
673,10, 440, False, 3
674,0, 440, False, 3
675,0, 440, False, 3
676,0, 440, False, 3
677,0, 440, False, 3
678,0, 440, False, 3
679,0, 440, False, 3
680,0, 440, False, 3
681,0, 440, False, 3
682,0, 440, False, 3
683,0, 440, False, 3
684,0, 440, False, 3
685,0, 440, False, 3
686,0, 440, False, 3
687,10, 450, False, 3
688,0, 450, False, 3
689,0, 450, False, 3
690,0, 450, False, 3
691,0, 450, False, 3
692,0, 450, False, 3
693,0, 450, False, 3
694,0, 450, False, 3
695,0, 450, False, 3
696,0, 450, False, 3
697,0, 450, False, 3
698,0, 450, False, 3
699,0, 450, False, 3
700,0, 450, False, 3
701,10, 460, False, 6
702,0, 460, False, 6
703,0, 460, False, 2
704,0, 460, False, 2
705,0, 460, False, 2
706,0, 460, False, 2
707,0, 460, False, 2
708,0, 460, False, 2
709,0, 460, False, 2
710,0, 460, False, 2
711,0, 460, False, 2
712,0, 460, False, 2
713,0, 460, False, 2
714,0, 460, False, 2
715,0, 460, False, 2
716,0, 460, False, 2
717,10, 470, False, 2
718,0, 470, False, 2
719,0, 470, False, 2
720,0, 470, False, 2
721,0, 470, False, 2
722,0, 470, False, 2
723,0, 470, False, 2
724,0, 470, False, 2
725,0, 470, False, 2
726,0, 470, False, 2
727,400, 870, False, 2
728,0, 870, False, 2
729,0, 870, False, 2
730,0, 870, False, 2
731,0, 870, False, 2
732,0, 870, False, 2
733,0, 870, False, 2
734,0, 870, False, 2
735,0, 870, False, 2
736,0, 870, False, 2
737,0, 870, False, 2
738,0, 870, False, 2
739,0, 870, False, 2
740,0, 870, False, 2
741,0, 870, False, 2
742,0, 870, False, 2
743,0, 870, False, 2
744,0, 870, False, 2
745,0, 870, False, 2
746,0, 870, False, 2
747,0, 870, False, 2
748,0, 870, False, 2
749,0, 870, False, 2
750,0, 870, False, 2
751,10, 880, False, 2
752,0, 880, False, 2
753,0, 880, False, 2
754,0, 880, False, 2
755,0, 880, False, 2
756,0, 880, False, 2
757,0, 880, False, 2
758,0, 880, False, 2
759,0, 880, False, 2
760,0, 880, False, 2
761,0, 880, False, 2
762,0, 880, False, 2
763,0, 880, False, 2
764,0, 880, False, 2
765,10, 890, False, 2
766,0, 890, False, 2
767,0, 890, False, 2
768,0, 890, False, 2
769,0, 890, False, 2
770,0, 890, False, 2
771,0, 890, False, 2
772,0, 890, False, 2
773,0, 890, False, 2
774,0, 890, False, 2
775,0, 890, False, 2
776,0, 890, False, 2
777,0, 890, False, 2
778,0, 890, False, 2
779,10, 900, False, 2
780,0, 900, False, 2
781,0, 900, False, 2
782,0, 900, False, 2
783,0, 900, False, 2
784,0, 900, False, 2
785,0, 900, False, 2
786,0, 900, False, 2
787,0, 900, False, 2
788,0, 900, False, 2
789,0, 900, False, 2
790,0, 900, False, 2
791,0, 900, False, 2
792,0, 900, False, 2
793,10, 910, False, 2
794,0, 910, False, 2
795,0, 910, False, 2
796,0, 910, False, 2
797,0, 910, False, 2
798,0, 910, False, 2
799,0, 910, False, 2
800,0, 910, False, 2
801,0, 910, False, 2
802,0, 910, False, 2
803,0, 910, False, 2
804,0, 910, False, 2
805,0, 910, False, 6
806,0, 910, False, 6
807,10, 920, False, 3
808,0, 920, False, 3
809,0, 920, False, 3
810,0, 920, False, 3
811,0, 920, False, 3
812,0, 920, False, 3
813,0, 920, False, 3
814,0, 920, False, 3
815,0, 920, False, 3
816,0, 920, False, 3
817,10, 930, False, 3
818,0, 930, False, 3
819,0, 930, False, 3
820,0, 930, False, 3
821,0, 930, False, 3
822,0, 930, False, 3
823,0, 930, False, 3
824,0, 930, False, 3
825,0, 930, False, 3
826,0, 930, False, 3
827,0, 930, False, 3
828,0, 930, False, 3
829,0, 930, False, 3
830,0, 930, False, 3
831,10, 940, False, 3
832,0, 940, False, 3
833,0, 940, False, 3
834,0, 940, False, 3
835,0, 940, False, 3
836,0, 940, False, 3
837,0, 940, False, 3
838,0, 940, False, 3
839,0, 940, False, 3
840,0, 940, False, 3
841,0, 940, False, 3
842,0, 940, False, 3
843,0, 940, False, 3
844,0, 940, False, 3
845,10, 950, False, 3
846,0, 950, False, 3
847,0, 950, False, 3
848,0, 950, False, 3
849,0, 950, False, 3
850,0, 950, False, 3
851,0, 950, False, 3
852,0, 950, False, 3
853,0, 950, False, 3
854,0, 950, False, 3
855,0, 950, False, 3
856,0, 950, False, 3
857,10, 960, False, 3
858,0, 960, False, 3
859,0, 960, False, 3
860,0, 960, False, 3
861,0, 960, False, 3
862,0, 960, False, 3
863,0, 960, False, 3
864,0, 960, False, 3
865,0, 960, False, 3
866,0, 960, False, 3
867,0, 960, False, 3
868,0, 960, False, 3
869,0, 960, False, 3
870,0, 960, False, 3
871,10, 970, False, 3
872,0, 970, False, 3
873,0, 970, False, 3
874,0, 970, False, 3
875,0, 970, False, 3
876,0, 970, False, 3
877,0, 970, False, 3
878,0, 970, False, 3
879,0, 970, False, 3
880,0, 970, False, 3
881,0, 970, False, 3
882,0, 970, False, 3
883,0, 970, False, 3
884,0, 970, False, 3
885,10, 980, False, 3
886,0, 980, False, 3
887,0, 980, False, 3
888,0, 980, False, 3
889,0, 980, False, 3
890,0, 980, False, 3
891,0, 980, False, 3
892,0, 980, False, 3
893,0, 980, False, 3
894,0, 980, False, 6
895,0, 980, False, 2
896,0, 980, False, 2
897,0, 980, False, 2
898,0, 980, False, 2
899,0, 980, False, 2
900,0, 980, False, 2
901,0, 980, False, 2
902,0, 980, False, 2
903,0, 980, False, 2
904,0, 980, False, 2
905,50, 1030, False, 2
906,0, 1030, False, 2
907,0, 1030, False, 2
908,0, 1030, False, 2
909,0, 1030, False, 2
910,0, 1030, False, 2
911,0, 1030, False, 2
912,0, 1030, False, 2
913,0, 1030, False, 2
914,0, 1030, False, 2
915,0, 1030, False, 2
916,0, 1030, False, 2
917,10, 1040, False, 2
918,0, 1040, False, 2
919,0, 1040, False, 2
920,0, 1040, False, 2
921,0, 1040, False, 0
922,0, 1040, False, 0
923,0, 1040, False, 0
924,0, 1040, False, 0
925,0, 1040, False, 4
926,0, 1040, False, 4
927,0, 1040, False, 4
928,0, 1040, False, 4
929,0, 1040, False, 4
930,0, 1040, False, 4
931,0, 1040, False, 4
932,0, 1040, False, 4
933,0, 1040, False, 4
934,0, 1040, False, 4
935,210, 1250, False, 4
936,0, 1250, False, 4
937,0, 1250, False, 4
938,0, 1250, False, 4
939,0, 1250, False, 4
940,0, 1250, False, 4
941,0, 1250, False, 4
942,0, 1250, False, 4
943,0, 1250, False, 4
944,0, 1250, False, 4
945,0, 1250, False, 4
946,0, 1250, False, 4
947,0, 1250, False, 4
948,0, 1250, False, 4
949,0, 1250, False, 4
950,0, 1250, False, 4
951,0, 1250, False, 4
952,0, 1250, False, 4
953,0, 1250, False, 4
954,0, 1250, False, 4
955,0, 1250, False, 4
956,0, 1250, False, 4
957,0, 1250, False, 4
958,0, 1250, False, 4
959,0, 1250, False, 4
960,0, 1250, False, 4
961,0, 1250, False, 4
962,0, 1250, False, 4
963,0, 1250, False, 4
964,0, 1250, False, 4
965,0, 1250, False, 4
966,0, 1250, False, 4
967,0, 1250, False, 4
968,0, 1250, False, 4
969,10, 1260, False, 4
970,0, 1260, False, 4
971,0, 1260, False, 4
972,0, 1260, False, 4
973,0, 1260, False, 4
974,0, 1260, False, 4
975,0, 1260, False, 4
976,0, 1260, False, 4
977,0, 1260, False, 4
978,0, 1260, False, 4
979,0, 1260, False, 4
980,0, 1260, False, 4
981,10, 1270, False, 4
982,0, 1270, False, 4
983,0, 1270, False, 4
984,0, 1270, False, 4
985,0, 1270, False, 4
986,0, 1270, False, 9
987,0, 1270, False, 5
988,0, 1270, False, 5
989,0, 1270, False, 5
990,0, 1270, False, 5
991,0, 1270, False, 5
992,0, 1270, False, 5
993,0, 1270, False, 5
994,0, 1270, False, 5
995,10, 1280, False, 5
996,0, 1280, False, 5
997,0, 1280, False, 5
998,0, 1280, False, 5
999,0, 1280, False, 5
1000,0, 1280, False, 5
1001,0, 1280, False, 5
1002,0, 1280, False, 5
1003,0, 1280, False, 5
1004,0, 1280, False, 5
1005,0, 1280, False, 5
1006,0, 1280, False, 5
1007,0, 1280, False, 5
1008,0, 1280, False, 5
1009,0, 1280, False, 5
1010,0, 1280, False, 5
1011,0, 1280, False, 5
1012,0, 1280, False, 5
1013,0, 1280, False, 5
1014,0, 1280, False, 5
1015,0, 1280, False, 5
1016,0, 1280, False, 5
1017,0, 1280, False, 5
1018,0, 1280, False, 5
1019,0, 1280, False, 5
1020,0, 1280, False, 5
1021,10, 1290, False, 5
1022,0, 1290, False, 5
1023,0, 1290, False, 5
1024,0, 1290, False, 5
1025,0, 1290, False, 5
1026,0, 1290, False, 5
1027,0, 1290, False, 5
1028,0, 1290, False, 5
1029,0, 1290, False, 5
1030,0, 1290, False, 5
1031,0, 1290, False, 5
1032,0, 1290, False, 5
1033,0, 1290, False, 5
1034,0, 1290, False, 5
1035,10, 1300, False, 5
1036,0, 1300, False, 5
1037,0, 1300, False, 5
1038,0, 1300, False, 5
1039,0, 1300, False, 5
1040,0, 1300, False, 5
1041,0, 1300, False, 5
1042,0, 1300, False, 5
1043,0, 1300, False, 0
1044,0, 1300, False, 0
1045,0, 1300, False, 4
1046,0, 1300, False, 4
1047,0, 1300, False, 4
1048,0, 1300, False, 4
1049,0, 1300, False, 4
1050,0, 1300, False, 4
1051,0, 1300, False, 4
1052,0, 1300, False, 4
1053,0, 1300, False, 4
1054,0, 1300, False, 4
1055,10, 1310, False, 4
1056,0, 1310, False, 4
1057,0, 1310, False, 4
1058,0, 1310, False, 4
1059,0, 1310, False, 4
1060,0, 1310, False, 4
1061,0, 1310, False, 4
1062,0, 1310, False, 4
1063,0, 1310, False, 4
1064,0, 1310, False, 4
1065,0, 1310, False, 4
1066,0, 1310, False, 4
1067,0, 1310, False, 4
1068,0, 1310, False, 4
1069,10, 1320, False, 4
1070,0, 1320, False, 4
1071,0, 1320, False, 4
1072,0, 1320, False, 4
1073,0, 1320, False, 4
1074,0, 1320, False, 4
1075,0, 1320, False, 4
1076,0, 1320, False, 4
1077,0, 1320, False, 4
1078,0, 1320, False, 4
1079,0, 1320, False, 4
1080,0, 1320, False, 4
1081,0, 1320, False, 4
1082,0, 1320, False, 4
1083,0, 1320, False, 4
1084,0, 1320, False, 4
1085,0, 1320, False, 4
1086,0, 1320, False, 4
1087,0, 1320, False, 4
1088,0, 1320, False, 4
1089,0, 1320, False, 4
1090,0, 1320, False, 4
1091,0, 1320, False, 4
1092,0, 1320, False, 4
1093,10, 1330, False, 4
1094,0, 1330, False, 4
1095,0, 1330, False, 4
1096,0, 1330, False, 4
1097,0, 1330, False, 4
1098,0, 1330, False, 4
1099,0, 1330, False, 4
1100,0, 1330, False, 4
1101,0, 1330, False, 4
1102,0, 1330, False, 4
1103,0, 1330, False, 4
1104,0, 1330, False, 4
1105,10, 1340, False, 4
1106,0, 1340, False, 4
1107,0, 1340, False, 4
1108,0, 1340, False, 4
1109,0, 1340, False, 4
1110,0, 1340, False, 4
1111,0, 1340, False, 4
1112,0, 1340, False, 4
1113,0, 1340, False, 4
1114,0, 1340, False, 4
1115,0, 1340, False, 4
1116,0, 1340, False, 4
1117,0, 1340, False, 4
1118,0, 1340, False, 4
1119,0, 1340, False, 4
1120,0, 1340, False, 4
1121,400, 1740, False, 4
1122,0, 1740, False, 4
1123,0, 1740, False, 4
1124,0, 1740, False, 4
1125,0, 1740, False, 4
1126,0, 1740, False, 4
1127,0, 1740, False, 4
1128,0, 1740, False, 4
1129,0, 1740, False, 4
1130,0, 1740, False, 4
1131,0, 1740, False, 4
1132,0, 1740, False, 4
1133,0, 1740, False, 4
1134,0, 1740, False, 4
1135,0, 1740, False, 4
1136,0, 1740, False, 4
1137,0, 1740, False, 4
1138,0, 1740, False, 4
1139,0, 1740, False, 4
1140,0, 1740, False, 4
1141,10, 1750, False, 4
1142,0, 1750, False, 4
1143,0, 1750, False, 4
1144,0, 1750, False, 4
1145,0, 1750, False, 4
1146,0, 1750, False, 4
1147,0, 1750, False, 4
1148,0, 1750, False, 4
1149,0, 1750, False, 4
1150,0, 1750, False, 4
1151,0, 1750, False, 4
1152,0, 1750, False, 4
1153,0, 1750, False, 4
1154,0, 1750, False, 4
1155,10, 1760, False, 4
1156,0, 1760, False, 4
1157,0, 1760, False, 4
1158,0, 1760, False, 4
1159,0, 1760, False, 4
1160,0, 1760, False, 4
1161,0, 1760, False, 4
1162,0, 1760, False, 4
1163,0, 1760, False, 4
1164,0, 1760, False, 4
1165,0, 1760, False, 4
1166,0, 1760, False, 4
1167,0, 1760, False, 4
1168,0, 1760, False, 4
1169,10, 1770, False, 4
1170,0, 1770, False, 4
1171,0, 1770, False, 4
1172,0, 1770, False, 4
1173,0, 1770, False, 4
1174,0, 1770, False, 4
1175,0, 1770, False, 4
1176,0, 1770, False, 4
1177,0, 1770, False, 4
1178,0, 1770, False, 4
1179,0, 1770, False, 4
1180,0, 1770, False, 4
1181,10, 1780, False, 4
1182,0, 1780, False, 4
1183,0, 1780, False, 4
1184,0, 1780, False, 4
1185,0, 1780, False, 4
1186,0, 1780, False, 4
1187,0, 1780, False, 4
1188,0, 1780, False, 4
1189,0, 1780, False, 4
1190,0, 1780, False, 4
1191,0, 1780, False, 4
1192,0, 1780, False, 4
1193,0, 1780, False, 4
1194,0, 1780, False, 4
1195,10, 1790, False, 4
1196,0, 1790, False, 4
1197,0, 1790, False, 4
1198,0, 1790, False, 4
1199,0, 1790, False, 4
1200,0, 1790, False, 4
1201,0, 1790, False, 4
1202,0, 1790, False, 4
1203,0, 1790, False, 4
1204,0, 1790, False, 4
1205,0, 1790, False, 4
1206,0, 1790, False, 4
1207,0, 1790, False, 4
1208,0, 1790, False, 4
1209,10, 1800, False, 4
1210,0, 1800, False, 4
1211,0, 1800, False, 4
1212,0, 1800, False, 4
1213,0, 1800, False, 4
1214,0, 1800, False, 4
1215,0, 1800, False, 4
1216,0, 1800, False, 4
1217,0, 1800, False, 4
1218,0, 1800, False, 0
1219,0, 1800, False, 0
1220,0, 1800, False, 0
1221,0, 1800, False, 0
1222,0, 1800, False, 0
1223,0, 1800, False, 0
1224,0, 1800, False, 0
1225,0, 1800, False, 0
1226,0, 1800, False, 0
1227,0, 1800, False, 0
1228,0, 1800, False, 0
1229,0, 1800, False, 0
1230,0, 1800, False, 0
1231,0, 1800, False, 0
1232,0, 1800, False, 0
1233,0, 1800, False, 0
1234,0, 1800, False, 0
1235,0, 1800, False, 0
1236,0, 1800, False, 0
1237,0, 1800, False, 0
1238,0, 1800, False, 0
1239,0, 1800, False, 0
1240,0, 1800, False, 0
1241,0, 1800, False, 0
1242,0, 1800, False, 0
1243,0, 1800, False, 0
1244,0, 1800, False, 0
1245,0, 1800, False, 0
1246,0, 1800, False, 0
1247,0, 1800, False, 0
1248,0, 1800, False, 0
1249,0, 1800, False, 0
1250,0, 1800, False, 0
1251,0, 1800, False, 0
1252,0, 1800, False, 0
1253,0, 1800, False, 2
1254,0, 1800, False, 2
1255,0, 1800, False, 2
1256,0, 1800, False, 2
1257,0, 1800, False, 2
1258,0, 1800, False, 2
1259,0, 1800, False, 2
1260,0, 1800, False, 2
1261,0, 1800, False, 2
1262,0, 1800, False, 2
1263,0, 1800, False, 0
1264,0, 1800, False, 0
1265,10, 1810, False, 0
1266,0, 1810, False, 0
1267,0, 1810, False, 0
1268,0, 1810, False, 0
1269,0, 1810, False, 0
1270,0, 1810, False, 0
1271,0, 1810, False, 0
1272,0, 1810, False, 0
1273,0, 1810, False, 0
1274,0, 1810, False, 0
1275,0, 1810, False, 0
1276,0, 1810, False, 0
1277,0, 1810, False, 0
1278,0, 1810, False, 0
1279,10, 1820, False, 0
1280,0, 1820, False, 0
1281,0, 1820, False, 0
1282,0, 1820, False, 0
1283,0, 1820, False, 0
1284,0, 1820, False, 0
1285,0, 1820, False, 0
1286,0, 1820, False, 0
1287,0, 1820, False, 2
1288,0, 1820, False, 2
1289,0, 1820, False, 2
1290,0, 1820, False, 2
1291,0, 1820, False, 2
1292,0, 1820, False, 2
1293,0, 1820, False, 2
1294,0, 1820, False, 2
1295,0, 1820, False, 2
1296,0, 1820, False, 2
1297,0, 1820, False, 2
1298,0, 1820, False, 2
1299,0, 1820, False, 2
1300,0, 1820, False, 2
1301,0, 1820, False, 2
1302,0, 1820, False, 2
1303,0, 1820, False, 2
1304,0, 1820, False, 2
1305,0, 1820, False, 2
1306,0, 1820, False, 2
1307,0, 1820, False, 2
1308,0, 1820, False, 2
1309,0, 1820, False, 2
1310,0, 1820, False, 2
1311,0, 1820, False, 2
1312,0, 1820, False, 2
1313,0, 1820, False, 2
1314,0, 1820, False, 2
1315,0, 1820, False, 2
1316,0, 1820, False, 2
1317,0, 1820, False, 2
1318,0, 1820, False, 2
1319,0, 1820, False, 2
1320,0, 1820, False, 2
1321,0, 1820, False, 2
1322,0, 1820, False, 2
1323,0, 1820, False, 2
1324,0, 1820, False, 2
1325,0, 1820, False, 2
1326,0, 1820, False, 2
1327,0, 1820, False, 2
1328,0, 1820, False, 2
1329,0, 1820, False, 2
1330,0, 1820, False, 2
1331,0, 1820, False, 2
1332,0, 1820, False, 2
1333,0, 1820, False, 2
1334,0, 1820, False, 2
1335,0, 1820, False, 2
1336,0, 1820, False, 2
1337,0, 1820, False, 2
1338,0, 1820, False, 2
1339,0, 1820, False, 2
1340,0, 1820, False, 2
1341,0, 1820, False, 2
1342,0, 1820, False, 2
1343,0, 1820, False, 2
1344,0, 1820, False, 2
1345,0, 1820, False, 2
1346,0, 1820, False, 0
1347,0, 1820, False, 0
1348,0, 1820, False, 0
1349,0, 1820, False, 0
1350,0, 1820, False, 0
1351,0, 1820, False, 0
1352,0, 1820, False, 0
1353,0, 1820, False, 0
1354,0, 1820, False, 0
1355,0, 1820, False, 0
1356,0, 1820, False, 0
1357,0, 1820, False, 0
1358,0, 1820, False, 0
1359,0, 1820, False, 0
1360,0, 1820, False, 0
1361,0, 1820, False, 0
1362,0, 1820, False, 0
1363,0, 1820, False, 0
1364,0, 1820, False, 0
1365,0, 1820, False, 0
1366,0, 1820, False, 0
1367,0, 1820, False, 0
1368,0, 1820, False, 0
1369,0, 1820, False, 0
1370,0, 1820, False, 0
1371,0, 1820, False, 0
1372,0, 1820, False, 0
1373,0, 1820, False, 0
1374,0, 1820, False, 0
1375,0, 1820, False, 0
1376,0, 1820, False, 0
1377,0, 1820, False, 0
1378,0, 1820, False, 0
1379,0, 1820, False, 0
1380,0, 1820, False, 0
1381,0, 1820, False, 0
1382,0, 1820, False, 0
1383,0, 1820, False, 0
1384,0, 1820, False, 0
1385,0, 1820, False, 0
1386,0, 1820, False, 0
1387,0, 1820, False, 0
1388,0, 1820, False, 0
1389,0, 1820, False, 0
1390,0, 1820, False, 0
1391,0, 1820, False, 0
1392,0, 1820, False, 0
1393,0, 1820, False, 0
1394,0, 1820, False, 0
1395,0, 1820, False, 0
1396,0, 1820, False, 0
1397,0, 1820, False, 0
1398,0, 1820, False, 0
1399,0, 1820, False, 0
1400,0, 1820, False, 0
1401,0, 1820, False, 0
1402,0, 1820, False, 0
1403,0, 1820, False, 0
1404,0, 1820, False, 0
1405,0, 1820, False, 2
1406,0, 1820, False, 2
1407,0, 1820, False, 2
1408,0, 1820, False, 2
1409,0, 1820, False, 2
1410,0, 1820, False, 2
1411,0, 1820, False, 2
1412,0, 1820, False, 2
1413,0, 1820, False, 0
1414,0, 1820, False, 0
1415,0, 1820, False, 0
1416,0, 1820, False, 0
1417,0, 1820, False, 0
1418,0, 1820, False, 0
1419,0, 1820, False, 0
1420,0, 1820, False, 0
1421,0, 1820, False, 0
1422,0, 1820, False, 0
1423,0, 1820, False, 0
1424,0, 1820, False, 0
1425,0, 1820, False, 0
1426,0, 1820, False, 0
1427,0, 1820, False, 0
1428,0, 1820, False, 0
1429,0, 1820, False, 0
1430,0, 1820, False, 0
1431,0, 1820, False, 0
1432,0, 1820, False, 0
1433,0, 1820, False, 0
1434,0, 1820, False, 0
1435,0, 1820, False, 0
1436,0, 1820, False, 0
1437,0, 1820, False, 0
1438,0, 1820, False, 0
1439,0, 1820, False, 0
1440,0, 1820, False, 0
1441,0, 1820, False, 0
1442,0, 1820, False, 0
1443,0, 1820, False, 0
1444,0, 1820, False, 0
1445,0, 1820, False, 0
1446,0, 1820, False, 0
1447,0, 1820, False, 0
1448,0, 1820, False, 0
1449,0, 1820, False, 0
1450,0, 1820, False, 0
1451,0, 1820, False, 0
1452,0, 1820, False, 0
1453,0, 1820, False, 0
1454,0, 1820, False, 0
1455,0, 1820, False, 0
1456,0, 1820, False, 0
1457,0, 1820, False, 0
1458,0, 1820, False, 0
1459,0, 1820, False, 0
1460,0, 1820, False, 0
1461,0, 1820, False, 0
1462,0, 1820, False, 0
1463,0, 1820, False, 0
1464,0, 1820, False, 4
1465,0, 1820, False, 4
1466,0, 1820, False, 4
1467,0, 1820, False, 4
1468,0, 1820, False, 4
1469,0, 1820, False, 4
1470,0, 1820, False, 4
1471,0, 1820, False, 4
1472,0, 1820, False, 4
1473,0, 1820, False, 4
1474,0, 1820, False, 4
1475,0, 1820, False, 4
1476,0, 1820, False, 0
1477,0, 1820, False, 0
1478,0, 1820, False, 0
1479,0, 1820, False, 0
1480,0, 1820, False, 0
1481,0, 1820, False, 0
1482,0, 1820, False, 0
1483,0, 1820, False, 0
1484,0, 1820, False, 0
1485,0, 1820, False, 0
1486,0, 1820, False, 0
1487,0, 1820, False, 0
1488,0, 1820, False, 0
1489,0, 1820, False, 0
1490,0, 1820, False, 0
1491,0, 1820, False, 0
1492,0, 1820, False, 0
1493,0, 1820, False, 0
1494,0, 1820, False, 0
1495,0, 1820, False, 0
1496,0, 1820, False, 0
1497,0, 1820, False, 0
1498,0, 1820, False, 0
1499,0, 1820, False, 0
1500,0, 1820, False, 0
1501,0, 1820, False, 0
1502,0, 1820, False, 0
1503,0, 1820, False, 0
1504,0, 1820, False, 0
1505,0, 1820, False, 0
1506,0, 1820, False, 0
1507,0, 1820, False, 0
1508,0, 1820, False, 5
1509,0, 1820, False, 5
1510,0, 1820, False, 5
1511,0, 1820, False, 5
1512,0, 1820, False, 5
1513,0, 1820, False, 5
1514,0, 1820, False, 5
1515,0, 1820, False, 5
1516,0, 1820, False, 5
1517,0, 1820, False, 5
1518,0, 1820, False, 5
1519,0, 1820, False, 5
1520,0, 1820, False, 5
1521,0, 1820, False, 5
1522,0, 1820, False, 5
1523,0, 1820, False, 5
1524,0, 1820, False, 5
1525,0, 1820, False, 5
1526,0, 1820, False, 5
1527,0, 1820, False, 5
1528,0, 1820, False, 5
1529,0, 1820, False, 5
1530,0, 1820, False, 5
1531,10, 1830, False, 5
1532,0, 1830, False, 5
1533,0, 1830, False, 5
1534,0, 1830, False, 5
1535,0, 1830, False, 5
1536,0, 1830, False, 5
1537,0, 1830, False, 5
1538,0, 1830, False, 5
1539,0, 1830, False, 5
1540,0, 1830, False, 5
1541,0, 1830, False, 5
1542,0, 1830, False, 5
1543,0, 1830, False, 5
1544,0, 1830, False, 5
1545,10, 1840, False, 5
1546,0, 1840, False, 5
1547,0, 1840, False, 5
1548,0, 1840, False, 5
1549,0, 1840, False, 5
1550,0, 1840, False, 5
1551,0, 1840, False, 5
1552,0, 1840, False, 5
1553,0, 1840, False, 5
1554,0, 1840, False, 5
1555,0, 1840, False, 5
1556,0, 1840, False, 5
1557,0, 1840, False, 5
1558,0, 1840, False, 5
1559,10, 1850, False, 5
1560,0, 1850, False, 5
1561,0, 1850, False, 5
1562,0, 1850, False, 5
1563,0, 1850, False, 5
1564,0, 1850, False, 5
1565,0, 1850, False, 5
1566,0, 1850, False, 0
1567,0, 1850, False, 0
1568,0, 1850, False, 0
1569,0, 1850, False, 0
1570,0, 1850, False, 0
1571,0, 1850, False, 0
1572,0, 1850, False, 3
1573,0, 1850, False, 3
1574,0, 1850, False, 3
1575,0, 1850, False, 3
1576,0, 1850, False, 3
1577,0, 1850, False, 3
1578,0, 1850, False, 3
1579,10, 1860, False, 3
1580,0, 1860, False, 3
1581,0, 1860, False, 3
1582,0, 1860, False, 3
1583,0, 1860, False, 3
1584,0, 1860, False, 3
1585,0, 1860, False, 3
1586,0, 1860, False, 3
1587,0, 1860, False, 3
1588,0, 1860, False, 3
1589,0, 1860, False, 3
1590,0, 1860, False, 3
1591,0, 1860, False, 3
1592,0, 1860, False, 3
1593,10, 1870, False, 3
1594,0, 1870, False, 3
1595,0, 1870, False, 3
1596,0, 1870, False, 3
1597,0, 1870, False, 0
1598,0, 1870, False, 0
1599,0, 1870, False, 0
1600,0, 1870, False, 0
1601,0, 1870, False, 0
1602,0, 1870, False, 0
1603,0, 1870, False, 0
1604,0, 1870, False, 5
1605,0, 1870, False, 5
1606,0, 1870, False, 5
1607,0, 1870, False, 5
1608,0, 1870, False, 5
1609,0, 1870, False, 5
1610,0, 1870, False, 5
1611,10, 1880, False, 5
1612,0, 1880, False, 5
1613,0, 1880, False, 5
1614,0, 1880, False, 0
1615,0, 1880, False, 0
1616,0, 1880, False, 0
1617,0, 1880, False, 0
1618,0, 1880, False, 0
1619,0, 1880, False, 0
1620,0, 1880, False, 0
1621,0, 1880, False, 0
1622,0, 1880, False, 0
1623,0, 1880, False, 0
1624,0, 1880, False, 0
1625,10, 1890, False, 0
1626,0, 1890, False, 0
1627,0, 1890, False, 3
1628,0, 1890, False, 3
1629,0, 1890, False, 3
1630,0, 1890, False, 3
1631,0, 1890, False, 3
1632,0, 1890, False, 3
1633,0, 1890, False, 3
1634,0, 1890, False, 3
1635,0, 1890, False, 3
1636,0, 1890, False, 3
1637,0, 1890, False, 3
1638,0, 1890, False, 3
1639,10, 1900, False, 3
1640,0, 1900, False, 3
1641,0, 1900, False, 3
1642,0, 1900, False, 3
1643,0, 1900, False, 3
1644,0, 1900, False, 3
1645,0, 1900, False, 3
1646,0, 1900, False, 3
1647,0, 1900, False, 3
1648,0, 1900, False, 3
1649,0, 1900, False, 3
1650,0, 1900, False, 3
1651,0, 1900, False, 3
1652,0, 1900, False, 3
1653,0, 1900, False, 3
1654,0, 1900, False, 3
1655,0, 1900, False, 3
1656,0, 1900, False, 3
1657,10, 1910, False, 3
1658,0, 1910, False, 3
1659,0, 1910, False, 3
1660,0, 1910, False, 3
1661,0, 1910, False, 3
1662,0, 1910, False, 3
1663,0, 1910, False, 3
1664,0, 1910, False, 3
1665,0, 1910, False, 3
1666,0, 1910, False, 3
1667,0, 1910, False, 3
1668,0, 1910, False, 3
1669,0, 1910, False, 3
1670,0, 1910, False, 3
1671,10, 1920, False, 3
1672,0, 1920, False, 3
1673,0, 1920, False, 3
1674,0, 1920, False, 3
1675,0, 1920, False, 3
1676,0, 1920, False, 3
1677,0, 1920, False, 3
1678,0, 1920, False, 3
1679,0, 1920, False, 3
1680,0, 1920, False, 3
1681,0, 1920, False, 3
1682,0, 1920, False, 3
1683,0, 1920, False, 3
1684,0, 1920, False, 3
1685,10, 1930, False, 3
1686,0, 1930, False, 3
1687,0, 1930, False, 3
1688,0, 1930, False, 3
1689,0, 1930, False, 3
1690,0, 1930, False, 3
1691,0, 1930, False, 3
1692,0, 1930, False, 3
1693,0, 1930, False, 3
1694,0, 1930, False, 3
1695,0, 1930, False, 3
1696,0, 1930, False, 3
1697,10, 1940, False, 3
1698,0, 1940, False, 3
1699,0, 1940, False, 3
1700,0, 1940, False, 3
1701,0, 1940, False, 3
1702,0, 1940, False, 3
1703,0, 1940, False, 3
1704,0, 1940, False, 3
1705,0, 1940, False, 3
1706,0, 1940, False, 3
1707,0, 1940, False, 3
1708,0, 1940, False, 3
1709,0, 1940, False, 3
1710,0, 1940, False, 3
1711,10, 1950, False, 3
1712,0, 1950, False, 3
1713,0, 1950, False, 3
1714,0, 1950, False, 3
1715,0, 1950, False, 3
1716,0, 1950, False, 3
1717,0, 1950, False, 3
1718,0, 1950, False, 3
1719,0, 1950, False, 3
1720,0, 1950, False, 3
1721,0, 1950, False, 3
1722,0, 1950, False, 3
1723,0, 1950, False, 3
1724,0, 1950, False, 3
1725,10, 1960, False, 3
1726,0, 1960, False, 3
1727,0, 1960, False, 3
1728,0, 1960, False, 3
1729,0, 1960, False, 0
1730,0, 1960, False, 0
1731,0, 1960, False, 2
1732,0, 1960, False, 2
1733,0, 1960, False, 2
1734,0, 1960, False, 2
1735,0, 1960, False, 2
1736,0, 1960, False, 2
1737,10, 1970, False, 2
1738,0, 1970, False, 2
1739,0, 1970, False, 2
1740,0, 1970, False, 2
1741,0, 1970, False, 2
1742,0, 1970, False, 2
1743,0, 1970, False, 2
1744,0, 1970, False, 2
1745,0, 1970, False, 2
1746,0, 1970, False, 2
1747,0, 1970, False, 2
1748,0, 1970, False, 2
1749,0, 1970, False, 2
1750,0, 1970, False, 2
1751,0, 1970, False, 2
1752,0, 1970, False, 2
1753,0, 1970, False, 2
1754,0, 1970, False, 2
1755,0, 1970, False, 2
1756,0, 1970, False, 2
1757,0, 1970, False, 2
1758,0, 1970, False, 2
1759,0, 1970, False, 2
1760,0, 1970, False, 2
1761,0, 1970, False, 2
1762,0, 1970, False, 2
1763,0, 1970, False, 2
1764,0, 1970, False, 2
1765,0, 1970, False, 2
1766,0, 1970, False, 2
1767,0, 1970, False, 2
1768,0, 1970, False, 2
1769,0, 1970, False, 2
1770,0, 1970, False, 2
1771,0, 1970, False, 2
1772,0, 1970, False, 2
1773,0, 1970, False, 2
1774,0, 1970, False, 2
1775,0, 1970, False, 2
1776,0, 1970, False, 2
1777,0, 1970, False, 2
1778,0, 1970, False, 2
1779,0, 1970, False, 2
1780,0, 1970, False, 2
1781,0, 1970, False, 2
1782,0, 1970, False, 0
1783,0, 1970, False, 0
1784,0, 1970, False, 0
1785,0, 1970, False, 0
1786,0, 1970, False, 0
1787,0, 1970, False, 0
1788,0, 1970, False, 0
1789,0, 1970, False, 0
1790,0, 1970, False, 0
1791,0, 1970, False, 0
1792,0, 1970, False, 0
1793,0, 1970, False, 0
1794,0, 1970, False, 0
1795,0, 1970, False, 0
1796,0, 1970, False, 0
1797,0, 1970, False, 0
1798,0, 1970, False, 0
1799,0, 1970, False, 0
1800,0, 1970, False, 0
1801,0, 1970, False, 0
1802,0, 1970, False, 0
1803,0, 1970, False, 0
1804,0, 1970, False, 0
1805,0, 1970, False, 0
1806,0, 1970, False, 0
1807,0, 1970, False, 0
1808,0, 1970, False, 0
1809,0, 1970, False, 0
1810,0, 1970, False, 0
1811,0, 1970, False, 0
1812,0, 1970, False, 0
1813,0, 1970, False, 0
1814,0, 1970, False, 0
1815,0, 1970, False, 0
1816,0, 1970, False, 0
1817,0, 1970, False, 0
1818,0, 1970, False, 0
1819,0, 1970, False, 0
1820,0, 1970, False, 0
1821,0, 1970, False, 0
1822,0, 1970, False, 0
1823,0, 1970, False, 0
1824,0, 1970, False, 0
1825,0, 1970, False, 0
1826,0, 1970, False, 0
1827,0, 1970, False, 0
1828,0, 1970, False, 0
1829,0, 1970, False, 0
1830,0, 1970, False, 0
1831,0, 1970, False, 0
1832,0, 1970, False, 0
1833,0, 1970, False, 0
1834,0, 1970, False, 0
1835,0, 1970, False, 0
1836,0, 1970, False, 0
1837,0, 1970, False, 0
1838,0, 1970, False, 0
1839,0, 1970, False, 2
1840,0, 1970, False, 2
1841,0, 1970, False, 2
1842,0, 1970, False, 2
1843,0, 1970, False, 2
1844,0, 1970, False, 2
1845,0, 1970, False, 2
1846,0, 1970, False, 0
1847,0, 1970, False, 0
1848,0, 1970, False, 0
1849,0, 1970, False, 0
1850,0, 1970, False, 0
1851,0, 1970, False, 0
1852,0, 1970, False, 0
1853,0, 1970, False, 0
1854,0, 1970, False, 0
1855,0, 1970, False, 0
1856,0, 1970, False, 0
1857,0, 1970, False, 0
1858,0, 1970, False, 0
1859,0, 1970, False, 0
1860,0, 1970, False, 0
1861,0, 1970, False, 0
1862,0, 1970, False, 0
1863,0, 1970, False, 0
1864,0, 1970, False, 0
1865,0, 1970, False, 0
1866,0, 1970, False, 0
1867,0, 1970, False, 0
1868,0, 1970, False, 0
1869,0, 1970, False, 0
1870,0, 1970, False, 0
1871,0, 1970, False, 0
1872,0, 1970, False, 0
1873,0, 1970, False, 0
1874,0, 1970, False, 0
1875,0, 1970, False, 0
1876,0, 1970, False, 0
1877,0, 1970, False, 0
1878,0, 1970, False, 0
1879,0, 1970, False, 0
1880,0, 1970, False, 0
1881,0, 1970, False, 4
1882,0, 1970, False, 4
1883,0, 1970, False, 4
1884,0, 1970, False, 4
1885,0, 1970, False, 4
1886,0, 1970, False, 4
1887,0, 1970, False, 4
1888,0, 1970, False, 4
1889,0, 1970, False, 4
1890,0, 1970, False, 4
1891,0, 1970, False, 4
1892,0, 1970, False, 4
1893,0, 1970, False, 4
1894,0, 1970, False, 4
1895,0, 1970, False, 4
1896,0, 1970, False, 4
1897,0, 1970, False, 4
1898,0, 1970, False, 4
1899,0, 1970, False, 4
1900,0, 1970, False, 4
1901,0, 1970, False, 4
1902,0, 1970, False, 4
1903,0, 1970, False, 4
1904,0, 1970, False, 4
1905,0, 1970, False, 4
1906,0, 1970, False, 4
1907,0, 1970, False, 4
1908,0, 1970, False, 4
1909,0, 1970, False, 4
1910,0, 1970, False, 4
1911,0, 1970, False, 4
1912,0, 1970, False, 4
1913,0, 1970, False, 4
1914,0, 1970, False, 4
1915,0, 1970, False, 4
1916,0, 1970, False, 4
1917,0, 1970, False, 4
1918,0, 1970, False, 4
1919,0, 1970, False, 4
1920,0, 1970, False, 4
1921,0, 1970, False, 4
1922,0, 1970, False, 4
1923,0, 1970, False, 4
1924,0, 1970, False, 4
1925,0, 1970, False, 4
1926,0, 1970, False, 4
1927,0, 1970, False, 4
1928,0, 1970, False, 4
1929,0, 1970, False, 4
1930,0, 1970, False, 4
1931,0, 1970, False, 4
1932,0, 1970, False, 4
1933,0, 1970, False, 4
1934,0, 1970, False, 4
1935,0, 1970, False, 4
1936,0, 1970, False, 4
1937,0, 1970, False, 4
1938,0, 1970, False, 4
1939,0, 1970, False, 4
1940,0, 1970, False, 4
1941,0, 1970, False, 4
1942,0, 1970, False, 4
1943,0, 1970, False, 0
1944,0, 1970, False, 0
1945,0, 1970, False, 0
1946,0, 1970, False, 0
1947,0, 1970, False, 0
1948,0, 1970, False, 0
1949,0, 1970, False, 0
1950,0, 1970, False, 0
1951,0, 1970, False, 4
1952,0, 1970, False, 4
1953,0, 1970, False, 4
1954,0, 1970, False, 4
1955,0, 1970, False, 4
1956,0, 1970, False, 4
1957,0, 1970, False, 4
1958,0, 1970, False, 4
1959,0, 1970, False, 4
1960,0, 1970, False, 4
1961,0, 1970, False, 4
1962,0, 1970, False, 4
1963,0, 1970, False, 4
1964,0, 1970, False, 0
1965,0, 1970, False, 0
1966,0, 1970, False, 2
1967,0, 1970, False, 2
1968,0, 1970, False, 2
1969,0, 1970, False, 2
1970,0, 1970, False, 2
1971,0, 1970, False, 2
1972,0, 1970, False, 2
1973,0, 1970, False, 2
1974,0, 1970, False, 2
1975,0, 1970, False, 2
1976,0, 1970, False, 2
1977,0, 1970, False, 2
1978,0, 1970, False, 2
1979,0, 1970, False, 2
1980,0, 1970, False, 2
1981,0, 1970, False, 2
1982,0, 1970, False, 2
1983,0, 1970, False, 2
1984,0, 1970, False, 2
1985,0, 1970, False, 2
1986,0, 1970, False, 2
1987,0, 1970, False, 2
1988,0, 1970, False, 2
1989,0, 1970, False, 2
1990,0, 1970, False, 2
1991,0, 1970, False, 2
1992,0, 1970, False, 2
1993,0, 1970, False, 2
1994,0, 1970, False, 2
1995,0, 1970, False, 2
1996,0, 1970, False, 2
1997,0, 1970, False, 2
1998,0, 1970, False, 2
1999,0, 1970, False, 2
2000,0, 1970, False, 2
2001,0, 1970, False, 2
2002,0, 1970, False, 2
2003,0, 1970, False, 2
2004,0, 1970, False, 2
2005,0, 1970, False, 2
2006,0, 1970, False, 2
2007,0, 1970, False, 2
2008,0, 1970, False, 2
2009,0, 1970, False, 0
2010,0, 1970, False, 0
2011,0, 1970, False, 0
2012,0, 1970, False, 0
2013,0, 1970, False, 0
2014,0, 1970, False, 0
2015,0, 1970, False, 0
2016,0, 1970, False, 0
2017,0, 1970, False, 0
2018,0, 1970, False, 0
2019,0, 1970, False, 0
2020,0, 1970, False, 0
2021,0, 1970, False, 0
2022,0, 1970, False, 0
2023,0, 1970, False, 0
2024,0, 1970, False, 0
2025,0, 1970, False, 0
2026,0, 1970, False, 5
2027,0, 1970, False, 5
2028,0, 1970, False, 5
2029,0, 1970, False, 5
2030,0, 1970, False, 5
2031,0, 1970, False, 5
2032,0, 1970, False, 5
2033,0, 1970, False, 5
2034,0, 1970, False, 5
2035,0, 1970, False, 5
2036,0, 1970, False, 0
2037,0, 1970, False, 0
2038,0, 1970, False, 0
2039,0, 1970, False, 0
2040,0, 1970, False, 0
2041,0, 1970, False, 0
2042,0, 1970, False, 0
2043,0, 1970, False, 0
2044,0, 1970, False, 0
2045,0, 1970, False, 0
2046,0, 1970, False, 0
2047,0, 1970, False, 0
2048,0, 1970, False, 0
2049,0, 1970, False, 4
2050,0, 1970, False, 4
2051,0, 1970, False, 4
2052,0, 1970, False, 4
2053,0, 1970, False, 4
2054,0, 1970, False, 4
2055,0, 1970, False, 4
2056,0, 1970, False, 4
2057,0, 1970, False, 0
2058,0, 1970, False, 0
2059,0, 1970, False, 0
2060,0, 1970, False, 0
2061,0, 1970, False, 0
2062,0, 1970, False, 2
2063,0, 1970, False, 2
2064,0, 1970, False, 2
2065,0, 1970, False, 2
2066,0, 1970, False, 2
2067,0, 1970, False, 2
2068,0, 1970, False, 2
2069,0, 1970, False, 0
2070,0, 1970, False, 0
2071,0, 1970, False, 0
2072,0, 1970, False, 0
2073,0, 1970, False, 0
2074,0, 1970, False, 0
2075,0, 1970, False, 0
2076,0, 1970, False, 0
2077,0, 1970, False, 0
2078,0, 1970, False, 0
2079,0, 1970, False, 0
2080,0, 1970, False, 0
2081,0, 1970, False, 2
2082,0, 1970, False, 2
2083,0, 1970, False, 2
2084,0, 1970, False, 2
2085,0, 1970, False, 2
2086,0, 1970, False, 2
2087,0, 1970, False, 2
2088,0, 1970, False, 2
2089,0, 1970, False, 0
2090,0, 1970, False, 0
2091,0, 1970, False, 0
2092,0, 1970, False, 0
2093,0, 1970, False, 0
2094,0, 1970, False, 0
2095,0, 1970, False, 0
2096,0, 1970, False, 0
2097,0, 1970, False, 0
2098,0, 1970, False, 0
2099,0, 1970, False, 0
2100,0, 1970, False, 0
2101,0, 1970, False, 0
2102,0, 1970, False, 0
2103,0, 1970, False, 0
2104,0, 1970, False, 0
2105,0, 1970, False, 0
2106,0, 1970, False, 0
2107,0, 1970, False, 0
2108,0, 1970, False, 0
2109,0, 1970, False, 0
2110,0, 1970, False, 0
2111,0, 1970, False, 0
2112,0, 1970, False, 0
2113,0, 1970, False, 0
2114,0, 1970, False, 0
2115,0, 1970, False, 0
2116,0, 1970, False, 0
2117,0, 1970, False, 0
2118,0, 1970, False, 0
2119,0, 1970, False, 0
2120,0, 1970, False, 0
2121,0, 1970, False, 0
2122,0, 1970, False, 0
2123,0, 1970, False, 0
2124,0, 1970, False, 0
2125,0, 1970, False, 0
2126,0, 1970, False, 0
2127,0, 1970, False, 0
2128,0, 1970, False, 0
2129,0, 1970, False, 0
2130,0, 1970, False, 0
2131,0, 1970, False, 0
2132,0, 1970, False, 0
2133,0, 1970, False, 0
2134,0, 1970, False, 0
2135,0, 1970, False, 3
2136,0, 1970, False, 3
2137,0, 1970, False, 3
2138,0, 1970, False, 3
2139,0, 1970, False, 3
2140,0, 1970, False, 3
2141,0, 1970, False, 0
2142,0, 1970, False, 0
2143,0, 1970, False, 0
2144,0, 1970, False, 0
2145,0, 1970, False, 0
2146,0, 1970, False, 0
2147,0, 1970, False, 2
2148,0, 1970, False, 2
2149,0, 1970, False, 2
2150,0, 1970, False, 2
2151,0, 1970, False, 2
2152,0, 1970, False, 2
2153,0, 1970, False, 2
2154,0, 1970, False, 0
2155,0, 1970, False, 0
2156,0, 1970, False, 0
2157,0, 1970, False, 0
2158,0, 1970, False, 0
2159,0, 1970, False, 0
2160,0, 1970, False, 0
2161,0, 1970, False, 0
2162,0, 1970, False, 0
2163,0, 1970, False, 0
2164,0, 1970, False, 0
2165,0, 1970, False, 0
2166,0, 1970, False, 0
2167,0, 1970, False, 0
2168,0, 1970, False, 0
2169,0, 1970, False, 0
2170,0, 1970, False, 0
2171,0, 1970, False, 0
2172,0, 1970, False, 0
2173,0, 1970, False, 0
2174,0, 1970, False, 0
2175,0, 1970, False, 0
2176,0, 1970, False, 0
2177,0, 1970, False, 0
2178,0, 1970, False, 0
2179,0, 1970, False, 0
2180,0, 1970, False, 0
2181,0, 1970, False, 0
2182,0, 1970, False, 0
2183,0, 1970, False, 0
2184,0, 1970, False, 0
2185,0, 1970, False, 0
2186,0, 1970, False, 0
2187,0, 1970, False, 0
2188,0, 1970, False, 0
2189,0, 1970, False, 0
2190,0, 1970, False, 0
2191,0, 1970, False, 0
2192,0, 1970, False, 0
2193,0, 1970, False, 0
2194,0, 1970, False, 0
2195,0, 1970, False, 0
2196,0, 1970, False, 0
2197,0, 1970, False, 0
2198,0, 1970, False, 0
2199,0, 1970, False, 0
2200,0, 1970, False, 0
2201,0, 1970, False, 0
2202,0, 1970, False, 0
2203,0, 1970, False, 0
2204,0, 1970, False, 0
2205,0, 1970, False, 0
2206,0, 1970, False, 0
2207,0, 1970, False, 0
2208,0, 1970, False, 0
2209,0, 1970, False, 0
2210,0, 1970, False, 0
2211,0, 1970, False, 0
2212,0, 1970, False, 0
2213,0, 1970, False, 0
2214,0, 1970, False, 0
2215,0, 1970, False, 0
2216,0, 1970, False, 0
2217,0, 1970, False, 0
2218,0, 1970, False, 0
2219,0, 1970, False, 0
2220,0, 1970, False, 0
2221,0, 1970, False, 0
2222,0, 1970, False, 0
2223,0, 1970, False, 0
2224,0, 1970, False, 0
2225,0, 1970, False, 0
2226,0, 1970, False, 0
2227,0, 1970, False, 0
2228,0, 1970, False, 0
2229,0, 1970, False, 0
2230,0, 1970, False, 0
2231,0, 1970, False, 0
2232,0, 1970, False, 0
2233,0, 1970, False, 0
2234,0, 1970, False, 0
2235,0, 1970, False, 0
2236,0, 1970, False, 0
2237,0, 1970, False, 0
2238,0, 1970, False, 0
2239,0, 1970, False, 0
2240,0, 1970, False, 0
2241,0, 1970, False, 0
2242,0, 1970, False, 0
2243,0, 1970, False, 0
2244,0, 1970, False, 0
2245,0, 1970, False, 0
2246,0, 1970, False, 0
2247,0, 1970, False, 0
2248,0, 1970, False, 0
2249,0, 1970, False, 0
2250,0, 1970, False, 0
2251,0, 1970, False, 0
2252,0, 1970, False, 0
2253,0, 1970, False, 0
2254,0, 1970, False, 0
2255,0, 1970, False, 0
2256,0, 1970, False, 0
2257,0, 1970, False, 0
2258,0, 1970, False, 0
2259,0, 1970, False, 0
2260,0, 1970, False, 0
2261,0, 1970, False, 0
2262,0, 1970, False, 0
2263,0, 1970, False, 0
2264,0, 1970, False, 0
2265,0, 1970, False, 0
2266,0, 1970, False, 0
2267,0, 1970, False, 0
2268,0, 1970, False, 0
2269,0, 1970, True, 0
