db traj id : 849
frame,reward,score,terminal, action
0,0, 0, False, 0
1,0, 0, False, 0
2,0, 0, False, 0
3,0, 0, False, 0
4,0, 0, False, 0
5,0, 0, False, 0
6,0, 0, False, 0
7,0, 0, False, 0
8,0, 0, False, 0
9,0, 0, False, 0
10,0, 0, False, 0
11,0, 0, False, 0
12,0, 0, False, 0
13,0, 0, False, 0
14,0, 0, False, 0
15,0, 0, False, 0
16,0, 0, False, 0
17,0, 0, False, 0
18,0, 0, False, 0
19,0, 0, False, 0
20,0, 0, False, 0
21,0, 0, False, 0
22,0, 0, False, 0
23,0, 0, False, 0
24,0, 0, False, 0
25,0, 0, False, 0
26,0, 0, False, 0
27,0, 0, False, 0
28,0, 0, False, 0
29,0, 0, False, 0
30,0, 0, False, 0
31,0, 0, False, 0
32,0, 0, False, 0
33,0, 0, False, 0
34,0, 0, False, 0
35,0, 0, False, 0
36,0, 0, False, 0
37,0, 0, False, 0
38,0, 0, False, 0
39,0, 0, False, 0
40,0, 0, False, 0
41,0, 0, False, 0
42,0, 0, False, 0
43,0, 0, False, 0
44,0, 0, False, 0
45,0, 0, False, 0
46,0, 0, False, 0
47,0, 0, False, 0
48,0, 0, False, 0
49,0, 0, False, 0
50,0, 0, False, 0
51,0, 0, False, 0
52,0, 0, False, 0
53,0, 0, False, 0
54,0, 0, False, 0
55,0, 0, False, 0
56,0, 0, False, 0
57,0, 0, False, 0
58,0, 0, False, 2
59,0, 0, False, 2
60,0, 0, False, 2
61,0, 0, False, 2
62,0, 0, False, 2
63,0, 0, False, 2
64,0, 0, False, 0
65,0, 0, False, 0
66,0, 0, False, 0
67,0, 0, False, 0
68,0, 0, False, 0
69,0, 0, False, 0
70,0, 0, False, 0
71,0, 0, False, 0
72,0, 0, False, 0
73,0, 0, False, 0
74,0, 0, False, 0
75,0, 0, False, 3
76,0, 0, False, 3
77,0, 0, False, 3
78,0, 0, False, 3
79,0, 0, False, 3
80,0, 0, False, 3
81,0, 0, False, 3
82,0, 0, False, 3
83,0, 0, False, 3
84,0, 0, False, 3
85,0, 0, False, 0
86,0, 0, False, 0
87,0, 0, False, 0
88,0, 0, False, 0
89,0, 0, False, 0
90,0, 0, False, 0
91,0, 0, False, 4
92,0, 0, False, 4
93,0, 0, False, 4
94,0, 0, False, 4
95,0, 0, False, 4
96,0, 0, False, 4
97,0, 0, False, 4
98,0, 0, False, 4
99,0, 0, False, 4
100,0, 0, False, 4
101,0, 0, False, 4
102,0, 0, False, 4
103,0, 0, False, 0
104,0, 0, False, 2
105,0, 0, False, 2
106,0, 0, False, 2
107,0, 0, False, 2
108,0, 0, False, 2
109,0, 0, False, 0
110,0, 0, False, 0
111,0, 0, False, 0
112,0, 0, False, 2
113,0, 0, False, 0
114,0, 0, False, 0
115,0, 0, False, 0
116,0, 0, False, 0
117,0, 0, False, 0
118,0, 0, False, 0
119,0, 0, False, 0
120,0, 0, False, 0
121,0, 0, False, 0
122,0, 0, False, 0
123,0, 0, False, 0
124,0, 0, False, 0
125,0, 0, False, 0
126,0, 0, False, 0
127,0, 0, False, 0
128,0, 0, False, 0
129,0, 0, False, 0
130,0, 0, False, 0
131,0, 0, False, 0
132,0, 0, False, 0
133,0, 0, False, 0
134,0, 0, False, 0
135,0, 0, False, 0
136,0, 0, False, 0
137,0, 0, False, 0
138,0, 0, False, 0
139,0, 0, False, 0
140,0, 0, False, 0
141,0, 0, False, 0
142,0, 0, False, 0
143,0, 0, False, 0
144,0, 0, False, 0
145,0, 0, False, 0
146,0, 0, False, 0
147,0, 0, False, 0
148,0, 0, False, 0
149,0, 0, False, 0
150,0, 0, False, 0
151,0, 0, False, 0
152,0, 0, False, 0
153,0, 0, False, 0
154,0, 0, False, 0
155,0, 0, False, 0
156,0, 0, False, 0
157,0, 0, False, 0
158,0, 0, False, 0
159,0, 0, False, 0
160,0, 0, False, 0
161,0, 0, False, 0
162,0, 0, False, 0
163,0, 0, False, 0
164,0, 0, False, 0
165,0, 0, False, 0
166,0, 0, False, 0
167,0, 0, False, 0
168,0, 0, False, 0
169,0, 0, False, 0
170,0, 0, False, 0
171,0, 0, False, 0
172,0, 0, False, 0
173,0, 0, False, 0
174,0, 0, False, 0
175,0, 0, False, 0
176,0, 0, False, 0
177,0, 0, False, 0
178,0, 0, False, 0
179,0, 0, False, 0
180,0, 0, False, 0
181,0, 0, False, 0
182,0, 0, False, 0
183,0, 0, False, 0
184,0, 0, False, 0
185,0, 0, False, 0
186,0, 0, False, 0
187,0, 0, False, 0
188,0, 0, False, 0
189,0, 0, False, 0
190,0, 0, False, 0
191,0, 0, False, 0
192,0, 0, False, 0
193,0, 0, False, 0
194,0, 0, False, 0
195,0, 0, False, 0
196,0, 0, False, 0
197,0, 0, False, 0
198,0, 0, False, 0
199,0, 0, False, 0
200,0, 0, False, 0
201,0, 0, False, 0
202,0, 0, False, 0
203,0, 0, False, 0
204,0, 0, False, 0
205,0, 0, False, 0
206,0, 0, False, 0
207,0, 0, False, 0
208,0, 0, False, 0
209,0, 0, False, 0
210,0, 0, False, 0
211,0, 0, False, 0
212,0, 0, False, 0
213,0, 0, False, 0
214,0, 0, False, 0
215,0, 0, False, 0
216,0, 0, False, 0
217,0, 0, False, 0
218,0, 0, False, 0
219,0, 0, False, 0
220,0, 0, False, 0
221,0, 0, False, 0
222,0, 0, False, 0
223,0, 0, False, 0
224,0, 0, False, 0
225,0, 0, False, 0
226,0, 0, False, 0
227,0, 0, False, 0
228,0, 0, False, 0
229,0, 0, False, 0
230,0, 0, False, 0
231,0, 0, False, 0
232,0, 0, False, 0
233,0, 0, False, 0
234,0, 0, False, 0
235,0, 0, False, 0
236,0, 0, False, 0
237,0, 0, False, 0
238,0, 0, False, 0
239,0, 0, False, 0
240,0, 0, False, 0
241,0, 0, False, 0
242,0, 0, False, 0
243,0, 0, False, 0
244,0, 0, False, 0
245,0, 0, False, 0
246,0, 0, False, 0
247,0, 0, False, 0
248,0, 0, False, 0
249,0, 0, False, 0
250,0, 0, False, 0
251,0, 0, False, 0
252,0, 0, False, 0
253,0, 0, False, 0
254,0, 0, False, 0
255,0, 0, False, 0
256,0, 0, False, 0
257,0, 0, False, 0
258,0, 0, False, 0
259,0, 0, False, 0
260,0, 0, False, 0
261,0, 0, False, 0
262,0, 0, False, 0
263,0, 0, False, 0
264,0, 0, False, 0
265,0, 0, False, 0
266,0, 0, False, 0
267,0, 0, False, 0
268,0, 0, False, 0
269,0, 0, False, 0
270,0, 0, False, 0
271,0, 0, False, 0
272,0, 0, False, 0
273,0, 0, False, 0
274,0, 0, False, 0
275,0, 0, False, 0
276,10, 10, False, 0
277,0, 10, False, 0
278,0, 10, False, 0
279,0, 10, False, 0
280,0, 10, False, 0
281,0, 10, False, 0
282,0, 10, False, 0
283,0, 10, False, 0
284,0, 10, False, 0
285,0, 10, False, 0
286,0, 10, False, 0
287,0, 10, False, 0
288,0, 10, False, 0
289,0, 10, False, 0
290,10, 20, False, 0
291,0, 20, False, 0
292,0, 20, False, 0
293,0, 20, False, 0
294,0, 20, False, 0
295,0, 20, False, 0
296,0, 20, False, 0
297,0, 20, False, 0
298,0, 20, False, 0
299,0, 20, False, 0
300,0, 20, False, 0
301,0, 20, False, 0
302,0, 20, False, 0
303,0, 20, False, 0
304,10, 30, False, 0
305,0, 30, False, 0
306,0, 30, False, 0
307,0, 30, False, 0
308,0, 30, False, 0
309,0, 30, False, 0
310,0, 30, False, 0
311,0, 30, False, 0
312,0, 30, False, 0
313,0, 30, False, 0
314,0, 30, False, 0
315,0, 30, False, 0
316,10, 40, False, 0
317,0, 40, False, 0
318,0, 40, False, 0
319,0, 40, False, 0
320,0, 40, False, 0
321,0, 40, False, 0
322,0, 40, False, 0
323,0, 40, False, 0
324,0, 40, False, 0
325,0, 40, False, 0
326,0, 40, False, 0
327,0, 40, False, 0
328,0, 40, False, 0
329,0, 40, False, 0
330,10, 50, False, 0
331,0, 50, False, 0
332,0, 50, False, 0
333,0, 50, False, 0
334,0, 50, False, 0
335,0, 50, False, 0
336,0, 50, False, 0
337,0, 50, False, 0
338,0, 50, False, 0
339,0, 50, False, 0
340,0, 50, False, 0
341,0, 50, False, 0
342,0, 50, False, 0
343,0, 50, False, 0
344,10, 60, False, 0
345,0, 60, False, 0
346,0, 60, False, 0
347,0, 60, False, 0
348,0, 60, False, 0
349,0, 60, False, 0
350,0, 60, False, 0
351,0, 60, False, 0
352,0, 60, False, 0
353,0, 60, False, 0
354,0, 60, False, 0
355,0, 60, False, 0
356,0, 60, False, 0
357,0, 60, False, 0
358,0, 60, False, 0
359,0, 60, False, 0
360,0, 60, False, 0
361,0, 60, False, 0
362,0, 60, False, 0
363,0, 60, False, 0
364,0, 60, False, 0
365,0, 60, False, 0
366,0, 60, False, 0
367,0, 60, False, 0
368,0, 60, False, 0
369,0, 60, False, 0
370,0, 60, False, 0
371,0, 60, False, 0
372,0, 60, False, 0
373,0, 60, False, 0
374,0, 60, False, 0
375,0, 60, False, 0
376,0, 60, False, 0
377,0, 60, False, 0
378,0, 60, False, 0
379,0, 60, False, 0
380,0, 60, False, 0
381,0, 60, False, 0
382,0, 60, False, 0
383,0, 60, False, 0
384,0, 60, False, 0
385,0, 60, False, 0
386,0, 60, False, 0
387,0, 60, False, 0
388,0, 60, False, 0
389,0, 60, False, 0
390,0, 60, False, 0
391,0, 60, False, 0
392,0, 60, False, 0
393,0, 60, False, 0
394,0, 60, False, 0
395,0, 60, False, 0
396,0, 60, False, 0
397,0, 60, False, 0
398,0, 60, False, 0
399,0, 60, False, 0
400,0, 60, False, 0
401,0, 60, False, 0
402,0, 60, False, 0
403,0, 60, False, 0
404,0, 60, False, 0
405,0, 60, False, 0
406,0, 60, False, 0
407,0, 60, False, 0
408,0, 60, False, 0
409,0, 60, False, 0
410,0, 60, False, 0
411,0, 60, False, 0
412,0, 60, False, 0
413,0, 60, False, 0
414,0, 60, False, 0
415,0, 60, False, 0
416,0, 60, False, 0
417,0, 60, False, 0
418,0, 60, False, 0
419,0, 60, False, 0
420,0, 60, False, 0
421,0, 60, False, 0
422,0, 60, False, 0
423,0, 60, False, 0
424,0, 60, False, 0
425,0, 60, False, 0
426,0, 60, False, 0
427,0, 60, False, 0
428,0, 60, False, 0
429,0, 60, False, 0
430,0, 60, False, 0
431,0, 60, False, 0
432,0, 60, False, 0
433,0, 60, False, 0
434,0, 60, False, 0
435,0, 60, False, 0
436,0, 60, False, 0
437,0, 60, False, 0
438,0, 60, False, 0
439,0, 60, False, 0
440,0, 60, False, 0
441,0, 60, False, 0
442,0, 60, False, 0
443,0, 60, False, 0
444,0, 60, False, 0
445,0, 60, False, 0
446,0, 60, False, 0
447,0, 60, False, 0
448,0, 60, False, 0
449,0, 60, False, 0
450,0, 60, False, 0
451,0, 60, False, 0
452,0, 60, False, 0
453,0, 60, False, 0
454,0, 60, False, 0
455,0, 60, False, 0
456,0, 60, False, 0
457,0, 60, False, 0
458,0, 60, False, 0
459,0, 60, False, 0
460,0, 60, False, 0
461,0, 60, False, 0
462,0, 60, False, 0
463,0, 60, False, 0
464,0, 60, False, 0
465,0, 60, False, 0
466,0, 60, False, 0
467,0, 60, False, 0
468,0, 60, False, 0
469,0, 60, False, 0
470,0, 60, False, 0
471,0, 60, False, 0
472,0, 60, False, 0
473,0, 60, False, 0
474,0, 60, False, 0
475,0, 60, False, 0
476,0, 60, False, 0
477,0, 60, False, 0
478,0, 60, False, 0
479,0, 60, False, 0
480,0, 60, False, 0
481,0, 60, False, 0
482,0, 60, False, 0
483,0, 60, False, 0
484,0, 60, False, 0
485,0, 60, False, 0
486,0, 60, False, 0
487,0, 60, False, 0
488,0, 60, False, 0
489,0, 60, False, 0
490,0, 60, False, 0
491,0, 60, False, 0
492,0, 60, False, 0
493,0, 60, False, 0
494,0, 60, False, 0
495,0, 60, False, 0
496,0, 60, False, 0
497,0, 60, False, 0
498,0, 60, False, 0
499,0, 60, False, 0
500,0, 60, False, 0
501,0, 60, False, 0
502,0, 60, False, 0
503,0, 60, False, 0
504,0, 60, False, 0
505,0, 60, False, 0
506,0, 60, False, 0
507,0, 60, False, 0
508,0, 60, False, 0
509,0, 60, False, 0
510,0, 60, False, 0
511,0, 60, False, 0
512,0, 60, False, 0
513,0, 60, False, 0
514,0, 60, False, 0
515,0, 60, False, 0
516,0, 60, False, 0
517,0, 60, False, 0
518,0, 60, False, 0
519,0, 60, False, 0
520,0, 60, False, 0
521,0, 60, False, 0
522,0, 60, False, 0
523,0, 60, False, 0
524,0, 60, False, 0
525,0, 60, False, 0
526,0, 60, False, 0
527,0, 60, False, 0
528,0, 60, False, 0
529,0, 60, False, 0
530,0, 60, False, 0
531,0, 60, False, 0
532,0, 60, False, 0
533,0, 60, False, 0
534,0, 60, False, 0
535,0, 60, False, 0
536,0, 60, False, 0
537,0, 60, False, 0
538,0, 60, False, 0
539,0, 60, False, 0
540,0, 60, False, 0
541,0, 60, False, 0
542,0, 60, False, 0
543,0, 60, False, 0
544,0, 60, False, 0
545,0, 60, False, 0
546,0, 60, False, 0
547,0, 60, False, 0
548,0, 60, False, 0
549,0, 60, False, 0
550,0, 60, False, 0
551,0, 60, False, 0
552,0, 60, False, 0
553,0, 60, False, 0
554,0, 60, False, 0
555,0, 60, False, 0
556,0, 60, False, 0
557,0, 60, False, 0
558,0, 60, False, 0
559,0, 60, False, 0
560,0, 60, False, 0
561,0, 60, False, 0
562,0, 60, False, 0
563,0, 60, False, 0
564,0, 60, False, 0
565,0, 60, False, 0
566,0, 60, False, 0
567,0, 60, False, 0
568,0, 60, False, 0
569,0, 60, False, 0
570,0, 60, False, 0
571,0, 60, False, 0
572,0, 60, False, 0
573,0, 60, False, 0
574,0, 60, False, 0
575,0, 60, False, 0
576,0, 60, False, 0
577,0, 60, False, 0
578,0, 60, False, 0
579,0, 60, False, 0
580,0, 60, False, 0
581,0, 60, False, 0
582,0, 60, False, 0
583,0, 60, False, 0
584,0, 60, False, 0
585,0, 60, False, 0
586,0, 60, False, 0
587,0, 60, False, 0
588,0, 60, False, 0
589,0, 60, False, 0
590,0, 60, False, 0
591,0, 60, False, 0
592,0, 60, False, 0
593,0, 60, False, 0
594,0, 60, False, 0
595,0, 60, False, 0
596,0, 60, False, 0
597,0, 60, False, 0
598,0, 60, False, 0
599,0, 60, False, 0
600,0, 60, False, 0
601,0, 60, False, 0
602,0, 60, False, 0
603,0, 60, False, 0
604,0, 60, False, 0
605,0, 60, False, 0
606,0, 60, False, 3
607,0, 60, False, 3
608,0, 60, False, 6
609,0, 60, False, 6
610,0, 60, False, 6
611,0, 60, False, 6
612,0, 60, False, 6
613,0, 60, False, 6
614,0, 60, False, 6
615,0, 60, False, 6
616,0, 60, False, 6
617,0, 60, False, 6
618,0, 60, False, 6
619,0, 60, False, 0
620,0, 60, False, 5
621,0, 60, False, 5
622,0, 60, False, 5
623,0, 60, False, 5
624,0, 60, False, 5
625,0, 60, False, 5
626,0, 60, False, 5
627,0, 60, False, 5
628,0, 60, False, 5
629,0, 60, False, 5
630,0, 60, False, 5
631,0, 60, False, 5
632,0, 60, False, 5
633,0, 60, False, 5
634,0, 60, False, 0
635,0, 60, False, 0
636,10, 70, False, 0
637,0, 70, False, 0
638,0, 70, False, 0
639,0, 70, False, 0
640,0, 70, False, 0
641,0, 70, False, 0
642,0, 70, False, 0
643,0, 70, False, 0
644,0, 70, False, 0
645,0, 70, False, 0
646,0, 70, False, 0
647,0, 70, False, 0
648,0, 70, False, 0
649,0, 70, False, 0
650,10, 80, False, 0
651,0, 80, False, 0
652,0, 80, False, 0
653,0, 80, False, 0
654,0, 80, False, 0
655,0, 80, False, 0
656,0, 80, False, 0
657,0, 80, False, 0
658,0, 80, False, 0
659,0, 80, False, 0
660,0, 80, False, 0
661,0, 80, False, 0
662,0, 80, False, 0
663,0, 80, False, 0
664,10, 90, False, 0
665,0, 90, False, 0
666,0, 90, False, 0
667,0, 90, False, 0
668,0, 90, False, 0
669,0, 90, False, 0
670,0, 90, False, 0
671,0, 90, False, 0
672,0, 90, False, 0
673,0, 90, False, 0
674,0, 90, False, 0
675,0, 90, False, 3
676,0, 90, False, 3
677,0, 90, False, 3
678,0, 90, False, 3
679,0, 90, False, 3
680,0, 90, False, 3
681,0, 90, False, 0
682,10, 100, False, 0
683,0, 100, False, 0
684,0, 100, False, 0
685,0, 100, False, 0
686,0, 100, False, 0
687,0, 100, False, 0
688,0, 100, False, 0
689,0, 100, False, 0
690,0, 100, False, 0
691,0, 100, False, 0
692,0, 100, False, 0
693,0, 100, False, 0
694,0, 100, False, 0
695,0, 100, False, 0
696,10, 110, False, 0
697,0, 110, False, 0
698,0, 110, False, 0
699,0, 110, False, 0
700,0, 110, False, 0
701,0, 110, False, 0
702,0, 110, False, 0
703,0, 110, False, 0
704,0, 110, False, 0
705,0, 110, False, 0
706,0, 110, False, 0
707,0, 110, False, 0
708,0, 110, False, 5
709,0, 110, False, 5
710,0, 110, False, 5
711,0, 110, False, 5
712,0, 110, False, 5
713,0, 110, False, 5
714,0, 110, False, 5
715,0, 110, False, 5
716,10, 120, False, 5
717,0, 120, False, 5
718,0, 120, False, 5
719,0, 120, False, 5
720,0, 120, False, 0
721,0, 120, False, 0
722,0, 120, False, 0
723,0, 120, False, 0
724,0, 120, False, 0
725,0, 120, False, 0
726,0, 120, False, 0
727,0, 120, False, 0
728,0, 120, False, 0
729,0, 120, False, 0
730,10, 130, False, 0
731,0, 130, False, 0
732,0, 130, False, 0
733,0, 130, False, 0
734,0, 130, False, 0
735,0, 130, False, 0
736,0, 130, False, 0
737,0, 130, False, 0
738,0, 130, False, 0
739,0, 130, False, 0
740,0, 130, False, 0
741,0, 130, False, 4
742,0, 130, False, 4
743,0, 130, False, 4
744,0, 130, False, 4
745,0, 130, False, 4
746,0, 130, False, 4
747,0, 130, False, 4
748,0, 130, False, 4
749,0, 130, False, 4
750,10, 140, False, 4
751,0, 140, False, 4
752,0, 140, False, 4
753,0, 140, False, 4
754,0, 140, False, 4
755,0, 140, False, 4
756,0, 140, False, 4
757,0, 140, False, 4
758,0, 140, False, 0
759,0, 140, False, 0
760,0, 140, False, 0
761,0, 140, False, 0
762,0, 140, False, 0
763,0, 140, False, 0
764,10, 150, False, 0
765,0, 150, False, 0
766,0, 150, False, 0
767,0, 150, False, 0
768,0, 150, False, 0
769,0, 150, False, 0
770,0, 150, False, 0
771,0, 150, False, 0
772,0, 150, False, 0
773,0, 150, False, 0
774,0, 150, False, 0
775,0, 150, False, 0
776,10, 160, False, 0
777,0, 160, False, 0
778,0, 160, False, 0
779,0, 160, False, 0
780,0, 160, False, 0
781,0, 160, False, 0
782,0, 160, False, 0
783,0, 160, False, 0
784,0, 160, False, 0
785,0, 160, False, 0
786,0, 160, False, 0
787,0, 160, False, 0
788,0, 160, False, 0
789,0, 160, False, 0
790,10, 170, False, 0
791,0, 170, False, 0
792,0, 170, False, 0
793,0, 170, False, 0
794,0, 170, False, 0
795,0, 170, False, 0
796,0, 170, False, 0
797,0, 170, False, 0
798,0, 170, False, 0
799,0, 170, False, 0
800,0, 170, False, 0
801,0, 170, False, 0
802,0, 170, False, 0
803,0, 170, False, 0
804,10, 180, False, 0
805,0, 180, False, 0
806,0, 180, False, 0
807,0, 180, False, 0
808,0, 180, False, 0
809,0, 180, False, 0
810,0, 180, False, 0
811,0, 180, False, 0
812,0, 180, False, 0
813,0, 180, False, 0
814,0, 180, False, 0
815,0, 180, False, 0
816,10, 190, False, 0
817,0, 190, False, 0
818,0, 190, False, 0
819,0, 190, False, 0
820,0, 190, False, 0
821,0, 190, False, 0
822,0, 190, False, 0
823,0, 190, False, 0
824,0, 190, False, 0
825,0, 190, False, 0
826,0, 190, False, 0
827,0, 190, False, 0
828,0, 190, False, 0
829,0, 190, False, 0
830,10, 200, False, 0
831,0, 200, False, 0
832,0, 200, False, 2
833,0, 200, False, 2
834,0, 200, False, 2
835,0, 200, False, 2
836,0, 200, False, 2
837,0, 200, False, 2
838,0, 200, False, 2
839,0, 200, False, 2
840,0, 200, False, 2
841,0, 200, False, 2
842,0, 200, False, 2
843,0, 200, False, 2
844,0, 200, False, 2
845,0, 200, False, 0
846,0, 200, False, 0
847,0, 200, False, 0
848,0, 200, False, 0
849,0, 200, False, 0
850,50, 250, False, 0
851,0, 250, False, 0
852,0, 250, False, 0
853,0, 250, False, 0
854,0, 250, False, 0
855,0, 250, False, 0
856,0, 250, False, 0
857,0, 250, False, 0
858,10, 260, False, 0
859,0, 260, False, 0
860,0, 260, False, 0
861,0, 260, False, 0
862,0, 260, False, 0
863,0, 260, False, 0
864,0, 260, False, 0
865,0, 260, False, 0
866,0, 260, False, 0
867,0, 260, False, 3
868,0, 260, False, 3
869,0, 260, False, 3
870,0, 260, False, 3
871,0, 260, False, 3
872,10, 270, False, 3
873,0, 270, False, 3
874,0, 270, False, 3
875,0, 270, False, 3
876,0, 270, False, 3
877,0, 270, False, 0
878,0, 270, False, 0
879,0, 270, False, 0
880,0, 270, False, 0
881,0, 270, False, 0
882,10, 280, False, 0
883,0, 280, False, 0
884,0, 280, False, 0
885,0, 280, False, 0
886,0, 280, False, 0
887,0, 280, False, 0
888,0, 280, False, 0
889,0, 280, False, 0
890,0, 280, False, 2
891,0, 280, False, 2
892,0, 280, False, 2
893,0, 280, False, 2
894,0, 280, False, 2
895,0, 280, False, 2
896,10, 290, False, 2
897,0, 290, False, 2
898,0, 290, False, 2
899,0, 290, False, 0
900,0, 290, False, 0
901,0, 290, False, 0
902,0, 290, False, 0
903,0, 290, False, 0
904,0, 290, False, 0
905,0, 290, False, 0
906,0, 290, False, 0
907,0, 290, False, 0
908,10, 300, False, 0
909,0, 300, False, 0
910,0, 300, False, 0
911,0, 300, False, 0
912,0, 300, False, 0
913,0, 300, False, 0
914,0, 300, False, 0
915,0, 300, False, 0
916,0, 300, False, 0
917,0, 300, False, 0
918,0, 300, False, 0
919,0, 300, False, 0
920,0, 300, False, 0
921,0, 300, False, 0
922,0, 300, False, 0
923,0, 300, False, 4
924,0, 300, False, 4
925,0, 300, False, 4
926,0, 300, False, 4
927,0, 300, False, 4
928,0, 300, False, 4
929,0, 300, False, 4
930,0, 300, False, 4
931,0, 300, False, 4
932,0, 300, False, 4
933,0, 300, False, 0
934,0, 300, False, 0
935,0, 300, False, 0
936,0, 300, False, 0
937,0, 300, False, 0
938,0, 300, False, 0
939,0, 300, False, 0
940,0, 300, False, 0
941,0, 300, False, 0
942,0, 300, False, 0
943,0, 300, False, 0
944,0, 300, False, 0
945,0, 300, False, 0
946,0, 300, False, 2
947,0, 300, False, 2
948,0, 300, False, 2
949,0, 300, False, 2
950,0, 300, False, 2
951,0, 300, False, 2
952,0, 300, False, 2
953,0, 300, False, 2
954,0, 300, False, 2
955,0, 300, False, 2
956,0, 300, False, 2
957,0, 300, False, 2
958,0, 300, False, 2
959,0, 300, False, 0
960,0, 300, False, 0
961,0, 300, False, 0
962,0, 300, False, 0
963,0, 300, False, 0
964,0, 300, False, 0
965,0, 300, False, 0
966,0, 300, False, 0
967,0, 300, False, 0
968,0, 300, False, 0
969,0, 300, False, 0
970,0, 300, False, 0
971,0, 300, False, 3
972,0, 300, False, 3
973,0, 300, False, 3
974,0, 300, False, 3
975,0, 300, False, 3
976,0, 300, False, 3
977,0, 300, False, 0
978,0, 300, False, 0
979,0, 300, False, 0
980,0, 300, False, 2
981,0, 300, False, 2
982,0, 300, False, 2
983,0, 300, False, 2
984,0, 300, False, 2
985,0, 300, False, 2
986,0, 300, False, 2
987,0, 300, False, 0
988,0, 300, False, 0
989,0, 300, False, 0
990,0, 300, False, 0
991,0, 300, False, 0
992,10, 310, False, 0
993,0, 310, False, 0
994,0, 310, False, 0
995,0, 310, False, 0
996,0, 310, False, 0
997,0, 310, False, 0
998,0, 310, False, 0
999,0, 310, False, 0
1000,0, 310, False, 0
1001,0, 310, False, 0
1002,0, 310, False, 0
1003,0, 310, False, 0
1004,0, 310, False, 0
1005,0, 310, False, 0
1006,10, 320, False, 0
1007,0, 320, False, 0
1008,0, 320, False, 0
1009,0, 320, False, 0
1010,0, 320, False, 0
1011,0, 320, False, 0
1012,0, 320, False, 0
1013,0, 320, False, 0
1014,0, 320, False, 0
1015,0, 320, False, 0
1016,0, 320, False, 0
1017,0, 320, False, 0
1018,0, 320, False, 0
1019,0, 320, False, 0
1020,10, 330, False, 0
1021,0, 330, False, 0
1022,0, 330, False, 0
1023,0, 330, False, 0
1024,0, 330, False, 0
1025,0, 330, False, 0
1026,0, 330, False, 0
1027,0, 330, False, 0
1028,0, 330, False, 0
1029,0, 330, False, 0
1030,0, 330, False, 0
1031,0, 330, False, 0
1032,0, 330, False, 0
1033,0, 330, False, 0
1034,10, 340, False, 0
1035,0, 340, False, 0
1036,0, 340, False, 0
1037,0, 340, False, 0
1038,0, 340, False, 0
1039,0, 340, False, 0
1040,0, 340, False, 0
1041,0, 340, False, 0
1042,0, 340, False, 0
1043,0, 340, False, 0
1044,0, 340, False, 0
1045,0, 340, False, 0
1046,0, 340, False, 0
1047,0, 340, False, 0
1048,10, 350, False, 0
1049,0, 350, False, 0
1050,0, 350, False, 0
1051,0, 350, False, 0
1052,0, 350, False, 0
1053,0, 350, False, 0
1054,0, 350, False, 0
1055,0, 350, False, 0
1056,0, 350, False, 0
1057,0, 350, False, 0
1058,0, 350, False, 0
1059,0, 350, False, 0
1060,0, 350, False, 0
1061,0, 350, False, 0
1062,10, 360, False, 0
1063,0, 360, False, 0
1064,0, 360, False, 0
1065,0, 360, False, 0
1066,0, 360, False, 0
1067,0, 360, False, 0
1068,0, 360, False, 0
1069,0, 360, False, 0
1070,0, 360, False, 0
1071,0, 360, False, 0
1072,0, 360, False, 0
1073,0, 360, False, 0
1074,0, 360, False, 0
1075,0, 360, False, 0
1076,10, 370, False, 0
1077,0, 370, False, 0
1078,0, 370, False, 0
1079,0, 370, False, 0
1080,0, 370, False, 0
1081,0, 370, False, 0
1082,0, 370, False, 0
1083,0, 370, False, 0
1084,0, 370, False, 0
1085,0, 370, False, 0
1086,0, 370, False, 0
1087,0, 370, False, 4
1088,0, 370, False, 4
1089,0, 370, False, 4
1090,10, 380, False, 4
1091,0, 380, False, 4
1092,0, 380, False, 4
1093,0, 380, False, 4
1094,0, 380, False, 4
1095,0, 380, False, 0
1096,0, 380, False, 0
1097,0, 380, False, 0
1098,0, 380, False, 0
1099,0, 380, False, 0
1100,0, 380, False, 0
1101,0, 380, False, 2
1102,10, 390, False, 2
1103,0, 390, False, 2
1104,0, 390, False, 2
1105,0, 390, False, 2
1106,0, 390, False, 2
1107,0, 390, False, 2
1108,0, 390, False, 2
1109,0, 390, False, 2
1110,0, 390, False, 2
1111,0, 390, False, 2
1112,0, 390, False, 2
1113,0, 390, False, 0
1114,0, 390, False, 0
1115,0, 390, False, 0
1116,0, 390, False, 0
1117,0, 390, False, 0
1118,0, 390, False, 0
1119,0, 390, False, 0
1120,0, 390, False, 0
1121,0, 390, False, 0
1122,50, 440, False, 0
1123,0, 440, False, 0
1124,0, 440, False, 0
1125,0, 440, False, 0
1126,0, 440, False, 0
1127,0, 440, False, 0
1128,0, 440, False, 0
1129,0, 440, False, 0
1130,10, 450, False, 0
1131,0, 450, False, 0
1132,0, 450, False, 0
1133,0, 450, False, 0
1134,0, 450, False, 3
1135,0, 450, False, 3
1136,0, 450, False, 3
1137,0, 450, False, 3
1138,0, 450, False, 3
1139,0, 450, False, 3
1140,0, 450, False, 3
1141,0, 450, False, 0
1142,0, 450, False, 0
1143,0, 450, False, 0
1144,10, 460, False, 0
1145,0, 460, False, 0
1146,0, 460, False, 0
1147,0, 460, False, 0
1148,0, 460, False, 0
1149,0, 460, False, 0
1150,0, 460, False, 0
1151,0, 460, False, 0
1152,0, 460, False, 0
1153,0, 460, False, 0
1154,0, 460, False, 0
1155,0, 460, False, 0
1156,10, 470, False, 0
1157,0, 470, False, 0
1158,0, 470, False, 0
1159,0, 470, False, 0
1160,0, 470, False, 0
1161,0, 470, False, 0
1162,0, 470, False, 0
1163,0, 470, False, 0
1164,0, 470, False, 0
1165,0, 470, False, 0
1166,0, 470, False, 0
1167,0, 470, False, 0
1168,0, 470, False, 0
1169,0, 470, False, 0
1170,10, 480, False, 0
1171,0, 480, False, 0
1172,0, 480, False, 0
1173,0, 480, False, 0
1174,0, 480, False, 0
1175,0, 480, False, 0
1176,0, 480, False, 0
1177,0, 480, False, 0
1178,0, 480, False, 0
1179,0, 480, False, 0
1180,0, 480, False, 0
1181,0, 480, False, 0
1182,0, 480, False, 0
1183,0, 480, False, 0
1184,0, 480, False, 0
1185,0, 480, False, 0
1186,0, 480, False, 0
1187,0, 480, False, 0
1188,0, 480, False, 0
1189,0, 480, False, 0
1190,0, 480, False, 0
1191,0, 480, False, 0
1192,0, 480, False, 0
1193,0, 480, False, 0
1194,0, 480, False, 0
1195,0, 480, False, 0
1196,0, 480, False, 0
1197,0, 480, False, 0
1198,0, 480, False, 0
1199,0, 480, False, 0
1200,0, 480, False, 0
1201,0, 480, False, 0
1202,0, 480, False, 0
1203,0, 480, False, 0
1204,0, 480, False, 0
1205,0, 480, False, 0
1206,0, 480, False, 0
1207,0, 480, False, 0
1208,0, 480, False, 0
1209,0, 480, False, 0
1210,0, 480, False, 0
1211,0, 480, False, 0
1212,0, 480, False, 0
1213,0, 480, False, 0
1214,0, 480, False, 0
1215,0, 480, False, 0
1216,0, 480, False, 0
1217,0, 480, False, 0
1218,0, 480, False, 0
1219,0, 480, False, 0
1220,0, 480, False, 0
1221,0, 480, False, 4
1222,0, 480, False, 4
1223,0, 480, False, 4
1224,0, 480, False, 4
1225,0, 480, False, 4
1226,0, 480, False, 4
1227,0, 480, False, 4
1228,0, 480, False, 4
1229,0, 480, False, 4
1230,0, 480, False, 4
1231,0, 480, False, 0
1232,0, 480, False, 0
1233,0, 480, False, 0
1234,0, 480, False, 0
1235,0, 480, False, 0
1236,0, 480, False, 0
1237,0, 480, False, 0
1238,0, 480, False, 0
1239,0, 480, False, 0
1240,0, 480, False, 0
1241,0, 480, False, 0
1242,0, 480, False, 0
1243,0, 480, False, 0
1244,0, 480, False, 0
1245,0, 480, False, 0
1246,0, 480, False, 0
1247,0, 480, False, 0
1248,0, 480, False, 0
1249,0, 480, False, 0
1250,0, 480, False, 0
1251,0, 480, False, 0
1252,0, 480, False, 0
1253,0, 480, False, 0
1254,0, 480, False, 0
1255,0, 480, False, 0
1256,0, 480, False, 0
1257,0, 480, False, 0
1258,0, 480, False, 0
1259,0, 480, False, 0
1260,0, 480, False, 0
1261,0, 480, False, 5
1262,0, 480, False, 5
1263,0, 480, False, 5
1264,0, 480, False, 5
1265,0, 480, False, 5
1266,0, 480, False, 5
1267,0, 480, False, 5
1268,0, 480, False, 5
1269,0, 480, False, 5
1270,0, 480, False, 5
1271,0, 480, False, 0
1272,0, 480, False, 0
1273,0, 480, False, 0
1274,0, 480, False, 0
1275,0, 480, False, 0
1276,0, 480, False, 0
1277,0, 480, False, 0
1278,0, 480, False, 0
1279,0, 480, False, 0
1280,0, 480, False, 0
1281,0, 480, False, 0
1282,0, 480, False, 0
1283,0, 480, False, 0
1284,0, 480, False, 0
1285,0, 480, False, 0
1286,0, 480, False, 0
1287,0, 480, False, 0
1288,0, 480, False, 0
1289,0, 480, False, 0
1290,0, 480, False, 0
1291,0, 480, False, 0
1292,0, 480, False, 0
1293,0, 480, False, 0
1294,0, 480, False, 0
1295,0, 480, False, 0
1296,0, 480, False, 0
1297,0, 480, False, 0
1298,0, 480, False, 0
1299,0, 480, False, 0
1300,0, 480, False, 0
1301,0, 480, False, 0
1302,0, 480, False, 0
1303,0, 480, False, 0
1304,200, 680, False, 0
1305,0, 680, False, 0
1306,0, 680, False, 0
1307,0, 680, False, 0
1308,0, 680, False, 0
1309,0, 680, False, 0
1310,0, 680, False, 0
1311,0, 680, False, 0
1312,0, 680, False, 0
1313,0, 680, False, 0
1314,0, 680, False, 2
1315,0, 680, False, 2
1316,0, 680, False, 2
1317,0, 680, False, 2
1318,0, 680, False, 2
1319,0, 680, False, 2
1320,0, 680, False, 2
1321,0, 680, False, 2
1322,0, 680, False, 2
1323,0, 680, False, 0
1324,0, 680, False, 0
1325,0, 680, False, 0
1326,0, 680, False, 0
1327,0, 680, False, 0
1328,0, 680, False, 0
1329,0, 680, False, 0
1330,0, 680, False, 0
1331,0, 680, False, 0
1332,0, 680, False, 0
1333,0, 680, False, 0
1334,0, 680, False, 0
1335,0, 680, False, 0
1336,0, 680, False, 0
1337,0, 680, False, 0
1338,0, 680, False, 0
1339,0, 680, False, 0
1340,0, 680, False, 0
1341,0, 680, False, 0
1342,0, 680, False, 0
1343,0, 680, False, 0
1344,0, 680, False, 0
1345,0, 680, False, 0
1346,0, 680, False, 0
1347,0, 680, False, 0
1348,0, 680, False, 0
1349,0, 680, False, 0
1350,0, 680, False, 0
1351,0, 680, False, 0
1352,0, 680, False, 0
1353,0, 680, False, 0
1354,0, 680, False, 0
1355,0, 680, False, 0
1356,0, 680, False, 0
1357,0, 680, False, 0
1358,0, 680, False, 0
1359,0, 680, False, 0
1360,0, 680, False, 0
1361,0, 680, False, 0
1362,0, 680, False, 0
1363,0, 680, False, 0
1364,0, 680, False, 0
1365,0, 680, False, 0
1366,0, 680, False, 0
1367,0, 680, False, 0
1368,0, 680, False, 0
1369,0, 680, False, 0
1370,0, 680, False, 0
1371,0, 680, False, 2
1372,0, 680, False, 2
1373,0, 680, False, 2
1374,0, 680, False, 2
1375,0, 680, False, 2
1376,0, 680, False, 2
1377,0, 680, False, 2
1378,0, 680, False, 2
1379,0, 680, False, 2
1380,0, 680, False, 0
1381,0, 680, False, 0
1382,0, 680, False, 0
1383,0, 680, False, 0
1384,0, 680, False, 0
1385,0, 680, False, 0
1386,0, 680, False, 0
1387,0, 680, False, 0
1388,0, 680, False, 0
1389,0, 680, False, 0
1390,0, 680, False, 0
1391,0, 680, False, 0
1392,0, 680, False, 0
1393,0, 680, False, 0
1394,0, 680, False, 0
1395,0, 680, False, 0
1396,0, 680, False, 0
1397,0, 680, False, 0
1398,0, 680, False, 0
1399,0, 680, False, 0
1400,0, 680, False, 0
1401,0, 680, False, 0
1402,0, 680, False, 0
1403,0, 680, False, 3
1404,0, 680, False, 3
1405,0, 680, False, 3
1406,0, 680, False, 3
1407,0, 680, False, 3
1408,0, 680, False, 3
1409,0, 680, False, 3
1410,0, 680, False, 3
1411,0, 680, False, 3
1412,0, 680, False, 3
1413,0, 680, False, 3
1414,0, 680, False, 3
1415,0, 680, False, 3
1416,0, 680, False, 3
1417,0, 680, False, 3
1418,0, 680, False, 3
1419,0, 680, False, 3
1420,0, 680, False, 3
1421,0, 680, False, 3
1422,0, 680, False, 3
1423,0, 680, False, 3
1424,0, 680, False, 3
1425,0, 680, False, 3
1426,0, 680, False, 3
1427,0, 680, False, 0
1428,0, 680, False, 0
1429,0, 680, False, 0
1430,0, 680, False, 0
1431,0, 680, False, 5
1432,0, 680, False, 5
1433,0, 680, False, 5
1434,0, 680, False, 5
1435,0, 680, False, 5
1436,0, 680, False, 5
1437,0, 680, False, 5
1438,0, 680, False, 5
1439,0, 680, False, 5
1440,0, 680, False, 5
1441,0, 680, False, 5
1442,10, 690, False, 5
1443,0, 690, False, 5
1444,0, 690, False, 5
1445,0, 690, False, 5
1446,0, 690, False, 5
1447,0, 690, False, 5
1448,0, 690, False, 5
1449,0, 690, False, 5
1450,0, 690, False, 5
1451,0, 690, False, 5
1452,0, 690, False, 5
1453,0, 690, False, 5
1454,0, 690, False, 5
1455,0, 690, False, 0
1456,10, 700, False, 0
1457,0, 700, False, 0
1458,0, 700, False, 0
1459,0, 700, False, 0
1460,0, 700, False, 0
1461,0, 700, False, 0
1462,0, 700, False, 0
1463,0, 700, False, 0
1464,0, 700, False, 0
1465,0, 700, False, 0
1466,0, 700, False, 0
1467,0, 700, False, 0
1468,0, 700, False, 0
1469,0, 700, False, 0
1470,10, 710, False, 0
1471,0, 710, False, 0
1472,0, 710, False, 0
1473,0, 710, False, 0
1474,0, 710, False, 0
1475,0, 710, False, 0
1476,0, 710, False, 0
1477,0, 710, False, 0
1478,0, 710, False, 0
1479,0, 710, False, 0
1480,0, 710, False, 0
1481,0, 710, False, 0
1482,0, 710, False, 0
1483,0, 710, False, 0
1484,10, 720, False, 0
1485,0, 720, False, 0
1486,0, 720, False, 3
1487,0, 720, False, 3
1488,0, 720, False, 3
1489,0, 720, False, 3
1490,0, 720, False, 3
1491,0, 720, False, 3
1492,0, 720, False, 3
1493,0, 720, False, 3
1494,0, 720, False, 3
1495,0, 720, False, 3
1496,0, 720, False, 3
1497,0, 720, False, 3
1498,10, 730, False, 3
1499,0, 730, False, 3
1500,0, 730, False, 3
1501,0, 730, False, 3
1502,0, 730, False, 3
1503,0, 730, False, 3
1504,0, 730, False, 3
1505,0, 730, False, 0
1506,0, 730, False, 0
1507,0, 730, False, 0
1508,0, 730, False, 0
1509,0, 730, False, 0
1510,0, 730, False, 0
1511,0, 730, False, 0
1512,10, 740, False, 0
1513,0, 740, False, 0
1514,0, 740, False, 0
1515,0, 740, False, 0
1516,0, 740, False, 0
1517,0, 740, False, 0
1518,0, 740, False, 0
1519,0, 740, False, 0
1520,0, 740, False, 0
1521,0, 740, False, 0
1522,0, 740, False, 0
1523,0, 740, False, 0
1524,10, 750, False, 0
1525,0, 750, False, 0
1526,0, 750, False, 0
1527,0, 750, False, 0
1528,0, 750, False, 0
1529,0, 750, False, 0
1530,0, 750, False, 0
1531,0, 750, False, 0
1532,0, 750, False, 0
1533,0, 750, False, 0
1534,0, 750, False, 0
1535,0, 750, False, 0
1536,0, 750, False, 0
1537,0, 750, False, 0
1538,10, 760, False, 0
1539,0, 760, False, 0
1540,0, 760, False, 0
1541,0, 760, False, 0
1542,0, 760, False, 0
1543,0, 760, False, 0
1544,0, 760, False, 0
1545,0, 760, False, 0
1546,0, 760, False, 0
1547,0, 760, False, 0
1548,0, 760, False, 0
1549,0, 760, False, 0
1550,0, 760, False, 0
1551,0, 760, False, 0
1552,10, 770, False, 0
1553,0, 770, False, 0
1554,0, 770, False, 0
1555,0, 770, False, 0
1556,0, 770, False, 0
1557,0, 770, False, 0
1558,0, 770, False, 0
1559,0, 770, False, 0
1560,0, 770, False, 0
1561,0, 770, False, 0
1562,0, 770, False, 0
1563,0, 770, False, 0
1564,0, 770, False, 0
1565,0, 770, False, 0
1566,0, 770, False, 0
1567,0, 770, False, 0
1568,0, 770, False, 0
1569,0, 770, False, 0
1570,10, 780, False, 0
1571,0, 780, False, 0
1572,0, 780, False, 0
1573,0, 780, False, 0
1574,0, 780, False, 0
1575,0, 780, False, 0
1576,0, 780, False, 0
1577,0, 780, False, 0
1578,0, 780, False, 0
1579,0, 780, False, 0
1580,0, 780, False, 0
1581,0, 780, False, 0
1582,0, 780, False, 0
1583,0, 780, False, 0
1584,10, 790, False, 0
1585,0, 790, False, 0
1586,0, 790, False, 0
1587,0, 790, False, 0
1588,0, 790, False, 0
1589,0, 790, False, 0
1590,0, 790, False, 0
1591,0, 790, False, 0
1592,0, 790, False, 0
1593,0, 790, False, 0
1594,0, 790, False, 0
1595,0, 790, False, 0
1596,10, 800, False, 0
1597,0, 800, False, 0
1598,0, 800, False, 0
1599,0, 800, False, 0
1600,0, 800, False, 0
1601,0, 800, False, 0
1602,0, 800, False, 0
1603,0, 800, False, 0
1604,0, 800, False, 0
1605,0, 800, False, 0
1606,0, 800, False, 0
1607,0, 800, False, 3
1608,0, 800, False, 3
1609,0, 800, False, 3
1610,10, 810, False, 3
1611,0, 810, False, 3
1612,0, 810, False, 3
1613,0, 810, False, 3
1614,0, 810, False, 3
1615,0, 810, False, 3
1616,0, 810, False, 3
1617,0, 810, False, 3
1618,0, 810, False, 3
1619,0, 810, False, 3
1620,0, 810, False, 3
1621,0, 810, False, 3
1622,0, 810, False, 3
1623,0, 810, False, 3
1624,10, 820, False, 3
1625,0, 820, False, 3
1626,0, 820, False, 3
1627,0, 820, False, 3
1628,0, 820, False, 3
1629,0, 820, False, 3
1630,0, 820, False, 3
1631,0, 820, False, 3
1632,0, 820, False, 3
1633,0, 820, False, 3
1634,0, 820, False, 3
1635,0, 820, False, 3
1636,10, 830, False, 3
1637,0, 830, False, 3
1638,0, 830, False, 3
1639,0, 830, False, 3
1640,0, 830, False, 3
1641,0, 830, False, 3
1642,0, 830, False, 3
1643,0, 830, False, 3
1644,0, 830, False, 3
1645,0, 830, False, 3
1646,0, 830, False, 3
1647,0, 830, False, 3
1648,0, 830, False, 3
1649,0, 830, False, 3
1650,0, 830, False, 3
1651,0, 830, False, 0
1652,0, 830, False, 0
1653,0, 830, False, 0
1654,0, 830, False, 0
1655,0, 830, False, 2
1656,0, 830, False, 2
1657,0, 830, False, 2
1658,0, 830, False, 2
1659,0, 830, False, 2
1660,0, 830, False, 2
1661,0, 830, False, 2
1662,0, 830, False, 2
1663,0, 830, False, 2
1664,0, 830, False, 2
1665,0, 830, False, 2
1666,10, 840, False, 2
1667,0, 840, False, 2
1668,0, 840, False, 2
1669,0, 840, False, 2
1670,0, 840, False, 2
1671,0, 840, False, 2
1672,0, 840, False, 2
1673,0, 840, False, 2
1674,0, 840, False, 2
1675,0, 840, False, 2
1676,0, 840, False, 2
1677,0, 840, False, 2
1678,0, 840, False, 2
1679,0, 840, False, 2
1680,10, 850, False, 2
1681,0, 850, False, 2
1682,0, 850, False, 2
1683,0, 850, False, 2
1684,0, 850, False, 2
1685,0, 850, False, 2
1686,0, 850, False, 2
1687,0, 850, False, 2
1688,0, 850, False, 2
1689,0, 850, False, 2
1690,0, 850, False, 2
1691,0, 850, False, 2
1692,0, 850, False, 2
1693,0, 850, False, 2
1694,10, 860, False, 0
1695,0, 860, False, 0
1696,0, 860, False, 0
1697,0, 860, False, 0
1698,0, 860, False, 0
1699,0, 860, False, 0
1700,0, 860, False, 3
1701,0, 860, False, 3
1702,0, 860, False, 3
1703,0, 860, False, 3
1704,0, 860, False, 3
1705,0, 860, False, 3
1706,0, 860, False, 3
1707,0, 860, False, 3
1708,10, 870, False, 3
1709,0, 870, False, 3
1710,0, 870, False, 3
1711,0, 870, False, 3
1712,0, 870, False, 3
1713,0, 870, False, 3
1714,0, 870, False, 3
1715,0, 870, False, 3
1716,0, 870, False, 3
1717,0, 870, False, 3
1718,0, 870, False, 3
1719,0, 870, False, 3
1720,10, 880, False, 3
1721,0, 880, False, 3
1722,0, 880, False, 0
1723,0, 880, False, 0
1724,0, 880, False, 0
1725,0, 880, False, 0
1726,0, 880, False, 0
1727,0, 880, False, 0
1728,0, 880, False, 0
1729,0, 880, False, 0
1730,0, 880, False, 0
1731,0, 880, False, 0
1732,10, 890, False, 0
1733,0, 890, False, 0
1734,0, 890, False, 0
1735,0, 890, False, 0
1736,0, 890, False, 0
1737,0, 890, False, 0
1738,0, 890, False, 0
1739,0, 890, False, 0
1740,0, 890, False, 0
1741,0, 890, False, 0
1742,0, 890, False, 0
1743,0, 890, False, 0
1744,0, 890, False, 0
1745,0, 890, False, 0
1746,10, 900, False, 0
1747,0, 900, False, 0
1748,0, 900, False, 0
1749,0, 900, False, 0
1750,0, 900, False, 0
1751,0, 900, False, 0
1752,0, 900, False, 0
1753,0, 900, False, 0
1754,0, 900, False, 5
1755,0, 900, False, 5
1756,0, 900, False, 5
1757,0, 900, False, 5
1758,0, 900, False, 5
1759,0, 900, False, 5
1760,50, 950, False, 5
1761,0, 950, False, 5
1762,0, 950, False, 5
1763,0, 950, False, 5
1764,0, 950, False, 5
1765,0, 950, False, 5
1766,0, 950, False, 5
1767,0, 950, False, 5
1768,0, 950, False, 5
1769,0, 950, False, 5
1770,0, 950, False, 5
1771,0, 950, False, 5
1772,0, 950, False, 5
1773,0, 950, False, 5
1774,10, 960, False, 5
1775,0, 960, False, 5
1776,0, 960, False, 5
1777,0, 960, False, 0
1778,0, 960, False, 0
1779,0, 960, False, 0
1780,0, 960, False, 4
1781,0, 960, False, 4
1782,0, 960, False, 4
1783,0, 960, False, 4
1784,0, 960, False, 4
1785,0, 960, False, 4
1786,0, 960, False, 4
1787,0, 960, False, 4
1788,0, 960, False, 4
1789,0, 960, False, 4
1790,10, 970, False, 4
1791,0, 970, False, 4
1792,0, 970, False, 0
1793,0, 970, False, 0
1794,0, 970, False, 0
1795,0, 970, False, 0
1796,0, 970, False, 0
1797,0, 970, False, 0
1798,0, 970, False, 0
1799,0, 970, False, 0
1800,0, 970, False, 5
1801,0, 970, False, 5
1802,0, 970, False, 5
1803,0, 970, False, 5
1804,10, 980, False, 5
1805,0, 980, False, 5
1806,0, 980, False, 5
1807,0, 980, False, 5
1808,0, 980, False, 5
1809,0, 980, False, 5
1810,0, 980, False, 5
1811,0, 980, False, 5
1812,0, 980, False, 5
1813,0, 980, False, 5
1814,0, 980, False, 5
1815,0, 980, False, 5
1816,0, 980, False, 5
1817,0, 980, False, 5
1818,0, 980, False, 5
1819,0, 980, False, 5
1820,0, 980, False, 0
1821,0, 980, False, 0
1822,0, 980, False, 0
1823,0, 980, False, 0
1824,0, 980, False, 0
1825,0, 980, False, 0
1826,0, 980, False, 0
1827,0, 980, False, 0
1828,0, 980, False, 0
1829,0, 980, False, 0
1830,0, 980, False, 0
1831,0, 980, False, 0
1832,0, 980, False, 0
1833,0, 980, False, 0
1834,0, 980, False, 0
1835,0, 980, False, 0
1836,0, 980, False, 0
1837,0, 980, False, 0
1838,0, 980, False, 0
1839,0, 980, False, 3
1840,0, 980, False, 3
1841,0, 980, False, 3
1842,0, 980, False, 3
1843,0, 980, False, 3
1844,0, 980, False, 3
1845,0, 980, False, 3
1846,0, 980, False, 3
1847,0, 980, False, 3
1848,0, 980, False, 3
1849,0, 980, False, 3
1850,0, 980, False, 0
1851,0, 980, False, 0
1852,0, 980, False, 0
1853,0, 980, False, 0
1854,0, 980, False, 0
1855,0, 980, False, 0
1856,0, 980, False, 0
1857,0, 980, False, 0
1858,0, 980, False, 0
1859,0, 980, False, 0
1860,0, 980, False, 2
1861,0, 980, False, 2
1862,0, 980, False, 2
1863,0, 980, False, 2
1864,0, 980, False, 2
1865,0, 980, False, 2
1866,0, 980, False, 2
1867,0, 980, False, 2
1868,0, 980, False, 2
1869,0, 980, False, 2
1870,0, 980, False, 2
1871,0, 980, False, 2
1872,0, 980, False, 0
1873,0, 980, False, 0
1874,0, 980, False, 0
1875,0, 980, False, 0
1876,0, 980, False, 0
1877,0, 980, False, 0
1878,0, 980, False, 0
1879,0, 980, False, 0
1880,0, 980, False, 0
1881,0, 980, False, 0
1882,0, 980, False, 3
1883,0, 980, False, 3
1884,0, 980, False, 3
1885,0, 980, False, 3
1886,0, 980, False, 3
1887,0, 980, False, 3
1888,0, 980, False, 3
1889,0, 980, False, 3
1890,0, 980, False, 3
1891,0, 980, False, 3
1892,0, 980, False, 3
1893,0, 980, False, 3
1894,0, 980, False, 3
1895,0, 980, False, 0
1896,0, 980, False, 0
1897,0, 980, False, 0
1898,0, 980, False, 0
1899,0, 980, False, 0
1900,0, 980, False, 0
1901,0, 980, False, 0
1902,0, 980, False, 0
1903,0, 980, False, 0
1904,0, 980, False, 0
1905,0, 980, False, 0
1906,0, 980, False, 0
1907,0, 980, False, 0
1908,0, 980, False, 0
1909,0, 980, False, 5
1910,0, 980, False, 5
1911,0, 980, False, 5
1912,0, 980, False, 5
1913,0, 980, False, 5
1914,0, 980, False, 5
1915,0, 980, False, 5
1916,0, 980, False, 5
1917,0, 980, False, 0
1918,0, 980, False, 0
1919,0, 980, False, 0
1920,0, 980, False, 0
1921,0, 980, False, 0
1922,0, 980, False, 0
1923,0, 980, False, 0
1924,0, 980, False, 0
1925,0, 980, False, 0
1926,0, 980, False, 0
1927,0, 980, False, 0
1928,0, 980, False, 0
1929,0, 980, False, 0
1930,0, 980, False, 0
1931,0, 980, False, 0
1932,0, 980, False, 0
1933,0, 980, False, 0
1934,0, 980, False, 0
1935,0, 980, False, 0
1936,0, 980, False, 0
1937,0, 980, False, 4
1938,0, 980, False, 4
1939,0, 980, False, 4
1940,0, 980, False, 4
1941,0, 980, False, 4
1942,0, 980, False, 0
1943,0, 980, False, 0
1944,0, 980, False, 0
1945,0, 980, False, 5
1946,0, 980, False, 5
1947,0, 980, False, 5
1948,0, 980, False, 5
1949,0, 980, False, 5
1950,0, 980, False, 5
1951,0, 980, False, 5
1952,0, 980, False, 5
1953,0, 980, False, 5
1954,0, 980, False, 0
1955,0, 980, False, 0
1956,10, 990, False, 0
1957,0, 990, False, 0
1958,0, 990, False, 0
1959,0, 990, False, 0
1960,0, 990, False, 0
1961,0, 990, False, 0
1962,0, 990, False, 0
1963,0, 990, False, 0
1964,0, 990, False, 0
1965,0, 990, False, 0
1966,0, 990, False, 0
1967,0, 990, False, 0
1968,0, 990, False, 0
1969,0, 990, False, 0
1970,10, 1000, False, 0
1971,0, 1000, False, 0
1972,0, 1000, False, 0
1973,0, 1000, False, 0
1974,0, 1000, False, 0
1975,0, 1000, False, 0
1976,0, 1000, False, 0
1977,0, 1000, False, 0
1978,0, 1000, False, 0
1979,0, 1000, False, 0
1980,0, 1000, False, 0
1981,0, 1000, False, 0
1982,0, 1000, False, 0
1983,0, 1000, False, 0
1984,10, 1010, False, 0
1985,0, 1010, False, 0
1986,0, 1010, False, 0
1987,0, 1010, False, 0
1988,0, 1010, False, 0
1989,0, 1010, False, 0
1990,0, 1010, False, 0
1991,0, 1010, False, 0
1992,0, 1010, False, 0
1993,0, 1010, False, 0
1994,0, 1010, False, 0
1995,0, 1010, False, 0
1996,0, 1010, False, 0
1997,0, 1010, False, 0
1998,10, 1020, False, 0
1999,0, 1020, False, 0
2000,0, 1020, False, 0
2001,0, 1020, False, 0
2002,0, 1020, False, 0
2003,0, 1020, False, 0
2004,0, 1020, False, 0
2005,0, 1020, False, 0
2006,0, 1020, False, 0
2007,0, 1020, False, 0
2008,0, 1020, False, 0
2009,0, 1020, False, 0
2010,0, 1020, False, 0
2011,0, 1020, False, 0
2012,10, 1030, False, 0
2013,0, 1030, False, 0
2014,0, 1030, False, 0
2015,0, 1030, False, 0
2016,0, 1030, False, 0
2017,0, 1030, False, 0
2018,0, 1030, False, 0
2019,0, 1030, False, 0
2020,0, 1030, False, 0
2021,0, 1030, False, 0
2022,0, 1030, False, 0
2023,0, 1030, False, 0
2024,0, 1030, False, 0
2025,0, 1030, False, 0
2026,10, 1040, False, 0
2027,0, 1040, False, 0
2028,0, 1040, False, 0
2029,0, 1040, False, 0
2030,0, 1040, False, 0
2031,0, 1040, False, 0
2032,0, 1040, False, 0
2033,0, 1040, False, 0
2034,0, 1040, False, 0
2035,0, 1040, False, 0
2036,0, 1040, False, 0
2037,0, 1040, False, 0
2038,0, 1040, False, 0
2039,0, 1040, False, 0
2040,10, 1050, False, 0
2041,0, 1050, False, 0
2042,0, 1050, False, 0
2043,0, 1050, False, 0
2044,0, 1050, False, 0
2045,0, 1050, False, 0
2046,0, 1050, False, 0
2047,0, 1050, False, 0
2048,0, 1050, False, 0
2049,0, 1050, False, 0
2050,0, 1050, False, 0
2051,0, 1050, False, 0
2052,0, 1050, False, 0
2053,0, 1050, False, 0
2054,10, 1060, False, 0
2055,0, 1060, False, 0
2056,0, 1060, False, 0
2057,0, 1060, False, 0
2058,0, 1060, False, 0
2059,0, 1060, False, 3
2060,0, 1060, False, 3
2061,0, 1060, False, 3
2062,0, 1060, False, 3
2063,0, 1060, False, 3
2064,0, 1060, False, 3
2065,0, 1060, False, 3
2066,0, 1060, False, 0
2067,0, 1060, False, 0
2068,10, 1070, False, 0
2069,0, 1070, False, 0
2070,0, 1070, False, 0
2071,0, 1070, False, 0
2072,0, 1070, False, 0
2073,0, 1070, False, 0
2074,0, 1070, False, 0
2075,0, 1070, False, 0
2076,0, 1070, False, 0
2077,0, 1070, False, 0
2078,0, 1070, False, 0
2079,0, 1070, False, 0
2080,0, 1070, False, 0
2081,0, 1070, False, 0
2082,0, 1070, False, 5
2083,0, 1070, False, 5
2084,0, 1070, False, 5
2085,0, 1070, False, 5
2086,0, 1070, False, 5
2087,0, 1070, False, 5
2088,0, 1070, False, 5
2089,0, 1070, False, 5
2090,10, 1080, False, 5
2091,0, 1080, False, 5
2092,0, 1080, False, 0
2093,0, 1080, False, 0
2094,0, 1080, False, 0
2095,0, 1080, False, 0
2096,0, 1080, False, 0
2097,0, 1080, False, 0
2098,0, 1080, False, 0
2099,0, 1080, False, 0
2100,0, 1080, False, 0
2101,0, 1080, False, 0
2102,0, 1080, False, 0
2103,0, 1080, False, 0
2104,0, 1080, False, 0
2105,0, 1080, False, 0
2106,50, 1130, False, 0
2107,0, 1130, False, 0
2108,0, 1130, False, 0
2109,0, 1130, False, 0
2110,0, 1130, False, 0
2111,0, 1130, False, 0
2112,0, 1130, False, 0
2113,0, 1130, False, 0
2114,0, 1130, False, 0
2115,0, 1130, False, 0
2116,10, 1140, False, 0
2117,0, 1140, False, 0
2118,0, 1140, False, 0
2119,0, 1140, False, 0
2120,0, 1140, False, 0
2121,0, 1140, False, 0
2122,0, 1140, False, 0
2123,0, 1140, False, 0
2124,0, 1140, False, 0
2125,0, 1140, False, 0
2126,0, 1140, False, 0
2127,0, 1140, False, 0
2128,0, 1140, False, 0
2129,0, 1140, False, 0
2130,0, 1140, False, 0
2131,0, 1140, False, 0
2132,0, 1140, False, 0
2133,0, 1140, False, 0
2134,0, 1140, False, 0
2135,0, 1140, False, 0
2136,0, 1140, False, 0
2137,0, 1140, False, 0
2138,0, 1140, False, 0
2139,0, 1140, False, 0
2140,0, 1140, False, 0
2141,0, 1140, False, 0
2142,0, 1140, False, 0
2143,0, 1140, False, 0
2144,0, 1140, False, 0
2145,0, 1140, False, 0
2146,0, 1140, False, 0
2147,0, 1140, False, 4
2148,0, 1140, False, 4
2149,0, 1140, False, 4
2150,0, 1140, False, 4
2151,0, 1140, False, 4
2152,0, 1140, False, 4
2153,0, 1140, False, 4
2154,0, 1140, False, 4
2155,0, 1140, False, 4
2156,10, 1150, False, 4
2157,0, 1150, False, 4
2158,0, 1150, False, 4
2159,0, 1150, False, 4
2160,0, 1150, False, 0
2161,0, 1150, False, 0
2162,0, 1150, False, 0
2163,0, 1150, False, 0
2164,0, 1150, False, 0
2165,0, 1150, False, 0
2166,0, 1150, False, 0
2167,0, 1150, False, 0
2168,10, 1160, False, 0
2169,0, 1160, False, 0
2170,0, 1160, False, 0
2171,0, 1160, False, 0
2172,0, 1160, False, 0
2173,0, 1160, False, 0
2174,0, 1160, False, 0
2175,0, 1160, False, 0
2176,0, 1160, False, 0
2177,0, 1160, False, 0
2178,0, 1160, False, 0
2179,0, 1160, False, 0
2180,0, 1160, False, 0
2181,0, 1160, False, 0
2182,10, 1170, False, 0
2183,0, 1170, False, 0
2184,0, 1170, False, 0
2185,0, 1170, False, 0
2186,0, 1170, False, 0
2187,0, 1170, False, 0
2188,0, 1170, False, 0
2189,0, 1170, False, 0
2190,0, 1170, False, 0
2191,0, 1170, False, 0
2192,0, 1170, False, 0
2193,0, 1170, False, 0
2194,0, 1170, False, 0
2195,0, 1170, False, 0
2196,10, 1180, False, 0
2197,0, 1180, False, 0
2198,0, 1180, False, 0
2199,0, 1180, False, 0
2200,0, 1180, False, 0
2201,0, 1180, False, 0
2202,0, 1180, False, 0
2203,0, 1180, False, 0
2204,0, 1180, False, 0
2205,0, 1180, False, 0
2206,0, 1180, False, 0
2207,0, 1180, False, 0
2208,10, 1190, False, 0
2209,0, 1190, False, 0
2210,0, 1190, False, 0
2211,0, 1190, False, 0
2212,0, 1190, False, 0
2213,0, 1190, False, 0
2214,0, 1190, False, 0
2215,0, 1190, False, 0
2216,0, 1190, False, 0
2217,0, 1190, False, 0
2218,0, 1190, False, 0
2219,0, 1190, False, 0
2220,0, 1190, False, 0
2221,0, 1190, False, 0
2222,10, 1200, False, 0
2223,0, 1200, False, 0
2224,0, 1200, False, 0
2225,0, 1200, False, 0
2226,0, 1200, False, 0
2227,0, 1200, False, 0
2228,0, 1200, False, 0
2229,0, 1200, False, 0
2230,0, 1200, False, 2
2231,0, 1200, False, 2
2232,0, 1200, False, 2
2233,0, 1200, False, 2
2234,0, 1200, False, 2
2235,0, 1200, False, 2
2236,10, 1210, False, 2
2237,0, 1210, False, 2
2238,0, 1210, False, 2
2239,0, 1210, False, 2
2240,0, 1210, False, 2
2241,0, 1210, False, 2
2242,0, 1210, False, 2
2243,0, 1210, False, 0
2244,0, 1210, False, 0
2245,0, 1210, False, 0
2246,0, 1210, False, 0
2247,0, 1210, False, 0
2248,0, 1210, False, 0
2249,0, 1210, False, 0
2250,10, 1220, False, 0
2251,0, 1220, False, 0
2252,0, 1220, False, 0
2253,0, 1220, False, 0
2254,0, 1220, False, 0
2255,0, 1220, False, 0
2256,0, 1220, False, 0
2257,0, 1220, False, 0
2258,0, 1220, False, 0
2259,0, 1220, False, 0
2260,0, 1220, False, 0
2261,0, 1220, False, 0
2262,0, 1220, False, 0
2263,0, 1220, False, 0
2264,10, 1230, False, 0
2265,0, 1230, False, 0
2266,0, 1230, False, 0
2267,0, 1230, False, 0
2268,0, 1230, False, 0
2269,0, 1230, False, 0
2270,0, 1230, False, 0
2271,0, 1230, False, 0
2272,0, 1230, False, 0
2273,0, 1230, False, 0
2274,0, 1230, False, 0
2275,0, 1230, False, 0
2276,0, 1230, False, 0
2277,0, 1230, False, 0
2278,10, 1240, False, 0
2279,0, 1240, False, 0
2280,0, 1240, False, 0
2281,0, 1240, False, 0
2282,0, 1240, False, 0
2283,0, 1240, False, 0
2284,0, 1240, False, 0
2285,0, 1240, False, 0
2286,0, 1240, False, 0
2287,0, 1240, False, 0
2288,0, 1240, False, 0
2289,0, 1240, False, 0
2290,0, 1240, False, 0
2291,0, 1240, False, 0
2292,10, 1250, False, 0
2293,0, 1250, False, 0
2294,0, 1250, False, 0
2295,0, 1250, False, 4
2296,0, 1250, False, 4
2297,0, 1250, False, 4
2298,0, 1250, False, 4
2299,0, 1250, False, 4
2300,0, 1250, False, 4
2301,0, 1250, False, 4
2302,0, 1250, False, 4
2303,0, 1250, False, 4
2304,0, 1250, False, 4
2305,0, 1250, False, 4
2306,10, 1260, False, 4
2307,0, 1260, False, 4
2308,0, 1260, False, 4
2309,0, 1260, False, 4
2310,0, 1260, False, 4
2311,0, 1260, False, 4
2312,0, 1260, False, 4
2313,0, 1260, False, 4
2314,0, 1260, False, 4
2315,0, 1260, False, 0
2316,0, 1260, False, 0
2317,0, 1260, False, 0
2318,10, 1270, False, 0
2319,0, 1270, False, 0
2320,0, 1270, False, 0
2321,0, 1270, False, 0
2322,0, 1270, False, 0
2323,0, 1270, False, 0
2324,0, 1270, False, 0
2325,0, 1270, False, 0
2326,0, 1270, False, 0
2327,0, 1270, False, 0
2328,100, 1370, False, 0
2329,0, 1370, False, 0
2330,0, 1370, False, 0
2331,0, 1370, False, 0
2332,0, 1370, False, 0
2333,0, 1370, False, 0
2334,0, 1370, False, 0
2335,0, 1370, False, 0
2336,0, 1370, False, 0
2337,0, 1370, False, 0
2338,0, 1370, False, 0
2339,0, 1370, False, 0
2340,0, 1370, False, 0
2341,0, 1370, False, 0
2342,0, 1370, False, 0
2343,0, 1370, False, 0
2344,0, 1370, False, 0
2345,0, 1370, False, 0
2346,0, 1370, False, 0
2347,0, 1370, False, 0
2348,0, 1370, False, 0
2349,0, 1370, False, 0
2350,0, 1370, False, 0
2351,0, 1370, False, 0
2352,0, 1370, False, 0
2353,0, 1370, False, 0
2354,0, 1370, False, 0
2355,0, 1370, False, 0
2356,0, 1370, False, 0
2357,0, 1370, False, 0
2358,0, 1370, False, 0
2359,0, 1370, False, 0
2360,0, 1370, False, 0
2361,0, 1370, False, 0
2362,0, 1370, False, 0
2363,0, 1370, False, 0
2364,0, 1370, False, 0
2365,0, 1370, False, 0
2366,0, 1370, False, 0
2367,0, 1370, False, 0
2368,0, 1370, False, 0
2369,0, 1370, False, 0
2370,0, 1370, False, 0
2371,0, 1370, False, 0
2372,0, 1370, False, 0
2373,0, 1370, False, 0
2374,0, 1370, False, 0
2375,0, 1370, False, 0
2376,0, 1370, False, 0
2377,0, 1370, False, 0
2378,0, 1370, False, 0
2379,0, 1370, False, 0
2380,0, 1370, False, 0
2381,0, 1370, False, 0
2382,0, 1370, False, 0
2383,0, 1370, False, 0
2384,0, 1370, False, 0
2385,0, 1370, False, 0
2386,0, 1370, False, 0
2387,0, 1370, False, 0
2388,0, 1370, False, 0
2389,0, 1370, False, 0
2390,0, 1370, False, 5
2391,0, 1370, False, 5
2392,0, 1370, False, 5
2393,0, 1370, False, 5
2394,0, 1370, False, 5
2395,0, 1370, False, 5
2396,0, 1370, False, 5
2397,0, 1370, False, 5
2398,0, 1370, False, 5
2399,0, 1370, False, 0
2400,0, 1370, False, 0
2401,0, 1370, False, 0
2402,0, 1370, False, 0
2403,0, 1370, False, 0
2404,0, 1370, False, 0
2405,0, 1370, False, 0
2406,0, 1370, False, 0
2407,0, 1370, False, 0
2408,0, 1370, False, 0
2409,0, 1370, False, 0
2410,0, 1370, False, 0
2411,0, 1370, False, 0
2412,0, 1370, False, 0
2413,0, 1370, False, 0
2414,0, 1370, False, 0
2415,0, 1370, False, 0
2416,0, 1370, False, 0
2417,0, 1370, False, 0
2418,0, 1370, False, 0
2419,0, 1370, False, 0
2420,0, 1370, False, 0
2421,0, 1370, False, 0
2422,0, 1370, False, 0
2423,0, 1370, False, 0
2424,0, 1370, False, 0
2425,0, 1370, False, 0
2426,0, 1370, False, 0
2427,0, 1370, False, 0
2428,0, 1370, False, 2
2429,0, 1370, False, 2
2430,0, 1370, False, 2
2431,0, 1370, False, 2
2432,0, 1370, False, 2
2433,0, 1370, False, 2
2434,0, 1370, False, 2
2435,0, 1370, False, 2
2436,0, 1370, False, 2
2437,0, 1370, False, 2
2438,0, 1370, False, 0
2439,0, 1370, False, 0
2440,0, 1370, False, 0
2441,0, 1370, False, 0
2442,0, 1370, False, 0
2443,0, 1370, False, 0
2444,0, 1370, False, 0
2445,0, 1370, False, 0
2446,0, 1370, False, 0
2447,0, 1370, False, 0
2448,0, 1370, False, 0
2449,0, 1370, False, 0
2450,0, 1370, False, 0
2451,0, 1370, False, 0
2452,0, 1370, False, 0
2453,0, 1370, False, 0
2454,0, 1370, False, 0
2455,0, 1370, False, 0
2456,0, 1370, False, 0
2457,0, 1370, False, 0
2458,0, 1370, False, 0
2459,0, 1370, False, 0
2460,0, 1370, False, 0
2461,0, 1370, False, 4
2462,0, 1370, False, 4
2463,0, 1370, False, 4
2464,0, 1370, False, 4
2465,0, 1370, False, 4
2466,0, 1370, False, 4
2467,0, 1370, False, 4
2468,0, 1370, False, 4
2469,0, 1370, False, 4
2470,0, 1370, False, 0
2471,0, 1370, False, 0
2472,0, 1370, False, 0
2473,0, 1370, False, 0
2474,0, 1370, False, 0
2475,0, 1370, False, 0
2476,0, 1370, False, 0
2477,0, 1370, False, 0
2478,0, 1370, False, 0
2479,0, 1370, False, 0
2480,0, 1370, False, 0
2481,0, 1370, False, 0
2482,0, 1370, False, 0
2483,0, 1370, False, 0
2484,0, 1370, False, 5
2485,0, 1370, False, 5
2486,0, 1370, False, 5
2487,0, 1370, False, 5
2488,0, 1370, False, 5
2489,0, 1370, False, 5
2490,0, 1370, False, 5
2491,0, 1370, False, 5
2492,0, 1370, False, 5
2493,0, 1370, False, 0
2494,10, 1380, False, 0
2495,0, 1380, False, 0
2496,0, 1380, False, 0
2497,0, 1380, False, 0
2498,0, 1380, False, 0
2499,0, 1380, False, 0
2500,0, 1380, False, 0
2501,0, 1380, False, 0
2502,0, 1380, False, 0
2503,0, 1380, False, 0
2504,0, 1380, False, 0
2505,0, 1380, False, 0
2506,0, 1380, False, 0
2507,0, 1380, False, 0
2508,0, 1380, False, 0
2509,0, 1380, False, 0
2510,0, 1380, False, 0
2511,0, 1380, False, 0
2512,0, 1380, False, 0
2513,0, 1380, False, 0
2514,0, 1380, False, 0
2515,0, 1380, False, 0
2516,0, 1380, False, 0
2517,0, 1380, False, 0
2518,0, 1380, False, 0
2519,0, 1380, False, 0
2520,10, 1390, False, 0
2521,0, 1390, False, 0
2522,0, 1390, False, 0
2523,0, 1390, False, 0
2524,0, 1390, False, 0
2525,0, 1390, False, 0
2526,0, 1390, False, 0
2527,0, 1390, False, 0
2528,0, 1390, False, 0
2529,0, 1390, False, 0
2530,0, 1390, False, 0
2531,0, 1390, False, 0
2532,0, 1390, False, 0
2533,0, 1390, False, 0
2534,10, 1400, False, 0
2535,0, 1400, False, 0
2536,0, 1400, False, 0
2537,0, 1400, False, 0
2538,0, 1400, False, 0
2539,0, 1400, False, 0
2540,0, 1400, False, 0
2541,0, 1400, False, 0
2542,0, 1400, False, 2
2543,0, 1400, False, 2
2544,0, 1400, False, 2
2545,0, 1400, False, 2
2546,0, 1400, False, 2
2547,0, 1400, False, 2
2548,0, 1400, False, 2
2549,0, 1400, False, 2
2550,0, 1400, False, 2
2551,0, 1400, False, 2
2552,0, 1400, False, 2
2553,0, 1400, False, 0
2554,0, 1400, False, 0
2555,0, 1400, False, 0
2556,0, 1400, False, 0
2557,0, 1400, False, 0
2558,0, 1400, False, 0
2559,0, 1400, False, 0
2560,0, 1400, False, 0
2561,0, 1400, False, 0
2562,0, 1400, False, 0
2563,0, 1400, False, 0
2564,0, 1400, False, 0
2565,0, 1400, False, 0
2566,0, 1400, False, 0
2567,0, 1400, False, 0
2568,0, 1400, False, 0
2569,0, 1400, False, 0
2570,0, 1400, False, 0
2571,0, 1400, False, 0
2572,0, 1400, False, 0
2573,0, 1400, False, 0
2574,0, 1400, False, 0
2575,0, 1400, False, 0
2576,0, 1400, False, 0
2577,0, 1400, False, 0
2578,0, 1400, False, 0
2579,0, 1400, False, 0
2580,0, 1400, False, 0
2581,0, 1400, False, 0
2582,0, 1400, False, 0
2583,0, 1400, False, 0
2584,0, 1400, False, 0
2585,0, 1400, False, 3
2586,0, 1400, False, 3
2587,0, 1400, False, 3
2588,0, 1400, False, 3
2589,0, 1400, False, 3
2590,0, 1400, False, 3
2591,0, 1400, False, 3
2592,0, 1400, False, 3
2593,0, 1400, False, 3
2594,0, 1400, False, 3
2595,0, 1400, False, 3
2596,0, 1400, False, 3
2597,0, 1400, False, 3
2598,0, 1400, False, 0
2599,0, 1400, False, 0
2600,0, 1400, False, 0
2601,0, 1400, False, 0
2602,0, 1400, False, 0
2603,0, 1400, False, 0
2604,0, 1400, False, 0
2605,0, 1400, False, 0
2606,0, 1400, False, 0
2607,0, 1400, False, 0
2608,0, 1400, False, 0
2609,0, 1400, False, 2
2610,0, 1400, False, 2
2611,0, 1400, False, 2
2612,0, 1400, False, 2
2613,0, 1400, False, 2
2614,0, 1400, False, 2
2615,0, 1400, False, 2
2616,0, 1400, False, 0
2617,0, 1400, False, 0
2618,0, 1400, False, 0
2619,0, 1400, False, 0
2620,0, 1400, False, 0
2621,0, 1400, False, 0
2622,0, 1400, False, 0
2623,0, 1400, False, 0
2624,0, 1400, False, 0
2625,0, 1400, False, 0
2626,0, 1400, False, 0
2627,0, 1400, False, 0
2628,0, 1400, False, 0
2629,0, 1400, False, 0
2630,0, 1400, False, 0
2631,0, 1400, False, 0
2632,0, 1400, False, 0
2633,0, 1400, False, 0
2634,0, 1400, False, 0
2635,0, 1400, False, 0
2636,0, 1400, False, 0
2637,0, 1400, False, 0
2638,0, 1400, False, 0
2639,0, 1400, False, 0
2640,0, 1400, False, 2
2641,0, 1400, False, 2
2642,0, 1400, False, 2
2643,0, 1400, False, 2
2644,0, 1400, False, 0
2645,0, 1400, False, 0
2646,0, 1400, False, 0
2647,0, 1400, False, 0
2648,0, 1400, False, 0
2649,0, 1400, False, 0
2650,0, 1400, False, 0
2651,0, 1400, False, 0
2652,0, 1400, False, 0
2653,0, 1400, False, 0
2654,0, 1400, False, 0
2655,0, 1400, False, 0
2656,0, 1400, False, 0
2657,0, 1400, False, 0
2658,0, 1400, False, 0
2659,0, 1400, False, 0
2660,0, 1400, False, 0
2661,0, 1400, False, 0
2662,0, 1400, False, 0
2663,0, 1400, False, 0
2664,0, 1400, False, 0
2665,0, 1400, False, 0
2666,0, 1400, False, 0
2667,0, 1400, False, 0
2668,0, 1400, False, 0
2669,0, 1400, False, 0
2670,0, 1400, False, 0
2671,0, 1400, False, 0
2672,0, 1400, False, 0
2673,0, 1400, False, 0
2674,0, 1400, False, 0
2675,0, 1400, False, 0
2676,0, 1400, False, 0
2677,0, 1400, False, 0
2678,0, 1400, False, 0
2679,0, 1400, False, 0
2680,0, 1400, False, 0
2681,0, 1400, False, 0
2682,0, 1400, False, 0
2683,0, 1400, False, 0
2684,0, 1400, False, 0
2685,0, 1400, False, 0
2686,0, 1400, False, 0
2687,0, 1400, False, 0
2688,0, 1400, False, 0
2689,0, 1400, False, 0
2690,0, 1400, False, 0
2691,0, 1400, False, 0
2692,0, 1400, False, 0
2693,0, 1400, False, 0
2694,0, 1400, False, 0
2695,0, 1400, False, 0
2696,0, 1400, False, 0
2697,0, 1400, False, 0
2698,0, 1400, False, 0
2699,0, 1400, False, 0
2700,0, 1400, False, 0
2701,0, 1400, False, 0
2702,0, 1400, False, 0
2703,0, 1400, False, 0
2704,0, 1400, False, 0
2705,0, 1400, False, 0
2706,0, 1400, False, 0
2707,0, 1400, False, 0
2708,0, 1400, False, 0
2709,0, 1400, False, 0
2710,0, 1400, False, 0
2711,0, 1400, False, 0
2712,0, 1400, False, 0
2713,0, 1400, False, 0
2714,0, 1400, False, 0
2715,0, 1400, False, 0
2716,0, 1400, False, 0
2717,0, 1400, False, 0
2718,0, 1400, False, 0
2719,0, 1400, False, 0
2720,0, 1400, False, 0
2721,0, 1400, False, 0
2722,0, 1400, False, 0
2723,0, 1400, False, 0
2724,0, 1400, False, 0
2725,0, 1400, False, 0
2726,0, 1400, False, 0
2727,0, 1400, False, 0
2728,0, 1400, False, 0
2729,0, 1400, False, 0
2730,0, 1400, False, 0
2731,0, 1400, False, 0
2732,0, 1400, False, 0
2733,0, 1400, False, 0
2734,0, 1400, False, 0
2735,0, 1400, False, 0
2736,0, 1400, False, 0
2737,0, 1400, False, 0
2738,0, 1400, False, 0
2739,0, 1400, False, 0
2740,0, 1400, False, 0
2741,0, 1400, False, 0
2742,0, 1400, False, 0
2743,0, 1400, False, 0
2744,0, 1400, False, 0
2745,0, 1400, False, 0
2746,0, 1400, False, 0
2747,0, 1400, False, 0
2748,0, 1400, False, 0
2749,0, 1400, False, 0
2750,0, 1400, False, 0
2751,0, 1400, False, 0
2752,0, 1400, False, 0
2753,0, 1400, False, 0
2754,0, 1400, False, 0
2755,0, 1400, False, 0
2756,0, 1400, False, 0
2757,0, 1400, False, 0
2758,0, 1400, False, 0
2759,0, 1400, False, 0
2760,0, 1400, False, 0
2761,0, 1400, False, 0
2762,0, 1400, False, 0
2763,0, 1400, False, 4
2764,0, 1400, False, 4
2765,0, 1400, False, 4
2766,0, 1400, False, 4
2767,0, 1400, False, 4
2768,0, 1400, False, 4
2769,0, 1400, False, 0
2770,0, 1400, False, 0
2771,0, 1400, False, 0
2772,0, 1400, False, 0
2773,0, 1400, False, 0
2774,0, 1400, False, 0
2775,0, 1400, False, 0
2776,0, 1400, False, 0
2777,0, 1400, False, 0
2778,0, 1400, False, 0
2779,0, 1400, False, 0
2780,0, 1400, False, 0
2781,0, 1400, False, 0
2782,0, 1400, False, 0
2783,0, 1400, False, 0
2784,0, 1400, False, 0
2785,0, 1400, False, 0
2786,0, 1400, False, 0
2787,0, 1400, False, 0
2788,0, 1400, False, 0
2789,0, 1400, False, 0
2790,0, 1400, False, 4
2791,0, 1400, False, 4
2792,0, 1400, False, 4
2793,0, 1400, False, 4
2794,0, 1400, False, 4
2795,0, 1400, False, 4
2796,0, 1400, False, 4
2797,0, 1400, False, 0
2798,0, 1400, False, 0
2799,0, 1400, False, 0
2800,0, 1400, False, 0
2801,0, 1400, False, 0
2802,0, 1400, False, 0
2803,0, 1400, False, 0
2804,0, 1400, False, 0
2805,0, 1400, False, 0
2806,0, 1400, False, 0
2807,0, 1400, False, 0
2808,0, 1400, False, 0
2809,0, 1400, False, 0
2810,0, 1400, False, 0
2811,0, 1400, False, 0
2812,0, 1400, False, 0
2813,0, 1400, False, 0
2814,0, 1400, False, 0
2815,0, 1400, False, 0
2816,0, 1400, False, 0
2817,0, 1400, False, 0
2818,0, 1400, False, 0
2819,0, 1400, False, 0
2820,0, 1400, False, 0
2821,0, 1400, False, 0
2822,0, 1400, False, 0
2823,0, 1400, False, 0
2824,0, 1400, False, 0
2825,0, 1400, False, 0
2826,0, 1400, False, 0
2827,0, 1400, False, 0
2828,0, 1400, False, 0
2829,0, 1400, False, 0
2830,0, 1400, False, 0
2831,0, 1400, False, 0
2832,0, 1400, False, 4
2833,0, 1400, False, 4
2834,0, 1400, False, 4
2835,0, 1400, False, 4
2836,0, 1400, False, 4
2837,0, 1400, False, 4
2838,0, 1400, False, 4
2839,0, 1400, False, 0
2840,0, 1400, False, 0
2841,0, 1400, False, 0
2842,0, 1400, False, 0
2843,0, 1400, False, 0
2844,0, 1400, False, 0
2845,0, 1400, False, 0
2846,0, 1400, False, 0
2847,0, 1400, False, 0
2848,0, 1400, False, 0
2849,0, 1400, False, 0
2850,0, 1400, False, 0
2851,0, 1400, False, 0
2852,0, 1400, False, 0
2853,0, 1400, False, 0
2854,0, 1400, False, 0
2855,0, 1400, False, 0
2856,0, 1400, False, 0
2857,0, 1400, False, 2
2858,0, 1400, False, 2
2859,0, 1400, False, 2
2860,0, 1400, False, 2
2861,0, 1400, False, 2
2862,0, 1400, False, 2
2863,0, 1400, False, 0
2864,0, 1400, False, 0
2865,0, 1400, False, 0
2866,0, 1400, False, 0
2867,0, 1400, False, 0
2868,0, 1400, False, 0
2869,0, 1400, False, 0
2870,0, 1400, False, 0
2871,0, 1400, False, 0
2872,10, 1410, False, 0
2873,0, 1410, False, 0
2874,0, 1410, False, 0
2875,0, 1410, False, 0
2876,0, 1410, False, 0
2877,0, 1410, False, 0
2878,0, 1410, False, 0
2879,0, 1410, False, 0
2880,0, 1410, False, 0
2881,0, 1410, False, 0
2882,0, 1410, False, 0
2883,0, 1410, False, 0
2884,0, 1410, False, 0
2885,0, 1410, False, 0
2886,10, 1420, False, 0
2887,0, 1420, False, 0
2888,0, 1420, False, 0
2889,0, 1420, False, 0
2890,0, 1420, False, 0
2891,0, 1420, False, 0
2892,0, 1420, False, 0
2893,0, 1420, False, 0
2894,0, 1420, False, 0
2895,0, 1420, False, 0
2896,0, 1420, False, 0
2897,0, 1420, False, 0
2898,0, 1420, False, 0
2899,0, 1420, False, 0
2900,0, 1420, False, 0
2901,0, 1420, False, 0
2902,0, 1420, False, 0
2903,0, 1420, False, 0
2904,0, 1420, False, 0
2905,0, 1420, False, 0
2906,0, 1420, False, 0
2907,0, 1420, False, 0
2908,0, 1420, False, 0
2909,0, 1420, False, 0
2910,0, 1420, False, 0
2911,0, 1420, False, 0
2912,0, 1420, False, 0
2913,0, 1420, False, 0
2914,0, 1420, False, 0
2915,0, 1420, False, 0
2916,0, 1420, False, 0
2917,0, 1420, False, 0
2918,0, 1420, False, 0
2919,0, 1420, False, 0
2920,0, 1420, False, 0
2921,0, 1420, False, 0
2922,0, 1420, False, 0
2923,0, 1420, False, 0
2924,0, 1420, False, 0
2925,0, 1420, False, 0
2926,0, 1420, False, 0
2927,0, 1420, False, 0
2928,0, 1420, False, 0
2929,0, 1420, False, 0
2930,0, 1420, False, 0
2931,0, 1420, False, 0
2932,0, 1420, False, 0
2933,0, 1420, False, 0
2934,0, 1420, False, 0
2935,0, 1420, False, 0
2936,0, 1420, False, 0
2937,0, 1420, False, 0
2938,0, 1420, False, 0
2939,0, 1420, False, 0
2940,0, 1420, False, 0
2941,0, 1420, False, 0
2942,0, 1420, False, 0
2943,0, 1420, False, 0
2944,0, 1420, False, 0
2945,0, 1420, False, 0
2946,0, 1420, False, 0
2947,0, 1420, False, 0
2948,0, 1420, False, 0
2949,0, 1420, False, 0
2950,0, 1420, False, 0
2951,0, 1420, False, 0
2952,0, 1420, False, 0
2953,0, 1420, False, 0
2954,0, 1420, False, 0
2955,0, 1420, False, 0
2956,0, 1420, False, 0
2957,0, 1420, False, 0
2958,0, 1420, False, 0
2959,0, 1420, False, 0
2960,0, 1420, False, 0
2961,0, 1420, False, 0
2962,0, 1420, False, 0
2963,0, 1420, False, 0
2964,0, 1420, False, 0
2965,0, 1420, False, 0
2966,0, 1420, False, 0
2967,0, 1420, False, 0
2968,0, 1420, False, 0
2969,0, 1420, False, 0
2970,0, 1420, False, 0
2971,0, 1420, False, 0
2972,0, 1420, False, 0
2973,0, 1420, False, 0
2974,0, 1420, False, 0
2975,0, 1420, False, 0
2976,0, 1420, False, 0
2977,0, 1420, False, 0
2978,0, 1420, False, 0
2979,0, 1420, False, 0
2980,0, 1420, False, 0
2981,0, 1420, False, 0
2982,0, 1420, False, 0
2983,0, 1420, False, 0
2984,0, 1420, False, 0
2985,0, 1420, False, 0
2986,0, 1420, False, 0
2987,0, 1420, False, 0
2988,0, 1420, False, 0
2989,0, 1420, False, 0
2990,0, 1420, False, 0
2991,0, 1420, False, 0
2992,0, 1420, False, 0
2993,0, 1420, False, 0
2994,0, 1420, False, 0
2995,0, 1420, False, 0
2996,0, 1420, False, 0
2997,0, 1420, False, 0
2998,0, 1420, False, 0
2999,0, 1420, False, 0
3000,0, 1420, False, 0
3001,0, 1420, False, 0
3002,0, 1420, False, 0
3003,0, 1420, False, 0
3004,0, 1420, False, 0
3005,0, 1420, False, 0
3006,0, 1420, False, 0
3007,0, 1420, False, 0
3008,0, 1420, False, 0
3009,0, 1420, False, 0
3010,0, 1420, False, 0
3011,0, 1420, False, 0
3012,0, 1420, False, 0
3013,0, 1420, False, 0
3014,0, 1420, False, 0
3015,0, 1420, False, 0
3016,0, 1420, False, 0
3017,0, 1420, False, 0
3018,0, 1420, False, 0
3019,0, 1420, False, 0
3020,0, 1420, False, 0
3021,0, 1420, False, 0
3022,0, 1420, False, 0
3023,0, 1420, False, 0
3024,0, 1420, False, 0
3025,0, 1420, False, 0
3026,0, 1420, False, 0
3027,0, 1420, False, 0
3028,0, 1420, False, 0
3029,0, 1420, False, 0
3030,0, 1420, False, 0
3031,0, 1420, False, 0
3032,0, 1420, False, 0
3033,0, 1420, False, 0
3034,0, 1420, False, 0
3035,0, 1420, False, 0
3036,0, 1420, False, 0
3037,0, 1420, False, 0
3038,0, 1420, False, 0
3039,0, 1420, False, 0
3040,0, 1420, False, 0
3041,0, 1420, False, 0
3042,0, 1420, False, 0
3043,0, 1420, False, 0
3044,0, 1420, False, 0
3045,0, 1420, False, 0
3046,0, 1420, False, 0
3047,0, 1420, False, 0
3048,0, 1420, False, 0
3049,0, 1420, False, 0
3050,0, 1420, False, 0
3051,0, 1420, False, 0
3052,0, 1420, False, 0
3053,0, 1420, False, 0
3054,0, 1420, False, 0
3055,0, 1420, False, 0
3056,0, 1420, False, 0
3057,0, 1420, False, 0
3058,0, 1420, False, 0
3059,0, 1420, False, 0
3060,0, 1420, False, 0
3061,0, 1420, False, 0
3062,0, 1420, False, 0
3063,0, 1420, False, 0
3064,0, 1420, False, 0
3065,0, 1420, False, 0
3066,0, 1420, False, 0
3067,0, 1420, False, 0
3068,0, 1420, False, 0
3069,0, 1420, False, 0
3070,0, 1420, False, 0
3071,0, 1420, False, 0
3072,0, 1420, False, 0
3073,0, 1420, False, 0
3074,0, 1420, False, 0
3075,0, 1420, False, 0
3076,0, 1420, False, 0
3077,0, 1420, False, 0
3078,0, 1420, False, 0
3079,0, 1420, False, 0
3080,0, 1420, False, 0
3081,0, 1420, False, 0
3082,0, 1420, False, 0
3083,0, 1420, False, 0
3084,0, 1420, False, 0
3085,0, 1420, False, 0
3086,0, 1420, False, 0
3087,0, 1420, False, 0
3088,0, 1420, False, 0
3089,0, 1420, False, 0
3090,0, 1420, False, 0
3091,0, 1420, False, 0
3092,0, 1420, False, 0
3093,0, 1420, False, 0
3094,0, 1420, False, 0
3095,0, 1420, False, 0
3096,0, 1420, False, 0
3097,0, 1420, False, 0
3098,0, 1420, False, 0
3099,0, 1420, False, 0
3100,0, 1420, False, 0
3101,0, 1420, False, 0
3102,0, 1420, False, 0
3103,0, 1420, False, 0
3104,0, 1420, False, 0
3105,0, 1420, False, 0
3106,0, 1420, False, 0
3107,0, 1420, False, 0
3108,0, 1420, False, 0
3109,0, 1420, False, 0
3110,0, 1420, False, 0
3111,0, 1420, False, 0
3112,0, 1420, False, 0
3113,0, 1420, False, 0
3114,0, 1420, False, 0
3115,0, 1420, False, 5
3116,0, 1420, False, 5
3117,0, 1420, False, 5
3118,0, 1420, False, 5
3119,0, 1420, False, 5
3120,0, 1420, False, 0
3121,0, 1420, False, 0
3122,0, 1420, False, 0
3123,0, 1420, False, 0
3124,0, 1420, False, 0
3125,0, 1420, False, 0
3126,0, 1420, False, 0
3127,0, 1420, False, 0
3128,0, 1420, False, 0
3129,0, 1420, False, 0
3130,0, 1420, False, 0
3131,0, 1420, False, 0
3132,0, 1420, False, 0
3133,0, 1420, False, 0
3134,0, 1420, False, 0
3135,0, 1420, False, 0
3136,0, 1420, False, 0
3137,0, 1420, False, 0
3138,0, 1420, False, 0
3139,0, 1420, False, 0
3140,0, 1420, False, 0
3141,0, 1420, False, 0
3142,0, 1420, False, 0
3143,0, 1420, False, 0
3144,0, 1420, False, 0
3145,0, 1420, False, 0
3146,0, 1420, False, 0
3147,0, 1420, False, 0
3148,0, 1420, False, 3
3149,0, 1420, False, 3
3150,0, 1420, False, 3
3151,0, 1420, False, 3
3152,0, 1420, False, 3
3153,0, 1420, False, 3
3154,0, 1420, False, 3
3155,0, 1420, False, 3
3156,0, 1420, False, 0
3157,0, 1420, False, 0
3158,0, 1420, False, 0
3159,0, 1420, False, 0
3160,0, 1420, False, 0
3161,0, 1420, False, 0
3162,0, 1420, False, 0
3163,0, 1420, False, 0
3164,0, 1420, False, 0
3165,0, 1420, False, 0
3166,0, 1420, False, 0
3167,0, 1420, False, 0
3168,0, 1420, False, 0
3169,0, 1420, False, 0
3170,0, 1420, False, 0
3171,0, 1420, False, 0
3172,0, 1420, False, 0
3173,0, 1420, False, 0
3174,0, 1420, False, 0
3175,0, 1420, False, 0
3176,0, 1420, False, 0
3177,0, 1420, False, 0
3178,0, 1420, False, 0
3179,0, 1420, False, 0
3180,0, 1420, False, 0
3181,0, 1420, False, 0
3182,0, 1420, False, 0
3183,0, 1420, False, 0
3184,0, 1420, False, 0
3185,0, 1420, False, 0
3186,0, 1420, False, 0
3187,0, 1420, False, 0
3188,0, 1420, False, 0
3189,0, 1420, False, 0
3190,0, 1420, False, 2
3191,0, 1420, False, 2
3192,0, 1420, False, 2
3193,0, 1420, False, 2
3194,0, 1420, False, 2
3195,0, 1420, False, 2
3196,0, 1420, False, 2
3197,0, 1420, False, 0
3198,0, 1420, False, 0
3199,0, 1420, False, 0
3200,0, 1420, False, 0
3201,0, 1420, False, 0
3202,10, 1430, False, 0
3203,0, 1430, False, 0
3204,0, 1430, False, 0
3205,0, 1430, False, 0
3206,0, 1430, False, 3
3207,0, 1430, False, 3
3208,0, 1430, False, 3
3209,0, 1430, False, 3
3210,0, 1430, False, 3
3211,0, 1430, False, 3
3212,0, 1430, False, 0
3213,0, 1430, False, 0
3214,0, 1430, False, 0
3215,0, 1430, False, 0
3216,10, 1440, False, 0
3217,0, 1440, False, 0
3218,0, 1440, False, 0
3219,0, 1440, False, 0
3220,0, 1440, False, 0
3221,0, 1440, False, 0
3222,0, 1440, False, 0
3223,0, 1440, False, 0
3224,0, 1440, False, 0
3225,0, 1440, False, 0
3226,0, 1440, False, 0
3227,0, 1440, False, 0
3228,0, 1440, False, 0
3229,0, 1440, False, 0
3230,0, 1440, False, 0
3231,0, 1440, False, 0
3232,0, 1440, False, 0
3233,0, 1440, False, 0
3234,0, 1440, False, 0
3235,0, 1440, False, 0
3236,0, 1440, False, 0
3237,0, 1440, False, 0
3238,0, 1440, False, 0
3239,0, 1440, False, 0
3240,0, 1440, False, 0
3241,0, 1440, False, 0
3242,0, 1440, False, 0
3243,0, 1440, False, 0
3244,0, 1440, False, 0
3245,0, 1440, False, 0
3246,0, 1440, False, 0
3247,0, 1440, False, 0
3248,0, 1440, False, 0
3249,0, 1440, False, 0
3250,0, 1440, False, 0
3251,0, 1440, False, 5
3252,0, 1440, False, 5
3253,0, 1440, False, 5
3254,0, 1440, False, 5
3255,0, 1440, False, 5
3256,0, 1440, False, 5
3257,0, 1440, False, 5
3258,0, 1440, False, 0
3259,0, 1440, False, 0
3260,0, 1440, False, 0
3261,0, 1440, False, 0
3262,0, 1440, False, 0
3263,0, 1440, False, 0
3264,0, 1440, False, 0
3265,0, 1440, False, 0
3266,0, 1440, False, 0
3267,0, 1440, False, 3
3268,0, 1440, False, 3
3269,0, 1440, False, 3
3270,0, 1440, False, 3
3271,0, 1440, False, 3
3272,0, 1440, False, 3
3273,0, 1440, False, 0
3274,0, 1440, False, 0
3275,0, 1440, False, 0
3276,0, 1440, False, 0
3277,0, 1440, False, 0
3278,0, 1440, False, 0
3279,0, 1440, False, 0
3280,0, 1440, False, 0
3281,0, 1440, False, 0
3282,0, 1440, False, 0
3283,0, 1440, False, 0
3284,0, 1440, False, 0
3285,0, 1440, False, 0
3286,0, 1440, False, 0
3287,0, 1440, False, 0
3288,0, 1440, False, 0
3289,0, 1440, False, 0
3290,0, 1440, False, 0
3291,0, 1440, False, 0
3292,0, 1440, False, 0
3293,0, 1440, False, 0
3294,0, 1440, False, 0
3295,0, 1440, False, 0
3296,0, 1440, False, 0
3297,0, 1440, False, 0
3298,0, 1440, False, 0
3299,0, 1440, False, 0
3300,0, 1440, False, 0
3301,0, 1440, False, 0
3302,0, 1440, False, 0
3303,0, 1440, False, 0
3304,0, 1440, False, 0
3305,0, 1440, False, 0
3306,0, 1440, False, 0
3307,0, 1440, False, 0
3308,0, 1440, False, 0
3309,0, 1440, False, 0
3310,0, 1440, False, 0
3311,0, 1440, False, 0
3312,0, 1440, False, 0
3313,0, 1440, False, 0
3314,0, 1440, False, 0
3315,0, 1440, False, 0
3316,0, 1440, False, 0
3317,0, 1440, False, 0
3318,0, 1440, False, 0
3319,0, 1440, False, 3
3320,0, 1440, False, 3
3321,0, 1440, False, 3
3322,0, 1440, False, 3
3323,0, 1440, False, 0
3324,0, 1440, False, 0
3325,0, 1440, False, 0
3326,10, 1450, False, 0
3327,0, 1450, False, 0
3328,0, 1450, False, 0
3329,0, 1450, False, 0
3330,0, 1450, False, 0
3331,0, 1450, False, 0
3332,0, 1450, False, 0
3333,0, 1450, False, 0
3334,0, 1450, False, 0
3335,0, 1450, False, 0
3336,0, 1450, False, 0
3337,0, 1450, False, 0
3338,0, 1450, False, 0
3339,0, 1450, False, 0
3340,0, 1450, False, 0
3341,0, 1450, False, 0
3342,0, 1450, False, 0
3343,0, 1450, False, 0
3344,10, 1460, False, 0
3345,0, 1460, False, 0
3346,0, 1460, False, 0
3347,0, 1460, False, 0
3348,0, 1460, False, 0
3349,0, 1460, False, 0
3350,0, 1460, False, 0
3351,0, 1460, False, 0
3352,0, 1460, False, 0
3353,0, 1460, False, 0
3354,0, 1460, False, 0
3355,0, 1460, False, 0
3356,0, 1460, False, 0
3357,0, 1460, False, 0
3358,0, 1460, False, 0
3359,0, 1460, False, 2
3360,0, 1460, False, 2
3361,0, 1460, False, 2
3362,0, 1460, False, 2
3363,0, 1460, False, 2
3364,0, 1460, False, 2
3365,0, 1460, False, 0
3366,0, 1460, False, 0
3367,0, 1460, False, 0
3368,0, 1460, False, 0
3369,0, 1460, False, 0
3370,0, 1460, False, 0
3371,0, 1460, False, 0
3372,0, 1460, False, 0
3373,0, 1460, False, 0
3374,0, 1460, False, 0
3375,0, 1460, False, 0
3376,0, 1460, False, 0
3377,0, 1460, False, 0
3378,0, 1460, False, 0
3379,0, 1460, False, 0
3380,0, 1460, False, 0
3381,0, 1460, False, 0
3382,0, 1460, False, 0
3383,0, 1460, False, 0
3384,0, 1460, False, 0
3385,0, 1460, False, 0
3386,0, 1460, False, 0
3387,0, 1460, False, 0
3388,0, 1460, False, 0
3389,0, 1460, False, 0
3390,0, 1460, False, 0
3391,0, 1460, False, 0
3392,0, 1460, False, 0
3393,0, 1460, False, 0
3394,0, 1460, False, 0
3395,0, 1460, False, 0
3396,0, 1460, False, 0
3397,0, 1460, False, 0
3398,0, 1460, False, 0
3399,0, 1460, False, 0
3400,0, 1460, False, 0
3401,0, 1460, False, 0
3402,0, 1460, False, 0
3403,0, 1460, False, 0
3404,0, 1460, False, 0
3405,0, 1460, False, 0
3406,0, 1460, False, 0
3407,0, 1460, False, 0
3408,0, 1460, False, 0
3409,0, 1460, False, 0
3410,0, 1460, False, 0
3411,0, 1460, False, 0
3412,0, 1460, False, 0
3413,0, 1460, False, 0
3414,0, 1460, False, 0
3415,0, 1460, False, 0
3416,0, 1460, False, 0
3417,0, 1460, False, 0
3418,0, 1460, False, 0
3419,0, 1460, False, 0
3420,0, 1460, False, 0
3421,0, 1460, False, 0
3422,0, 1460, False, 0
3423,0, 1460, False, 0
3424,0, 1460, False, 0
3425,0, 1460, False, 0
3426,0, 1460, False, 0
3427,0, 1460, False, 0
3428,0, 1460, False, 0
3429,0, 1460, False, 0
3430,0, 1460, False, 0
3431,0, 1460, False, 0
3432,0, 1460, False, 0
3433,0, 1460, False, 0
3434,0, 1460, False, 0
3435,0, 1460, False, 0
3436,0, 1460, False, 0
3437,0, 1460, False, 0
3438,0, 1460, False, 0
3439,0, 1460, False, 0
3440,0, 1460, False, 4
3441,0, 1460, False, 4
3442,0, 1460, False, 4
3443,0, 1460, False, 4
3444,0, 1460, False, 4
3445,0, 1460, False, 4
3446,0, 1460, False, 4
3447,0, 1460, False, 4
3448,0, 1460, False, 4
3449,0, 1460, False, 0
3450,0, 1460, False, 0
3451,0, 1460, False, 0
3452,0, 1460, False, 0
3453,0, 1460, False, 0
3454,0, 1460, False, 0
3455,0, 1460, False, 0
3456,0, 1460, False, 0
3457,0, 1460, False, 0
3458,0, 1460, False, 0
3459,0, 1460, False, 0
3460,0, 1460, False, 0
3461,0, 1460, False, 0
3462,0, 1460, False, 0
3463,0, 1460, False, 0
3464,0, 1460, False, 0
3465,0, 1460, False, 0
3466,0, 1460, False, 0
3467,0, 1460, False, 0
3468,0, 1460, False, 0
3469,0, 1460, False, 0
3470,0, 1460, False, 0
3471,0, 1460, False, 0
3472,0, 1460, False, 0
3473,0, 1460, False, 0
3474,0, 1460, False, 0
3475,0, 1460, False, 0
3476,0, 1460, False, 0
3477,0, 1460, False, 0
3478,0, 1460, False, 0
3479,0, 1460, False, 0
3480,0, 1460, False, 0
3481,0, 1460, False, 5
3482,0, 1460, False, 5
3483,0, 1460, False, 5
3484,0, 1460, False, 5
3485,0, 1460, False, 5
3486,0, 1460, False, 5
3487,0, 1460, False, 0
3488,0, 1460, False, 0
3489,0, 1460, False, 0
3490,0, 1460, False, 0
3491,0, 1460, False, 0
3492,0, 1460, False, 0
3493,0, 1460, False, 0
3494,0, 1460, False, 0
3495,0, 1460, False, 0
3496,0, 1460, False, 0
3497,0, 1460, False, 0
3498,0, 1460, False, 0
3499,0, 1460, False, 0
3500,0, 1460, False, 0
3501,0, 1460, False, 0
3502,0, 1460, False, 0
3503,0, 1460, False, 0
3504,0, 1460, False, 0
3505,0, 1460, False, 0
3506,0, 1460, False, 0
3507,0, 1460, False, 0
3508,0, 1460, False, 0
3509,0, 1460, False, 0
3510,0, 1460, False, 0
3511,0, 1460, False, 0
3512,0, 1460, False, 0
3513,0, 1460, False, 0
3514,0, 1460, False, 0
3515,0, 1460, False, 0
3516,0, 1460, False, 0
3517,0, 1460, False, 0
3518,0, 1460, False, 0
3519,0, 1460, False, 0
3520,0, 1460, False, 0
3521,0, 1460, False, 0
3522,0, 1460, False, 0
3523,0, 1460, False, 0
3524,0, 1460, False, 0
3525,0, 1460, False, 0
3526,0, 1460, False, 0
3527,0, 1460, False, 0
3528,0, 1460, False, 0
3529,0, 1460, False, 0
3530,0, 1460, False, 0
3531,0, 1460, False, 0
3532,0, 1460, False, 0
3533,0, 1460, False, 0
3534,0, 1460, False, 0
3535,0, 1460, False, 0
3536,0, 1460, False, 0
3537,0, 1460, False, 0
3538,0, 1460, False, 0
3539,0, 1460, False, 0
3540,0, 1460, False, 0
3541,0, 1460, False, 0
3542,0, 1460, False, 0
3543,0, 1460, False, 0
3544,0, 1460, False, 0
3545,0, 1460, False, 0
3546,0, 1460, False, 0
3547,0, 1460, False, 0
3548,0, 1460, False, 5
3549,0, 1460, False, 5
3550,0, 1460, False, 5
3551,0, 1460, False, 5
3552,0, 1460, False, 5
3553,0, 1460, False, 5
3554,0, 1460, False, 5
3555,0, 1460, False, 5
3556,0, 1460, False, 5
3557,0, 1460, False, 0
3558,0, 1460, False, 0
3559,0, 1460, False, 0
3560,0, 1460, False, 0
3561,0, 1460, False, 0
3562,0, 1460, False, 0
3563,0, 1460, False, 0
3564,0, 1460, False, 0
3565,0, 1460, False, 0
3566,0, 1460, False, 0
3567,0, 1460, False, 0
3568,0, 1460, False, 0
3569,0, 1460, False, 0
3570,0, 1460, False, 0
3571,0, 1460, False, 4
3572,0, 1460, False, 4
3573,0, 1460, False, 4
3574,0, 1460, False, 4
3575,0, 1460, False, 4
3576,0, 1460, False, 4
3577,0, 1460, False, 4
3578,0, 1460, False, 4
3579,0, 1460, False, 4
3580,0, 1460, False, 4
3581,0, 1460, False, 4
3582,0, 1460, False, 0
3583,0, 1460, False, 0
3584,0, 1460, False, 0
3585,0, 1460, False, 0
3586,0, 1460, False, 0
3587,0, 1460, False, 0
3588,0, 1460, False, 0
3589,0, 1460, False, 0
3590,0, 1460, False, 0
3591,0, 1460, False, 0
3592,0, 1460, False, 0
3593,0, 1460, False, 0
3594,0, 1460, False, 0
3595,0, 1460, False, 0
3596,0, 1460, False, 0
3597,0, 1460, False, 0
3598,0, 1460, False, 0
3599,0, 1460, False, 0
3600,0, 1460, False, 0
3601,0, 1460, False, 2
3602,0, 1460, False, 2
3603,0, 1460, False, 2
3604,0, 1460, False, 2
3605,0, 1460, False, 2
3606,0, 1460, False, 2
3607,0, 1460, False, 2
3608,0, 1460, False, 2
3609,0, 1460, False, 2
3610,0, 1460, False, 2
3611,0, 1460, False, 2
3612,0, 1460, False, 0
3613,0, 1460, False, 0
3614,0, 1460, False, 0
3615,0, 1460, False, 0
3616,0, 1460, False, 0
3617,0, 1460, False, 0
3618,0, 1460, False, 0
3619,0, 1460, False, 0
3620,0, 1460, False, 0
3621,0, 1460, False, 0
3622,0, 1460, False, 0
3623,0, 1460, False, 0
3624,0, 1460, False, 0
3625,0, 1460, False, 0
3626,0, 1460, False, 0
3627,0, 1460, False, 0
3628,0, 1460, False, 0
3629,0, 1460, False, 3
3630,0, 1460, False, 3
3631,0, 1460, False, 3
3632,0, 1460, False, 3
3633,0, 1460, False, 0
3634,0, 1460, False, 0
3635,0, 1460, False, 0
3636,0, 1460, False, 0
3637,0, 1460, False, 0
3638,0, 1460, False, 2
3639,0, 1460, False, 2
3640,0, 1460, False, 2
3641,0, 1460, False, 2
3642,0, 1460, False, 2
3643,0, 1460, False, 2
3644,0, 1460, False, 2
3645,0, 1460, False, 2
3646,0, 1460, False, 2
3647,0, 1460, False, 0
3648,0, 1460, False, 0
3649,0, 1460, False, 0
3650,0, 1460, False, 0
3651,0, 1460, False, 0
3652,0, 1460, False, 0
3653,0, 1460, False, 0
3654,0, 1460, False, 0
3655,0, 1460, False, 0
3656,0, 1460, False, 0
3657,0, 1460, False, 0
3658,0, 1460, False, 0
3659,0, 1460, False, 0
3660,0, 1460, False, 0
3661,0, 1460, False, 0
3662,0, 1460, False, 0
3663,0, 1460, False, 0
3664,0, 1460, False, 0
3665,0, 1460, False, 0
3666,0, 1460, False, 0
3667,0, 1460, False, 0
3668,0, 1460, False, 0
3669,0, 1460, False, 0
3670,0, 1460, False, 0
3671,0, 1460, False, 0
3672,0, 1460, False, 0
3673,0, 1460, False, 0
3674,0, 1460, False, 0
3675,0, 1460, False, 0
3676,0, 1460, False, 0
3677,0, 1460, False, 0
3678,0, 1460, False, 0
3679,0, 1460, False, 0
3680,0, 1460, False, 0
3681,0, 1460, False, 0
3682,0, 1460, False, 0
3683,0, 1460, False, 0
3684,0, 1460, False, 0
3685,0, 1460, False, 0
3686,0, 1460, False, 0
3687,0, 1460, False, 0
3688,0, 1460, False, 0
3689,0, 1460, False, 0
3690,0, 1460, False, 0
3691,0, 1460, False, 0
3692,0, 1460, False, 0
3693,0, 1460, False, 0
3694,0, 1460, False, 0
3695,0, 1460, False, 0
3696,0, 1460, False, 0
3697,0, 1460, False, 0
3698,0, 1460, False, 0
3699,0, 1460, False, 0
3700,0, 1460, False, 0
3701,0, 1460, False, 0
3702,0, 1460, False, 0
3703,0, 1460, False, 0
3704,0, 1460, False, 0
3705,0, 1460, False, 0
3706,0, 1460, False, 0
3707,0, 1460, False, 0
3708,0, 1460, False, 0
3709,0, 1460, False, 0
3710,0, 1460, False, 0
3711,0, 1460, False, 0
3712,0, 1460, False, 0
3713,0, 1460, False, 0
3714,0, 1460, False, 0
3715,0, 1460, False, 0
3716,0, 1460, False, 0
3717,0, 1460, False, 0
3718,0, 1460, False, 0
3719,0, 1460, False, 0
3720,0, 1460, False, 0
3721,0, 1460, False, 0
3722,0, 1460, False, 0
3723,0, 1460, False, 0
3724,0, 1460, False, 0
3725,0, 1460, False, 0
3726,0, 1460, False, 0
3727,0, 1460, False, 0
3728,0, 1460, False, 0
3729,0, 1460, False, 0
3730,0, 1460, False, 3
3731,0, 1460, False, 3
3732,0, 1460, False, 3
3733,0, 1460, False, 3
3734,0, 1460, False, 3
3735,0, 1460, False, 3
3736,0, 1460, False, 3
3737,0, 1460, False, 3
3738,0, 1460, False, 3
3739,0, 1460, False, 3
3740,0, 1460, False, 3
3741,0, 1460, False, 3
3742,0, 1460, False, 3
3743,0, 1460, False, 0
3744,10, 1470, False, 0
3745,0, 1470, False, 0
3746,0, 1470, False, 0
3747,0, 1470, False, 0
3748,0, 1470, False, 0
3749,0, 1470, False, 0
3750,0, 1470, False, 0
3751,0, 1470, False, 0
3752,0, 1470, False, 0
3753,0, 1470, False, 0
3754,0, 1470, False, 0
3755,0, 1470, False, 0
3756,0, 1470, False, 0
3757,0, 1470, False, 0
3758,0, 1470, False, 0
3759,0, 1470, False, 0
3760,0, 1470, False, 0
3761,0, 1470, False, 0
3762,0, 1470, False, 0
3763,0, 1470, False, 0
3764,0, 1470, False, 0
3765,0, 1470, False, 0
3766,0, 1470, False, 0
3767,0, 1470, False, 0
3768,10, 1480, False, 0
3769,0, 1480, False, 0
3770,0, 1480, False, 0
3771,0, 1480, False, 0
3772,0, 1480, False, 0
3773,0, 1480, False, 0
3774,0, 1480, False, 0
3775,0, 1480, False, 0
3776,0, 1480, False, 0
3777,0, 1480, False, 0
3778,0, 1480, False, 0
3779,0, 1480, False, 0
3780,10, 1490, False, 0
3781,0, 1490, False, 0
3782,0, 1490, False, 0
3783,0, 1490, False, 0
3784,0, 1490, False, 0
3785,0, 1490, False, 0
3786,0, 1490, False, 0
3787,0, 1490, False, 0
3788,0, 1490, False, 0
3789,0, 1490, False, 0
3790,0, 1490, False, 0
3791,0, 1490, False, 0
3792,0, 1490, False, 0
3793,0, 1490, False, 0
3794,10, 1500, False, 0
3795,0, 1500, False, 0
3796,0, 1500, False, 0
3797,0, 1500, False, 0
3798,0, 1500, False, 0
3799,0, 1500, False, 0
3800,0, 1500, False, 0
3801,0, 1500, False, 0
3802,0, 1500, False, 0
3803,0, 1500, False, 0
3804,0, 1500, False, 0
3805,0, 1500, False, 0
3806,0, 1500, False, 0
3807,0, 1500, False, 0
3808,10, 1510, False, 0
3809,0, 1510, False, 0
3810,0, 1510, False, 0
3811,0, 1510, False, 0
3812,0, 1510, False, 0
3813,0, 1510, False, 0
3814,0, 1510, False, 0
3815,0, 1510, False, 0
3816,0, 1510, False, 0
3817,0, 1510, False, 0
3818,0, 1510, False, 0
3819,0, 1510, False, 0
3820,10, 1520, False, 0
3821,0, 1520, False, 0
3822,0, 1520, False, 0
3823,0, 1520, False, 0
3824,0, 1520, False, 0
3825,0, 1520, False, 0
3826,0, 1520, False, 0
3827,0, 1520, False, 0
3828,0, 1520, False, 0
3829,0, 1520, False, 0
3830,0, 1520, False, 0
3831,0, 1520, False, 0
3832,0, 1520, False, 0
3833,0, 1520, False, 0
3834,0, 1520, False, 0
3835,0, 1520, False, 0
3836,0, 1520, False, 0
3837,0, 1520, False, 0
3838,0, 1520, False, 0
3839,0, 1520, False, 0
3840,10, 1530, False, 0
3841,0, 1530, False, 0
3842,0, 1530, False, 0
3843,0, 1530, False, 0
3844,0, 1530, False, 0
3845,0, 1530, False, 0
3846,0, 1530, False, 0
3847,0, 1530, False, 0
3848,0, 1530, False, 0
3849,0, 1530, False, 0
3850,0, 1530, False, 0
3851,0, 1530, False, 0
3852,10, 1540, False, 0
3853,0, 1540, False, 0
3854,0, 1540, False, 0
3855,0, 1540, False, 0
3856,0, 1540, False, 0
3857,0, 1540, False, 0
3858,0, 1540, False, 0
3859,0, 1540, False, 0
3860,0, 1540, False, 0
3861,0, 1540, False, 0
3862,0, 1540, False, 0
3863,0, 1540, False, 0
3864,0, 1540, False, 0
3865,0, 1540, False, 0
3866,10, 1550, False, 0
3867,0, 1550, False, 0
3868,0, 1550, False, 0
3869,0, 1550, False, 0
3870,0, 1550, False, 0
3871,0, 1550, False, 0
3872,0, 1550, False, 0
3873,0, 1550, False, 0
3874,0, 1550, False, 0
3875,0, 1550, False, 0
3876,0, 1550, False, 0
3877,0, 1550, False, 0
3878,0, 1550, False, 0
3879,0, 1550, False, 0
3880,10, 1560, False, 0
3881,0, 1560, False, 0
3882,0, 1560, False, 0
3883,0, 1560, False, 0
3884,0, 1560, False, 0
3885,0, 1560, False, 0
3886,0, 1560, False, 0
3887,0, 1560, False, 0
3888,0, 1560, False, 0
3889,0, 1560, False, 2
3890,0, 1560, False, 2
3891,0, 1560, False, 2
3892,10, 1570, False, 2
3893,0, 1570, False, 2
3894,0, 1570, False, 2
3895,0, 1570, False, 2
3896,0, 1570, False, 2
3897,0, 1570, False, 2
3898,0, 1570, False, 2
3899,0, 1570, False, 2
3900,0, 1570, False, 2
3901,0, 1570, False, 0
3902,0, 1570, False, 0
3903,0, 1570, False, 0
3904,0, 1570, False, 0
3905,0, 1570, False, 0
3906,0, 1570, False, 0
3907,0, 1570, False, 0
3908,0, 1570, False, 0
3909,0, 1570, False, 0
3910,0, 1570, False, 0
3911,0, 1570, False, 0
3912,0, 1570, False, 0
3913,0, 1570, False, 0
3914,0, 1570, False, 0
3915,0, 1570, False, 0
3916,0, 1570, False, 0
3917,0, 1570, False, 4
3918,0, 1570, False, 4
3919,0, 1570, False, 4
3920,0, 1570, False, 4
3921,0, 1570, False, 4
3922,0, 1570, False, 4
3923,0, 1570, False, 4
3924,0, 1570, False, 4
3925,0, 1570, False, 0
3926,0, 1570, False, 0
3927,0, 1570, False, 0
3928,0, 1570, False, 0
3929,0, 1570, False, 0
3930,0, 1570, False, 0
3931,0, 1570, False, 0
3932,0, 1570, False, 0
3933,0, 1570, False, 0
3934,0, 1570, False, 0
3935,0, 1570, False, 0
3936,0, 1570, False, 0
3937,0, 1570, False, 0
3938,0, 1570, False, 0
3939,0, 1570, False, 2
3940,0, 1570, False, 2
3941,0, 1570, False, 2
3942,0, 1570, False, 2
3943,0, 1570, False, 2
3944,0, 1570, False, 2
3945,0, 1570, False, 2
3946,0, 1570, False, 2
3947,0, 1570, False, 0
3948,0, 1570, False, 0
3949,0, 1570, False, 0
3950,0, 1570, False, 0
3951,0, 1570, False, 0
3952,0, 1570, False, 0
3953,0, 1570, False, 0
3954,0, 1570, False, 0
3955,0, 1570, False, 0
3956,0, 1570, False, 0
3957,0, 1570, False, 0
3958,0, 1570, False, 0
3959,0, 1570, False, 0
3960,0, 1570, False, 0
3961,0, 1570, False, 0
3962,0, 1570, False, 0
3963,0, 1570, False, 0
3964,0, 1570, False, 0
3965,0, 1570, False, 0
3966,0, 1570, False, 0
3967,0, 1570, False, 0
3968,0, 1570, False, 0
3969,0, 1570, False, 0
3970,0, 1570, False, 0
3971,0, 1570, False, 0
3972,0, 1570, False, 0
3973,0, 1570, False, 0
3974,0, 1570, False, 0
3975,0, 1570, False, 0
3976,0, 1570, False, 0
3977,0, 1570, False, 0
3978,0, 1570, False, 0
3979,0, 1570, False, 0
3980,0, 1570, False, 0
3981,0, 1570, False, 0
3982,0, 1570, False, 0
3983,0, 1570, False, 0
3984,0, 1570, False, 0
3985,0, 1570, False, 0
3986,0, 1570, False, 0
3987,0, 1570, False, 0
3988,0, 1570, False, 0
3989,0, 1570, False, 0
3990,0, 1570, False, 0
3991,0, 1570, False, 0
3992,0, 1570, False, 0
3993,0, 1570, False, 0
3994,0, 1570, False, 0
3995,0, 1570, False, 0
3996,0, 1570, False, 0
3997,0, 1570, False, 0
3998,0, 1570, False, 0
3999,0, 1570, False, 0
4000,0, 1570, False, 0
4001,0, 1570, False, 0
4002,0, 1570, False, 0
4003,0, 1570, False, 0
4004,0, 1570, False, 0
4005,0, 1570, False, 0
4006,0, 1570, False, 0
4007,0, 1570, False, 0
4008,0, 1570, False, 0
4009,0, 1570, False, 0
4010,0, 1570, False, 0
4011,0, 1570, False, 0
4012,0, 1570, False, 0
4013,0, 1570, False, 0
4014,0, 1570, False, 0
4015,0, 1570, False, 0
4016,0, 1570, False, 0
4017,0, 1570, False, 0
4018,0, 1570, False, 0
4019,0, 1570, False, 0
4020,0, 1570, False, 0
4021,0, 1570, False, 0
4022,0, 1570, False, 0
4023,0, 1570, False, 0
4024,0, 1570, False, 2
4025,0, 1570, False, 2
4026,0, 1570, False, 2
4027,0, 1570, False, 2
4028,0, 1570, False, 2
4029,0, 1570, False, 2
4030,0, 1570, False, 2
4031,0, 1570, False, 2
4032,0, 1570, False, 0
4033,0, 1570, False, 0
4034,0, 1570, False, 0
4035,0, 1570, False, 0
4036,0, 1570, False, 0
4037,0, 1570, False, 0
4038,10, 1580, False, 0
4039,0, 1580, False, 0
4040,0, 1580, False, 0
4041,0, 1580, False, 0
4042,0, 1580, False, 0
4043,0, 1580, False, 0
4044,0, 1580, False, 0
4045,0, 1580, False, 0
4046,0, 1580, False, 0
4047,0, 1580, False, 0
4048,0, 1580, False, 0
4049,0, 1580, False, 0
4050,0, 1580, False, 0
4051,0, 1580, False, 0
4052,10, 1590, False, 0
4053,0, 1590, False, 0
4054,0, 1590, False, 0
4055,0, 1590, False, 0
4056,0, 1590, False, 0
4057,0, 1590, False, 0
4058,0, 1590, False, 0
4059,0, 1590, False, 0
4060,0, 1590, False, 0
4061,0, 1590, False, 3
4062,0, 1590, False, 3
4063,0, 1590, False, 3
4064,0, 1590, False, 3
4065,0, 1590, False, 3
4066,0, 1590, False, 3
4067,0, 1590, False, 3
4068,10, 1600, False, 0
4069,0, 1600, False, 0
4070,0, 1600, False, 0
4071,0, 1600, False, 0
4072,0, 1600, False, 0
4073,0, 1600, False, 0
4074,0, 1600, False, 0
4075,0, 1600, False, 0
4076,0, 1600, False, 0
4077,0, 1600, False, 0
4078,0, 1600, False, 0
4079,0, 1600, False, 0
4080,0, 1600, False, 0
4081,0, 1600, False, 0
4082,10, 1610, False, 0
4083,0, 1610, False, 0
4084,0, 1610, False, 0
4085,0, 1610, False, 0
4086,0, 1610, False, 0
4087,0, 1610, False, 0
4088,0, 1610, False, 0
4089,0, 1610, False, 0
4090,0, 1610, False, 0
4091,0, 1610, False, 0
4092,0, 1610, False, 0
4093,0, 1610, False, 0
4094,0, 1610, False, 0
4095,0, 1610, False, 0
4096,10, 1620, False, 0
4097,0, 1620, False, 0
4098,0, 1620, False, 0
4099,0, 1620, False, 0
4100,0, 1620, False, 0
4101,0, 1620, False, 0
4102,0, 1620, False, 0
4103,0, 1620, False, 0
4104,0, 1620, False, 0
4105,0, 1620, False, 0
4106,0, 1620, False, 0
4107,0, 1620, False, 0
4108,0, 1620, False, 0
4109,0, 1620, False, 0
4110,0, 1620, False, 0
4111,0, 1620, False, 0
4112,0, 1620, False, 0
4113,0, 1620, False, 0
4114,10, 1630, False, 0
4115,0, 1630, False, 0
4116,0, 1630, False, 0
4117,0, 1630, False, 0
4118,0, 1630, False, 0
4119,0, 1630, False, 0
4120,0, 1630, False, 0
4121,0, 1630, False, 0
4122,0, 1630, False, 0
4123,0, 1630, False, 0
4124,0, 1630, False, 0
4125,0, 1630, False, 0
4126,0, 1630, False, 0
4127,0, 1630, False, 0
4128,10, 1640, False, 0
4129,0, 1640, False, 0
4130,0, 1640, False, 0
4131,0, 1640, False, 0
4132,0, 1640, False, 0
4133,0, 1640, False, 0
4134,0, 1640, False, 0
4135,0, 1640, False, 0
4136,0, 1640, False, 0
4137,0, 1640, False, 0
4138,0, 1640, False, 0
4139,0, 1640, False, 0
4140,10, 1650, False, 0
4141,0, 1650, False, 0
4142,0, 1650, False, 0
4143,0, 1650, False, 0
4144,0, 1650, False, 0
4145,0, 1650, False, 0
4146,0, 1650, False, 0
4147,0, 1650, False, 0
4148,0, 1650, False, 0
4149,0, 1650, False, 0
4150,0, 1650, False, 0
4151,0, 1650, False, 0
4152,0, 1650, False, 0
4153,0, 1650, False, 0
4154,10, 1660, False, 0
4155,0, 1660, False, 0
4156,0, 1660, False, 0
4157,0, 1660, False, 0
4158,0, 1660, False, 0
4159,0, 1660, False, 0
4160,0, 1660, False, 0
4161,0, 1660, False, 0
4162,0, 1660, False, 0
4163,0, 1660, False, 0
4164,0, 1660, False, 0
4165,0, 1660, False, 0
4166,0, 1660, False, 0
4167,0, 1660, False, 0
4168,0, 1660, False, 0
4169,0, 1660, False, 0
4170,0, 1660, False, 0
4171,0, 1660, False, 0
4172,0, 1660, False, 4
4173,0, 1660, False, 4
4174,0, 1660, False, 4
4175,0, 1660, False, 4
4176,0, 1660, False, 4
4177,0, 1660, False, 4
4178,0, 1660, False, 4
4179,0, 1660, False, 4
4180,0, 1660, False, 4
4181,0, 1660, False, 0
4182,0, 1660, False, 0
4183,0, 1660, False, 0
4184,0, 1660, False, 0
4185,0, 1660, False, 0
4186,0, 1660, False, 0
4187,0, 1660, False, 0
4188,0, 1660, False, 0
4189,0, 1660, False, 0
4190,0, 1660, False, 0
4191,0, 1660, False, 0
4192,0, 1660, False, 0
4193,0, 1660, False, 0
4194,0, 1660, False, 0
4195,0, 1660, False, 0
4196,0, 1660, False, 0
4197,0, 1660, False, 0
4198,0, 1660, False, 0
4199,0, 1660, False, 0
4200,0, 1660, False, 0
4201,0, 1660, False, 0
4202,0, 1660, False, 0
4203,0, 1660, False, 0
4204,0, 1660, False, 0
4205,0, 1660, False, 0
4206,0, 1660, False, 0
4207,0, 1660, False, 0
4208,0, 1660, False, 0
4209,0, 1660, False, 0
4210,0, 1660, False, 0
4211,0, 1660, False, 0
4212,0, 1660, False, 0
4213,0, 1660, False, 0
4214,0, 1660, False, 0
4215,0, 1660, False, 0
4216,0, 1660, False, 0
4217,0, 1660, False, 0
4218,0, 1660, False, 0
4219,0, 1660, False, 0
4220,0, 1660, False, 0
4221,0, 1660, False, 0
4222,0, 1660, False, 0
4223,0, 1660, False, 0
4224,0, 1660, False, 0
4225,0, 1660, False, 0
4226,0, 1660, False, 0
4227,0, 1660, False, 0
4228,0, 1660, False, 0
4229,0, 1660, False, 0
4230,0, 1660, False, 0
4231,0, 1660, False, 0
4232,0, 1660, True, 0
