db traj id : 985
frame,reward,score,terminal, action
0,0, 0, False, 0
1,0, 0, False, 0
2,0, 0, False, 0
3,0, 0, False, 0
4,0, 0, False, 0
5,0, 0, False, 0
6,0, 0, False, 0
7,0, 0, False, 0
8,0, 0, False, 0
9,0, 0, False, 0
10,0, 0, False, 0
11,0, 0, False, 0
12,0, 0, False, 0
13,0, 0, False, 0
14,0, 0, False, 0
15,0, 0, False, 0
16,0, 0, False, 0
17,0, 0, False, 0
18,0, 0, False, 0
19,0, 0, False, 0
20,0, 0, False, 0
21,0, 0, False, 0
22,0, 0, False, 0
23,0, 0, False, 0
24,0, 0, False, 0
25,0, 0, False, 0
26,0, 0, False, 0
27,0, 0, False, 0
28,0, 0, False, 0
29,0, 0, False, 0
30,0, 0, False, 0
31,0, 0, False, 0
32,0, 0, False, 0
33,0, 0, False, 0
34,0, 0, False, 0
35,0, 0, False, 0
36,0, 0, False, 0
37,0, 0, False, 0
38,0, 0, False, 0
39,0, 0, False, 0
40,0, 0, False, 0
41,0, 0, False, 0
42,0, 0, False, 0
43,0, 0, False, 0
44,0, 0, False, 0
45,0, 0, False, 0
46,0, 0, False, 0
47,0, 0, False, 0
48,0, 0, False, 0
49,0, 0, False, 0
50,0, 0, False, 0
51,0, 0, False, 0
52,0, 0, False, 0
53,0, 0, False, 0
54,0, 0, False, 0
55,0, 0, False, 0
56,0, 0, False, 0
57,0, 0, False, 0
58,0, 0, False, 0
59,0, 0, False, 0
60,0, 0, False, 0
61,0, 0, False, 0
62,0, 0, False, 0
63,0, 0, False, 0
64,0, 0, False, 0
65,0, 0, False, 0
66,0, 0, False, 0
67,0, 0, False, 0
68,0, 0, False, 0
69,0, 0, False, 0
70,0, 0, False, 0
71,0, 0, False, 0
72,0, 0, False, 0
73,0, 0, False, 0
74,0, 0, False, 0
75,0, 0, False, 0
76,0, 0, False, 0
77,0, 0, False, 0
78,0, 0, False, 0
79,0, 0, False, 0
80,0, 0, False, 0
81,0, 0, False, 0
82,0, 0, False, 0
83,0, 0, False, 0
84,0, 0, False, 0
85,0, 0, False, 0
86,0, 0, False, 0
87,0, 0, False, 0
88,0, 0, False, 0
89,0, 0, False, 0
90,0, 0, False, 0
91,0, 0, False, 0
92,0, 0, False, 0
93,0, 0, False, 0
94,0, 0, False, 0
95,0, 0, False, 0
96,0, 0, False, 0
97,0, 0, False, 0
98,0, 0, False, 0
99,0, 0, False, 0
100,0, 0, False, 0
101,0, 0, False, 0
102,0, 0, False, 0
103,0, 0, False, 0
104,0, 0, False, 0
105,0, 0, False, 0
106,0, 0, False, 0
107,0, 0, False, 0
108,0, 0, False, 0
109,0, 0, False, 0
110,0, 0, False, 0
111,0, 0, False, 0
112,0, 0, False, 0
113,0, 0, False, 0
114,0, 0, False, 0
115,0, 0, False, 0
116,0, 0, False, 0
117,0, 0, False, 0
118,0, 0, False, 0
119,0, 0, False, 0
120,0, 0, False, 0
121,0, 0, False, 0
122,0, 0, False, 0
123,0, 0, False, 0
124,0, 0, False, 0
125,0, 0, False, 0
126,0, 0, False, 0
127,0, 0, False, 0
128,0, 0, False, 0
129,0, 0, False, 0
130,0, 0, False, 0
131,0, 0, False, 0
132,0, 0, False, 0
133,0, 0, False, 0
134,0, 0, False, 0
135,0, 0, False, 0
136,0, 0, False, 0
137,0, 0, False, 0
138,0, 0, False, 0
139,0, 0, False, 0
140,0, 0, False, 0
141,0, 0, False, 0
142,0, 0, False, 0
143,0, 0, False, 4
144,0, 0, False, 4
145,0, 0, False, 4
146,0, 0, False, 4
147,0, 0, False, 4
148,0, 0, False, 4
149,0, 0, False, 4
150,0, 0, False, 4
151,0, 0, False, 4
152,0, 0, False, 4
153,0, 0, False, 4
154,0, 0, False, 4
155,0, 0, False, 4
156,0, 0, False, 4
157,0, 0, False, 4
158,0, 0, False, 4
159,0, 0, False, 4
160,0, 0, False, 4
161,0, 0, False, 4
162,0, 0, False, 4
163,0, 0, False, 4
164,0, 0, False, 4
165,0, 0, False, 4
166,0, 0, False, 4
167,0, 0, False, 4
168,0, 0, False, 4
169,0, 0, False, 4
170,0, 0, False, 4
171,0, 0, False, 4
172,0, 0, False, 4
173,0, 0, False, 4
174,0, 0, False, 4
175,0, 0, False, 4
176,0, 0, False, 0
177,0, 0, False, 0
178,0, 0, False, 0
179,0, 0, False, 0
180,0, 0, False, 0
181,0, 0, False, 0
182,0, 0, False, 0
183,0, 0, False, 0
184,0, 0, False, 0
185,0, 0, False, 0
186,0, 0, False, 0
187,0, 0, False, 0
188,0, 0, False, 0
189,0, 0, False, 0
190,0, 0, False, 0
191,0, 0, False, 0
192,0, 0, False, 0
193,0, 0, False, 0
194,0, 0, False, 0
195,0, 0, False, 0
196,0, 0, False, 0
197,0, 0, False, 0
198,0, 0, False, 0
199,0, 0, False, 0
200,0, 0, False, 0
201,0, 0, False, 0
202,0, 0, False, 0
203,0, 0, False, 0
204,0, 0, False, 0
205,0, 0, False, 0
206,0, 0, False, 0
207,0, 0, False, 0
208,0, 0, False, 0
209,0, 0, False, 0
210,0, 0, False, 0
211,0, 0, False, 0
212,0, 0, False, 0
213,0, 0, False, 0
214,0, 0, False, 0
215,0, 0, False, 0
216,0, 0, False, 0
217,0, 0, False, 0
218,0, 0, False, 0
219,0, 0, False, 0
220,0, 0, False, 0
221,0, 0, False, 0
222,0, 0, False, 0
223,0, 0, False, 0
224,0, 0, False, 0
225,0, 0, False, 0
226,0, 0, False, 0
227,0, 0, False, 0
228,0, 0, False, 0
229,0, 0, False, 0
230,0, 0, False, 0
231,0, 0, False, 0
232,0, 0, False, 0
233,0, 0, False, 0
234,0, 0, False, 0
235,0, 0, False, 0
236,0, 0, False, 0
237,0, 0, False, 0
238,0, 0, False, 0
239,0, 0, False, 0
240,0, 0, False, 0
241,0, 0, False, 0
242,0, 0, False, 0
243,0, 0, False, 0
244,0, 0, False, 0
245,0, 0, False, 0
246,0, 0, False, 0
247,0, 0, False, 0
248,0, 0, False, 0
249,0, 0, False, 0
250,0, 0, False, 0
251,0, 0, False, 0
252,0, 0, False, 0
253,0, 0, False, 0
254,0, 0, False, 0
255,0, 0, False, 0
256,0, 0, False, 0
257,0, 0, False, 0
258,0, 0, False, 0
259,0, 0, False, 0
260,0, 0, False, 0
261,0, 0, False, 0
262,0, 0, False, 0
263,0, 0, False, 0
264,0, 0, False, 0
265,0, 0, False, 0
266,0, 0, False, 0
267,0, 0, False, 0
268,0, 0, False, 0
269,0, 0, False, 0
270,0, 0, False, 0
271,0, 0, False, 0
272,0, 0, False, 0
273,0, 0, False, 0
274,0, 0, False, 0
275,0, 0, False, 0
276,0, 0, False, 0
277,0, 0, False, 0
278,0, 0, False, 0
279,0, 0, False, 0
280,0, 0, False, 0
281,0, 0, False, 0
282,0, 0, False, 0
283,10, 10, False, 0
284,0, 10, False, 0
285,0, 10, False, 0
286,0, 10, False, 0
287,0, 10, False, 4
288,0, 10, False, 4
289,0, 10, False, 4
290,0, 10, False, 4
291,0, 10, False, 4
292,0, 10, False, 4
293,0, 10, False, 4
294,0, 10, False, 4
295,0, 10, False, 4
296,0, 10, False, 4
297,10, 20, False, 0
298,0, 20, False, 0
299,0, 20, False, 0
300,0, 20, False, 0
301,0, 20, False, 0
302,0, 20, False, 0
303,0, 20, False, 0
304,0, 20, False, 0
305,0, 20, False, 4
306,0, 20, False, 4
307,0, 20, False, 4
308,0, 20, False, 4
309,0, 20, False, 4
310,0, 20, False, 4
311,10, 30, False, 4
312,0, 30, False, 4
313,0, 30, False, 4
314,0, 30, False, 4
315,0, 30, False, 4
316,0, 30, False, 4
317,0, 30, False, 4
318,0, 30, False, 4
319,0, 30, False, 4
320,0, 30, False, 4
321,0, 30, False, 4
322,0, 30, False, 4
323,10, 40, False, 4
324,0, 40, False, 4
325,0, 40, False, 4
326,0, 40, False, 4
327,0, 40, False, 4
328,0, 40, False, 4
329,0, 40, False, 4
330,0, 40, False, 4
331,0, 40, False, 4
332,0, 40, False, 4
333,0, 40, False, 4
334,0, 40, False, 4
335,0, 40, False, 4
336,0, 40, False, 4
337,10, 50, False, 4
338,0, 50, False, 4
339,0, 50, False, 4
340,0, 50, False, 4
341,0, 50, False, 4
342,0, 50, False, 4
343,0, 50, False, 4
344,0, 50, False, 4
345,0, 50, False, 4
346,0, 50, False, 4
347,0, 50, False, 4
348,0, 50, False, 4
349,0, 50, False, 4
350,0, 50, False, 4
351,10, 60, False, 4
352,0, 60, False, 4
353,0, 60, False, 4
354,0, 60, False, 4
355,0, 60, False, 0
356,0, 60, False, 0
357,0, 60, False, 0
358,0, 60, False, 0
359,0, 60, False, 0
360,0, 60, False, 0
361,0, 60, False, 0
362,0, 60, False, 0
363,0, 60, False, 0
364,0, 60, False, 0
365,0, 60, False, 0
366,0, 60, False, 0
367,0, 60, False, 0
368,0, 60, False, 0
369,0, 60, False, 0
370,0, 60, False, 0
371,0, 60, False, 0
372,0, 60, False, 0
373,0, 60, False, 5
374,0, 60, False, 5
375,0, 60, False, 5
376,0, 60, False, 5
377,0, 60, False, 5
378,0, 60, False, 5
379,0, 60, False, 5
380,0, 60, False, 5
381,10, 70, False, 5
382,0, 70, False, 5
383,0, 70, False, 0
384,0, 70, False, 0
385,0, 70, False, 0
386,0, 70, False, 0
387,0, 70, False, 0
388,0, 70, False, 0
389,0, 70, False, 0
390,0, 70, False, 0
391,0, 70, False, 0
392,0, 70, False, 0
393,0, 70, False, 0
394,0, 70, False, 0
395,10, 80, False, 0
396,0, 80, False, 0
397,0, 80, False, 0
398,0, 80, False, 5
399,0, 80, False, 5
400,0, 80, False, 5
401,0, 80, False, 5
402,0, 80, False, 5
403,0, 80, False, 5
404,0, 80, False, 5
405,0, 80, False, 5
406,0, 80, False, 5
407,0, 80, False, 5
408,0, 80, False, 5
409,10, 90, False, 5
410,0, 90, False, 5
411,0, 90, False, 5
412,0, 90, False, 5
413,0, 90, False, 5
414,0, 90, False, 5
415,0, 90, False, 5
416,0, 90, False, 5
417,0, 90, False, 5
418,0, 90, False, 5
419,0, 90, False, 5
420,0, 90, False, 5
421,0, 90, False, 5
422,0, 90, False, 5
423,10, 100, False, 5
424,0, 100, False, 5
425,0, 100, False, 5
426,0, 100, False, 5
427,0, 100, False, 5
428,0, 100, False, 5
429,0, 100, False, 5
430,0, 100, False, 5
431,0, 100, False, 5
432,0, 100, False, 5
433,0, 100, False, 5
434,0, 100, False, 5
435,0, 100, False, 5
436,0, 100, False, 5
437,10, 110, False, 5
438,0, 110, False, 5
439,0, 110, False, 5
440,0, 110, False, 5
441,0, 110, False, 5
442,0, 110, False, 5
443,0, 110, False, 5
444,0, 110, False, 5
445,0, 110, False, 5
446,0, 110, False, 5
447,0, 110, False, 5
448,0, 110, False, 5
449,0, 110, False, 5
450,0, 110, False, 5
451,0, 110, False, 5
452,0, 110, False, 5
453,0, 110, False, 5
454,0, 110, False, 5
455,0, 110, False, 0
456,0, 110, False, 0
457,0, 110, False, 0
458,0, 110, False, 0
459,0, 110, False, 0
460,0, 110, False, 0
461,0, 110, False, 0
462,0, 110, False, 0
463,0, 110, False, 0
464,0, 110, False, 0
465,0, 110, False, 0
466,0, 110, False, 3
467,0, 110, False, 3
468,0, 110, False, 3
469,0, 110, False, 3
470,0, 110, False, 3
471,0, 110, False, 3
472,0, 110, False, 3
473,10, 120, False, 3
474,0, 120, False, 3
475,0, 120, False, 3
476,0, 120, False, 3
477,0, 120, False, 3
478,0, 120, False, 3
479,0, 120, False, 3
480,0, 120, False, 3
481,0, 120, False, 3
482,0, 120, False, 3
483,0, 120, False, 3
484,0, 120, False, 3
485,0, 120, False, 3
486,0, 120, False, 3
487,10, 130, False, 3
488,0, 130, False, 3
489,0, 130, False, 3
490,0, 130, False, 3
491,0, 130, False, 3
492,0, 130, False, 3
493,0, 130, False, 3
494,0, 130, False, 3
495,0, 130, False, 3
496,0, 130, False, 3
497,0, 130, False, 3
498,0, 130, False, 3
499,10, 140, False, 3
500,0, 140, False, 3
501,0, 140, False, 3
502,0, 140, False, 3
503,0, 140, False, 3
504,0, 140, False, 3
505,0, 140, False, 3
506,0, 140, False, 3
507,0, 140, False, 3
508,0, 140, False, 3
509,0, 140, False, 3
510,0, 140, False, 3
511,0, 140, False, 3
512,0, 140, False, 3
513,10, 150, False, 3
514,0, 150, False, 3
515,0, 150, False, 3
516,0, 150, False, 3
517,0, 150, False, 3
518,0, 150, False, 3
519,0, 150, False, 3
520,0, 150, False, 3
521,0, 150, False, 3
522,0, 150, False, 3
523,0, 150, False, 3
524,0, 150, False, 3
525,0, 150, False, 3
526,0, 150, False, 3
527,10, 160, False, 3
528,0, 160, False, 3
529,0, 160, False, 3
530,0, 160, False, 3
531,0, 160, False, 3
532,0, 160, False, 3
533,0, 160, False, 3
534,0, 160, False, 3
535,0, 160, False, 3
536,0, 160, False, 3
537,0, 160, False, 3
538,0, 160, False, 3
539,0, 160, False, 3
540,0, 160, False, 3
541,0, 160, False, 3
542,0, 160, False, 3
543,0, 160, False, 3
544,0, 160, False, 3
545,10, 170, False, 3
546,0, 170, False, 3
547,0, 170, False, 3
548,0, 170, False, 3
549,0, 170, False, 3
550,0, 170, False, 3
551,0, 170, False, 3
552,0, 170, False, 3
553,0, 170, False, 3
554,0, 170, False, 3
555,0, 170, False, 3
556,0, 170, False, 3
557,0, 170, False, 3
558,0, 170, False, 3
559,10, 180, False, 3
560,0, 180, False, 3
561,0, 180, False, 3
562,0, 180, False, 3
563,0, 180, False, 3
564,0, 180, False, 3
565,0, 180, False, 3
566,0, 180, False, 3
567,0, 180, False, 3
568,0, 180, False, 3
569,0, 180, False, 3
570,0, 180, False, 3
571,10, 190, False, 3
572,0, 190, False, 3
573,0, 190, False, 3
574,0, 190, False, 3
575,0, 190, False, 3
576,0, 190, False, 3
577,0, 190, False, 3
578,0, 190, False, 3
579,0, 190, False, 3
580,0, 190, False, 3
581,0, 190, False, 3
582,0, 190, False, 3
583,0, 190, False, 3
584,0, 190, False, 3
585,0, 190, False, 3
586,0, 190, False, 3
587,0, 190, False, 3
588,0, 190, False, 3
589,0, 190, False, 3
590,0, 190, False, 3
591,0, 190, False, 3
592,0, 190, False, 3
593,0, 190, False, 3
594,0, 190, False, 3
595,0, 190, False, 3
596,0, 190, False, 3
597,0, 190, False, 3
598,0, 190, False, 3
599,0, 190, False, 3
600,0, 190, False, 3
601,0, 190, False, 3
602,0, 190, False, 3
603,0, 190, False, 3
604,0, 190, False, 3
605,0, 190, False, 3
606,0, 190, False, 3
607,0, 190, False, 3
608,0, 190, False, 3
609,0, 190, False, 3
610,0, 190, False, 3
611,0, 190, False, 0
612,0, 190, False, 0
613,0, 190, False, 0
614,0, 190, False, 0
615,0, 190, False, 0
616,0, 190, False, 0
617,0, 190, False, 0
618,0, 190, False, 0
619,0, 190, False, 0
620,0, 190, False, 0
621,0, 190, False, 0
622,0, 190, False, 0
623,0, 190, False, 0
624,0, 190, False, 0
625,0, 190, False, 0
626,0, 190, False, 0
627,0, 190, False, 0
628,0, 190, False, 0
629,0, 190, False, 0
630,0, 190, False, 0
631,0, 190, False, 0
632,0, 190, False, 0
633,0, 190, False, 0
634,0, 190, False, 0
635,0, 190, False, 0
636,0, 190, False, 0
637,0, 190, False, 0
638,0, 190, False, 0
639,0, 190, False, 0
640,0, 190, False, 0
641,0, 190, False, 0
642,0, 190, False, 0
643,0, 190, False, 0
644,0, 190, False, 0
645,0, 190, False, 0
646,0, 190, False, 0
647,0, 190, False, 0
648,0, 190, False, 0
649,0, 190, False, 0
650,0, 190, False, 0
651,0, 190, False, 0
652,0, 190, False, 0
653,0, 190, False, 0
654,0, 190, False, 0
655,0, 190, False, 0
656,0, 190, False, 0
657,0, 190, False, 0
658,0, 190, False, 0
659,0, 190, False, 0
660,0, 190, False, 0
661,0, 190, False, 0
662,0, 190, False, 0
663,0, 190, False, 0
664,0, 190, False, 0
665,0, 190, False, 0
666,0, 190, False, 0
667,0, 190, False, 0
668,0, 190, False, 0
669,0, 190, False, 0
670,0, 190, False, 0
671,0, 190, False, 0
672,0, 190, False, 0
673,0, 190, False, 0
674,0, 190, False, 0
675,0, 190, False, 0
676,0, 190, False, 0
677,0, 190, False, 0
678,0, 190, False, 0
679,0, 190, False, 0
680,0, 190, False, 0
681,0, 190, False, 0
682,0, 190, False, 0
683,0, 190, False, 0
684,0, 190, False, 0
685,0, 190, False, 0
686,0, 190, False, 0
687,0, 190, False, 0
688,0, 190, False, 0
689,0, 190, False, 0
690,0, 190, False, 0
691,0, 190, False, 0
692,0, 190, False, 0
693,0, 190, False, 0
694,0, 190, False, 0
695,0, 190, False, 0
696,0, 190, False, 0
697,0, 190, False, 0
698,0, 190, False, 0
699,0, 190, False, 0
700,0, 190, False, 0
701,0, 190, False, 0
702,0, 190, False, 0
703,0, 190, False, 0
704,0, 190, False, 0
705,0, 190, False, 0
706,0, 190, False, 0
707,0, 190, False, 0
708,0, 190, False, 0
709,0, 190, False, 0
710,0, 190, False, 0
711,0, 190, False, 0
712,0, 190, False, 0
713,0, 190, False, 0
714,0, 190, False, 0
715,0, 190, False, 0
716,0, 190, False, 0
717,0, 190, False, 0
718,0, 190, False, 0
719,0, 190, False, 0
720,0, 190, False, 0
721,0, 190, False, 0
722,0, 190, False, 0
723,0, 190, False, 0
724,0, 190, False, 0
725,0, 190, False, 0
726,0, 190, False, 0
727,0, 190, False, 0
728,0, 190, False, 0
729,0, 190, False, 0
730,0, 190, False, 0
731,0, 190, False, 0
732,0, 190, False, 0
733,0, 190, False, 0
734,0, 190, False, 0
735,0, 190, False, 0
736,0, 190, False, 0
737,0, 190, False, 0
738,0, 190, False, 0
739,0, 190, False, 0
740,0, 190, False, 0
741,0, 190, False, 0
742,0, 190, False, 0
743,0, 190, False, 0
744,0, 190, False, 0
745,0, 190, False, 0
746,0, 190, False, 0
747,0, 190, False, 0
748,0, 190, False, 0
749,0, 190, False, 0
750,0, 190, False, 0
751,0, 190, False, 0
752,0, 190, False, 0
753,0, 190, False, 0
754,0, 190, False, 0
755,0, 190, False, 0
756,0, 190, False, 0
757,0, 190, False, 0
758,0, 190, False, 0
759,0, 190, False, 0
760,0, 190, False, 0
761,0, 190, False, 0
762,0, 190, False, 0
763,0, 190, False, 0
764,0, 190, False, 0
765,0, 190, False, 0
766,0, 190, False, 0
767,0, 190, False, 0
768,0, 190, False, 0
769,0, 190, False, 0
770,0, 190, False, 0
771,0, 190, False, 0
772,0, 190, False, 0
773,0, 190, False, 0
774,0, 190, False, 0
775,0, 190, False, 0
776,0, 190, False, 0
777,0, 190, False, 0
778,0, 190, False, 0
779,0, 190, False, 0
780,0, 190, False, 0
781,0, 190, False, 0
782,0, 190, False, 0
783,0, 190, False, 0
784,0, 190, False, 0
785,0, 190, False, 0
786,0, 190, False, 0
787,0, 190, False, 0
788,0, 190, False, 0
789,0, 190, False, 0
790,0, 190, False, 0
791,0, 190, False, 0
792,0, 190, False, 0
793,0, 190, False, 0
794,0, 190, False, 0
795,0, 190, False, 0
796,0, 190, False, 0
797,0, 190, False, 0
798,0, 190, False, 0
799,0, 190, False, 0
800,0, 190, False, 0
801,0, 190, False, 0
802,0, 190, False, 0
803,0, 190, False, 0
804,0, 190, False, 0
805,0, 190, False, 0
806,0, 190, False, 0
807,0, 190, False, 0
808,0, 190, False, 0
809,0, 190, False, 0
810,0, 190, False, 0
811,0, 190, False, 0
812,0, 190, False, 0
813,0, 190, False, 0
814,0, 190, False, 0
815,0, 190, False, 0
816,0, 190, False, 0
817,0, 190, False, 0
818,0, 190, False, 0
819,0, 190, False, 0
820,0, 190, False, 0
821,0, 190, False, 0
822,0, 190, False, 0
823,0, 190, False, 0
824,0, 190, False, 0
825,0, 190, False, 0
826,0, 190, False, 0
827,0, 190, False, 0
828,0, 190, False, 0
829,0, 190, False, 0
830,0, 190, False, 0
831,0, 190, False, 0
832,0, 190, False, 0
833,0, 190, False, 0
834,0, 190, False, 0
835,0, 190, False, 0
836,0, 190, False, 0
837,0, 190, False, 0
838,0, 190, False, 0
839,0, 190, False, 0
840,0, 190, False, 0
841,0, 190, False, 0
842,0, 190, False, 0
843,0, 190, False, 0
844,0, 190, False, 0
845,0, 190, False, 0
846,0, 190, False, 0
847,0, 190, False, 0
848,0, 190, False, 0
849,0, 190, False, 0
850,0, 190, False, 0
851,0, 190, False, 0
852,0, 190, False, 0
853,0, 190, False, 0
854,0, 190, False, 0
855,0, 190, False, 0
856,0, 190, False, 0
857,0, 190, False, 0
858,0, 190, False, 0
859,0, 190, False, 0
860,0, 190, False, 0
861,0, 190, False, 0
862,0, 190, False, 0
863,0, 190, False, 0
864,0, 190, False, 0
865,0, 190, False, 0
866,0, 190, False, 0
867,0, 190, False, 0
868,0, 190, False, 0
869,0, 190, False, 0
870,0, 190, False, 0
871,0, 190, False, 0
872,0, 190, False, 0
873,0, 190, False, 0
874,0, 190, False, 0
875,0, 190, False, 0
876,0, 190, False, 0
877,0, 190, False, 5
878,0, 190, False, 5
879,0, 190, False, 5
880,0, 190, False, 5
881,0, 190, False, 5
882,0, 190, False, 5
883,0, 190, False, 5
884,0, 190, False, 5
885,0, 190, False, 5
886,0, 190, False, 5
887,0, 190, False, 5
888,0, 190, False, 5
889,0, 190, False, 5
890,0, 190, False, 5
891,0, 190, False, 5
892,0, 190, False, 5
893,0, 190, False, 5
894,0, 190, False, 5
895,0, 190, False, 5
896,0, 190, False, 5
897,0, 190, False, 5
898,0, 190, False, 5
899,0, 190, False, 5
900,0, 190, False, 5
901,0, 190, False, 5
902,0, 190, False, 5
903,0, 190, False, 5
904,0, 190, False, 5
905,0, 190, False, 5
906,0, 190, False, 5
907,0, 190, False, 5
908,0, 190, False, 5
909,0, 190, False, 5
910,0, 190, False, 5
911,0, 190, False, 5
912,0, 190, False, 5
913,0, 190, False, 5
914,0, 190, False, 5
915,0, 190, False, 5
916,0, 190, False, 5
917,0, 190, False, 5
918,0, 190, False, 5
919,0, 190, False, 5
920,0, 190, False, 5
921,0, 190, False, 5
922,0, 190, False, 5
923,0, 190, False, 5
924,0, 190, False, 5
925,0, 190, False, 5
926,0, 190, False, 5
927,0, 190, False, 5
928,0, 190, False, 5
929,0, 190, False, 5
930,0, 190, False, 5
931,0, 190, False, 5
932,0, 190, False, 5
933,0, 190, False, 5
934,0, 190, False, 5
935,0, 190, False, 5
936,0, 190, False, 5
937,0, 190, False, 5
938,0, 190, False, 5
939,0, 190, False, 5
940,0, 190, False, 5
941,0, 190, False, 5
942,0, 190, False, 5
943,0, 190, False, 5
944,0, 190, False, 5
945,0, 190, False, 5
946,0, 190, False, 5
947,0, 190, False, 0
948,0, 190, False, 0
949,0, 190, False, 0
950,0, 190, False, 0
951,0, 190, False, 0
952,0, 190, False, 4
953,0, 190, False, 4
954,0, 190, False, 4
955,0, 190, False, 4
956,0, 190, False, 4
957,0, 190, False, 4
958,0, 190, False, 4
959,0, 190, False, 4
960,0, 190, False, 4
961,10, 200, False, 4
962,0, 200, False, 4
963,0, 200, False, 4
964,0, 200, False, 4
965,0, 200, False, 4
966,0, 200, False, 4
967,0, 200, False, 4
968,0, 200, False, 4
969,0, 200, False, 4
970,0, 200, False, 4
971,0, 200, False, 4
972,0, 200, False, 4
973,0, 200, False, 4
974,0, 200, False, 4
975,10, 210, False, 4
976,0, 210, False, 4
977,0, 210, False, 4
978,0, 210, False, 4
979,0, 210, False, 4
980,0, 210, False, 4
981,0, 210, False, 4
982,0, 210, False, 4
983,0, 210, False, 4
984,0, 210, False, 4
985,0, 210, False, 4
986,0, 210, False, 4
987,10, 220, False, 4
988,0, 220, False, 4
989,0, 220, False, 4
990,0, 220, False, 4
991,0, 220, False, 4
992,0, 220, False, 4
993,0, 220, False, 4
994,0, 220, False, 4
995,0, 220, False, 4
996,0, 220, False, 4
997,0, 220, False, 4
998,0, 220, False, 4
999,0, 220, False, 4
1000,0, 220, False, 4
1001,0, 220, False, 4
1002,0, 220, False, 4
1003,0, 220, False, 4
1004,0, 220, False, 4
1005,0, 220, False, 4
1006,0, 220, False, 4
1007,0, 220, False, 4
1008,0, 220, False, 4
1009,0, 220, False, 4
1010,0, 220, False, 4
1011,0, 220, False, 4
1012,0, 220, False, 4
1013,0, 220, False, 0
1014,0, 220, False, 2
1015,0, 220, False, 2
1016,0, 220, False, 2
1017,0, 220, False, 2
1018,0, 220, False, 2
1019,0, 220, False, 2
1020,0, 220, False, 2
1021,0, 220, False, 2
1022,0, 220, False, 2
1023,0, 220, False, 2
1024,0, 220, False, 2
1025,50, 270, False, 2
1026,0, 270, False, 2
1027,0, 270, False, 2
1028,0, 270, False, 2
1029,0, 270, False, 2
1030,0, 270, False, 2
1031,0, 270, False, 2
1032,0, 270, False, 2
1033,0, 270, False, 2
1034,0, 270, False, 2
1035,0, 270, False, 2
1036,0, 270, False, 2
1037,10, 280, False, 2
1038,0, 280, False, 2
1039,0, 280, False, 2
1040,0, 280, False, 2
1041,0, 280, False, 2
1042,0, 280, False, 2
1043,0, 280, False, 2
1044,0, 280, False, 2
1045,0, 280, False, 2
1046,0, 280, False, 2
1047,0, 280, False, 2
1048,0, 280, False, 2
1049,0, 280, False, 2
1050,0, 280, False, 2
1051,10, 290, False, 2
1052,0, 290, False, 2
1053,0, 290, False, 2
1054,0, 290, False, 2
1055,0, 290, False, 2
1056,0, 290, False, 2
1057,0, 290, False, 2
1058,0, 290, False, 2
1059,0, 290, False, 2
1060,0, 290, False, 2
1061,0, 290, False, 2
1062,0, 290, False, 2
1063,0, 290, False, 2
1064,0, 290, False, 2
1065,0, 290, False, 6
1066,0, 290, False, 3
1067,0, 290, False, 3
1068,0, 290, False, 3
1069,0, 290, False, 3
1070,0, 290, False, 3
1071,0, 290, False, 3
1072,0, 290, False, 3
1073,10, 300, False, 3
1074,0, 300, False, 3
1075,0, 300, False, 3
1076,0, 300, False, 3
1077,0, 300, False, 3
1078,0, 300, False, 3
1079,0, 300, False, 3
1080,0, 300, False, 3
1081,0, 300, False, 3
1082,0, 300, False, 3
1083,0, 300, False, 3
1084,0, 300, False, 3
1085,0, 300, False, 3
1086,0, 300, False, 3
1087,10, 310, False, 3
1088,0, 310, False, 3
1089,0, 310, False, 0
1090,0, 310, False, 0
1091,0, 310, False, 0
1092,0, 310, False, 0
1093,0, 310, False, 0
1094,0, 310, False, 0
1095,0, 310, False, 0
1096,0, 310, False, 0
1097,0, 310, False, 0
1098,0, 310, False, 0
1099,0, 310, False, 0
1100,0, 310, False, 0
1101,0, 310, False, 0
1102,0, 310, False, 0
1103,0, 310, False, 0
1104,0, 310, False, 0
1105,0, 310, False, 0
1106,0, 310, False, 0
1107,0, 310, False, 0
1108,0, 310, False, 0
1109,0, 310, False, 0
1110,0, 310, False, 0
1111,0, 310, False, 0
1112,0, 310, False, 0
1113,0, 310, False, 0
1114,0, 310, False, 0
1115,0, 310, False, 0
1116,0, 310, False, 0
1117,0, 310, False, 0
1118,0, 310, False, 0
1119,0, 310, False, 0
1120,0, 310, False, 0
1121,0, 310, False, 0
1122,0, 310, False, 0
1123,0, 310, False, 0
1124,0, 310, False, 0
1125,0, 310, False, 0
1126,0, 310, False, 0
1127,0, 310, False, 0
1128,0, 310, False, 0
1129,0, 310, False, 0
1130,0, 310, False, 0
1131,0, 310, False, 0
1132,0, 310, False, 4
1133,0, 310, False, 4
1134,0, 310, False, 4
1135,0, 310, False, 4
1136,0, 310, False, 4
1137,0, 310, False, 4
1138,0, 310, False, 4
1139,0, 310, False, 4
1140,0, 310, False, 4
1141,0, 310, False, 4
1142,0, 310, False, 4
1143,0, 310, False, 4
1144,0, 310, False, 4
1145,0, 310, False, 4
1146,0, 310, False, 4
1147,0, 310, False, 4
1148,0, 310, False, 4
1149,0, 310, False, 0
1150,0, 310, False, 0
1151,0, 310, False, 0
1152,0, 310, False, 0
1153,0, 310, False, 0
1154,0, 310, False, 0
1155,0, 310, False, 0
1156,0, 310, False, 0
1157,0, 310, False, 0
1158,0, 310, False, 0
1159,0, 310, False, 0
1160,0, 310, False, 0
1161,0, 310, False, 0
1162,0, 310, False, 0
1163,0, 310, False, 0
1164,0, 310, False, 0
1165,0, 310, False, 0
1166,0, 310, False, 0
1167,0, 310, False, 0
1168,0, 310, False, 0
1169,0, 310, False, 0
1170,0, 310, False, 0
1171,0, 310, False, 0
1172,0, 310, False, 0
1173,0, 310, False, 0
1174,0, 310, False, 0
1175,0, 310, False, 0
1176,0, 310, False, 0
1177,0, 310, False, 0
1178,0, 310, False, 0
1179,0, 310, False, 0
1180,0, 310, False, 0
1181,0, 310, False, 0
1182,0, 310, False, 0
1183,0, 310, False, 0
1184,0, 310, False, 0
1185,0, 310, False, 0
1186,0, 310, False, 0
1187,0, 310, False, 0
1188,0, 310, False, 0
1189,0, 310, False, 3
1190,0, 310, False, 3
1191,0, 310, False, 3
1192,0, 310, False, 3
1193,0, 310, False, 3
1194,0, 310, False, 3
1195,0, 310, False, 3
1196,0, 310, False, 3
1197,0, 310, False, 0
1198,0, 310, False, 0
1199,0, 310, False, 0
1200,0, 310, False, 0
1201,0, 310, False, 0
1202,0, 310, False, 0
1203,0, 310, False, 0
1204,0, 310, False, 0
1205,0, 310, False, 0
1206,0, 310, False, 0
1207,0, 310, False, 0
1208,0, 310, False, 0
1209,0, 310, False, 0
1210,0, 310, False, 0
1211,0, 310, False, 0
1212,0, 310, False, 0
1213,0, 310, False, 0
1214,0, 310, False, 0
1215,0, 310, False, 0
1216,0, 310, False, 0
1217,0, 310, False, 0
1218,0, 310, False, 0
1219,0, 310, False, 0
1220,0, 310, False, 0
1221,0, 310, False, 0
1222,0, 310, False, 0
1223,0, 310, False, 0
1224,0, 310, False, 0
1225,0, 310, False, 0
1226,0, 310, False, 0
1227,0, 310, False, 0
1228,0, 310, False, 0
1229,0, 310, False, 0
1230,0, 310, False, 0
1231,0, 310, False, 0
1232,0, 310, False, 0
1233,0, 310, False, 0
1234,0, 310, False, 0
1235,0, 310, False, 0
1236,0, 310, False, 0
1237,0, 310, False, 0
1238,0, 310, False, 4
1239,0, 310, False, 4
1240,0, 310, False, 4
1241,0, 310, False, 4
1242,0, 310, False, 4
1243,0, 310, False, 4
1244,0, 310, False, 4
1245,0, 310, False, 4
1246,0, 310, False, 4
1247,0, 310, False, 4
1248,0, 310, False, 4
1249,0, 310, False, 4
1250,0, 310, False, 0
1251,0, 310, False, 0
1252,0, 310, False, 0
1253,0, 310, False, 0
1254,0, 310, False, 0
1255,0, 310, False, 0
1256,0, 310, False, 0
1257,0, 310, False, 0
1258,0, 310, False, 0
1259,0, 310, False, 0
1260,0, 310, False, 4
1261,0, 310, False, 4
1262,0, 310, False, 4
1263,0, 310, False, 4
1264,0, 310, False, 4
1265,0, 310, False, 4
1266,0, 310, False, 0
1267,0, 310, False, 0
1268,0, 310, False, 0
1269,0, 310, False, 0
1270,0, 310, False, 0
1271,0, 310, False, 2
1272,0, 310, False, 2
1273,0, 310, False, 2
1274,0, 310, False, 2
1275,0, 310, False, 2
1276,0, 310, False, 2
1277,0, 310, False, 2
1278,0, 310, False, 2
1279,0, 310, False, 2
1280,0, 310, False, 2
1281,0, 310, False, 2
1282,0, 310, False, 2
1283,0, 310, False, 2
1284,0, 310, False, 2
1285,0, 310, False, 2
1286,0, 310, False, 0
1287,0, 310, False, 0
1288,0, 310, False, 0
1289,0, 310, False, 0
1290,0, 310, False, 0
1291,0, 310, False, 0
1292,0, 310, False, 0
1293,0, 310, False, 0
1294,0, 310, False, 0
1295,0, 310, False, 0
1296,0, 310, False, 0
1297,0, 310, False, 0
1298,0, 310, False, 0
1299,0, 310, False, 0
1300,0, 310, False, 0
1301,0, 310, False, 0
1302,0, 310, False, 0
1303,0, 310, False, 0
1304,0, 310, False, 3
1305,0, 310, False, 3
1306,0, 310, False, 3
1307,0, 310, False, 3
1308,0, 310, False, 3
1309,0, 310, False, 3
1310,0, 310, False, 0
1311,0, 310, False, 0
1312,0, 310, False, 0
1313,0, 310, False, 0
1314,0, 310, False, 0
1315,0, 310, False, 0
1316,0, 310, False, 0
1317,0, 310, False, 0
1318,0, 310, False, 0
1319,0, 310, False, 0
1320,0, 310, False, 0
1321,0, 310, False, 0
1322,0, 310, False, 0
1323,0, 310, False, 0
1324,0, 310, False, 0
1325,0, 310, False, 2
1326,0, 310, False, 2
1327,0, 310, False, 2
1328,0, 310, False, 2
1329,0, 310, False, 2
1330,0, 310, False, 2
1331,0, 310, False, 2
1332,0, 310, False, 2
1333,0, 310, False, 2
1334,0, 310, False, 2
1335,0, 310, False, 2
1336,0, 310, False, 2
1337,200, 510, False, 2
1338,0, 510, False, 2
1339,0, 510, False, 2
1340,0, 510, False, 2
1341,0, 510, False, 0
1342,0, 510, False, 0
1343,0, 510, False, 0
1344,0, 510, False, 0
1345,0, 510, False, 0
1346,0, 510, False, 0
1347,0, 510, False, 0
1348,0, 510, False, 0
1349,0, 510, False, 0
1350,0, 510, False, 0
1351,0, 510, False, 0
1352,0, 510, False, 0
1353,0, 510, False, 0
1354,0, 510, False, 0
1355,0, 510, False, 0
1356,0, 510, False, 0
1357,0, 510, False, 0
1358,0, 510, False, 0
1359,0, 510, False, 0
1360,0, 510, False, 0
1361,0, 510, False, 0
1362,0, 510, False, 0
1363,0, 510, False, 0
1364,0, 510, False, 0
1365,0, 510, False, 0
1366,0, 510, False, 0
1367,0, 510, False, 0
1368,0, 510, False, 0
1369,0, 510, False, 0
1370,0, 510, False, 0
1371,0, 510, False, 0
1372,0, 510, False, 0
1373,0, 510, False, 0
1374,0, 510, False, 0
1375,0, 510, False, 0
1376,0, 510, False, 0
1377,0, 510, False, 0
1378,0, 510, False, 0
1379,0, 510, False, 0
1380,0, 510, False, 0
1381,0, 510, False, 0
1382,0, 510, False, 0
1383,0, 510, False, 0
1384,0, 510, False, 0
1385,0, 510, False, 0
1386,0, 510, False, 0
1387,0, 510, False, 0
1388,0, 510, False, 0
1389,0, 510, False, 0
1390,0, 510, False, 0
1391,0, 510, False, 0
1392,0, 510, False, 0
1393,0, 510, False, 0
1394,0, 510, False, 0
1395,0, 510, False, 0
1396,0, 510, False, 0
1397,0, 510, False, 0
1398,0, 510, False, 0
1399,0, 510, False, 0
1400,0, 510, False, 0
1401,0, 510, False, 0
1402,0, 510, False, 0
1403,0, 510, False, 0
1404,0, 510, False, 0
1405,0, 510, False, 0
1406,0, 510, False, 0
1407,0, 510, False, 0
1408,0, 510, False, 0
1409,0, 510, False, 3
1410,0, 510, False, 3
1411,0, 510, False, 3
1412,0, 510, False, 3
1413,0, 510, False, 3
1414,0, 510, False, 3
1415,0, 510, False, 3
1416,0, 510, False, 3
1417,0, 510, False, 3
1418,0, 510, False, 3
1419,0, 510, False, 3
1420,0, 510, False, 3
1421,0, 510, False, 3
1422,0, 510, False, 3
1423,0, 510, False, 3
1424,0, 510, False, 3
1425,0, 510, False, 3
1426,0, 510, False, 3
1427,0, 510, False, 3
1428,0, 510, False, 3
1429,0, 510, False, 3
1430,0, 510, False, 3
1431,0, 510, False, 3
1432,0, 510, False, 0
1433,0, 510, False, 0
1434,0, 510, False, 0
1435,0, 510, False, 0
1436,0, 510, False, 0
1437,0, 510, False, 0
1438,0, 510, False, 0
1439,0, 510, False, 0
1440,0, 510, False, 0
1441,0, 510, False, 0
1442,0, 510, False, 0
1443,0, 510, False, 0
1444,0, 510, False, 0
1445,0, 510, False, 0
1446,0, 510, False, 0
1447,0, 510, False, 0
1448,0, 510, False, 0
1449,0, 510, False, 0
1450,0, 510, False, 0
1451,0, 510, False, 0
1452,0, 510, False, 0
1453,0, 510, False, 0
1454,0, 510, False, 0
1455,0, 510, False, 0
1456,0, 510, False, 0
1457,0, 510, False, 0
1458,0, 510, False, 0
1459,0, 510, False, 0
1460,0, 510, False, 0
1461,0, 510, False, 0
1462,0, 510, False, 0
1463,0, 510, False, 0
1464,0, 510, False, 0
1465,0, 510, False, 0
1466,0, 510, False, 0
1467,0, 510, False, 0
1468,0, 510, False, 0
1469,0, 510, False, 0
1470,0, 510, False, 0
1471,0, 510, False, 0
1472,0, 510, False, 0
1473,0, 510, False, 0
1474,0, 510, False, 0
1475,10, 520, False, 0
1476,0, 520, False, 0
1477,0, 520, False, 0
1478,0, 520, False, 0
1479,0, 520, False, 0
1480,0, 520, False, 0
1481,0, 520, False, 0
1482,0, 520, False, 0
1483,0, 520, False, 0
1484,0, 520, False, 0
1485,0, 520, False, 0
1486,0, 520, False, 0
1487,0, 520, False, 0
1488,0, 520, False, 0
1489,10, 530, False, 0
1490,0, 530, False, 0
1491,0, 530, False, 0
1492,0, 530, False, 0
1493,0, 530, False, 0
1494,0, 530, False, 0
1495,0, 530, False, 0
1496,0, 530, False, 0
1497,0, 530, False, 0
1498,0, 530, False, 0
1499,0, 530, False, 0
1500,0, 530, False, 0
1501,0, 530, False, 0
1502,0, 530, False, 0
1503,10, 540, False, 0
1504,0, 540, False, 0
1505,0, 540, False, 0
1506,0, 540, False, 0
1507,0, 540, False, 0
1508,0, 540, False, 0
1509,0, 540, False, 0
1510,0, 540, False, 0
1511,0, 540, False, 0
1512,0, 540, False, 0
1513,0, 540, False, 0
1514,0, 540, False, 0
1515,10, 550, False, 0
1516,0, 550, False, 0
1517,0, 550, False, 0
1518,0, 550, False, 0
1519,0, 550, False, 0
1520,0, 550, False, 0
1521,0, 550, False, 0
1522,0, 550, False, 0
1523,0, 550, False, 0
1524,0, 550, False, 0
1525,0, 550, False, 0
1526,0, 550, False, 0
1527,0, 550, False, 0
1528,0, 550, False, 0
1529,10, 560, False, 0
1530,0, 560, False, 0
1531,0, 560, False, 0
1532,0, 560, False, 0
1533,0, 560, False, 0
1534,0, 560, False, 0
1535,0, 560, False, 0
1536,0, 560, False, 0
1537,0, 560, False, 0
1538,0, 560, False, 0
1539,0, 560, False, 0
1540,0, 560, False, 0
1541,0, 560, False, 0
1542,0, 560, False, 0
1543,10, 570, False, 0
1544,0, 570, False, 0
1545,0, 570, False, 5
1546,0, 570, False, 5
1547,0, 570, False, 5
1548,0, 570, False, 5
1549,0, 570, False, 5
1550,0, 570, False, 5
1551,0, 570, False, 5
1552,0, 570, False, 5
1553,0, 570, False, 5
1554,0, 570, False, 5
1555,10, 580, False, 5
1556,0, 580, False, 5
1557,0, 580, False, 5
1558,0, 580, False, 5
1559,0, 580, False, 5
1560,0, 580, False, 5
1561,0, 580, False, 5
1562,0, 580, False, 5
1563,0, 580, False, 5
1564,0, 580, False, 5
1565,0, 580, False, 5
1566,0, 580, False, 0
1567,0, 580, False, 0
1568,0, 580, False, 0
1569,10, 590, False, 0
1570,0, 590, False, 0
1571,0, 590, False, 0
1572,0, 590, False, 0
1573,0, 590, False, 0
1574,0, 590, False, 0
1575,0, 590, False, 0
1576,0, 590, False, 0
1577,0, 590, False, 0
1578,0, 590, False, 0
1579,0, 590, False, 0
1580,0, 590, False, 0
1581,0, 590, False, 0
1582,0, 590, False, 0
1583,10, 600, False, 0
1584,0, 600, False, 0
1585,0, 600, False, 0
1586,0, 600, False, 0
1587,0, 600, False, 0
1588,0, 600, False, 0
1589,0, 600, False, 0
1590,0, 600, False, 0
1591,0, 600, False, 0
1592,0, 600, False, 0
1593,0, 600, False, 0
1594,0, 600, False, 0
1595,0, 600, False, 0
1596,0, 600, False, 0
1597,10, 610, False, 0
1598,0, 610, False, 0
1599,0, 610, False, 0
1600,0, 610, False, 0
1601,0, 610, False, 0
1602,0, 610, False, 0
1603,0, 610, False, 0
1604,0, 610, False, 0
1605,0, 610, False, 0
1606,0, 610, False, 0
1607,0, 610, False, 0
1608,0, 610, False, 0
1609,0, 610, False, 0
1610,0, 610, False, 0
1611,10, 620, False, 0
1612,0, 620, False, 0
1613,0, 620, False, 0
1614,0, 620, False, 0
1615,0, 620, False, 0
1616,0, 620, False, 0
1617,0, 620, False, 0
1618,0, 620, False, 0
1619,0, 620, False, 0
1620,0, 620, False, 0
1621,0, 620, False, 3
1622,0, 620, False, 3
1623,0, 620, False, 3
1624,0, 620, False, 3
1625,0, 620, False, 3
1626,0, 620, False, 3
1627,0, 620, False, 3
1628,0, 620, False, 3
1629,10, 630, False, 3
1630,0, 630, False, 3
1631,0, 630, False, 3
1632,0, 630, False, 3
1633,0, 630, False, 3
1634,0, 630, False, 3
1635,0, 630, False, 3
1636,0, 630, False, 3
1637,0, 630, False, 3
1638,0, 630, False, 3
1639,0, 630, False, 3
1640,0, 630, False, 3
1641,0, 630, False, 3
1642,0, 630, False, 3
1643,10, 640, False, 3
1644,0, 640, False, 3
1645,0, 640, False, 3
1646,0, 640, False, 3
1647,0, 640, False, 3
1648,0, 640, False, 3
1649,0, 640, False, 3
1650,0, 640, False, 3
1651,0, 640, False, 3
1652,0, 640, False, 3
1653,0, 640, False, 3
1654,0, 640, False, 3
1655,10, 650, False, 3
1656,0, 650, False, 3
1657,0, 650, False, 3
1658,0, 650, False, 3
1659,0, 650, False, 3
1660,0, 650, False, 3
1661,0, 650, False, 3
1662,0, 650, False, 3
1663,0, 650, False, 3
1664,0, 650, False, 3
1665,0, 650, False, 3
1666,0, 650, False, 3
1667,0, 650, False, 3
1668,0, 650, False, 3
1669,0, 650, False, 3
1670,0, 650, False, 3
1671,0, 650, False, 0
1672,0, 650, False, 0
1673,0, 650, False, 0
1674,0, 650, False, 0
1675,0, 650, False, 0
1676,0, 650, False, 0
1677,0, 650, False, 0
1678,0, 650, False, 0
1679,0, 650, False, 0
1680,0, 650, False, 0
1681,0, 650, False, 0
1682,0, 650, False, 0
1683,0, 650, False, 0
1684,0, 650, False, 0
1685,0, 650, False, 0
1686,0, 650, False, 0
1687,0, 650, False, 0
1688,0, 650, False, 0
1689,0, 650, False, 0
1690,0, 650, False, 0
1691,0, 650, False, 0
1692,0, 650, False, 0
1693,0, 650, False, 0
1694,0, 650, False, 0
1695,0, 650, False, 0
1696,0, 650, False, 0
1697,0, 650, False, 0
1698,0, 650, False, 5
1699,0, 650, False, 5
1700,0, 650, False, 5
1701,0, 650, False, 0
1702,0, 650, False, 0
1703,0, 650, False, 0
1704,0, 650, False, 0
1705,0, 650, False, 0
1706,0, 650, False, 0
1707,0, 650, False, 0
1708,0, 650, False, 0
1709,0, 650, False, 0
1710,0, 650, False, 0
1711,0, 650, False, 0
1712,0, 650, False, 0
1713,0, 650, False, 0
1714,0, 650, False, 0
1715,0, 650, False, 0
1716,0, 650, False, 0
1717,0, 650, False, 0
1718,0, 650, False, 0
1719,0, 650, False, 0
1720,0, 650, False, 0
1721,0, 650, False, 0
1722,0, 650, False, 0
1723,0, 650, False, 0
1724,0, 650, False, 0
1725,0, 650, False, 0
1726,0, 650, False, 0
1727,0, 650, False, 0
1728,0, 650, False, 0
1729,0, 650, False, 0
1730,0, 650, False, 0
1731,0, 650, False, 0
1732,0, 650, False, 0
1733,0, 650, False, 0
1734,0, 650, False, 0
1735,0, 650, False, 0
1736,0, 650, False, 0
1737,0, 650, False, 0
1738,0, 650, False, 0
1739,0, 650, False, 0
1740,0, 650, False, 0
1741,0, 650, False, 2
1742,0, 650, False, 2
1743,0, 650, False, 2
1744,0, 650, False, 2
1745,0, 650, False, 2
1746,0, 650, False, 2
1747,0, 650, False, 2
1748,0, 650, False, 2
1749,0, 650, False, 2
1750,0, 650, False, 2
1751,0, 650, False, 2
1752,0, 650, False, 2
1753,50, 700, False, 2
1754,0, 700, False, 2
1755,0, 700, False, 2
1756,0, 700, False, 2
1757,0, 700, False, 2
1758,0, 700, False, 2
1759,0, 700, False, 2
1760,0, 700, False, 2
1761,0, 700, False, 2
1762,0, 700, False, 2
1763,0, 700, False, 2
1764,0, 700, False, 2
1765,10, 710, False, 2
1766,0, 710, False, 2
1767,0, 710, False, 2
1768,0, 710, False, 2
1769,0, 710, False, 2
1770,0, 710, False, 2
1771,0, 710, False, 2
1772,0, 710, False, 2
1773,0, 710, False, 2
1774,0, 710, False, 2
1775,0, 710, False, 2
1776,0, 710, False, 2
1777,0, 710, False, 2
1778,0, 710, False, 2
1779,10, 720, False, 0
1780,0, 720, False, 0
1781,0, 720, False, 0
1782,0, 720, False, 0
1783,0, 720, False, 0
1784,0, 720, False, 0
1785,0, 720, False, 0
1786,0, 720, False, 0
1787,0, 720, False, 0
1788,0, 720, False, 0
1789,0, 720, False, 0
1790,0, 720, False, 0
1791,0, 720, False, 0
1792,0, 720, False, 0
1793,0, 720, False, 0
1794,0, 720, False, 0
1795,0, 720, False, 0
1796,0, 720, False, 0
1797,0, 720, False, 0
1798,0, 720, False, 0
1799,0, 720, False, 0
1800,0, 720, False, 0
1801,0, 720, False, 0
1802,0, 720, False, 0
1803,0, 720, False, 0
1804,0, 720, False, 0
1805,0, 720, False, 0
1806,0, 720, False, 0
1807,0, 720, False, 0
1808,0, 720, False, 0
1809,0, 720, False, 0
1810,0, 720, False, 0
1811,0, 720, False, 0
1812,0, 720, False, 0
1813,0, 720, False, 0
1814,0, 720, False, 0
1815,0, 720, False, 0
1816,0, 720, False, 0
1817,0, 720, False, 0
1818,0, 720, False, 4
1819,0, 720, False, 4
1820,0, 720, False, 4
1821,0, 720, False, 4
1822,0, 720, False, 4
1823,0, 720, False, 4
1824,0, 720, False, 4
1825,0, 720, False, 0
1826,0, 720, False, 0
1827,10, 730, False, 0
1828,0, 730, False, 0
1829,0, 730, False, 0
1830,0, 730, False, 0
1831,0, 730, False, 0
1832,0, 730, False, 0
1833,0, 730, False, 0
1834,0, 730, False, 0
1835,0, 730, False, 0
1836,0, 730, False, 0
1837,0, 730, False, 0
1838,0, 730, False, 0
1839,10, 740, False, 0
1840,0, 740, False, 0
1841,0, 740, False, 0
1842,0, 740, False, 0
1843,0, 740, False, 0
1844,0, 740, False, 0
1845,0, 740, False, 0
1846,0, 740, False, 0
1847,0, 740, False, 0
1848,0, 740, False, 0
1849,0, 740, False, 0
1850,0, 740, False, 0
1851,0, 740, False, 0
1852,0, 740, False, 0
1853,0, 740, False, 0
1854,0, 740, False, 0
1855,0, 740, False, 0
1856,0, 740, False, 0
1857,0, 740, False, 0
1858,0, 740, False, 0
1859,0, 740, False, 0
1860,0, 740, False, 0
1861,0, 740, False, 0
1862,0, 740, False, 0
1863,0, 740, False, 0
1864,0, 740, False, 0
1865,0, 740, False, 0
1866,0, 740, False, 0
1867,0, 740, False, 0
1868,0, 740, False, 0
1869,0, 740, False, 0
1870,0, 740, False, 0
1871,0, 740, False, 0
1872,0, 740, False, 0
1873,0, 740, False, 0
1874,0, 740, False, 0
1875,0, 740, False, 0
1876,0, 740, False, 0
1877,0, 740, False, 0
1878,0, 740, False, 0
1879,0, 740, False, 0
1880,0, 740, False, 0
1881,0, 740, False, 0
1882,0, 740, False, 0
1883,0, 740, False, 0
1884,0, 740, False, 0
1885,0, 740, False, 0
1886,0, 740, False, 0
1887,0, 740, False, 0
1888,0, 740, False, 0
1889,0, 740, False, 0
1890,0, 740, False, 0
1891,0, 740, False, 0
1892,0, 740, False, 0
1893,0, 740, False, 0
1894,0, 740, False, 0
1895,0, 740, False, 0
1896,0, 740, False, 0
1897,0, 740, False, 0
1898,0, 740, False, 0
1899,0, 740, False, 0
1900,0, 740, False, 0
1901,0, 740, False, 0
1902,0, 740, False, 0
1903,0, 740, False, 0
1904,0, 740, False, 0
1905,0, 740, False, 0
1906,0, 740, False, 2
1907,0, 740, False, 2
1908,0, 740, False, 2
1909,0, 740, False, 2
1910,0, 740, False, 2
1911,0, 740, False, 2
1912,0, 740, False, 2
1913,0, 740, False, 0
1914,0, 740, False, 0
1915,0, 740, False, 0
1916,0, 740, False, 0
1917,0, 740, False, 0
1918,0, 740, False, 0
1919,0, 740, False, 0
1920,0, 740, False, 0
1921,0, 740, False, 0
1922,0, 740, False, 0
1923,0, 740, False, 0
1924,0, 740, False, 0
1925,0, 740, False, 0
1926,0, 740, False, 0
1927,0, 740, False, 0
1928,0, 740, False, 0
1929,0, 740, False, 0
1930,0, 740, False, 0
1931,0, 740, False, 0
1932,0, 740, False, 0
1933,0, 740, False, 0
1934,0, 740, False, 0
1935,0, 740, False, 0
1936,0, 740, False, 0
1937,0, 740, False, 0
1938,0, 740, False, 0
1939,0, 740, False, 0
1940,0, 740, False, 0
1941,0, 740, False, 0
1942,0, 740, False, 0
1943,0, 740, False, 0
1944,0, 740, False, 0
1945,0, 740, False, 0
1946,0, 740, False, 0
1947,0, 740, False, 0
1948,0, 740, False, 0
1949,0, 740, False, 0
1950,0, 740, False, 0
1951,0, 740, False, 0
1952,0, 740, False, 0
1953,0, 740, False, 4
1954,0, 740, False, 4
1955,0, 740, False, 4
1956,0, 740, False, 4
1957,0, 740, False, 4
1958,0, 740, False, 4
1959,0, 740, False, 4
1960,0, 740, False, 4
1961,0, 740, False, 4
1962,0, 740, False, 4
1963,0, 740, False, 4
1964,0, 740, False, 4
1965,0, 740, False, 4
1966,0, 740, False, 4
1967,0, 740, False, 4
1968,0, 740, False, 4
1969,0, 740, False, 4
1970,0, 740, False, 4
1971,0, 740, False, 4
1972,0, 740, False, 4
1973,0, 740, False, 4
1974,0, 740, False, 0
1975,0, 740, False, 0
1976,0, 740, False, 0
1977,0, 740, False, 0
1978,0, 740, False, 0
1979,0, 740, False, 0
1980,0, 740, False, 0
1981,0, 740, False, 0
1982,0, 740, False, 0
1983,0, 740, False, 0
1984,0, 740, False, 0
1985,0, 740, False, 0
1986,0, 740, False, 0
1987,0, 740, False, 0
1988,0, 740, False, 0
1989,0, 740, False, 0
1990,0, 740, False, 0
1991,0, 740, False, 0
1992,0, 740, False, 0
1993,0, 740, False, 0
1994,0, 740, False, 0
1995,0, 740, False, 0
1996,0, 740, False, 2
1997,0, 740, False, 2
1998,0, 740, False, 2
1999,0, 740, False, 2
2000,0, 740, False, 2
2001,0, 740, False, 2
2002,0, 740, False, 2
2003,0, 740, False, 2
2004,0, 740, False, 2
2005,0, 740, False, 2
2006,0, 740, False, 2
2007,0, 740, False, 2
2008,0, 740, False, 2
2009,0, 740, False, 2
2010,0, 740, False, 2
2011,0, 740, False, 2
2012,0, 740, False, 0
2013,0, 740, False, 0
2014,0, 740, False, 0
2015,0, 740, False, 0
2016,0, 740, False, 0
2017,0, 740, False, 0
2018,0, 740, False, 0
2019,0, 740, False, 0
2020,0, 740, False, 0
2021,0, 740, False, 0
2022,0, 740, False, 0
2023,0, 740, False, 0
2024,0, 740, False, 0
2025,0, 740, False, 0
2026,0, 740, False, 0
2027,0, 740, False, 0
2028,0, 740, False, 0
2029,0, 740, False, 0
2030,0, 740, False, 0
2031,200, 940, False, 0
2032,0, 940, False, 0
2033,0, 940, False, 0
2034,0, 940, False, 0
2035,0, 940, False, 0
2036,0, 940, False, 0
2037,0, 940, False, 0
2038,0, 940, False, 0
2039,0, 940, False, 0
2040,0, 940, False, 0
2041,0, 940, False, 0
2042,0, 940, False, 0
2043,0, 940, False, 0
2044,0, 940, False, 0
2045,0, 940, False, 0
2046,0, 940, False, 0
2047,0, 940, False, 0
2048,0, 940, False, 0
2049,0, 940, False, 0
2050,0, 940, False, 0
2051,0, 940, False, 0
2052,0, 940, False, 0
2053,0, 940, False, 0
2054,0, 940, False, 0
2055,0, 940, False, 0
2056,0, 940, False, 0
2057,0, 940, False, 0
2058,0, 940, False, 0
2059,0, 940, False, 0
2060,0, 940, False, 0
2061,0, 940, False, 0
2062,0, 940, False, 0
2063,0, 940, False, 0
2064,0, 940, False, 0
2065,0, 940, False, 0
2066,0, 940, False, 0
2067,0, 940, False, 0
2068,0, 940, False, 0
2069,0, 940, False, 0
2070,0, 940, False, 0
2071,0, 940, False, 0
2072,0, 940, False, 0
2073,0, 940, False, 0
2074,0, 940, False, 0
2075,0, 940, False, 0
2076,0, 940, False, 0
2077,0, 940, False, 0
2078,0, 940, False, 0
2079,0, 940, False, 0
2080,0, 940, False, 0
2081,0, 940, False, 0
2082,0, 940, False, 0
2083,0, 940, False, 0
2084,0, 940, False, 2
2085,0, 940, False, 2
2086,0, 940, False, 2
2087,0, 940, False, 2
2088,0, 940, False, 2
2089,0, 940, False, 2
2090,0, 940, False, 2
2091,0, 940, False, 2
2092,0, 940, False, 2
2093,0, 940, False, 2
2094,0, 940, False, 2
2095,0, 940, False, 2
2096,0, 940, False, 2
2097,0, 940, False, 2
2098,0, 940, False, 0
2099,0, 940, False, 0
2100,0, 940, False, 0
2101,0, 940, False, 0
2102,0, 940, False, 0
2103,0, 940, False, 0
2104,0, 940, False, 0
2105,0, 940, False, 0
2106,0, 940, False, 0
2107,0, 940, False, 0
2108,0, 940, False, 0
2109,0, 940, False, 0
2110,0, 940, False, 0
2111,0, 940, False, 0
2112,0, 940, False, 0
2113,0, 940, False, 0
2114,0, 940, False, 0
2115,0, 940, False, 0
2116,0, 940, False, 0
2117,0, 940, False, 0
2118,0, 940, False, 0
2119,0, 940, False, 0
2120,0, 940, False, 0
2121,0, 940, False, 0
2122,0, 940, False, 0
2123,0, 940, False, 0
2124,0, 940, False, 0
2125,0, 940, False, 0
2126,0, 940, False, 0
2127,0, 940, False, 0
2128,0, 940, False, 0
2129,0, 940, False, 0
2130,0, 940, False, 0
2131,0, 940, False, 0
2132,0, 940, False, 0
2133,0, 940, False, 0
2134,0, 940, False, 0
2135,0, 940, False, 0
2136,0, 940, False, 0
2137,0, 940, False, 0
2138,0, 940, False, 0
2139,0, 940, False, 0
2140,0, 940, False, 0
2141,0, 940, False, 0
2142,0, 940, False, 0
2143,0, 940, False, 0
2144,0, 940, False, 0
2145,0, 940, False, 5
2146,0, 940, False, 5
2147,0, 940, False, 5
2148,0, 940, False, 5
2149,0, 940, False, 5
2150,0, 940, False, 5
2151,0, 940, False, 5
2152,0, 940, False, 5
2153,0, 940, False, 5
2154,0, 940, False, 5
2155,0, 940, False, 5
2156,0, 940, False, 5
2157,0, 940, False, 5
2158,0, 940, False, 5
2159,0, 940, False, 5
2160,0, 940, False, 5
2161,0, 940, False, 5
2162,0, 940, False, 5
2163,0, 940, False, 5
2164,0, 940, False, 5
2165,0, 940, False, 5
2166,0, 940, False, 5
2167,0, 940, False, 5
2168,0, 940, False, 5
2169,0, 940, False, 5
2170,0, 940, False, 5
2171,0, 940, False, 5
2172,0, 940, False, 5
2173,0, 940, False, 5
2174,0, 940, False, 5
2175,0, 940, False, 5
2176,0, 940, False, 5
2177,0, 940, False, 5
2178,0, 940, False, 5
2179,0, 940, False, 5
2180,0, 940, False, 5
2181,0, 940, False, 5
2182,0, 940, False, 5
2183,0, 940, False, 5
2184,0, 940, False, 5
2185,0, 940, False, 5
2186,0, 940, False, 5
2187,0, 940, False, 5
2188,0, 940, False, 5
2189,0, 940, False, 5
2190,0, 940, False, 5
2191,0, 940, False, 5
2192,0, 940, False, 8
2193,0, 940, False, 3
2194,0, 940, False, 3
2195,0, 940, False, 3
2196,0, 940, False, 3
2197,0, 940, False, 3
2198,0, 940, False, 3
2199,0, 940, False, 3
2200,0, 940, False, 3
2201,0, 940, False, 3
2202,0, 940, False, 3
2203,0, 940, False, 3
2204,0, 940, False, 3
2205,0, 940, False, 3
2206,0, 940, False, 3
2207,0, 940, False, 3
2208,0, 940, False, 3
2209,0, 940, False, 3
2210,0, 940, False, 3
2211,0, 940, False, 3
2212,0, 940, False, 3
2213,0, 940, False, 3
2214,0, 940, False, 3
2215,0, 940, False, 3
2216,0, 940, False, 3
2217,0, 940, False, 3
2218,0, 940, False, 3
2219,0, 940, False, 3
2220,0, 940, False, 3
2221,0, 940, False, 3
2222,0, 940, False, 3
2223,0, 940, False, 3
2224,0, 940, False, 3
2225,0, 940, False, 3
2226,0, 940, False, 3
2227,0, 940, False, 3
2228,0, 940, False, 3
2229,0, 940, False, 3
2230,0, 940, False, 3
2231,0, 940, False, 3
2232,0, 940, False, 3
2233,0, 940, False, 3
2234,0, 940, False, 3
2235,0, 940, False, 3
2236,0, 940, False, 3
2237,0, 940, False, 3
2238,0, 940, False, 3
2239,0, 940, False, 3
2240,0, 940, False, 3
2241,0, 940, False, 3
2242,0, 940, False, 3
2243,0, 940, False, 3
2244,0, 940, False, 3
2245,0, 940, False, 3
2246,0, 940, False, 3
2247,0, 940, False, 3
2248,0, 940, False, 3
2249,0, 940, False, 3
2250,0, 940, False, 3
2251,0, 940, False, 3
2252,0, 940, False, 3
2253,0, 940, False, 3
2254,0, 940, False, 3
2255,0, 940, False, 3
2256,0, 940, False, 3
2257,0, 940, False, 3
2258,0, 940, False, 3
2259,0, 940, False, 3
2260,0, 940, False, 3
2261,0, 940, False, 3
2262,0, 940, False, 3
2263,0, 940, False, 3
2264,0, 940, False, 3
2265,0, 940, False, 3
2266,0, 940, False, 3
2267,0, 940, False, 3
2268,0, 940, False, 3
2269,0, 940, False, 3
2270,0, 940, False, 3
2271,0, 940, False, 3
2272,0, 940, False, 3
2273,0, 940, False, 3
2274,0, 940, False, 3
2275,0, 940, False, 3
2276,0, 940, False, 3
2277,0, 940, False, 3
2278,0, 940, False, 3
2279,0, 940, False, 3
2280,0, 940, False, 3
2281,0, 940, False, 3
2282,0, 940, False, 3
2283,0, 940, False, 3
2284,0, 940, False, 3
2285,0, 940, False, 3
2286,0, 940, False, 3
2287,0, 940, False, 3
2288,0, 940, False, 3
2289,0, 940, False, 3
2290,0, 940, False, 3
2291,0, 940, False, 3
2292,0, 940, False, 3
2293,0, 940, False, 3
2294,0, 940, False, 3
2295,0, 940, False, 3
2296,0, 940, False, 3
2297,0, 940, False, 3
2298,0, 940, False, 3
2299,0, 940, False, 3
2300,0, 940, False, 3
2301,0, 940, False, 3
2302,0, 940, False, 3
2303,10, 950, False, 3
2304,0, 950, False, 3
2305,0, 950, False, 3
2306,0, 950, False, 3
2307,0, 950, False, 3
2308,0, 950, False, 3
2309,0, 950, False, 3
2310,0, 950, False, 3
2311,0, 950, False, 3
2312,0, 950, False, 3
2313,0, 950, False, 3
2314,0, 950, False, 3
2315,0, 950, False, 3
2316,0, 950, False, 3
2317,10, 960, False, 0
2318,0, 960, False, 0
2319,0, 960, False, 0
2320,0, 960, False, 0
2321,0, 960, False, 0
2322,0, 960, False, 0
2323,0, 960, False, 0
2324,0, 960, False, 0
2325,0, 960, False, 0
2326,0, 960, False, 0
2327,0, 960, False, 0
2328,0, 960, False, 0
2329,0, 960, False, 0
2330,0, 960, False, 0
2331,0, 960, False, 0
2332,0, 960, False, 0
2333,0, 960, False, 0
2334,0, 960, False, 0
2335,0, 960, False, 0
2336,0, 960, False, 0
2337,0, 960, False, 0
2338,0, 960, False, 0
2339,0, 960, False, 0
2340,0, 960, False, 0
2341,0, 960, False, 0
2342,0, 960, False, 0
2343,0, 960, False, 0
2344,0, 960, False, 0
2345,0, 960, False, 0
2346,0, 960, False, 2
2347,0, 960, False, 2
2348,0, 960, False, 2
2349,0, 960, False, 2
2350,0, 960, False, 2
2351,0, 960, False, 2
2352,0, 960, False, 2
2353,0, 960, False, 2
2354,0, 960, False, 2
2355,0, 960, False, 0
2356,0, 960, False, 0
2357,0, 960, False, 0
2358,0, 960, False, 0
2359,0, 960, False, 0
2360,0, 960, False, 0
2361,0, 960, False, 0
2362,0, 960, False, 0
2363,0, 960, False, 0
2364,0, 960, False, 0
2365,0, 960, False, 0
2366,0, 960, False, 0
2367,0, 960, False, 0
2368,0, 960, False, 0
2369,0, 960, False, 0
2370,0, 960, False, 0
2371,0, 960, False, 0
2372,0, 960, False, 0
2373,0, 960, False, 0
2374,0, 960, False, 0
2375,0, 960, False, 0
2376,0, 960, False, 0
2377,0, 960, False, 0
2378,0, 960, False, 0
2379,0, 960, False, 0
2380,0, 960, False, 0
2381,0, 960, False, 0
2382,0, 960, False, 0
2383,0, 960, False, 2
2384,0, 960, False, 2
2385,0, 960, False, 2
2386,0, 960, False, 2
2387,0, 960, False, 2
2388,0, 960, False, 2
2389,0, 960, False, 2
2390,0, 960, False, 2
2391,0, 960, False, 0
2392,0, 960, False, 0
2393,0, 960, False, 0
2394,0, 960, False, 0
2395,0, 960, False, 0
2396,0, 960, False, 0
2397,0, 960, False, 0
2398,0, 960, False, 2
2399,0, 960, False, 2
2400,0, 960, False, 2
2401,0, 960, False, 2
2402,0, 960, False, 2
2403,0, 960, False, 2
2404,0, 960, False, 2
2405,0, 960, False, 0
2406,0, 960, False, 0
2407,0, 960, False, 0
2408,0, 960, False, 0
2409,0, 960, False, 0
2410,0, 960, False, 0
2411,0, 960, False, 0
2412,0, 960, False, 0
2413,0, 960, False, 0
2414,0, 960, False, 0
2415,0, 960, False, 0
2416,0, 960, False, 0
2417,0, 960, False, 0
2418,0, 960, False, 0
2419,0, 960, False, 0
2420,0, 960, False, 0
2421,0, 960, False, 0
2422,0, 960, False, 0
2423,0, 960, False, 0
2424,0, 960, False, 0
2425,0, 960, False, 0
2426,0, 960, False, 0
2427,0, 960, False, 0
2428,0, 960, False, 0
2429,0, 960, False, 0
2430,0, 960, False, 0
2431,0, 960, False, 0
2432,0, 960, False, 0
2433,0, 960, False, 0
2434,0, 960, False, 0
2435,0, 960, False, 0
2436,0, 960, False, 0
2437,0, 960, False, 0
2438,0, 960, False, 0
2439,0, 960, False, 0
2440,0, 960, False, 0
2441,0, 960, False, 0
2442,0, 960, False, 0
2443,0, 960, False, 0
2444,0, 960, False, 0
2445,0, 960, False, 0
2446,0, 960, False, 0
2447,0, 960, False, 0
2448,0, 960, False, 0
2449,0, 960, False, 0
2450,0, 960, False, 0
2451,0, 960, False, 0
2452,0, 960, False, 0
2453,0, 960, False, 0
2454,0, 960, False, 0
2455,0, 960, False, 2
2456,0, 960, False, 2
2457,0, 960, False, 2
2458,0, 960, False, 2
2459,0, 960, False, 2
2460,0, 960, False, 2
2461,0, 960, False, 2
2462,0, 960, False, 2
2463,0, 960, False, 2
2464,0, 960, False, 0
2465,0, 960, False, 0
2466,0, 960, False, 0
2467,0, 960, False, 0
2468,0, 960, False, 0
2469,0, 960, False, 0
2470,0, 960, False, 0
2471,0, 960, False, 0
2472,0, 960, False, 0
2473,0, 960, False, 0
2474,0, 960, False, 0
2475,0, 960, False, 0
2476,0, 960, False, 0
2477,0, 960, False, 0
2478,0, 960, False, 0
2479,0, 960, False, 0
2480,0, 960, False, 0
2481,0, 960, False, 0
2482,0, 960, False, 0
2483,0, 960, False, 0
2484,0, 960, False, 0
2485,0, 960, False, 0
2486,0, 960, False, 4
2487,0, 960, False, 4
2488,0, 960, False, 4
2489,0, 960, False, 4
2490,0, 960, False, 4
2491,0, 960, False, 4
2492,0, 960, False, 4
2493,0, 960, False, 4
2494,0, 960, False, 0
2495,0, 960, False, 0
2496,0, 960, False, 0
2497,0, 960, False, 0
2498,0, 960, False, 0
2499,0, 960, False, 0
2500,0, 960, False, 0
2501,0, 960, False, 0
2502,0, 960, False, 0
2503,0, 960, False, 0
2504,0, 960, False, 0
2505,0, 960, False, 0
2506,0, 960, False, 0
2507,0, 960, False, 0
2508,0, 960, False, 0
2509,0, 960, False, 0
2510,0, 960, False, 0
2511,0, 960, False, 0
2512,0, 960, False, 0
2513,0, 960, False, 0
2514,0, 960, False, 0
2515,0, 960, False, 0
2516,0, 960, False, 0
2517,0, 960, False, 0
2518,0, 960, False, 0
2519,0, 960, False, 0
2520,0, 960, False, 0
2521,0, 960, False, 0
2522,0, 960, False, 0
2523,0, 960, False, 0
2524,0, 960, False, 0
2525,0, 960, False, 0
2526,0, 960, False, 0
2527,0, 960, False, 0
2528,0, 960, False, 0
2529,0, 960, False, 0
2530,0, 960, False, 0
2531,0, 960, False, 0
2532,0, 960, False, 0
2533,0, 960, False, 0
2534,0, 960, False, 0
2535,0, 960, False, 0
2536,0, 960, False, 0
2537,0, 960, False, 0
2538,0, 960, False, 0
2539,0, 960, False, 0
2540,0, 960, False, 0
2541,0, 960, False, 0
2542,0, 960, False, 0
2543,0, 960, False, 0
2544,0, 960, False, 0
2545,0, 960, False, 0
2546,0, 960, False, 0
2547,0, 960, False, 0
2548,0, 960, False, 0
2549,0, 960, False, 0
2550,0, 960, False, 0
2551,0, 960, False, 0
2552,0, 960, False, 0
2553,0, 960, False, 0
2554,0, 960, False, 0
2555,0, 960, False, 0
2556,0, 960, False, 0
2557,0, 960, False, 0
2558,0, 960, False, 0
2559,0, 960, False, 0
2560,0, 960, False, 0
2561,0, 960, False, 0
2562,0, 960, False, 0
2563,0, 960, False, 0
2564,0, 960, False, 0
2565,0, 960, False, 0
2566,0, 960, False, 0
2567,0, 960, False, 0
2568,0, 960, False, 0
2569,0, 960, False, 0
2570,0, 960, False, 0
2571,0, 960, False, 0
2572,0, 960, False, 0
2573,0, 960, False, 3
2574,0, 960, False, 3
2575,0, 960, False, 3
2576,0, 960, False, 3
2577,0, 960, False, 3
2578,0, 960, False, 3
2579,0, 960, False, 0
2580,0, 960, False, 0
2581,0, 960, False, 0
2582,0, 960, False, 0
2583,0, 960, False, 0
2584,0, 960, False, 0
2585,0, 960, False, 0
2586,0, 960, False, 0
2587,0, 960, False, 0
2588,0, 960, False, 0
2589,0, 960, False, 0
2590,0, 960, False, 0
2591,0, 960, False, 0
2592,0, 960, False, 0
2593,0, 960, False, 0
2594,0, 960, False, 0
2595,0, 960, False, 0
2596,0, 960, False, 0
2597,0, 960, False, 0
2598,0, 960, False, 0
2599,0, 960, False, 0
2600,0, 960, False, 0
2601,0, 960, False, 0
2602,0, 960, False, 0
2603,0, 960, False, 0
2604,0, 960, False, 0
2605,0, 960, False, 0
2606,0, 960, False, 0
2607,0, 960, False, 0
2608,0, 960, False, 0
2609,0, 960, False, 0
2610,0, 960, False, 0
2611,0, 960, False, 0
2612,0, 960, False, 0
2613,0, 960, False, 0
2614,0, 960, False, 0
2615,0, 960, False, 0
2616,0, 960, False, 0
2617,0, 960, False, 0
2618,0, 960, False, 0
2619,0, 960, False, 0
2620,0, 960, False, 0
2621,0, 960, False, 0
2622,0, 960, False, 0
2623,0, 960, False, 0
2624,0, 960, False, 0
2625,0, 960, False, 0
2626,0, 960, False, 0
2627,0, 960, False, 0
2628,0, 960, False, 0
2629,0, 960, False, 0
2630,0, 960, False, 0
2631,0, 960, False, 0
2632,0, 960, False, 0
2633,0, 960, False, 0
2634,0, 960, False, 0
2635,0, 960, False, 0
2636,0, 960, False, 0
2637,0, 960, False, 0
2638,0, 960, False, 0
2639,0, 960, False, 0
2640,0, 960, False, 0
2641,0, 960, False, 0
2642,0, 960, False, 0
2643,0, 960, False, 0
2644,0, 960, False, 0
2645,0, 960, False, 0
2646,0, 960, False, 0
2647,0, 960, False, 0
2648,0, 960, False, 0
2649,0, 960, False, 0
2650,0, 960, False, 0
2651,0, 960, False, 0
2652,0, 960, False, 0
2653,0, 960, False, 0
2654,0, 960, False, 0
2655,0, 960, False, 0
2656,0, 960, False, 0
2657,0, 960, False, 0
2658,0, 960, False, 0
2659,0, 960, False, 0
2660,0, 960, False, 0
2661,0, 960, False, 0
2662,0, 960, False, 0
2663,0, 960, False, 0
2664,0, 960, False, 0
2665,0, 960, False, 0
2666,0, 960, False, 0
2667,0, 960, False, 0
2668,0, 960, False, 0
2669,0, 960, False, 0
2670,0, 960, False, 0
2671,0, 960, False, 0
2672,0, 960, False, 0
2673,0, 960, False, 0
2674,0, 960, False, 0
2675,0, 960, False, 0
2676,0, 960, False, 0
2677,0, 960, False, 0
2678,0, 960, False, 0
2679,0, 960, False, 0
2680,0, 960, False, 0
2681,0, 960, False, 0
2682,0, 960, False, 0
2683,0, 960, False, 0
2684,0, 960, False, 0
2685,0, 960, False, 0
2686,0, 960, False, 0
2687,0, 960, False, 0
2688,0, 960, False, 0
2689,0, 960, False, 0
2690,0, 960, False, 0
2691,0, 960, False, 0
2692,0, 960, False, 0
2693,0, 960, False, 0
2694,0, 960, False, 0
2695,0, 960, False, 0
2696,0, 960, False, 0
2697,0, 960, False, 0
2698,0, 960, False, 0
2699,0, 960, False, 0
2700,0, 960, False, 0
2701,0, 960, False, 0
2702,0, 960, False, 0
2703,0, 960, False, 0
2704,0, 960, False, 0
2705,0, 960, False, 0
2706,0, 960, False, 0
2707,0, 960, False, 0
2708,0, 960, False, 0
2709,0, 960, False, 0
2710,0, 960, False, 0
2711,0, 960, False, 0
2712,0, 960, False, 0
2713,0, 960, False, 0
2714,0, 960, False, 0
2715,0, 960, False, 0
2716,0, 960, False, 0
2717,0, 960, False, 0
2718,0, 960, False, 0
2719,0, 960, False, 0
2720,0, 960, False, 0
2721,0, 960, False, 0
2722,0, 960, False, 0
2723,0, 960, False, 0
2724,0, 960, False, 0
2725,0, 960, False, 0
2726,0, 960, False, 0
2727,0, 960, False, 0
2728,0, 960, False, 0
2729,0, 960, False, 0
2730,0, 960, False, 0
2731,0, 960, False, 0
2732,0, 960, False, 0
2733,0, 960, False, 0
2734,0, 960, False, 0
2735,0, 960, False, 0
2736,0, 960, False, 0
2737,0, 960, False, 0
2738,0, 960, False, 0
2739,0, 960, False, 0
2740,0, 960, False, 0
2741,0, 960, False, 0
2742,0, 960, False, 0
2743,0, 960, False, 0
2744,0, 960, False, 0
2745,0, 960, False, 0
2746,0, 960, False, 0
2747,0, 960, False, 0
2748,0, 960, False, 0
2749,0, 960, False, 0
2750,0, 960, False, 0
2751,0, 960, False, 0
2752,0, 960, False, 0
2753,0, 960, False, 0
2754,0, 960, False, 0
2755,0, 960, False, 0
2756,0, 960, False, 0
2757,0, 960, False, 0
2758,0, 960, False, 0
2759,0, 960, False, 0
2760,0, 960, False, 0
2761,0, 960, False, 0
2762,0, 960, False, 0
2763,0, 960, False, 0
2764,0, 960, False, 3
2765,0, 960, False, 3
2766,0, 960, False, 3
2767,0, 960, False, 3
2768,0, 960, False, 3
2769,0, 960, False, 3
2770,0, 960, False, 3
2771,0, 960, False, 3
2772,0, 960, False, 3
2773,0, 960, False, 3
2774,0, 960, False, 0
2775,0, 960, False, 0
2776,0, 960, False, 0
2777,0, 960, False, 0
2778,0, 960, False, 0
2779,0, 960, False, 0
2780,0, 960, False, 0
2781,0, 960, False, 0
2782,0, 960, False, 0
2783,0, 960, False, 3
2784,0, 960, False, 3
2785,0, 960, False, 3
2786,0, 960, False, 3
2787,0, 960, False, 3
2788,0, 960, False, 3
2789,0, 960, False, 3
2790,0, 960, False, 3
2791,0, 960, False, 0
2792,0, 960, False, 0
2793,0, 960, False, 0
2794,0, 960, False, 0
2795,0, 960, False, 0
2796,0, 960, False, 0
2797,0, 960, False, 0
2798,0, 960, False, 0
2799,0, 960, False, 0
2800,0, 960, False, 0
2801,0, 960, False, 0
2802,0, 960, False, 0
2803,0, 960, False, 0
2804,0, 960, False, 0
2805,0, 960, False, 0
2806,0, 960, False, 0
2807,0, 960, False, 0
2808,0, 960, False, 0
2809,0, 960, False, 0
2810,0, 960, False, 0
2811,0, 960, False, 0
2812,0, 960, False, 0
2813,0, 960, False, 0
2814,0, 960, False, 0
2815,0, 960, False, 0
2816,0, 960, False, 0
2817,0, 960, False, 0
2818,0, 960, False, 0
2819,0, 960, False, 0
2820,0, 960, False, 0
2821,0, 960, False, 0
2822,0, 960, False, 0
2823,0, 960, False, 0
2824,0, 960, False, 0
2825,0, 960, False, 0
2826,0, 960, False, 0
2827,0, 960, False, 0
2828,0, 960, False, 0
2829,0, 960, False, 0
2830,0, 960, False, 0
2831,0, 960, False, 0
2832,0, 960, False, 0
2833,0, 960, False, 0
2834,0, 960, False, 0
2835,0, 960, False, 0
2836,0, 960, False, 0
2837,0, 960, False, 0
2838,0, 960, False, 0
2839,0, 960, False, 0
2840,0, 960, False, 0
2841,0, 960, False, 0
2842,0, 960, False, 0
2843,0, 960, False, 0
2844,0, 960, False, 0
2845,0, 960, False, 0
2846,0, 960, False, 0
2847,0, 960, False, 0
2848,0, 960, False, 0
2849,0, 960, False, 0
2850,0, 960, False, 0
2851,0, 960, False, 0
2852,0, 960, False, 0
2853,0, 960, False, 0
2854,0, 960, False, 0
2855,0, 960, False, 0
2856,0, 960, False, 0
2857,0, 960, False, 0
2858,0, 960, False, 0
2859,0, 960, False, 0
2860,0, 960, False, 0
2861,0, 960, False, 0
2862,0, 960, False, 0
2863,0, 960, False, 0
2864,0, 960, False, 0
2865,0, 960, False, 0
2866,0, 960, False, 0
2867,0, 960, False, 0
2868,0, 960, False, 0
2869,0, 960, False, 0
2870,0, 960, False, 0
2871,0, 960, False, 0
2872,0, 960, False, 0
2873,0, 960, False, 0
2874,0, 960, False, 0
2875,0, 960, False, 0
2876,0, 960, False, 0
2877,0, 960, False, 0
2878,0, 960, False, 0
2879,0, 960, False, 0
2880,0, 960, False, 5
2881,0, 960, False, 5
2882,0, 960, False, 5
2883,0, 960, False, 5
2884,0, 960, False, 5
2885,0, 960, False, 5
2886,0, 960, False, 5
2887,0, 960, False, 5
2888,0, 960, False, 5
2889,0, 960, False, 5
2890,0, 960, False, 5
2891,0, 960, False, 5
2892,0, 960, False, 5
2893,0, 960, False, 5
2894,0, 960, False, 5
2895,0, 960, False, 5
2896,0, 960, False, 5
2897,0, 960, False, 5
2898,0, 960, False, 5
2899,0, 960, False, 0
2900,0, 960, False, 0
2901,0, 960, False, 0
2902,0, 960, False, 0
2903,0, 960, False, 0
2904,0, 960, False, 0
2905,0, 960, False, 0
2906,0, 960, False, 0
2907,0, 960, False, 0
2908,0, 960, False, 0
2909,0, 960, False, 0
2910,0, 960, False, 0
2911,0, 960, False, 0
2912,0, 960, False, 0
2913,0, 960, False, 5
2914,0, 960, False, 5
2915,0, 960, False, 5
2916,0, 960, False, 5
2917,0, 960, False, 5
2918,0, 960, False, 5
2919,0, 960, False, 0
2920,0, 960, False, 0
2921,0, 960, False, 0
2922,0, 960, False, 0
2923,0, 960, False, 0
2924,0, 960, False, 0
2925,0, 960, False, 0
2926,0, 960, False, 0
2927,0, 960, False, 0
2928,0, 960, False, 0
2929,0, 960, False, 0
2930,0, 960, False, 5
2931,0, 960, False, 5
2932,0, 960, False, 5
2933,0, 960, False, 5
2934,0, 960, False, 5
2935,0, 960, False, 5
2936,0, 960, False, 5
2937,0, 960, False, 5
2938,0, 960, False, 5
2939,0, 960, False, 0
2940,0, 960, False, 0
2941,0, 960, False, 0
2942,0, 960, False, 0
2943,0, 960, False, 0
2944,0, 960, False, 0
2945,0, 960, False, 0
2946,0, 960, False, 0
2947,0, 960, False, 0
2948,0, 960, False, 0
2949,0, 960, False, 0
2950,0, 960, False, 0
2951,0, 960, False, 0
2952,0, 960, False, 0
2953,0, 960, False, 0
2954,0, 960, False, 0
2955,0, 960, False, 0
2956,0, 960, False, 0
2957,0, 960, False, 4
2958,0, 960, False, 4
2959,0, 960, False, 4
2960,0, 960, False, 4
2961,0, 960, False, 4
2962,0, 960, False, 4
2963,0, 960, False, 4
2964,0, 960, False, 4
2965,0, 960, False, 4
2966,0, 960, False, 4
2967,0, 960, False, 4
2968,0, 960, False, 4
2969,0, 960, False, 4
2970,0, 960, False, 4
2971,0, 960, False, 4
2972,0, 960, False, 4
2973,0, 960, False, 4
2974,0, 960, False, 4
2975,0, 960, False, 4
2976,0, 960, False, 4
2977,0, 960, False, 4
2978,0, 960, False, 4
2979,0, 960, False, 4
2980,0, 960, False, 4
2981,0, 960, False, 4
2982,0, 960, False, 4
2983,0, 960, False, 4
2984,0, 960, False, 4
2985,0, 960, False, 4
2986,0, 960, False, 4
2987,0, 960, False, 4
2988,0, 960, False, 4
2989,0, 960, False, 0
2990,0, 960, False, 0
2991,0, 960, False, 0
2992,0, 960, False, 0
2993,0, 960, False, 0
2994,0, 960, False, 0
2995,0, 960, False, 0
2996,0, 960, False, 0
2997,0, 960, False, 0
2998,0, 960, False, 0
2999,0, 960, False, 0
3000,0, 960, False, 0
3001,0, 960, False, 0
3002,0, 960, False, 0
3003,0, 960, False, 0
3004,0, 960, False, 0
3005,0, 960, False, 0
3006,0, 960, False, 0
3007,0, 960, False, 0
3008,0, 960, False, 0
3009,0, 960, False, 0
3010,0, 960, False, 0
3011,0, 960, False, 2
3012,0, 960, False, 2
3013,0, 960, False, 2
3014,0, 960, False, 2
3015,0, 960, False, 0
3016,0, 960, False, 0
3017,0, 960, False, 0
3018,0, 960, False, 0
3019,0, 960, False, 0
3020,0, 960, False, 0
3021,0, 960, False, 0
3022,0, 960, False, 0
3023,0, 960, False, 0
3024,0, 960, False, 0
3025,0, 960, False, 0
3026,0, 960, False, 0
3027,0, 960, False, 0
3028,0, 960, False, 0
3029,0, 960, False, 0
3030,0, 960, False, 0
3031,0, 960, False, 0
3032,0, 960, False, 0
3033,0, 960, False, 0
3034,0, 960, False, 0
3035,0, 960, False, 0
3036,0, 960, False, 0
3037,0, 960, False, 0
3038,0, 960, False, 0
3039,0, 960, False, 0
3040,0, 960, False, 0
3041,0, 960, False, 0
3042,0, 960, False, 0
3043,0, 960, False, 0
3044,0, 960, False, 0
3045,0, 960, False, 0
3046,0, 960, False, 2
3047,0, 960, False, 2
3048,0, 960, False, 2
3049,0, 960, False, 2
3050,0, 960, False, 2
3051,0, 960, False, 2
3052,0, 960, False, 2
3053,0, 960, False, 2
3054,0, 960, False, 2
3055,0, 960, False, 0
3056,0, 960, False, 0
3057,0, 960, False, 0
3058,0, 960, False, 0
3059,0, 960, False, 0
3060,0, 960, False, 0
3061,0, 960, False, 0
3062,0, 960, False, 0
3063,0, 960, False, 0
3064,0, 960, False, 0
3065,0, 960, False, 0
3066,0, 960, False, 0
3067,0, 960, False, 0
3068,0, 960, False, 2
3069,0, 960, False, 2
3070,0, 960, False, 2
3071,0, 960, False, 2
3072,0, 960, False, 2
3073,0, 960, False, 2
3074,0, 960, False, 2
3075,0, 960, False, 2
3076,0, 960, False, 2
3077,0, 960, False, 2
3078,0, 960, False, 0
3079,0, 960, False, 0
3080,0, 960, False, 0
3081,0, 960, False, 0
3082,0, 960, False, 0
3083,0, 960, False, 0
3084,0, 960, False, 0
3085,0, 960, False, 0
3086,0, 960, False, 0
3087,0, 960, False, 0
3088,0, 960, False, 0
3089,0, 960, False, 2
3090,0, 960, False, 2
3091,0, 960, False, 2
3092,0, 960, False, 2
3093,0, 960, False, 2
3094,0, 960, False, 2
3095,0, 960, False, 2
3096,0, 960, False, 2
3097,0, 960, False, 0
3098,0, 960, False, 0
3099,0, 960, False, 0
3100,0, 960, False, 0
3101,0, 960, False, 0
3102,0, 960, False, 0
3103,0, 960, False, 0
3104,0, 960, False, 0
3105,0, 960, False, 2
3106,0, 960, False, 2
3107,0, 960, False, 2
3108,0, 960, False, 2
3109,0, 960, False, 2
3110,0, 960, False, 2
3111,0, 960, False, 2
3112,0, 960, False, 2
3113,0, 960, False, 0
3114,0, 960, False, 0
3115,0, 960, False, 0
3116,0, 960, False, 0
3117,0, 960, False, 0
3118,0, 960, False, 0
3119,0, 960, False, 0
3120,0, 960, False, 0
3121,0, 960, False, 2
3122,0, 960, False, 2
3123,0, 960, False, 2
3124,0, 960, False, 2
3125,0, 960, False, 2
3126,0, 960, False, 2
3127,0, 960, False, 2
3128,0, 960, False, 2
3129,0, 960, False, 2
3130,0, 960, False, 2
3131,0, 960, False, 2
3132,0, 960, False, 0
3133,0, 960, False, 0
3134,0, 960, False, 0
3135,0, 960, False, 0
3136,0, 960, False, 0
3137,0, 960, False, 0
3138,0, 960, False, 0
3139,0, 960, False, 0
3140,0, 960, False, 0
3141,0, 960, False, 0
3142,0, 960, False, 0
3143,0, 960, False, 0
3144,0, 960, False, 0
3145,0, 960, False, 0
3146,0, 960, False, 0
3147,0, 960, False, 0
3148,0, 960, False, 0
3149,0, 960, False, 0
3150,0, 960, False, 0
3151,0, 960, False, 0
3152,0, 960, False, 0
3153,0, 960, False, 0
3154,0, 960, False, 0
3155,0, 960, False, 0
3156,0, 960, False, 0
3157,0, 960, False, 0
3158,0, 960, False, 0
3159,0, 960, False, 0
3160,0, 960, False, 0
3161,0, 960, False, 0
3162,0, 960, False, 0
3163,0, 960, False, 0
3164,0, 960, False, 0
3165,0, 960, False, 0
3166,0, 960, False, 0
3167,0, 960, False, 0
3168,0, 960, False, 0
3169,0, 960, False, 0
3170,0, 960, False, 0
3171,0, 960, False, 0
3172,0, 960, False, 0
3173,0, 960, False, 0
3174,0, 960, False, 0
3175,0, 960, False, 0
3176,0, 960, False, 0
3177,0, 960, False, 0
3178,0, 960, False, 0
3179,0, 960, False, 0
3180,0, 960, False, 0
3181,0, 960, False, 0
3182,0, 960, False, 0
3183,0, 960, False, 0
3184,0, 960, False, 0
3185,0, 960, False, 0
3186,0, 960, False, 0
3187,0, 960, False, 0
3188,0, 960, False, 0
3189,0, 960, False, 0
3190,0, 960, False, 0
3191,0, 960, False, 0
3192,0, 960, False, 0
3193,0, 960, False, 0
3194,0, 960, False, 0
3195,0, 960, False, 0
3196,0, 960, False, 0
3197,0, 960, False, 0
3198,0, 960, False, 0
3199,0, 960, False, 0
3200,0, 960, False, 0
3201,0, 960, False, 3
3202,0, 960, False, 3
3203,0, 960, False, 3
3204,0, 960, False, 3
3205,0, 960, False, 3
3206,0, 960, False, 3
3207,0, 960, False, 3
3208,0, 960, False, 3
3209,0, 960, False, 3
3210,0, 960, False, 3
3211,0, 960, False, 3
3212,0, 960, False, 3
3213,0, 960, False, 3
3214,0, 960, False, 3
3215,0, 960, False, 3
3216,0, 960, False, 3
3217,0, 960, False, 3
3218,0, 960, False, 3
3219,0, 960, False, 3
3220,0, 960, False, 3
3221,0, 960, False, 3
3222,0, 960, False, 3
3223,0, 960, False, 3
3224,0, 960, False, 3
3225,0, 960, False, 3
3226,0, 960, False, 3
3227,0, 960, False, 3
3228,0, 960, False, 3
3229,0, 960, False, 3
3230,0, 960, False, 3
3231,0, 960, False, 3
3232,0, 960, False, 3
3233,0, 960, False, 3
3234,0, 960, False, 3
3235,0, 960, False, 3
3236,0, 960, False, 3
3237,0, 960, False, 3
3238,0, 960, False, 3
3239,0, 960, False, 3
3240,0, 960, False, 3
3241,0, 960, False, 3
3242,0, 960, False, 3
3243,0, 960, False, 3
3244,0, 960, False, 3
3245,0, 960, False, 3
3246,0, 960, False, 3
3247,0, 960, False, 3
3248,0, 960, False, 3
3249,0, 960, False, 3
3250,0, 960, False, 3
3251,0, 960, False, 3
3252,0, 960, False, 3
3253,0, 960, False, 3
3254,0, 960, False, 3
3255,0, 960, False, 3
3256,0, 960, False, 3
3257,0, 960, False, 3
3258,0, 960, False, 3
3259,0, 960, False, 3
3260,0, 960, False, 3
3261,0, 960, False, 3
3262,0, 960, False, 3
3263,0, 960, False, 3
3264,0, 960, False, 3
3265,0, 960, False, 3
3266,0, 960, False, 3
3267,0, 960, False, 3
3268,0, 960, False, 3
3269,0, 960, False, 3
3270,0, 960, False, 3
3271,0, 960, False, 3
3272,0, 960, False, 3
3273,0, 960, False, 3
3274,0, 960, False, 3
3275,0, 960, False, 3
3276,0, 960, False, 3
3277,0, 960, False, 3
3278,0, 960, False, 3
3279,0, 960, False, 3
3280,0, 960, False, 3
3281,0, 960, False, 3
3282,0, 960, False, 3
3283,0, 960, False, 3
3284,0, 960, False, 3
3285,0, 960, False, 3
3286,0, 960, False, 3
3287,0, 960, True, 3
