db traj id : 900
frame,reward,score,terminal, action
0,0, 0, False, 0
1,0, 0, False, 0
2,0, 0, False, 0
3,0, 0, False, 1
4,0, 0, False, 1
5,0, 0, False, 1
6,0, 0, False, 1
7,0, 0, False, 1
8,0, 0, False, 0
9,0, 0, False, 0
10,0, 0, False, 0
11,0, 0, False, 0
12,0, 0, False, 0
13,0, 0, False, 0
14,0, 0, False, 0
15,0, 0, False, 0
16,0, 0, False, 0
17,0, 0, False, 0
18,0, 0, False, 0
19,0, 0, False, 0
20,0, 0, False, 0
21,0, 0, False, 0
22,0, 0, False, 0
23,0, 0, False, 0
24,0, 0, False, 0
25,0, 0, False, 0
26,0, 0, False, 0
27,0, 0, False, 0
28,0, 0, False, 0
29,0, 0, False, 0
30,0, 0, False, 0
31,0, 0, False, 0
32,0, 0, False, 0
33,0, 0, False, 0
34,0, 0, False, 0
35,0, 0, False, 0
36,0, 0, False, 0
37,0, 0, False, 0
38,0, 0, False, 0
39,0, 0, False, 0
40,0, 0, False, 0
41,0, 0, False, 0
42,0, 0, False, 0
43,0, 0, False, 0
44,0, 0, False, 0
45,0, 0, False, 0
46,0, 0, False, 0
47,0, 0, False, 0
48,0, 0, False, 0
49,0, 0, False, 0
50,0, 0, False, 0
51,0, 0, False, 0
52,0, 0, False, 0
53,0, 0, False, 0
54,0, 0, False, 0
55,0, 0, False, 0
56,0, 0, False, 0
57,0, 0, False, 0
58,0, 0, False, 0
59,0, 0, False, 0
60,0, 0, False, 0
61,0, 0, False, 0
62,0, 0, False, 0
63,0, 0, False, 0
64,0, 0, False, 0
65,0, 0, False, 0
66,0, 0, False, 0
67,0, 0, False, 0
68,0, 0, False, 4
69,0, 0, False, 4
70,0, 0, False, 4
71,0, 0, False, 4
72,0, 0, False, 4
73,0, 0, False, 4
74,0, 0, False, 4
75,0, 0, False, 4
76,0, 0, False, 4
77,0, 0, False, 4
78,0, 0, False, 4
79,0, 0, False, 4
80,0, 0, False, 4
81,0, 0, False, 4
82,0, 0, False, 4
83,0, 0, False, 4
84,0, 0, False, 4
85,0, 0, False, 4
86,0, 0, False, 4
87,0, 0, False, 4
88,0, 0, False, 4
89,0, 0, False, 4
90,0, 0, False, 4
91,0, 0, False, 4
92,0, 0, False, 4
93,0, 0, False, 4
94,0, 0, False, 4
95,0, 0, False, 4
96,0, 0, False, 4
97,0, 0, False, 4
98,0, 0, False, 4
99,0, 0, False, 4
100,0, 0, False, 4
101,0, 0, False, 4
102,0, 0, False, 4
103,0, 0, False, 0
104,0, 0, False, 0
105,0, 0, False, 0
106,0, 0, False, 0
107,0, 0, False, 0
108,0, 0, False, 0
109,0, 0, False, 0
110,0, 0, False, 0
111,0, 0, False, 0
112,0, 0, False, 0
113,0, 0, False, 0
114,0, 0, False, 0
115,0, 0, False, 0
116,0, 0, False, 0
117,0, 0, False, 0
118,0, 0, False, 0
119,0, 0, False, 0
120,0, 0, False, 0
121,0, 0, False, 0
122,0, 0, False, 0
123,0, 0, False, 0
124,0, 0, False, 0
125,0, 0, False, 0
126,0, 0, False, 0
127,0, 0, False, 0
128,0, 0, False, 0
129,0, 0, False, 0
130,0, 0, False, 0
131,0, 0, False, 0
132,0, 0, False, 0
133,0, 0, False, 0
134,0, 0, False, 0
135,0, 0, False, 0
136,0, 0, False, 0
137,0, 0, False, 0
138,0, 0, False, 0
139,0, 0, False, 0
140,0, 0, False, 0
141,0, 0, False, 0
142,0, 0, False, 0
143,0, 0, False, 0
144,0, 0, False, 0
145,0, 0, False, 0
146,0, 0, False, 0
147,0, 0, False, 0
148,0, 0, False, 0
149,0, 0, False, 0
150,0, 0, False, 0
151,0, 0, False, 0
152,0, 0, False, 0
153,0, 0, False, 0
154,0, 0, False, 0
155,0, 0, False, 0
156,0, 0, False, 0
157,0, 0, False, 0
158,0, 0, False, 0
159,0, 0, False, 0
160,0, 0, False, 0
161,0, 0, False, 0
162,0, 0, False, 0
163,0, 0, False, 0
164,0, 0, False, 0
165,0, 0, False, 0
166,0, 0, False, 0
167,0, 0, False, 0
168,0, 0, False, 0
169,0, 0, False, 0
170,0, 0, False, 0
171,0, 0, False, 0
172,0, 0, False, 0
173,0, 0, False, 0
174,0, 0, False, 0
175,0, 0, False, 0
176,0, 0, False, 0
177,0, 0, False, 0
178,0, 0, False, 0
179,0, 0, False, 0
180,0, 0, False, 0
181,0, 0, False, 0
182,0, 0, False, 0
183,0, 0, False, 0
184,0, 0, False, 0
185,0, 0, False, 0
186,0, 0, False, 0
187,0, 0, False, 0
188,0, 0, False, 0
189,0, 0, False, 0
190,0, 0, False, 0
191,0, 0, False, 0
192,0, 0, False, 0
193,0, 0, False, 0
194,0, 0, False, 0
195,0, 0, False, 0
196,0, 0, False, 0
197,0, 0, False, 0
198,0, 0, False, 0
199,0, 0, False, 0
200,0, 0, False, 0
201,0, 0, False, 0
202,0, 0, False, 0
203,0, 0, False, 0
204,0, 0, False, 0
205,0, 0, False, 0
206,0, 0, False, 0
207,0, 0, False, 0
208,0, 0, False, 0
209,0, 0, False, 0
210,0, 0, False, 0
211,0, 0, False, 0
212,0, 0, False, 0
213,0, 0, False, 0
214,0, 0, False, 0
215,0, 0, False, 0
216,0, 0, False, 0
217,0, 0, False, 0
218,0, 0, False, 0
219,0, 0, False, 0
220,0, 0, False, 0
221,0, 0, False, 0
222,0, 0, False, 0
223,0, 0, False, 0
224,0, 0, False, 0
225,0, 0, False, 0
226,0, 0, False, 0
227,0, 0, False, 0
228,0, 0, False, 0
229,0, 0, False, 0
230,0, 0, False, 0
231,0, 0, False, 0
232,0, 0, False, 0
233,0, 0, False, 0
234,0, 0, False, 0
235,0, 0, False, 0
236,0, 0, False, 0
237,0, 0, False, 3
238,0, 0, False, 3
239,0, 0, False, 3
240,0, 0, False, 3
241,0, 0, False, 3
242,0, 0, False, 3
243,0, 0, False, 3
244,0, 0, False, 3
245,0, 0, False, 3
246,0, 0, False, 3
247,0, 0, False, 3
248,0, 0, False, 3
249,0, 0, False, 3
250,0, 0, False, 3
251,0, 0, False, 3
252,0, 0, False, 3
253,0, 0, False, 3
254,0, 0, False, 3
255,0, 0, False, 3
256,0, 0, False, 3
257,0, 0, False, 3
258,0, 0, False, 3
259,0, 0, False, 3
260,0, 0, False, 3
261,0, 0, False, 3
262,0, 0, False, 3
263,0, 0, False, 3
264,0, 0, False, 3
265,0, 0, False, 3
266,0, 0, False, 3
267,0, 0, False, 3
268,0, 0, False, 3
269,0, 0, False, 3
270,0, 0, False, 3
271,10, 10, False, 3
272,0, 10, False, 3
273,0, 10, False, 3
274,0, 10, False, 3
275,0, 10, False, 3
276,0, 10, False, 3
277,0, 10, False, 3
278,0, 10, False, 3
279,0, 10, False, 3
280,0, 10, False, 3
281,0, 10, False, 3
282,0, 10, False, 3
283,10, 20, False, 3
284,0, 20, False, 3
285,0, 20, False, 3
286,0, 20, False, 3
287,0, 20, False, 3
288,0, 20, False, 3
289,0, 20, False, 3
290,0, 20, False, 3
291,0, 20, False, 3
292,0, 20, False, 3
293,0, 20, False, 3
294,0, 20, False, 3
295,0, 20, False, 3
296,0, 20, False, 3
297,10, 30, False, 3
298,0, 30, False, 3
299,0, 30, False, 3
300,0, 30, False, 3
301,0, 30, False, 3
302,0, 30, False, 3
303,0, 30, False, 3
304,0, 30, False, 3
305,0, 30, False, 3
306,0, 30, False, 3
307,0, 30, False, 3
308,0, 30, False, 3
309,0, 30, False, 3
310,0, 30, False, 3
311,10, 40, False, 3
312,0, 40, False, 3
313,0, 40, False, 3
314,0, 40, False, 3
315,0, 40, False, 3
316,0, 40, False, 3
317,0, 40, False, 3
318,0, 40, False, 3
319,0, 40, False, 3
320,0, 40, False, 3
321,0, 40, False, 3
322,0, 40, False, 3
323,10, 50, False, 0
324,0, 50, False, 0
325,0, 50, False, 0
326,0, 50, False, 0
327,0, 50, False, 0
328,0, 50, False, 0
329,0, 50, False, 0
330,0, 50, False, 0
331,0, 50, False, 0
332,0, 50, False, 0
333,0, 50, False, 0
334,0, 50, False, 0
335,0, 50, False, 0
336,0, 50, False, 0
337,10, 60, False, 0
338,0, 60, False, 0
339,0, 60, False, 0
340,0, 60, False, 0
341,0, 60, False, 0
342,0, 60, False, 0
343,0, 60, False, 0
344,0, 60, False, 0
345,0, 60, False, 0
346,0, 60, False, 5
347,0, 60, False, 5
348,0, 60, False, 5
349,0, 60, False, 5
350,0, 60, False, 5
351,0, 60, False, 5
352,0, 60, False, 5
353,10, 70, False, 5
354,0, 70, False, 5
355,0, 70, False, 5
356,0, 70, False, 5
357,0, 70, False, 5
358,0, 70, False, 5
359,0, 70, False, 5
360,0, 70, False, 5
361,0, 70, False, 5
362,0, 70, False, 5
363,0, 70, False, 5
364,0, 70, False, 5
365,0, 70, False, 5
366,0, 70, False, 5
367,10, 80, False, 5
368,0, 80, False, 5
369,0, 80, False, 5
370,0, 80, False, 5
371,0, 80, False, 5
372,0, 80, False, 5
373,0, 80, False, 5
374,0, 80, False, 5
375,0, 80, False, 5
376,0, 80, False, 5
377,0, 80, False, 5
378,0, 80, False, 5
379,0, 80, False, 5
380,0, 80, False, 5
381,10, 90, False, 5
382,0, 90, False, 5
383,0, 90, False, 5
384,0, 90, False, 5
385,0, 90, False, 5
386,0, 90, False, 5
387,0, 90, False, 5
388,0, 90, False, 5
389,0, 90, False, 5
390,0, 90, False, 0
391,0, 90, False, 0
392,0, 90, False, 4
393,0, 90, False, 4
394,0, 90, False, 4
395,10, 100, False, 4
396,0, 100, False, 4
397,0, 100, False, 4
398,0, 100, False, 4
399,0, 100, False, 4
400,0, 100, False, 4
401,0, 100, False, 4
402,0, 100, False, 4
403,0, 100, False, 4
404,0, 100, False, 4
405,0, 100, False, 4
406,0, 100, False, 4
407,0, 100, False, 4
408,0, 100, False, 4
409,10, 110, False, 4
410,0, 110, False, 4
411,0, 110, False, 4
412,0, 110, False, 4
413,0, 110, False, 4
414,0, 110, False, 4
415,0, 110, False, 4
416,0, 110, False, 4
417,0, 110, False, 4
418,0, 110, False, 4
419,0, 110, False, 4
420,0, 110, False, 4
421,0, 110, False, 4
422,0, 110, False, 4
423,0, 110, False, 4
424,0, 110, False, 4
425,10, 120, False, 4
426,0, 120, False, 4
427,0, 120, False, 4
428,0, 120, False, 4
429,0, 120, False, 4
430,0, 120, False, 4
431,0, 120, False, 4
432,0, 120, False, 4
433,0, 120, False, 4
434,0, 120, False, 4
435,0, 120, False, 4
436,0, 120, False, 4
437,0, 120, False, 4
438,0, 120, False, 4
439,10, 130, False, 4
440,0, 130, False, 4
441,0, 130, False, 4
442,0, 130, False, 4
443,0, 130, False, 4
444,0, 130, False, 4
445,0, 130, False, 4
446,0, 130, False, 4
447,0, 130, False, 4
448,0, 130, False, 4
449,0, 130, False, 4
450,0, 130, False, 4
451,10, 140, False, 4
452,0, 140, False, 4
453,0, 140, False, 4
454,0, 140, False, 4
455,0, 140, False, 4
456,0, 140, False, 4
457,0, 140, False, 4
458,0, 140, False, 4
459,0, 140, False, 4
460,0, 140, False, 4
461,0, 140, False, 4
462,0, 140, False, 4
463,0, 140, False, 4
464,0, 140, False, 4
465,10, 150, False, 4
466,0, 150, False, 4
467,0, 150, False, 4
468,0, 150, False, 4
469,0, 150, False, 4
470,0, 150, False, 4
471,0, 150, False, 4
472,0, 150, False, 4
473,0, 150, False, 4
474,0, 150, False, 4
475,0, 150, False, 4
476,0, 150, False, 4
477,0, 150, False, 4
478,0, 150, False, 4
479,10, 160, False, 4
480,0, 160, False, 4
481,0, 160, False, 4
482,0, 160, False, 4
483,0, 160, False, 4
484,0, 160, False, 4
485,0, 160, False, 4
486,0, 160, False, 4
487,0, 160, False, 4
488,0, 160, False, 4
489,0, 160, False, 4
490,0, 160, False, 4
491,0, 160, False, 4
492,0, 160, False, 4
493,0, 160, False, 4
494,0, 160, False, 4
495,0, 160, False, 4
496,0, 160, False, 4
497,10, 170, False, 4
498,0, 170, False, 4
499,0, 170, False, 4
500,0, 170, False, 4
501,0, 170, False, 4
502,0, 170, False, 4
503,0, 170, False, 4
504,0, 170, False, 4
505,0, 170, False, 4
506,0, 170, False, 4
507,0, 170, False, 4
508,0, 170, False, 4
509,0, 170, False, 0
510,0, 170, False, 0
511,10, 180, False, 0
512,0, 180, False, 0
513,0, 180, False, 0
514,0, 180, False, 0
515,0, 180, False, 0
516,0, 180, False, 0
517,0, 180, False, 0
518,0, 180, False, 0
519,0, 180, False, 0
520,0, 180, False, 0
521,0, 180, False, 0
522,0, 180, False, 0
523,10, 190, False, 0
524,0, 190, False, 0
525,0, 190, False, 0
526,0, 190, False, 0
527,0, 190, False, 0
528,0, 190, False, 0
529,0, 190, False, 0
530,0, 190, False, 0
531,0, 190, False, 0
532,0, 190, False, 0
533,0, 190, False, 0
534,0, 190, False, 0
535,0, 190, False, 0
536,0, 190, False, 0
537,10, 200, False, 0
538,0, 200, False, 0
539,0, 200, False, 0
540,0, 200, False, 0
541,0, 200, False, 0
542,0, 200, False, 0
543,0, 200, False, 0
544,0, 200, False, 0
545,0, 200, False, 0
546,0, 200, False, 0
547,0, 200, False, 0
548,0, 200, False, 2
549,0, 200, False, 2
550,0, 200, False, 2
551,10, 210, False, 2
552,0, 210, False, 2
553,0, 210, False, 2
554,0, 210, False, 2
555,0, 210, False, 2
556,0, 210, False, 2
557,0, 210, False, 2
558,0, 210, False, 2
559,0, 210, False, 2
560,0, 210, False, 2
561,0, 210, False, 2
562,0, 210, False, 2
563,10, 220, False, 2
564,0, 220, False, 2
565,0, 220, False, 2
566,0, 220, False, 2
567,0, 220, False, 2
568,0, 220, False, 2
569,0, 220, False, 2
570,0, 220, False, 2
571,0, 220, False, 2
572,0, 220, False, 2
573,0, 220, False, 2
574,0, 220, False, 2
575,0, 220, False, 2
576,0, 220, False, 2
577,0, 220, False, 2
578,0, 220, False, 2
579,10, 230, False, 2
580,0, 230, False, 2
581,0, 230, False, 2
582,0, 230, False, 2
583,0, 230, False, 2
584,0, 230, False, 2
585,0, 230, False, 2
586,0, 230, False, 2
587,0, 230, False, 0
588,0, 230, False, 0
589,0, 230, False, 0
590,0, 230, False, 0
591,0, 230, False, 4
592,0, 230, False, 4
593,10, 240, False, 4
594,0, 240, False, 4
595,0, 240, False, 4
596,0, 240, False, 4
597,0, 240, False, 4
598,0, 240, False, 4
599,0, 240, False, 4
600,0, 240, False, 4
601,0, 240, False, 4
602,0, 240, False, 4
603,0, 240, False, 4
604,0, 240, False, 4
605,0, 240, False, 4
606,0, 240, False, 4
607,10, 250, False, 4
608,0, 250, False, 4
609,0, 250, False, 4
610,0, 250, False, 4
611,0, 250, False, 4
612,0, 250, False, 4
613,0, 250, False, 4
614,0, 250, False, 4
615,0, 250, False, 4
616,0, 250, False, 4
617,0, 250, False, 4
618,0, 250, False, 4
619,10, 260, False, 4
620,0, 260, False, 4
621,0, 260, False, 4
622,0, 260, False, 4
623,0, 260, False, 4
624,0, 260, False, 4
625,0, 260, False, 0
626,0, 260, False, 0
627,0, 260, False, 0
628,0, 260, False, 0
629,0, 260, False, 0
630,0, 260, False, 0
631,0, 260, False, 2
632,0, 260, False, 2
633,10, 270, False, 2
634,0, 270, False, 2
635,0, 270, False, 2
636,0, 270, False, 2
637,0, 270, False, 2
638,0, 270, False, 2
639,0, 270, False, 2
640,0, 270, False, 2
641,0, 270, False, 2
642,0, 270, False, 2
643,0, 270, False, 2
644,0, 270, False, 0
645,0, 270, False, 0
646,0, 270, False, 0
647,0, 270, False, 0
648,0, 270, False, 0
649,10, 280, False, 0
650,0, 280, False, 0
651,0, 280, False, 0
652,0, 280, False, 4
653,0, 280, False, 4
654,0, 280, False, 4
655,0, 280, False, 4
656,0, 280, False, 4
657,0, 280, False, 4
658,0, 280, False, 4
659,0, 280, False, 4
660,0, 280, False, 4
661,0, 280, False, 4
662,0, 280, False, 4
663,10, 290, False, 4
664,0, 290, False, 4
665,0, 290, False, 4
666,0, 290, False, 4
667,0, 290, False, 4
668,0, 290, False, 4
669,0, 290, False, 4
670,0, 290, False, 4
671,0, 290, False, 4
672,0, 290, False, 4
673,0, 290, False, 4
674,0, 290, False, 4
675,10, 300, False, 4
676,0, 300, False, 4
677,0, 300, False, 4
678,0, 300, False, 4
679,0, 300, False, 4
680,0, 300, False, 4
681,0, 300, False, 4
682,0, 300, False, 4
683,0, 300, False, 4
684,0, 300, False, 4
685,0, 300, False, 4
686,0, 300, False, 4
687,0, 300, False, 4
688,0, 300, False, 4
689,0, 300, False, 4
690,0, 300, False, 4
691,0, 300, False, 4
692,0, 300, False, 4
693,0, 300, False, 4
694,0, 300, False, 4
695,0, 300, False, 4
696,0, 300, False, 4
697,0, 300, False, 4
698,0, 300, False, 4
699,0, 300, False, 4
700,0, 300, False, 4
701,0, 300, False, 4
702,0, 300, False, 4
703,10, 310, False, 4
704,0, 310, False, 4
705,0, 310, False, 4
706,0, 310, False, 4
707,0, 310, False, 4
708,0, 310, False, 4
709,0, 310, False, 4
710,0, 310, False, 4
711,0, 310, False, 4
712,0, 310, False, 4
713,0, 310, False, 4
714,0, 310, False, 4
715,0, 310, False, 4
716,0, 310, False, 0
717,10, 320, False, 0
718,0, 320, False, 0
719,0, 320, False, 0
720,0, 320, False, 2
721,0, 320, False, 2
722,0, 320, False, 2
723,0, 320, False, 2
724,0, 320, False, 2
725,0, 320, False, 2
726,0, 320, False, 2
727,0, 320, False, 2
728,0, 320, False, 2
729,0, 320, False, 2
730,0, 320, False, 2
731,0, 320, False, 2
732,0, 320, False, 2
733,10, 330, False, 2
734,0, 330, False, 2
735,0, 330, False, 2
736,0, 330, False, 2
737,0, 330, False, 2
738,0, 330, False, 2
739,0, 330, False, 2
740,0, 330, False, 2
741,0, 330, False, 2
742,0, 330, False, 2
743,0, 330, False, 0
744,0, 330, False, 0
745,0, 330, False, 4
746,0, 330, False, 4
747,10, 340, False, 4
748,0, 340, False, 4
749,0, 340, False, 4
750,0, 340, False, 4
751,0, 340, False, 4
752,0, 340, False, 4
753,0, 340, False, 4
754,0, 340, False, 4
755,0, 340, False, 4
756,0, 340, False, 4
757,0, 340, False, 4
758,0, 340, False, 4
759,10, 350, False, 4
760,0, 350, False, 4
761,0, 350, False, 4
762,0, 350, False, 4
763,0, 350, False, 4
764,0, 350, False, 4
765,0, 350, False, 4
766,0, 350, False, 4
767,0, 350, False, 4
768,0, 350, False, 4
769,0, 350, False, 4
770,0, 350, False, 4
771,10, 360, False, 4
772,0, 360, False, 4
773,0, 360, False, 4
774,0, 360, False, 4
775,0, 360, False, 4
776,0, 360, False, 4
777,0, 360, False, 4
778,0, 360, False, 4
779,0, 360, False, 4
780,0, 360, False, 4
781,0, 360, False, 4
782,0, 360, False, 4
783,0, 360, False, 4
784,0, 360, False, 4
785,10, 370, False, 4
786,0, 370, False, 4
787,0, 370, False, 4
788,0, 370, False, 4
789,0, 370, False, 4
790,0, 370, False, 4
791,0, 370, False, 4
792,0, 370, False, 4
793,0, 370, False, 0
794,0, 370, False, 0
795,0, 370, False, 0
796,0, 370, False, 0
797,0, 370, False, 0
798,0, 370, False, 0
799,10, 380, False, 0
800,0, 380, False, 0
801,0, 380, False, 0
802,0, 380, False, 0
803,0, 380, False, 0
804,0, 380, False, 0
805,0, 380, False, 0
806,0, 380, False, 0
807,0, 380, False, 0
808,0, 380, False, 0
809,0, 380, False, 5
810,0, 380, False, 5
811,10, 390, False, 5
812,0, 390, False, 5
813,0, 390, False, 5
814,0, 390, False, 5
815,0, 390, False, 5
816,0, 390, False, 5
817,0, 390, False, 5
818,0, 390, False, 5
819,0, 390, False, 5
820,0, 390, False, 5
821,0, 390, False, 5
822,0, 390, False, 5
823,10, 400, False, 5
824,0, 400, False, 5
825,0, 400, False, 0
826,0, 400, False, 0
827,0, 400, False, 0
828,0, 400, False, 0
829,0, 400, False, 3
830,0, 400, False, 3
831,0, 400, False, 3
832,0, 400, False, 3
833,0, 400, False, 3
834,0, 400, False, 3
835,0, 400, False, 3
836,0, 400, False, 3
837,0, 400, False, 3
838,0, 400, False, 3
839,0, 400, False, 3
840,0, 400, False, 3
841,0, 400, False, 3
842,0, 400, False, 3
843,0, 400, False, 3
844,0, 400, False, 3
845,0, 400, False, 3
846,0, 400, False, 3
847,0, 400, False, 3
848,0, 400, False, 3
849,0, 400, False, 3
850,0, 400, False, 3
851,0, 400, False, 3
852,0, 400, False, 3
853,0, 400, False, 3
854,0, 400, False, 3
855,0, 400, False, 3
856,0, 400, False, 3
857,0, 400, False, 3
858,0, 400, False, 3
859,0, 400, False, 3
860,0, 400, False, 3
861,0, 400, False, 3
862,0, 400, False, 3
863,0, 400, False, 3
864,0, 400, False, 3
865,0, 400, False, 3
866,0, 400, False, 3
867,0, 400, False, 3
868,0, 400, False, 3
869,0, 400, False, 3
870,0, 400, False, 3
871,0, 400, False, 3
872,0, 400, False, 3
873,0, 400, False, 3
874,0, 400, False, 3
875,0, 400, False, 3
876,0, 400, False, 3
877,0, 400, False, 3
878,0, 400, False, 3
879,0, 400, False, 3
880,0, 400, False, 3
881,0, 400, False, 3
882,0, 400, False, 3
883,0, 400, False, 3
884,0, 400, False, 3
885,0, 400, False, 3
886,0, 400, False, 3
887,0, 400, False, 3
888,0, 400, False, 3
889,0, 400, False, 3
890,0, 400, False, 3
891,0, 400, False, 3
892,0, 400, False, 3
893,0, 400, False, 3
894,0, 400, False, 3
895,0, 400, False, 3
896,0, 400, False, 3
897,0, 400, False, 3
898,0, 400, False, 3
899,0, 400, False, 3
900,0, 400, False, 3
901,0, 400, False, 0
902,0, 400, False, 0
903,0, 400, False, 0
904,0, 400, False, 0
905,0, 400, False, 0
906,0, 400, False, 0
907,0, 400, False, 0
908,0, 400, False, 0
909,0, 400, False, 0
910,0, 400, False, 0
911,0, 400, False, 0
912,0, 400, False, 0
913,0, 400, False, 0
914,0, 400, False, 0
915,0, 400, False, 0
916,0, 400, False, 0
917,0, 400, False, 0
918,0, 400, False, 0
919,0, 400, False, 0
920,0, 400, False, 0
921,0, 400, False, 0
922,0, 400, False, 0
923,0, 400, False, 0
924,0, 400, False, 0
925,0, 400, False, 0
926,0, 400, False, 0
927,0, 400, False, 0
928,0, 400, False, 0
929,0, 400, False, 0
930,0, 400, False, 0
931,0, 400, False, 0
932,0, 400, False, 0
933,0, 400, False, 0
934,0, 400, False, 0
935,0, 400, False, 0
936,0, 400, False, 0
937,0, 400, False, 0
938,0, 400, False, 0
939,0, 400, False, 0
940,0, 400, False, 0
941,0, 400, False, 0
942,0, 400, False, 0
943,0, 400, False, 0
944,0, 400, False, 0
945,0, 400, False, 0
946,0, 400, False, 0
947,0, 400, False, 0
948,0, 400, False, 0
949,0, 400, False, 0
950,0, 400, False, 0
951,0, 400, False, 0
952,0, 400, False, 0
953,0, 400, False, 0
954,0, 400, False, 0
955,0, 400, False, 0
956,0, 400, False, 0
957,0, 400, False, 0
958,0, 400, False, 0
959,0, 400, False, 0
960,0, 400, False, 0
961,0, 400, False, 0
962,0, 400, False, 0
963,0, 400, False, 0
964,0, 400, False, 0
965,0, 400, False, 0
966,0, 400, False, 0
967,0, 400, False, 0
968,0, 400, False, 0
969,0, 400, False, 0
970,0, 400, False, 0
971,0, 400, False, 0
972,0, 400, False, 0
973,0, 400, False, 0
974,0, 400, False, 0
975,0, 400, False, 0
976,0, 400, False, 0
977,0, 400, False, 0
978,0, 400, False, 0
979,0, 400, False, 0
980,0, 400, False, 0
981,0, 400, False, 0
982,0, 400, False, 0
983,0, 400, False, 0
984,0, 400, False, 0
985,0, 400, False, 0
986,0, 400, False, 0
987,0, 400, False, 0
988,0, 400, False, 0
989,0, 400, False, 0
990,0, 400, False, 0
991,0, 400, False, 0
992,0, 400, False, 0
993,0, 400, False, 0
994,0, 400, False, 0
995,0, 400, False, 0
996,0, 400, False, 0
997,0, 400, False, 0
998,0, 400, False, 0
999,0, 400, False, 0
1000,0, 400, False, 0
1001,0, 400, False, 0
1002,0, 400, False, 0
1003,0, 400, False, 0
1004,0, 400, False, 0
1005,0, 400, False, 0
1006,0, 400, False, 0
1007,0, 400, False, 0
1008,0, 400, False, 0
1009,0, 400, False, 0
1010,0, 400, False, 0
1011,0, 400, False, 0
1012,0, 400, False, 0
1013,0, 400, False, 0
1014,0, 400, False, 0
1015,0, 400, False, 0
1016,0, 400, False, 0
1017,0, 400, False, 0
1018,0, 400, False, 0
1019,0, 400, False, 0
1020,0, 400, False, 0
1021,0, 400, False, 0
1022,0, 400, False, 0
1023,0, 400, False, 0
1024,0, 400, False, 0
1025,0, 400, False, 0
1026,0, 400, False, 0
1027,0, 400, False, 0
1028,0, 400, False, 0
1029,0, 400, False, 0
1030,0, 400, False, 0
1031,0, 400, False, 0
1032,0, 400, False, 0
1033,0, 400, False, 0
1034,0, 400, False, 0
1035,0, 400, False, 0
1036,0, 400, False, 0
1037,0, 400, False, 0
1038,0, 400, False, 0
1039,10, 410, False, 0
1040,0, 410, False, 0
1041,0, 410, False, 0
1042,0, 410, False, 0
1043,0, 410, False, 0
1044,0, 410, False, 0
1045,0, 410, False, 0
1046,0, 410, False, 0
1047,0, 410, False, 0
1048,0, 410, False, 0
1049,0, 410, False, 0
1050,0, 410, False, 0
1051,0, 410, False, 0
1052,0, 410, False, 0
1053,10, 420, False, 0
1054,0, 420, False, 0
1055,0, 420, False, 0
1056,0, 420, False, 0
1057,0, 420, False, 0
1058,0, 420, False, 0
1059,0, 420, False, 0
1060,0, 420, False, 0
1061,0, 420, False, 0
1062,0, 420, False, 0
1063,0, 420, False, 4
1064,0, 420, False, 4
1065,0, 420, False, 4
1066,0, 420, False, 4
1067,10, 430, False, 4
1068,0, 430, False, 4
1069,0, 430, False, 4
1070,0, 430, False, 4
1071,0, 430, False, 4
1072,0, 430, False, 4
1073,0, 430, False, 4
1074,0, 430, False, 4
1075,0, 430, False, 4
1076,0, 430, False, 4
1077,0, 430, False, 4
1078,0, 430, False, 4
1079,10, 440, False, 4
1080,0, 440, False, 4
1081,0, 440, False, 4
1082,0, 440, False, 4
1083,0, 440, False, 4
1084,0, 440, False, 0
1085,0, 440, False, 0
1086,0, 440, False, 0
1087,0, 440, False, 0
1088,0, 440, False, 0
1089,0, 440, False, 0
1090,0, 440, False, 0
1091,0, 440, False, 0
1092,0, 440, False, 0
1093,10, 450, False, 0
1094,0, 450, False, 0
1095,0, 450, False, 0
1096,0, 450, False, 0
1097,0, 450, False, 0
1098,0, 450, False, 0
1099,0, 450, False, 0
1100,0, 450, False, 0
1101,0, 450, False, 0
1102,0, 450, False, 0
1103,0, 450, False, 0
1104,0, 450, False, 0
1105,0, 450, False, 0
1106,0, 450, False, 0
1107,10, 460, False, 0
1108,0, 460, False, 0
1109,0, 460, False, 0
1110,0, 460, False, 0
1111,0, 460, False, 0
1112,0, 460, False, 0
1113,0, 460, False, 0
1114,0, 460, False, 0
1115,0, 460, False, 0
1116,0, 460, False, 0
1117,0, 460, False, 0
1118,0, 460, False, 0
1119,0, 460, False, 0
1120,0, 460, False, 0
1121,0, 460, False, 0
1122,0, 460, False, 5
1123,0, 460, False, 5
1124,0, 460, False, 5
1125,0, 460, False, 5
1126,0, 460, False, 5
1127,0, 460, False, 5
1128,0, 460, False, 5
1129,10, 470, False, 5
1130,0, 470, False, 5
1131,0, 470, False, 5
1132,0, 470, False, 5
1133,0, 470, False, 5
1134,0, 470, False, 5
1135,0, 470, False, 5
1136,0, 470, False, 5
1137,0, 470, False, 5
1138,0, 470, False, 5
1139,0, 470, False, 5
1140,0, 470, False, 5
1141,0, 470, False, 5
1142,0, 470, False, 5
1143,0, 470, False, 5
1144,0, 470, False, 5
1145,0, 470, False, 5
1146,0, 470, False, 5
1147,0, 470, False, 5
1148,0, 470, False, 5
1149,0, 470, False, 5
1150,0, 470, False, 5
1151,0, 470, False, 5
1152,0, 470, False, 5
1153,0, 470, False, 5
1154,0, 470, False, 5
1155,0, 470, False, 5
1156,0, 470, False, 5
1157,0, 470, False, 5
1158,0, 470, False, 5
1159,0, 470, False, 5
1160,0, 470, False, 5
1161,0, 470, False, 0
1162,0, 470, False, 0
1163,0, 470, False, 0
1164,0, 470, False, 0
1165,0, 470, False, 0
1166,0, 470, False, 0
1167,0, 470, False, 0
1168,0, 470, False, 0
1169,0, 470, False, 0
1170,0, 470, False, 0
1171,0, 470, False, 0
1172,0, 470, False, 0
1173,0, 470, False, 0
1174,0, 470, False, 3
1175,0, 470, False, 3
1176,0, 470, False, 3
1177,0, 470, False, 3
1178,0, 470, False, 3
1179,0, 470, False, 3
1180,0, 470, False, 3
1181,0, 470, False, 3
1182,0, 470, False, 3
1183,0, 470, False, 3
1184,0, 470, False, 3
1185,0, 470, False, 3
1186,0, 470, False, 3
1187,0, 470, False, 3
1188,0, 470, False, 3
1189,0, 470, False, 3
1190,0, 470, False, 3
1191,0, 470, False, 3
1192,0, 470, False, 3
1193,0, 470, False, 3
1194,0, 470, False, 3
1195,0, 470, False, 3
1196,0, 470, False, 3
1197,0, 470, False, 3
1198,0, 470, False, 3
1199,0, 470, False, 3
1200,0, 470, False, 3
1201,0, 470, False, 3
1202,0, 470, False, 3
1203,0, 470, False, 3
1204,0, 470, False, 3
1205,0, 470, False, 3
1206,0, 470, False, 3
1207,0, 470, False, 3
1208,0, 470, False, 0
1209,0, 470, False, 0
1210,0, 470, False, 0
1211,0, 470, False, 0
1212,0, 470, False, 0
1213,0, 470, False, 0
1214,0, 470, False, 0
1215,0, 470, False, 0
1216,0, 470, False, 0
1217,0, 470, False, 0
1218,0, 470, False, 2
1219,0, 470, False, 2
1220,0, 470, False, 2
1221,0, 470, False, 2
1222,0, 470, False, 2
1223,0, 470, False, 2
1224,0, 470, False, 2
1225,0, 470, False, 2
1226,0, 470, False, 2
1227,0, 470, False, 2
1228,0, 470, False, 2
1229,0, 470, False, 2
1230,0, 470, False, 2
1231,0, 470, False, 2
1232,0, 470, False, 2
1233,0, 470, False, 2
1234,0, 470, False, 2
1235,0, 470, False, 2
1236,0, 470, False, 2
1237,0, 470, False, 2
1238,0, 470, False, 2
1239,10, 480, False, 2
1240,0, 480, False, 2
1241,0, 480, False, 2
1242,0, 480, False, 2
1243,0, 480, False, 2
1244,0, 480, False, 2
1245,0, 480, False, 2
1246,0, 480, False, 2
1247,0, 480, False, 2
1248,0, 480, False, 2
1249,0, 480, False, 2
1250,0, 480, False, 2
1251,0, 480, False, 2
1252,0, 480, False, 2
1253,10, 490, False, 2
1254,0, 490, False, 2
1255,0, 490, False, 2
1256,0, 490, False, 0
1257,0, 490, False, 0
1258,0, 490, False, 0
1259,0, 490, False, 0
1260,0, 490, False, 0
1261,0, 490, False, 0
1262,0, 490, False, 0
1263,0, 490, False, 0
1264,0, 490, False, 0
1265,0, 490, False, 0
1266,0, 490, False, 5
1267,0, 490, False, 5
1268,0, 490, False, 5
1269,0, 490, False, 5
1270,0, 490, False, 5
1271,0, 490, False, 5
1272,0, 490, False, 5
1273,0, 490, False, 5
1274,0, 490, False, 5
1275,0, 490, False, 5
1276,0, 490, False, 5
1277,0, 490, False, 5
1278,0, 490, False, 5
1279,0, 490, False, 5
1280,0, 490, False, 5
1281,0, 490, False, 5
1282,0, 490, False, 5
1283,0, 490, False, 5
1284,0, 490, False, 5
1285,0, 490, False, 5
1286,0, 490, False, 5
1287,0, 490, False, 5
1288,0, 490, False, 5
1289,0, 490, False, 5
1290,0, 490, False, 5
1291,0, 490, False, 5
1292,0, 490, False, 0
1293,0, 490, False, 0
1294,0, 490, False, 0
1295,0, 490, False, 0
1296,0, 490, False, 0
1297,0, 490, False, 0
1298,0, 490, False, 0
1299,0, 490, False, 0
1300,0, 490, False, 0
1301,0, 490, False, 0
1302,0, 490, False, 2
1303,0, 490, False, 2
1304,0, 490, False, 2
1305,0, 490, False, 2
1306,0, 490, False, 2
1307,0, 490, False, 2
1308,0, 490, False, 2
1309,0, 490, False, 2
1310,0, 490, False, 2
1311,0, 490, False, 2
1312,0, 490, False, 2
1313,0, 490, False, 2
1314,0, 490, False, 2
1315,0, 490, False, 2
1316,0, 490, False, 2
1317,0, 490, False, 2
1318,0, 490, False, 2
1319,0, 490, False, 2
1320,0, 490, False, 2
1321,0, 490, False, 2
1322,0, 490, False, 2
1323,0, 490, False, 2
1324,0, 490, False, 2
1325,0, 490, False, 2
1326,0, 490, False, 2
1327,0, 490, False, 2
1328,0, 490, False, 2
1329,0, 490, False, 2
1330,0, 490, False, 2
1331,0, 490, False, 2
1332,0, 490, False, 2
1333,0, 490, False, 2
1334,0, 490, False, 2
1335,0, 490, False, 2
1336,0, 490, False, 2
1337,10, 500, False, 2
1338,0, 500, False, 2
1339,0, 500, False, 2
1340,0, 500, False, 2
1341,0, 500, False, 0
1342,0, 500, False, 0
1343,0, 500, False, 0
1344,0, 500, False, 0
1345,0, 500, False, 0
1346,0, 500, False, 0
1347,0, 500, False, 0
1348,0, 500, False, 0
1349,0, 500, False, 0
1350,0, 500, False, 0
1351,10, 510, False, 0
1352,0, 510, False, 0
1353,0, 510, False, 0
1354,0, 510, False, 0
1355,0, 510, False, 0
1356,0, 510, False, 0
1357,0, 510, False, 0
1358,0, 510, False, 0
1359,0, 510, False, 0
1360,0, 510, False, 0
1361,0, 510, False, 0
1362,0, 510, False, 0
1363,0, 510, False, 0
1364,0, 510, False, 0
1365,0, 510, False, 0
1366,0, 510, False, 0
1367,0, 510, False, 5
1368,0, 510, False, 5
1369,0, 510, False, 5
1370,0, 510, False, 5
1371,0, 510, False, 5
1372,0, 510, False, 5
1373,0, 510, False, 5
1374,0, 510, False, 5
1375,0, 510, False, 5
1376,0, 510, False, 5
1377,0, 510, False, 5
1378,0, 510, False, 5
1379,0, 510, False, 5
1380,0, 510, False, 5
1381,0, 510, False, 5
1382,0, 510, False, 5
1383,0, 510, False, 5
1384,0, 510, False, 5
1385,0, 510, False, 5
1386,0, 510, False, 5
1387,0, 510, False, 5
1388,0, 510, False, 5
1389,0, 510, False, 5
1390,0, 510, False, 5
1391,0, 510, False, 5
1392,0, 510, False, 5
1393,0, 510, False, 5
1394,0, 510, False, 5
1395,0, 510, False, 5
1396,0, 510, False, 5
1397,0, 510, False, 5
1398,0, 510, False, 5
1399,0, 510, False, 5
1400,0, 510, False, 5
1401,0, 510, False, 5
1402,0, 510, False, 5
1403,0, 510, False, 5
1404,0, 510, False, 5
1405,0, 510, False, 5
1406,0, 510, False, 5
1407,0, 510, False, 5
1408,0, 510, False, 5
1409,0, 510, False, 5
1410,0, 510, False, 5
1411,0, 510, False, 5
1412,0, 510, False, 5
1413,0, 510, False, 5
1414,0, 510, False, 5
1415,0, 510, False, 5
1416,0, 510, False, 5
1417,0, 510, False, 5
1418,0, 510, False, 5
1419,0, 510, False, 5
1420,0, 510, False, 5
1421,0, 510, False, 5
1422,0, 510, False, 0
1423,0, 510, False, 0
1424,0, 510, False, 4
1425,0, 510, False, 4
1426,0, 510, False, 4
1427,0, 510, False, 4
1428,0, 510, False, 4
1429,0, 510, False, 4
1430,0, 510, False, 4
1431,0, 510, False, 4
1432,0, 510, False, 4
1433,0, 510, False, 4
1434,0, 510, False, 4
1435,0, 510, False, 4
1436,0, 510, False, 4
1437,0, 510, False, 4
1438,0, 510, False, 4
1439,0, 510, False, 4
1440,0, 510, False, 4
1441,0, 510, False, 4
1442,0, 510, False, 4
1443,0, 510, False, 4
1444,0, 510, False, 4
1445,0, 510, False, 4
1446,0, 510, False, 4
1447,0, 510, False, 4
1448,0, 510, False, 4
1449,0, 510, False, 4
1450,0, 510, False, 4
1451,0, 510, False, 4
1452,0, 510, False, 4
1453,0, 510, False, 4
1454,0, 510, False, 4
1455,0, 510, False, 4
1456,0, 510, False, 4
1457,0, 510, False, 4
1458,0, 510, False, 4
1459,0, 510, False, 4
1460,0, 510, False, 4
1461,0, 510, False, 4
1462,0, 510, False, 4
1463,0, 510, False, 4
1464,0, 510, False, 4
1465,0, 510, False, 4
1466,0, 510, False, 4
1467,0, 510, False, 4
1468,0, 510, False, 4
1469,0, 510, False, 4
1470,0, 510, False, 4
1471,0, 510, False, 4
1472,0, 510, False, 4
1473,0, 510, False, 4
1474,0, 510, False, 4
1475,0, 510, False, 4
1476,0, 510, False, 4
1477,0, 510, False, 4
1478,0, 510, False, 4
1479,10, 520, False, 4
1480,0, 520, False, 4
1481,0, 520, False, 4
1482,0, 520, False, 4
1483,0, 520, False, 4
1484,0, 520, False, 4
1485,0, 520, False, 4
1486,0, 520, False, 4
1487,0, 520, False, 4
1488,0, 520, False, 4
1489,0, 520, False, 4
1490,0, 520, False, 4
1491,0, 520, False, 4
1492,0, 520, False, 4
1493,10, 530, False, 4
1494,0, 530, False, 4
1495,0, 530, False, 4
1496,0, 530, False, 4
1497,0, 530, False, 4
1498,0, 530, False, 4
1499,0, 530, False, 4
1500,0, 530, False, 4
1501,0, 530, False, 4
1502,0, 530, False, 4
1503,0, 530, False, 4
1504,0, 530, False, 4
1505,0, 530, False, 4
1506,0, 530, False, 2
1507,10, 540, False, 2
1508,0, 540, False, 2
1509,0, 540, False, 2
1510,0, 540, False, 2
1511,0, 540, False, 2
1512,0, 540, False, 2
1513,0, 540, False, 2
1514,0, 540, False, 2
1515,0, 540, False, 2
1516,0, 540, False, 2
1517,50, 590, False, 2
1518,0, 590, False, 2
1519,0, 590, False, 2
1520,0, 590, False, 2
1521,0, 590, False, 2
1522,0, 590, False, 2
1523,0, 590, False, 2
1524,0, 590, False, 2
1525,0, 590, False, 2
1526,0, 590, False, 2
1527,0, 590, False, 2
1528,0, 590, False, 2
1529,0, 590, False, 2
1530,0, 590, False, 2
1531,0, 590, False, 2
1532,0, 590, False, 2
1533,10, 600, False, 2
1534,0, 600, False, 2
1535,0, 600, False, 2
1536,0, 600, False, 2
1537,0, 600, False, 2
1538,0, 600, False, 2
1539,0, 600, False, 2
1540,0, 600, False, 2
1541,0, 600, False, 2
1542,0, 600, False, 2
1543,0, 600, False, 2
1544,0, 600, False, 2
1545,0, 600, False, 2
1546,0, 600, False, 2
1547,210, 810, False, 2
1548,0, 810, False, 2
1549,0, 810, False, 2
1550,0, 810, False, 2
1551,0, 810, False, 2
1552,0, 810, False, 2
1553,0, 810, False, 2
1554,0, 810, False, 0
1555,0, 810, False, 0
1556,0, 810, False, 0
1557,0, 810, False, 0
1558,0, 810, False, 0
1559,0, 810, False, 0
1560,0, 810, False, 0
1561,0, 810, False, 0
1562,0, 810, False, 0
1563,0, 810, False, 3
1564,0, 810, False, 3
1565,0, 810, False, 3
1566,0, 810, False, 3
1567,0, 810, False, 3
1568,0, 810, False, 3
1569,0, 810, False, 3
1570,0, 810, False, 3
1571,0, 810, False, 3
1572,0, 810, False, 3
1573,0, 810, False, 0
1574,0, 810, False, 0
1575,0, 810, False, 0
1576,0, 810, False, 0
1577,0, 810, False, 0
1578,0, 810, False, 0
1579,0, 810, False, 0
1580,0, 810, False, 0
1581,0, 810, False, 0
1582,0, 810, False, 0
1583,0, 810, False, 0
1584,0, 810, False, 2
1585,0, 810, False, 2
1586,0, 810, False, 2
1587,0, 810, False, 2
1588,0, 810, False, 2
1589,0, 810, False, 2
1590,0, 810, False, 2
1591,0, 810, False, 2
1592,0, 810, False, 2
1593,0, 810, False, 2
1594,0, 810, False, 2
1595,0, 810, False, 2
1596,0, 810, False, 2
1597,0, 810, False, 2
1598,0, 810, False, 2
1599,0, 810, False, 2
1600,0, 810, False, 2
1601,0, 810, False, 2
1602,0, 810, False, 2
1603,0, 810, False, 2
1604,0, 810, False, 2
1605,0, 810, False, 2
1606,0, 810, False, 2
1607,0, 810, False, 2
1608,0, 810, False, 2
1609,0, 810, False, 2
1610,0, 810, False, 2
1611,0, 810, False, 2
1612,0, 810, False, 2
1613,0, 810, False, 2
1614,0, 810, False, 2
1615,0, 810, False, 2
1616,0, 810, False, 2
1617,0, 810, False, 2
1618,0, 810, False, 2
1619,0, 810, False, 2
1620,0, 810, False, 2
1621,0, 810, False, 2
1622,0, 810, False, 2
1623,0, 810, False, 2
1624,0, 810, False, 2
1625,0, 810, False, 2
1626,0, 810, False, 2
1627,0, 810, False, 2
1628,0, 810, False, 2
1629,0, 810, False, 2
1630,0, 810, False, 2
1631,0, 810, False, 2
1632,0, 810, False, 2
1633,0, 810, False, 2
1634,0, 810, False, 2
1635,0, 810, False, 2
1636,0, 810, False, 0
1637,0, 810, False, 0
1638,0, 810, False, 0
1639,0, 810, False, 0
1640,0, 810, False, 0
1641,0, 810, False, 0
1642,0, 810, False, 0
1643,0, 810, False, 0
1644,0, 810, False, 0
1645,0, 810, False, 0
1646,0, 810, False, 0
1647,0, 810, False, 3
1648,0, 810, False, 3
1649,0, 810, False, 3
1650,0, 810, False, 3
1651,0, 810, False, 3
1652,0, 810, False, 3
1653,0, 810, False, 3
1654,0, 810, False, 3
1655,0, 810, False, 3
1656,0, 810, False, 3
1657,0, 810, False, 3
1658,0, 810, False, 0
1659,0, 810, False, 0
1660,0, 810, False, 0
1661,0, 810, False, 0
1662,0, 810, False, 0
1663,0, 810, False, 0
1664,0, 810, False, 0
1665,0, 810, False, 0
1666,0, 810, False, 0
1667,0, 810, False, 0
1668,0, 810, False, 0
1669,0, 810, False, 0
1670,0, 810, False, 0
1671,0, 810, False, 0
1672,0, 810, False, 0
1673,0, 810, False, 2
1674,0, 810, False, 2
1675,0, 810, False, 2
1676,0, 810, False, 2
1677,0, 810, False, 2
1678,0, 810, False, 2
1679,0, 810, False, 2
1680,0, 810, False, 2
1681,0, 810, False, 2
1682,0, 810, False, 2
1683,0, 810, False, 2
1684,0, 810, False, 2
1685,0, 810, False, 2
1686,0, 810, False, 2
1687,0, 810, False, 2
1688,0, 810, False, 2
1689,0, 810, False, 2
1690,0, 810, False, 2
1691,10, 820, False, 2
1692,0, 820, False, 2
1693,0, 820, False, 2
1694,0, 820, False, 2
1695,0, 820, False, 2
1696,0, 820, False, 2
1697,0, 820, False, 2
1698,0, 820, False, 2
1699,0, 820, False, 2
1700,0, 820, False, 2
1701,0, 820, False, 2
1702,0, 820, False, 2
1703,0, 820, False, 2
1704,0, 820, False, 2
1705,10, 830, False, 2
1706,0, 830, False, 2
1707,0, 830, False, 2
1708,0, 830, False, 2
1709,0, 830, False, 2
1710,0, 830, False, 2
1711,0, 830, False, 2
1712,0, 830, False, 2
1713,0, 830, False, 2
1714,0, 830, False, 0
1715,0, 830, False, 0
1716,0, 830, False, 0
1717,0, 830, False, 0
1718,0, 830, False, 0
1719,10, 840, False, 0
1720,0, 840, False, 0
1721,0, 840, False, 0
1722,0, 840, False, 0
1723,0, 840, False, 0
1724,0, 840, False, 0
1725,0, 840, False, 3
1726,0, 840, False, 3
1727,0, 840, False, 3
1728,0, 840, False, 3
1729,0, 840, False, 3
1730,0, 840, False, 3
1731,0, 840, False, 3
1732,0, 840, False, 3
1733,10, 850, False, 3
1734,0, 850, False, 3
1735,0, 850, False, 3
1736,0, 850, False, 3
1737,0, 850, False, 3
1738,0, 850, False, 3
1739,0, 850, False, 3
1740,0, 850, False, 3
1741,0, 850, False, 3
1742,0, 850, False, 3
1743,10, 860, False, 3
1744,0, 860, False, 3
1745,0, 860, False, 3
1746,0, 860, False, 3
1747,0, 860, False, 3
1748,0, 860, False, 3
1749,0, 860, False, 3
1750,0, 860, False, 3
1751,0, 860, False, 3
1752,0, 860, False, 3
1753,0, 860, False, 3
1754,0, 860, False, 3
1755,0, 860, False, 3
1756,0, 860, False, 3
1757,10, 870, False, 3
1758,0, 870, False, 3
1759,0, 870, False, 3
1760,0, 870, False, 3
1761,0, 870, False, 3
1762,0, 870, False, 3
1763,0, 870, False, 3
1764,0, 870, False, 3
1765,0, 870, False, 3
1766,0, 870, False, 3
1767,0, 870, False, 3
1768,0, 870, False, 3
1769,0, 870, False, 3
1770,0, 870, False, 3
1771,0, 870, False, 3
1772,0, 870, False, 3
1773,0, 870, False, 3
1774,0, 870, False, 3
1775,10, 880, False, 3
1776,0, 880, False, 3
1777,0, 880, False, 3
1778,0, 880, False, 3
1779,0, 880, False, 3
1780,0, 880, False, 3
1781,0, 880, False, 3
1782,0, 880, False, 3
1783,0, 880, False, 3
1784,0, 880, False, 3
1785,0, 880, False, 3
1786,0, 880, False, 3
1787,0, 880, False, 3
1788,0, 880, False, 3
1789,10, 890, False, 3
1790,0, 890, False, 3
1791,0, 890, False, 3
1792,0, 890, False, 3
1793,0, 890, False, 5
1794,0, 890, False, 5
1795,0, 890, False, 5
1796,0, 890, False, 5
1797,0, 890, False, 5
1798,0, 890, False, 5
1799,0, 890, False, 5
1800,0, 890, False, 5
1801,0, 890, False, 5
1802,0, 890, False, 5
1803,10, 900, False, 5
1804,0, 900, False, 5
1805,0, 900, False, 5
1806,0, 900, False, 5
1807,0, 900, False, 5
1808,0, 900, False, 5
1809,0, 900, False, 5
1810,0, 900, False, 5
1811,0, 900, False, 5
1812,0, 900, False, 5
1813,0, 900, False, 5
1814,0, 900, False, 5
1815,10, 910, False, 5
1816,0, 910, False, 5
1817,0, 910, False, 5
1818,0, 910, False, 5
1819,0, 910, False, 5
1820,0, 910, False, 5
1821,0, 910, False, 5
1822,0, 910, False, 5
1823,0, 910, False, 5
1824,0, 910, False, 5
1825,0, 910, False, 5
1826,0, 910, False, 5
1827,0, 910, False, 5
1828,0, 910, False, 5
1829,0, 910, False, 5
1830,0, 910, False, 5
1831,0, 910, False, 5
1832,0, 910, False, 5
1833,0, 910, False, 5
1834,0, 910, False, 5
1835,0, 910, False, 5
1836,0, 910, False, 5
1837,0, 910, False, 5
1838,0, 910, False, 5
1839,0, 910, False, 5
1840,0, 910, False, 5
1841,0, 910, False, 5
1842,0, 910, False, 5
1843,0, 910, False, 5
1844,0, 910, False, 5
1845,0, 910, False, 5
1846,0, 910, False, 5
1847,0, 910, False, 5
1848,0, 910, False, 5
1849,0, 910, False, 5
1850,0, 910, False, 5
1851,0, 910, False, 5
1852,0, 910, False, 5
1853,0, 910, False, 5
1854,0, 910, False, 0
1855,0, 910, False, 0
1856,0, 910, False, 0
1857,0, 910, False, 4
1858,0, 910, False, 4
1859,0, 910, False, 4
1860,0, 910, False, 4
1861,400, 1310, False, 4
1862,0, 1310, False, 4
1863,0, 1310, False, 4
1864,0, 1310, False, 4
1865,0, 1310, False, 4
1866,0, 1310, False, 4
1867,0, 1310, False, 4
1868,0, 1310, False, 4
1869,0, 1310, False, 4
1870,0, 1310, False, 4
1871,0, 1310, False, 4
1872,0, 1310, False, 4
1873,0, 1310, False, 4
1874,0, 1310, False, 4
1875,0, 1310, False, 4
1876,0, 1310, False, 4
1877,0, 1310, False, 4
1878,0, 1310, False, 4
1879,0, 1310, False, 4
1880,0, 1310, False, 4
1881,0, 1310, False, 4
1882,0, 1310, False, 4
1883,100, 1410, False, 4
1884,0, 1410, False, 4
1885,0, 1410, False, 4
1886,0, 1410, False, 4
1887,0, 1410, False, 4
1888,0, 1410, False, 4
1889,0, 1410, False, 4
1890,0, 1410, False, 4
1891,0, 1410, False, 4
1892,0, 1410, False, 4
1893,0, 1410, False, 4
1894,0, 1410, False, 4
1895,0, 1410, False, 4
1896,0, 1410, False, 4
1897,0, 1410, False, 4
1898,0, 1410, False, 4
1899,0, 1410, False, 4
1900,0, 1410, False, 4
1901,0, 1410, False, 4
1902,0, 1410, False, 4
1903,0, 1410, False, 4
1904,0, 1410, False, 4
1905,0, 1410, False, 4
1906,0, 1410, False, 0
1907,0, 1410, False, 0
1908,0, 1410, False, 0
1909,0, 1410, False, 0
1910,0, 1410, False, 0
1911,0, 1410, False, 0
1912,0, 1410, False, 0
1913,0, 1410, False, 0
1914,0, 1410, False, 0
1915,0, 1410, False, 0
1916,0, 1410, False, 0
1917,0, 1410, False, 0
1918,0, 1410, False, 0
1919,0, 1410, False, 0
1920,0, 1410, False, 0
1921,0, 1410, False, 0
1922,0, 1410, False, 8
1923,0, 1410, False, 8
1924,0, 1410, False, 8
1925,0, 1410, False, 8
1926,0, 1410, False, 8
1927,0, 1410, False, 8
1928,0, 1410, False, 8
1929,0, 1410, False, 5
1930,0, 1410, False, 5
1931,0, 1410, False, 5
1932,0, 1410, False, 5
1933,0, 1410, False, 5
1934,0, 1410, False, 5
1935,0, 1410, False, 5
1936,0, 1410, False, 5
1937,0, 1410, False, 5
1938,0, 1410, False, 5
1939,0, 1410, False, 5
1940,0, 1410, False, 5
1941,10, 1420, False, 5
1942,0, 1420, False, 5
1943,0, 1420, False, 5
1944,0, 1420, False, 5
1945,0, 1420, False, 5
1946,0, 1420, False, 5
1947,0, 1420, False, 5
1948,0, 1420, False, 5
1949,0, 1420, False, 5
1950,0, 1420, False, 5
1951,0, 1420, False, 5
1952,0, 1420, False, 5
1953,0, 1420, False, 5
1954,0, 1420, False, 5
1955,10, 1430, False, 5
1956,0, 1430, False, 5
1957,0, 1430, False, 5
1958,0, 1430, False, 5
1959,0, 1430, False, 5
1960,0, 1430, False, 5
1961,800, 2230, False, 5
1962,0, 2230, False, 5
1963,0, 2230, False, 5
1964,0, 2230, False, 5
1965,0, 2230, False, 5
1966,0, 2230, False, 5
1967,0, 2230, False, 5
1968,0, 2230, False, 5
1969,0, 2230, False, 5
1970,0, 2230, False, 5
1971,0, 2230, False, 5
1972,0, 2230, False, 5
1973,0, 2230, False, 5
1974,0, 2230, False, 5
1975,0, 2230, False, 5
1976,0, 2230, False, 5
1977,0, 2230, False, 5
1978,0, 2230, False, 5
1979,0, 2230, False, 5
1980,0, 2230, False, 5
1981,0, 2230, False, 5
1982,0, 2230, False, 5
1983,0, 2230, False, 5
1984,0, 2230, False, 5
1985,10, 2240, False, 5
1986,0, 2240, False, 5
1987,0, 2240, False, 5
1988,0, 2240, False, 5
1989,0, 2240, False, 5
1990,0, 2240, False, 5
1991,0, 2240, False, 5
1992,0, 2240, False, 5
1993,0, 2240, False, 5
1994,0, 2240, False, 5
1995,0, 2240, False, 5
1996,0, 2240, False, 5
1997,0, 2240, False, 5
1998,0, 2240, False, 5
1999,10, 2250, False, 5
2000,0, 2250, False, 5
2001,0, 2250, False, 5
2002,0, 2250, False, 5
2003,0, 2250, False, 5
2004,0, 2250, False, 5
2005,0, 2250, False, 5
2006,0, 2250, False, 5
2007,0, 2250, False, 5
2008,0, 2250, False, 5
2009,0, 2250, False, 5
2010,0, 2250, False, 5
2011,0, 2250, False, 5
2012,0, 2250, False, 5
2013,0, 2250, False, 5
2014,0, 2250, False, 5
2015,0, 2250, False, 5
2016,0, 2250, False, 5
2017,0, 2250, False, 5
2018,0, 2250, False, 5
2019,0, 2250, False, 5
2020,0, 2250, False, 5
2021,0, 2250, False, 5
2022,0, 2250, False, 5
2023,0, 2250, False, 5
2024,0, 2250, False, 0
2025,0, 2250, False, 0
2026,0, 2250, False, 0
2027,0, 2250, False, 0
2028,0, 2250, False, 0
2029,0, 2250, False, 0
2030,0, 2250, False, 0
2031,0, 2250, False, 0
2032,0, 2250, False, 4
2033,0, 2250, False, 4
2034,0, 2250, False, 4
2035,0, 2250, False, 4
2036,0, 2250, False, 4
2037,0, 2250, False, 4
2038,0, 2250, False, 4
2039,0, 2250, False, 4
2040,0, 2250, False, 4
2041,0, 2250, False, 4
2042,0, 2250, False, 4
2043,0, 2250, False, 4
2044,0, 2250, False, 4
2045,0, 2250, False, 4
2046,0, 2250, False, 4
2047,0, 2250, False, 4
2048,0, 2250, False, 4
2049,0, 2250, False, 4
2050,0, 2250, False, 4
2051,0, 2250, False, 0
2052,0, 2250, False, 0
2053,0, 2250, False, 0
2054,0, 2250, False, 0
2055,0, 2250, False, 0
2056,0, 2250, False, 0
2057,0, 2250, False, 0
2058,0, 2250, False, 0
2059,0, 2250, False, 0
2060,0, 2250, False, 2
2061,0, 2250, False, 2
2062,0, 2250, False, 2
2063,0, 2250, False, 2
2064,0, 2250, False, 2
2065,0, 2250, False, 2
2066,0, 2250, False, 2
2067,0, 2250, False, 2
2068,0, 2250, False, 2
2069,0, 2250, False, 2
2070,0, 2250, False, 2
2071,0, 2250, False, 2
2072,0, 2250, False, 2
2073,0, 2250, False, 2
2074,0, 2250, False, 2
2075,0, 2250, False, 2
2076,0, 2250, False, 2
2077,0, 2250, False, 2
2078,0, 2250, False, 2
2079,0, 2250, False, 2
2080,0, 2250, False, 2
2081,0, 2250, False, 2
2082,0, 2250, False, 0
2083,0, 2250, False, 0
2084,0, 2250, False, 4
2085,0, 2250, False, 4
2086,0, 2250, False, 4
2087,0, 2250, False, 4
2088,0, 2250, False, 4
2089,0, 2250, False, 4
2090,0, 2250, False, 4
2091,0, 2250, False, 4
2092,0, 2250, False, 4
2093,0, 2250, False, 4
2094,0, 2250, False, 4
2095,0, 2250, False, 4
2096,0, 2250, False, 4
2097,0, 2250, False, 4
2098,0, 2250, False, 4
2099,0, 2250, False, 4
2100,0, 2250, False, 4
2101,0, 2250, False, 4
2102,0, 2250, False, 4
2103,10, 2260, False, 4
2104,0, 2260, False, 4
2105,0, 2260, False, 4
2106,0, 2260, False, 4
2107,0, 2260, False, 4
2108,0, 2260, False, 4
2109,0, 2260, False, 4
2110,0, 2260, False, 4
2111,0, 2260, False, 4
2112,0, 2260, False, 4
2113,0, 2260, False, 4
2114,0, 2260, False, 4
2115,10, 2270, False, 4
2116,0, 2270, False, 4
2117,0, 2270, False, 4
2118,0, 2270, False, 4
2119,0, 2270, False, 4
2120,0, 2270, False, 4
2121,0, 2270, False, 4
2122,0, 2270, False, 4
2123,0, 2270, False, 4
2124,0, 2270, False, 4
2125,0, 2270, False, 4
2126,0, 2270, False, 4
2127,0, 2270, False, 4
2128,0, 2270, False, 0
2129,0, 2270, False, 2
2130,0, 2270, False, 2
2131,0, 2270, False, 2
2132,0, 2270, False, 2
2133,0, 2270, False, 2
2134,0, 2270, False, 2
2135,0, 2270, False, 2
2136,0, 2270, False, 2
2137,0, 2270, False, 2
2138,0, 2270, False, 2
2139,0, 2270, False, 2
2140,0, 2270, False, 2
2141,10, 2280, False, 2
2142,0, 2280, False, 2
2143,0, 2280, False, 2
2144,0, 2280, False, 2
2145,0, 2280, False, 2
2146,0, 2280, False, 2
2147,0, 2280, False, 2
2148,0, 2280, False, 2
2149,0, 2280, False, 2
2150,0, 2280, False, 2
2151,0, 2280, False, 2
2152,0, 2280, False, 2
2153,0, 2280, False, 2
2154,0, 2280, False, 2
2155,10, 2290, False, 2
2156,0, 2290, False, 2
2157,0, 2290, False, 2
2158,0, 2290, False, 2
2159,0, 2290, False, 2
2160,0, 2290, False, 2
2161,0, 2290, False, 2
2162,0, 2290, False, 0
2163,0, 2290, False, 0
2164,0, 2290, False, 0
2165,0, 2290, False, 0
2166,0, 2290, False, 0
2167,0, 2290, False, 0
2168,0, 2290, False, 0
2169,0, 2290, False, 0
2170,0, 2290, False, 0
2171,0, 2290, False, 0
2172,0, 2290, False, 0
2173,0, 2290, False, 0
2174,0, 2290, False, 0
2175,0, 2290, False, 0
2176,0, 2290, False, 0
2177,0, 2290, False, 0
2178,0, 2290, False, 0
2179,0, 2290, False, 0
2180,0, 2290, False, 0
2181,0, 2290, False, 0
2182,0, 2290, False, 0
2183,0, 2290, False, 0
2184,0, 2290, False, 0
2185,0, 2290, False, 0
2186,0, 2290, False, 4
2187,0, 2290, False, 4
2188,0, 2290, False, 4
2189,0, 2290, False, 4
2190,0, 2290, False, 4
2191,0, 2290, False, 4
2192,0, 2290, False, 4
2193,0, 2290, False, 4
2194,0, 2290, False, 4
2195,0, 2290, False, 4
2196,0, 2290, False, 4
2197,0, 2290, False, 4
2198,0, 2290, False, 4
2199,0, 2290, False, 4
2200,0, 2290, False, 4
2201,0, 2290, False, 4
2202,0, 2290, False, 4
2203,0, 2290, False, 4
2204,0, 2290, False, 4
2205,0, 2290, False, 4
2206,0, 2290, False, 4
2207,0, 2290, False, 4
2208,0, 2290, False, 4
2209,0, 2290, False, 4
2210,0, 2290, False, 0
2211,0, 2290, False, 0
2212,0, 2290, False, 0
2213,0, 2290, False, 0
2214,0, 2290, False, 5
2215,0, 2290, False, 5
2216,0, 2290, False, 5
2217,0, 2290, False, 5
2218,0, 2290, False, 5
2219,0, 2290, False, 5
2220,0, 2290, False, 5
2221,0, 2290, False, 5
2222,0, 2290, False, 0
2223,0, 2290, False, 0
2224,0, 2290, False, 0
2225,0, 2290, False, 0
2226,0, 2290, False, 0
2227,0, 2290, False, 0
2228,0, 2290, False, 0
2229,0, 2290, False, 4
2230,0, 2290, False, 4
2231,0, 2290, False, 4
2232,0, 2290, False, 4
2233,0, 2290, False, 4
2234,0, 2290, False, 4
2235,0, 2290, False, 4
2236,0, 2290, False, 4
2237,0, 2290, False, 4
2238,0, 2290, False, 4
2239,0, 2290, False, 4
2240,0, 2290, False, 4
2241,0, 2290, False, 4
2242,0, 2290, False, 4
2243,0, 2290, False, 4
2244,0, 2290, False, 4
2245,0, 2290, False, 4
2246,0, 2290, False, 4
2247,0, 2290, False, 4
2248,0, 2290, False, 4
2249,0, 2290, False, 4
2250,0, 2290, False, 4
2251,0, 2290, False, 4
2252,0, 2290, False, 4
2253,0, 2290, False, 4
2254,0, 2290, False, 4
2255,0, 2290, False, 4
2256,0, 2290, False, 4
2257,0, 2290, False, 4
2258,0, 2290, False, 4
2259,0, 2290, False, 4
2260,0, 2290, False, 4
2261,0, 2290, False, 4
2262,0, 2290, False, 4
2263,0, 2290, False, 4
2264,0, 2290, False, 0
2265,0, 2290, False, 0
2266,0, 2290, False, 2
2267,0, 2290, False, 2
2268,0, 2290, False, 2
2269,0, 2290, False, 2
2270,0, 2290, False, 2
2271,0, 2290, False, 2
2272,0, 2290, False, 2
2273,0, 2290, False, 2
2274,0, 2290, False, 2
2275,0, 2290, False, 2
2276,0, 2290, False, 2
2277,0, 2290, False, 2
2278,0, 2290, False, 2
2279,0, 2290, False, 2
2280,0, 2290, False, 2
2281,0, 2290, False, 2
2282,0, 2290, False, 2
2283,0, 2290, False, 2
2284,0, 2290, False, 2
2285,0, 2290, False, 2
2286,0, 2290, False, 2
2287,0, 2290, False, 2
2288,0, 2290, False, 2
2289,0, 2290, False, 2
2290,0, 2290, False, 2
2291,0, 2290, False, 2
2292,0, 2290, False, 0
2293,0, 2290, False, 0
2294,0, 2290, False, 0
2295,0, 2290, False, 0
2296,0, 2290, False, 0
2297,0, 2290, False, 0
2298,0, 2290, False, 0
2299,0, 2290, False, 0
2300,0, 2290, False, 0
2301,0, 2290, False, 0
2302,0, 2290, False, 0
2303,0, 2290, False, 0
2304,0, 2290, False, 0
2305,0, 2290, False, 0
2306,0, 2290, False, 0
2307,0, 2290, False, 3
2308,0, 2290, False, 3
2309,0, 2290, False, 3
2310,0, 2290, False, 3
2311,0, 2290, False, 0
2312,0, 2290, False, 0
2313,0, 2290, False, 0
2314,0, 2290, False, 0
2315,0, 2290, False, 0
2316,0, 2290, False, 0
2317,0, 2290, False, 2
2318,0, 2290, False, 2
2319,0, 2290, False, 2
2320,0, 2290, False, 2
2321,0, 2290, False, 2
2322,0, 2290, False, 2
2323,0, 2290, False, 2
2324,0, 2290, False, 2
2325,0, 2290, False, 2
2326,0, 2290, False, 2
2327,0, 2290, False, 2
2328,0, 2290, False, 2
2329,0, 2290, False, 2
2330,0, 2290, False, 2
2331,0, 2290, False, 2
2332,0, 2290, False, 2
2333,0, 2290, False, 2
2334,0, 2290, False, 2
2335,0, 2290, False, 2
2336,0, 2290, False, 2
2337,0, 2290, False, 2
2338,0, 2290, False, 2
2339,0, 2290, False, 2
2340,0, 2290, False, 2
2341,0, 2290, False, 2
2342,0, 2290, False, 2
2343,0, 2290, False, 2
2344,0, 2290, False, 2
2345,0, 2290, False, 2
2346,0, 2290, False, 2
2347,0, 2290, False, 2
2348,0, 2290, False, 2
2349,0, 2290, False, 2
2350,0, 2290, False, 2
2351,0, 2290, False, 2
2352,0, 2290, False, 2
2353,0, 2290, False, 2
2354,0, 2290, False, 0
2355,0, 2290, False, 0
2356,0, 2290, False, 0
2357,0, 2290, False, 0
2358,0, 2290, False, 0
2359,0, 2290, False, 0
2360,0, 2290, False, 0
2361,0, 2290, False, 0
2362,0, 2290, False, 0
2363,0, 2290, False, 0
2364,0, 2290, False, 0
2365,0, 2290, False, 0
2366,0, 2290, False, 0
2367,0, 2290, False, 0
2368,0, 2290, False, 0
2369,0, 2290, False, 0
2370,0, 2290, False, 0
2371,0, 2290, False, 0
2372,0, 2290, False, 0
2373,0, 2290, False, 0
2374,0, 2290, False, 0
2375,0, 2290, False, 0
2376,0, 2290, False, 0
2377,0, 2290, False, 0
2378,0, 2290, False, 0
2379,0, 2290, False, 0
2380,0, 2290, False, 0
2381,0, 2290, False, 0
2382,0, 2290, False, 0
2383,0, 2290, False, 0
2384,0, 2290, False, 0
2385,0, 2290, False, 0
2386,0, 2290, False, 0
2387,0, 2290, False, 0
2388,0, 2290, False, 0
2389,0, 2290, False, 0
2390,0, 2290, False, 0
2391,0, 2290, False, 0
2392,0, 2290, False, 0
2393,0, 2290, False, 0
2394,0, 2290, False, 0
2395,0, 2290, False, 0
2396,0, 2290, False, 0
2397,0, 2290, False, 0
2398,0, 2290, False, 0
2399,0, 2290, False, 0
2400,0, 2290, False, 0
2401,0, 2290, False, 0
2402,0, 2290, False, 0
2403,0, 2290, False, 0
2404,0, 2290, False, 0
2405,0, 2290, False, 0
2406,0, 2290, False, 0
2407,0, 2290, False, 0
2408,0, 2290, False, 0
2409,0, 2290, False, 0
2410,0, 2290, False, 0
2411,0, 2290, False, 0
2412,0, 2290, False, 0
2413,0, 2290, False, 0
2414,0, 2290, False, 0
2415,0, 2290, False, 0
2416,0, 2290, False, 0
2417,0, 2290, False, 0
2418,0, 2290, False, 0
2419,0, 2290, False, 0
2420,0, 2290, False, 0
2421,0, 2290, False, 0
2422,0, 2290, False, 0
2423,0, 2290, False, 0
2424,0, 2290, False, 0
2425,0, 2290, False, 0
2426,0, 2290, False, 0
2427,0, 2290, False, 0
2428,0, 2290, False, 0
2429,0, 2290, False, 0
2430,0, 2290, False, 0
2431,0, 2290, False, 0
2432,0, 2290, False, 0
2433,0, 2290, False, 0
2434,0, 2290, False, 0
2435,0, 2290, False, 0
2436,0, 2290, False, 0
2437,0, 2290, False, 0
2438,0, 2290, False, 0
2439,0, 2290, False, 0
2440,0, 2290, False, 0
2441,0, 2290, False, 0
2442,0, 2290, False, 0
2443,0, 2290, False, 0
2444,0, 2290, False, 0
2445,0, 2290, False, 0
2446,0, 2290, False, 0
2447,0, 2290, False, 0
2448,0, 2290, False, 0
2449,0, 2290, False, 0
2450,0, 2290, False, 0
2451,0, 2290, False, 0
2452,0, 2290, False, 0
2453,0, 2290, False, 0
2454,0, 2290, False, 0
2455,0, 2290, False, 0
2456,0, 2290, False, 0
2457,0, 2290, False, 0
2458,0, 2290, False, 0
2459,0, 2290, False, 0
2460,0, 2290, False, 0
2461,0, 2290, False, 0
2462,0, 2290, False, 0
2463,0, 2290, False, 0
2464,0, 2290, False, 0
2465,0, 2290, False, 0
2466,0, 2290, False, 0
2467,0, 2290, False, 0
2468,0, 2290, False, 0
2469,0, 2290, False, 0
2470,0, 2290, False, 0
2471,0, 2290, False, 0
2472,0, 2290, False, 0
2473,0, 2290, False, 0
2474,0, 2290, False, 0
2475,0, 2290, False, 0
2476,0, 2290, False, 0
2477,0, 2290, False, 0
2478,0, 2290, False, 0
2479,0, 2290, False, 0
2480,0, 2290, False, 0
2481,0, 2290, False, 0
2482,0, 2290, False, 0
2483,0, 2290, False, 0
2484,0, 2290, False, 0
2485,0, 2290, False, 0
2486,0, 2290, False, 0
2487,0, 2290, False, 0
2488,0, 2290, False, 0
2489,0, 2290, False, 0
2490,0, 2290, False, 0
2491,0, 2290, False, 0
2492,0, 2290, False, 0
2493,0, 2290, False, 0
2494,0, 2290, False, 0
2495,0, 2290, False, 0
2496,0, 2290, False, 0
2497,0, 2290, False, 0
2498,0, 2290, False, 0
2499,0, 2290, False, 0
2500,0, 2290, False, 0
2501,0, 2290, False, 0
2502,0, 2290, False, 0
2503,0, 2290, False, 4
2504,0, 2290, False, 4
2505,0, 2290, False, 4
2506,0, 2290, False, 4
2507,0, 2290, False, 4
2508,0, 2290, False, 4
2509,0, 2290, False, 4
2510,0, 2290, False, 4
2511,0, 2290, False, 4
2512,0, 2290, False, 4
2513,0, 2290, False, 4
2514,0, 2290, False, 0
2515,0, 2290, False, 0
2516,0, 2290, False, 0
2517,0, 2290, False, 0
2518,0, 2290, False, 0
2519,0, 2290, False, 0
2520,0, 2290, False, 0
2521,0, 2290, False, 0
2522,0, 2290, False, 0
2523,0, 2290, False, 0
2524,0, 2290, False, 0
2525,0, 2290, False, 0
2526,0, 2290, False, 0
2527,0, 2290, False, 0
2528,0, 2290, False, 0
2529,0, 2290, False, 0
2530,0, 2290, False, 0
2531,0, 2290, False, 0
2532,0, 2290, False, 0
2533,0, 2290, False, 0
2534,0, 2290, False, 0
2535,0, 2290, False, 0
2536,0, 2290, False, 0
2537,0, 2290, False, 0
2538,0, 2290, False, 0
2539,0, 2290, False, 0
2540,0, 2290, False, 0
2541,0, 2290, False, 0
2542,0, 2290, False, 0
2543,0, 2290, False, 0
2544,0, 2290, False, 0
2545,0, 2290, False, 0
2546,0, 2290, False, 0
2547,0, 2290, False, 0
2548,0, 2290, False, 0
2549,0, 2290, False, 2
2550,0, 2290, False, 2
2551,0, 2290, False, 2
2552,0, 2290, False, 2
2553,0, 2290, False, 2
2554,0, 2290, False, 2
2555,0, 2290, False, 2
2556,0, 2290, False, 2
2557,0, 2290, False, 2
2558,0, 2290, False, 2
2559,0, 2290, False, 2
2560,0, 2290, False, 2
2561,0, 2290, False, 2
2562,0, 2290, False, 2
2563,0, 2290, False, 2
2564,0, 2290, False, 2
2565,0, 2290, False, 2
2566,0, 2290, False, 2
2567,0, 2290, False, 2
2568,0, 2290, False, 2
2569,0, 2290, False, 2
2570,0, 2290, False, 2
2571,0, 2290, False, 2
2572,0, 2290, False, 2
2573,0, 2290, False, 2
2574,0, 2290, False, 2
2575,0, 2290, False, 2
2576,0, 2290, False, 2
2577,0, 2290, False, 2
2578,0, 2290, False, 2
2579,0, 2290, False, 2
2580,0, 2290, False, 2
2581,0, 2290, False, 2
2582,0, 2290, False, 2
2583,0, 2290, False, 2
2584,0, 2290, False, 2
2585,0, 2290, False, 2
2586,0, 2290, False, 2
2587,0, 2290, False, 2
2588,0, 2290, False, 2
2589,0, 2290, False, 0
2590,0, 2290, False, 0
2591,0, 2290, False, 0
2592,0, 2290, False, 0
2593,0, 2290, False, 0
2594,0, 2290, False, 0
2595,0, 2290, False, 0
2596,0, 2290, False, 0
2597,0, 2290, False, 0
2598,0, 2290, False, 0
2599,0, 2290, False, 0
2600,0, 2290, False, 5
2601,0, 2290, False, 5
2602,0, 2290, False, 5
2603,0, 2290, False, 5
2604,0, 2290, False, 5
2605,0, 2290, False, 5
2606,0, 2290, False, 5
2607,0, 2290, False, 5
2608,0, 2290, False, 5
2609,0, 2290, False, 5
2610,0, 2290, False, 5
2611,0, 2290, False, 5
2612,0, 2290, False, 0
2613,0, 2290, False, 0
2614,0, 2290, False, 0
2615,0, 2290, False, 0
2616,0, 2290, False, 0
2617,0, 2290, False, 0
2618,0, 2290, False, 0
2619,0, 2290, False, 0
2620,0, 2290, False, 0
2621,0, 2290, False, 0
2622,0, 2290, False, 0
2623,0, 2290, False, 0
2624,0, 2290, False, 0
2625,0, 2290, False, 0
2626,0, 2290, False, 0
2627,0, 2290, False, 0
2628,0, 2290, False, 0
2629,0, 2290, False, 0
2630,0, 2290, False, 0
2631,0, 2290, False, 0
2632,0, 2290, False, 0
2633,0, 2290, False, 0
2634,0, 2290, False, 0
2635,0, 2290, False, 0
2636,0, 2290, False, 0
2637,0, 2290, False, 0
2638,0, 2290, False, 0
2639,0, 2290, False, 0
2640,0, 2290, False, 0
2641,0, 2290, False, 0
2642,0, 2290, False, 0
2643,0, 2290, False, 0
2644,0, 2290, False, 0
2645,0, 2290, False, 0
2646,0, 2290, False, 0
2647,0, 2290, False, 0
2648,0, 2290, False, 0
2649,0, 2290, False, 0
2650,0, 2290, False, 0
2651,0, 2290, False, 0
2652,0, 2290, False, 0
2653,0, 2290, False, 0
2654,0, 2290, False, 0
2655,0, 2290, False, 0
2656,0, 2290, False, 0
2657,0, 2290, False, 0
2658,0, 2290, False, 0
2659,0, 2290, False, 0
2660,0, 2290, False, 0
2661,0, 2290, False, 0
2662,0, 2290, False, 0
2663,0, 2290, False, 4
2664,0, 2290, False, 4
2665,0, 2290, False, 4
2666,0, 2290, False, 4
2667,0, 2290, False, 4
2668,0, 2290, False, 4
2669,0, 2290, False, 4
2670,0, 2290, False, 4
2671,0, 2290, False, 4
2672,0, 2290, False, 4
2673,0, 2290, False, 4
2674,0, 2290, False, 4
2675,0, 2290, False, 4
2676,0, 2290, False, 4
2677,0, 2290, False, 4
2678,0, 2290, False, 4
2679,0, 2290, False, 4
2680,0, 2290, False, 4
2681,0, 2290, False, 4
2682,0, 2290, False, 4
2683,0, 2290, False, 4
2684,0, 2290, False, 0
2685,0, 2290, False, 0
2686,0, 2290, False, 0
2687,0, 2290, False, 0
2688,0, 2290, False, 0
2689,0, 2290, False, 0
2690,0, 2290, False, 0
2691,0, 2290, False, 0
2692,0, 2290, False, 0
2693,0, 2290, False, 0
2694,0, 2290, False, 0
2695,0, 2290, False, 0
2696,0, 2290, False, 0
2697,0, 2290, False, 2
2698,0, 2290, False, 2
2699,0, 2290, False, 2
2700,0, 2290, False, 2
2701,0, 2290, False, 2
2702,0, 2290, False, 2
2703,0, 2290, False, 2
2704,0, 2290, False, 2
2705,0, 2290, False, 2
2706,0, 2290, False, 2
2707,0, 2290, False, 2
2708,0, 2290, False, 2
2709,0, 2290, False, 2
2710,0, 2290, False, 2
2711,0, 2290, False, 2
2712,0, 2290, False, 2
2713,0, 2290, False, 2
2714,0, 2290, False, 2
2715,0, 2290, False, 2
2716,0, 2290, False, 2
2717,0, 2290, False, 2
2718,0, 2290, False, 0
2719,0, 2290, False, 0
2720,0, 2290, False, 0
2721,0, 2290, False, 0
2722,0, 2290, False, 0
2723,0, 2290, False, 0
2724,0, 2290, False, 0
2725,0, 2290, False, 0
2726,0, 2290, False, 0
2727,0, 2290, False, 0
2728,0, 2290, False, 0
2729,0, 2290, False, 0
2730,0, 2290, False, 0
2731,0, 2290, False, 0
2732,0, 2290, False, 0
2733,0, 2290, False, 0
2734,0, 2290, False, 0
2735,0, 2290, False, 0
2736,0, 2290, False, 0
2737,0, 2290, False, 0
2738,0, 2290, False, 0
2739,0, 2290, False, 0
2740,0, 2290, False, 0
2741,0, 2290, False, 0
2742,0, 2290, False, 0
2743,0, 2290, False, 0
2744,0, 2290, False, 0
2745,0, 2290, False, 0
2746,0, 2290, False, 0
2747,0, 2290, False, 0
2748,0, 2290, False, 0
2749,0, 2290, False, 0
2750,0, 2290, False, 0
2751,0, 2290, False, 0
2752,0, 2290, False, 3
2753,0, 2290, False, 3
2754,0, 2290, False, 3
2755,0, 2290, False, 3
2756,0, 2290, False, 3
2757,0, 2290, False, 0
2758,0, 2290, False, 0
2759,0, 2290, False, 0
2760,0, 2290, False, 0
2761,0, 2290, False, 0
2762,0, 2290, False, 2
2763,0, 2290, False, 2
2764,0, 2290, False, 2
2765,0, 2290, False, 2
2766,0, 2290, False, 2
2767,0, 2290, False, 2
2768,0, 2290, False, 2
2769,0, 2290, False, 2
2770,0, 2290, False, 2
2771,0, 2290, False, 2
2772,0, 2290, False, 2
2773,0, 2290, False, 2
2774,0, 2290, False, 2
2775,0, 2290, False, 2
2776,0, 2290, False, 2
2777,0, 2290, False, 2
2778,0, 2290, False, 2
2779,0, 2290, False, 2
2780,0, 2290, False, 2
2781,0, 2290, False, 2
2782,0, 2290, False, 2
2783,0, 2290, False, 2
2784,0, 2290, False, 2
2785,0, 2290, False, 2
2786,0, 2290, False, 2
2787,0, 2290, False, 2
2788,0, 2290, False, 2
2789,0, 2290, False, 2
2790,0, 2290, False, 2
2791,0, 2290, False, 2
2792,0, 2290, False, 2
2793,0, 2290, False, 2
2794,0, 2290, False, 2
2795,0, 2290, False, 2
2796,0, 2290, False, 2
2797,0, 2290, False, 2
2798,0, 2290, False, 2
2799,10, 2300, False, 2
2800,0, 2300, False, 2
2801,0, 2300, False, 2
2802,0, 2300, False, 2
2803,0, 2300, False, 2
2804,0, 2300, False, 2
2805,0, 2300, False, 0
2806,0, 2300, False, 0
2807,0, 2300, False, 0
2808,0, 2300, False, 0
2809,0, 2300, False, 0
2810,0, 2300, False, 0
2811,0, 2300, False, 0
2812,0, 2300, False, 0
2813,10, 2310, False, 0
2814,0, 2310, False, 0
2815,0, 2310, False, 0
2816,0, 2310, False, 0
2817,0, 2310, False, 0
2818,0, 2310, False, 0
2819,0, 2310, False, 0
2820,0, 2310, False, 0
2821,0, 2310, False, 0
2822,0, 2310, False, 0
2823,0, 2310, False, 0
2824,0, 2310, False, 0
2825,0, 2310, False, 0
2826,0, 2310, False, 0
2827,10, 2320, False, 0
2828,0, 2320, False, 0
2829,0, 2320, False, 0
2830,0, 2320, False, 0
2831,0, 2320, False, 0
2832,0, 2320, False, 0
2833,0, 2320, False, 0
2834,0, 2320, False, 0
2835,0, 2320, False, 0
2836,0, 2320, False, 0
2837,0, 2320, False, 0
2838,0, 2320, False, 0
2839,0, 2320, False, 0
2840,0, 2320, False, 0
2841,10, 2330, False, 0
2842,0, 2330, False, 0
2843,0, 2330, False, 0
2844,0, 2330, False, 0
2845,0, 2330, False, 0
2846,0, 2330, False, 0
2847,0, 2330, False, 0
2848,0, 2330, False, 0
2849,0, 2330, False, 0
2850,0, 2330, False, 0
2851,0, 2330, False, 0
2852,0, 2330, False, 0
2853,0, 2330, False, 0
2854,0, 2330, False, 0
2855,10, 2340, False, 0
2856,0, 2340, False, 0
2857,0, 2340, False, 0
2858,0, 2340, False, 0
2859,0, 2340, False, 0
2860,0, 2340, False, 0
2861,0, 2340, False, 0
2862,0, 2340, False, 0
2863,0, 2340, False, 0
2864,0, 2340, False, 0
2865,0, 2340, False, 0
2866,0, 2340, False, 0
2867,0, 2340, False, 0
2868,0, 2340, False, 0
2869,10, 2350, False, 0
2870,0, 2350, False, 0
2871,0, 2350, False, 0
2872,0, 2350, False, 0
2873,0, 2350, False, 0
2874,0, 2350, False, 0
2875,0, 2350, False, 0
2876,0, 2350, False, 0
2877,0, 2350, False, 0
2878,0, 2350, False, 0
2879,0, 2350, False, 3
2880,0, 2350, False, 3
2881,0, 2350, False, 3
2882,0, 2350, False, 3
2883,0, 2350, False, 3
2884,0, 2350, False, 3
2885,0, 2350, False, 3
2886,0, 2350, False, 3
2887,0, 2350, False, 3
2888,0, 2350, False, 3
2889,0, 2350, False, 3
2890,0, 2350, False, 3
2891,0, 2350, False, 3
2892,0, 2350, False, 3
2893,0, 2350, False, 3
2894,0, 2350, False, 3
2895,0, 2350, False, 3
2896,0, 2350, False, 3
2897,0, 2350, False, 3
2898,0, 2350, False, 3
2899,0, 2350, False, 3
2900,0, 2350, False, 3
2901,0, 2350, False, 3
2902,0, 2350, False, 3
2903,0, 2350, False, 3
2904,0, 2350, False, 3
2905,0, 2350, False, 3
2906,0, 2350, False, 3
2907,0, 2350, False, 3
2908,0, 2350, False, 3
2909,0, 2350, False, 3
2910,0, 2350, False, 3
2911,0, 2350, False, 3
2912,0, 2350, False, 3
2913,0, 2350, False, 3
2914,0, 2350, False, 3
2915,0, 2350, False, 3
2916,0, 2350, False, 3
2917,0, 2350, False, 3
2918,0, 2350, False, 3
2919,0, 2350, False, 3
2920,0, 2350, False, 3
2921,0, 2350, False, 3
2922,0, 2350, False, 3
2923,0, 2350, False, 3
2924,0, 2350, False, 3
2925,0, 2350, False, 3
2926,0, 2350, False, 3
2927,0, 2350, False, 3
2928,0, 2350, False, 3
2929,0, 2350, False, 3
2930,0, 2350, False, 3
2931,0, 2350, False, 3
2932,0, 2350, False, 3
2933,0, 2350, False, 3
2934,0, 2350, False, 3
2935,0, 2350, False, 3
2936,0, 2350, False, 3
2937,0, 2350, False, 3
2938,0, 2350, False, 3
2939,0, 2350, False, 3
2940,0, 2350, False, 3
2941,0, 2350, False, 3
2942,0, 2350, False, 3
2943,0, 2350, False, 3
2944,0, 2350, False, 3
2945,0, 2350, False, 3
2946,0, 2350, False, 3
2947,0, 2350, False, 3
2948,0, 2350, False, 3
2949,0, 2350, False, 3
2950,0, 2350, False, 3
2951,0, 2350, False, 3
2952,0, 2350, False, 3
2953,0, 2350, False, 3
2954,0, 2350, False, 3
2955,0, 2350, False, 3
2956,0, 2350, False, 3
2957,0, 2350, False, 3
2958,0, 2350, False, 3
2959,0, 2350, False, 3
2960,0, 2350, False, 3
2961,0, 2350, False, 3
2962,0, 2350, False, 3
2963,0, 2350, True, 3
