db traj id : 99
frame,reward,score,terminal, action
0,0, 0, False, 0
1,0, 0, False, 0
2,0, 0, False, 0
3,0, 0, False, 0
4,0, 0, False, 0
5,0, 0, False, 0
6,0, 0, False, 0
7,0, 0, False, 0
8,0, 0, False, 0
9,0, 0, False, 0
10,0, 0, False, 0
11,0, 0, False, 0
12,0, 0, False, 0
13,0, 0, False, 0
14,0, 0, False, 0
15,0, 0, False, 0
16,0, 0, False, 0
17,0, 0, False, 0
18,0, 0, False, 0
19,0, 0, False, 0
20,0, 0, False, 0
21,0, 0, False, 0
22,0, 0, False, 0
23,0, 0, False, 0
24,0, 0, False, 0
25,0, 0, False, 0
26,0, 0, False, 0
27,0, 0, False, 0
28,0, 0, False, 0
29,0, 0, False, 0
30,0, 0, False, 0
31,0, 0, False, 0
32,0, 0, False, 0
33,0, 0, False, 0
34,0, 0, False, 0
35,0, 0, False, 0
36,0, 0, False, 0
37,0, 0, False, 0
38,0, 0, False, 0
39,0, 0, False, 0
40,0, 0, False, 0
41,0, 0, False, 0
42,0, 0, False, 0
43,0, 0, False, 0
44,0, 0, False, 0
45,0, 0, False, 0
46,0, 0, False, 0
47,0, 0, False, 0
48,0, 0, False, 0
49,0, 0, False, 0
50,0, 0, False, 0
51,0, 0, False, 0
52,0, 0, False, 0
53,0, 0, False, 0
54,0, 0, False, 0
55,0, 0, False, 0
56,0, 0, False, 0
57,0, 0, False, 0
58,0, 0, False, 0
59,0, 0, False, 0
60,0, 0, False, 0
61,0, 0, False, 0
62,0, 0, False, 0
63,0, 0, False, 0
64,0, 0, False, 0
65,0, 0, False, 0
66,0, 0, False, 0
67,0, 0, False, 0
68,0, 0, False, 0
69,0, 0, False, 0
70,0, 0, False, 0
71,0, 0, False, 0
72,0, 0, False, 0
73,0, 0, False, 0
74,0, 0, False, 0
75,0, 0, False, 0
76,0, 0, False, 0
77,0, 0, False, 0
78,0, 0, False, 0
79,0, 0, False, 0
80,0, 0, False, 0
81,0, 0, False, 0
82,0, 0, False, 0
83,0, 0, False, 0
84,0, 0, False, 0
85,0, 0, False, 0
86,0, 0, False, 0
87,0, 0, False, 0
88,0, 0, False, 0
89,0, 0, False, 0
90,0, 0, False, 0
91,0, 0, False, 0
92,0, 0, False, 0
93,0, 0, False, 0
94,0, 0, False, 0
95,0, 0, False, 0
96,0, 0, False, 0
97,0, 0, False, 0
98,0, 0, False, 0
99,0, 0, False, 0
100,0, 0, False, 0
101,0, 0, False, 0
102,0, 0, False, 0
103,0, 0, False, 0
104,0, 0, False, 0
105,0, 0, False, 0
106,0, 0, False, 0
107,0, 0, False, 0
108,0, 0, False, 0
109,0, 0, False, 0
110,0, 0, False, 0
111,0, 0, False, 0
112,0, 0, False, 0
113,0, 0, False, 0
114,0, 0, False, 0
115,0, 0, False, 0
116,0, 0, False, 0
117,0, 0, False, 0
118,0, 0, False, 0
119,0, 0, False, 0
120,0, 0, False, 0
121,0, 0, False, 0
122,0, 0, False, 0
123,0, 0, False, 0
124,0, 0, False, 0
125,0, 0, False, 0
126,0, 0, False, 0
127,0, 0, False, 0
128,0, 0, False, 0
129,0, 0, False, 0
130,0, 0, False, 0
131,0, 0, False, 0
132,0, 0, False, 0
133,0, 0, False, 0
134,0, 0, False, 0
135,0, 0, False, 0
136,0, 0, False, 0
137,0, 0, False, 0
138,0, 0, False, 0
139,0, 0, False, 0
140,0, 0, False, 0
141,0, 0, False, 0
142,0, 0, False, 0
143,0, 0, False, 0
144,0, 0, False, 0
145,0, 0, False, 0
146,0, 0, False, 0
147,0, 0, False, 0
148,0, 0, False, 0
149,0, 0, False, 0
150,0, 0, False, 0
151,0, 0, False, 0
152,0, 0, False, 0
153,0, 0, False, 0
154,0, 0, False, 0
155,0, 0, False, 0
156,0, 0, False, 0
157,0, 0, False, 0
158,0, 0, False, 0
159,0, 0, False, 0
160,0, 0, False, 0
161,0, 0, False, 0
162,0, 0, False, 0
163,0, 0, False, 0
164,0, 0, False, 0
165,0, 0, False, 0
166,0, 0, False, 0
167,0, 0, False, 0
168,0, 0, False, 0
169,0, 0, False, 0
170,0, 0, False, 0
171,0, 0, False, 0
172,0, 0, False, 0
173,0, 0, False, 0
174,0, 0, False, 0
175,0, 0, False, 0
176,0, 0, False, 0
177,0, 0, False, 0
178,0, 0, False, 0
179,0, 0, False, 5
180,0, 0, False, 5
181,0, 0, False, 5
182,0, 0, False, 5
183,0, 0, False, 5
184,0, 0, False, 5
185,0, 0, False, 5
186,0, 0, False, 5
187,0, 0, False, 5
188,0, 0, False, 5
189,0, 0, False, 5
190,0, 0, False, 0
191,0, 0, False, 0
192,0, 0, False, 0
193,0, 0, False, 0
194,0, 0, False, 0
195,0, 0, False, 0
196,0, 0, False, 0
197,0, 0, False, 0
198,0, 0, False, 0
199,0, 0, False, 0
200,0, 0, False, 0
201,0, 0, False, 0
202,0, 0, False, 0
203,0, 0, False, 0
204,0, 0, False, 0
205,0, 0, False, 0
206,0, 0, False, 0
207,0, 0, False, 0
208,0, 0, False, 0
209,0, 0, False, 0
210,0, 0, False, 0
211,0, 0, False, 0
212,0, 0, False, 0
213,0, 0, False, 0
214,0, 0, False, 0
215,0, 0, False, 0
216,0, 0, False, 0
217,0, 0, False, 0
218,0, 0, False, 0
219,0, 0, False, 0
220,0, 0, False, 0
221,0, 0, False, 0
222,0, 0, False, 0
223,0, 0, False, 0
224,0, 0, False, 0
225,0, 0, False, 0
226,0, 0, False, 0
227,0, 0, False, 0
228,0, 0, False, 0
229,0, 0, False, 0
230,0, 0, False, 0
231,0, 0, False, 0
232,0, 0, False, 0
233,0, 0, False, 0
234,0, 0, False, 0
235,0, 0, False, 0
236,0, 0, False, 0
237,0, 0, False, 0
238,0, 0, False, 0
239,0, 0, False, 0
240,0, 0, False, 0
241,0, 0, False, 4
242,0, 0, False, 4
243,0, 0, False, 4
244,0, 0, False, 4
245,0, 0, False, 4
246,0, 0, False, 4
247,0, 0, False, 4
248,0, 0, False, 4
249,0, 0, False, 4
250,0, 0, False, 0
251,0, 0, False, 0
252,0, 0, False, 0
253,0, 0, False, 0
254,0, 0, False, 0
255,0, 0, False, 0
256,0, 0, False, 0
257,0, 0, False, 0
258,0, 0, False, 0
259,0, 0, False, 0
260,0, 0, False, 0
261,0, 0, False, 0
262,0, 0, False, 0
263,0, 0, False, 0
264,0, 0, False, 0
265,0, 0, False, 0
266,0, 0, False, 0
267,0, 0, False, 0
268,0, 0, False, 0
269,0, 0, False, 0
270,0, 0, False, 0
271,0, 0, False, 0
272,0, 0, False, 0
273,0, 0, False, 0
274,0, 0, False, 0
275,0, 0, False, 0
276,0, 0, False, 0
277,0, 0, False, 0
278,0, 0, False, 0
279,10, 10, False, 0
280,0, 10, False, 0
281,0, 10, False, 0
282,0, 10, False, 0
283,0, 10, False, 0
284,0, 10, False, 0
285,0, 10, False, 0
286,0, 10, False, 0
287,0, 10, False, 0
288,0, 10, False, 0
289,0, 10, False, 0
290,0, 10, False, 0
291,0, 10, False, 0
292,0, 10, False, 0
293,10, 20, False, 0
294,0, 20, False, 0
295,0, 20, False, 0
296,0, 20, False, 0
297,0, 20, False, 0
298,0, 20, False, 4
299,0, 20, False, 4
300,0, 20, False, 4
301,0, 20, False, 4
302,0, 20, False, 4
303,0, 20, False, 4
304,0, 20, False, 4
305,0, 20, False, 4
306,0, 20, False, 4
307,10, 30, False, 4
308,0, 30, False, 4
309,0, 30, False, 4
310,0, 30, False, 4
311,0, 30, False, 4
312,0, 30, False, 4
313,0, 30, False, 4
314,0, 30, False, 0
315,0, 30, False, 0
316,0, 30, False, 0
317,0, 30, False, 0
318,0, 30, False, 0
319,10, 40, False, 0
320,0, 40, False, 5
321,0, 40, False, 5
322,0, 40, False, 5
323,0, 40, False, 5
324,0, 40, False, 5
325,0, 40, False, 5
326,0, 40, False, 5
327,0, 40, False, 5
328,0, 40, False, 5
329,0, 40, False, 5
330,0, 40, False, 5
331,10, 50, False, 5
332,0, 50, False, 5
333,0, 50, False, 5
334,0, 50, False, 5
335,0, 50, False, 0
336,0, 50, False, 0
337,0, 50, False, 0
338,0, 50, False, 0
339,0, 50, False, 0
340,0, 50, False, 0
341,0, 50, False, 0
342,0, 50, False, 0
343,0, 50, False, 0
344,0, 50, False, 0
345,10, 60, False, 0
346,0, 60, False, 0
347,0, 60, False, 0
348,0, 60, False, 0
349,0, 60, False, 0
350,0, 60, False, 0
351,0, 60, False, 0
352,0, 60, False, 0
353,0, 60, False, 0
354,0, 60, False, 0
355,0, 60, False, 0
356,0, 60, False, 0
357,0, 60, False, 0
358,0, 60, False, 0
359,10, 70, False, 0
360,0, 70, False, 0
361,0, 70, False, 3
362,0, 70, False, 3
363,0, 70, False, 3
364,0, 70, False, 3
365,0, 70, False, 3
366,0, 70, False, 3
367,0, 70, False, 3
368,0, 70, False, 3
369,0, 70, False, 3
370,0, 70, False, 3
371,0, 70, False, 3
372,0, 70, False, 3
373,10, 80, False, 3
374,0, 80, False, 0
375,0, 80, False, 0
376,0, 80, False, 0
377,0, 80, False, 0
378,0, 80, False, 0
379,0, 80, False, 0
380,0, 80, False, 0
381,0, 80, False, 0
382,0, 80, False, 0
383,0, 80, False, 0
384,0, 80, False, 0
385,0, 80, False, 0
386,0, 80, False, 0
387,10, 90, False, 0
388,0, 90, False, 0
389,0, 90, False, 0
390,0, 90, False, 0
391,0, 90, False, 0
392,0, 90, False, 0
393,0, 90, False, 0
394,0, 90, False, 0
395,0, 90, False, 0
396,0, 90, False, 0
397,0, 90, False, 0
398,0, 90, False, 0
399,0, 90, False, 0
400,0, 90, False, 0
401,0, 90, False, 0
402,0, 90, False, 0
403,0, 90, False, 0
404,0, 90, False, 0
405,0, 90, False, 0
406,0, 90, False, 0
407,0, 90, False, 0
408,0, 90, False, 0
409,0, 90, False, 0
410,0, 90, False, 0
411,0, 90, False, 0
412,0, 90, False, 0
413,0, 90, False, 0
414,0, 90, False, 0
415,0, 90, False, 0
416,0, 90, False, 0
417,0, 90, False, 0
418,0, 90, False, 5
419,0, 90, False, 5
420,0, 90, False, 5
421,0, 90, False, 5
422,0, 90, False, 5
423,0, 90, False, 5
424,0, 90, False, 5
425,10, 100, False, 5
426,0, 100, False, 5
427,0, 100, False, 5
428,0, 100, False, 5
429,0, 100, False, 0
430,0, 100, False, 0
431,0, 100, False, 0
432,0, 100, False, 0
433,0, 100, False, 0
434,0, 100, False, 0
435,0, 100, False, 0
436,0, 100, False, 0
437,0, 100, False, 0
438,0, 100, False, 0
439,10, 110, False, 0
440,0, 110, False, 0
441,0, 110, False, 0
442,0, 110, False, 0
443,0, 110, False, 0
444,0, 110, False, 0
445,0, 110, False, 0
446,0, 110, False, 0
447,0, 110, False, 0
448,0, 110, False, 0
449,0, 110, False, 0
450,0, 110, False, 0
451,0, 110, False, 0
452,0, 110, False, 0
453,0, 110, False, 0
454,0, 110, False, 0
455,0, 110, False, 0
456,0, 110, False, 0
457,0, 110, False, 0
458,0, 110, False, 0
459,0, 110, False, 0
460,0, 110, False, 0
461,0, 110, False, 0
462,0, 110, False, 0
463,0, 110, False, 0
464,0, 110, False, 0
465,0, 110, False, 0
466,0, 110, False, 0
467,0, 110, False, 0
468,0, 110, False, 0
469,0, 110, False, 0
470,0, 110, False, 0
471,0, 110, False, 0
472,0, 110, False, 3
473,0, 110, False, 3
474,0, 110, False, 3
475,0, 110, False, 3
476,0, 110, False, 3
477,0, 110, False, 3
478,0, 110, False, 3
479,10, 120, False, 3
480,0, 120, False, 3
481,0, 120, False, 3
482,0, 120, False, 0
483,0, 120, False, 0
484,0, 120, False, 0
485,0, 120, False, 0
486,0, 120, False, 0
487,0, 120, False, 0
488,0, 120, False, 0
489,0, 120, False, 0
490,0, 120, False, 0
491,0, 120, False, 0
492,0, 120, False, 0
493,0, 120, False, 0
494,0, 120, False, 0
495,0, 120, False, 0
496,0, 120, False, 0
497,0, 120, False, 0
498,0, 120, False, 0
499,10, 130, False, 0
500,0, 130, False, 0
501,0, 130, False, 0
502,0, 130, False, 0
503,0, 130, False, 0
504,0, 130, False, 0
505,0, 130, False, 0
506,0, 130, False, 0
507,0, 130, False, 0
508,0, 130, False, 0
509,0, 130, False, 0
510,0, 130, False, 0
511,10, 140, False, 0
512,0, 140, False, 0
513,0, 140, False, 0
514,0, 140, False, 0
515,0, 140, False, 0
516,0, 140, False, 0
517,0, 140, False, 0
518,0, 140, False, 0
519,0, 140, False, 0
520,0, 140, False, 0
521,0, 140, False, 0
522,0, 140, False, 0
523,0, 140, False, 0
524,0, 140, False, 0
525,10, 150, False, 0
526,0, 150, False, 0
527,0, 150, False, 0
528,0, 150, False, 0
529,0, 150, False, 0
530,0, 150, False, 0
531,0, 150, False, 0
532,0, 150, False, 0
533,0, 150, False, 0
534,0, 150, False, 0
535,0, 150, False, 0
536,0, 150, False, 0
537,0, 150, False, 0
538,0, 150, False, 0
539,10, 160, False, 0
540,0, 160, False, 0
541,0, 160, False, 0
542,0, 160, False, 0
543,0, 160, False, 0
544,0, 160, False, 0
545,0, 160, False, 0
546,0, 160, False, 0
547,0, 160, False, 0
548,0, 160, False, 0
549,0, 160, False, 0
550,0, 160, False, 0
551,10, 170, False, 0
552,0, 170, False, 0
553,0, 170, False, 0
554,0, 170, False, 0
555,0, 170, False, 0
556,0, 170, False, 0
557,0, 170, False, 0
558,0, 170, False, 0
559,0, 170, False, 0
560,0, 170, False, 0
561,0, 170, False, 0
562,0, 170, False, 0
563,0, 170, False, 0
564,0, 170, False, 0
565,10, 180, False, 0
566,0, 180, False, 0
567,0, 180, False, 0
568,0, 180, False, 0
569,0, 180, False, 0
570,0, 180, False, 0
571,0, 180, False, 0
572,0, 180, False, 0
573,0, 180, False, 0
574,0, 180, False, 0
575,0, 180, False, 0
576,0, 180, False, 0
577,0, 180, False, 0
578,0, 180, False, 0
579,10, 190, False, 0
580,0, 190, False, 0
581,0, 190, False, 0
582,0, 190, False, 0
583,0, 190, False, 0
584,0, 190, False, 0
585,0, 190, False, 0
586,0, 190, False, 0
587,0, 190, False, 0
588,0, 190, False, 0
589,0, 190, False, 0
590,0, 190, False, 0
591,10, 200, False, 0
592,0, 200, False, 0
593,0, 200, False, 0
594,0, 200, False, 0
595,0, 200, False, 0
596,0, 200, False, 0
597,0, 200, False, 0
598,0, 200, False, 0
599,0, 200, False, 0
600,0, 200, False, 0
601,0, 200, False, 0
602,0, 200, False, 0
603,0, 200, False, 0
604,0, 200, False, 0
605,10, 210, False, 2
606,0, 210, False, 2
607,0, 210, False, 2
608,0, 210, False, 2
609,0, 210, False, 2
610,0, 210, False, 2
611,0, 210, False, 2
612,0, 210, False, 2
613,0, 210, False, 2
614,0, 210, False, 2
615,0, 210, False, 0
616,0, 210, False, 0
617,0, 210, False, 0
618,0, 210, False, 0
619,0, 210, False, 0
620,0, 210, False, 0
621,0, 210, False, 0
622,0, 210, False, 0
623,50, 260, False, 0
624,0, 260, False, 0
625,0, 260, False, 0
626,0, 260, False, 0
627,0, 260, False, 0
628,0, 260, False, 0
629,0, 260, False, 0
630,0, 260, False, 0
631,0, 260, False, 0
632,0, 260, False, 0
633,0, 260, False, 0
634,0, 260, False, 0
635,10, 270, False, 0
636,0, 270, False, 0
637,0, 270, False, 0
638,0, 270, False, 0
639,0, 270, False, 0
640,0, 270, False, 0
641,0, 270, False, 4
642,0, 270, False, 4
643,0, 270, False, 4
644,0, 270, False, 4
645,0, 270, False, 4
646,0, 270, False, 4
647,0, 270, False, 4
648,0, 270, False, 4
649,10, 280, False, 4
650,0, 280, False, 4
651,0, 280, False, 4
652,0, 280, False, 4
653,0, 280, False, 0
654,0, 280, False, 0
655,0, 280, False, 0
656,0, 280, False, 0
657,0, 280, False, 0
658,0, 280, False, 0
659,10, 290, False, 0
660,0, 290, False, 0
661,0, 290, False, 0
662,0, 290, False, 0
663,0, 290, False, 0
664,0, 290, False, 0
665,0, 290, False, 0
666,0, 290, False, 2
667,0, 290, False, 2
668,0, 290, False, 2
669,0, 290, False, 2
670,0, 290, False, 2
671,0, 290, False, 2
672,0, 290, False, 2
673,10, 300, False, 2
674,0, 300, False, 2
675,0, 300, False, 2
676,0, 300, False, 0
677,0, 300, False, 0
678,0, 300, False, 0
679,0, 300, False, 0
680,0, 300, False, 0
681,0, 300, False, 0
682,0, 300, False, 0
683,0, 300, False, 0
684,0, 300, False, 0
685,0, 300, False, 0
686,0, 300, False, 0
687,10, 310, False, 0
688,0, 310, False, 0
689,0, 310, False, 0
690,0, 310, False, 0
691,0, 310, False, 0
692,0, 310, False, 0
693,0, 310, False, 0
694,0, 310, False, 0
695,0, 310, False, 0
696,0, 310, False, 0
697,0, 310, False, 0
698,0, 310, False, 0
699,0, 310, False, 0
700,0, 310, False, 0
701,0, 310, False, 0
702,0, 310, False, 3
703,0, 310, False, 3
704,0, 310, False, 3
705,0, 310, False, 3
706,0, 310, False, 3
707,0, 310, False, 3
708,0, 310, False, 3
709,0, 310, False, 3
710,0, 310, False, 3
711,0, 310, False, 0
712,0, 310, False, 0
713,0, 310, False, 0
714,0, 310, False, 0
715,0, 310, False, 0
716,0, 310, False, 0
717,0, 310, False, 0
718,0, 310, False, 0
719,0, 310, False, 0
720,0, 310, False, 0
721,0, 310, False, 0
722,0, 310, False, 0
723,0, 310, False, 0
724,0, 310, False, 0
725,0, 310, False, 0
726,0, 310, False, 0
727,0, 310, False, 0
728,0, 310, False, 0
729,0, 310, False, 0
730,0, 310, False, 0
731,0, 310, False, 0
732,0, 310, False, 0
733,0, 310, False, 0
734,0, 310, False, 0
735,0, 310, False, 0
736,0, 310, False, 0
737,0, 310, False, 0
738,0, 310, False, 0
739,0, 310, False, 0
740,0, 310, False, 0
741,0, 310, False, 0
742,0, 310, False, 0
743,0, 310, False, 0
744,0, 310, False, 0
745,0, 310, False, 0
746,0, 310, False, 0
747,0, 310, False, 0
748,0, 310, False, 0
749,0, 310, False, 0
750,0, 310, False, 0
751,0, 310, False, 0
752,0, 310, False, 0
753,0, 310, False, 0
754,0, 310, False, 0
755,0, 310, False, 0
756,0, 310, False, 0
757,0, 310, False, 0
758,0, 310, False, 5
759,0, 310, False, 5
760,0, 310, False, 5
761,0, 310, False, 5
762,0, 310, False, 5
763,0, 310, False, 5
764,0, 310, False, 5
765,0, 310, False, 5
766,0, 310, False, 5
767,0, 310, False, 5
768,0, 310, False, 5
769,0, 310, False, 5
770,0, 310, False, 0
771,0, 310, False, 0
772,0, 310, False, 0
773,0, 310, False, 0
774,0, 310, False, 0
775,0, 310, False, 0
776,0, 310, False, 0
777,0, 310, False, 0
778,0, 310, False, 0
779,0, 310, False, 0
780,0, 310, False, 0
781,0, 310, False, 0
782,0, 310, False, 0
783,0, 310, False, 0
784,0, 310, False, 0
785,0, 310, False, 0
786,0, 310, False, 0
787,0, 310, False, 0
788,0, 310, False, 0
789,0, 310, False, 0
790,0, 310, False, 0
791,0, 310, False, 0
792,0, 310, False, 0
793,0, 310, False, 0
794,0, 310, False, 0
795,0, 310, False, 0
796,0, 310, False, 0
797,0, 310, False, 0
798,0, 310, False, 0
799,0, 310, False, 0
800,0, 310, False, 0
801,0, 310, False, 0
802,0, 310, False, 0
803,0, 310, False, 0
804,0, 310, False, 0
805,0, 310, False, 0
806,0, 310, False, 0
807,0, 310, False, 0
808,0, 310, False, 0
809,0, 310, False, 0
810,0, 310, False, 0
811,0, 310, False, 0
812,0, 310, False, 0
813,0, 310, False, 0
814,0, 310, False, 0
815,0, 310, False, 4
816,0, 310, False, 4
817,0, 310, False, 4
818,0, 310, False, 4
819,0, 310, False, 4
820,0, 310, False, 4
821,0, 310, False, 4
822,0, 310, False, 4
823,0, 310, False, 4
824,0, 310, False, 4
825,0, 310, False, 0
826,0, 310, False, 0
827,0, 310, False, 0
828,0, 310, False, 0
829,0, 310, False, 0
830,0, 310, False, 0
831,0, 310, False, 0
832,0, 310, False, 0
833,0, 310, False, 0
834,0, 310, False, 0
835,0, 310, False, 0
836,0, 310, False, 0
837,0, 310, False, 0
838,0, 310, False, 0
839,0, 310, False, 0
840,0, 310, False, 0
841,0, 310, False, 0
842,0, 310, False, 0
843,0, 310, False, 0
844,0, 310, False, 0
845,0, 310, False, 0
846,0, 310, False, 0
847,0, 310, False, 0
848,0, 310, False, 0
849,0, 310, False, 2
850,0, 310, False, 2
851,0, 310, False, 2
852,0, 310, False, 2
853,0, 310, False, 2
854,0, 310, False, 2
855,0, 310, False, 2
856,0, 310, False, 2
857,0, 310, False, 2
858,0, 310, False, 0
859,0, 310, False, 0
860,0, 310, False, 0
861,0, 310, False, 0
862,0, 310, False, 0
863,0, 310, False, 0
864,0, 310, False, 0
865,0, 310, False, 0
866,0, 310, False, 0
867,0, 310, False, 0
868,0, 310, False, 0
869,0, 310, False, 0
870,0, 310, False, 0
871,0, 310, False, 0
872,0, 310, False, 0
873,0, 310, False, 0
874,0, 310, False, 0
875,0, 310, False, 0
876,0, 310, False, 0
877,0, 310, False, 0
878,0, 310, False, 0
879,0, 310, False, 0
880,0, 310, False, 0
881,0, 310, False, 0
882,0, 310, False, 0
883,0, 310, False, 0
884,0, 310, False, 0
885,0, 310, False, 0
886,0, 310, False, 0
887,0, 310, False, 0
888,0, 310, False, 0
889,0, 310, False, 0
890,0, 310, False, 0
891,0, 310, False, 0
892,0, 310, False, 0
893,0, 310, False, 0
894,0, 310, False, 0
895,0, 310, False, 0
896,0, 310, False, 3
897,0, 310, False, 3
898,0, 310, False, 3
899,0, 310, False, 3
900,0, 310, False, 3
901,0, 310, False, 3
902,0, 310, False, 3
903,0, 310, False, 3
904,0, 310, False, 3
905,0, 310, False, 3
906,0, 310, False, 0
907,0, 310, False, 0
908,0, 310, False, 0
909,0, 310, False, 0
910,0, 310, False, 0
911,0, 310, False, 0
912,0, 310, False, 0
913,0, 310, False, 0
914,0, 310, False, 0
915,0, 310, False, 0
916,0, 310, False, 0
917,0, 310, False, 0
918,0, 310, False, 0
919,0, 310, False, 0
920,0, 310, False, 0
921,0, 310, False, 0
922,0, 310, False, 0
923,0, 310, False, 0
924,0, 310, False, 0
925,0, 310, False, 0
926,0, 310, False, 0
927,0, 310, False, 0
928,0, 310, False, 0
929,0, 310, False, 0
930,0, 310, False, 0
931,0, 310, False, 0
932,0, 310, False, 0
933,0, 310, False, 0
934,0, 310, False, 0
935,0, 310, False, 0
936,0, 310, False, 0
937,0, 310, False, 0
938,0, 310, False, 0
939,0, 310, False, 0
940,0, 310, False, 0
941,0, 310, False, 0
942,0, 310, False, 0
943,0, 310, False, 0
944,0, 310, False, 2
945,0, 310, False, 2
946,0, 310, False, 2
947,0, 310, False, 2
948,0, 310, False, 2
949,0, 310, False, 2
950,0, 310, False, 2
951,0, 310, False, 2
952,0, 310, False, 2
953,0, 310, False, 2
954,0, 310, False, 2
955,10, 320, False, 0
956,0, 320, False, 0
957,0, 320, False, 0
958,0, 320, False, 0
959,0, 320, False, 0
960,0, 320, False, 0
961,0, 320, False, 0
962,0, 320, False, 0
963,0, 320, False, 0
964,0, 320, False, 0
965,0, 320, False, 0
966,0, 320, False, 0
967,0, 320, False, 0
968,0, 320, False, 0
969,10, 330, False, 0
970,0, 330, False, 0
971,0, 330, False, 0
972,0, 330, False, 0
973,0, 330, False, 0
974,0, 330, False, 0
975,0, 330, False, 0
976,0, 330, False, 3
977,0, 330, False, 3
978,0, 330, False, 3
979,0, 330, False, 3
980,0, 330, False, 3
981,0, 330, False, 3
982,0, 330, False, 3
983,0, 330, False, 3
984,0, 330, False, 3
985,0, 330, False, 3
986,0, 330, False, 3
987,0, 330, False, 0
988,0, 330, False, 0
989,0, 330, False, 0
990,0, 330, False, 0
991,0, 330, False, 0
992,0, 330, False, 0
993,0, 330, False, 0
994,0, 330, False, 0
995,0, 330, False, 0
996,0, 330, False, 0
997,0, 330, False, 0
998,0, 330, False, 0
999,0, 330, False, 0
1000,0, 330, False, 0
1001,0, 330, False, 0
1002,0, 330, False, 0
1003,0, 330, False, 2
1004,0, 330, False, 2
1005,0, 330, False, 2
1006,0, 330, False, 2
1007,0, 330, False, 2
1008,0, 330, False, 2
1009,0, 330, False, 2
1010,0, 330, False, 2
1011,0, 330, False, 2
1012,0, 330, False, 2
1013,0, 330, False, 2
1014,0, 330, False, 2
1015,0, 330, False, 0
1016,0, 330, False, 0
1017,10, 340, False, 0
1018,0, 340, False, 0
1019,0, 340, False, 0
1020,0, 340, False, 0
1021,0, 340, False, 0
1022,0, 340, False, 0
1023,0, 340, False, 0
1024,0, 340, False, 0
1025,0, 340, False, 0
1026,0, 340, False, 0
1027,0, 340, False, 0
1028,0, 340, False, 0
1029,0, 340, False, 0
1030,0, 340, False, 0
1031,10, 350, False, 0
1032,0, 350, False, 0
1033,0, 350, False, 0
1034,0, 350, False, 0
1035,0, 350, False, 0
1036,0, 350, False, 0
1037,0, 350, False, 0
1038,0, 350, False, 0
1039,0, 350, False, 0
1040,0, 350, False, 0
1041,0, 350, False, 0
1042,0, 350, False, 0
1043,0, 350, False, 0
1044,0, 350, False, 0
1045,10, 360, False, 0
1046,0, 360, False, 0
1047,0, 360, False, 0
1048,0, 360, False, 0
1049,0, 360, False, 0
1050,0, 360, False, 0
1051,0, 360, False, 0
1052,0, 360, False, 0
1053,0, 360, False, 0
1054,0, 360, False, 0
1055,0, 360, False, 0
1056,0, 360, False, 0
1057,0, 360, False, 0
1058,0, 360, False, 0
1059,10, 370, False, 0
1060,0, 370, False, 0
1061,0, 370, False, 0
1062,0, 370, False, 0
1063,0, 370, False, 0
1064,0, 370, False, 0
1065,0, 370, False, 0
1066,0, 370, False, 0
1067,0, 370, False, 0
1068,0, 370, False, 0
1069,0, 370, False, 0
1070,0, 370, False, 0
1071,0, 370, False, 0
1072,0, 370, False, 0
1073,10, 380, False, 0
1074,0, 380, False, 0
1075,0, 380, False, 0
1076,0, 380, False, 0
1077,0, 380, False, 0
1078,0, 380, False, 0
1079,0, 380, False, 0
1080,0, 380, False, 0
1081,0, 380, False, 0
1082,0, 380, False, 0
1083,0, 380, False, 0
1084,0, 380, False, 0
1085,0, 380, False, 0
1086,0, 380, False, 0
1087,10, 390, False, 0
1088,0, 390, False, 0
1089,0, 390, False, 0
1090,0, 390, False, 0
1091,0, 390, False, 0
1092,0, 390, False, 0
1093,0, 390, False, 0
1094,0, 390, False, 0
1095,0, 390, False, 0
1096,0, 390, False, 0
1097,0, 390, False, 0
1098,0, 390, False, 0
1099,0, 390, False, 0
1100,0, 390, False, 0
1101,10, 400, False, 0
1102,0, 400, False, 0
1103,0, 400, False, 0
1104,0, 400, False, 0
1105,0, 400, False, 0
1106,0, 400, False, 0
1107,0, 400, False, 0
1108,0, 400, False, 0
1109,0, 400, False, 0
1110,0, 400, False, 0
1111,0, 400, False, 3
1112,0, 400, False, 3
1113,0, 400, False, 3
1114,0, 400, False, 3
1115,10, 410, False, 3
1116,0, 410, False, 3
1117,0, 410, False, 3
1118,0, 410, False, 3
1119,0, 410, False, 3
1120,0, 410, False, 3
1121,0, 410, False, 3
1122,0, 410, False, 3
1123,0, 410, False, 3
1124,0, 410, False, 0
1125,0, 410, False, 0
1126,0, 410, False, 0
1127,10, 420, False, 0
1128,0, 420, False, 0
1129,0, 420, False, 0
1130,0, 420, False, 0
1131,0, 420, False, 0
1132,0, 420, False, 0
1133,0, 420, False, 0
1134,0, 420, False, 0
1135,0, 420, False, 0
1136,0, 420, False, 0
1137,0, 420, False, 0
1138,0, 420, False, 0
1139,0, 420, False, 0
1140,0, 420, False, 0
1141,0, 420, False, 0
1142,0, 420, False, 0
1143,0, 420, False, 0
1144,0, 420, False, 0
1145,0, 420, False, 2
1146,0, 420, False, 2
1147,0, 420, False, 2
1148,0, 420, False, 2
1149,0, 420, False, 2
1150,0, 420, False, 2
1151,0, 420, False, 2
1152,0, 420, False, 2
1153,0, 420, False, 2
1154,0, 420, False, 2
1155,50, 470, False, 2
1156,0, 470, False, 2
1157,0, 470, False, 0
1158,0, 470, False, 0
1159,0, 470, False, 0
1160,0, 470, False, 0
1161,0, 470, False, 0
1162,0, 470, False, 0
1163,0, 470, False, 0
1164,0, 470, False, 0
1165,0, 470, False, 0
1166,0, 470, False, 0
1167,0, 470, False, 0
1168,0, 470, False, 0
1169,10, 480, False, 0
1170,0, 480, False, 0
1171,0, 480, False, 0
1172,0, 480, False, 0
1173,0, 480, False, 4
1174,0, 480, False, 4
1175,0, 480, False, 4
1176,0, 480, False, 4
1177,0, 480, False, 4
1178,0, 480, False, 4
1179,0, 480, False, 4
1180,0, 480, False, 4
1181,0, 480, False, 4
1182,0, 480, False, 4
1183,10, 490, False, 4
1184,0, 490, False, 4
1185,0, 490, False, 4
1186,0, 490, False, 4
1187,0, 490, False, 4
1188,0, 490, False, 4
1189,0, 490, False, 4
1190,0, 490, False, 4
1191,0, 490, False, 0
1192,0, 490, False, 0
1193,0, 490, False, 0
1194,0, 490, False, 0
1195,0, 490, False, 0
1196,0, 490, False, 0
1197,10, 500, False, 0
1198,0, 500, False, 0
1199,0, 500, False, 0
1200,0, 500, False, 0
1201,0, 500, False, 0
1202,0, 500, False, 0
1203,0, 500, False, 0
1204,0, 500, False, 0
1205,0, 500, False, 3
1206,0, 500, False, 3
1207,0, 500, False, 3
1208,0, 500, False, 3
1209,0, 500, False, 3
1210,0, 500, False, 3
1211,0, 500, False, 3
1212,0, 500, False, 3
1213,0, 500, False, 3
1214,0, 500, False, 3
1215,0, 500, False, 3
1216,0, 500, False, 3
1217,0, 500, False, 3
1218,0, 500, False, 3
1219,0, 500, False, 3
1220,0, 500, False, 3
1221,0, 500, False, 3
1222,0, 500, False, 3
1223,0, 500, False, 0
1224,0, 500, False, 0
1225,0, 500, False, 0
1226,0, 500, False, 0
1227,0, 500, False, 0
1228,0, 500, False, 0
1229,0, 500, False, 0
1230,0, 500, False, 0
1231,0, 500, False, 0
1232,0, 500, False, 0
1233,0, 500, False, 0
1234,0, 500, False, 0
1235,0, 500, False, 0
1236,0, 500, False, 0
1237,0, 500, False, 0
1238,0, 500, False, 0
1239,0, 500, False, 0
1240,0, 500, False, 0
1241,0, 500, False, 0
1242,0, 500, False, 0
1243,0, 500, False, 0
1244,0, 500, False, 0
1245,0, 500, False, 5
1246,0, 500, False, 5
1247,0, 500, False, 5
1248,0, 500, False, 5
1249,0, 500, False, 5
1250,0, 500, False, 5
1251,0, 500, False, 5
1252,0, 500, False, 5
1253,0, 500, False, 5
1254,0, 500, False, 5
1255,0, 500, False, 5
1256,0, 500, False, 5
1257,0, 500, False, 5
1258,0, 500, False, 0
1259,0, 500, False, 0
1260,0, 500, False, 0
1261,0, 500, False, 0
1262,0, 500, False, 0
1263,0, 500, False, 0
1264,0, 500, False, 0
1265,0, 500, False, 0
1266,0, 500, False, 0
1267,0, 500, False, 0
1268,0, 500, False, 4
1269,0, 500, False, 4
1270,0, 500, False, 4
1271,0, 500, False, 4
1272,0, 500, False, 4
1273,0, 500, False, 4
1274,0, 500, False, 4
1275,0, 500, False, 4
1276,0, 500, False, 4
1277,0, 500, False, 4
1278,0, 500, False, 4
1279,0, 500, False, 4
1280,0, 500, False, 4
1281,0, 500, False, 4
1282,0, 500, False, 4
1283,0, 500, False, 0
1284,0, 500, False, 0
1285,0, 500, False, 0
1286,0, 500, False, 0
1287,0, 500, False, 0
1288,0, 500, False, 0
1289,10, 510, False, 0
1290,0, 510, False, 0
1291,0, 510, False, 0
1292,0, 510, False, 0
1293,0, 510, False, 0
1294,0, 510, False, 0
1295,0, 510, False, 0
1296,0, 510, False, 0
1297,0, 510, False, 0
1298,0, 510, False, 0
1299,0, 510, False, 0
1300,0, 510, False, 0
1301,0, 510, False, 0
1302,0, 510, False, 0
1303,10, 520, False, 0
1304,0, 520, False, 0
1305,0, 520, False, 0
1306,0, 520, False, 0
1307,0, 520, False, 5
1308,0, 520, False, 5
1309,0, 520, False, 5
1310,0, 520, False, 5
1311,0, 520, False, 5
1312,0, 520, False, 5
1313,0, 520, False, 5
1314,0, 520, False, 5
1315,10, 530, False, 5
1316,0, 530, False, 5
1317,0, 530, False, 5
1318,0, 530, False, 5
1319,0, 530, False, 5
1320,0, 530, False, 5
1321,0, 530, False, 5
1322,0, 530, False, 5
1323,0, 530, False, 5
1324,0, 530, False, 5
1325,0, 530, False, 0
1326,0, 530, False, 0
1327,0, 530, False, 0
1328,0, 530, False, 0
1329,10, 540, False, 0
1330,0, 540, False, 0
1331,0, 540, False, 0
1332,0, 540, False, 0
1333,0, 540, False, 0
1334,0, 540, False, 0
1335,0, 540, False, 0
1336,0, 540, False, 0
1337,0, 540, False, 0
1338,0, 540, False, 0
1339,0, 540, False, 0
1340,0, 540, False, 0
1341,0, 540, False, 0
1342,0, 540, False, 0
1343,10, 550, False, 0
1344,0, 550, False, 0
1345,0, 550, False, 5
1346,0, 550, False, 5
1347,0, 550, False, 5
1348,0, 550, False, 5
1349,0, 550, False, 5
1350,0, 550, False, 5
1351,0, 550, False, 5
1352,0, 550, False, 5
1353,0, 550, False, 5
1354,0, 550, False, 5
1355,10, 560, False, 5
1356,0, 560, False, 5
1357,0, 560, False, 5
1358,0, 560, False, 0
1359,0, 560, False, 0
1360,0, 560, False, 0
1361,0, 560, False, 0
1362,0, 560, False, 0
1363,0, 560, False, 0
1364,0, 560, False, 0
1365,0, 560, False, 0
1366,0, 560, False, 0
1367,0, 560, False, 0
1368,0, 560, False, 0
1369,10, 570, False, 0
1370,0, 570, False, 0
1371,0, 570, False, 0
1372,0, 570, False, 0
1373,0, 570, False, 0
1374,0, 570, False, 0
1375,0, 570, False, 0
1376,0, 570, False, 0
1377,0, 570, False, 0
1378,0, 570, False, 0
1379,0, 570, False, 0
1380,0, 570, False, 0
1381,0, 570, False, 0
1382,0, 570, False, 3
1383,0, 570, False, 3
1384,0, 570, False, 3
1385,0, 570, False, 3
1386,0, 570, False, 3
1387,0, 570, False, 3
1388,0, 570, False, 3
1389,0, 570, False, 3
1390,0, 570, False, 3
1391,0, 570, False, 3
1392,0, 570, False, 3
1393,0, 570, False, 3
1394,0, 570, False, 3
1395,0, 570, False, 3
1396,0, 570, False, 0
1397,0, 570, False, 0
1398,0, 570, False, 0
1399,0, 570, False, 0
1400,0, 570, False, 0
1401,0, 570, False, 0
1402,0, 570, False, 0
1403,0, 570, False, 0
1404,0, 570, False, 0
1405,0, 570, False, 0
1406,0, 570, False, 0
1407,0, 570, False, 0
1408,0, 570, False, 0
1409,0, 570, False, 0
1410,0, 570, False, 0
1411,0, 570, False, 0
1412,0, 570, False, 0
1413,0, 570, False, 0
1414,0, 570, False, 0
1415,0, 570, False, 0
1416,0, 570, False, 0
1417,0, 570, False, 0
1418,0, 570, False, 0
1419,0, 570, False, 0
1420,0, 570, False, 0
1421,0, 570, False, 0
1422,0, 570, False, 0
1423,0, 570, False, 0
1424,0, 570, False, 0
1425,0, 570, False, 0
1426,0, 570, False, 0
1427,0, 570, False, 0
1428,0, 570, False, 0
1429,0, 570, False, 0
1430,0, 570, False, 0
1431,0, 570, False, 0
1432,0, 570, False, 0
1433,0, 570, False, 0
1434,0, 570, False, 0
1435,0, 570, False, 0
1436,0, 570, False, 0
1437,0, 570, False, 2
1438,0, 570, False, 2
1439,0, 570, False, 2
1440,0, 570, False, 2
1441,0, 570, False, 2
1442,0, 570, False, 2
1443,0, 570, False, 2
1444,0, 570, False, 2
1445,0, 570, False, 2
1446,0, 570, False, 2
1447,0, 570, False, 2
1448,0, 570, False, 2
1449,0, 570, False, 0
1450,0, 570, False, 0
1451,0, 570, False, 0
1452,0, 570, False, 0
1453,0, 570, False, 0
1454,0, 570, False, 0
1455,10, 580, False, 0
1456,0, 580, False, 0
1457,0, 580, False, 0
1458,0, 580, False, 0
1459,0, 580, False, 0
1460,0, 580, False, 0
1461,0, 580, False, 0
1462,0, 580, False, 0
1463,0, 580, False, 0
1464,0, 580, False, 0
1465,0, 580, False, 0
1466,0, 580, False, 0
1467,0, 580, False, 0
1468,0, 580, False, 0
1469,10, 590, False, 0
1470,0, 590, False, 3
1471,0, 590, False, 3
1472,0, 590, False, 3
1473,0, 590, False, 3
1474,0, 590, False, 3
1475,0, 590, False, 3
1476,0, 590, False, 3
1477,0, 590, False, 3
1478,0, 590, False, 3
1479,0, 590, False, 3
1480,0, 590, False, 0
1481,0, 590, False, 0
1482,0, 590, False, 0
1483,0, 590, False, 0
1484,0, 590, False, 0
1485,0, 590, False, 0
1486,0, 590, False, 0
1487,0, 590, False, 0
1488,0, 590, False, 0
1489,0, 590, False, 0
1490,0, 590, False, 0
1491,0, 590, False, 0
1492,0, 590, False, 0
1493,0, 590, False, 0
1494,0, 590, False, 0
1495,0, 590, False, 0
1496,0, 590, False, 0
1497,0, 590, False, 0
1498,0, 590, False, 0
1499,0, 590, False, 0
1500,0, 590, False, 5
1501,0, 590, False, 5
1502,0, 590, False, 5
1503,0, 590, False, 5
1504,0, 590, False, 5
1505,0, 590, False, 5
1506,0, 590, False, 5
1507,0, 590, False, 5
1508,0, 590, False, 5
1509,0, 590, False, 5
1510,0, 590, False, 5
1511,0, 590, False, 5
1512,0, 590, False, 5
1513,0, 590, False, 5
1514,0, 590, False, 5
1515,0, 590, False, 0
1516,0, 590, False, 0
1517,0, 590, False, 0
1518,0, 590, False, 0
1519,0, 590, False, 0
1520,0, 590, False, 0
1521,0, 590, False, 0
1522,0, 590, False, 0
1523,0, 590, False, 0
1524,0, 590, False, 0
1525,0, 590, False, 0
1526,0, 590, False, 4
1527,0, 590, False, 4
1528,0, 590, False, 4
1529,0, 590, False, 4
1530,0, 590, False, 4
1531,0, 590, False, 4
1532,0, 590, False, 4
1533,0, 590, False, 4
1534,0, 590, False, 4
1535,0, 590, False, 4
1536,0, 590, False, 4
1537,0, 590, False, 4
1538,0, 590, False, 4
1539,0, 590, False, 4
1540,0, 590, False, 4
1541,0, 590, False, 4
1542,0, 590, False, 0
1543,0, 590, False, 0
1544,0, 590, False, 0
1545,0, 590, False, 0
1546,0, 590, False, 0
1547,0, 590, False, 0
1548,0, 590, False, 0
1549,0, 590, False, 0
1550,0, 590, False, 0
1551,0, 590, False, 0
1552,0, 590, False, 5
1553,0, 590, False, 5
1554,0, 590, False, 5
1555,0, 590, False, 5
1556,0, 590, False, 5
1557,0, 590, False, 5
1558,0, 590, False, 5
1559,0, 590, False, 5
1560,0, 590, False, 5
1561,0, 590, False, 5
1562,0, 590, False, 5
1563,0, 590, False, 5
1564,0, 590, False, 0
1565,0, 590, False, 0
1566,0, 590, False, 0
1567,10, 600, False, 0
1568,0, 600, False, 0
1569,0, 600, False, 0
1570,0, 600, False, 0
1571,0, 600, False, 0
1572,0, 600, False, 0
1573,0, 600, False, 0
1574,0, 600, False, 0
1575,0, 600, False, 0
1576,0, 600, False, 0
1577,0, 600, False, 0
1578,0, 600, False, 0
1579,0, 600, False, 0
1580,0, 600, False, 0
1581,10, 610, False, 0
1582,0, 610, False, 0
1583,0, 610, False, 0
1584,0, 610, False, 4
1585,0, 610, False, 4
1586,0, 610, False, 4
1587,0, 610, False, 4
1588,0, 610, False, 4
1589,0, 610, False, 4
1590,0, 610, False, 4
1591,0, 610, False, 4
1592,0, 610, False, 4
1593,0, 610, False, 4
1594,0, 610, False, 4
1595,0, 610, False, 4
1596,0, 610, False, 0
1597,10, 620, False, 0
1598,0, 620, False, 0
1599,0, 620, False, 0
1600,0, 620, False, 0
1601,0, 620, False, 0
1602,0, 620, False, 0
1603,0, 620, False, 0
1604,0, 620, False, 0
1605,0, 620, False, 0
1606,0, 620, False, 0
1607,0, 620, False, 0
1608,0, 620, False, 0
1609,0, 620, False, 0
1610,0, 620, False, 0
1611,10, 630, False, 0
1612,0, 630, False, 0
1613,0, 630, False, 0
1614,0, 630, False, 0
1615,0, 630, False, 0
1616,0, 630, False, 0
1617,0, 630, False, 0
1618,0, 630, False, 0
1619,0, 630, False, 0
1620,0, 630, False, 0
1621,0, 630, False, 0
1622,0, 630, False, 0
1623,10, 640, False, 0
1624,0, 640, False, 0
1625,0, 640, False, 0
1626,0, 640, False, 0
1627,0, 640, False, 0
1628,0, 640, False, 0
1629,0, 640, False, 0
1630,0, 640, False, 0
1631,0, 640, False, 0
1632,0, 640, False, 0
1633,0, 640, False, 0
1634,0, 640, False, 0
1635,0, 640, False, 0
1636,0, 640, False, 0
1637,10, 650, False, 0
1638,0, 650, False, 0
1639,0, 650, False, 0
1640,0, 650, False, 0
1641,0, 650, False, 0
1642,0, 650, False, 0
1643,0, 650, False, 0
1644,0, 650, False, 0
1645,0, 650, False, 0
1646,0, 650, False, 0
1647,0, 650, False, 0
1648,0, 650, False, 0
1649,0, 650, False, 0
1650,0, 650, False, 0
1651,10, 660, False, 0
1652,0, 660, False, 0
1653,0, 660, False, 0
1654,0, 660, False, 0
1655,0, 660, False, 0
1656,0, 660, False, 0
1657,0, 660, False, 0
1658,0, 660, False, 0
1659,0, 660, False, 0
1660,0, 660, False, 0
1661,0, 660, False, 0
1662,0, 660, False, 0
1663,0, 660, False, 0
1664,0, 660, False, 0
1665,0, 660, False, 0
1666,0, 660, False, 0
1667,0, 660, False, 0
1668,0, 660, False, 0
1669,10, 670, False, 0
1670,0, 670, False, 0
1671,0, 670, False, 0
1672,0, 670, False, 0
1673,0, 670, False, 0
1674,0, 670, False, 0
1675,0, 670, False, 0
1676,0, 670, False, 0
1677,0, 670, False, 0
1678,0, 670, False, 0
1679,0, 670, False, 0
1680,0, 670, False, 0
1681,0, 670, False, 0
1682,0, 670, False, 0
1683,10, 680, False, 0
1684,0, 680, False, 0
1685,0, 680, False, 0
1686,0, 680, False, 0
1687,0, 680, False, 0
1688,0, 680, False, 0
1689,0, 680, False, 0
1690,0, 680, False, 5
1691,0, 680, False, 5
1692,0, 680, False, 5
1693,0, 680, False, 5
1694,0, 680, False, 5
1695,10, 690, False, 5
1696,0, 690, False, 5
1697,0, 690, False, 5
1698,0, 690, False, 5
1699,0, 690, False, 5
1700,0, 690, False, 0
1701,0, 690, False, 0
1702,0, 690, False, 0
1703,0, 690, False, 0
1704,0, 690, False, 0
1705,0, 690, False, 0
1706,0, 690, False, 0
1707,10, 700, False, 0
1708,0, 700, False, 0
1709,0, 700, False, 0
1710,0, 700, False, 0
1711,0, 700, False, 0
1712,0, 700, False, 0
1713,0, 700, False, 0
1714,0, 700, False, 0
1715,0, 700, False, 0
1716,0, 700, False, 0
1717,0, 700, False, 0
1718,0, 700, False, 0
1719,0, 700, False, 0
1720,0, 700, False, 0
1721,10, 710, False, 0
1722,0, 710, False, 0
1723,0, 710, False, 0
1724,0, 710, False, 0
1725,0, 710, False, 0
1726,0, 710, False, 0
1727,0, 710, False, 0
1728,0, 710, False, 0
1729,0, 710, False, 0
1730,0, 710, False, 0
1731,0, 710, False, 0
1732,0, 710, False, 0
1733,0, 710, False, 0
1734,0, 710, False, 0
1735,10, 720, False, 0
1736,0, 720, False, 0
1737,0, 720, False, 0
1738,0, 720, False, 0
1739,0, 720, False, 0
1740,0, 720, False, 0
1741,0, 720, False, 0
1742,0, 720, False, 0
1743,0, 720, False, 0
1744,0, 720, False, 0
1745,0, 720, False, 0
1746,0, 720, False, 0
1747,0, 720, False, 3
1748,0, 720, False, 3
1749,0, 720, False, 3
1750,0, 720, False, 0
1751,0, 720, False, 0
1752,0, 720, False, 0
1753,0, 720, False, 0
1754,0, 720, False, 0
1755,0, 720, False, 0
1756,0, 720, False, 0
1757,0, 720, False, 0
1758,0, 720, False, 0
1759,0, 720, False, 0
1760,0, 720, False, 0
1761,0, 720, False, 0
1762,0, 720, False, 0
1763,0, 720, False, 0
1764,0, 720, False, 0
1765,0, 720, False, 0
1766,0, 720, False, 0
1767,0, 720, False, 0
1768,0, 720, False, 0
1769,0, 720, False, 0
1770,0, 720, False, 0
1771,0, 720, False, 0
1772,0, 720, False, 0
1773,0, 720, False, 0
1774,0, 720, False, 0
1775,0, 720, False, 0
1776,0, 720, False, 0
1777,0, 720, False, 0
1778,0, 720, False, 3
1779,0, 720, False, 3
1780,0, 720, False, 3
1781,0, 720, False, 3
1782,0, 720, False, 3
1783,0, 720, False, 3
1784,0, 720, False, 3
1785,0, 720, False, 3
1786,0, 720, False, 3
1787,0, 720, False, 0
1788,0, 720, False, 0
1789,0, 720, False, 0
1790,0, 720, False, 0
1791,0, 720, False, 0
1792,0, 720, False, 0
1793,0, 720, False, 0
1794,0, 720, False, 0
1795,0, 720, False, 0
1796,0, 720, False, 0
1797,0, 720, False, 0
1798,0, 720, False, 0
1799,0, 720, False, 0
1800,0, 720, False, 0
1801,0, 720, False, 0
1802,0, 720, False, 0
1803,0, 720, False, 0
1804,0, 720, False, 0
1805,0, 720, False, 0
1806,0, 720, False, 0
1807,0, 720, False, 0
1808,0, 720, False, 0
1809,0, 720, False, 0
1810,0, 720, False, 0
1811,10, 730, False, 0
1812,0, 730, False, 0
1813,0, 730, False, 0
1814,0, 730, False, 0
1815,0, 730, False, 4
1816,0, 730, False, 4
1817,0, 730, False, 4
1818,0, 730, False, 4
1819,0, 730, False, 4
1820,0, 730, False, 4
1821,0, 730, False, 4
1822,0, 730, False, 4
1823,0, 730, False, 4
1824,0, 730, False, 4
1825,0, 730, False, 4
1826,0, 730, False, 0
1827,0, 730, False, 0
1828,0, 730, False, 0
1829,0, 730, False, 0
1830,0, 730, False, 0
1831,0, 730, False, 0
1832,0, 730, False, 0
1833,0, 730, False, 3
1834,0, 730, False, 3
1835,0, 730, False, 3
1836,0, 730, False, 3
1837,0, 730, False, 3
1838,0, 730, False, 3
1839,0, 730, False, 3
1840,0, 730, False, 3
1841,0, 730, False, 3
1842,0, 730, False, 3
1843,0, 730, False, 3
1844,0, 730, False, 3
1845,0, 730, False, 3
1846,0, 730, False, 3
1847,0, 730, False, 0
1848,0, 730, False, 0
1849,0, 730, False, 0
1850,0, 730, False, 0
1851,0, 730, False, 0
1852,0, 730, False, 0
1853,0, 730, False, 0
1854,0, 730, False, 0
1855,0, 730, False, 0
1856,0, 730, False, 0
1857,0, 730, False, 0
1858,0, 730, False, 0
1859,0, 730, False, 0
1860,0, 730, False, 0
1861,0, 730, False, 0
1862,0, 730, False, 0
1863,0, 730, False, 0
1864,0, 730, False, 0
1865,0, 730, False, 0
1866,0, 730, False, 0
1867,0, 730, False, 0
1868,0, 730, False, 0
1869,0, 730, False, 0
1870,0, 730, False, 0
1871,0, 730, False, 0
1872,0, 730, False, 0
1873,0, 730, False, 0
1874,0, 730, False, 0
1875,0, 730, False, 0
1876,0, 730, False, 0
1877,0, 730, False, 0
1878,0, 730, False, 0
1879,0, 730, False, 0
1880,0, 730, False, 0
1881,0, 730, False, 0
1882,0, 730, False, 0
1883,0, 730, False, 0
1884,0, 730, False, 0
1885,0, 730, False, 0
1886,0, 730, False, 0
1887,0, 730, False, 0
1888,0, 730, False, 0
1889,0, 730, False, 0
1890,0, 730, False, 0
1891,0, 730, False, 0
1892,0, 730, False, 0
1893,0, 730, False, 0
1894,0, 730, False, 0
1895,0, 730, False, 0
1896,0, 730, False, 0
1897,0, 730, False, 0
1898,0, 730, False, 0
1899,0, 730, False, 0
1900,0, 730, False, 0
1901,0, 730, False, 0
1902,0, 730, False, 0
1903,0, 730, False, 0
1904,0, 730, False, 0
1905,0, 730, False, 0
1906,0, 730, False, 0
1907,0, 730, False, 0
1908,0, 730, False, 0
1909,0, 730, False, 0
1910,0, 730, False, 0
1911,0, 730, False, 0
1912,0, 730, False, 0
1913,0, 730, False, 0
1914,0, 730, False, 0
1915,0, 730, False, 0
1916,0, 730, False, 0
1917,0, 730, False, 0
1918,0, 730, False, 0
1919,0, 730, False, 0
1920,0, 730, False, 0
1921,0, 730, False, 0
1922,0, 730, False, 0
1923,0, 730, False, 0
1924,0, 730, False, 0
1925,0, 730, False, 0
1926,0, 730, False, 0
1927,0, 730, False, 0
1928,0, 730, False, 0
1929,0, 730, False, 0
1930,0, 730, False, 0
1931,0, 730, False, 0
1932,0, 730, False, 0
1933,0, 730, False, 0
1934,0, 730, False, 0
1935,0, 730, False, 0
1936,0, 730, False, 0
1937,0, 730, False, 0
1938,0, 730, False, 0
1939,0, 730, False, 0
1940,0, 730, False, 0
1941,0, 730, False, 0
1942,0, 730, False, 0
1943,0, 730, False, 0
1944,0, 730, False, 0
1945,0, 730, False, 0
1946,0, 730, False, 0
1947,0, 730, False, 0
1948,0, 730, False, 0
1949,0, 730, False, 0
1950,0, 730, False, 0
1951,0, 730, False, 0
1952,0, 730, False, 0
1953,0, 730, False, 0
1954,0, 730, False, 0
1955,0, 730, False, 0
1956,0, 730, False, 0
1957,0, 730, False, 0
1958,0, 730, False, 0
1959,0, 730, False, 0
1960,0, 730, False, 0
1961,0, 730, False, 0
1962,0, 730, False, 0
1963,0, 730, False, 0
1964,0, 730, False, 0
1965,0, 730, False, 0
1966,0, 730, False, 0
1967,0, 730, False, 0
1968,0, 730, False, 0
1969,0, 730, False, 0
1970,0, 730, False, 0
1971,0, 730, False, 0
1972,0, 730, False, 0
1973,0, 730, False, 0
1974,0, 730, False, 0
1975,0, 730, False, 0
1976,0, 730, False, 0
1977,0, 730, False, 0
1978,0, 730, False, 0
1979,0, 730, False, 0
1980,0, 730, False, 0
1981,0, 730, False, 0
1982,0, 730, False, 0
1983,0, 730, False, 0
1984,0, 730, False, 0
1985,0, 730, False, 0
1986,0, 730, False, 0
1987,0, 730, False, 0
1988,0, 730, False, 0
1989,0, 730, False, 0
1990,0, 730, False, 0
1991,0, 730, False, 0
1992,0, 730, False, 0
1993,0, 730, False, 0
1994,0, 730, False, 0
1995,0, 730, False, 0
1996,0, 730, False, 0
1997,0, 730, False, 0
1998,0, 730, False, 0
1999,0, 730, False, 0
2000,0, 730, False, 0
2001,0, 730, False, 0
2002,0, 730, False, 0
2003,0, 730, False, 0
2004,0, 730, False, 0
2005,0, 730, False, 0
