db traj id : 947
frame,reward,score,terminal, action
0,0, 0, False, 0
1,0, 0, False, 0
2,0, 0, False, 0
3,0, 0, False, 0
4,0, 0, False, 0
5,0, 0, False, 0
6,0, 0, False, 0
7,0, 0, False, 0
8,0, 0, False, 0
9,0, 0, False, 0
10,0, 0, False, 0
11,0, 0, False, 0
12,0, 0, False, 0
13,0, 0, False, 0
14,0, 0, False, 0
15,0, 0, False, 0
16,0, 0, False, 0
17,0, 0, False, 0
18,0, 0, False, 0
19,0, 0, False, 0
20,0, 0, False, 0
21,0, 0, False, 0
22,0, 0, False, 0
23,0, 0, False, 0
24,0, 0, False, 0
25,0, 0, False, 0
26,0, 0, False, 0
27,0, 0, False, 0
28,0, 0, False, 0
29,0, 0, False, 0
30,0, 0, False, 0
31,0, 0, False, 0
32,0, 0, False, 0
33,0, 0, False, 0
34,0, 0, False, 0
35,0, 0, False, 0
36,0, 0, False, 0
37,0, 0, False, 0
38,0, 0, False, 0
39,0, 0, False, 0
40,0, 0, False, 0
41,0, 0, False, 0
42,0, 0, False, 0
43,0, 0, False, 0
44,0, 0, False, 0
45,0, 0, False, 0
46,0, 0, False, 0
47,0, 0, False, 0
48,0, 0, False, 0
49,0, 0, False, 0
50,0, 0, False, 0
51,0, 0, False, 0
52,0, 0, False, 0
53,0, 0, False, 0
54,0, 0, False, 0
55,0, 0, False, 0
56,0, 0, False, 0
57,0, 0, False, 0
58,0, 0, False, 0
59,0, 0, False, 0
60,0, 0, False, 0
61,0, 0, False, 0
62,0, 0, False, 0
63,0, 0, False, 0
64,0, 0, False, 0
65,0, 0, False, 0
66,0, 0, False, 0
67,0, 0, False, 0
68,0, 0, False, 0
69,0, 0, False, 0
70,0, 0, False, 0
71,0, 0, False, 0
72,0, 0, False, 0
73,0, 0, False, 0
74,0, 0, False, 0
75,0, 0, False, 0
76,0, 0, False, 0
77,0, 0, False, 0
78,0, 0, False, 0
79,0, 0, False, 0
80,0, 0, False, 0
81,0, 0, False, 0
82,0, 0, False, 0
83,0, 0, False, 0
84,0, 0, False, 0
85,0, 0, False, 0
86,0, 0, False, 0
87,0, 0, False, 0
88,0, 0, False, 0
89,0, 0, False, 0
90,0, 0, False, 0
91,0, 0, False, 0
92,0, 0, False, 0
93,0, 0, False, 0
94,0, 0, False, 0
95,0, 0, False, 0
96,0, 0, False, 0
97,0, 0, False, 0
98,0, 0, False, 0
99,0, 0, False, 0
100,0, 0, False, 0
101,0, 0, False, 0
102,0, 0, False, 0
103,0, 0, False, 0
104,0, 0, False, 0
105,0, 0, False, 0
106,0, 0, False, 0
107,0, 0, False, 0
108,0, 0, False, 0
109,0, 0, False, 0
110,0, 0, False, 0
111,0, 0, False, 0
112,0, 0, False, 0
113,0, 0, False, 0
114,0, 0, False, 0
115,0, 0, False, 0
116,0, 0, False, 0
117,0, 0, False, 0
118,0, 0, False, 0
119,0, 0, False, 0
120,0, 0, False, 4
121,0, 0, False, 4
122,0, 0, False, 4
123,0, 0, False, 4
124,0, 0, False, 4
125,0, 0, False, 4
126,0, 0, False, 4
127,0, 0, False, 4
128,0, 0, False, 4
129,0, 0, False, 4
130,0, 0, False, 4
131,0, 0, False, 4
132,0, 0, False, 4
133,0, 0, False, 4
134,0, 0, False, 4
135,0, 0, False, 4
136,0, 0, False, 0
137,0, 0, False, 0
138,0, 0, False, 0
139,0, 0, False, 0
140,0, 0, False, 0
141,0, 0, False, 0
142,0, 0, False, 0
143,0, 0, False, 0
144,0, 0, False, 0
145,0, 0, False, 0
146,0, 0, False, 4
147,0, 0, False, 4
148,0, 0, False, 4
149,0, 0, False, 4
150,0, 0, False, 4
151,0, 0, False, 4
152,0, 0, False, 4
153,0, 0, False, 4
154,0, 0, False, 4
155,0, 0, False, 4
156,0, 0, False, 4
157,0, 0, False, 4
158,0, 0, False, 4
159,0, 0, False, 4
160,0, 0, False, 0
161,0, 0, False, 0
162,0, 0, False, 0
163,0, 0, False, 0
164,0, 0, False, 0
165,0, 0, False, 0
166,0, 0, False, 0
167,0, 0, False, 0
168,0, 0, False, 0
169,0, 0, False, 0
170,0, 0, False, 0
171,0, 0, False, 0
172,0, 0, False, 0
173,0, 0, False, 0
174,0, 0, False, 0
175,0, 0, False, 0
176,0, 0, False, 0
177,0, 0, False, 0
178,0, 0, False, 0
179,0, 0, False, 0
180,0, 0, False, 0
181,0, 0, False, 0
182,0, 0, False, 0
183,0, 0, False, 0
184,0, 0, False, 0
185,0, 0, False, 0
186,0, 0, False, 0
187,0, 0, False, 0
188,0, 0, False, 0
189,0, 0, False, 0
190,0, 0, False, 0
191,0, 0, False, 0
192,0, 0, False, 0
193,0, 0, False, 0
194,0, 0, False, 0
195,0, 0, False, 0
196,0, 0, False, 0
197,0, 0, False, 0
198,0, 0, False, 0
199,0, 0, False, 0
200,0, 0, False, 0
201,0, 0, False, 0
202,0, 0, False, 0
203,0, 0, False, 0
204,0, 0, False, 0
205,0, 0, False, 0
206,0, 0, False, 0
207,0, 0, False, 0
208,0, 0, False, 0
209,0, 0, False, 0
210,0, 0, False, 0
211,0, 0, False, 0
212,0, 0, False, 0
213,0, 0, False, 0
214,0, 0, False, 0
215,0, 0, False, 0
216,0, 0, False, 0
217,0, 0, False, 0
218,0, 0, False, 0
219,0, 0, False, 0
220,0, 0, False, 0
221,0, 0, False, 0
222,0, 0, False, 0
223,0, 0, False, 0
224,0, 0, False, 0
225,0, 0, False, 0
226,0, 0, False, 0
227,0, 0, False, 0
228,0, 0, False, 0
229,0, 0, False, 0
230,0, 0, False, 0
231,0, 0, False, 0
232,0, 0, False, 0
233,0, 0, False, 0
234,0, 0, False, 0
235,0, 0, False, 0
236,0, 0, False, 0
237,0, 0, False, 0
238,0, 0, False, 4
239,0, 0, False, 4
240,0, 0, False, 4
241,0, 0, False, 4
242,0, 0, False, 4
243,0, 0, False, 4
244,0, 0, False, 4
245,0, 0, False, 4
246,0, 0, False, 4
247,0, 0, False, 4
248,0, 0, False, 4
249,0, 0, False, 4
250,0, 0, False, 4
251,0, 0, False, 4
252,0, 0, False, 4
253,0, 0, False, 4
254,0, 0, False, 4
255,0, 0, False, 4
256,0, 0, False, 4
257,0, 0, False, 4
258,0, 0, False, 4
259,0, 0, False, 4
260,0, 0, False, 4
261,0, 0, False, 4
262,0, 0, False, 4
263,0, 0, False, 4
264,0, 0, False, 4
265,0, 0, False, 4
266,0, 0, False, 4
267,0, 0, False, 4
268,0, 0, False, 4
269,0, 0, False, 4
270,0, 0, False, 4
271,0, 0, False, 4
272,0, 0, False, 4
273,0, 0, False, 4
274,0, 0, False, 4
275,0, 0, False, 4
276,0, 0, False, 4
277,0, 0, False, 4
278,0, 0, False, 0
279,0, 0, False, 0
280,0, 0, False, 0
281,0, 0, False, 0
282,10, 10, False, 3
283,0, 10, False, 3
284,0, 10, False, 3
285,0, 10, False, 3
286,0, 10, False, 3
287,0, 10, False, 3
288,0, 10, False, 3
289,0, 10, False, 3
290,0, 10, False, 3
291,0, 10, False, 3
292,0, 10, False, 3
293,0, 10, False, 3
294,0, 10, False, 3
295,0, 10, False, 3
296,0, 10, False, 3
297,0, 10, False, 3
298,10, 20, False, 3
299,0, 20, False, 3
300,0, 20, False, 3
301,0, 20, False, 3
302,0, 20, False, 3
303,0, 20, False, 3
304,0, 20, False, 3
305,0, 20, False, 3
306,0, 20, False, 3
307,0, 20, False, 3
308,0, 20, False, 3
309,0, 20, False, 3
310,10, 30, False, 3
311,0, 30, False, 3
312,0, 30, False, 3
313,0, 30, False, 3
314,0, 30, False, 3
315,0, 30, False, 3
316,0, 30, False, 3
317,0, 30, False, 3
318,0, 30, False, 3
319,0, 30, False, 3
320,0, 30, False, 3
321,0, 30, False, 3
322,0, 30, False, 3
323,0, 30, False, 3
324,10, 40, False, 3
325,0, 40, False, 3
326,0, 40, False, 3
327,0, 40, False, 3
328,0, 40, False, 3
329,0, 40, False, 3
330,0, 40, False, 3
331,0, 40, False, 3
332,0, 40, False, 3
333,0, 40, False, 3
334,0, 40, False, 3
335,0, 40, False, 3
336,0, 40, False, 3
337,0, 40, False, 3
338,10, 50, False, 3
339,0, 50, False, 3
340,0, 50, False, 3
341,0, 50, False, 3
342,0, 50, False, 3
343,0, 50, False, 3
344,0, 50, False, 3
345,0, 50, False, 3
346,0, 50, False, 3
347,0, 50, False, 3
348,0, 50, False, 3
349,0, 50, False, 3
350,10, 60, False, 3
351,0, 60, False, 3
352,0, 60, False, 3
353,0, 60, False, 3
354,0, 60, False, 3
355,0, 60, False, 3
356,0, 60, False, 3
357,0, 60, False, 3
358,0, 60, False, 3
359,0, 60, False, 3
360,0, 60, False, 3
361,0, 60, False, 3
362,0, 60, False, 3
363,0, 60, False, 8
364,10, 70, False, 8
365,0, 70, False, 8
366,0, 70, False, 5
367,0, 70, False, 5
368,0, 70, False, 5
369,0, 70, False, 5
370,0, 70, False, 5
371,0, 70, False, 5
372,0, 70, False, 5
373,0, 70, False, 5
374,0, 70, False, 5
375,0, 70, False, 5
376,0, 70, False, 5
377,0, 70, False, 5
378,10, 80, False, 5
379,0, 80, False, 5
380,0, 80, False, 5
381,0, 80, False, 5
382,0, 80, False, 5
383,0, 80, False, 5
384,0, 80, False, 5
385,0, 80, False, 5
386,0, 80, False, 5
387,0, 80, False, 0
388,0, 80, False, 0
389,0, 80, False, 0
390,0, 80, False, 0
391,0, 80, False, 0
392,10, 90, False, 0
393,0, 90, False, 0
394,0, 90, False, 0
395,0, 90, False, 0
396,0, 90, False, 0
397,0, 90, False, 0
398,0, 90, False, 0
399,0, 90, False, 0
400,0, 90, False, 0
401,0, 90, False, 0
402,0, 90, False, 0
403,0, 90, False, 0
404,0, 90, False, 0
405,0, 90, False, 0
406,10, 100, False, 0
407,0, 100, False, 0
408,0, 100, False, 0
409,0, 100, False, 0
410,0, 100, False, 0
411,0, 100, False, 0
412,0, 100, False, 0
413,0, 100, False, 0
414,0, 100, False, 0
415,0, 100, False, 0
416,0, 100, False, 0
417,0, 100, False, 0
418,0, 100, False, 0
419,0, 100, False, 0
420,10, 110, False, 0
421,0, 110, False, 0
422,0, 110, False, 0
423,0, 110, False, 0
424,0, 110, False, 0
425,0, 110, False, 0
426,0, 110, False, 0
427,0, 110, False, 0
428,0, 110, False, 0
429,0, 110, False, 0
430,0, 110, False, 0
431,0, 110, False, 0
432,0, 110, False, 0
433,0, 110, False, 0
434,10, 120, False, 0
435,0, 120, False, 0
436,0, 120, False, 0
437,0, 120, False, 0
438,0, 120, False, 0
439,0, 120, False, 0
440,0, 120, False, 0
441,0, 120, False, 3
442,0, 120, False, 3
443,0, 120, False, 3
444,0, 120, False, 3
445,0, 120, False, 3
446,0, 120, False, 3
447,0, 120, False, 3
448,0, 120, False, 3
449,0, 120, False, 3
450,10, 130, False, 3
451,0, 130, False, 3
452,0, 130, False, 3
453,0, 130, False, 3
454,0, 130, False, 3
455,0, 130, False, 3
456,0, 130, False, 3
457,0, 130, False, 3
458,0, 130, False, 3
459,0, 130, False, 3
460,0, 130, False, 3
461,0, 130, False, 3
462,10, 140, False, 3
463,0, 140, False, 0
464,0, 140, False, 0
465,0, 140, False, 0
466,0, 140, False, 0
467,0, 140, False, 0
468,0, 140, False, 0
469,0, 140, False, 0
470,0, 140, False, 0
471,0, 140, False, 0
472,0, 140, False, 0
473,0, 140, False, 0
474,0, 140, False, 0
475,0, 140, False, 0
476,10, 150, False, 0
477,0, 150, False, 0
478,0, 150, False, 0
479,0, 150, False, 0
480,0, 150, False, 0
481,0, 150, False, 0
482,0, 150, False, 0
483,0, 150, False, 0
484,0, 150, False, 0
485,0, 150, False, 0
486,0, 150, False, 0
487,0, 150, False, 0
488,0, 150, False, 0
489,0, 150, False, 0
490,0, 150, False, 0
491,0, 150, False, 0
492,0, 150, False, 0
493,0, 150, False, 0
494,0, 150, False, 0
495,0, 150, False, 0
496,0, 150, False, 0
497,0, 150, False, 0
498,0, 150, False, 0
499,0, 150, False, 0
500,0, 150, False, 0
501,0, 150, False, 2
502,0, 150, False, 2
503,0, 150, False, 2
504,0, 150, False, 2
505,0, 150, False, 2
506,0, 150, False, 2
507,0, 150, False, 2
508,0, 150, False, 2
509,0, 150, False, 2
510,0, 150, False, 2
511,0, 150, False, 2
512,50, 200, False, 2
513,0, 200, False, 2
514,0, 200, False, 2
515,0, 200, False, 2
516,0, 200, False, 2
517,0, 200, False, 2
518,0, 200, False, 2
519,0, 200, False, 2
520,0, 200, False, 2
521,0, 200, False, 2
522,0, 200, False, 2
523,0, 200, False, 2
524,10, 210, False, 2
525,0, 210, False, 2
526,0, 210, False, 2
527,0, 210, False, 2
528,0, 210, False, 2
529,0, 210, False, 2
530,0, 210, False, 2
531,0, 210, False, 2
532,0, 210, False, 2
533,0, 210, False, 2
534,0, 210, False, 2
535,0, 210, False, 2
536,0, 210, False, 2
537,0, 210, False, 2
538,10, 220, False, 2
539,0, 220, False, 2
540,0, 220, False, 2
541,0, 220, False, 0
542,0, 220, False, 4
543,0, 220, False, 4
544,0, 220, False, 4
545,0, 220, False, 4
546,0, 220, False, 4
547,0, 220, False, 4
548,0, 220, False, 4
549,0, 220, False, 4
550,0, 220, False, 4
551,0, 220, False, 4
552,0, 220, False, 4
553,0, 220, False, 4
554,10, 230, False, 4
555,0, 230, False, 4
556,0, 230, False, 4
557,0, 230, False, 2
558,0, 230, False, 2
559,0, 230, False, 2
560,0, 230, False, 2
561,0, 230, False, 2
562,0, 230, False, 2
563,0, 230, False, 2
564,0, 230, False, 2
565,0, 230, False, 2
566,10, 240, False, 2
567,0, 240, False, 2
568,0, 240, False, 2
569,0, 240, False, 2
570,0, 240, False, 2
571,0, 240, False, 2
572,0, 240, False, 2
573,0, 240, False, 2
574,0, 240, False, 2
575,0, 240, False, 2
576,0, 240, False, 2
577,0, 240, False, 2
578,0, 240, False, 2
579,0, 240, False, 2
580,0, 240, False, 2
581,0, 240, False, 2
582,0, 240, False, 2
583,0, 240, False, 2
584,0, 240, False, 2
585,0, 240, False, 2
586,0, 240, False, 2
587,0, 240, False, 2
588,0, 240, False, 2
589,0, 240, False, 2
590,0, 240, False, 2
591,0, 240, False, 2
592,0, 240, False, 2
593,0, 240, False, 2
594,0, 240, False, 2
595,0, 240, False, 2
596,0, 240, False, 2
597,0, 240, False, 0
598,0, 240, False, 0
599,0, 240, False, 3
600,0, 240, False, 3
601,0, 240, False, 3
602,0, 240, False, 3
603,0, 240, False, 3
604,0, 240, False, 0
605,0, 240, False, 0
606,0, 240, False, 0
607,0, 240, False, 0
608,0, 240, False, 0
609,0, 240, False, 0
610,0, 240, False, 0
611,0, 240, False, 0
612,0, 240, False, 0
613,0, 240, False, 0
614,0, 240, False, 0
615,0, 240, False, 0
616,0, 240, False, 4
617,0, 240, False, 4
618,0, 240, False, 4
619,0, 240, False, 4
620,0, 240, False, 4
621,0, 240, False, 4
622,0, 240, False, 4
623,0, 240, False, 4
624,0, 240, False, 4
625,0, 240, False, 4
626,0, 240, False, 4
627,0, 240, False, 4
628,0, 240, False, 4
629,0, 240, False, 4
630,0, 240, False, 4
631,0, 240, False, 4
632,0, 240, False, 4
633,0, 240, False, 0
634,0, 240, False, 0
635,0, 240, False, 0
636,0, 240, False, 0
637,0, 240, False, 0
638,0, 240, False, 0
639,0, 240, False, 0
640,0, 240, False, 0
641,0, 240, False, 0
642,0, 240, False, 2
643,0, 240, False, 2
644,0, 240, False, 2
645,0, 240, False, 2
646,0, 240, False, 2
647,0, 240, False, 2
648,0, 240, False, 2
649,0, 240, False, 2
650,0, 240, False, 2
651,0, 240, False, 2
652,0, 240, False, 2
653,0, 240, False, 2
654,0, 240, False, 2
655,0, 240, False, 2
656,0, 240, False, 2
657,0, 240, False, 2
658,0, 240, False, 2
659,0, 240, False, 2
660,10, 250, False, 2
661,0, 250, False, 2
662,0, 250, False, 2
663,0, 250, False, 2
664,0, 250, False, 2
665,0, 250, False, 2
666,0, 250, False, 2
667,0, 250, False, 2
668,0, 250, False, 2
669,0, 250, False, 2
670,0, 250, False, 2
671,0, 250, False, 2
672,0, 250, False, 2
673,0, 250, False, 2
674,10, 260, False, 2
675,0, 260, False, 2
676,0, 260, False, 2
677,0, 260, False, 2
678,0, 260, False, 2
679,0, 260, False, 2
680,0, 260, False, 2
681,0, 260, False, 2
682,0, 260, False, 2
683,0, 260, False, 2
684,0, 260, False, 2
685,0, 260, False, 2
686,0, 260, False, 2
687,0, 260, False, 2
688,10, 270, False, 2
689,0, 270, False, 2
690,0, 270, False, 2
691,0, 270, False, 2
692,0, 270, False, 2
693,0, 270, False, 2
694,0, 270, False, 2
695,0, 270, False, 2
696,0, 270, False, 2
697,0, 270, False, 2
698,0, 270, False, 2
699,0, 270, False, 2
700,0, 270, False, 2
701,0, 270, False, 2
702,10, 280, False, 2
703,0, 280, False, 2
704,0, 280, False, 2
705,0, 280, False, 2
706,0, 280, False, 4
707,0, 280, False, 4
708,0, 280, False, 4
709,0, 280, False, 4
710,0, 280, False, 4
711,0, 280, False, 4
712,0, 280, False, 4
713,0, 280, False, 4
714,0, 280, False, 4
715,0, 280, False, 4
716,10, 290, False, 4
717,0, 290, False, 4
718,0, 290, False, 4
719,0, 290, False, 4
720,0, 290, False, 4
721,0, 290, False, 4
722,0, 290, False, 4
723,0, 290, False, 4
724,0, 290, False, 4
725,0, 290, False, 4
726,0, 290, False, 4
727,0, 290, False, 4
728,0, 290, False, 4
729,0, 290, False, 4
730,10, 300, False, 4
731,0, 300, False, 4
732,0, 300, False, 4
733,0, 300, False, 4
734,0, 300, False, 4
735,0, 300, False, 4
736,0, 300, False, 4
737,0, 300, False, 4
738,0, 300, False, 4
739,0, 300, False, 4
740,0, 300, False, 4
741,0, 300, False, 4
742,10, 310, False, 4
743,0, 310, False, 4
744,0, 310, False, 4
745,0, 310, False, 4
746,0, 310, False, 4
747,0, 310, False, 4
748,0, 310, False, 4
749,0, 310, False, 4
750,0, 310, False, 4
751,0, 310, False, 4
752,0, 310, False, 4
753,0, 310, False, 4
754,0, 310, False, 4
755,0, 310, False, 4
756,10, 320, False, 4
757,0, 320, False, 4
758,0, 320, False, 4
759,0, 320, False, 4
760,0, 320, False, 4
761,0, 320, False, 4
762,0, 320, False, 4
763,0, 320, False, 4
764,0, 320, False, 4
765,0, 320, False, 4
766,0, 320, False, 4
767,0, 320, False, 4
768,0, 320, False, 4
769,0, 320, False, 4
770,0, 320, False, 4
771,0, 320, False, 4
772,0, 320, False, 4
773,0, 320, False, 4
774,10, 330, False, 4
775,0, 330, False, 4
776,0, 330, False, 4
777,0, 330, False, 4
778,0, 330, False, 4
779,0, 330, False, 4
780,0, 330, False, 4
781,0, 330, False, 4
782,0, 330, False, 4
783,0, 330, False, 4
784,0, 330, False, 4
785,0, 330, False, 4
786,0, 330, False, 4
787,0, 330, False, 4
788,10, 340, False, 4
789,0, 340, False, 4
790,0, 340, False, 4
791,0, 340, False, 4
792,0, 340, False, 4
793,0, 340, False, 4
794,0, 340, False, 4
795,0, 340, False, 4
796,0, 340, False, 4
797,0, 340, False, 4
798,0, 340, False, 4
799,0, 340, False, 4
800,0, 340, False, 4
801,0, 340, False, 4
802,10, 350, False, 4
803,0, 350, False, 4
804,0, 350, False, 4
805,0, 350, False, 4
806,0, 350, False, 4
807,0, 350, False, 4
808,0, 350, False, 4
809,0, 350, False, 4
810,0, 350, False, 4
811,0, 350, False, 4
812,0, 350, False, 4
813,0, 350, False, 4
814,10, 360, False, 4
815,0, 360, False, 4
816,0, 360, False, 4
817,0, 360, False, 4
818,0, 360, False, 4
819,0, 360, False, 4
820,0, 360, False, 4
821,0, 360, False, 4
822,0, 360, False, 4
823,0, 360, False, 4
824,0, 360, False, 4
825,0, 360, False, 4
826,0, 360, False, 4
827,0, 360, False, 4
828,10, 370, False, 4
829,0, 370, False, 4
830,0, 370, False, 4
831,0, 370, False, 4
832,0, 370, False, 4
833,0, 370, False, 4
834,0, 370, False, 4
835,0, 370, False, 4
836,0, 370, False, 4
837,0, 370, False, 4
838,0, 370, False, 4
839,0, 370, False, 4
840,0, 370, False, 4
841,0, 370, False, 4
842,10, 380, False, 4
843,0, 380, False, 4
844,0, 380, False, 4
845,0, 380, False, 4
846,0, 380, False, 4
847,0, 380, False, 4
848,0, 380, False, 4
849,0, 380, False, 4
850,0, 380, False, 4
851,0, 380, False, 4
852,0, 380, False, 4
853,0, 380, False, 4
854,10, 390, False, 4
855,0, 390, False, 4
856,0, 390, False, 4
857,0, 390, False, 4
858,0, 390, False, 4
859,0, 390, False, 4
860,0, 390, False, 4
861,0, 390, False, 4
862,0, 390, False, 4
863,0, 390, False, 4
864,0, 390, False, 4
865,0, 390, False, 4
866,0, 390, False, 4
867,0, 390, False, 4
868,10, 400, False, 4
869,0, 400, False, 4
870,0, 400, False, 4
871,0, 400, False, 4
872,0, 400, False, 4
873,0, 400, False, 4
874,0, 400, False, 4
875,0, 400, False, 4
876,0, 400, False, 7
877,0, 400, False, 7
878,0, 400, False, 2
879,0, 400, False, 2
880,0, 400, False, 2
881,0, 400, False, 2
882,10, 410, False, 2
883,0, 410, False, 2
884,0, 410, False, 2
885,0, 410, False, 2
886,0, 410, False, 2
887,0, 410, False, 2
888,0, 410, False, 2
889,0, 410, False, 2
890,0, 410, False, 2
891,0, 410, False, 2
892,0, 410, False, 2
893,0, 410, False, 2
894,50, 460, False, 2
895,0, 460, False, 2
896,0, 460, False, 2
897,0, 460, False, 6
898,0, 460, False, 6
899,0, 460, False, 6
900,0, 460, False, 3
901,0, 460, False, 3
902,0, 460, False, 3
903,0, 460, False, 3
904,0, 460, False, 3
905,0, 460, False, 3
906,0, 460, False, 3
907,0, 460, False, 3
908,10, 470, False, 3
909,0, 470, False, 3
910,0, 470, False, 3
911,0, 470, False, 3
912,0, 470, False, 3
913,0, 470, False, 3
914,0, 470, False, 3
915,0, 470, False, 3
916,0, 470, False, 3
917,0, 470, False, 3
918,210, 680, False, 3
919,0, 680, False, 3
920,0, 680, False, 3
921,0, 680, False, 3
922,0, 680, False, 3
923,0, 680, False, 3
924,0, 680, False, 3
925,0, 680, False, 3
926,0, 680, False, 3
927,0, 680, False, 3
928,0, 680, False, 3
929,0, 680, False, 3
930,0, 680, False, 3
931,0, 680, False, 3
932,0, 680, False, 3
933,0, 680, False, 3
934,0, 680, False, 3
935,0, 680, False, 3
936,0, 680, False, 3
937,0, 680, False, 3
938,0, 680, False, 3
939,0, 680, False, 3
940,0, 680, False, 3
941,0, 680, False, 3
942,0, 680, False, 3
943,0, 680, False, 3
944,0, 680, False, 3
945,0, 680, False, 3
946,0, 680, False, 3
947,0, 680, False, 3
948,0, 680, False, 3
949,0, 680, False, 3
950,0, 680, False, 3
951,0, 680, False, 3
952,0, 680, False, 3
953,0, 680, False, 3
954,10, 690, False, 3
955,0, 690, False, 3
956,0, 690, False, 3
957,0, 690, False, 3
958,0, 690, False, 3
959,0, 690, False, 3
960,0, 690, False, 3
961,0, 690, False, 3
962,0, 690, False, 3
963,0, 690, False, 3
964,0, 690, False, 3
965,0, 690, False, 3
966,10, 700, False, 3
967,0, 700, False, 3
968,0, 700, False, 3
969,0, 700, False, 3
970,0, 700, False, 3
971,0, 700, False, 3
972,0, 700, False, 3
973,0, 700, False, 3
974,0, 700, False, 3
975,0, 700, False, 3
976,0, 700, False, 3
977,0, 700, False, 3
978,0, 700, False, 3
979,0, 700, False, 3
980,0, 700, False, 3
981,0, 700, False, 3
982,0, 700, False, 3
983,0, 700, False, 8
984,0, 700, False, 8
985,0, 700, False, 8
986,0, 700, False, 5
987,0, 700, False, 5
988,0, 700, False, 5
989,0, 700, False, 5
990,10, 710, False, 5
991,0, 710, False, 5
992,0, 710, False, 5
993,0, 710, False, 5
994,0, 710, False, 5
995,0, 710, False, 5
996,0, 710, False, 5
997,0, 710, False, 5
998,0, 710, False, 5
999,0, 710, False, 5
1000,0, 710, False, 5
1001,0, 710, False, 5
1002,0, 710, False, 5
1003,0, 710, False, 5
1004,0, 710, False, 5
1005,0, 710, False, 5
1006,0, 710, False, 5
1007,0, 710, False, 5
1008,0, 710, False, 5
1009,0, 710, False, 5
1010,0, 710, False, 5
1011,0, 710, False, 5
1012,0, 710, False, 5
1013,0, 710, False, 5
1014,0, 710, False, 5
1015,0, 710, False, 5
1016,10, 720, False, 5
1017,0, 720, False, 5
1018,0, 720, False, 5
1019,0, 720, False, 5
1020,0, 720, False, 5
1021,0, 720, False, 5
1022,0, 720, False, 5
1023,0, 720, False, 5
1024,0, 720, False, 5
1025,0, 720, False, 5
1026,0, 720, False, 0
1027,0, 720, False, 3
1028,0, 720, False, 3
1029,0, 720, False, 3
1030,10, 730, False, 3
1031,0, 730, False, 3
1032,0, 730, False, 3
1033,0, 730, False, 3
1034,0, 730, False, 3
1035,0, 730, False, 3
1036,0, 730, False, 3
1037,0, 730, False, 3
1038,0, 730, False, 3
1039,0, 730, False, 3
1040,0, 730, False, 3
1041,0, 730, False, 3
1042,0, 730, False, 3
1043,0, 730, False, 3
1044,10, 740, False, 3
1045,0, 740, False, 3
1046,0, 740, False, 3
1047,0, 740, False, 3
1048,0, 740, False, 3
1049,0, 740, False, 3
1050,0, 740, False, 3
1051,0, 740, False, 3
1052,0, 740, False, 3
1053,0, 740, False, 3
1054,0, 740, False, 3
1055,0, 740, False, 3
1056,0, 740, False, 3
1057,0, 740, False, 3
1058,10, 750, False, 3
1059,0, 750, False, 3
1060,0, 750, False, 3
1061,0, 750, False, 3
1062,0, 750, False, 3
1063,0, 750, False, 3
1064,0, 750, False, 3
1065,0, 750, False, 3
1066,0, 750, False, 3
1067,0, 750, False, 3
1068,0, 750, False, 3
1069,0, 750, False, 3
1070,10, 760, False, 3
1071,0, 760, False, 3
1072,0, 760, False, 3
1073,0, 760, False, 3
1074,0, 760, False, 3
1075,0, 760, False, 3
1076,0, 760, False, 3
1077,0, 760, False, 3
1078,0, 760, False, 3
1079,0, 760, False, 3
1080,0, 760, False, 3
1081,0, 760, False, 3
1082,0, 760, False, 3
1083,0, 760, False, 3
1084,10, 770, False, 3
1085,0, 770, False, 3
1086,0, 770, False, 3
1087,0, 770, False, 3
1088,0, 770, False, 5
1089,0, 770, False, 5
1090,0, 770, False, 5
1091,0, 770, False, 5
1092,0, 770, False, 5
1093,0, 770, False, 5
1094,0, 770, False, 5
1095,0, 770, False, 5
1096,0, 770, False, 0
1097,0, 770, False, 0
1098,10, 780, False, 0
1099,0, 780, False, 0
1100,0, 780, False, 0
1101,0, 780, False, 0
1102,0, 780, False, 0
1103,0, 780, False, 5
1104,0, 780, False, 5
1105,0, 780, False, 5
1106,0, 780, False, 5
1107,0, 780, False, 5
1108,0, 780, False, 5
1109,0, 780, False, 5
1110,0, 780, False, 5
1111,0, 780, False, 5
1112,0, 780, False, 5
1113,0, 780, False, 5
1114,0, 780, False, 5
1115,0, 780, False, 5
1116,10, 790, False, 5
1117,0, 790, False, 5
1118,0, 790, False, 5
1119,0, 790, False, 5
1120,0, 790, False, 5
1121,0, 790, False, 5
1122,0, 790, False, 5
1123,0, 790, False, 5
1124,0, 790, False, 5
1125,0, 790, False, 5
1126,0, 790, False, 5
1127,0, 790, False, 5
1128,0, 790, False, 5
1129,0, 790, False, 5
1130,10, 800, False, 5
1131,0, 800, False, 5
1132,0, 800, False, 5
1133,0, 800, False, 5
1134,0, 800, False, 5
1135,0, 800, False, 5
1136,0, 800, False, 5
1137,0, 800, False, 5
1138,0, 800, False, 5
1139,0, 800, False, 5
1140,0, 800, False, 5
1141,0, 800, False, 5
1142,0, 800, False, 5
1143,0, 800, False, 5
1144,0, 800, False, 5
1145,0, 800, False, 5
1146,0, 800, False, 5
1147,0, 800, False, 5
1148,0, 800, False, 5
1149,0, 800, False, 5
1150,0, 800, False, 5
1151,0, 800, False, 5
1152,0, 800, False, 5
1153,0, 800, False, 5
1154,0, 800, False, 5
1155,0, 800, False, 5
1156,0, 800, False, 5
1157,0, 800, False, 5
1158,0, 800, False, 5
1159,0, 800, False, 5
1160,0, 800, False, 5
1161,0, 800, False, 5
1162,0, 800, False, 5
1163,0, 800, False, 5
1164,0, 800, False, 5
1165,0, 800, False, 5
1166,0, 800, False, 5
1167,0, 800, False, 5
1168,0, 800, False, 5
1169,0, 800, False, 5
1170,0, 800, False, 5
1171,0, 800, False, 5
1172,0, 800, False, 5
1173,0, 800, False, 5
1174,0, 800, False, 5
1175,0, 800, False, 5
1176,0, 800, False, 5
1177,0, 800, False, 5
1178,0, 800, False, 5
1179,0, 800, False, 5
1180,0, 800, False, 5
1181,0, 800, False, 5
1182,0, 800, False, 5
1183,0, 800, False, 5
1184,0, 800, False, 5
1185,0, 800, False, 5
1186,0, 800, False, 5
1187,0, 800, False, 5
1188,0, 800, False, 5
1189,0, 800, False, 5
1190,0, 800, False, 5
1191,0, 800, False, 5
1192,0, 800, False, 0
1193,0, 800, False, 0
1194,0, 800, False, 3
1195,0, 800, False, 3
1196,0, 800, False, 3
1197,0, 800, False, 3
1198,0, 800, False, 3
1199,0, 800, False, 3
1200,0, 800, False, 3
1201,0, 800, False, 3
1202,0, 800, False, 3
1203,0, 800, False, 3
1204,0, 800, False, 3
1205,0, 800, False, 3
1206,0, 800, False, 3
1207,0, 800, False, 3
1208,0, 800, False, 0
1209,0, 800, False, 0
1210,0, 800, False, 0
1211,0, 800, False, 0
1212,0, 800, False, 0
1213,0, 800, False, 0
1214,0, 800, False, 0
1215,0, 800, False, 0
1216,0, 800, False, 0
1217,0, 800, False, 0
1218,0, 800, False, 0
1219,0, 800, False, 0
1220,0, 800, False, 0
1221,0, 800, False, 0
1222,0, 800, False, 0
1223,0, 800, False, 0
1224,0, 800, False, 5
1225,0, 800, False, 5
1226,0, 800, False, 5
1227,0, 800, False, 5
1228,0, 800, False, 5
1229,0, 800, False, 5
1230,0, 800, False, 5
1231,0, 800, False, 5
1232,0, 800, False, 5
1233,0, 800, False, 5
1234,0, 800, False, 5
1235,0, 800, False, 5
1236,0, 800, False, 5
1237,0, 800, False, 5
1238,0, 800, False, 5
1239,0, 800, False, 5
1240,0, 800, False, 5
1241,0, 800, False, 5
1242,0, 800, False, 5
1243,0, 800, False, 5
1244,0, 800, False, 5
1245,0, 800, False, 5
1246,0, 800, False, 5
1247,0, 800, False, 5
1248,0, 800, False, 5
1249,0, 800, False, 5
1250,0, 800, False, 5
1251,0, 800, False, 5
1252,0, 800, False, 5
1253,0, 800, False, 5
1254,0, 800, False, 5
1255,0, 800, False, 5
1256,0, 800, False, 5
1257,0, 800, False, 5
1258,0, 800, False, 3
1259,0, 800, False, 3
1260,0, 800, False, 3
1261,0, 800, False, 3
1262,0, 800, False, 3
1263,0, 800, False, 3
1264,0, 800, False, 3
1265,0, 800, False, 3
1266,0, 800, False, 3
1267,0, 800, False, 3
1268,0, 800, False, 3
1269,0, 800, False, 3
1270,0, 800, False, 3
1271,0, 800, False, 3
1272,0, 800, False, 3
1273,0, 800, False, 3
1274,0, 800, False, 3
1275,0, 800, False, 3
1276,0, 800, False, 3
1277,0, 800, False, 3
1278,0, 800, False, 3
1279,0, 800, False, 3
1280,0, 800, False, 3
1281,0, 800, False, 3
1282,0, 800, False, 3
1283,0, 800, False, 3
1284,0, 800, False, 3
1285,0, 800, False, 3
1286,0, 800, False, 3
1287,0, 800, False, 3
1288,0, 800, False, 3
1289,0, 800, False, 3
1290,0, 800, False, 3
1291,0, 800, False, 3
1292,0, 800, False, 3
1293,0, 800, False, 3
1294,0, 800, False, 3
1295,0, 800, False, 3
1296,0, 800, False, 3
1297,0, 800, False, 3
1298,0, 800, False, 3
1299,0, 800, False, 3
1300,0, 800, False, 3
1301,0, 800, False, 3
1302,0, 800, False, 3
1303,0, 800, False, 3
1304,0, 800, False, 3
1305,0, 800, False, 3
1306,0, 800, False, 3
1307,0, 800, False, 3
1308,0, 800, False, 3
1309,0, 800, False, 3
1310,0, 800, False, 3
1311,0, 800, False, 3
1312,0, 800, False, 3
1313,0, 800, False, 3
1314,0, 800, False, 3
1315,0, 800, False, 3
1316,0, 800, False, 3
1317,0, 800, False, 6
1318,0, 800, False, 6
1319,0, 800, False, 6
1320,0, 800, False, 6
1321,0, 800, False, 6
1322,0, 800, False, 2
1323,0, 800, False, 2
1324,0, 800, False, 2
1325,0, 800, False, 2
1326,0, 800, False, 2
1327,0, 800, False, 2
1328,0, 800, False, 2
1329,0, 800, False, 2
1330,0, 800, False, 2
1331,0, 800, False, 2
1332,0, 800, False, 2
1333,0, 800, False, 2
1334,400, 1200, False, 2
1335,0, 1200, False, 2
1336,0, 1200, False, 2
1337,0, 1200, False, 2
1338,0, 1200, False, 2
1339,0, 1200, False, 2
1340,0, 1200, False, 2
1341,0, 1200, False, 2
1342,0, 1200, False, 2
1343,0, 1200, False, 2
1344,0, 1200, False, 2
1345,0, 1200, False, 2
1346,0, 1200, False, 2
1347,0, 1200, False, 2
1348,0, 1200, False, 2
1349,0, 1200, False, 2
1350,0, 1200, False, 2
1351,0, 1200, False, 2
1352,0, 1200, False, 2
1353,0, 1200, False, 2
1354,0, 1200, False, 2
1355,0, 1200, False, 0
1356,0, 1200, False, 0
1357,0, 1200, False, 0
1358,0, 1200, False, 0
1359,0, 1200, False, 0
1360,0, 1200, False, 0
1361,0, 1200, False, 0
1362,0, 1200, False, 0
1363,0, 1200, False, 0
1364,0, 1200, False, 0
1365,0, 1200, False, 0
1366,0, 1200, False, 0
1367,0, 1200, False, 0
1368,0, 1200, False, 0
1369,0, 1200, False, 0
1370,0, 1200, False, 0
1371,0, 1200, False, 0
1372,0, 1200, False, 0
1373,0, 1200, False, 0
1374,0, 1200, False, 0
1375,0, 1200, False, 0
1376,0, 1200, False, 0
1377,0, 1200, False, 0
1378,0, 1200, False, 0
1379,0, 1200, False, 0
1380,0, 1200, False, 0
1381,0, 1200, False, 0
1382,0, 1200, False, 0
1383,0, 1200, False, 0
1384,0, 1200, False, 0
1385,0, 1200, False, 2
1386,0, 1200, False, 2
1387,0, 1200, False, 2
1388,0, 1200, False, 2
1389,0, 1200, False, 2
1390,0, 1200, False, 2
1391,0, 1200, False, 2
1392,0, 1200, False, 2
1393,0, 1200, False, 0
1394,0, 1200, False, 4
1395,0, 1200, False, 4
1396,0, 1200, False, 4
1397,0, 1200, False, 4
1398,0, 1200, False, 4
1399,0, 1200, False, 4
1400,0, 1200, False, 4
1401,0, 1200, False, 4
1402,0, 1200, False, 4
1403,0, 1200, False, 4
1404,0, 1200, False, 2
1405,0, 1200, False, 2
1406,0, 1200, False, 2
1407,0, 1200, False, 2
1408,0, 1200, False, 2
1409,0, 1200, False, 2
1410,0, 1200, False, 2
1411,0, 1200, False, 2
1412,0, 1200, False, 2
1413,0, 1200, False, 2
1414,0, 1200, False, 2
1415,0, 1200, False, 2
1416,0, 1200, False, 2
1417,0, 1200, False, 2
1418,10, 1210, False, 2
1419,0, 1210, False, 2
1420,0, 1210, False, 2
1421,0, 1210, False, 2
1422,0, 1210, False, 2
1423,0, 1210, False, 2
1424,0, 1210, False, 2
1425,0, 1210, False, 2
1426,0, 1210, False, 2
1427,0, 1210, False, 2
1428,0, 1210, False, 2
1429,0, 1210, False, 2
1430,0, 1210, False, 2
1431,0, 1210, False, 2
1432,10, 1220, False, 2
1433,0, 1220, False, 2
1434,0, 1220, False, 2
1435,0, 1220, False, 2
1436,0, 1220, False, 2
1437,0, 1220, False, 2
1438,0, 1220, False, 2
1439,0, 1220, False, 2
1440,0, 1220, False, 2
1441,0, 1220, False, 2
1442,0, 1220, False, 2
1443,0, 1220, False, 2
1444,0, 1220, False, 2
1445,0, 1220, False, 2
1446,10, 1230, False, 2
1447,0, 1230, False, 2
1448,0, 1230, False, 2
1449,0, 1230, False, 2
1450,0, 1230, False, 2
1451,0, 1230, False, 2
1452,0, 1230, False, 2
1453,0, 1230, False, 2
1454,0, 1230, False, 2
1455,0, 1230, False, 2
1456,0, 1230, False, 2
1457,0, 1230, False, 2
1458,0, 1230, False, 2
1459,0, 1230, False, 2
1460,10, 1240, False, 2
1461,0, 1240, False, 2
1462,0, 1240, False, 2
1463,0, 1240, False, 2
1464,0, 1240, False, 2
1465,0, 1240, False, 2
1466,0, 1240, False, 2
1467,0, 1240, False, 2
1468,0, 1240, False, 2
1469,0, 1240, False, 2
1470,0, 1240, False, 2
1471,0, 1240, False, 2
1472,0, 1240, False, 2
1473,0, 1240, False, 2
1474,10, 1250, False, 2
1475,0, 1250, False, 2
1476,0, 1250, False, 2
1477,0, 1250, False, 2
1478,0, 1250, False, 2
1479,0, 1250, False, 2
1480,0, 1250, False, 2
1481,0, 1250, False, 2
1482,0, 1250, False, 2
1483,0, 1250, False, 2
1484,0, 1250, False, 2
1485,0, 1250, False, 2
1486,0, 1250, False, 2
1487,0, 1250, False, 2
1488,10, 1260, False, 2
1489,0, 1260, False, 2
1490,0, 1260, False, 2
1491,0, 1260, False, 2
1492,0, 1260, False, 2
1493,0, 1260, False, 2
1494,0, 1260, False, 2
1495,0, 1260, False, 2
1496,0, 1260, False, 2
1497,0, 1260, False, 2
1498,0, 1260, False, 2
1499,0, 1260, False, 2
1500,0, 1260, False, 2
1501,0, 1260, False, 7
1502,10, 1270, False, 7
1503,0, 1270, False, 7
1504,0, 1270, False, 4
1505,0, 1270, False, 4
1506,0, 1270, False, 4
1507,0, 1270, False, 4
1508,0, 1270, False, 4
1509,0, 1270, False, 4
1510,0, 1270, False, 4
1511,0, 1270, False, 4
1512,0, 1270, False, 4
1513,0, 1270, False, 4
1514,0, 1270, False, 4
1515,0, 1270, False, 4
1516,10, 1280, False, 4
1517,0, 1280, False, 4
1518,0, 1280, False, 4
1519,0, 1280, False, 4
1520,0, 1280, False, 4
1521,0, 1280, False, 4
1522,0, 1280, False, 4
1523,0, 1280, False, 4
1524,0, 1280, False, 4
1525,0, 1280, False, 4
1526,10, 1290, False, 4
1527,0, 1290, False, 4
1528,0, 1290, False, 4
1529,0, 1290, False, 4
1530,0, 1290, False, 4
1531,0, 1290, False, 4
1532,0, 1290, False, 4
1533,0, 1290, False, 4
1534,0, 1290, False, 4
1535,0, 1290, False, 4
1536,0, 1290, False, 4
1537,0, 1290, False, 4
1538,0, 1290, False, 4
1539,0, 1290, False, 5
1540,10, 1300, False, 5
1541,0, 1300, False, 5
1542,0, 1300, False, 5
1543,0, 1300, False, 5
1544,0, 1300, False, 5
1545,0, 1300, False, 5
1546,0, 1300, False, 5
1547,0, 1300, False, 5
1548,0, 1300, False, 5
1549,0, 1300, False, 5
1550,0, 1300, False, 5
1551,0, 1300, False, 5
1552,10, 1310, False, 5
1553,0, 1310, False, 5
1554,0, 1310, False, 5
1555,0, 1310, False, 0
1556,0, 1310, False, 0
1557,0, 1310, False, 0
1558,0, 1310, False, 0
1559,0, 1310, False, 0
1560,0, 1310, False, 0
1561,0, 1310, False, 0
1562,0, 1310, False, 0
1563,0, 1310, False, 2
1564,0, 1310, False, 2
1565,0, 1310, False, 2
1566,0, 1310, False, 2
1567,0, 1310, False, 2
1568,0, 1310, False, 2
1569,0, 1310, False, 2
1570,0, 1310, False, 2
1571,0, 1310, False, 2
1572,0, 1310, False, 2
1573,0, 1310, False, 2
1574,0, 1310, False, 2
1575,0, 1310, False, 2
1576,0, 1310, False, 2
1577,0, 1310, False, 2
1578,0, 1310, False, 2
1579,0, 1310, False, 2
1580,0, 1310, False, 2
1581,0, 1310, False, 2
1582,0, 1310, False, 2
1583,0, 1310, False, 2
1584,0, 1310, False, 2
1585,0, 1310, False, 2
1586,0, 1310, False, 2
1587,0, 1310, False, 2
1588,0, 1310, False, 2
1589,0, 1310, False, 2
1590,0, 1310, False, 2
1591,0, 1310, False, 2
1592,10, 1320, False, 2
1593,0, 1320, False, 2
1594,0, 1320, False, 2
1595,0, 1320, False, 2
1596,0, 1320, False, 2
1597,0, 1320, False, 2
1598,0, 1320, False, 2
1599,0, 1320, False, 2
1600,0, 1320, False, 2
1601,0, 1320, False, 2
1602,0, 1320, False, 2
1603,0, 1320, False, 2
1604,0, 1320, False, 2
1605,0, 1320, False, 2
1606,10, 1330, False, 0
1607,0, 1330, False, 0
1608,0, 1330, False, 0
1609,0, 1330, False, 0
1610,0, 1330, False, 0
1611,0, 1330, False, 0
1612,0, 1330, False, 0
1613,0, 1330, False, 3
1614,0, 1330, False, 3
1615,0, 1330, False, 3
1616,0, 1330, False, 3
1617,0, 1330, False, 3
1618,0, 1330, False, 3
1619,0, 1330, False, 3
1620,0, 1330, False, 3
1621,0, 1330, False, 3
1622,10, 1340, False, 3
1623,0, 1340, False, 3
1624,0, 1340, False, 3
1625,0, 1340, False, 3
1626,0, 1340, False, 3
1627,0, 1340, False, 3
1628,0, 1340, False, 3
1629,0, 1340, False, 3
1630,0, 1340, False, 3
1631,0, 1340, False, 3
1632,0, 1340, False, 3
1633,0, 1340, False, 3
1634,10, 1350, False, 3
1635,0, 1350, False, 3
1636,0, 1350, False, 3
1637,0, 1350, False, 3
1638,0, 1350, False, 3
1639,0, 1350, False, 3
1640,0, 1350, False, 3
1641,0, 1350, False, 3
1642,0, 1350, False, 3
1643,0, 1350, False, 3
1644,0, 1350, False, 3
1645,0, 1350, False, 3
1646,0, 1350, False, 3
1647,0, 1350, False, 3
1648,10, 1360, False, 3
1649,0, 1360, False, 3
1650,0, 1360, False, 3
1651,0, 1360, False, 3
1652,0, 1360, False, 3
1653,0, 1360, False, 3
1654,0, 1360, False, 3
1655,0, 1360, False, 3
1656,0, 1360, False, 3
1657,0, 1360, False, 3
1658,0, 1360, False, 3
1659,0, 1360, False, 3
1660,0, 1360, False, 3
1661,0, 1360, False, 3
1662,0, 1360, False, 3
1663,0, 1360, False, 3
1664,0, 1360, False, 3
1665,0, 1360, False, 3
1666,0, 1360, False, 3
1667,0, 1360, False, 3
1668,0, 1360, False, 3
1669,0, 1360, False, 3
1670,0, 1360, False, 8
1671,0, 1360, False, 8
1672,0, 1360, False, 8
1673,0, 1360, False, 8
1674,0, 1360, False, 8
1675,0, 1360, False, 5
1676,0, 1360, False, 5
1677,0, 1360, False, 5
1678,0, 1360, False, 5
1679,0, 1360, False, 5
1680,50, 1410, False, 5
1681,0, 1410, False, 5
1682,0, 1410, False, 5
1683,0, 1410, False, 5
1684,0, 1410, False, 5
1685,0, 1410, False, 5
1686,0, 1410, False, 5
1687,0, 1410, False, 5
1688,0, 1410, False, 5
1689,0, 1410, False, 5
1690,10, 1420, False, 5
1691,0, 1420, False, 5
1692,0, 1420, False, 5
1693,0, 1420, False, 5
1694,0, 1420, False, 5
1695,0, 1420, False, 5
1696,0, 1420, False, 5
1697,0, 1420, False, 5
1698,0, 1420, False, 5
1699,0, 1420, False, 5
1700,0, 1420, False, 5
1701,0, 1420, False, 5
1702,0, 1420, False, 0
1703,0, 1420, False, 0
1704,0, 1420, False, 0
1705,0, 1420, False, 0
1706,0, 1420, False, 0
1707,0, 1420, False, 0
1708,0, 1420, False, 0
1709,0, 1420, False, 0
1710,0, 1420, False, 0
1711,0, 1420, False, 0
1712,0, 1420, False, 0
1713,0, 1420, False, 0
1714,0, 1420, False, 0
1715,0, 1420, False, 0
1716,0, 1420, False, 0
1717,0, 1420, False, 0
1718,0, 1420, False, 0
1719,0, 1420, False, 0
1720,0, 1420, False, 0
1721,0, 1420, False, 0
1722,0, 1420, False, 0
1723,0, 1420, False, 0
1724,0, 1420, False, 0
1725,0, 1420, False, 0
1726,0, 1420, False, 0
1727,0, 1420, False, 0
1728,0, 1420, False, 0
1729,0, 1420, False, 0
1730,0, 1420, False, 0
1731,0, 1420, False, 0
1732,0, 1420, False, 0
1733,0, 1420, False, 0
1734,0, 1420, False, 0
1735,0, 1420, False, 0
1736,0, 1420, False, 0
1737,0, 1420, False, 0
1738,0, 1420, False, 0
1739,0, 1420, False, 0
1740,0, 1420, False, 0
1741,0, 1420, False, 4
1742,0, 1420, False, 4
1743,0, 1420, False, 4
1744,0, 1420, False, 4
1745,0, 1420, False, 4
1746,0, 1420, False, 4
1747,0, 1420, False, 4
1748,0, 1420, False, 4
1749,0, 1420, False, 4
1750,0, 1420, False, 4
1751,0, 1420, False, 4
1752,0, 1420, False, 4
1753,0, 1420, False, 4
1754,0, 1420, False, 4
1755,0, 1420, False, 4
1756,0, 1420, False, 4
1757,0, 1420, False, 0
1758,0, 1420, False, 0
1759,0, 1420, False, 0
1760,0, 1420, False, 0
1761,0, 1420, False, 0
1762,0, 1420, False, 0
1763,0, 1420, False, 0
1764,0, 1420, False, 0
1765,0, 1420, False, 0
1766,0, 1420, False, 0
1767,0, 1420, False, 0
1768,0, 1420, False, 0
1769,0, 1420, False, 0
1770,0, 1420, False, 0
1771,0, 1420, False, 0
1772,0, 1420, False, 0
1773,0, 1420, False, 0
1774,0, 1420, False, 0
1775,0, 1420, False, 0
1776,0, 1420, False, 0
1777,0, 1420, False, 0
1778,0, 1420, False, 0
1779,0, 1420, False, 0
1780,0, 1420, False, 0
1781,0, 1420, False, 0
1782,10, 1430, False, 0
1783,0, 1430, False, 0
1784,0, 1430, False, 0
1785,0, 1430, False, 0
1786,0, 1430, False, 0
1787,0, 1430, False, 0
1788,0, 1430, False, 0
1789,0, 1430, False, 0
1790,0, 1430, False, 0
1791,0, 1430, False, 2
1792,0, 1430, False, 2
1793,0, 1430, False, 2
1794,10, 1440, False, 2
1795,0, 1440, False, 2
1796,0, 1440, False, 2
1797,0, 1440, False, 2
1798,0, 1440, False, 2
1799,0, 1440, False, 2
1800,0, 1440, False, 2
1801,0, 1440, False, 2
1802,0, 1440, False, 2
1803,0, 1440, False, 2
1804,0, 1440, False, 2
1805,0, 1440, False, 2
1806,0, 1440, False, 2
1807,0, 1440, False, 2
1808,0, 1440, False, 2
1809,0, 1440, False, 2
1810,10, 1450, False, 2
1811,0, 1450, False, 2
1812,0, 1450, False, 2
1813,0, 1450, False, 2
1814,0, 1450, False, 2
1815,0, 1450, False, 2
1816,0, 1450, False, 2
1817,0, 1450, False, 2
1818,0, 1450, False, 2
1819,0, 1450, False, 2
1820,0, 1450, False, 2
1821,0, 1450, False, 2
1822,0, 1450, False, 2
1823,0, 1450, False, 2
1824,10, 1460, False, 2
1825,0, 1460, False, 2
1826,0, 1460, False, 4
1827,0, 1460, False, 4
1828,0, 1460, False, 4
1829,0, 1460, False, 4
1830,0, 1460, False, 4
1831,0, 1460, False, 4
1832,0, 1460, False, 4
1833,0, 1460, False, 4
1834,0, 1460, False, 4
1835,0, 1460, False, 4
1836,0, 1460, False, 4
1837,0, 1460, False, 4
1838,10, 1470, False, 4
1839,0, 1470, False, 4
1840,0, 1470, False, 4
1841,0, 1470, False, 4
1842,0, 1470, False, 4
1843,0, 1470, False, 4
1844,0, 1470, False, 4
1845,0, 1470, False, 4
1846,0, 1470, False, 4
1847,0, 1470, False, 4
1848,0, 1470, False, 4
1849,0, 1470, False, 4
1850,10, 1480, False, 4
1851,0, 1480, False, 4
1852,0, 1480, False, 4
1853,0, 1480, False, 4
1854,0, 1480, False, 4
1855,0, 1480, False, 4
1856,0, 1480, False, 4
1857,0, 1480, False, 4
1858,0, 1480, False, 4
1859,0, 1480, False, 4
1860,0, 1480, False, 4
1861,0, 1480, False, 4
1862,0, 1480, False, 4
1863,0, 1480, False, 4
1864,10, 1490, False, 4
1865,0, 1490, False, 4
1866,0, 1490, False, 4
1867,0, 1490, False, 4
1868,0, 1490, False, 4
1869,0, 1490, False, 4
1870,0, 1490, False, 4
1871,0, 1490, False, 4
1872,0, 1490, False, 4
1873,0, 1490, False, 4
1874,0, 1490, False, 4
1875,0, 1490, False, 4
1876,0, 1490, False, 4
1877,0, 1490, False, 4
1878,0, 1490, False, 4
1879,0, 1490, False, 4
1880,0, 1490, False, 4
1881,0, 1490, False, 4
1882,10, 1500, False, 4
1883,0, 1500, False, 4
1884,0, 1500, False, 4
1885,0, 1500, False, 4
1886,0, 1500, False, 4
1887,0, 1500, False, 4
1888,0, 1500, False, 4
1889,0, 1500, False, 4
1890,0, 1500, False, 4
1891,0, 1500, False, 4
1892,0, 1500, False, 4
1893,0, 1500, False, 4
1894,0, 1500, False, 4
1895,0, 1500, False, 4
1896,10, 1510, False, 4
1897,0, 1510, False, 4
1898,0, 1510, False, 4
1899,0, 1510, False, 4
1900,0, 1510, False, 4
1901,0, 1510, False, 4
1902,0, 1510, False, 4
1903,0, 1510, False, 4
1904,0, 1510, False, 4
1905,0, 1510, False, 4
1906,0, 1510, False, 4
1907,0, 1510, False, 4
1908,0, 1510, False, 4
1909,0, 1510, False, 4
1910,10, 1520, False, 4
1911,0, 1520, False, 4
1912,0, 1520, False, 4
1913,0, 1520, False, 4
1914,0, 1520, False, 4
1915,0, 1520, False, 4
1916,0, 1520, False, 4
1917,0, 1520, False, 4
1918,0, 1520, False, 4
1919,0, 1520, False, 4
1920,0, 1520, False, 5
1921,0, 1520, False, 5
1922,10, 1530, False, 5
1923,0, 1530, False, 5
1924,0, 1530, False, 5
1925,0, 1530, False, 5
1926,0, 1530, False, 5
1927,0, 1530, False, 5
1928,0, 1530, False, 5
1929,0, 1530, False, 5
1930,0, 1530, False, 5
1931,0, 1530, False, 5
1932,0, 1530, False, 5
1933,0, 1530, False, 5
1934,10, 1540, False, 5
1935,0, 1540, False, 5
1936,0, 1540, False, 5
1937,0, 1540, False, 5
1938,0, 1540, False, 5
1939,0, 1540, False, 5
1940,0, 1540, False, 5
1941,0, 1540, False, 5
1942,0, 1540, False, 5
1943,0, 1540, False, 5
1944,0, 1540, False, 5
1945,0, 1540, False, 5
1946,0, 1540, False, 5
1947,0, 1540, False, 5
1948,0, 1540, False, 5
1949,0, 1540, False, 5
1950,0, 1540, False, 5
1951,0, 1540, False, 5
1952,0, 1540, False, 8
1953,0, 1540, False, 3
1954,0, 1540, False, 3
1955,0, 1540, False, 3
1956,0, 1540, False, 3
1957,0, 1540, False, 3
1958,0, 1540, False, 3
1959,0, 1540, False, 3
1960,0, 1540, False, 3
1961,0, 1540, False, 3
1962,0, 1540, False, 3
1963,0, 1540, False, 3
1964,0, 1540, False, 8
1965,0, 1540, False, 8
1966,0, 1540, False, 8
1967,0, 1540, False, 5
1968,0, 1540, False, 5
1969,0, 1540, False, 5
1970,0, 1540, False, 5
1971,0, 1540, False, 5
1972,0, 1540, False, 5
1973,0, 1540, False, 5
1974,0, 1540, False, 5
1975,0, 1540, False, 5
1976,0, 1540, False, 5
1977,0, 1540, False, 5
1978,0, 1540, False, 5
1979,0, 1540, False, 5
1980,0, 1540, False, 5
1981,0, 1540, False, 5
1982,0, 1540, False, 5
1983,0, 1540, False, 5
1984,0, 1540, False, 5
1985,0, 1540, False, 5
1986,0, 1540, False, 5
1987,0, 1540, False, 5
1988,0, 1540, False, 5
1989,0, 1540, False, 5
1990,0, 1540, False, 5
1991,0, 1540, False, 5
1992,0, 1540, False, 5
1993,0, 1540, False, 5
1994,0, 1540, False, 5
1995,0, 1540, False, 5
1996,0, 1540, False, 0
1997,0, 1540, False, 4
1998,0, 1540, False, 4
1999,0, 1540, False, 4
2000,0, 1540, False, 4
2001,0, 1540, False, 4
2002,0, 1540, False, 4
2003,0, 1540, False, 4
2004,0, 1540, False, 4
2005,0, 1540, False, 4
2006,0, 1540, False, 4
2007,0, 1540, False, 4
2008,0, 1540, False, 4
2009,0, 1540, False, 4
2010,0, 1540, False, 4
2011,0, 1540, False, 4
2012,0, 1540, False, 4
2013,0, 1540, False, 4
2014,0, 1540, False, 4
2015,0, 1540, False, 4
2016,0, 1540, False, 4
2017,0, 1540, False, 4
2018,0, 1540, False, 4
2019,0, 1540, False, 4
2020,0, 1540, False, 4
2021,0, 1540, False, 5
2022,0, 1540, False, 5
2023,0, 1540, False, 5
2024,0, 1540, False, 5
2025,0, 1540, False, 5
2026,0, 1540, False, 5
2027,0, 1540, False, 5
2028,0, 1540, False, 5
2029,0, 1540, False, 5
2030,0, 1540, False, 5
2031,0, 1540, False, 5
2032,0, 1540, False, 5
2033,0, 1540, False, 5
2034,0, 1540, False, 5
2035,0, 1540, False, 5
2036,0, 1540, False, 5
2037,0, 1540, False, 5
2038,10, 1550, False, 5
2039,0, 1550, False, 5
2040,0, 1550, False, 5
2041,0, 1550, False, 5
2042,0, 1550, False, 5
2043,0, 1550, False, 5
2044,0, 1550, False, 5
2045,0, 1550, False, 5
2046,0, 1550, False, 5
2047,0, 1550, False, 5
2048,0, 1550, False, 5
2049,0, 1550, False, 5
2050,0, 1550, False, 5
2051,0, 1550, False, 5
2052,0, 1550, False, 5
2053,0, 1550, False, 5
2054,0, 1550, False, 5
2055,0, 1550, False, 5
2056,0, 1550, False, 5
2057,0, 1550, False, 5
2058,0, 1550, False, 5
2059,0, 1550, False, 5
2060,0, 1550, False, 5
2061,0, 1550, False, 5
2062,0, 1550, False, 5
2063,0, 1550, False, 5
2064,10, 1560, False, 5
2065,0, 1560, False, 5
2066,0, 1560, False, 5
2067,0, 1560, False, 5
2068,0, 1560, False, 5
2069,0, 1560, False, 5
2070,0, 1560, False, 5
2071,0, 1560, False, 5
2072,0, 1560, False, 5
2073,0, 1560, False, 5
2074,0, 1560, False, 5
2075,0, 1560, False, 5
2076,0, 1560, False, 5
2077,0, 1560, False, 5
2078,10, 1570, False, 5
2079,0, 1570, False, 5
2080,0, 1570, False, 5
2081,0, 1570, False, 5
2082,0, 1570, False, 5
2083,0, 1570, False, 5
2084,0, 1570, False, 5
2085,0, 1570, False, 5
2086,0, 1570, False, 5
2087,0, 1570, False, 5
2088,0, 1570, False, 5
2089,0, 1570, False, 5
2090,0, 1570, False, 5
2091,0, 1570, False, 0
2092,10, 1580, False, 0
2093,0, 1580, False, 0
2094,0, 1580, False, 0
2095,0, 1580, False, 0
2096,0, 1580, False, 4
2097,0, 1580, False, 4
2098,0, 1580, False, 4
2099,0, 1580, False, 4
2100,0, 1580, False, 4
2101,0, 1580, False, 4
2102,0, 1580, False, 4
2103,0, 1580, False, 4
2104,0, 1580, False, 4
2105,0, 1580, False, 4
2106,10, 1590, False, 4
2107,0, 1590, False, 4
2108,0, 1590, False, 4
2109,0, 1590, False, 4
2110,0, 1590, False, 4
2111,0, 1590, False, 4
2112,0, 1590, False, 4
2113,0, 1590, False, 4
2114,0, 1590, False, 4
2115,0, 1590, False, 4
2116,0, 1590, False, 4
2117,0, 1590, False, 4
2118,0, 1590, False, 4
2119,0, 1590, False, 4
2120,0, 1590, False, 4
2121,0, 1590, False, 4
2122,10, 1600, False, 4
2123,0, 1600, False, 4
2124,0, 1600, False, 4
2125,0, 1600, False, 4
2126,0, 1600, False, 4
2127,0, 1600, False, 4
2128,0, 1600, False, 4
2129,0, 1600, False, 4
2130,0, 1600, False, 4
2131,0, 1600, False, 4
2132,0, 1600, False, 4
2133,0, 1600, False, 4
2134,10, 1610, False, 4
2135,0, 1610, False, 4
2136,0, 1610, False, 4
2137,0, 1610, False, 4
2138,0, 1610, False, 4
2139,0, 1610, False, 4
2140,0, 1610, False, 4
2141,0, 1610, False, 4
2142,0, 1610, False, 4
2143,0, 1610, False, 4
2144,0, 1610, False, 4
2145,0, 1610, False, 4
2146,0, 1610, False, 4
2147,0, 1610, False, 4
2148,10, 1620, False, 9
2149,0, 1620, False, 9
2150,0, 1620, False, 5
2151,0, 1620, False, 5
2152,0, 1620, False, 5
2153,0, 1620, False, 5
2154,0, 1620, False, 5
2155,0, 1620, False, 5
2156,0, 1620, False, 5
2157,0, 1620, False, 5
2158,0, 1620, False, 5
2159,0, 1620, False, 5
2160,10, 1630, False, 5
2161,0, 1630, False, 5
2162,0, 1630, False, 5
2163,0, 1630, False, 5
2164,0, 1630, False, 5
2165,0, 1630, False, 5
2166,0, 1630, False, 5
2167,0, 1630, False, 5
2168,0, 1630, False, 5
2169,0, 1630, False, 5
2170,0, 1630, False, 5
2171,0, 1630, False, 5
2172,0, 1630, False, 5
2173,0, 1630, False, 5
2174,10, 1640, False, 5
2175,0, 1640, False, 5
2176,0, 1640, False, 5
2177,0, 1640, False, 5
2178,0, 1640, False, 5
2179,0, 1640, False, 5
2180,0, 1640, False, 5
2181,0, 1640, False, 5
2182,0, 1640, False, 5
2183,0, 1640, False, 5
2184,0, 1640, False, 5
2185,0, 1640, False, 5
2186,0, 1640, False, 5
2187,0, 1640, False, 5
2188,10, 1650, False, 4
2189,0, 1650, False, 4
2190,0, 1650, False, 4
2191,0, 1650, False, 4
2192,0, 1650, False, 4
2193,0, 1650, False, 4
2194,0, 1650, False, 4
2195,0, 1650, False, 4
2196,0, 1650, False, 4
2197,0, 1650, False, 4
2198,0, 1650, False, 4
2199,0, 1650, False, 4
2200,0, 1650, False, 4
2201,0, 1650, False, 4
2202,10, 1660, False, 4
2203,0, 1660, False, 4
2204,0, 1660, False, 4
2205,0, 1660, False, 4
2206,0, 1660, False, 4
2207,0, 1660, False, 4
2208,0, 1660, False, 4
2209,0, 1660, False, 4
2210,0, 1660, False, 4
2211,0, 1660, False, 4
2212,0, 1660, False, 4
2213,0, 1660, False, 4
2214,0, 1660, False, 4
2215,0, 1660, False, 4
2216,10, 1670, False, 4
2217,0, 1670, False, 4
2218,0, 1670, False, 4
2219,0, 1670, False, 4
2220,0, 1670, False, 4
2221,0, 1670, False, 4
2222,0, 1670, False, 4
2223,0, 1670, False, 4
2224,0, 1670, False, 4
2225,0, 1670, False, 4
2226,0, 1670, False, 4
2227,0, 1670, False, 4
2228,0, 1670, False, 0
2229,0, 1670, False, 0
2230,10, 1680, False, 0
2231,0, 1680, False, 0
2232,0, 1680, False, 0
2233,0, 1680, False, 0
2234,0, 1680, False, 0
2235,0, 1680, False, 0
2236,0, 1680, False, 0
2237,0, 1680, False, 0
2238,0, 1680, False, 0
2239,0, 1680, False, 0
2240,0, 1680, False, 0
2241,0, 1680, False, 3
2242,0, 1680, False, 3
2243,0, 1680, False, 3
2244,0, 1680, False, 3
2245,0, 1680, False, 3
2246,0, 1680, False, 3
2247,0, 1680, False, 3
2248,0, 1680, False, 3
2249,0, 1680, False, 3
2250,0, 1680, False, 3
2251,0, 1680, False, 3
2252,0, 1680, False, 3
2253,0, 1680, False, 3
2254,0, 1680, False, 3
2255,0, 1680, False, 3
2256,0, 1680, False, 3
2257,0, 1680, False, 3
2258,0, 1680, False, 3
2259,0, 1680, False, 3
2260,0, 1680, False, 3
2261,0, 1680, False, 3
2262,0, 1680, False, 3
2263,0, 1680, False, 3
2264,10, 1690, False, 3
2265,0, 1690, False, 3
2266,0, 1690, False, 3
2267,0, 1690, False, 3
2268,0, 1690, False, 3
2269,0, 1690, False, 3
2270,0, 1690, False, 3
2271,0, 1690, False, 3
2272,0, 1690, False, 3
2273,0, 1690, False, 3
2274,0, 1690, False, 3
2275,0, 1690, False, 3
2276,0, 1690, False, 3
2277,0, 1690, False, 3
2278,10, 1700, False, 3
2279,0, 1700, False, 3
2280,0, 1700, False, 3
2281,0, 1700, False, 3
2282,0, 1700, False, 3
2283,0, 1700, False, 3
2284,0, 1700, False, 3
2285,0, 1700, False, 3
2286,0, 1700, False, 3
2287,0, 1700, False, 3
2288,0, 1700, False, 3
2289,0, 1700, False, 3
2290,10, 1710, False, 3
2291,0, 1710, False, 3
2292,0, 1710, False, 3
2293,0, 1710, False, 3
2294,0, 1710, False, 3
2295,0, 1710, False, 3
2296,0, 1710, False, 3
2297,0, 1710, False, 3
2298,0, 1710, False, 3
2299,0, 1710, False, 3
2300,0, 1710, False, 3
2301,0, 1710, False, 3
2302,0, 1710, False, 3
2303,0, 1710, False, 3
2304,10, 1720, False, 3
2305,0, 1720, False, 3
2306,0, 1720, False, 3
2307,0, 1720, False, 3
2308,0, 1720, False, 3
2309,0, 1720, False, 3
2310,0, 1720, False, 3
2311,0, 1720, False, 3
2312,0, 1720, False, 3
2313,0, 1720, False, 3
2314,0, 1720, False, 3
2315,0, 1720, False, 3
2316,0, 1720, False, 3
2317,0, 1720, False, 3
2318,10, 1730, False, 3
2319,0, 1730, False, 3
2320,0, 1730, False, 3
2321,0, 1730, False, 3
2322,0, 1730, False, 3
2323,0, 1730, False, 3
2324,0, 1730, False, 3
2325,0, 1730, False, 3
2326,0, 1730, False, 3
2327,0, 1730, False, 3
2328,0, 1730, False, 3
2329,0, 1730, False, 3
2330,0, 1730, False, 3
2331,0, 1730, False, 3
2332,0, 1730, False, 3
2333,0, 1730, False, 3
2334,0, 1730, False, 3
2335,0, 1730, False, 3
2336,10, 1740, False, 3
2337,0, 1740, False, 3
2338,0, 1740, False, 3
2339,0, 1740, False, 3
2340,0, 1740, False, 3
2341,0, 1740, False, 3
2342,0, 1740, False, 3
2343,0, 1740, False, 3
2344,0, 1740, False, 3
2345,0, 1740, False, 3
2346,0, 1740, False, 3
2347,0, 1740, False, 3
2348,0, 1740, False, 3
2349,0, 1740, False, 3
2350,10, 1750, False, 3
2351,0, 1750, False, 3
2352,0, 1750, False, 3
2353,0, 1750, False, 3
2354,0, 1750, False, 3
2355,0, 1750, False, 3
2356,0, 1750, False, 3
2357,0, 1750, False, 3
2358,0, 1750, False, 3
2359,0, 1750, False, 3
2360,0, 1750, False, 3
2361,0, 1750, False, 3
2362,10, 1760, False, 3
2363,0, 1760, False, 3
2364,0, 1760, False, 3
2365,0, 1760, False, 3
2366,0, 1760, False, 3
2367,0, 1760, False, 3
2368,0, 1760, False, 3
2369,0, 1760, False, 3
2370,0, 1760, False, 3
2371,0, 1760, False, 3
2372,0, 1760, False, 3
2373,0, 1760, False, 3
2374,0, 1760, False, 3
2375,0, 1760, False, 3
2376,10, 1770, False, 3
2377,0, 1770, False, 3
2378,0, 1770, False, 3
2379,0, 1770, False, 3
2380,0, 1770, False, 3
2381,0, 1770, False, 3
2382,0, 1770, False, 3
2383,0, 1770, False, 3
2384,0, 1770, False, 3
2385,0, 1770, False, 3
2386,0, 1770, False, 3
2387,0, 1770, False, 3
2388,0, 1770, False, 3
2389,0, 1770, False, 3
2390,10, 1780, False, 3
2391,0, 1780, False, 3
2392,0, 1780, False, 3
2393,0, 1780, False, 6
2394,0, 1780, False, 6
2395,0, 1780, False, 6
2396,0, 1780, False, 2
2397,0, 1780, False, 2
2398,0, 1780, False, 2
2399,0, 1780, False, 2
2400,0, 1780, False, 2
2401,0, 1780, False, 2
2402,0, 1780, False, 2
2403,0, 1780, False, 2
2404,0, 1780, False, 2
2405,0, 1780, False, 2
2406,0, 1780, False, 2
2407,0, 1780, False, 2
2408,0, 1780, False, 2
2409,0, 1780, False, 2
2410,0, 1780, False, 2
2411,0, 1780, False, 2
2412,0, 1780, False, 2
2413,0, 1780, False, 2
2414,0, 1780, False, 2
2415,0, 1780, False, 2
2416,0, 1780, False, 2
2417,0, 1780, False, 2
2418,0, 1780, False, 2
2419,0, 1780, False, 2
2420,0, 1780, False, 2
2421,0, 1780, False, 2
2422,0, 1780, False, 2
2423,0, 1780, False, 2
2424,0, 1780, False, 2
2425,0, 1780, False, 2
2426,0, 1780, False, 2
2427,0, 1780, False, 2
2428,0, 1780, False, 2
2429,0, 1780, False, 2
2430,0, 1780, False, 2
2431,0, 1780, False, 2
2432,0, 1780, False, 2
2433,0, 1780, False, 2
2434,0, 1780, False, 2
2435,0, 1780, False, 2
2436,0, 1780, False, 2
2437,0, 1780, False, 2
2438,0, 1780, False, 2
2439,0, 1780, False, 2
2440,0, 1780, False, 2
2441,0, 1780, False, 2
2442,0, 1780, False, 2
2443,0, 1780, False, 2
2444,0, 1780, False, 2
2445,0, 1780, False, 2
2446,0, 1780, False, 2
2447,0, 1780, False, 2
2448,0, 1780, False, 2
2449,0, 1780, False, 2
2450,0, 1780, False, 2
2451,0, 1780, False, 2
2452,0, 1780, False, 0
2453,0, 1780, False, 4
2454,0, 1780, False, 4
2455,0, 1780, False, 4
2456,0, 1780, False, 4
2457,0, 1780, False, 4
2458,0, 1780, False, 4
2459,0, 1780, False, 4
2460,0, 1780, False, 4
2461,0, 1780, False, 4
2462,0, 1780, False, 4
2463,0, 1780, False, 4
2464,0, 1780, False, 4
2465,0, 1780, False, 4
2466,0, 1780, False, 4
2467,0, 1780, False, 4
2468,0, 1780, False, 4
2469,0, 1780, False, 4
2470,0, 1780, False, 4
2471,0, 1780, False, 4
2472,0, 1780, False, 4
2473,0, 1780, False, 4
2474,0, 1780, False, 4
2475,0, 1780, False, 4
2476,0, 1780, False, 4
2477,0, 1780, False, 4
2478,0, 1780, False, 4
2479,0, 1780, False, 4
2480,0, 1780, False, 4
2481,0, 1780, False, 4
2482,0, 1780, False, 4
2483,0, 1780, False, 4
2484,0, 1780, False, 4
2485,0, 1780, False, 4
2486,0, 1780, False, 4
2487,0, 1780, False, 4
2488,0, 1780, False, 4
2489,0, 1780, False, 4
2490,0, 1780, False, 4
2491,0, 1780, False, 4
2492,0, 1780, False, 4
2493,0, 1780, False, 4
2494,0, 1780, False, 4
2495,0, 1780, False, 4
2496,0, 1780, False, 4
2497,0, 1780, False, 4
2498,0, 1780, False, 4
2499,0, 1780, False, 4
2500,0, 1780, False, 4
2501,0, 1780, False, 4
2502,0, 1780, False, 4
2503,0, 1780, False, 4
2504,0, 1780, False, 4
2505,0, 1780, False, 4
2506,0, 1780, False, 4
2507,0, 1780, False, 4
2508,0, 1780, False, 4
2509,0, 1780, False, 4
2510,0, 1780, False, 4
2511,0, 1780, False, 4
2512,0, 1780, False, 4
2513,0, 1780, False, 4
2514,0, 1780, False, 4
2515,0, 1780, False, 4
2516,0, 1780, False, 4
2517,0, 1780, False, 4
2518,0, 1780, False, 4
2519,0, 1780, False, 4
2520,0, 1780, False, 4
2521,0, 1780, False, 4
2522,0, 1780, False, 4
2523,0, 1780, False, 4
2524,0, 1780, False, 4
2525,0, 1780, False, 4
2526,0, 1780, False, 4
2527,0, 1780, False, 4
2528,0, 1780, False, 4
2529,0, 1780, False, 4
2530,0, 1780, False, 4
2531,0, 1780, False, 4
2532,0, 1780, False, 4
2533,0, 1780, False, 4
2534,0, 1780, False, 4
2535,0, 1780, False, 4
2536,0, 1780, False, 4
2537,0, 1780, False, 4
2538,0, 1780, False, 4
2539,0, 1780, False, 4
2540,0, 1780, False, 4
2541,0, 1780, False, 4
2542,0, 1780, False, 4
2543,0, 1780, False, 4
2544,10, 1790, False, 4
2545,0, 1790, False, 4
2546,0, 1790, False, 4
2547,0, 1790, False, 4
2548,0, 1790, False, 4
2549,0, 1790, False, 4
2550,0, 1790, False, 4
2551,0, 1790, False, 4
2552,0, 1790, False, 4
2553,0, 1790, False, 4
2554,0, 1790, False, 4
2555,0, 1790, False, 4
2556,0, 1790, False, 4
2557,0, 1790, False, 4
2558,0, 1790, False, 4
2559,0, 1790, False, 4
2560,0, 1790, False, 4
2561,0, 1790, False, 4
2562,0, 1790, False, 4
2563,0, 1790, False, 4
2564,0, 1790, False, 4
2565,0, 1790, False, 4
2566,0, 1790, False, 4
2567,0, 1790, False, 4
2568,0, 1790, False, 4
2569,0, 1790, False, 4
2570,0, 1790, False, 4
2571,0, 1790, False, 4
2572,0, 1790, False, 4
2573,0, 1790, False, 4
2574,0, 1790, False, 4
2575,0, 1790, False, 4
2576,0, 1790, False, 4
2577,0, 1790, False, 4
2578,0, 1790, False, 4
2579,0, 1790, False, 4
2580,0, 1790, False, 4
2581,0, 1790, False, 4
2582,0, 1790, False, 4
2583,0, 1790, False, 4
2584,0, 1790, False, 0
2585,0, 1790, False, 0
2586,0, 1790, False, 0
2587,0, 1790, False, 0
2588,0, 1790, False, 0
2589,0, 1790, False, 0
2590,0, 1790, False, 0
2591,0, 1790, False, 0
2592,0, 1790, False, 0
2593,0, 1790, False, 0
2594,0, 1790, False, 0
2595,0, 1790, False, 0
2596,0, 1790, False, 0
2597,0, 1790, False, 0
2598,0, 1790, False, 0
2599,0, 1790, False, 0
2600,0, 1790, False, 0
2601,0, 1790, False, 0
2602,0, 1790, False, 0
2603,0, 1790, False, 0
2604,0, 1790, False, 0
2605,0, 1790, False, 0
2606,0, 1790, False, 0
2607,0, 1790, False, 0
2608,0, 1790, False, 0
2609,0, 1790, False, 0
2610,0, 1790, False, 0
2611,0, 1790, False, 0
2612,0, 1790, False, 0
2613,0, 1790, False, 0
2614,0, 1790, False, 0
2615,0, 1790, False, 0
2616,0, 1790, False, 0
2617,0, 1790, False, 0
2618,0, 1790, False, 0
2619,0, 1790, False, 0
2620,0, 1790, False, 0
2621,0, 1790, False, 0
2622,0, 1790, False, 0
2623,0, 1790, False, 0
2624,0, 1790, False, 0
2625,0, 1790, False, 0
2626,0, 1790, False, 0
2627,0, 1790, False, 0
2628,0, 1790, False, 0
2629,0, 1790, False, 0
2630,0, 1790, False, 0
2631,0, 1790, False, 0
2632,0, 1790, False, 0
2633,0, 1790, False, 0
2634,0, 1790, False, 0
2635,0, 1790, False, 0
2636,0, 1790, False, 0
2637,0, 1790, False, 0
2638,0, 1790, False, 0
2639,0, 1790, False, 0
2640,0, 1790, False, 0
2641,0, 1790, False, 0
2642,0, 1790, False, 0
2643,0, 1790, False, 0
2644,0, 1790, False, 0
2645,0, 1790, False, 0
2646,0, 1790, False, 0
2647,0, 1790, False, 0
2648,0, 1790, False, 0
2649,0, 1790, False, 0
2650,0, 1790, False, 0
2651,0, 1790, False, 0
2652,0, 1790, False, 0
2653,0, 1790, False, 0
2654,0, 1790, False, 0
2655,0, 1790, False, 0
2656,0, 1790, False, 0
2657,0, 1790, False, 0
2658,0, 1790, False, 0
2659,0, 1790, False, 0
2660,0, 1790, False, 0
2661,0, 1790, False, 0
2662,0, 1790, False, 0
2663,0, 1790, False, 0
2664,0, 1790, False, 0
2665,0, 1790, False, 0
2666,0, 1790, False, 0
2667,0, 1790, False, 0
2668,0, 1790, False, 0
2669,0, 1790, False, 0
2670,0, 1790, False, 0
2671,0, 1790, False, 0
2672,0, 1790, False, 0
2673,0, 1790, False, 0
2674,0, 1790, False, 0
2675,0, 1790, False, 0
2676,0, 1790, False, 0
2677,0, 1790, False, 0
2678,0, 1790, False, 0
2679,0, 1790, False, 0
2680,0, 1790, False, 0
2681,0, 1790, False, 0
2682,0, 1790, False, 0
2683,0, 1790, False, 0
2684,0, 1790, False, 0
2685,0, 1790, False, 0
2686,0, 1790, False, 0
2687,0, 1790, False, 0
2688,0, 1790, False, 0
2689,0, 1790, False, 0
2690,0, 1790, False, 0
2691,0, 1790, False, 0
2692,0, 1790, False, 0
2693,0, 1790, False, 0
2694,0, 1790, False, 0
2695,0, 1790, False, 0
2696,0, 1790, False, 0
2697,0, 1790, False, 0
2698,0, 1790, False, 0
2699,0, 1790, False, 0
2700,0, 1790, False, 0
2701,0, 1790, False, 0
2702,0, 1790, False, 0
2703,0, 1790, False, 0
2704,0, 1790, False, 0
2705,0, 1790, False, 0
2706,0, 1790, False, 0
2707,0, 1790, False, 0
2708,0, 1790, False, 0
2709,0, 1790, False, 0
2710,0, 1790, False, 0
2711,0, 1790, False, 0
2712,0, 1790, False, 0
2713,0, 1790, False, 0
2714,0, 1790, False, 0
2715,0, 1790, False, 0
2716,0, 1790, False, 0
2717,0, 1790, False, 0
2718,0, 1790, False, 0
2719,0, 1790, False, 0
2720,0, 1790, False, 0
2721,0, 1790, False, 0
2722,0, 1790, False, 0
2723,0, 1790, False, 0
2724,0, 1790, False, 0
2725,0, 1790, False, 0
2726,0, 1790, False, 0
2727,0, 1790, False, 0
2728,0, 1790, False, 0
2729,0, 1790, False, 0
2730,0, 1790, False, 0
2731,0, 1790, False, 0
2732,0, 1790, False, 0
2733,0, 1790, False, 0
2734,0, 1790, False, 0
2735,0, 1790, False, 0
2736,0, 1790, False, 0
2737,0, 1790, False, 0
2738,0, 1790, False, 0
2739,0, 1790, False, 0
2740,0, 1790, False, 0
2741,0, 1790, False, 0
2742,0, 1790, False, 0
2743,0, 1790, False, 0
2744,0, 1790, False, 0
2745,0, 1790, False, 0
2746,0, 1790, False, 0
2747,0, 1790, False, 0
2748,0, 1790, False, 0
2749,0, 1790, False, 0
2750,0, 1790, False, 0
2751,0, 1790, False, 0
2752,0, 1790, False, 0
2753,0, 1790, False, 0
2754,0, 1790, False, 0
2755,0, 1790, False, 0
2756,0, 1790, False, 0
2757,0, 1790, False, 0
2758,0, 1790, False, 0
2759,0, 1790, False, 0
2760,0, 1790, False, 0
2761,0, 1790, False, 0
2762,0, 1790, False, 0
2763,0, 1790, False, 0
2764,0, 1790, False, 0
2765,0, 1790, False, 0
2766,0, 1790, False, 0
2767,0, 1790, False, 0
2768,0, 1790, False, 0
2769,0, 1790, False, 0
2770,0, 1790, False, 0
2771,0, 1790, False, 0
2772,0, 1790, False, 0
2773,0, 1790, False, 0
2774,0, 1790, False, 0
2775,0, 1790, False, 0
2776,0, 1790, False, 0
2777,0, 1790, False, 0
2778,0, 1790, False, 0
2779,0, 1790, False, 0
2780,0, 1790, False, 0
2781,0, 1790, False, 0
2782,0, 1790, False, 0
2783,0, 1790, False, 0
2784,0, 1790, False, 0
2785,0, 1790, False, 0
2786,0, 1790, False, 0
2787,0, 1790, False, 0
2788,0, 1790, False, 0
2789,0, 1790, False, 0
2790,0, 1790, False, 0
2791,0, 1790, False, 0
2792,0, 1790, False, 0
2793,0, 1790, False, 0
2794,0, 1790, False, 0
2795,0, 1790, False, 0
2796,0, 1790, False, 0
2797,0, 1790, False, 0
2798,0, 1790, False, 0
2799,0, 1790, False, 0
2800,0, 1790, False, 0
2801,0, 1790, False, 0
2802,0, 1790, False, 0
2803,0, 1790, False, 0
2804,0, 1790, False, 0
2805,0, 1790, False, 0
2806,0, 1790, False, 0
2807,0, 1790, False, 0
2808,0, 1790, False, 0
2809,0, 1790, False, 0
2810,0, 1790, False, 0
2811,0, 1790, False, 0
2812,0, 1790, False, 0
2813,0, 1790, False, 0
2814,0, 1790, False, 0
2815,0, 1790, False, 0
2816,0, 1790, False, 0
2817,0, 1790, False, 0
2818,0, 1790, False, 0
2819,0, 1790, False, 0
2820,0, 1790, False, 0
2821,0, 1790, False, 0
2822,0, 1790, False, 0
2823,0, 1790, False, 0
2824,0, 1790, False, 0
2825,0, 1790, False, 0
2826,0, 1790, False, 0
2827,0, 1790, False, 0
2828,0, 1790, False, 0
2829,0, 1790, False, 0
2830,0, 1790, False, 0
2831,0, 1790, False, 0
2832,0, 1790, False, 0
2833,0, 1790, False, 0
2834,0, 1790, False, 0
2835,0, 1790, False, 0
2836,0, 1790, False, 0
2837,0, 1790, False, 0
2838,0, 1790, False, 0
2839,0, 1790, False, 0
2840,0, 1790, False, 0
2841,0, 1790, False, 0
2842,0, 1790, False, 0
2843,0, 1790, False, 0
2844,0, 1790, False, 0
2845,0, 1790, False, 0
2846,0, 1790, False, 0
2847,0, 1790, False, 0
2848,0, 1790, False, 0
2849,0, 1790, False, 0
2850,0, 1790, False, 0
2851,0, 1790, False, 0
2852,0, 1790, False, 0
2853,0, 1790, False, 0
2854,0, 1790, False, 0
2855,0, 1790, False, 0
2856,0, 1790, False, 0
2857,0, 1790, False, 0
2858,0, 1790, False, 0
2859,0, 1790, False, 0
2860,0, 1790, False, 0
2861,0, 1790, False, 0
2862,0, 1790, False, 0
2863,0, 1790, False, 0
2864,0, 1790, False, 0
2865,0, 1790, False, 0
2866,0, 1790, False, 0
2867,0, 1790, False, 0
2868,0, 1790, False, 0
2869,0, 1790, False, 0
2870,0, 1790, False, 0
2871,0, 1790, False, 0
2872,0, 1790, False, 0
2873,0, 1790, False, 0
2874,0, 1790, False, 0
2875,0, 1790, False, 0
2876,0, 1790, False, 0
2877,0, 1790, False, 0
2878,0, 1790, False, 0
2879,0, 1790, False, 0
2880,0, 1790, False, 0
2881,0, 1790, False, 0
2882,0, 1790, False, 0
2883,0, 1790, False, 0
2884,0, 1790, False, 0
2885,0, 1790, False, 0
2886,0, 1790, False, 0
2887,0, 1790, False, 0
2888,0, 1790, False, 0
2889,0, 1790, False, 0
2890,0, 1790, False, 0
2891,0, 1790, False, 0
2892,0, 1790, False, 0
2893,0, 1790, False, 0
2894,0, 1790, False, 0
2895,0, 1790, False, 0
2896,0, 1790, False, 0
2897,0, 1790, False, 0
2898,0, 1790, False, 0
2899,0, 1790, False, 0
2900,0, 1790, False, 0
2901,0, 1790, False, 0
2902,0, 1790, False, 0
2903,0, 1790, False, 0
2904,0, 1790, False, 0
2905,0, 1790, False, 0
2906,0, 1790, False, 0
2907,0, 1790, False, 0
2908,0, 1790, False, 0
2909,0, 1790, False, 0
2910,0, 1790, False, 0
2911,0, 1790, False, 0
2912,0, 1790, False, 0
2913,0, 1790, False, 0
2914,0, 1790, False, 0
2915,0, 1790, False, 0
2916,0, 1790, False, 0
2917,0, 1790, False, 0
2918,0, 1790, False, 0
2919,0, 1790, False, 0
2920,0, 1790, False, 0
2921,0, 1790, False, 0
2922,0, 1790, False, 0
2923,0, 1790, False, 0
2924,0, 1790, False, 0
2925,0, 1790, False, 0
2926,0, 1790, False, 0
2927,0, 1790, False, 0
2928,0, 1790, False, 0
2929,0, 1790, False, 0
2930,0, 1790, False, 0
2931,0, 1790, False, 0
2932,0, 1790, False, 0
2933,0, 1790, False, 0
2934,0, 1790, False, 0
2935,0, 1790, False, 0
2936,0, 1790, False, 0
2937,0, 1790, False, 0
2938,0, 1790, False, 0
2939,0, 1790, False, 0
2940,0, 1790, False, 0
2941,0, 1790, False, 0
2942,0, 1790, False, 0
2943,0, 1790, False, 0
2944,0, 1790, False, 0
2945,0, 1790, False, 0
2946,0, 1790, False, 0
2947,0, 1790, False, 0
2948,0, 1790, False, 0
2949,0, 1790, False, 0
2950,0, 1790, False, 0
2951,0, 1790, False, 0
2952,0, 1790, False, 0
2953,0, 1790, False, 0
2954,0, 1790, False, 0
2955,0, 1790, False, 0
2956,0, 1790, False, 0
2957,0, 1790, False, 0
2958,0, 1790, False, 0
2959,0, 1790, False, 0
2960,0, 1790, False, 0
2961,0, 1790, False, 0
2962,0, 1790, False, 0
2963,0, 1790, False, 0
2964,0, 1790, False, 0
2965,0, 1790, False, 0
2966,0, 1790, False, 0
2967,0, 1790, False, 0
2968,0, 1790, False, 0
2969,0, 1790, False, 0
2970,0, 1790, False, 0
2971,0, 1790, False, 0
2972,0, 1790, False, 0
2973,0, 1790, False, 0
2974,0, 1790, False, 0
2975,0, 1790, False, 0
2976,0, 1790, False, 0
2977,0, 1790, False, 0
2978,0, 1790, False, 0
2979,0, 1790, False, 0
2980,0, 1790, False, 0
2981,0, 1790, False, 0
2982,0, 1790, False, 0
2983,0, 1790, False, 0
2984,0, 1790, False, 0
2985,0, 1790, False, 0
2986,0, 1790, False, 0
2987,0, 1790, False, 0
2988,0, 1790, False, 0
2989,0, 1790, False, 0
2990,0, 1790, False, 0
2991,0, 1790, False, 0
2992,0, 1790, False, 0
2993,0, 1790, False, 0
2994,0, 1790, False, 0
2995,0, 1790, False, 0
2996,0, 1790, False, 0
2997,0, 1790, False, 0
2998,0, 1790, False, 0
2999,0, 1790, False, 0
3000,0, 1790, False, 0
3001,0, 1790, False, 0
3002,0, 1790, False, 0
3003,0, 1790, False, 0
3004,0, 1790, False, 0
3005,0, 1790, False, 0
3006,0, 1790, False, 0
3007,0, 1790, False, 0
3008,0, 1790, False, 0
3009,0, 1790, False, 0
3010,0, 1790, False, 0
3011,0, 1790, False, 0
3012,0, 1790, False, 0
3013,0, 1790, False, 0
3014,0, 1790, False, 0
3015,0, 1790, False, 0
3016,0, 1790, False, 0
3017,0, 1790, False, 0
3018,0, 1790, False, 0
3019,0, 1790, False, 0
3020,0, 1790, False, 0
3021,0, 1790, False, 0
3022,0, 1790, False, 0
3023,0, 1790, False, 0
3024,0, 1790, False, 0
3025,0, 1790, False, 0
3026,0, 1790, False, 0
3027,0, 1790, False, 0
3028,0, 1790, False, 0
3029,0, 1790, False, 0
3030,0, 1790, False, 0
3031,0, 1790, False, 0
3032,0, 1790, False, 0
3033,0, 1790, False, 0
3034,0, 1790, False, 0
3035,0, 1790, False, 0
3036,0, 1790, False, 0
3037,0, 1790, False, 0
3038,0, 1790, False, 0
3039,0, 1790, False, 0
3040,0, 1790, False, 0
3041,0, 1790, False, 0
3042,0, 1790, False, 0
3043,0, 1790, False, 0
3044,0, 1790, False, 0
3045,0, 1790, False, 0
3046,0, 1790, False, 0
3047,0, 1790, False, 0
3048,0, 1790, False, 0
3049,0, 1790, False, 0
3050,0, 1790, False, 0
3051,0, 1790, False, 0
3052,0, 1790, False, 0
3053,0, 1790, False, 0
3054,0, 1790, False, 0
3055,0, 1790, False, 0
3056,0, 1790, False, 0
3057,0, 1790, False, 0
3058,0, 1790, False, 0
3059,0, 1790, False, 0
3060,0, 1790, False, 0
3061,0, 1790, False, 0
3062,0, 1790, False, 0
3063,0, 1790, False, 0
3064,0, 1790, False, 0
3065,0, 1790, False, 0
3066,0, 1790, False, 0
3067,0, 1790, False, 0
3068,0, 1790, False, 0
3069,0, 1790, False, 0
3070,0, 1790, False, 0
3071,0, 1790, False, 0
3072,0, 1790, False, 0
3073,0, 1790, False, 0
3074,0, 1790, False, 0
3075,0, 1790, False, 0
3076,0, 1790, False, 0
3077,0, 1790, False, 0
3078,0, 1790, False, 0
3079,0, 1790, False, 0
3080,0, 1790, False, 0
3081,0, 1790, False, 0
3082,0, 1790, False, 0
3083,0, 1790, False, 0
3084,0, 1790, False, 0
3085,0, 1790, False, 0
3086,0, 1790, False, 0
3087,0, 1790, False, 0
3088,0, 1790, False, 0
3089,0, 1790, False, 0
3090,0, 1790, False, 0
3091,0, 1790, False, 0
3092,0, 1790, False, 0
3093,0, 1790, False, 0
3094,0, 1790, False, 0
3095,0, 1790, False, 0
3096,0, 1790, False, 0
3097,0, 1790, False, 0
3098,0, 1790, False, 0
3099,0, 1790, False, 0
3100,0, 1790, False, 0
3101,0, 1790, False, 0
3102,0, 1790, False, 0
3103,0, 1790, False, 0
3104,0, 1790, False, 0
3105,0, 1790, False, 0
3106,0, 1790, False, 0
3107,0, 1790, False, 0
3108,0, 1790, False, 0
3109,0, 1790, False, 0
3110,0, 1790, False, 0
3111,0, 1790, False, 0
3112,0, 1790, False, 0
3113,0, 1790, False, 0
3114,0, 1790, False, 0
3115,0, 1790, False, 0
3116,0, 1790, False, 0
3117,0, 1790, False, 0
3118,0, 1790, False, 0
3119,0, 1790, False, 0
3120,0, 1790, False, 0
3121,0, 1790, False, 0
3122,0, 1790, False, 0
3123,0, 1790, False, 0
3124,0, 1790, False, 0
3125,0, 1790, False, 0
3126,0, 1790, False, 0
3127,0, 1790, False, 0
3128,0, 1790, False, 0
3129,0, 1790, False, 0
3130,0, 1790, False, 0
3131,0, 1790, False, 0
3132,0, 1790, False, 0
3133,0, 1790, False, 0
3134,0, 1790, False, 0
3135,0, 1790, False, 0
3136,0, 1790, False, 0
3137,0, 1790, False, 0
3138,0, 1790, False, 0
3139,0, 1790, False, 0
3140,0, 1790, False, 0
3141,0, 1790, False, 0
3142,0, 1790, False, 0
3143,0, 1790, False, 0
3144,0, 1790, False, 0
3145,0, 1790, False, 0
3146,0, 1790, False, 0
3147,0, 1790, False, 0
3148,0, 1790, False, 0
3149,0, 1790, False, 0
3150,0, 1790, False, 0
3151,0, 1790, False, 0
3152,0, 1790, False, 0
3153,0, 1790, False, 0
3154,0, 1790, False, 0
3155,0, 1790, False, 0
3156,0, 1790, False, 0
3157,0, 1790, False, 0
