db traj id : 952
frame,reward,score,terminal, action
0,0, 0, False, 0
1,0, 0, False, 0
2,0, 0, False, 0
3,0, 0, False, 0
4,0, 0, False, 0
5,0, 0, False, 0
6,0, 0, False, 0
7,0, 0, False, 0
8,0, 0, False, 0
9,0, 0, False, 0
10,0, 0, False, 0
11,0, 0, False, 0
12,0, 0, False, 0
13,0, 0, False, 0
14,0, 0, False, 0
15,0, 0, False, 0
16,0, 0, False, 0
17,0, 0, False, 0
18,0, 0, False, 0
19,0, 0, False, 0
20,0, 0, False, 0
21,0, 0, False, 0
22,0, 0, False, 0
23,0, 0, False, 0
24,0, 0, False, 0
25,0, 0, False, 0
26,0, 0, False, 0
27,0, 0, False, 0
28,0, 0, False, 0
29,0, 0, False, 0
30,0, 0, False, 0
31,0, 0, False, 0
32,0, 0, False, 0
33,0, 0, False, 0
34,0, 0, False, 0
35,0, 0, False, 0
36,0, 0, False, 0
37,0, 0, False, 0
38,0, 0, False, 0
39,0, 0, False, 0
40,0, 0, False, 0
41,0, 0, False, 0
42,0, 0, False, 0
43,0, 0, False, 0
44,0, 0, False, 0
45,0, 0, False, 0
46,0, 0, False, 0
47,0, 0, False, 0
48,0, 0, False, 0
49,0, 0, False, 0
50,0, 0, False, 0
51,0, 0, False, 0
52,0, 0, False, 0
53,0, 0, False, 0
54,0, 0, False, 0
55,0, 0, False, 0
56,0, 0, False, 0
57,0, 0, False, 0
58,0, 0, False, 0
59,0, 0, False, 0
60,0, 0, False, 0
61,0, 0, False, 0
62,0, 0, False, 0
63,0, 0, False, 0
64,0, 0, False, 0
65,0, 0, False, 0
66,0, 0, False, 0
67,0, 0, False, 0
68,0, 0, False, 0
69,0, 0, False, 0
70,0, 0, False, 0
71,0, 0, False, 0
72,0, 0, False, 0
73,0, 0, False, 0
74,0, 0, False, 0
75,0, 0, False, 0
76,0, 0, False, 0
77,0, 0, False, 0
78,0, 0, False, 0
79,0, 0, False, 0
80,0, 0, False, 0
81,0, 0, False, 0
82,0, 0, False, 0
83,0, 0, False, 0
84,0, 0, False, 0
85,0, 0, False, 0
86,0, 0, False, 0
87,0, 0, False, 0
88,0, 0, False, 0
89,0, 0, False, 0
90,0, 0, False, 0
91,0, 0, False, 0
92,0, 0, False, 0
93,0, 0, False, 0
94,0, 0, False, 0
95,0, 0, False, 0
96,0, 0, False, 0
97,0, 0, False, 0
98,0, 0, False, 0
99,0, 0, False, 0
100,0, 0, False, 0
101,0, 0, False, 0
102,0, 0, False, 0
103,0, 0, False, 0
104,0, 0, False, 0
105,0, 0, False, 0
106,0, 0, False, 0
107,0, 0, False, 0
108,0, 0, False, 0
109,0, 0, False, 0
110,0, 0, False, 0
111,0, 0, False, 0
112,0, 0, False, 0
113,0, 0, False, 0
114,0, 0, False, 0
115,0, 0, False, 0
116,0, 0, False, 0
117,0, 0, False, 0
118,0, 0, False, 0
119,0, 0, False, 0
120,0, 0, False, 0
121,0, 0, False, 0
122,0, 0, False, 0
123,0, 0, False, 0
124,0, 0, False, 0
125,0, 0, False, 0
126,0, 0, False, 0
127,0, 0, False, 0
128,0, 0, False, 0
129,0, 0, False, 0
130,0, 0, False, 0
131,0, 0, False, 4
132,0, 0, False, 4
133,0, 0, False, 4
134,0, 0, False, 4
135,0, 0, False, 4
136,0, 0, False, 4
137,0, 0, False, 4
138,0, 0, False, 4
139,0, 0, False, 4
140,0, 0, False, 4
141,0, 0, False, 4
142,0, 0, False, 4
143,0, 0, False, 4
144,0, 0, False, 4
145,0, 0, False, 4
146,0, 0, False, 4
147,0, 0, False, 4
148,0, 0, False, 4
149,0, 0, False, 4
150,0, 0, False, 4
151,0, 0, False, 4
152,0, 0, False, 4
153,0, 0, False, 4
154,0, 0, False, 4
155,0, 0, False, 4
156,0, 0, False, 4
157,0, 0, False, 4
158,0, 0, False, 4
159,0, 0, False, 0
160,0, 0, False, 0
161,0, 0, False, 0
162,0, 0, False, 0
163,0, 0, False, 0
164,0, 0, False, 0
165,0, 0, False, 0
166,0, 0, False, 0
167,0, 0, False, 0
168,0, 0, False, 0
169,0, 0, False, 0
170,0, 0, False, 0
171,0, 0, False, 0
172,0, 0, False, 0
173,0, 0, False, 0
174,0, 0, False, 0
175,0, 0, False, 0
176,0, 0, False, 0
177,0, 0, False, 0
178,0, 0, False, 0
179,0, 0, False, 0
180,0, 0, False, 0
181,0, 0, False, 0
182,0, 0, False, 0
183,0, 0, False, 0
184,0, 0, False, 0
185,0, 0, False, 0
186,0, 0, False, 0
187,0, 0, False, 0
188,0, 0, False, 0
189,0, 0, False, 0
190,0, 0, False, 0
191,0, 0, False, 0
192,0, 0, False, 0
193,0, 0, False, 0
194,0, 0, False, 0
195,0, 0, False, 0
196,0, 0, False, 0
197,0, 0, False, 0
198,0, 0, False, 0
199,0, 0, False, 0
200,0, 0, False, 0
201,0, 0, False, 0
202,0, 0, False, 0
203,0, 0, False, 0
204,0, 0, False, 0
205,0, 0, False, 0
206,0, 0, False, 0
207,0, 0, False, 0
208,0, 0, False, 0
209,0, 0, False, 0
210,0, 0, False, 0
211,0, 0, False, 0
212,0, 0, False, 0
213,0, 0, False, 0
214,0, 0, False, 0
215,0, 0, False, 0
216,0, 0, False, 0
217,0, 0, False, 0
218,0, 0, False, 0
219,0, 0, False, 0
220,0, 0, False, 0
221,0, 0, False, 0
222,0, 0, False, 0
223,0, 0, False, 0
224,0, 0, False, 0
225,0, 0, False, 0
226,0, 0, False, 0
227,0, 0, False, 0
228,0, 0, False, 0
229,0, 0, False, 0
230,0, 0, False, 0
231,0, 0, False, 0
232,0, 0, False, 0
233,0, 0, False, 0
234,0, 0, False, 0
235,0, 0, False, 0
236,0, 0, False, 0
237,0, 0, False, 0
238,0, 0, False, 0
239,0, 0, False, 0
240,0, 0, False, 0
241,0, 0, False, 0
242,0, 0, False, 0
243,0, 0, False, 0
244,0, 0, False, 0
245,0, 0, False, 0
246,0, 0, False, 0
247,0, 0, False, 4
248,0, 0, False, 4
249,0, 0, False, 4
250,0, 0, False, 4
251,0, 0, False, 4
252,0, 0, False, 4
253,0, 0, False, 4
254,0, 0, False, 4
255,0, 0, False, 4
256,0, 0, False, 4
257,0, 0, False, 4
258,0, 0, False, 0
259,0, 0, False, 0
260,0, 0, False, 0
261,0, 0, False, 0
262,0, 0, False, 0
263,0, 0, False, 0
264,0, 0, False, 0
265,0, 0, False, 0
266,0, 0, False, 0
267,0, 0, False, 0
268,0, 0, False, 0
269,0, 0, False, 0
270,0, 0, False, 0
271,0, 0, False, 0
272,0, 0, False, 0
273,0, 0, False, 0
274,0, 0, False, 0
275,0, 0, False, 0
276,0, 0, False, 0
277,0, 0, False, 0
278,0, 0, False, 0
279,0, 0, False, 0
280,0, 0, False, 0
281,0, 0, False, 0
282,0, 0, False, 0
283,0, 0, False, 0
284,10, 10, False, 0
285,0, 10, False, 0
286,0, 10, False, 0
287,0, 10, False, 0
288,0, 10, False, 0
289,0, 10, False, 0
290,0, 10, False, 0
291,0, 10, False, 0
292,0, 10, False, 0
293,0, 10, False, 0
294,0, 10, False, 0
295,0, 10, False, 0
296,0, 10, False, 0
297,0, 10, False, 0
298,10, 20, False, 0
299,0, 20, False, 0
300,0, 20, False, 0
301,0, 20, False, 0
302,0, 20, False, 0
303,0, 20, False, 0
304,0, 20, False, 0
305,0, 20, False, 0
306,0, 20, False, 0
307,0, 20, False, 0
308,0, 20, False, 0
309,0, 20, False, 0
310,0, 20, False, 0
311,0, 20, False, 4
312,10, 30, False, 4
313,0, 30, False, 4
314,0, 30, False, 4
315,0, 30, False, 4
316,0, 30, False, 4
317,0, 30, False, 4
318,0, 30, False, 4
319,0, 30, False, 4
320,0, 30, False, 4
321,0, 30, False, 4
322,0, 30, False, 4
323,0, 30, False, 4
324,10, 40, False, 4
325,0, 40, False, 4
326,0, 40, False, 4
327,0, 40, False, 4
328,0, 40, False, 4
329,0, 40, False, 4
330,0, 40, False, 4
331,0, 40, False, 4
332,0, 40, False, 4
333,0, 40, False, 4
334,0, 40, False, 4
335,0, 40, False, 0
336,0, 40, False, 0
337,0, 40, False, 0
338,10, 50, False, 0
339,0, 50, False, 0
340,0, 50, False, 0
341,0, 50, False, 0
342,0, 50, False, 0
343,0, 50, False, 0
344,0, 50, False, 0
345,0, 50, False, 0
346,0, 50, False, 0
347,0, 50, False, 0
348,0, 50, False, 0
349,0, 50, False, 0
350,0, 50, False, 5
351,0, 50, False, 5
352,10, 60, False, 5
353,0, 60, False, 5
354,0, 60, False, 5
355,0, 60, False, 5
356,0, 60, False, 5
357,0, 60, False, 5
358,0, 60, False, 5
359,0, 60, False, 5
360,0, 60, False, 5
361,0, 60, False, 0
362,10, 70, False, 0
363,0, 70, False, 0
364,0, 70, False, 0
365,0, 70, False, 0
366,0, 70, False, 0
367,0, 70, False, 0
368,0, 70, False, 0
369,0, 70, False, 0
370,0, 70, False, 0
371,0, 70, False, 0
372,0, 70, False, 0
373,0, 70, False, 0
374,0, 70, False, 0
375,0, 70, False, 0
376,10, 80, False, 0
377,0, 80, False, 0
378,0, 80, False, 0
379,0, 80, False, 0
380,0, 80, False, 0
381,0, 80, False, 0
382,0, 80, False, 0
383,0, 80, False, 0
384,0, 80, False, 0
385,0, 80, False, 0
386,0, 80, False, 0
387,0, 80, False, 0
388,0, 80, False, 0
389,0, 80, False, 0
390,10, 90, False, 0
391,0, 90, False, 0
392,0, 90, False, 0
393,0, 90, False, 0
394,0, 90, False, 0
395,0, 90, False, 0
396,0, 90, False, 0
397,0, 90, False, 0
398,0, 90, False, 0
399,0, 90, False, 0
400,0, 90, False, 0
401,0, 90, False, 0
402,0, 90, False, 0
403,0, 90, False, 0
404,10, 100, False, 0
405,0, 100, False, 0
406,0, 100, False, 0
407,0, 100, False, 0
408,0, 100, False, 0
409,0, 100, False, 0
410,0, 100, False, 0
411,0, 100, False, 0
412,0, 100, False, 0
413,0, 100, False, 0
414,0, 100, False, 0
415,0, 100, False, 0
416,0, 100, False, 4
417,0, 100, False, 4
418,10, 110, False, 4
419,0, 110, False, 4
420,0, 110, False, 4
421,0, 110, False, 4
422,0, 110, False, 4
423,0, 110, False, 4
424,0, 110, False, 4
425,0, 110, False, 4
426,0, 110, False, 4
427,0, 110, False, 4
428,0, 110, False, 4
429,0, 110, False, 0
430,0, 110, False, 0
431,0, 110, False, 0
432,0, 110, False, 0
433,0, 110, False, 0
434,10, 120, False, 0
435,0, 120, False, 0
436,0, 120, False, 0
437,0, 120, False, 0
438,0, 120, False, 0
439,0, 120, False, 0
440,0, 120, False, 0
441,0, 120, False, 0
442,0, 120, False, 0
443,0, 120, False, 0
444,0, 120, False, 0
445,0, 120, False, 0
446,0, 120, False, 0
447,0, 120, False, 0
448,10, 130, False, 0
449,0, 130, False, 0
450,0, 130, False, 0
451,0, 130, False, 0
452,0, 130, False, 0
453,0, 130, False, 0
454,0, 130, False, 0
455,0, 130, False, 0
456,0, 130, False, 0
457,0, 130, False, 0
458,0, 130, False, 0
459,0, 130, False, 0
460,10, 140, False, 2
461,0, 140, False, 2
462,0, 140, False, 2
463,0, 140, False, 2
464,0, 140, False, 2
465,0, 140, False, 2
466,0, 140, False, 2
467,0, 140, False, 2
468,0, 140, False, 2
469,0, 140, False, 2
470,0, 140, False, 2
471,0, 140, False, 2
472,0, 140, False, 2
473,0, 140, False, 2
474,0, 140, False, 0
475,0, 140, False, 0
476,0, 140, False, 0
477,0, 140, False, 0
478,0, 140, False, 0
479,0, 140, False, 0
480,0, 140, False, 0
481,0, 140, False, 0
482,50, 190, False, 0
483,0, 190, False, 0
484,200, 390, False, 0
485,0, 390, False, 0
486,0, 390, False, 0
487,0, 390, False, 0
488,0, 390, False, 0
489,0, 390, False, 0
490,0, 390, False, 0
491,0, 390, False, 0
492,0, 390, False, 0
493,0, 390, False, 0
494,0, 390, False, 0
495,0, 390, False, 0
496,0, 390, False, 0
497,0, 390, False, 0
498,0, 390, False, 0
499,0, 390, False, 0
500,0, 390, False, 0
501,0, 390, False, 0
502,0, 390, False, 0
503,0, 390, False, 0
504,0, 390, False, 0
505,0, 390, False, 0
506,10, 400, False, 0
507,0, 400, False, 0
508,0, 400, False, 0
509,0, 400, False, 0
510,0, 400, False, 0
511,0, 400, False, 0
512,0, 400, False, 0
513,0, 400, False, 0
514,0, 400, False, 0
515,0, 400, False, 0
516,0, 400, False, 0
517,0, 400, False, 0
518,0, 400, False, 0
519,0, 400, False, 0
520,10, 410, False, 0
521,0, 410, False, 0
522,0, 410, False, 0
523,0, 410, False, 0
524,0, 410, False, 0
525,0, 410, False, 0
526,0, 410, False, 0
527,0, 410, False, 0
528,0, 410, False, 0
529,0, 410, False, 0
530,0, 410, False, 0
531,0, 410, False, 0
532,0, 410, False, 0
533,0, 410, False, 0
534,0, 410, False, 0
535,0, 410, False, 0
536,0, 410, False, 0
537,0, 410, False, 0
538,0, 410, False, 0
539,0, 410, False, 0
540,0, 410, False, 0
541,0, 410, False, 0
542,0, 410, False, 0
543,0, 410, False, 3
544,0, 410, False, 3
545,0, 410, False, 3
546,0, 410, False, 3
547,0, 410, False, 3
548,0, 410, False, 3
549,0, 410, False, 3
550,10, 420, False, 3
551,0, 420, False, 3
552,0, 420, False, 3
553,0, 420, False, 0
554,0, 420, False, 0
555,0, 420, False, 2
556,0, 420, False, 2
557,0, 420, False, 2
558,0, 420, False, 2
559,0, 420, False, 2
560,0, 420, False, 2
561,0, 420, False, 2
562,0, 420, False, 2
563,0, 420, False, 2
564,0, 420, False, 2
565,0, 420, False, 2
566,0, 420, False, 2
567,0, 420, False, 2
568,10, 430, False, 2
569,0, 430, False, 2
570,0, 430, False, 2
571,0, 430, False, 2
572,0, 430, False, 2
573,0, 430, False, 2
574,0, 430, False, 0
575,0, 430, False, 0
576,0, 430, False, 0
577,0, 430, False, 0
578,0, 430, False, 0
579,0, 430, False, 0
580,0, 430, False, 0
581,0, 430, False, 0
582,10, 440, False, 0
583,0, 440, False, 0
584,0, 440, False, 0
585,0, 440, False, 0
586,0, 440, False, 0
587,0, 440, False, 0
588,0, 440, False, 0
589,0, 440, False, 0
590,0, 440, False, 0
591,0, 440, False, 0
592,0, 440, False, 0
593,0, 440, False, 0
594,0, 440, False, 0
595,0, 440, False, 0
596,10, 450, False, 0
597,0, 450, False, 0
598,0, 450, False, 0
599,0, 450, False, 0
600,0, 450, False, 0
601,0, 450, False, 0
602,0, 450, False, 0
603,0, 450, False, 0
604,0, 450, False, 0
605,0, 450, False, 0
606,0, 450, False, 0
607,0, 450, False, 0
608,0, 450, False, 0
609,0, 450, False, 0
610,10, 460, False, 0
611,0, 460, False, 0
612,0, 460, False, 0
613,0, 460, False, 0
614,0, 460, False, 0
615,0, 460, False, 0
616,0, 460, False, 0
617,0, 460, False, 0
618,0, 460, False, 0
619,0, 460, False, 0
620,0, 460, False, 0
621,0, 460, False, 0
622,0, 460, False, 0
623,0, 460, False, 0
624,10, 470, False, 0
625,0, 470, False, 0
626,0, 470, False, 0
627,0, 470, False, 0
628,0, 470, False, 0
629,0, 470, False, 0
630,0, 470, False, 0
631,0, 470, False, 0
632,0, 470, False, 0
633,0, 470, False, 0
634,0, 470, False, 0
635,0, 470, False, 0
636,0, 470, False, 0
637,0, 470, False, 0
638,10, 480, False, 0
639,0, 480, False, 0
640,0, 480, False, 0
641,0, 480, False, 0
642,0, 480, False, 0
643,0, 480, False, 0
644,0, 480, False, 0
645,0, 480, False, 0
646,0, 480, False, 0
647,0, 480, False, 0
648,0, 480, False, 0
649,0, 480, False, 0
650,0, 480, False, 0
651,0, 480, False, 0
652,10, 490, False, 0
653,0, 490, False, 4
654,0, 490, False, 4
655,0, 490, False, 4
656,0, 490, False, 4
657,0, 490, False, 4
658,0, 490, False, 4
659,0, 490, False, 4
660,0, 490, False, 4
661,0, 490, False, 4
662,0, 490, False, 4
663,0, 490, False, 4
664,0, 490, False, 4
665,0, 490, False, 4
666,10, 500, False, 4
667,0, 500, False, 4
668,0, 500, False, 4
669,0, 500, False, 4
670,0, 500, False, 0
671,0, 500, False, 0
672,0, 500, False, 2
673,0, 500, False, 2
674,0, 500, False, 2
675,0, 500, False, 2
676,10, 510, False, 2
677,0, 510, False, 2
678,0, 510, False, 2
679,0, 510, False, 2
680,400, 910, False, 2
681,0, 910, False, 2
682,0, 910, False, 2
683,0, 910, False, 2
684,0, 910, False, 2
685,0, 910, False, 2
686,0, 910, False, 2
687,0, 910, False, 2
688,0, 910, False, 2
689,0, 910, False, 2
690,0, 910, False, 2
691,0, 910, False, 2
692,0, 910, False, 2
693,0, 910, False, 2
694,0, 910, False, 2
695,0, 910, False, 2
696,0, 910, False, 2
697,0, 910, False, 2
698,0, 910, False, 2
699,0, 910, False, 0
700,0, 910, False, 0
701,0, 910, False, 0
702,0, 910, False, 0
703,0, 910, False, 0
704,0, 910, False, 0
705,0, 910, False, 0
706,0, 910, False, 0
707,0, 910, False, 0
708,0, 910, False, 0
709,0, 910, False, 0
710,0, 910, False, 0
711,0, 910, False, 0
712,50, 960, False, 0
713,0, 960, False, 0
714,0, 960, False, 0
715,0, 960, False, 0
716,0, 960, False, 0
717,0, 960, False, 0
718,0, 960, False, 0
719,0, 960, False, 0
720,0, 960, False, 0
721,0, 960, False, 0
722,0, 960, False, 0
723,0, 960, False, 0
724,0, 960, False, 0
725,0, 960, False, 0
726,10, 970, False, 0
727,0, 970, False, 0
728,0, 970, False, 0
729,0, 970, False, 0
730,0, 970, False, 0
731,0, 970, False, 0
732,0, 970, False, 0
733,0, 970, False, 0
734,0, 970, False, 3
735,0, 970, False, 3
736,0, 970, False, 3
737,0, 970, False, 3
738,0, 970, False, 3
739,0, 970, False, 3
740,0, 970, False, 3
741,0, 970, False, 3
742,10, 980, False, 3
743,0, 980, False, 3
744,0, 980, False, 3
745,0, 980, False, 3
746,0, 980, False, 3
747,0, 980, False, 3
748,0, 980, False, 3
749,0, 980, False, 3
750,0, 980, False, 3
751,0, 980, False, 3
752,0, 980, False, 3
753,0, 980, False, 0
754,0, 980, False, 0
755,0, 980, False, 0
756,10, 990, False, 0
757,0, 990, False, 0
758,0, 990, False, 0
759,0, 990, False, 0
760,0, 990, False, 0
761,0, 990, False, 0
762,0, 990, False, 0
763,0, 990, False, 0
764,0, 990, False, 0
765,0, 990, False, 0
766,0, 990, False, 0
767,0, 990, False, 0
768,10, 1000, False, 0
769,0, 1000, False, 0
770,0, 1000, False, 0
771,0, 1000, False, 5
772,0, 1000, False, 5
773,0, 1000, False, 5
774,0, 1000, False, 5
775,0, 1000, False, 5
776,0, 1000, False, 5
777,0, 1000, False, 5
778,0, 1000, False, 5
779,0, 1000, False, 5
780,0, 1000, False, 5
781,0, 1000, False, 5
782,10, 1010, False, 5
783,0, 1010, False, 5
784,0, 1010, False, 0
785,0, 1010, False, 0
786,0, 1010, False, 4
787,0, 1010, False, 4
788,0, 1010, False, 4
789,0, 1010, False, 4
790,0, 1010, False, 4
791,0, 1010, False, 4
792,0, 1010, False, 4
793,0, 1010, False, 4
794,0, 1010, False, 4
795,0, 1010, False, 4
796,10, 1020, False, 4
797,0, 1020, False, 4
798,0, 1020, False, 4
799,0, 1020, False, 4
800,0, 1020, False, 4
801,0, 1020, False, 4
802,0, 1020, False, 4
803,0, 1020, False, 4
804,0, 1020, False, 4
805,0, 1020, False, 4
806,0, 1020, False, 4
807,0, 1020, False, 4
808,0, 1020, False, 0
809,0, 1020, False, 0
810,0, 1020, False, 0
811,0, 1020, False, 0
812,10, 1030, False, 0
813,0, 1030, False, 0
814,0, 1030, False, 0
815,0, 1030, False, 0
816,0, 1030, False, 0
817,0, 1030, False, 5
818,0, 1030, False, 5
819,0, 1030, False, 5
820,0, 1030, False, 5
821,0, 1030, False, 5
822,0, 1030, False, 5
823,0, 1030, False, 5
824,0, 1030, False, 5
825,0, 1030, False, 5
826,0, 1030, False, 5
827,0, 1030, False, 5
828,0, 1030, False, 5
829,0, 1030, False, 5
830,0, 1030, False, 5
831,0, 1030, False, 0
832,0, 1030, False, 0
833,0, 1030, False, 4
834,0, 1030, False, 4
835,0, 1030, False, 4
836,0, 1030, False, 4
837,0, 1030, False, 4
838,0, 1030, False, 4
839,0, 1030, False, 4
840,0, 1030, False, 4
841,0, 1030, False, 4
842,0, 1030, False, 4
843,0, 1030, False, 4
844,0, 1030, False, 4
845,0, 1030, False, 4
846,0, 1030, False, 4
847,0, 1030, False, 4
848,0, 1030, False, 4
849,0, 1030, False, 4
850,0, 1030, False, 4
851,0, 1030, False, 0
852,0, 1030, False, 4
853,0, 1030, False, 0
854,0, 1030, False, 0
855,0, 1030, False, 0
856,0, 1030, False, 0
857,0, 1030, False, 0
858,0, 1030, False, 0
859,0, 1030, False, 0
860,0, 1030, False, 4
861,0, 1030, False, 4
862,0, 1030, False, 4
863,0, 1030, False, 4
864,0, 1030, False, 4
865,0, 1030, False, 4
866,0, 1030, False, 4
867,0, 1030, False, 4
868,0, 1030, False, 4
869,0, 1030, False, 4
870,0, 1030, False, 4
871,0, 1030, False, 4
872,0, 1030, False, 4
873,0, 1030, False, 4
874,0, 1030, False, 0
875,0, 1030, False, 0
876,0, 1030, False, 0
877,0, 1030, False, 0
878,0, 1030, False, 0
879,0, 1030, False, 0
880,0, 1030, False, 0
881,0, 1030, False, 0
882,0, 1030, False, 0
883,0, 1030, False, 0
884,0, 1030, False, 0
885,0, 1030, False, 0
886,0, 1030, False, 0
887,0, 1030, False, 0
888,0, 1030, False, 0
889,0, 1030, False, 0
890,0, 1030, False, 0
891,0, 1030, False, 4
892,0, 1030, False, 4
893,0, 1030, False, 4
894,0, 1030, False, 4
895,0, 1030, False, 4
896,0, 1030, False, 4
897,0, 1030, False, 4
898,0, 1030, False, 4
899,0, 1030, False, 4
900,0, 1030, False, 4
901,0, 1030, False, 4
902,0, 1030, False, 4
903,0, 1030, False, 4
904,0, 1030, False, 4
905,0, 1030, False, 4
906,0, 1030, False, 4
907,0, 1030, False, 4
908,10, 1040, False, 4
909,0, 1040, False, 4
910,0, 1040, False, 4
911,0, 1040, False, 4
912,0, 1040, False, 4
913,0, 1040, False, 4
914,0, 1040, False, 4
915,0, 1040, False, 4
916,0, 1040, False, 4
917,0, 1040, False, 4
918,0, 1040, False, 4
919,0, 1040, False, 4
920,0, 1040, False, 4
921,0, 1040, False, 0
922,0, 1040, False, 0
923,0, 1040, False, 0
924,0, 1040, False, 0
925,0, 1040, False, 0
926,0, 1040, False, 0
927,0, 1040, False, 0
928,0, 1040, False, 0
929,0, 1040, False, 0
930,0, 1040, False, 0
931,0, 1040, False, 0
932,0, 1040, False, 0
933,0, 1040, False, 0
934,0, 1040, False, 0
935,0, 1040, False, 0
936,10, 1050, False, 0
937,0, 1050, False, 0
938,0, 1050, False, 0
939,0, 1050, False, 0
940,0, 1050, False, 0
941,0, 1050, False, 0
942,0, 1050, False, 0
943,0, 1050, False, 0
944,0, 1050, False, 0
945,0, 1050, False, 0
946,0, 1050, False, 0
947,0, 1050, False, 0
948,0, 1050, False, 0
949,0, 1050, False, 0
950,10, 1060, False, 0
951,0, 1060, False, 0
952,0, 1060, False, 0
953,0, 1060, False, 0
954,0, 1060, False, 0
955,0, 1060, False, 0
956,0, 1060, False, 0
957,0, 1060, False, 0
958,0, 1060, False, 0
959,0, 1060, False, 0
960,0, 1060, False, 0
961,0, 1060, False, 0
962,0, 1060, False, 0
963,0, 1060, False, 2
964,0, 1060, False, 2
965,0, 1060, False, 2
966,0, 1060, False, 2
967,0, 1060, False, 2
968,0, 1060, False, 2
969,0, 1060, False, 2
970,0, 1060, False, 2
971,0, 1060, False, 2
972,0, 1060, False, 2
973,0, 1060, False, 2
974,10, 1070, False, 2
975,0, 1070, False, 2
976,0, 1070, False, 2
977,0, 1070, False, 2
978,0, 1070, False, 2
979,0, 1070, False, 0
980,0, 1070, False, 0
981,0, 1070, False, 0
982,0, 1070, False, 0
983,0, 1070, False, 0
984,0, 1070, False, 0
985,0, 1070, False, 0
986,0, 1070, False, 0
987,0, 1070, False, 0
988,10, 1080, False, 5
989,0, 1080, False, 5
990,0, 1080, False, 5
991,0, 1080, False, 5
992,0, 1080, False, 5
993,0, 1080, False, 5
994,0, 1080, False, 5
995,0, 1080, False, 5
996,0, 1080, False, 5
997,0, 1080, False, 5
998,0, 1080, False, 5
999,0, 1080, False, 5
1000,0, 1080, False, 5
1001,0, 1080, False, 5
1002,0, 1080, False, 5
1003,0, 1080, False, 5
1004,0, 1080, False, 5
1005,0, 1080, False, 5
1006,0, 1080, False, 5
1007,0, 1080, False, 5
1008,0, 1080, False, 5
1009,0, 1080, False, 5
1010,0, 1080, False, 5
1011,0, 1080, False, 5
1012,0, 1080, False, 5
1013,0, 1080, False, 5
1014,0, 1080, False, 5
1015,0, 1080, False, 0
1016,0, 1080, False, 0
1017,0, 1080, False, 0
1018,0, 1080, False, 0
1019,0, 1080, False, 0
1020,0, 1080, False, 0
1021,0, 1080, False, 0
1022,10, 1090, False, 0
1023,0, 1090, False, 0
1024,0, 1090, False, 0
1025,0, 1090, False, 0
1026,0, 1090, False, 0
1027,0, 1090, False, 3
1028,0, 1090, False, 3
1029,0, 1090, False, 3
1030,0, 1090, False, 3
1031,0, 1090, False, 3
1032,0, 1090, False, 3
1033,0, 1090, False, 3
1034,0, 1090, False, 3
1035,0, 1090, False, 3
1036,10, 1100, False, 3
1037,0, 1100, False, 3
1038,0, 1100, False, 3
1039,0, 1100, False, 3
1040,0, 1100, False, 3
1041,0, 1100, False, 0
1042,0, 1100, False, 0
1043,0, 1100, False, 0
1044,0, 1100, False, 0
1045,0, 1100, False, 0
1046,0, 1100, False, 0
1047,0, 1100, False, 0
1048,0, 1100, False, 0
1049,0, 1100, False, 0
1050,0, 1100, False, 0
1051,0, 1100, False, 0
1052,0, 1100, False, 0
1053,0, 1100, False, 0
1054,0, 1100, False, 0
1055,0, 1100, False, 0
1056,0, 1100, False, 0
1057,0, 1100, False, 0
1058,0, 1100, False, 0
1059,0, 1100, False, 0
1060,0, 1100, False, 0
1061,0, 1100, False, 0
1062,0, 1100, False, 0
1063,0, 1100, False, 0
1064,0, 1100, False, 0
1065,0, 1100, False, 0
1066,0, 1100, False, 0
1067,0, 1100, False, 0
1068,0, 1100, False, 0
1069,0, 1100, False, 0
1070,0, 1100, False, 3
1071,0, 1100, False, 3
1072,0, 1100, False, 3
1073,0, 1100, False, 3
1074,0, 1100, False, 3
1075,0, 1100, False, 3
1076,0, 1100, False, 3
1077,0, 1100, False, 3
1078,10, 1110, False, 3
1079,0, 1110, False, 3
1080,0, 1110, False, 3
1081,0, 1110, False, 3
1082,0, 1110, False, 3
1083,0, 1110, False, 3
1084,0, 1110, False, 3
1085,0, 1110, False, 3
1086,0, 1110, False, 0
1087,0, 1110, False, 0
1088,0, 1110, False, 0
1089,0, 1110, False, 0
1090,0, 1110, False, 0
1091,0, 1110, False, 0
1092,0, 1110, False, 0
1093,0, 1110, False, 5
1094,0, 1110, False, 5
1095,0, 1110, False, 5
1096,0, 1110, False, 5
1097,0, 1110, False, 5
1098,0, 1110, False, 5
1099,0, 1110, False, 5
1100,10, 1120, False, 5
1101,0, 1120, False, 5
1102,0, 1120, False, 5
1103,0, 1120, False, 5
1104,0, 1120, False, 5
1105,0, 1120, False, 5
1106,0, 1120, False, 5
1107,0, 1120, False, 5
1108,0, 1120, False, 5
1109,0, 1120, False, 5
1110,0, 1120, False, 5
1111,0, 1120, False, 5
1112,0, 1120, False, 5
1113,0, 1120, False, 5
1114,50, 1170, False, 5
1115,0, 1170, False, 5
1116,0, 1170, False, 5
1117,0, 1170, False, 5
1118,0, 1170, False, 0
1119,0, 1170, False, 0
1120,0, 1170, False, 4
1121,0, 1170, False, 4
1122,0, 1170, False, 4
1123,0, 1170, False, 4
1124,0, 1170, False, 4
1125,0, 1170, False, 4
1126,10, 1180, False, 4
1127,0, 1180, False, 4
1128,0, 1180, False, 4
1129,0, 1180, False, 4
1130,0, 1180, False, 4
1131,0, 1180, False, 4
1132,0, 1180, False, 4
1133,0, 1180, False, 4
1134,0, 1180, False, 4
1135,0, 1180, False, 4
1136,0, 1180, False, 4
1137,0, 1180, False, 4
1138,0, 1180, False, 4
1139,0, 1180, False, 4
1140,0, 1180, False, 4
1141,0, 1180, False, 4
1142,10, 1190, False, 4
1143,0, 1190, False, 4
1144,0, 1190, False, 4
1145,0, 1190, False, 4
1146,0, 1190, False, 4
1147,0, 1190, False, 4
1148,0, 1190, False, 4
1149,0, 1190, False, 4
1150,0, 1190, False, 4
1151,0, 1190, False, 4
1152,0, 1190, False, 4
1153,0, 1190, False, 4
1154,0, 1190, False, 4
1155,0, 1190, False, 4
1156,10, 1200, False, 4
1157,0, 1200, False, 0
1158,0, 1200, False, 2
1159,0, 1200, False, 2
1160,0, 1200, False, 2
1161,0, 1200, False, 2
1162,0, 1200, False, 2
1163,0, 1200, False, 2
1164,0, 1200, False, 2
1165,0, 1200, False, 2
1166,0, 1200, False, 2
1167,0, 1200, False, 2
1168,10, 1210, False, 2
1169,0, 1210, False, 2
1170,0, 1210, False, 2
1171,0, 1210, False, 2
1172,0, 1210, False, 2
1173,0, 1210, False, 2
1174,0, 1210, False, 2
1175,0, 1210, False, 2
1176,0, 1210, False, 2
1177,0, 1210, False, 2
1178,0, 1210, False, 2
1179,0, 1210, False, 2
1180,0, 1210, False, 2
1181,0, 1210, False, 2
1182,0, 1210, False, 2
1183,0, 1210, False, 2
1184,10, 1220, False, 2
1185,0, 1220, False, 2
1186,0, 1220, False, 2
1187,0, 1220, False, 2
1188,0, 1220, False, 2
1189,0, 1220, False, 2
1190,0, 1220, False, 2
1191,0, 1220, False, 2
1192,0, 1220, False, 2
1193,0, 1220, False, 2
1194,0, 1220, False, 3
1195,0, 1220, False, 3
1196,0, 1220, False, 3
1197,0, 1220, False, 3
1198,10, 1230, False, 3
1199,0, 1230, False, 3
1200,0, 1230, False, 3
1201,0, 1230, False, 3
1202,0, 1230, False, 3
1203,0, 1230, False, 3
1204,0, 1230, False, 3
1205,0, 1230, False, 3
1206,0, 1230, False, 3
1207,0, 1230, False, 3
1208,0, 1230, False, 3
1209,0, 1230, False, 3
1210,0, 1230, False, 3
1211,0, 1230, False, 3
1212,10, 1240, False, 3
1213,0, 1240, False, 3
1214,0, 1240, False, 3
1215,0, 1240, False, 3
1216,0, 1240, False, 3
1217,0, 1240, False, 3
1218,0, 1240, False, 3
1219,0, 1240, False, 3
1220,0, 1240, False, 3
1221,0, 1240, False, 3
1222,0, 1240, False, 3
1223,0, 1240, False, 3
1224,10, 1250, False, 3
1225,0, 1250, False, 3
1226,0, 1250, False, 3
1227,0, 1250, False, 3
1228,0, 1250, False, 3
1229,0, 1250, False, 3
1230,0, 1250, False, 3
1231,0, 1250, False, 3
1232,0, 1250, False, 3
1233,0, 1250, False, 3
1234,0, 1250, False, 0
1235,0, 1250, False, 0
1236,0, 1250, False, 0
1237,0, 1250, False, 0
1238,0, 1250, False, 4
1239,0, 1250, False, 4
1240,0, 1250, False, 4
1241,0, 1250, False, 4
1242,0, 1250, False, 4
1243,0, 1250, False, 4
1244,0, 1250, False, 4
1245,0, 1250, False, 4
1246,0, 1250, False, 4
1247,0, 1250, False, 4
1248,0, 1250, False, 4
1249,0, 1250, False, 4
1250,0, 1250, False, 4
1251,0, 1250, False, 4
1252,0, 1250, False, 4
1253,0, 1250, False, 4
1254,0, 1250, False, 4
1255,0, 1250, False, 4
1256,0, 1250, False, 4
1257,0, 1250, False, 4
1258,0, 1250, False, 4
1259,0, 1250, False, 4
1260,0, 1250, False, 4
1261,0, 1250, False, 4
1262,0, 1250, False, 4
1263,0, 1250, False, 7
1264,0, 1250, False, 7
1265,0, 1250, False, 2
1266,0, 1250, False, 2
1267,0, 1250, False, 2
1268,0, 1250, False, 2
1269,0, 1250, False, 2
1270,0, 1250, False, 2
1271,0, 1250, False, 2
1272,0, 1250, False, 2
1273,0, 1250, False, 2
1274,10, 1260, False, 2
1275,0, 1260, False, 2
1276,0, 1260, False, 2
1277,0, 1260, False, 2
1278,0, 1260, False, 2
1279,0, 1260, False, 2
1280,0, 1260, False, 2
1281,0, 1260, False, 2
1282,0, 1260, False, 2
1283,0, 1260, False, 2
1284,0, 1260, False, 4
1285,0, 1260, False, 4
1286,0, 1260, False, 4
1287,0, 1260, False, 4
1288,10, 1270, False, 4
1289,0, 1270, False, 4
1290,0, 1270, False, 4
1291,0, 1270, False, 4
1292,0, 1270, False, 4
1293,0, 1270, False, 4
1294,0, 1270, False, 4
1295,0, 1270, False, 4
1296,0, 1270, False, 4
1297,0, 1270, False, 4
1298,0, 1270, False, 4
1299,0, 1270, False, 4
1300,10, 1280, False, 4
1301,0, 1280, False, 4
1302,0, 1280, False, 4
1303,0, 1280, False, 4
1304,0, 1280, False, 4
1305,0, 1280, False, 4
1306,0, 1280, False, 4
1307,0, 1280, False, 4
1308,0, 1280, False, 4
1309,0, 1280, False, 4
1310,0, 1280, False, 4
1311,0, 1280, False, 4
1312,0, 1280, False, 4
1313,0, 1280, False, 4
1314,10, 1290, False, 4
1315,0, 1290, False, 4
1316,0, 1290, False, 4
1317,0, 1290, False, 2
1318,0, 1290, False, 2
1319,0, 1290, False, 2
1320,200, 1490, False, 2
1321,0, 1490, False, 2
1322,0, 1490, False, 2
1323,0, 1490, False, 2
1324,0, 1490, False, 2
1325,0, 1490, False, 2
1326,0, 1490, False, 2
1327,0, 1490, False, 2
1328,0, 1490, False, 2
1329,0, 1490, False, 2
1330,0, 1490, False, 2
1331,0, 1490, False, 2
1332,0, 1490, False, 2
1333,0, 1490, False, 2
1334,0, 1490, False, 2
1335,0, 1490, False, 2
1336,0, 1490, False, 2
1337,0, 1490, False, 2
1338,0, 1490, False, 2
1339,0, 1490, False, 2
1340,0, 1490, False, 2
1341,0, 1490, False, 2
1342,0, 1490, False, 2
1343,0, 1490, False, 2
1344,0, 1490, False, 2
1345,0, 1490, False, 2
1346,0, 1490, False, 2
1347,0, 1490, False, 2
1348,10, 1500, False, 2
1349,0, 1500, False, 2
1350,0, 1500, False, 2
1351,0, 1500, False, 2
1352,0, 1500, False, 2
1353,0, 1500, False, 2
1354,0, 1500, False, 2
1355,0, 1500, False, 2
1356,0, 1500, False, 2
1357,0, 1500, False, 2
1358,0, 1500, False, 2
1359,0, 1500, False, 2
1360,0, 1500, False, 2
1361,0, 1500, False, 2
1362,0, 1500, False, 2
1363,0, 1500, False, 2
1364,410, 1910, False, 2
1365,0, 1910, False, 2
1366,0, 1910, False, 2
1367,0, 1910, False, 2
1368,0, 1910, False, 2
1369,0, 1910, False, 2
1370,0, 1910, False, 2
1371,0, 1910, False, 2
1372,0, 1910, False, 2
1373,0, 1910, False, 2
1374,0, 1910, False, 2
1375,0, 1910, False, 2
1376,0, 1910, False, 2
1377,0, 1910, False, 2
1378,0, 1910, False, 2
1379,0, 1910, False, 2
1380,0, 1910, False, 2
1381,0, 1910, False, 2
1382,0, 1910, False, 2
1383,0, 1910, False, 2
1384,0, 1910, False, 2
1385,0, 1910, False, 2
1386,0, 1910, False, 2
1387,0, 1910, False, 2
1388,0, 1910, False, 2
1389,0, 1910, False, 2
1390,0, 1910, False, 2
1391,0, 1910, False, 2
1392,0, 1910, False, 2
1393,0, 1910, False, 2
1394,0, 1910, False, 2
1395,0, 1910, False, 2
1396,10, 1920, False, 2
1397,0, 1920, False, 2
1398,0, 1920, False, 2
1399,0, 1920, False, 2
1400,0, 1920, False, 2
1401,0, 1920, False, 2
1402,0, 1920, False, 2
1403,0, 1920, False, 2
1404,0, 1920, False, 2
1405,0, 1920, False, 2
1406,0, 1920, False, 2
1407,0, 1920, False, 2
1408,0, 1920, False, 2
1409,0, 1920, False, 2
1410,10, 1930, False, 2
1411,0, 1930, False, 2
1412,0, 1930, False, 2
1413,0, 1930, False, 2
1414,0, 1930, False, 2
1415,0, 1930, False, 2
1416,0, 1930, False, 2
1417,0, 1930, False, 2
1418,0, 1930, False, 2
1419,0, 1930, False, 2
1420,0, 1930, False, 2
1421,0, 1930, False, 2
1422,0, 1930, False, 2
1423,0, 1930, False, 2
1424,10, 1940, False, 2
1425,0, 1940, False, 2
1426,0, 1940, False, 2
1427,0, 1940, False, 2
1428,0, 1940, False, 2
1429,0, 1940, False, 2
1430,0, 1940, False, 2
1431,0, 1940, False, 2
1432,0, 1940, False, 2
1433,0, 1940, False, 2
1434,0, 1940, False, 2
1435,0, 1940, False, 2
1436,0, 1940, False, 2
1437,0, 1940, False, 2
1438,10, 1950, False, 2
1439,0, 1950, False, 2
1440,0, 1950, False, 2
1441,0, 1950, False, 2
1442,0, 1950, False, 2
1443,0, 1950, False, 2
1444,0, 1950, False, 2
1445,0, 1950, False, 4
1446,0, 1950, False, 4
1447,0, 1950, False, 4
1448,0, 1950, False, 4
1449,0, 1950, False, 4
1450,0, 1950, False, 4
1451,0, 1950, False, 4
1452,10, 1960, False, 4
1453,0, 1960, False, 4
1454,0, 1960, False, 4
1455,0, 1960, False, 4
1456,0, 1960, False, 4
1457,0, 1960, False, 4
1458,0, 1960, False, 4
1459,0, 1960, False, 4
1460,0, 1960, False, 4
1461,0, 1960, False, 4
1462,0, 1960, False, 4
1463,0, 1960, False, 4
1464,10, 1970, False, 4
1465,0, 1970, False, 4
1466,0, 1970, False, 4
1467,0, 1970, False, 4
1468,0, 1970, False, 4
1469,0, 1970, False, 4
1470,0, 1970, False, 4
1471,0, 1970, False, 4
1472,0, 1970, False, 4
1473,0, 1970, False, 4
1474,0, 1970, False, 4
1475,0, 1970, False, 4
1476,0, 1970, False, 4
1477,0, 1970, False, 4
1478,10, 1980, False, 4
1479,0, 1980, False, 4
1480,0, 1980, False, 4
1481,0, 1980, False, 4
1482,0, 1980, False, 4
1483,0, 1980, False, 4
1484,0, 1980, False, 4
1485,0, 1980, False, 4
1486,0, 1980, False, 4
1487,0, 1980, False, 4
1488,800, 2780, False, 4
1489,0, 2780, False, 4
1490,0, 2780, False, 4
1491,0, 2780, False, 4
1492,0, 2780, False, 4
1493,0, 2780, False, 4
1494,0, 2780, False, 4
1495,0, 2780, False, 4
1496,0, 2780, False, 4
1497,0, 2780, False, 4
1498,0, 2780, False, 4
1499,0, 2780, False, 4
1500,0, 2780, False, 4
1501,0, 2780, False, 4
1502,0, 2780, False, 4
1503,0, 2780, False, 4
1504,0, 2780, False, 4
1505,0, 2780, False, 4
1506,0, 2780, False, 4
1507,0, 2780, False, 4
1508,0, 2780, False, 4
1509,0, 2780, False, 4
1510,0, 2780, False, 4
1511,0, 2780, False, 4
1512,0, 2780, False, 4
1513,0, 2780, False, 4
1514,0, 2780, False, 4
1515,0, 2780, False, 4
1516,0, 2780, False, 4
1517,0, 2780, False, 4
1518,10, 2790, False, 4
1519,0, 2790, False, 4
1520,0, 2790, False, 4
1521,0, 2790, False, 4
1522,0, 2790, False, 4
1523,0, 2790, False, 4
1524,0, 2790, False, 4
1525,0, 2790, False, 4
1526,0, 2790, False, 4
1527,0, 2790, False, 4
1528,0, 2790, False, 4
1529,0, 2790, False, 4
1530,0, 2790, False, 4
1531,0, 2790, False, 4
1532,10, 2800, False, 4
1533,0, 2800, False, 4
1534,0, 2800, False, 4
1535,0, 2800, False, 4
1536,0, 2800, False, 4
1537,0, 2800, False, 4
1538,0, 2800, False, 4
1539,0, 2800, False, 4
1540,0, 2800, False, 4
1541,0, 2800, False, 4
1542,0, 2800, False, 4
1543,0, 2800, False, 4
1544,10, 2810, False, 4
1545,0, 2810, False, 4
1546,0, 2810, False, 4
1547,0, 2810, False, 4
1548,0, 2810, False, 4
1549,0, 2810, False, 4
1550,0, 2810, False, 4
1551,0, 2810, False, 4
1552,0, 2810, False, 4
1553,0, 2810, False, 4
1554,0, 2810, False, 4
1555,0, 2810, False, 4
1556,0, 2810, False, 4
1557,0, 2810, False, 4
1558,10, 2820, False, 4
1559,0, 2820, False, 4
1560,0, 2820, False, 4
1561,0, 2820, False, 4
1562,0, 2820, False, 4
1563,0, 2820, False, 4
1564,0, 2820, False, 4
1565,0, 2820, False, 4
1566,0, 2820, False, 4
1567,0, 2820, False, 4
1568,0, 2820, False, 4
1569,0, 2820, False, 4
1570,0, 2820, False, 4
1571,0, 2820, False, 4
1572,10, 2830, False, 4
1573,0, 2830, False, 4
1574,0, 2830, False, 4
1575,0, 2830, False, 4
1576,0, 2830, False, 4
1577,0, 2830, False, 4
1578,0, 2830, False, 9
1579,0, 2830, False, 9
1580,0, 2830, False, 5
1581,0, 2830, False, 5
1582,0, 2830, False, 5
1583,0, 2830, False, 5
1584,0, 2830, False, 5
1585,0, 2830, False, 5
1586,0, 2830, False, 5
1587,0, 2830, False, 5
1588,0, 2830, False, 5
1589,0, 2830, False, 5
1590,0, 2830, False, 5
1591,0, 2830, False, 5
1592,0, 2830, False, 3
1593,0, 2830, False, 3
1594,10, 2840, False, 3
1595,0, 2840, False, 3
1596,0, 2840, False, 3
1597,0, 2840, False, 3
1598,0, 2840, False, 3
1599,0, 2840, False, 3
1600,0, 2840, False, 3
1601,0, 2840, False, 3
1602,0, 2840, False, 3
1603,0, 2840, False, 3
1604,0, 2840, False, 3
1605,0, 2840, False, 3
1606,0, 2840, False, 3
1607,0, 2840, False, 3
1608,10, 2850, False, 3
1609,0, 2850, False, 3
1610,0, 2850, False, 3
1611,0, 2850, False, 3
1612,0, 2850, False, 3
1613,0, 2850, False, 3
1614,0, 2850, False, 3
1615,0, 2850, False, 3
1616,0, 2850, False, 3
1617,0, 2850, False, 3
1618,0, 2850, False, 3
1619,0, 2850, False, 3
1620,0, 2850, False, 3
1621,0, 2850, False, 3
1622,10, 2860, False, 3
1623,0, 2860, False, 3
1624,0, 2860, False, 3
1625,0, 2860, False, 3
1626,0, 2860, False, 3
1627,0, 2860, False, 3
1628,0, 2860, False, 3
1629,0, 2860, False, 3
1630,0, 2860, False, 3
1631,0, 2860, False, 3
1632,0, 2860, False, 3
1633,0, 2860, False, 3
1634,0, 2860, False, 3
1635,0, 2860, False, 3
1636,10, 2870, False, 3
1637,0, 2870, False, 3
1638,0, 2870, False, 3
1639,0, 2870, False, 3
1640,0, 2870, False, 3
1641,0, 2870, False, 3
1642,0, 2870, False, 3
1643,0, 2870, False, 3
1644,0, 2870, False, 3
1645,0, 2870, False, 3
1646,0, 2870, False, 3
1647,0, 2870, False, 3
1648,10, 2880, False, 3
1649,0, 2880, False, 3
1650,0, 2880, False, 6
1651,0, 2880, False, 6
1652,0, 2880, False, 6
1653,0, 2880, False, 2
1654,0, 2880, False, 2
1655,0, 2880, False, 2
1656,0, 2880, False, 2
1657,0, 2880, False, 2
1658,0, 2880, False, 2
1659,0, 2880, False, 2
1660,0, 2880, False, 2
1661,0, 2880, False, 2
1662,0, 2880, False, 2
1663,0, 2880, False, 2
1664,0, 2880, False, 2
1665,0, 2880, False, 2
1666,10, 2890, False, 2
1667,0, 2890, False, 2
1668,0, 2890, False, 2
1669,0, 2890, False, 2
1670,0, 2890, False, 2
1671,0, 2890, False, 2
1672,0, 2890, False, 2
1673,0, 2890, False, 2
1674,0, 2890, False, 2
1675,0, 2890, False, 2
1676,0, 2890, False, 2
1677,0, 2890, False, 2
1678,0, 2890, False, 2
1679,0, 2890, False, 2
1680,0, 2890, False, 2
1681,0, 2890, False, 2
1682,0, 2890, False, 2
1683,0, 2890, False, 2
1684,0, 2890, False, 2
1685,0, 2890, False, 2
1686,0, 2890, False, 2
1687,0, 2890, False, 2
1688,0, 2890, False, 4
1689,0, 2890, False, 4
1690,0, 2890, False, 4
1691,0, 2890, False, 4
1692,0, 2890, False, 4
1693,0, 2890, False, 4
1694,0, 2890, False, 4
1695,0, 2890, False, 4
1696,0, 2890, False, 4
1697,0, 2890, False, 4
1698,0, 2890, False, 4
1699,0, 2890, False, 4
1700,0, 2890, False, 4
1701,0, 2890, False, 4
1702,0, 2890, False, 2
1703,0, 2890, False, 2
1704,0, 2890, False, 2
1705,0, 2890, False, 2
1706,0, 2890, False, 2
1707,0, 2890, False, 2
1708,0, 2890, False, 2
1709,0, 2890, False, 2
1710,0, 2890, False, 2
1711,0, 2890, False, 2
1712,0, 2890, False, 2
1713,0, 2890, False, 2
1714,0, 2890, False, 2
1715,0, 2890, False, 2
1716,0, 2890, False, 2
1717,0, 2890, False, 2
1718,0, 2890, False, 2
1719,0, 2890, False, 2
1720,0, 2890, False, 2
1721,0, 2890, False, 2
1722,0, 2890, False, 2
1723,0, 2890, False, 2
1724,0, 2890, False, 2
1725,0, 2890, False, 2
1726,0, 2890, False, 2
1727,0, 2890, False, 2
1728,0, 2890, False, 2
1729,0, 2890, False, 2
1730,0, 2890, False, 2
1731,0, 2890, False, 2
1732,0, 2890, False, 3
1733,0, 2890, False, 3
1734,0, 2890, False, 3
1735,0, 2890, False, 3
1736,0, 2890, False, 3
1737,0, 2890, False, 3
1738,0, 2890, False, 3
1739,0, 2890, False, 3
1740,0, 2890, False, 3
1741,0, 2890, False, 3
1742,0, 2890, False, 3
1743,0, 2890, False, 3
1744,0, 2890, False, 3
1745,0, 2890, False, 3
1746,0, 2890, False, 3
1747,0, 2890, False, 3
1748,0, 2890, False, 3
1749,0, 2890, False, 3
1750,0, 2890, False, 3
1751,0, 2890, False, 3
1752,0, 2890, False, 3
1753,0, 2890, False, 3
1754,0, 2890, False, 3
1755,0, 2890, False, 3
1756,0, 2890, False, 3
1757,0, 2890, False, 3
1758,0, 2890, False, 0
1759,0, 2890, False, 5
1760,0, 2890, False, 5
1761,0, 2890, False, 5
1762,0, 2890, False, 5
1763,0, 2890, False, 5
1764,0, 2890, False, 5
1765,0, 2890, False, 5
1766,0, 2890, False, 5
1767,0, 2890, False, 5
1768,0, 2890, False, 5
1769,0, 2890, False, 0
1770,0, 2890, False, 0
1771,0, 2890, False, 3
1772,0, 2890, False, 3
1773,0, 2890, False, 3
1774,0, 2890, False, 3
1775,0, 2890, False, 3
1776,0, 2890, False, 3
1777,0, 2890, False, 3
1778,0, 2890, False, 3
1779,0, 2890, False, 3
1780,0, 2890, False, 3
1781,0, 2890, False, 3
1782,0, 2890, False, 3
1783,0, 2890, False, 3
1784,0, 2890, False, 3
1785,0, 2890, False, 3
1786,0, 2890, False, 3
1787,0, 2890, False, 3
1788,0, 2890, False, 3
1789,0, 2890, False, 3
1790,0, 2890, False, 3
1791,0, 2890, False, 3
1792,0, 2890, False, 3
1793,0, 2890, False, 3
1794,0, 2890, False, 3
1795,0, 2890, False, 6
1796,0, 2890, False, 6
1797,0, 2890, False, 6
1798,0, 2890, False, 6
1799,0, 2890, False, 6
1800,0, 2890, False, 2
1801,0, 2890, False, 2
1802,0, 2890, False, 2
1803,0, 2890, False, 2
1804,0, 2890, False, 2
1805,0, 2890, False, 2
1806,0, 2890, False, 2
1807,0, 2890, False, 2
1808,0, 2890, False, 2
1809,0, 2890, False, 2
1810,0, 2890, False, 2
1811,0, 2890, False, 2
1812,0, 2890, False, 2
1813,0, 2890, False, 2
1814,0, 2890, False, 2
1815,0, 2890, False, 2
1816,10, 2900, False, 2
1817,0, 2900, False, 2
1818,0, 2900, False, 2
1819,0, 2900, False, 2
1820,0, 2900, False, 2
1821,0, 2900, False, 2
1822,0, 2900, False, 2
1823,0, 2900, False, 2
1824,0, 2900, False, 2
1825,0, 2900, False, 2
1826,0, 2900, False, 2
1827,0, 2900, False, 2
1828,0, 2900, False, 2
1829,0, 2900, False, 2
1830,10, 2910, False, 3
1831,0, 2910, False, 3
1832,0, 2910, False, 3
1833,0, 2910, False, 3
1834,0, 2910, False, 3
1835,0, 2910, False, 3
1836,0, 2910, False, 3
1837,0, 2910, False, 3
1838,0, 2910, False, 3
1839,0, 2910, False, 3
1840,10, 2920, False, 3
1841,0, 2920, False, 3
1842,0, 2920, False, 3
1843,0, 2920, False, 3
1844,0, 2920, False, 3
1845,0, 2920, False, 3
1846,0, 2920, False, 3
1847,0, 2920, False, 3
1848,0, 2920, False, 3
1849,0, 2920, False, 3
1850,0, 2920, False, 3
1851,0, 2920, False, 3
1852,0, 2920, False, 3
1853,0, 2920, False, 3
1854,10, 2930, False, 3
1855,0, 2930, False, 3
1856,0, 2930, False, 3
1857,0, 2930, False, 3
1858,0, 2930, False, 3
1859,0, 2930, False, 3
1860,0, 2930, False, 3
1861,0, 2930, False, 3
1862,0, 2930, False, 3
1863,0, 2930, False, 3
1864,0, 2930, False, 3
1865,0, 2930, False, 3
1866,0, 2930, False, 3
1867,0, 2930, False, 3
1868,10, 2940, False, 3
1869,0, 2940, False, 3
1870,0, 2940, False, 3
1871,0, 2940, False, 3
1872,0, 2940, False, 3
1873,0, 2940, False, 3
1874,0, 2940, False, 3
1875,0, 2940, False, 3
1876,0, 2940, False, 3
1877,0, 2940, False, 3
1878,0, 2940, False, 3
1879,0, 2940, False, 3
1880,0, 2940, False, 3
1881,0, 2940, False, 3
1882,0, 2940, False, 3
1883,0, 2940, False, 3
1884,0, 2940, False, 3
1885,0, 2940, False, 3
1886,10, 2950, False, 3
1887,0, 2950, False, 3
1888,0, 2950, False, 3
1889,0, 2950, False, 3
1890,0, 2950, False, 3
1891,0, 2950, False, 3
1892,0, 2950, False, 3
1893,0, 2950, False, 3
1894,0, 2950, False, 3
1895,0, 2950, False, 3
1896,0, 2950, False, 3
1897,0, 2950, False, 3
1898,0, 2950, False, 3
1899,0, 2950, False, 3
1900,10, 2960, False, 3
1901,0, 2960, False, 3
1902,0, 2960, False, 3
1903,0, 2960, False, 3
1904,0, 2960, False, 3
1905,0, 2960, False, 3
1906,0, 2960, False, 3
1907,0, 2960, False, 3
1908,0, 2960, False, 3
1909,0, 2960, False, 0
1910,0, 2960, False, 5
1911,0, 2960, False, 5
1912,10, 2970, False, 5
1913,0, 2970, False, 5
1914,0, 2970, False, 5
1915,0, 2970, False, 5
1916,0, 2970, False, 5
1917,0, 2970, False, 5
1918,0, 2970, False, 5
1919,0, 2970, False, 5
1920,0, 2970, False, 5
1921,0, 2970, False, 5
1922,0, 2970, False, 5
1923,0, 2970, False, 5
1924,0, 2970, False, 5
1925,0, 2970, False, 5
1926,10, 2980, False, 8
1927,0, 2980, False, 8
1928,0, 2980, False, 8
1929,0, 2980, False, 3
1930,0, 2980, False, 3
1931,0, 2980, False, 3
1932,0, 2980, False, 3
1933,0, 2980, False, 3
1934,0, 2980, False, 3
1935,0, 2980, False, 3
1936,0, 2980, False, 3
1937,0, 2980, False, 3
1938,0, 2980, False, 3
1939,0, 2980, False, 3
1940,0, 2980, False, 3
1941,0, 2980, False, 3
1942,0, 2980, False, 3
1943,0, 2980, False, 3
1944,0, 2980, False, 3
1945,0, 2980, False, 3
1946,0, 2980, False, 3
1947,0, 2980, False, 3
1948,0, 2980, False, 3
1949,0, 2980, False, 3
1950,0, 2980, False, 3
1951,0, 2980, False, 3
1952,0, 2980, False, 3
1953,0, 2980, False, 3
1954,0, 2980, False, 3
1955,0, 2980, False, 0
1956,0, 2980, False, 0
1957,0, 2980, False, 0
1958,0, 2980, False, 0
1959,0, 2980, False, 0
1960,0, 2980, False, 0
1961,0, 2980, False, 0
1962,0, 2980, False, 0
1963,0, 2980, False, 0
1964,0, 2980, False, 0
1965,0, 2980, False, 0
1966,0, 2980, False, 0
1967,0, 2980, False, 0
1968,0, 2980, False, 0
1969,0, 2980, False, 0
1970,0, 2980, False, 0
1971,0, 2980, False, 0
1972,0, 2980, False, 0
1973,0, 2980, False, 0
1974,0, 2980, False, 0
1975,0, 2980, False, 0
1976,0, 2980, False, 0
1977,0, 2980, False, 0
1978,0, 2980, False, 0
1979,0, 2980, False, 0
1980,0, 2980, False, 0
1981,0, 2980, False, 0
1982,0, 2980, False, 0
1983,0, 2980, False, 0
1984,0, 2980, False, 0
1985,0, 2980, False, 0
1986,0, 2980, False, 0
1987,0, 2980, False, 0
1988,0, 2980, False, 0
1989,0, 2980, False, 0
1990,0, 2980, False, 0
1991,0, 2980, False, 0
1992,0, 2980, False, 0
1993,0, 2980, False, 0
1994,0, 2980, False, 0
1995,0, 2980, False, 0
1996,0, 2980, False, 0
1997,0, 2980, False, 0
1998,0, 2980, False, 0
1999,0, 2980, False, 0
2000,0, 2980, False, 0
2001,0, 2980, False, 0
2002,0, 2980, False, 0
2003,0, 2980, False, 0
2004,0, 2980, False, 0
2005,0, 2980, False, 0
2006,0, 2980, False, 0
2007,0, 2980, False, 0
2008,0, 2980, False, 0
2009,0, 2980, False, 0
2010,0, 2980, False, 0
2011,0, 2980, False, 0
2012,0, 2980, False, 0
2013,0, 2980, False, 0
2014,0, 2980, False, 0
2015,0, 2980, False, 0
2016,0, 2980, False, 0
2017,0, 2980, False, 0
2018,0, 2980, False, 0
2019,0, 2980, False, 0
2020,0, 2980, False, 0
2021,0, 2980, False, 0
2022,0, 2980, False, 0
2023,0, 2980, False, 0
2024,0, 2980, False, 0
2025,0, 2980, False, 0
2026,0, 2980, False, 0
2027,0, 2980, False, 0
2028,0, 2980, False, 0
2029,0, 2980, False, 0
2030,0, 2980, False, 0
2031,0, 2980, False, 0
2032,0, 2980, False, 0
2033,0, 2980, False, 0
2034,0, 2980, False, 0
2035,0, 2980, False, 0
2036,0, 2980, False, 0
2037,0, 2980, False, 0
2038,0, 2980, False, 0
2039,0, 2980, False, 0
2040,0, 2980, False, 0
2041,0, 2980, False, 0
2042,0, 2980, False, 0
2043,0, 2980, False, 0
2044,0, 2980, False, 0
2045,0, 2980, False, 0
2046,0, 2980, False, 0
2047,0, 2980, False, 0
2048,0, 2980, False, 0
2049,0, 2980, False, 0
2050,0, 2980, False, 0
2051,0, 2980, False, 0
2052,0, 2980, False, 0
2053,0, 2980, False, 0
2054,0, 2980, False, 0
2055,0, 2980, False, 0
2056,0, 2980, False, 0
2057,0, 2980, False, 0
2058,0, 2980, False, 0
2059,0, 2980, False, 0
2060,0, 2980, False, 0
2061,0, 2980, False, 0
2062,0, 2980, False, 0
2063,0, 2980, False, 0
2064,0, 2980, False, 0
2065,0, 2980, False, 0
2066,0, 2980, False, 0
2067,0, 2980, False, 0
2068,0, 2980, False, 0
2069,0, 2980, False, 0
2070,0, 2980, False, 0
2071,0, 2980, False, 0
2072,0, 2980, False, 0
2073,0, 2980, False, 0
2074,0, 2980, False, 0
2075,0, 2980, False, 0
2076,0, 2980, False, 0
2077,0, 2980, False, 0
2078,0, 2980, False, 0
2079,0, 2980, False, 0
2080,0, 2980, False, 0
2081,0, 2980, False, 0
2082,0, 2980, False, 0
2083,0, 2980, False, 0
2084,0, 2980, False, 0
2085,0, 2980, False, 0
2086,0, 2980, False, 0
2087,0, 2980, False, 0
2088,0, 2980, False, 0
2089,0, 2980, False, 0
2090,0, 2980, False, 0
2091,0, 2980, False, 0
2092,0, 2980, False, 0
2093,0, 2980, False, 0
2094,0, 2980, False, 0
2095,0, 2980, False, 0
2096,0, 2980, False, 0
2097,0, 2980, False, 0
2098,0, 2980, False, 0
2099,0, 2980, False, 0
2100,0, 2980, False, 0
2101,0, 2980, False, 0
2102,0, 2980, False, 0
2103,0, 2980, False, 0
2104,0, 2980, False, 0
2105,0, 2980, False, 0
2106,0, 2980, False, 0
2107,0, 2980, False, 0
2108,0, 2980, False, 0
2109,0, 2980, False, 0
2110,0, 2980, False, 0
2111,0, 2980, False, 0
2112,0, 2980, False, 0
2113,0, 2980, False, 0
2114,0, 2980, False, 0
2115,0, 2980, False, 0
2116,0, 2980, False, 0
2117,0, 2980, False, 0
2118,0, 2980, False, 0
2119,0, 2980, False, 0
2120,0, 2980, False, 0
