db traj id : 975
frame,reward,score,terminal, action
0,0, 0, False, 0
1,0, 0, False, 0
2,0, 0, False, 0
3,0, 0, False, 4
4,0, 0, False, 4
5,0, 0, False, 4
6,0, 0, False, 4
7,0, 0, False, 4
8,0, 0, False, 4
9,0, 0, False, 4
10,0, 0, False, 4
11,0, 0, False, 4
12,0, 0, False, 4
13,0, 0, False, 4
14,0, 0, False, 4
15,0, 0, False, 4
16,0, 0, False, 4
17,0, 0, False, 4
18,0, 0, False, 4
19,0, 0, False, 4
20,0, 0, False, 4
21,0, 0, False, 4
22,0, 0, False, 4
23,0, 0, False, 4
24,0, 0, False, 4
25,0, 0, False, 4
26,0, 0, False, 4
27,0, 0, False, 4
28,0, 0, False, 4
29,0, 0, False, 4
30,0, 0, False, 4
31,0, 0, False, 4
32,0, 0, False, 4
33,0, 0, False, 4
34,0, 0, False, 4
35,0, 0, False, 4
36,0, 0, False, 4
37,0, 0, False, 4
38,0, 0, False, 4
39,0, 0, False, 4
40,0, 0, False, 4
41,0, 0, False, 4
42,0, 0, False, 4
43,0, 0, False, 4
44,0, 0, False, 4
45,0, 0, False, 4
46,0, 0, False, 4
47,0, 0, False, 4
48,0, 0, False, 4
49,0, 0, False, 4
50,0, 0, False, 4
51,0, 0, False, 4
52,0, 0, False, 4
53,0, 0, False, 4
54,0, 0, False, 4
55,0, 0, False, 4
56,0, 0, False, 4
57,0, 0, False, 4
58,0, 0, False, 4
59,0, 0, False, 4
60,0, 0, False, 4
61,0, 0, False, 4
62,0, 0, False, 4
63,0, 0, False, 4
64,0, 0, False, 4
65,0, 0, False, 4
66,0, 0, False, 4
67,0, 0, False, 4
68,0, 0, False, 4
69,0, 0, False, 4
70,0, 0, False, 4
71,0, 0, False, 4
72,0, 0, False, 4
73,0, 0, False, 4
74,0, 0, False, 4
75,0, 0, False, 4
76,0, 0, False, 4
77,0, 0, False, 4
78,0, 0, False, 4
79,0, 0, False, 4
80,0, 0, False, 4
81,0, 0, False, 4
82,0, 0, False, 4
83,0, 0, False, 4
84,0, 0, False, 4
85,0, 0, False, 4
86,0, 0, False, 4
87,0, 0, False, 4
88,0, 0, False, 4
89,0, 0, False, 4
90,0, 0, False, 4
91,0, 0, False, 4
92,0, 0, False, 4
93,0, 0, False, 4
94,0, 0, False, 4
95,0, 0, False, 4
96,0, 0, False, 4
97,0, 0, False, 4
98,0, 0, False, 4
99,0, 0, False, 4
100,0, 0, False, 4
101,0, 0, False, 4
102,0, 0, False, 4
103,0, 0, False, 4
104,0, 0, False, 4
105,0, 0, False, 4
106,0, 0, False, 4
107,0, 0, False, 4
108,0, 0, False, 4
109,0, 0, False, 4
110,0, 0, False, 4
111,0, 0, False, 4
112,0, 0, False, 4
113,0, 0, False, 4
114,0, 0, False, 4
115,0, 0, False, 4
116,0, 0, False, 4
117,0, 0, False, 4
118,0, 0, False, 4
119,0, 0, False, 4
120,0, 0, False, 4
121,0, 0, False, 4
122,0, 0, False, 4
123,0, 0, False, 4
124,0, 0, False, 4
125,0, 0, False, 4
126,0, 0, False, 4
127,0, 0, False, 4
128,0, 0, False, 4
129,0, 0, False, 4
130,0, 0, False, 4
131,0, 0, False, 4
132,0, 0, False, 4
133,0, 0, False, 4
134,0, 0, False, 4
135,0, 0, False, 4
136,0, 0, False, 4
137,0, 0, False, 4
138,0, 0, False, 4
139,0, 0, False, 4
140,0, 0, False, 4
141,0, 0, False, 4
142,0, 0, False, 4
143,0, 0, False, 4
144,0, 0, False, 4
145,0, 0, False, 4
146,0, 0, False, 4
147,0, 0, False, 4
148,0, 0, False, 4
149,0, 0, False, 4
150,0, 0, False, 4
151,0, 0, False, 4
152,0, 0, False, 4
153,0, 0, False, 4
154,0, 0, False, 4
155,0, 0, False, 4
156,0, 0, False, 4
157,0, 0, False, 4
158,0, 0, False, 4
159,0, 0, False, 4
160,0, 0, False, 4
161,0, 0, False, 4
162,0, 0, False, 4
163,0, 0, False, 4
164,0, 0, False, 4
165,0, 0, False, 4
166,0, 0, False, 4
167,0, 0, False, 4
168,0, 0, False, 4
169,0, 0, False, 4
170,0, 0, False, 4
171,0, 0, False, 4
172,0, 0, False, 4
173,0, 0, False, 4
174,0, 0, False, 4
175,0, 0, False, 4
176,0, 0, False, 4
177,0, 0, False, 4
178,0, 0, False, 4
179,0, 0, False, 4
180,0, 0, False, 4
181,0, 0, False, 4
182,0, 0, False, 4
183,0, 0, False, 4
184,0, 0, False, 4
185,0, 0, False, 4
186,0, 0, False, 4
187,0, 0, False, 4
188,0, 0, False, 4
189,0, 0, False, 4
190,0, 0, False, 4
191,0, 0, False, 4
192,0, 0, False, 4
193,0, 0, False, 4
194,0, 0, False, 4
195,0, 0, False, 4
196,0, 0, False, 4
197,0, 0, False, 4
198,0, 0, False, 4
199,0, 0, False, 4
200,0, 0, False, 4
201,0, 0, False, 4
202,0, 0, False, 4
203,0, 0, False, 4
204,0, 0, False, 4
205,0, 0, False, 4
206,0, 0, False, 4
207,0, 0, False, 4
208,0, 0, False, 4
209,0, 0, False, 4
210,0, 0, False, 4
211,0, 0, False, 4
212,0, 0, False, 4
213,0, 0, False, 4
214,0, 0, False, 4
215,0, 0, False, 4
216,0, 0, False, 4
217,0, 0, False, 4
218,0, 0, False, 4
219,0, 0, False, 4
220,0, 0, False, 4
221,0, 0, False, 4
222,0, 0, False, 4
223,0, 0, False, 4
224,0, 0, False, 4
225,0, 0, False, 4
226,0, 0, False, 4
227,0, 0, False, 4
228,0, 0, False, 4
229,0, 0, False, 4
230,0, 0, False, 4
231,0, 0, False, 4
232,0, 0, False, 4
233,0, 0, False, 4
234,0, 0, False, 4
235,0, 0, False, 4
236,0, 0, False, 4
237,0, 0, False, 4
238,0, 0, False, 4
239,0, 0, False, 4
240,0, 0, False, 4
241,0, 0, False, 4
242,0, 0, False, 4
243,0, 0, False, 4
244,0, 0, False, 4
245,0, 0, False, 4
246,0, 0, False, 4
247,0, 0, False, 4
248,0, 0, False, 4
249,0, 0, False, 4
250,0, 0, False, 4
251,0, 0, False, 4
252,0, 0, False, 4
253,0, 0, False, 4
254,0, 0, False, 4
255,0, 0, False, 4
256,0, 0, False, 4
257,0, 0, False, 4
258,0, 0, False, 4
259,0, 0, False, 4
260,0, 0, False, 4
261,0, 0, False, 4
262,0, 0, False, 4
263,0, 0, False, 4
264,0, 0, False, 4
265,0, 0, False, 4
266,0, 0, False, 4
267,0, 0, False, 4
268,0, 0, False, 4
269,0, 0, False, 4
270,0, 0, False, 4
271,10, 10, False, 4
272,0, 10, False, 4
273,0, 10, False, 4
274,0, 10, False, 4
275,0, 10, False, 4
276,0, 10, False, 4
277,0, 10, False, 4
278,0, 10, False, 4
279,0, 10, False, 4
280,0, 10, False, 4
281,0, 10, False, 4
282,0, 10, False, 4
283,0, 10, False, 4
284,0, 10, False, 4
285,10, 20, False, 4
286,0, 20, False, 4
287,0, 20, False, 4
288,0, 20, False, 4
289,0, 20, False, 4
290,0, 20, False, 4
291,0, 20, False, 4
292,0, 20, False, 4
293,0, 20, False, 4
294,0, 20, False, 4
295,0, 20, False, 4
296,0, 20, False, 4
297,0, 20, False, 4
298,0, 20, False, 4
299,10, 30, False, 4
300,0, 30, False, 4
301,0, 30, False, 4
302,0, 30, False, 4
303,0, 30, False, 4
304,0, 30, False, 4
305,0, 30, False, 4
306,0, 30, False, 4
307,0, 30, False, 4
308,0, 30, False, 4
309,0, 30, False, 4
310,0, 30, False, 4
311,10, 40, False, 4
312,0, 40, False, 4
313,0, 40, False, 4
314,0, 40, False, 4
315,0, 40, False, 4
316,0, 40, False, 4
317,0, 40, False, 4
318,0, 40, False, 4
319,0, 40, False, 4
320,0, 40, False, 4
321,0, 40, False, 4
322,0, 40, False, 4
323,0, 40, False, 4
324,0, 40, False, 4
325,10, 50, False, 4
326,0, 50, False, 4
327,0, 50, False, 4
328,0, 50, False, 4
329,0, 50, False, 4
330,0, 50, False, 4
331,0, 50, False, 4
332,0, 50, False, 4
333,0, 50, False, 4
334,0, 50, False, 4
335,0, 50, False, 4
336,0, 50, False, 4
337,0, 50, False, 4
338,0, 50, False, 4
339,10, 60, False, 4
340,0, 60, False, 4
341,0, 60, False, 4
342,0, 60, False, 4
343,0, 60, False, 4
344,0, 60, False, 4
345,0, 60, False, 4
346,0, 60, False, 4
347,0, 60, False, 4
348,0, 60, False, 4
349,0, 60, False, 4
350,0, 60, False, 4
351,0, 60, False, 4
352,0, 60, False, 4
353,0, 60, False, 4
354,0, 60, False, 4
355,0, 60, False, 4
356,0, 60, False, 4
357,0, 60, False, 4
358,0, 60, False, 4
359,0, 60, False, 4
360,0, 60, False, 4
361,0, 60, False, 4
362,0, 60, False, 4
363,0, 60, False, 4
364,0, 60, False, 4
365,0, 60, False, 4
366,0, 60, False, 4
367,0, 60, False, 4
368,0, 60, False, 4
369,0, 60, False, 4
370,0, 60, False, 4
371,0, 60, False, 4
372,0, 60, False, 4
373,0, 60, False, 4
374,0, 60, False, 4
375,0, 60, False, 4
376,0, 60, False, 4
377,0, 60, False, 4
378,0, 60, False, 4
379,0, 60, False, 4
380,0, 60, False, 4
381,0, 60, False, 4
382,0, 60, False, 4
383,0, 60, False, 4
384,0, 60, False, 4
385,0, 60, False, 4
386,0, 60, False, 4
387,0, 60, False, 4
388,0, 60, False, 4
389,0, 60, False, 4
390,0, 60, False, 4
391,0, 60, False, 4
392,0, 60, False, 0
393,0, 60, False, 0
394,0, 60, False, 0
395,0, 60, False, 0
396,0, 60, False, 0
397,0, 60, False, 0
398,0, 60, False, 0
399,0, 60, False, 0
400,0, 60, False, 0
401,0, 60, False, 0
402,0, 60, False, 0
403,0, 60, False, 0
404,0, 60, False, 0
405,0, 60, False, 0
406,0, 60, False, 0
407,0, 60, False, 0
408,0, 60, False, 0
409,0, 60, False, 0
410,0, 60, False, 0
411,0, 60, False, 0
412,0, 60, False, 0
413,0, 60, False, 0
414,0, 60, False, 0
415,0, 60, False, 0
416,0, 60, False, 0
417,0, 60, False, 0
418,0, 60, False, 5
419,0, 60, False, 5
420,0, 60, False, 5
421,0, 60, False, 5
422,0, 60, False, 5
423,0, 60, False, 5
424,0, 60, False, 5
425,10, 70, False, 5
426,0, 70, False, 5
427,0, 70, False, 5
428,0, 70, False, 5
429,0, 70, False, 5
430,0, 70, False, 5
431,0, 70, False, 5
432,0, 70, False, 5
433,0, 70, False, 5
434,0, 70, False, 5
435,0, 70, False, 5
436,0, 70, False, 5
437,0, 70, False, 5
438,0, 70, False, 5
439,10, 80, False, 5
440,0, 80, False, 5
441,0, 80, False, 5
442,0, 80, False, 5
443,0, 80, False, 5
444,0, 80, False, 5
445,0, 80, False, 5
446,0, 80, False, 5
447,0, 80, False, 5
448,0, 80, False, 5
449,0, 80, False, 5
450,0, 80, False, 5
451,0, 80, False, 0
452,0, 80, False, 0
453,10, 90, False, 0
454,0, 90, False, 0
455,0, 90, False, 0
456,0, 90, False, 0
457,0, 90, False, 0
458,0, 90, False, 0
459,0, 90, False, 0
460,0, 90, False, 0
461,0, 90, False, 0
462,0, 90, False, 0
463,0, 90, False, 0
464,0, 90, False, 0
465,0, 90, False, 0
466,0, 90, False, 0
467,10, 100, False, 0
468,0, 100, False, 0
469,0, 100, False, 0
470,0, 100, False, 0
471,0, 100, False, 0
472,0, 100, False, 0
473,0, 100, False, 0
474,0, 100, False, 0
475,0, 100, False, 0
476,0, 100, False, 0
477,0, 100, False, 0
478,0, 100, False, 3
479,0, 100, False, 3
480,0, 100, False, 3
481,10, 110, False, 3
482,0, 110, False, 3
483,0, 110, False, 3
484,0, 110, False, 3
485,0, 110, False, 3
486,0, 110, False, 3
487,0, 110, False, 3
488,0, 110, False, 3
489,0, 110, False, 3
490,0, 110, False, 3
491,0, 110, False, 3
492,0, 110, False, 3
493,0, 110, False, 3
494,0, 110, False, 0
495,10, 120, False, 0
496,0, 120, False, 0
497,0, 120, False, 0
498,0, 120, False, 4
499,0, 120, False, 4
500,0, 120, False, 4
501,0, 120, False, 4
502,0, 120, False, 4
503,0, 120, False, 4
504,0, 120, False, 4
505,0, 120, False, 4
506,0, 120, False, 4
507,0, 120, False, 4
508,0, 120, False, 4
509,0, 120, False, 4
510,0, 120, False, 4
511,0, 120, False, 4
512,0, 120, False, 4
513,0, 120, False, 4
514,0, 120, False, 4
515,0, 120, False, 4
516,0, 120, False, 4
517,0, 120, False, 4
518,0, 120, False, 4
519,10, 130, False, 4
520,0, 130, False, 4
521,0, 130, False, 4
522,0, 130, False, 4
523,0, 130, False, 4
524,0, 130, False, 4
525,0, 130, False, 4
526,0, 130, False, 4
527,0, 130, False, 4
528,0, 130, False, 4
529,0, 130, False, 4
530,0, 130, False, 0
531,10, 140, False, 0
532,0, 140, False, 0
533,0, 140, False, 3
534,0, 140, False, 3
535,0, 140, False, 3
536,0, 140, False, 3
537,0, 140, False, 3
538,0, 140, False, 3
539,0, 140, False, 3
540,0, 140, False, 3
541,0, 140, False, 3
542,0, 140, False, 3
543,0, 140, False, 3
544,0, 140, False, 3
545,0, 140, False, 3
546,0, 140, False, 3
547,0, 140, False, 3
548,0, 140, False, 3
549,0, 140, False, 3
550,0, 140, False, 3
551,0, 140, False, 3
552,0, 140, False, 3
553,0, 140, False, 3
554,0, 140, False, 3
555,0, 140, False, 3
556,0, 140, False, 3
557,0, 140, False, 3
558,0, 140, False, 3
559,0, 140, False, 3
560,0, 140, False, 3
561,0, 140, False, 3
562,0, 140, False, 3
563,0, 140, False, 3
564,0, 140, False, 3
565,0, 140, False, 3
566,0, 140, False, 3
567,0, 140, False, 3
568,0, 140, False, 3
569,0, 140, False, 3
570,0, 140, False, 3
571,0, 140, False, 3
572,0, 140, False, 3
573,0, 140, False, 3
574,0, 140, False, 3
575,10, 150, False, 3
576,0, 150, False, 3
577,0, 150, False, 3
578,0, 150, False, 3
579,0, 150, False, 3
580,0, 150, False, 3
581,0, 150, False, 3
582,0, 150, False, 3
583,0, 150, False, 3
584,0, 150, False, 0
585,0, 150, False, 0
586,0, 150, False, 0
587,0, 150, False, 0
588,0, 150, False, 0
589,10, 160, False, 0
590,0, 160, False, 0
591,0, 160, False, 0
592,0, 160, False, 0
593,0, 160, False, 0
594,0, 160, False, 0
595,0, 160, False, 0
596,0, 160, False, 0
597,0, 160, False, 0
598,0, 160, False, 2
599,0, 160, False, 2
600,0, 160, False, 2
601,0, 160, False, 2
602,0, 160, False, 2
603,10, 170, False, 2
604,0, 170, False, 2
605,0, 170, False, 2
606,0, 170, False, 2
607,0, 170, False, 2
608,0, 170, False, 2
609,0, 170, False, 2
610,0, 170, False, 2
611,0, 170, False, 2
612,0, 170, False, 2
613,0, 170, False, 2
614,0, 170, False, 2
615,0, 170, False, 2
616,0, 170, False, 2
617,0, 170, False, 2
618,0, 170, False, 2
619,10, 180, False, 2
620,0, 180, False, 0
621,0, 180, False, 0
622,0, 180, False, 0
623,0, 180, False, 0
624,0, 180, False, 0
625,0, 180, False, 0
626,0, 180, False, 0
627,0, 180, False, 0
628,0, 180, False, 0
629,0, 180, False, 0
630,0, 180, False, 0
631,0, 180, False, 0
632,0, 180, False, 0
633,10, 190, False, 0
634,0, 190, False, 0
635,0, 190, False, 0
636,0, 190, False, 0
637,0, 190, False, 0
638,0, 190, False, 0
639,0, 190, False, 0
640,0, 190, False, 5
641,0, 190, False, 5
642,0, 190, False, 5
643,0, 190, False, 5
644,0, 190, False, 5
645,0, 190, False, 5
646,0, 190, False, 5
647,0, 190, False, 5
648,0, 190, False, 5
649,0, 190, False, 5
650,0, 190, False, 5
651,0, 190, False, 5
652,0, 190, False, 5
653,0, 190, False, 5
654,0, 190, False, 5
655,0, 190, False, 5
656,0, 190, False, 5
657,0, 190, False, 5
658,0, 190, False, 5
659,0, 190, False, 5
660,0, 190, False, 5
661,0, 190, False, 5
662,0, 190, False, 5
663,0, 190, False, 0
664,0, 190, False, 0
665,0, 190, False, 0
666,0, 190, False, 0
667,0, 190, False, 0
668,0, 190, False, 0
669,0, 190, False, 0
670,0, 190, False, 0
671,0, 190, False, 2
672,0, 190, False, 2
673,0, 190, False, 2
674,0, 190, False, 2
675,0, 190, False, 2
676,0, 190, False, 2
677,0, 190, False, 2
678,0, 190, False, 2
679,0, 190, False, 2
680,0, 190, False, 2
681,0, 190, False, 0
682,0, 190, False, 0
683,0, 190, False, 0
684,0, 190, False, 0
685,0, 190, False, 0
686,0, 190, False, 0
687,0, 190, False, 5
688,0, 190, False, 5
689,0, 190, False, 5
690,0, 190, False, 5
691,0, 190, False, 5
692,0, 190, False, 5
693,0, 190, False, 5
694,0, 190, False, 5
695,0, 190, False, 5
696,0, 190, False, 5
697,0, 190, False, 5
698,0, 190, False, 5
699,0, 190, False, 5
700,0, 190, False, 5
701,0, 190, False, 5
702,0, 190, False, 5
703,0, 190, False, 5
704,0, 190, False, 5
705,0, 190, False, 5
706,0, 190, False, 5
707,0, 190, False, 5
708,0, 190, False, 0
709,0, 190, False, 0
710,0, 190, False, 3
711,0, 190, False, 3
712,0, 190, False, 3
713,0, 190, False, 3
714,0, 190, False, 3
715,0, 190, False, 3
716,0, 190, False, 3
717,10, 200, False, 3
718,0, 200, False, 3
719,0, 200, False, 3
720,0, 200, False, 3
721,0, 200, False, 3
722,0, 200, False, 3
723,0, 200, False, 3
724,0, 200, False, 3
725,0, 200, False, 3
726,0, 200, False, 3
727,0, 200, False, 3
728,0, 200, False, 3
729,0, 200, False, 0
730,0, 200, False, 0
731,0, 200, False, 0
732,0, 200, False, 0
733,0, 200, False, 0
734,0, 200, False, 0
735,10, 210, False, 0
736,0, 210, False, 0
737,0, 210, False, 0
738,0, 210, False, 0
739,0, 210, False, 0
740,0, 210, False, 0
741,0, 210, False, 0
742,0, 210, False, 0
743,0, 210, False, 0
744,0, 210, False, 2
745,0, 210, False, 2
746,0, 210, False, 2
747,0, 210, False, 2
748,0, 210, False, 2
749,10, 220, False, 2
750,0, 220, False, 2
751,0, 220, False, 2
752,0, 220, False, 2
753,0, 220, False, 2
754,0, 220, False, 2
755,0, 220, False, 2
756,0, 220, False, 2
757,0, 220, False, 2
758,0, 220, False, 2
759,0, 220, False, 2
760,0, 220, False, 2
761,0, 220, False, 2
762,0, 220, False, 2
763,0, 220, False, 2
764,0, 220, False, 2
765,0, 220, False, 2
766,0, 220, False, 2
767,10, 230, False, 2
768,0, 230, False, 2
769,0, 230, False, 2
770,0, 230, False, 2
771,0, 230, False, 2
772,0, 230, False, 2
773,0, 230, False, 2
774,0, 230, False, 2
775,0, 230, False, 2
776,0, 230, False, 2
777,0, 230, False, 2
778,0, 230, False, 2
779,0, 230, False, 2
780,0, 230, False, 2
781,10, 240, False, 2
782,0, 240, False, 2
783,0, 240, False, 2
784,0, 240, False, 2
785,0, 240, False, 2
786,0, 240, False, 2
787,0, 240, False, 2
788,0, 240, False, 2
789,0, 240, False, 2
790,0, 240, False, 2
791,0, 240, False, 2
792,0, 240, False, 2
793,0, 240, False, 2
794,0, 240, False, 2
795,10, 250, False, 2
796,0, 250, False, 2
797,0, 250, False, 2
798,0, 250, False, 2
799,0, 250, False, 2
800,0, 250, False, 2
801,0, 250, False, 2
802,0, 250, False, 2
803,0, 250, False, 3
804,0, 250, False, 3
805,0, 250, False, 3
806,0, 250, False, 6
807,0, 250, False, 3
808,0, 250, False, 3
809,10, 260, False, 0
810,0, 260, False, 0
811,0, 260, False, 0
812,0, 260, False, 0
813,0, 260, False, 0
814,0, 260, False, 0
815,0, 260, False, 0
816,0, 260, False, 2
817,0, 260, False, 2
818,0, 260, False, 3
819,0, 260, False, 3
820,0, 260, False, 3
821,0, 260, False, 3
822,0, 260, False, 3
823,10, 270, False, 3
824,0, 270, False, 3
825,0, 270, False, 3
826,0, 270, False, 3
827,0, 270, False, 3
828,0, 270, False, 3
829,0, 270, False, 3
830,0, 270, False, 3
831,0, 270, False, 3
832,0, 270, False, 3
833,10, 280, False, 3
834,0, 280, False, 3
835,0, 280, False, 3
836,0, 280, False, 3
837,0, 280, False, 3
838,0, 280, False, 3
839,0, 280, False, 3
840,0, 280, False, 3
841,0, 280, False, 3
842,0, 280, False, 3
843,0, 280, False, 3
844,0, 280, False, 3
845,0, 280, False, 3
846,0, 280, False, 3
847,10, 290, False, 3
848,0, 290, False, 3
849,0, 290, False, 3
850,0, 290, False, 3
851,0, 290, False, 3
852,0, 290, False, 3
853,0, 290, False, 3
854,0, 290, False, 3
855,0, 290, False, 3
856,0, 290, False, 3
857,0, 290, False, 3
858,0, 290, False, 3
859,10, 300, False, 3
860,0, 300, False, 3
861,0, 300, False, 3
862,0, 300, False, 3
863,0, 300, False, 3
864,0, 300, False, 3
865,0, 300, False, 3
866,0, 300, False, 3
867,0, 300, False, 3
868,0, 300, False, 3
869,0, 300, False, 3
870,0, 300, False, 3
871,0, 300, False, 3
872,0, 300, False, 3
873,10, 310, False, 3
874,0, 310, False, 3
875,0, 310, False, 3
876,0, 310, False, 8
877,0, 310, False, 8
878,0, 310, False, 5
879,0, 310, False, 5
880,0, 310, False, 5
881,0, 310, False, 5
882,0, 310, False, 5
883,0, 310, False, 5
884,0, 310, False, 5
885,0, 310, False, 5
886,0, 310, False, 5
887,10, 320, False, 5
888,0, 320, False, 5
889,0, 320, False, 5
890,0, 320, False, 5
891,0, 320, False, 5
892,0, 320, False, 5
893,0, 320, False, 5
894,0, 320, False, 8
895,0, 320, False, 8
896,0, 320, False, 8
897,0, 320, False, 3
898,0, 320, False, 3
899,0, 320, False, 3
900,0, 320, False, 3
901,10, 330, False, 3
902,0, 330, False, 3
903,0, 330, False, 3
904,0, 330, False, 3
905,0, 330, False, 3
906,0, 330, False, 3
907,0, 330, False, 3
908,0, 330, False, 3
909,0, 330, False, 3
910,0, 330, False, 3
911,0, 330, False, 3
912,0, 330, False, 3
913,0, 330, False, 3
914,0, 330, False, 3
915,10, 340, False, 3
916,0, 340, False, 3
917,0, 340, False, 3
918,0, 340, False, 3
919,0, 340, False, 3
920,0, 340, False, 3
921,0, 340, False, 3
922,0, 340, False, 3
923,0, 340, False, 3
924,0, 340, False, 3
925,0, 340, False, 3
926,0, 340, False, 3
927,10, 350, False, 3
928,0, 350, False, 3
929,0, 350, False, 3
930,0, 350, False, 3
931,0, 350, False, 3
932,0, 350, False, 3
933,0, 350, False, 3
934,0, 350, False, 3
935,0, 350, False, 3
936,0, 350, False, 3
937,0, 350, False, 3
938,0, 350, False, 3
939,0, 350, False, 3
940,0, 350, False, 3
941,10, 360, False, 8
942,0, 360, False, 5
943,0, 360, False, 5
944,0, 360, False, 5
945,0, 360, False, 5
946,0, 360, False, 5
947,0, 360, False, 5
948,0, 360, False, 5
949,0, 360, False, 5
950,0, 360, False, 5
951,0, 360, False, 5
952,0, 360, False, 5
953,0, 360, False, 5
954,0, 360, False, 5
955,10, 370, False, 5
956,0, 370, False, 5
957,0, 370, False, 5
958,0, 370, False, 5
959,0, 370, False, 5
960,0, 370, False, 5
961,0, 370, False, 5
962,0, 370, False, 5
963,0, 370, False, 5
964,0, 370, False, 5
965,0, 370, False, 5
966,0, 370, False, 5
967,50, 420, False, 5
968,0, 420, False, 5
969,0, 420, False, 5
970,0, 420, False, 5
971,0, 420, False, 5
972,0, 420, False, 5
973,0, 420, False, 5
974,0, 420, False, 5
975,0, 420, False, 5
976,0, 420, False, 5
977,0, 420, False, 5
978,0, 420, False, 5
979,0, 420, False, 5
980,0, 420, False, 5
981,10, 430, False, 5
982,0, 430, False, 5
983,0, 430, False, 5
984,0, 430, False, 5
985,0, 430, False, 9
986,0, 430, False, 9
987,0, 430, False, 4
988,0, 430, False, 4
989,0, 430, False, 4
990,0, 430, False, 4
991,0, 430, False, 4
992,0, 430, False, 4
993,0, 430, False, 4
994,0, 430, False, 4
995,10, 440, False, 4
996,0, 440, False, 4
997,0, 440, False, 4
998,0, 440, False, 4
999,0, 440, False, 4
1000,0, 440, False, 4
1001,0, 440, False, 4
1002,0, 440, False, 4
1003,0, 440, False, 4
1004,0, 440, False, 4
1005,0, 440, False, 4
1006,0, 440, False, 4
1007,0, 440, False, 4
1008,0, 440, False, 4
1009,10, 450, False, 4
1010,0, 450, False, 4
1011,0, 450, False, 4
1012,0, 450, False, 4
1013,0, 450, False, 4
1014,0, 450, False, 4
1015,0, 450, False, 4
1016,0, 450, False, 4
1017,0, 450, False, 0
1018,0, 450, False, 0
1019,0, 450, False, 0
1020,0, 450, False, 0
1021,0, 450, False, 0
1022,0, 450, False, 0
1023,10, 460, False, 0
1024,0, 460, False, 0
1025,0, 460, False, 0
1026,0, 460, False, 0
1027,0, 460, False, 0
1028,0, 460, False, 0
1029,0, 460, False, 0
1030,0, 460, False, 0
1031,0, 460, False, 0
1032,0, 460, False, 0
1033,0, 460, False, 0
1034,0, 460, False, 0
1035,10, 470, False, 0
1036,0, 470, False, 0
1037,0, 470, False, 0
1038,0, 470, False, 0
1039,0, 470, False, 0
1040,0, 470, False, 0
1041,0, 470, False, 0
1042,0, 470, False, 0
1043,0, 470, False, 0
1044,0, 470, False, 0
1045,0, 470, False, 0
1046,0, 470, False, 0
1047,0, 470, False, 0
1048,0, 470, False, 0
1049,10, 480, False, 0
1050,0, 480, False, 0
1051,0, 480, False, 0
1052,0, 480, False, 0
1053,0, 480, False, 0
1054,0, 480, False, 0
1055,0, 480, False, 0
1056,0, 480, False, 0
1057,0, 480, False, 0
1058,0, 480, False, 0
1059,0, 480, False, 0
1060,0, 480, False, 0
1061,0, 480, False, 3
1062,0, 480, False, 3
1063,0, 480, False, 3
1064,0, 480, False, 3
1065,0, 480, False, 3
1066,0, 480, False, 3
1067,0, 480, False, 3
1068,0, 480, False, 3
1069,0, 480, False, 3
1070,0, 480, False, 3
1071,0, 480, False, 0
1072,0, 480, False, 0
1073,0, 480, False, 0
1074,0, 480, False, 0
1075,0, 480, False, 0
1076,0, 480, False, 0
1077,0, 480, False, 0
1078,0, 480, False, 0
1079,0, 480, False, 0
1080,0, 480, False, 0
1081,0, 480, False, 0
1082,0, 480, False, 0
1083,0, 480, False, 0
1084,0, 480, False, 0
1085,0, 480, False, 0
1086,0, 480, False, 0
1087,0, 480, False, 0
1088,0, 480, False, 0
1089,0, 480, False, 0
1090,0, 480, False, 0
1091,0, 480, False, 0
1092,0, 480, False, 0
1093,0, 480, False, 0
1094,0, 480, False, 2
1095,0, 480, False, 2
1096,0, 480, False, 2
1097,0, 480, False, 2
1098,0, 480, False, 2
1099,0, 480, False, 2
1100,0, 480, False, 2
1101,0, 480, False, 2
1102,0, 480, False, 2
1103,0, 480, False, 2
1104,0, 480, False, 2
1105,0, 480, False, 2
1106,0, 480, False, 2
1107,0, 480, False, 2
1108,0, 480, False, 2
1109,0, 480, False, 2
1110,0, 480, False, 2
1111,0, 480, False, 2
1112,0, 480, False, 2
1113,0, 480, False, 2
1114,0, 480, False, 2
1115,0, 480, False, 2
1116,0, 480, False, 2
1117,0, 480, False, 7
1118,0, 480, False, 7
1119,0, 480, False, 7
1120,0, 480, False, 7
1121,0, 480, False, 4
1122,0, 480, False, 4
1123,0, 480, False, 4
1124,0, 480, False, 4
1125,0, 480, False, 4
1126,0, 480, False, 4
1127,0, 480, False, 4
1128,0, 480, False, 7
1129,0, 480, False, 7
1130,0, 480, False, 7
1131,0, 480, False, 7
1132,0, 480, False, 7
1133,0, 480, False, 7
1134,0, 480, False, 7
1135,0, 480, False, 7
1136,0, 480, False, 7
1137,0, 480, False, 7
1138,0, 480, False, 7
1139,0, 480, False, 7
1140,0, 480, False, 2
1141,0, 480, False, 2
1142,0, 480, False, 2
1143,0, 480, False, 2
1144,0, 480, False, 2
1145,0, 480, False, 2
1146,0, 480, False, 2
1147,0, 480, False, 2
1148,0, 480, False, 2
1149,0, 480, False, 2
1150,0, 480, False, 2
1151,0, 480, False, 2
1152,0, 480, False, 2
1153,0, 480, False, 2
1154,0, 480, False, 2
1155,10, 490, False, 2
1156,0, 490, False, 2
1157,0, 490, False, 2
1158,0, 490, False, 2
1159,0, 490, False, 2
1160,0, 490, False, 2
1161,0, 490, False, 2
1162,0, 490, False, 2
1163,0, 490, False, 2
1164,0, 490, False, 2
1165,0, 490, False, 2
1166,0, 490, False, 2
1167,0, 490, False, 2
1168,0, 490, False, 2
1169,10, 500, False, 2
1170,0, 500, False, 2
1171,0, 500, False, 2
1172,0, 500, False, 2
1173,0, 500, False, 2
1174,0, 500, False, 2
1175,0, 500, False, 2
1176,0, 500, False, 2
1177,0, 500, False, 2
1178,0, 500, False, 2
1179,0, 500, False, 2
1180,0, 500, False, 2
1181,0, 500, False, 2
1182,0, 500, False, 2
1183,0, 500, False, 2
1184,0, 500, False, 2
1185,0, 500, False, 2
1186,0, 500, False, 2
1187,0, 500, False, 2
1188,0, 500, False, 2
1189,0, 500, False, 2
1190,0, 500, False, 2
1191,0, 500, False, 2
1192,0, 500, False, 2
1193,0, 500, False, 2
1194,0, 500, False, 2
1195,0, 500, False, 2
1196,0, 500, False, 7
1197,0, 500, False, 4
1198,0, 500, False, 4
1199,0, 500, False, 4
1200,0, 500, False, 4
1201,0, 500, False, 4
1202,0, 500, False, 4
1203,0, 500, False, 4
1204,0, 500, False, 4
1205,0, 500, False, 4
1206,0, 500, False, 4
1207,0, 500, False, 4
1208,0, 500, False, 4
1209,0, 500, False, 4
1210,0, 500, False, 4
1211,0, 500, False, 4
1212,0, 500, False, 4
1213,0, 500, False, 4
1214,0, 500, False, 4
1215,0, 500, False, 4
1216,0, 500, False, 4
1217,0, 500, False, 4
1218,0, 500, False, 4
1219,0, 500, False, 4
1220,0, 500, False, 4
1221,0, 500, False, 4
1222,0, 500, False, 4
1223,0, 500, False, 4
1224,0, 500, False, 4
1225,0, 500, False, 4
1226,0, 500, False, 4
1227,0, 500, False, 4
1228,0, 500, False, 4
1229,0, 500, False, 4
1230,0, 500, False, 4
1231,0, 500, False, 4
1232,0, 500, False, 4
1233,0, 500, False, 9
1234,0, 500, False, 9
1235,0, 500, False, 5
1236,0, 500, False, 5
1237,0, 500, False, 5
1238,0, 500, False, 5
1239,0, 500, False, 5
1240,0, 500, False, 5
1241,0, 500, False, 0
1242,0, 500, False, 0
1243,0, 500, False, 0
1244,0, 500, False, 2
1245,0, 500, False, 2
1246,0, 500, False, 2
1247,0, 500, False, 2
1248,0, 500, False, 2
1249,0, 500, False, 2
1250,0, 500, False, 2
1251,0, 500, False, 2
1252,0, 500, False, 2
1253,0, 500, False, 2
1254,0, 500, False, 2
1255,0, 500, False, 2
1256,0, 500, False, 2
1257,0, 500, False, 2
1258,0, 500, False, 2
1259,10, 510, False, 2
1260,0, 510, False, 2
1261,0, 510, False, 2
1262,0, 510, False, 2
1263,0, 510, False, 2
1264,0, 510, False, 2
1265,0, 510, False, 2
1266,0, 510, False, 2
1267,0, 510, False, 2
1268,0, 510, False, 2
1269,0, 510, False, 2
1270,0, 510, False, 2
1271,0, 510, False, 2
1272,0, 510, False, 2
1273,0, 510, False, 2
1274,0, 510, False, 2
1275,0, 510, False, 2
1276,0, 510, False, 2
1277,0, 510, False, 2
1278,0, 510, False, 2
1279,0, 510, False, 2
1280,0, 510, False, 2
1281,0, 510, False, 2
1282,0, 510, False, 2
1283,0, 510, False, 2
1284,0, 510, False, 2
1285,0, 510, False, 2
1286,0, 510, False, 2
1287,0, 510, False, 2
1288,0, 510, False, 2
1289,0, 510, False, 2
1290,0, 510, False, 2
1291,200, 710, False, 2
1292,0, 710, False, 2
1293,0, 710, False, 2
1294,0, 710, False, 2
1295,0, 710, False, 2
1296,0, 710, False, 2
1297,0, 710, False, 2
1298,0, 710, False, 2
1299,0, 710, False, 2
1300,0, 710, False, 2
1301,0, 710, False, 2
1302,0, 710, False, 2
1303,0, 710, False, 2
1304,0, 710, False, 2
1305,0, 710, False, 2
1306,0, 710, False, 2
1307,0, 710, False, 2
1308,0, 710, False, 0
1309,0, 710, False, 0
1310,0, 710, False, 0
1311,0, 710, False, 0
1312,0, 710, False, 0
1313,0, 710, False, 0
1314,0, 710, False, 0
1315,0, 710, False, 0
1316,0, 710, False, 0
1317,0, 710, False, 0
1318,0, 710, False, 0
1319,0, 710, False, 0
1320,0, 710, False, 0
1321,0, 710, False, 0
1322,0, 710, False, 2
1323,0, 710, False, 2
1324,0, 710, False, 2
1325,0, 710, False, 2
1326,0, 710, False, 2
1327,0, 710, False, 2
1328,0, 710, False, 2
1329,0, 710, False, 2
1330,0, 710, False, 2
1331,0, 710, False, 2
1332,0, 710, False, 2
1333,0, 710, False, 2
1334,0, 710, False, 2
1335,10, 720, False, 2
1336,0, 720, False, 2
1337,0, 720, False, 2
1338,0, 720, False, 2
1339,0, 720, False, 2
1340,0, 720, False, 2
1341,0, 720, False, 2
1342,0, 720, False, 2
1343,0, 720, False, 2
1344,0, 720, False, 2
1345,0, 720, False, 2
1346,0, 720, False, 2
1347,0, 720, False, 2
1348,0, 720, False, 2
1349,10, 730, False, 2
1350,0, 730, False, 2
1351,0, 730, False, 2
1352,0, 730, False, 2
1353,0, 730, False, 2
1354,0, 730, False, 2
1355,0, 730, False, 2
1356,0, 730, False, 2
1357,0, 730, False, 2
1358,0, 730, False, 2
1359,0, 730, False, 2
1360,0, 730, False, 2
1361,0, 730, False, 2
1362,0, 730, False, 2
1363,10, 740, False, 2
1364,0, 740, False, 2
1365,0, 740, False, 2
1366,0, 740, False, 2
1367,0, 740, False, 2
1368,0, 740, False, 2
1369,0, 740, False, 2
1370,0, 740, False, 2
1371,0, 740, False, 2
1372,0, 740, False, 2
1373,0, 740, False, 2
1374,0, 740, False, 2
1375,0, 740, False, 2
1376,0, 740, False, 2
1377,10, 750, False, 2
1378,0, 750, False, 2
1379,0, 750, False, 2
1380,0, 750, False, 2
1381,0, 750, False, 2
1382,0, 750, False, 2
1383,0, 750, False, 2
1384,0, 750, False, 2
1385,0, 750, False, 2
1386,0, 750, False, 2
1387,0, 750, False, 2
1388,0, 750, False, 2
1389,0, 750, False, 2
1390,0, 750, False, 2
1391,10, 760, False, 2
1392,0, 760, False, 2
1393,0, 760, False, 2
1394,0, 760, False, 0
1395,0, 760, False, 0
1396,0, 760, False, 0
1397,0, 760, False, 0
1398,0, 760, False, 0
1399,0, 760, False, 0
1400,0, 760, False, 3
1401,0, 760, False, 3
1402,0, 760, False, 3
1403,0, 760, False, 3
1404,0, 760, False, 3
1405,10, 770, False, 3
1406,0, 770, False, 3
1407,0, 770, False, 3
1408,0, 770, False, 3
1409,0, 770, False, 3
1410,0, 770, False, 3
1411,0, 770, False, 3
1412,0, 770, False, 3
1413,0, 770, False, 3
1414,0, 770, False, 3
1415,10, 780, False, 3
1416,0, 780, False, 3
1417,0, 780, False, 3
1418,0, 780, False, 3
1419,0, 780, False, 3
1420,0, 780, False, 3
1421,0, 780, False, 3
1422,0, 780, False, 3
1423,0, 780, False, 3
1424,0, 780, False, 3
1425,0, 780, False, 3
1426,0, 780, False, 3
1427,10, 790, False, 3
1428,0, 790, False, 3
1429,0, 790, False, 3
1430,0, 790, False, 3
1431,0, 790, False, 3
1432,0, 790, False, 3
1433,0, 790, False, 3
1434,0, 790, False, 3
1435,0, 790, False, 3
1436,0, 790, False, 3
1437,0, 790, False, 3
1438,0, 790, False, 3
1439,0, 790, False, 3
1440,0, 790, False, 3
1441,0, 790, False, 3
1442,0, 790, False, 3
1443,0, 790, False, 3
1444,0, 790, False, 3
1445,0, 790, False, 3
1446,0, 790, False, 0
1447,10, 800, False, 0
1448,0, 800, False, 0
1449,0, 800, False, 0
1450,0, 800, False, 0
1451,0, 800, False, 0
1452,0, 800, False, 0
1453,0, 800, False, 0
1454,0, 800, False, 0
1455,0, 800, False, 0
1456,0, 800, False, 0
1457,0, 800, False, 0
1458,0, 800, False, 0
1459,10, 810, False, 0
1460,0, 810, False, 0
1461,0, 810, False, 0
1462,0, 810, False, 0
1463,0, 810, False, 0
1464,0, 810, False, 0
1465,0, 810, False, 0
1466,0, 810, False, 0
1467,0, 810, False, 0
1468,0, 810, False, 0
1469,0, 810, False, 0
1470,0, 810, False, 0
1471,0, 810, False, 0
1472,0, 810, False, 0
1473,10, 820, False, 0
1474,0, 820, False, 0
1475,0, 820, False, 0
1476,0, 820, False, 0
1477,0, 820, False, 2
1478,0, 820, False, 2
1479,0, 820, False, 2
1480,0, 820, False, 2
1481,0, 820, False, 2
1482,0, 820, False, 2
1483,0, 820, False, 2
1484,0, 820, False, 2
1485,0, 820, False, 2
1486,0, 820, False, 2
1487,10, 830, False, 2
1488,0, 830, False, 2
1489,0, 830, False, 2
1490,0, 830, False, 7
1491,0, 830, False, 7
1492,0, 830, False, 4
1493,0, 830, False, 4
1494,0, 830, False, 4
1495,0, 830, False, 4
1496,0, 830, False, 4
1497,0, 830, False, 4
1498,0, 830, False, 4
1499,0, 830, False, 4
1500,0, 830, False, 4
1501,0, 830, False, 4
1502,0, 830, False, 4
1503,0, 830, False, 4
1504,0, 830, False, 4
1505,0, 830, False, 4
1506,0, 830, False, 4
1507,0, 830, False, 4
1508,0, 830, False, 4
1509,0, 830, False, 4
1510,0, 830, False, 4
1511,0, 830, False, 4
1512,0, 830, False, 4
1513,0, 830, False, 4
1514,0, 830, False, 4
1515,0, 830, False, 4
1516,0, 830, False, 4
1517,0, 830, False, 4
1518,0, 830, False, 4
1519,0, 830, False, 4
1520,0, 830, False, 4
1521,0, 830, False, 4
1522,0, 830, False, 4
1523,0, 830, False, 4
1524,0, 830, False, 4
1525,0, 830, False, 4
1526,0, 830, False, 4
1527,0, 830, False, 4
1528,0, 830, False, 4
1529,0, 830, False, 4
1530,0, 830, False, 4
1531,0, 830, False, 4
1532,0, 830, False, 4
1533,0, 830, False, 4
1534,0, 830, False, 4
1535,0, 830, False, 4
1536,0, 830, False, 4
1537,0, 830, False, 4
1538,0, 830, False, 4
1539,0, 830, False, 4
1540,0, 830, False, 4
1541,0, 830, False, 4
1542,0, 830, False, 4
1543,0, 830, False, 4
1544,0, 830, False, 4
1545,0, 830, False, 4
1546,0, 830, False, 4
1547,0, 830, False, 4
1548,0, 830, False, 4
1549,0, 830, False, 4
1550,0, 830, False, 4
1551,0, 830, False, 4
1552,0, 830, False, 4
1553,0, 830, False, 4
1554,0, 830, False, 4
1555,0, 830, False, 4
1556,0, 830, False, 4
1557,0, 830, False, 4
1558,0, 830, False, 4
1559,0, 830, False, 4
1560,0, 830, False, 4
1561,0, 830, False, 4
1562,0, 830, False, 4
1563,0, 830, False, 4
1564,0, 830, False, 4
1565,0, 830, False, 4
1566,0, 830, False, 4
1567,0, 830, False, 4
1568,0, 830, False, 4
1569,0, 830, False, 7
1570,0, 830, False, 7
1571,10, 840, False, 7
1572,0, 840, False, 7
1573,0, 840, False, 4
1574,0, 840, False, 4
1575,0, 840, False, 4
1576,0, 840, False, 4
1577,0, 840, False, 4
1578,0, 840, False, 4
1579,0, 840, False, 4
1580,0, 840, False, 4
1581,0, 840, False, 4
1582,0, 840, False, 4
1583,0, 840, False, 4
1584,0, 840, False, 4
1585,10, 850, False, 4
1586,0, 850, False, 4
1587,0, 850, False, 4
1588,0, 850, False, 4
1589,0, 850, False, 4
1590,0, 850, False, 4
1591,0, 850, False, 4
1592,0, 850, False, 4
1593,0, 850, False, 4
1594,0, 850, False, 4
1595,0, 850, False, 4
1596,0, 850, False, 4
1597,0, 850, False, 4
1598,0, 850, False, 4
1599,10, 860, False, 4
1600,0, 860, False, 4
1601,0, 860, False, 4
1602,0, 860, False, 4
1603,0, 860, False, 4
1604,0, 860, False, 4
1605,0, 860, False, 4
1606,0, 860, False, 4
1607,0, 860, False, 4
1608,0, 860, False, 4
1609,0, 860, False, 4
1610,0, 860, False, 4
1611,0, 860, False, 4
1612,0, 860, False, 4
1613,0, 860, False, 4
1614,0, 860, False, 4
1615,0, 860, False, 4
1616,0, 860, False, 4
1617,0, 860, False, 4
1618,0, 860, False, 4
1619,0, 860, False, 0
1620,0, 860, False, 3
1621,0, 860, False, 3
1622,0, 860, False, 3
1623,0, 860, False, 3
1624,0, 860, False, 3
1625,0, 860, False, 3
1626,0, 860, False, 3
1627,10, 870, False, 3
1628,0, 870, False, 3
1629,0, 870, False, 3
1630,0, 870, False, 3
1631,0, 870, False, 3
1632,0, 870, False, 3
1633,0, 870, False, 3
1634,0, 870, False, 3
1635,0, 870, False, 3
1636,0, 870, False, 3
1637,0, 870, False, 3
1638,0, 870, False, 3
1639,0, 870, False, 3
1640,0, 870, False, 3
1641,10, 880, False, 3
1642,0, 880, False, 3
1643,0, 880, False, 3
1644,0, 880, False, 3
1645,0, 880, False, 3
1646,0, 880, False, 3
1647,0, 880, False, 3
1648,0, 880, False, 3
1649,0, 880, False, 3
1650,0, 880, False, 3
1651,0, 880, False, 3
1652,0, 880, False, 3
1653,0, 880, False, 3
1654,0, 880, False, 3
1655,10, 890, False, 3
1656,0, 890, False, 3
1657,0, 890, False, 3
1658,0, 890, False, 3
1659,0, 890, False, 3
1660,0, 890, False, 3
1661,0, 890, False, 3
1662,0, 890, False, 3
1663,0, 890, False, 3
1664,0, 890, False, 3
1665,0, 890, False, 3
1666,0, 890, False, 3
1667,0, 890, False, 3
1668,0, 890, False, 3
1669,0, 890, False, 3
1670,0, 890, False, 3
1671,0, 890, False, 3
1672,0, 890, False, 3
1673,10, 900, False, 3
1674,0, 900, False, 3
1675,0, 900, False, 3
1676,0, 900, False, 3
1677,0, 900, False, 3
1678,0, 900, False, 3
1679,0, 900, False, 3
1680,0, 900, False, 3
1681,0, 900, False, 3
1682,0, 900, False, 3
1683,0, 900, False, 3
1684,0, 900, False, 3
1685,0, 900, False, 3
1686,0, 900, False, 3
1687,10, 910, False, 3
1688,0, 910, False, 3
1689,0, 910, False, 3
1690,0, 910, False, 3
1691,0, 910, False, 3
1692,0, 910, False, 3
1693,0, 910, False, 3
1694,0, 910, False, 3
1695,0, 910, False, 3
1696,0, 910, False, 3
1697,0, 910, False, 3
1698,0, 910, False, 3
1699,10, 920, False, 3
1700,0, 920, False, 3
1701,0, 920, False, 8
1702,0, 920, False, 8
1703,0, 920, False, 8
1704,0, 920, False, 8
1705,0, 920, False, 5
1706,0, 920, False, 5
1707,0, 920, False, 5
1708,0, 920, False, 5
1709,0, 920, False, 5
1710,0, 920, False, 5
1711,0, 920, False, 5
1712,0, 920, False, 5
1713,10, 930, False, 5
1714,0, 930, False, 5
1715,0, 930, False, 5
1716,0, 930, False, 5
1717,0, 930, False, 5
1718,0, 930, False, 5
1719,0, 930, False, 5
1720,0, 930, False, 5
1721,0, 930, False, 5
1722,0, 930, False, 5
1723,0, 930, False, 5
1724,0, 930, False, 5
1725,0, 930, False, 5
1726,0, 930, False, 5
1727,10, 940, False, 5
1728,0, 940, False, 5
1729,0, 940, False, 5
1730,0, 940, False, 5
1731,0, 940, False, 8
1732,0, 940, False, 3
1733,0, 940, False, 3
1734,0, 940, False, 3
1735,0, 940, False, 3
1736,0, 940, False, 3
1737,0, 940, False, 3
1738,0, 940, False, 3
1739,0, 940, False, 3
1740,0, 940, False, 3
1741,0, 940, False, 3
1742,0, 940, False, 3
1743,0, 940, False, 3
1744,0, 940, False, 3
1745,0, 940, False, 3
1746,0, 940, False, 3
1747,0, 940, False, 3
1748,0, 940, False, 3
1749,0, 940, False, 3
1750,0, 940, False, 3
1751,10, 950, False, 6
1752,0, 950, False, 6
1753,0, 950, False, 6
1754,0, 950, False, 6
1755,0, 950, False, 6
1756,0, 950, False, 2
1757,0, 950, False, 2
1758,0, 950, False, 2
1759,0, 950, False, 2
1760,0, 950, False, 2
1761,0, 950, False, 2
1762,0, 950, False, 2
1763,0, 950, False, 2
1764,0, 950, False, 2
1765,10, 960, False, 2
1766,0, 960, False, 2
1767,0, 960, False, 2
1768,0, 960, False, 2
1769,0, 960, False, 2
1770,0, 960, False, 2
1771,0, 960, False, 2
1772,0, 960, False, 2
1773,0, 960, False, 2
1774,0, 960, False, 6
1775,0, 960, False, 3
1776,0, 960, False, 3
1777,0, 960, False, 3
1778,0, 960, False, 3
1779,0, 960, False, 3
1780,0, 960, False, 3
1781,0, 960, False, 3
1782,0, 960, False, 3
1783,10, 970, False, 3
1784,0, 970, False, 3
1785,0, 970, False, 3
1786,0, 970, False, 3
1787,0, 970, False, 3
1788,0, 970, False, 3
1789,0, 970, False, 3
1790,0, 970, False, 3
1791,0, 970, False, 3
1792,0, 970, False, 3
1793,0, 970, False, 3
1794,0, 970, False, 3
1795,0, 970, False, 3
1796,0, 970, False, 3
1797,10, 980, False, 3
1798,0, 980, False, 3
1799,0, 980, False, 3
1800,0, 980, False, 3
1801,0, 980, False, 3
1802,0, 980, False, 3
1803,0, 980, False, 3
1804,0, 980, False, 3
1805,0, 980, False, 3
1806,0, 980, False, 3
1807,10, 990, False, 3
1808,0, 990, False, 3
1809,0, 990, False, 3
1810,0, 990, False, 3
1811,0, 990, False, 3
1812,0, 990, False, 3
1813,0, 990, False, 3
1814,0, 990, False, 3
1815,0, 990, False, 3
1816,0, 990, False, 3
1817,0, 990, False, 3
1818,0, 990, False, 3
1819,10, 1000, False, 3
1820,0, 1000, False, 3
1821,0, 1000, False, 3
1822,0, 1000, False, 3
1823,0, 1000, False, 3
1824,0, 1000, False, 3
1825,0, 1000, False, 3
1826,0, 1000, False, 3
1827,0, 1000, False, 3
1828,0, 1000, False, 8
1829,0, 1000, False, 8
1830,0, 1000, False, 8
1831,0, 1000, False, 8
1832,0, 1000, False, 8
1833,10, 1010, False, 5
1834,0, 1010, False, 5
1835,0, 1010, False, 5
1836,0, 1010, False, 5
1837,0, 1010, False, 5
1838,0, 1010, False, 5
1839,0, 1010, False, 5
1840,0, 1010, False, 5
1841,0, 1010, False, 5
1842,0, 1010, False, 5
1843,0, 1010, False, 5
1844,0, 1010, False, 5
1845,50, 1060, False, 5
1846,0, 1060, False, 5
1847,0, 1060, False, 5
1848,0, 1060, False, 5
1849,0, 1060, False, 5
1850,0, 1060, False, 5
1851,0, 1060, False, 5
1852,0, 1060, False, 9
1853,0, 1060, False, 9
1854,0, 1060, False, 9
1855,0, 1060, False, 9
1856,0, 1060, False, 9
1857,0, 1060, False, 9
1858,0, 1060, False, 9
1859,10, 1070, False, 9
1860,0, 1070, False, 4
1861,0, 1070, False, 4
1862,0, 1070, False, 4
1863,0, 1070, False, 4
1864,0, 1070, False, 4
1865,0, 1070, False, 4
1866,0, 1070, False, 4
1867,0, 1070, False, 4
1868,0, 1070, False, 4
1869,0, 1070, False, 4
1870,0, 1070, False, 4
1871,0, 1070, False, 4
1872,0, 1070, False, 4
1873,0, 1070, False, 4
1874,0, 1070, False, 4
1875,10, 1080, False, 4
1876,0, 1080, False, 4
1877,0, 1080, False, 4
1878,0, 1080, False, 4
1879,0, 1080, False, 0
1880,0, 1080, False, 0
1881,0, 1080, False, 0
1882,0, 1080, False, 3
1883,0, 1080, False, 3
1884,0, 1080, False, 3
1885,0, 1080, False, 3
1886,0, 1080, False, 3
1887,0, 1080, False, 3
1888,0, 1080, False, 3
1889,0, 1080, False, 3
1890,0, 1080, False, 3
1891,0, 1080, False, 3
1892,0, 1080, False, 3
1893,0, 1080, False, 3
1894,0, 1080, False, 3
1895,0, 1080, False, 3
1896,0, 1080, False, 3
1897,0, 1080, False, 4
1898,0, 1080, False, 4
1899,0, 1080, False, 4
1900,0, 1080, False, 4
1901,0, 1080, False, 4
1902,0, 1080, False, 4
1903,0, 1080, False, 4
1904,0, 1080, False, 4
1905,0, 1080, False, 4
1906,0, 1080, False, 4
1907,0, 1080, False, 4
1908,0, 1080, False, 4
1909,0, 1080, False, 4
1910,0, 1080, False, 4
1911,0, 1080, False, 4
1912,0, 1080, False, 4
1913,0, 1080, False, 4
1914,0, 1080, False, 4
1915,0, 1080, False, 4
1916,0, 1080, False, 4
1917,10, 1090, False, 4
1918,0, 1090, False, 4
1919,0, 1090, False, 4
1920,0, 1090, False, 4
1921,0, 1090, False, 4
1922,0, 1090, False, 4
1923,0, 1090, False, 4
1924,0, 1090, False, 4
1925,0, 1090, False, 9
1926,0, 1090, False, 9
1927,0, 1090, False, 5
1928,0, 1090, False, 5
1929,0, 1090, False, 5
1930,0, 1090, False, 5
1931,0, 1090, False, 5
1932,0, 1090, False, 5
1933,0, 1090, False, 5
1934,0, 1090, False, 5
1935,0, 1090, False, 5
1936,0, 1090, False, 5
1937,0, 1090, False, 5
1938,0, 1090, False, 5
1939,10, 1100, False, 5
1940,0, 1100, False, 5
1941,0, 1100, False, 5
1942,0, 1100, False, 5
1943,0, 1100, False, 5
1944,0, 1100, False, 5
1945,0, 1100, False, 5
1946,0, 1100, False, 5
1947,0, 1100, False, 5
1948,0, 1100, False, 5
1949,0, 1100, False, 5
1950,0, 1100, False, 5
1951,0, 1100, False, 5
1952,0, 1100, False, 5
1953,210, 1310, False, 5
1954,0, 1310, False, 5
1955,0, 1310, False, 5
1956,0, 1310, False, 5
1957,0, 1310, False, 5
1958,0, 1310, False, 9
1959,0, 1310, False, 9
1960,0, 1310, False, 9
1961,0, 1310, False, 4
1962,0, 1310, False, 4
1963,0, 1310, False, 4
1964,0, 1310, False, 4
1965,0, 1310, False, 4
1966,0, 1310, False, 4
1967,0, 1310, False, 4
1968,0, 1310, False, 4
1969,0, 1310, False, 4
1970,0, 1310, False, 4
1971,0, 1310, False, 4
1972,0, 1310, False, 4
1973,0, 1310, False, 4
1974,0, 1310, False, 4
1975,0, 1310, False, 4
1976,0, 1310, False, 4
1977,0, 1310, False, 4
1978,0, 1310, False, 4
1979,0, 1310, False, 4
1980,0, 1310, False, 4
1981,0, 1310, False, 4
1982,0, 1310, False, 4
1983,0, 1310, False, 4
1984,0, 1310, False, 4
1985,10, 1320, False, 4
1986,0, 1320, False, 4
1987,0, 1320, False, 4
1988,0, 1320, False, 4
1989,0, 1320, False, 4
1990,0, 1320, False, 4
1991,0, 1320, False, 4
1992,0, 1320, False, 4
1993,0, 1320, False, 4
1994,0, 1320, False, 4
1995,0, 1320, False, 4
1996,0, 1320, False, 4
1997,0, 1320, False, 4
1998,0, 1320, False, 4
1999,10, 1330, False, 4
2000,0, 1330, False, 4
2001,0, 1330, False, 4
2002,0, 1330, False, 4
2003,0, 1330, False, 4
2004,0, 1330, False, 4
2005,0, 1330, False, 4
2006,0, 1330, False, 4
2007,0, 1330, False, 4
2008,0, 1330, False, 4
2009,0, 1330, False, 4
2010,0, 1330, False, 4
2011,10, 1340, False, 4
2012,0, 1340, False, 4
2013,0, 1340, False, 4
2014,0, 1340, False, 4
2015,0, 1340, False, 4
2016,0, 1340, False, 4
2017,0, 1340, False, 4
2018,0, 1340, False, 4
2019,0, 1340, False, 4
2020,0, 1340, False, 4
2021,0, 1340, False, 4
2022,0, 1340, False, 4
2023,0, 1340, False, 4
2024,0, 1340, False, 4
2025,10, 1350, False, 4
2026,0, 1350, False, 4
2027,0, 1350, False, 4
2028,0, 1350, False, 4
2029,0, 1350, False, 4
2030,0, 1350, False, 4
2031,0, 1350, False, 4
2032,0, 1350, False, 4
2033,0, 1350, False, 4
2034,0, 1350, False, 4
2035,0, 1350, False, 4
2036,0, 1350, False, 4
2037,0, 1350, False, 4
2038,0, 1350, False, 4
2039,10, 1360, False, 4
2040,0, 1360, False, 4
2041,0, 1360, False, 4
2042,0, 1360, False, 4
2043,0, 1360, False, 4
2044,0, 1360, False, 4
2045,0, 1360, False, 4
2046,0, 1360, False, 4
2047,0, 1360, False, 4
2048,0, 1360, False, 4
2049,0, 1360, False, 4
2050,0, 1360, False, 4
2051,0, 1360, False, 4
2052,0, 1360, False, 4
2053,0, 1360, False, 4
2054,0, 1360, False, 4
2055,0, 1360, False, 4
2056,0, 1360, False, 4
2057,10, 1370, False, 4
2058,0, 1370, False, 4
2059,0, 1370, False, 4
2060,0, 1370, False, 4
2061,0, 1370, False, 4
2062,0, 1370, False, 4
2063,0, 1370, False, 4
2064,0, 1370, False, 4
2065,0, 1370, False, 4
2066,0, 1370, False, 4
2067,0, 1370, False, 4
2068,0, 1370, False, 4
2069,0, 1370, False, 4
2070,0, 1370, False, 4
2071,10, 1380, False, 4
2072,0, 1380, False, 4
2073,0, 1380, False, 4
2074,0, 1380, False, 4
2075,0, 1380, False, 4
2076,0, 1380, False, 0
2077,0, 1380, False, 0
2078,0, 1380, False, 5
2079,0, 1380, False, 5
2080,0, 1380, False, 5
2081,0, 1380, False, 5
2082,0, 1380, False, 5
2083,0, 1380, False, 5
2084,0, 1380, False, 5
2085,0, 1380, False, 5
2086,0, 1380, False, 5
2087,0, 1380, False, 5
2088,0, 1380, False, 5
2089,0, 1380, False, 5
2090,0, 1380, False, 5
2091,0, 1380, False, 5
2092,0, 1380, False, 5
2093,0, 1380, False, 5
2094,0, 1380, False, 5
2095,0, 1380, False, 5
2096,0, 1380, False, 5
2097,0, 1380, False, 5
2098,0, 1380, False, 5
2099,0, 1380, False, 5
2100,0, 1380, False, 5
2101,0, 1380, False, 5
2102,0, 1380, False, 5
2103,100, 1480, False, 5
2104,0, 1480, False, 5
2105,0, 1480, False, 5
2106,0, 1480, False, 5
2107,0, 1480, False, 5
2108,0, 1480, False, 5
2109,0, 1480, False, 5
2110,0, 1480, False, 5
2111,0, 1480, False, 0
2112,0, 1480, False, 0
2113,0, 1480, False, 0
2114,0, 1480, False, 0
2115,0, 1480, False, 0
2116,0, 1480, False, 2
2117,0, 1480, False, 2
2118,0, 1480, False, 2
2119,0, 1480, False, 2
2120,0, 1480, False, 2
2121,0, 1480, False, 2
2122,0, 1480, False, 2
2123,0, 1480, False, 2
2124,0, 1480, False, 2
2125,0, 1480, False, 2
2126,0, 1480, False, 2
2127,0, 1480, False, 2
2128,0, 1480, False, 2
2129,0, 1480, False, 2
2130,0, 1480, False, 2
2131,0, 1480, False, 2
2132,0, 1480, False, 2
2133,0, 1480, False, 2
2134,0, 1480, False, 2
2135,0, 1480, False, 2
2136,0, 1480, False, 2
2137,0, 1480, False, 2
2138,0, 1480, False, 2
2139,0, 1480, False, 2
2140,0, 1480, False, 2
2141,0, 1480, False, 2
2142,0, 1480, False, 2
2143,0, 1480, False, 2
2144,0, 1480, False, 7
2145,0, 1480, False, 7
2146,0, 1480, False, 7
2147,0, 1480, False, 4
2148,0, 1480, False, 4
2149,0, 1480, False, 4
2150,0, 1480, False, 4
2151,0, 1480, False, 4
2152,0, 1480, False, 4
2153,0, 1480, False, 4
2154,0, 1480, False, 4
2155,0, 1480, False, 4
2156,0, 1480, False, 4
2157,0, 1480, False, 4
2158,0, 1480, False, 4
2159,0, 1480, False, 4
2160,0, 1480, False, 4
2161,0, 1480, False, 4
2162,0, 1480, False, 4
2163,0, 1480, False, 4
2164,0, 1480, False, 4
2165,0, 1480, False, 4
2166,0, 1480, False, 4
2167,0, 1480, False, 4
2168,0, 1480, False, 4
2169,0, 1480, False, 4
2170,0, 1480, False, 4
2171,0, 1480, False, 4
2172,0, 1480, False, 4
2173,0, 1480, False, 4
2174,0, 1480, False, 4
2175,0, 1480, False, 4
2176,0, 1480, False, 4
2177,0, 1480, False, 4
2178,0, 1480, False, 4
2179,0, 1480, False, 4
2180,0, 1480, False, 4
2181,0, 1480, False, 4
2182,0, 1480, False, 4
2183,10, 1490, False, 4
2184,0, 1490, False, 4
2185,0, 1490, False, 4
2186,0, 1490, False, 4
2187,0, 1490, False, 4
2188,0, 1490, False, 4
2189,0, 1490, False, 4
2190,0, 1490, False, 4
2191,0, 1490, False, 4
2192,0, 1490, False, 4
2193,0, 1490, False, 4
2194,0, 1490, False, 4
2195,0, 1490, False, 4
2196,0, 1490, False, 4
2197,410, 1900, False, 4
2198,0, 1900, False, 4
2199,0, 1900, False, 4
2200,0, 1900, False, 4
2201,0, 1900, False, 4
2202,0, 1900, False, 4
2203,0, 1900, False, 4
2204,0, 1900, False, 4
2205,0, 1900, False, 4
2206,0, 1900, False, 4
2207,0, 1900, False, 4
2208,0, 1900, False, 4
2209,0, 1900, False, 4
2210,0, 1900, False, 4
2211,0, 1900, False, 4
2212,0, 1900, False, 4
2213,0, 1900, False, 4
2214,0, 1900, False, 4
2215,0, 1900, False, 4
2216,0, 1900, False, 4
2217,0, 1900, False, 4
2218,0, 1900, False, 4
2219,0, 1900, False, 4
2220,0, 1900, False, 4
2221,0, 1900, False, 4
2222,0, 1900, False, 4
2223,0, 1900, False, 4
2224,0, 1900, False, 4
2225,0, 1900, False, 4
2226,0, 1900, False, 4
2227,0, 1900, False, 4
2228,0, 1900, False, 4
2229,0, 1900, False, 4
2230,0, 1900, False, 4
2231,10, 1910, False, 4
2232,0, 1910, False, 4
2233,0, 1910, False, 4
2234,0, 1910, False, 4
2235,0, 1910, False, 4
2236,0, 1910, False, 4
2237,0, 1910, False, 4
2238,0, 1910, False, 4
2239,0, 1910, False, 4
2240,0, 1910, False, 4
2241,0, 1910, False, 4
2242,0, 1910, False, 4
2243,10, 1920, False, 4
2244,0, 1920, False, 4
2245,0, 1920, False, 4
2246,0, 1920, False, 4
2247,0, 1920, False, 4
2248,0, 1920, False, 4
2249,0, 1920, False, 4
2250,0, 1920, False, 4
2251,0, 1920, False, 4
2252,0, 1920, False, 4
2253,800, 2720, False, 4
2254,0, 2720, False, 4
2255,0, 2720, False, 4
2256,0, 2720, False, 4
2257,0, 2720, False, 4
2258,0, 2720, False, 4
2259,0, 2720, False, 4
2260,0, 2720, False, 4
2261,0, 2720, False, 4
2262,0, 2720, False, 4
2263,0, 2720, False, 4
2264,0, 2720, False, 4
2265,0, 2720, False, 4
2266,0, 2720, False, 4
2267,0, 2720, False, 4
2268,0, 2720, False, 4
2269,0, 2720, False, 4
2270,0, 2720, False, 4
2271,0, 2720, False, 4
2272,0, 2720, False, 4
2273,0, 2720, False, 4
2274,0, 2720, False, 4
2275,0, 2720, False, 4
2276,0, 2720, False, 4
2277,10, 2730, False, 4
2278,0, 2730, False, 4
2279,0, 2730, False, 4
2280,0, 2730, False, 4
2281,0, 2730, False, 4
2282,0, 2730, False, 4
2283,0, 2730, False, 4
2284,0, 2730, False, 4
2285,0, 2730, False, 7
2286,0, 2730, False, 7
2287,0, 2730, False, 7
2288,0, 2730, False, 7
2289,0, 2730, False, 7
2290,0, 2730, False, 2
2291,0, 2730, False, 2
2292,0, 2730, False, 2
2293,0, 2730, False, 2
2294,0, 2730, False, 2
2295,0, 2730, False, 2
2296,0, 2730, False, 2
2297,0, 2730, False, 2
2298,0, 2730, False, 2
2299,0, 2730, False, 2
2300,0, 2730, False, 2
2301,50, 2780, False, 2
2302,0, 2780, False, 2
2303,0, 2780, False, 2
2304,0, 2780, False, 2
2305,0, 2780, False, 2
2306,0, 2780, False, 2
2307,0, 2780, False, 2
2308,0, 2780, False, 2
2309,10, 2790, False, 2
2310,0, 2790, False, 2
2311,0, 2790, False, 2
2312,0, 2790, False, 2
2313,0, 2790, False, 2
2314,0, 2790, False, 2
2315,0, 2790, False, 2
2316,0, 2790, False, 6
2317,0, 2790, False, 3
2318,0, 2790, False, 3
2319,0, 2790, False, 3
2320,0, 2790, False, 3
2321,0, 2790, False, 3
2322,0, 2790, False, 3
2323,10, 2800, False, 3
2324,0, 2800, False, 3
2325,0, 2800, False, 3
2326,0, 2800, False, 3
2327,0, 2800, False, 3
2328,0, 2800, False, 3
2329,0, 2800, False, 3
2330,0, 2800, False, 3
2331,0, 2800, False, 3
2332,0, 2800, False, 3
2333,0, 2800, False, 3
2334,0, 2800, False, 3
2335,0, 2800, False, 3
2336,0, 2800, False, 3
2337,10, 2810, False, 3
2338,0, 2810, False, 3
2339,0, 2810, False, 3
2340,0, 2810, False, 3
2341,0, 2810, False, 3
2342,0, 2810, False, 3
2343,0, 2810, False, 3
2344,0, 2810, False, 3
2345,0, 2810, False, 3
2346,0, 2810, False, 3
2347,0, 2810, False, 3
2348,0, 2810, False, 3
2349,0, 2810, False, 3
2350,0, 2810, False, 8
2351,10, 2820, False, 8
2352,0, 2820, False, 5
2353,0, 2820, False, 5
2354,0, 2820, False, 5
2355,0, 2820, False, 5
2356,0, 2820, False, 5
2357,0, 2820, False, 5
2358,0, 2820, False, 5
2359,0, 2820, False, 5
2360,0, 2820, False, 5
2361,0, 2820, False, 5
2362,0, 2820, False, 5
2363,10, 2830, False, 5
2364,0, 2830, False, 5
2365,0, 2830, False, 5
2366,0, 2830, False, 5
2367,0, 2830, False, 5
2368,0, 2830, False, 5
2369,0, 2830, False, 5
2370,0, 2830, False, 5
2371,0, 2830, False, 5
2372,0, 2830, False, 5
2373,0, 2830, False, 5
2374,0, 2830, False, 5
2375,0, 2830, False, 5
2376,0, 2830, False, 5
2377,0, 2830, False, 5
2378,0, 2830, False, 5
2379,0, 2830, False, 5
2380,0, 2830, False, 5
2381,0, 2830, False, 5
2382,0, 2830, False, 5
2383,0, 2830, False, 5
2384,0, 2830, False, 5
2385,0, 2830, False, 5
2386,0, 2830, False, 5
2387,0, 2830, False, 5
2388,0, 2830, False, 5
2389,10, 2840, False, 5
2390,0, 2840, False, 5
2391,0, 2840, False, 5
2392,0, 2840, False, 5
2393,0, 2840, False, 5
2394,0, 2840, False, 5
2395,0, 2840, False, 5
2396,0, 2840, False, 8
2397,0, 2840, False, 8
2398,0, 2840, False, 8
2399,0, 2840, False, 3
2400,0, 2840, False, 3
2401,0, 2840, False, 3
2402,0, 2840, False, 3
2403,10, 2850, False, 3
2404,0, 2850, False, 3
2405,0, 2850, False, 3
2406,0, 2850, False, 3
2407,0, 2850, False, 3
2408,0, 2850, False, 3
2409,0, 2850, False, 3
2410,0, 2850, False, 3
2411,0, 2850, False, 3
2412,0, 2850, False, 3
2413,0, 2850, False, 3
2414,0, 2850, False, 3
2415,0, 2850, False, 3
2416,0, 2850, False, 3
2417,10, 2860, False, 3
2418,0, 2860, False, 3
2419,0, 2860, False, 3
2420,0, 2860, False, 3
2421,0, 2860, False, 3
2422,0, 2860, False, 3
2423,0, 2860, False, 3
2424,0, 2860, False, 3
2425,0, 2860, False, 3
2426,0, 2860, False, 3
2427,0, 2860, False, 3
2428,0, 2860, False, 3
2429,0, 2860, False, 3
2430,0, 2860, False, 3
2431,10, 2870, False, 3
2432,0, 2870, False, 3
2433,0, 2870, False, 3
2434,0, 2870, False, 3
2435,0, 2870, False, 3
2436,0, 2870, False, 8
2437,0, 2870, False, 5
2438,0, 2870, False, 5
2439,0, 2870, False, 5
2440,0, 2870, False, 5
2441,0, 2870, False, 5
2442,0, 2870, False, 5
2443,0, 2870, False, 5
2444,0, 2870, False, 5
2445,0, 2870, False, 5
2446,0, 2870, False, 5
2447,0, 2870, False, 5
2448,0, 2870, False, 5
2449,0, 2870, False, 5
2450,0, 2870, False, 5
2451,0, 2870, False, 5
2452,0, 2870, False, 5
2453,0, 2870, False, 5
2454,0, 2870, False, 5
2455,0, 2870, False, 5
2456,0, 2870, False, 5
2457,0, 2870, False, 5
2458,0, 2870, False, 9
2459,0, 2870, False, 9
2460,0, 2870, False, 9
2461,0, 2870, False, 9
2462,0, 2870, False, 9
2463,0, 2870, False, 9
2464,0, 2870, False, 9
2465,0, 2870, False, 9
2466,0, 2870, False, 9
2467,0, 2870, False, 4
2468,0, 2870, False, 4
2469,0, 2870, False, 4
2470,0, 2870, False, 4
2471,0, 2870, False, 4
2472,0, 2870, False, 4
2473,0, 2870, False, 4
2474,0, 2870, False, 4
2475,0, 2870, False, 4
2476,0, 2870, False, 4
2477,0, 2870, False, 4
2478,0, 2870, False, 4
2479,10, 2880, False, 4
2480,0, 2880, False, 4
2481,0, 2880, False, 4
2482,0, 2880, False, 4
2483,0, 2880, False, 4
2484,0, 2880, False, 4
2485,0, 2880, False, 4
2486,0, 2880, False, 4
2487,0, 2880, False, 4
2488,0, 2880, False, 4
2489,0, 2880, False, 4
2490,0, 2880, False, 4
2491,0, 2880, False, 4
2492,0, 2880, False, 4
2493,10, 2890, False, 4
2494,0, 2890, False, 4
2495,0, 2890, False, 4
2496,0, 2890, False, 4
2497,0, 2890, False, 4
2498,0, 2890, False, 4
2499,0, 2890, False, 4
2500,0, 2890, False, 4
2501,0, 2890, False, 4
2502,0, 2890, False, 4
2503,0, 2890, False, 4
2504,0, 2890, False, 4
2505,0, 2890, False, 4
2506,0, 2890, False, 4
2507,10, 2900, False, 4
2508,0, 2900, False, 4
2509,0, 2900, False, 4
2510,0, 2900, False, 4
2511,0, 2900, False, 4
2512,0, 2900, False, 4
2513,0, 2900, False, 4
2514,0, 2900, False, 4
2515,0, 2900, False, 4
2516,0, 2900, False, 4
2517,0, 2900, False, 4
2518,0, 2900, False, 4
2519,10, 2910, False, 4
2520,0, 2910, False, 4
2521,0, 2910, False, 4
2522,0, 2910, False, 4
2523,0, 2910, False, 4
2524,0, 2910, False, 7
2525,0, 2910, False, 7
2526,0, 2910, False, 7
2527,0, 2910, False, 7
2528,0, 2910, False, 7
2529,0, 2910, False, 2
2530,0, 2910, False, 2
2531,0, 2910, False, 2
2532,0, 2910, False, 2
2533,10, 2920, False, 2
2534,0, 2920, False, 2
2535,0, 2920, False, 2
2536,0, 2920, False, 2
2537,0, 2920, False, 2
2538,0, 2920, False, 2
2539,0, 2920, False, 2
2540,0, 2920, False, 2
2541,0, 2920, False, 2
2542,0, 2920, False, 2
2543,0, 2920, False, 2
2544,0, 2920, False, 2
2545,0, 2920, False, 2
2546,0, 2920, False, 2
2547,0, 2920, False, 2
2548,0, 2920, False, 2
2549,10, 2930, False, 2
2550,0, 2930, False, 2
2551,0, 2930, False, 2
2552,0, 2930, False, 2
2553,0, 2930, False, 2
2554,0, 2930, False, 2
2555,0, 2930, False, 2
2556,0, 2930, False, 2
2557,0, 2930, False, 2
2558,0, 2930, False, 2
2559,0, 2930, False, 2
2560,0, 2930, False, 2
2561,0, 2930, False, 2
2562,0, 2930, False, 2
2563,10, 2940, False, 2
2564,0, 2940, False, 2
2565,0, 2940, False, 2
2566,0, 2940, False, 2
2567,0, 2940, False, 2
2568,0, 2940, False, 2
2569,0, 2940, False, 2
2570,0, 2940, False, 2
2571,0, 2940, False, 2
2572,0, 2940, False, 2
2573,0, 2940, False, 0
2574,0, 2940, False, 0
2575,0, 2940, False, 0
2576,0, 2940, False, 0
2577,10, 2950, False, 0
2578,0, 2950, False, 0
2579,0, 2950, False, 0
2580,0, 2950, False, 5
2581,0, 2950, False, 5
2582,0, 2950, False, 5
2583,0, 2950, False, 5
2584,0, 2950, False, 5
2585,0, 2950, False, 5
2586,0, 2950, False, 5
2587,0, 2950, False, 5
2588,0, 2950, False, 5
2589,0, 2950, False, 5
2590,0, 2950, False, 5
2591,0, 2950, False, 5
2592,0, 2950, False, 5
2593,0, 2950, False, 9
2594,0, 2950, False, 9
2595,0, 2950, False, 4
2596,0, 2950, False, 4
2597,0, 2950, False, 4
2598,0, 2950, False, 4
2599,0, 2950, False, 4
2600,0, 2950, False, 4
2601,0, 2950, False, 4
2602,0, 2950, False, 4
2603,10, 2960, False, 4
2604,0, 2960, False, 4
2605,0, 2960, False, 4
2606,0, 2960, False, 4
2607,0, 2960, False, 4
2608,0, 2960, False, 4
2609,0, 2960, False, 4
2610,0, 2960, False, 4
2611,0, 2960, False, 4
2612,0, 2960, False, 4
2613,0, 2960, False, 4
2614,0, 2960, False, 4
2615,0, 2960, False, 4
2616,0, 2960, False, 4
2617,0, 2960, False, 4
2618,0, 2960, False, 4
2619,0, 2960, False, 4
2620,0, 2960, False, 4
2621,0, 2960, False, 4
2622,0, 2960, False, 4
2623,0, 2960, False, 4
2624,0, 2960, False, 4
2625,0, 2960, False, 4
2626,0, 2960, False, 4
2627,0, 2960, False, 4
2628,0, 2960, False, 4
2629,0, 2960, False, 4
2630,0, 2960, False, 4
2631,0, 2960, False, 4
2632,0, 2960, False, 4
2633,10, 2970, False, 4
2634,0, 2970, False, 4
2635,0, 2970, False, 4
2636,0, 2970, False, 4
2637,0, 2970, False, 4
2638,0, 2970, False, 4
2639,0, 2970, False, 4
2640,0, 2970, False, 4
2641,0, 2970, False, 4
2642,0, 2970, False, 4
2643,0, 2970, False, 4
2644,0, 2970, False, 4
2645,0, 2970, False, 4
2646,0, 2970, False, 4
2647,10, 2980, False, 4
2648,0, 2980, False, 4
2649,0, 2980, False, 4
2650,0, 2980, False, 4
2651,0, 2980, False, 7
2652,0, 2980, False, 2
2653,0, 2980, False, 2
2654,0, 2980, False, 2
2655,0, 2980, False, 2
2656,0, 2980, False, 2
2657,0, 2980, False, 2
2658,0, 2980, False, 2
2659,0, 2980, False, 2
2660,0, 2980, False, 2
2661,0, 2980, False, 2
2662,0, 2980, False, 2
2663,0, 2980, False, 2
2664,0, 2980, False, 2
2665,10, 2990, False, 2
2666,0, 2990, False, 2
2667,0, 2990, False, 0
2668,0, 2990, False, 5
2669,0, 2990, False, 5
2670,0, 2990, False, 5
2671,0, 2990, False, 5
2672,0, 2990, False, 5
2673,0, 2990, False, 5
2674,0, 2990, False, 5
2675,0, 2990, False, 5
2676,0, 2990, False, 5
2677,0, 2990, False, 5
2678,0, 2990, False, 5
2679,0, 2990, False, 5
2680,0, 2990, False, 5
2681,0, 2990, False, 5
2682,0, 2990, False, 5
2683,0, 2990, False, 5
2684,0, 2990, False, 5
2685,0, 2990, False, 5
2686,0, 2990, False, 5
2687,0, 2990, False, 5
2688,0, 2990, False, 5
2689,0, 2990, False, 5
2690,0, 2990, False, 5
2691,10, 3000, False, 5
2692,0, 3000, False, 5
2693,0, 3000, False, 5
2694,0, 3000, False, 5
2695,0, 3000, False, 5
2696,0, 3000, False, 5
2697,0, 3000, False, 5
2698,0, 3000, False, 5
2699,0, 3000, False, 5
2700,0, 3000, False, 5
2701,0, 3000, False, 5
2702,0, 3000, False, 5
2703,0, 3000, False, 5
2704,0, 3000, False, 5
2705,10, 3010, False, 5
2706,0, 3010, False, 5
2707,0, 3010, False, 5
2708,0, 3010, False, 5
2709,0, 3010, False, 5
2710,0, 3010, False, 5
2711,0, 3010, False, 5
2712,0, 3010, False, 5
2713,0, 3010, False, 5
2714,0, 3010, False, 5
2715,0, 3010, False, 5
2716,0, 3010, False, 5
2717,0, 3010, False, 5
2718,0, 3010, False, 5
2719,10, 3020, False, 5
2720,0, 3020, False, 5
2721,0, 3020, False, 5
2722,0, 3020, False, 5
2723,0, 3020, False, 5
2724,0, 3020, False, 5
2725,0, 3020, False, 5
2726,0, 3020, False, 5
2727,0, 3020, False, 5
2728,0, 3020, False, 5
2729,0, 3020, False, 8
2730,0, 3020, False, 3
2731,0, 3020, False, 3
2732,0, 3020, False, 3
2733,10, 3030, False, 3
2734,0, 3030, False, 3
2735,0, 3030, False, 3
2736,0, 3030, False, 3
2737,0, 3030, False, 3
2738,0, 3030, False, 3
2739,0, 3030, False, 3
2740,0, 3030, False, 3
2741,0, 3030, False, 3
2742,0, 3030, False, 3
2743,0, 3030, False, 3
2744,0, 3030, False, 3
2745,0, 3030, False, 3
2746,0, 3030, False, 3
2747,10, 3040, False, 3
2748,0, 3040, False, 3
2749,0, 3040, False, 0
2750,0, 3040, False, 4
2751,0, 3040, False, 4
2752,0, 3040, False, 4
2753,0, 3040, False, 4
2754,0, 3040, False, 4
2755,0, 3040, False, 4
2756,0, 3040, False, 4
2757,0, 3040, False, 4
2758,0, 3040, False, 4
2759,0, 3040, False, 4
2760,0, 3040, False, 4
2761,0, 3040, False, 4
2762,0, 3040, False, 4
2763,0, 3040, False, 4
2764,0, 3040, False, 9
2765,0, 3040, False, 9
2766,0, 3040, False, 9
2767,0, 3040, False, 5
2768,0, 3040, False, 5
2769,0, 3040, False, 5
2770,0, 3040, False, 5
2771,10, 3050, False, 5
2772,0, 3050, False, 5
2773,0, 3050, False, 5
2774,0, 3050, False, 5
2775,0, 3050, False, 5
2776,0, 3050, False, 5
2777,0, 3050, False, 5
2778,0, 3050, False, 5
2779,0, 3050, False, 5
2780,0, 3050, False, 5
2781,0, 3050, False, 5
2782,0, 3050, False, 5
2783,0, 3050, False, 5
2784,0, 3050, False, 5
2785,0, 3050, False, 5
2786,0, 3050, False, 5
2787,0, 3050, False, 5
2788,0, 3050, False, 9
2789,0, 3050, False, 9
2790,0, 3050, False, 9
2791,0, 3050, False, 4
2792,0, 3050, False, 4
2793,0, 3050, False, 4
2794,0, 3050, False, 4
2795,0, 3050, False, 4
2796,0, 3050, False, 4
2797,0, 3050, False, 4
2798,0, 3050, False, 4
2799,0, 3050, False, 4
2800,0, 3050, False, 4
2801,0, 3050, False, 4
2802,0, 3050, False, 4
2803,0, 3050, False, 4
2804,0, 3050, False, 4
2805,0, 3050, False, 4
2806,0, 3050, False, 4
2807,0, 3050, False, 4
2808,0, 3050, False, 4
2809,0, 3050, False, 4
2810,0, 3050, False, 4
2811,0, 3050, False, 4
2812,0, 3050, False, 4
2813,0, 3050, False, 0
2814,0, 3050, False, 3
2815,0, 3050, False, 3
2816,0, 3050, False, 3
2817,0, 3050, False, 3
2818,0, 3050, False, 3
2819,0, 3050, False, 3
2820,0, 3050, False, 3
2821,0, 3050, False, 3
2822,0, 3050, False, 3
2823,0, 3050, False, 3
2824,0, 3050, False, 3
2825,0, 3050, False, 4
2826,0, 3050, False, 4
2827,0, 3050, False, 4
2828,0, 3050, False, 4
2829,0, 3050, False, 4
2830,0, 3050, False, 4
2831,0, 3050, False, 4
2832,0, 3050, False, 4
2833,0, 3050, False, 4
2834,0, 3050, False, 4
2835,0, 3050, False, 4
2836,0, 3050, False, 4
2837,0, 3050, False, 4
2838,0, 3050, False, 4
2839,0, 3050, False, 4
2840,0, 3050, False, 4
2841,0, 3050, False, 4
2842,0, 3050, False, 7
2843,0, 3050, False, 7
2844,0, 3050, False, 7
2845,0, 3050, False, 7
2846,0, 3050, False, 2
2847,0, 3050, False, 2
2848,0, 3050, False, 2
2849,0, 3050, False, 2
2850,0, 3050, False, 2
2851,0, 3050, False, 2
2852,0, 3050, False, 2
2853,0, 3050, False, 2
2854,0, 3050, False, 2
2855,0, 3050, False, 2
2856,0, 3050, False, 2
2857,0, 3050, False, 2
2858,0, 3050, False, 2
2859,0, 3050, False, 2
2860,0, 3050, False, 2
2861,0, 3050, False, 2
2862,0, 3050, False, 2
2863,0, 3050, False, 2
2864,0, 3050, False, 2
2865,0, 3050, False, 7
2866,0, 3050, False, 7
2867,0, 3050, False, 4
2868,0, 3050, False, 4
2869,0, 3050, False, 4
2870,0, 3050, False, 4
2871,0, 3050, False, 4
2872,0, 3050, False, 4
2873,0, 3050, False, 4
2874,0, 3050, False, 4
2875,0, 3050, False, 4
2876,0, 3050, False, 4
2877,0, 3050, False, 4
2878,0, 3050, False, 4
2879,0, 3050, False, 4
2880,0, 3050, False, 4
2881,0, 3050, False, 9
2882,0, 3050, False, 9
2883,0, 3050, False, 9
2884,0, 3050, False, 5
2885,0, 3050, False, 5
2886,0, 3050, False, 5
2887,0, 3050, False, 5
2888,0, 3050, False, 5
2889,0, 3050, False, 5
2890,0, 3050, False, 5
2891,0, 3050, False, 5
2892,0, 3050, False, 5
2893,0, 3050, False, 5
2894,0, 3050, False, 5
2895,10, 3060, False, 5
2896,0, 3060, False, 5
2897,0, 3060, False, 5
2898,0, 3060, False, 5
2899,0, 3060, False, 5
2900,0, 3060, False, 5
2901,0, 3060, False, 5
2902,0, 3060, False, 5
2903,0, 3060, False, 5
2904,0, 3060, False, 5
2905,0, 3060, False, 5
2906,0, 3060, False, 5
2907,0, 3060, False, 5
2908,0, 3060, False, 5
2909,10, 3070, False, 5
2910,0, 3070, False, 5
2911,0, 3070, False, 5
2912,0, 3070, False, 5
2913,0, 3070, False, 5
2914,0, 3070, False, 5
2915,0, 3070, False, 5
2916,0, 3070, False, 5
2917,0, 3070, False, 5
2918,0, 3070, False, 5
2919,0, 3070, False, 5
2920,0, 3070, False, 9
2921,0, 3070, False, 9
2922,0, 3070, False, 9
2923,10, 3080, False, 4
2924,0, 3080, False, 4
2925,0, 3080, False, 4
2926,0, 3080, False, 4
2927,0, 3080, False, 4
2928,0, 3080, False, 4
2929,0, 3080, False, 4
2930,0, 3080, False, 4
2931,0, 3080, False, 4
2932,0, 3080, False, 4
2933,0, 3080, False, 4
2934,0, 3080, False, 4
2935,0, 3080, False, 4
2936,0, 3080, False, 4
2937,0, 3080, False, 4
2938,0, 3080, False, 4
2939,10, 3090, False, 9
2940,0, 3090, False, 9
2941,0, 3090, False, 5
2942,0, 3090, False, 5
2943,0, 3090, False, 5
2944,0, 3090, False, 5
2945,0, 3090, False, 5
2946,0, 3090, False, 5
2947,0, 3090, False, 5
2948,0, 3090, False, 5
2949,0, 3090, False, 5
2950,0, 3090, False, 5
2951,0, 3090, False, 5
2952,0, 3090, False, 5
2953,0, 3090, False, 5
2954,0, 3090, False, 5
2955,0, 3090, False, 5
2956,0, 3090, False, 0
2957,0, 3090, False, 0
2958,0, 3090, False, 0
2959,0, 3090, False, 0
2960,0, 3090, False, 0
2961,0, 3090, False, 0
2962,0, 3090, False, 0
2963,0, 3090, False, 2
2964,0, 3090, False, 2
2965,0, 3090, False, 2
2966,0, 3090, False, 2
2967,0, 3090, False, 2
2968,0, 3090, False, 2
2969,0, 3090, False, 2
2970,0, 3090, False, 2
2971,0, 3090, False, 2
2972,0, 3090, False, 2
2973,0, 3090, False, 2
2974,0, 3090, False, 2
2975,0, 3090, False, 2
2976,0, 3090, False, 2
2977,0, 3090, False, 2
2978,0, 3090, False, 2
2979,0, 3090, False, 2
2980,0, 3090, False, 2
2981,0, 3090, False, 7
2982,0, 3090, False, 7
2983,0, 3090, False, 4
2984,0, 3090, False, 4
2985,0, 3090, False, 4
2986,0, 3090, False, 4
2987,0, 3090, False, 4
2988,0, 3090, False, 4
2989,0, 3090, False, 4
2990,0, 3090, False, 4
2991,0, 3090, False, 4
2992,0, 3090, False, 4
2993,0, 3090, False, 4
2994,0, 3090, False, 4
2995,10, 3100, False, 4
2996,0, 3100, False, 4
2997,0, 3100, False, 3
2998,0, 3100, False, 3
2999,0, 3100, False, 3
3000,0, 3100, False, 3
3001,0, 3100, False, 3
3002,0, 3100, False, 3
3003,0, 3100, False, 3
3004,0, 3100, False, 3
3005,0, 3100, False, 3
3006,0, 3100, False, 3
3007,0, 3100, False, 3
3008,0, 3100, False, 8
3009,0, 3100, False, 8
3010,0, 3100, False, 8
3011,0, 3100, False, 5
3012,0, 3100, False, 5
3013,0, 3100, False, 5
3014,0, 3100, False, 5
3015,0, 3100, False, 5
3016,0, 3100, False, 5
3017,0, 3100, False, 5
3018,0, 3100, False, 5
3019,0, 3100, False, 5
3020,0, 3100, False, 5
3021,0, 3100, False, 5
3022,0, 3100, False, 5
3023,0, 3100, False, 5
3024,0, 3100, False, 5
3025,0, 3100, False, 5
3026,0, 3100, False, 5
3027,0, 3100, False, 5
3028,0, 3100, False, 5
3029,0, 3100, False, 5
3030,0, 3100, False, 5
3031,0, 3100, False, 5
3032,0, 3100, False, 5
3033,0, 3100, False, 5
3034,0, 3100, False, 5
3035,0, 3100, False, 5
3036,0, 3100, False, 5
3037,0, 3100, False, 5
3038,0, 3100, False, 5
3039,0, 3100, False, 5
3040,0, 3100, False, 8
3041,0, 3100, False, 8
3042,0, 3100, False, 8
3043,0, 3100, False, 3
3044,0, 3100, False, 3
3045,0, 3100, False, 3
3046,0, 3100, False, 3
3047,0, 3100, False, 3
3048,0, 3100, False, 3
3049,0, 3100, False, 3
3050,0, 3100, False, 3
3051,0, 3100, False, 3
3052,0, 3100, False, 3
3053,0, 3100, False, 3
3054,0, 3100, False, 3
3055,10, 3110, False, 3
3056,0, 3110, False, 3
3057,0, 3110, False, 3
3058,0, 3110, False, 3
3059,0, 3110, False, 3
3060,0, 3110, False, 3
3061,0, 3110, False, 3
3062,0, 3110, False, 3
3063,0, 3110, False, 3
3064,0, 3110, False, 3
3065,0, 3110, False, 3
3066,0, 3110, False, 3
3067,0, 3110, False, 3
3068,0, 3110, False, 3
3069,0, 3110, False, 3
3070,0, 3110, False, 3
3071,0, 3110, False, 3
3072,0, 3110, False, 3
3073,0, 3110, False, 3
3074,0, 3110, False, 3
3075,0, 3110, False, 3
3076,0, 3110, False, 3
3077,0, 3110, False, 3
3078,0, 3110, False, 3
3079,0, 3110, False, 3
3080,0, 3110, False, 3
3081,0, 3110, False, 3
3082,0, 3110, False, 3
3083,0, 3110, False, 3
3084,0, 3110, False, 3
3085,0, 3110, False, 3
3086,0, 3110, False, 3
3087,0, 3110, False, 3
3088,0, 3110, False, 6
3089,0, 3110, False, 6
3090,0, 3110, False, 6
3091,0, 3110, False, 2
3092,0, 3110, False, 2
3093,0, 3110, False, 2
3094,0, 3110, False, 2
3095,0, 3110, False, 2
3096,0, 3110, False, 2
3097,0, 3110, False, 2
3098,0, 3110, False, 2
3099,0, 3110, False, 2
3100,0, 3110, False, 2
3101,0, 3110, False, 2
3102,0, 3110, False, 2
3103,0, 3110, False, 2
3104,0, 3110, False, 2
3105,0, 3110, False, 2
3106,0, 3110, False, 2
3107,0, 3110, False, 2
3108,0, 3110, False, 2
3109,0, 3110, False, 2
3110,0, 3110, False, 2
3111,0, 3110, False, 2
3112,0, 3110, False, 2
3113,0, 3110, False, 2
3114,0, 3110, False, 2
3115,0, 3110, False, 2
3116,0, 3110, False, 2
3117,0, 3110, False, 2
3118,0, 3110, False, 2
3119,0, 3110, False, 6
3120,0, 3110, False, 6
3121,0, 3110, False, 6
3122,0, 3110, False, 3
3123,0, 3110, False, 3
3124,0, 3110, False, 3
3125,0, 3110, False, 3
3126,0, 3110, False, 3
3127,0, 3110, False, 3
3128,0, 3110, False, 3
3129,0, 3110, False, 3
3130,0, 3110, False, 3
3131,0, 3110, False, 3
3132,0, 3110, False, 3
3133,0, 3110, False, 3
3134,0, 3110, False, 3
3135,0, 3110, False, 3
3136,0, 3110, False, 3
3137,0, 3110, False, 3
3138,0, 3110, False, 3
3139,0, 3110, False, 6
3140,0, 3110, False, 6
3141,0, 3110, False, 6
3142,0, 3110, False, 6
3143,0, 3110, False, 6
3144,0, 3110, False, 2
3145,0, 3110, False, 2
3146,0, 3110, False, 2
3147,0, 3110, False, 2
3148,0, 3110, False, 2
3149,0, 3110, False, 2
3150,0, 3110, False, 2
3151,0, 3110, False, 2
3152,0, 3110, False, 2
3153,0, 3110, False, 2
3154,0, 3110, False, 2
3155,0, 3110, False, 2
3156,0, 3110, False, 2
3157,0, 3110, False, 2
3158,0, 3110, False, 2
3159,0, 3110, False, 2
3160,0, 3110, False, 2
3161,0, 3110, False, 2
3162,0, 3110, False, 6
3163,0, 3110, False, 3
3164,0, 3110, False, 3
3165,0, 3110, False, 3
3166,0, 3110, False, 3
3167,0, 3110, False, 3
3168,0, 3110, False, 3
3169,0, 3110, False, 3
3170,0, 3110, False, 3
3171,0, 3110, False, 3
3172,0, 3110, False, 3
3173,0, 3110, False, 3
3174,0, 3110, False, 3
3175,0, 3110, False, 3
3176,0, 3110, False, 3
3177,0, 3110, False, 3
3178,0, 3110, False, 3
3179,0, 3110, False, 3
3180,0, 3110, False, 3
3181,0, 3110, False, 3
3182,0, 3110, False, 3
3183,0, 3110, False, 3
3184,0, 3110, False, 3
3185,0, 3110, False, 3
3186,0, 3110, False, 3
3187,0, 3110, False, 3
3188,0, 3110, False, 3
3189,0, 3110, False, 3
3190,0, 3110, False, 3
3191,0, 3110, False, 3
3192,0, 3110, False, 3
3193,0, 3110, False, 3
3194,0, 3110, False, 3
3195,0, 3110, False, 3
3196,0, 3110, False, 3
3197,0, 3110, False, 3
3198,0, 3110, False, 3
3199,0, 3110, False, 3
3200,0, 3110, False, 3
3201,0, 3110, False, 3
3202,0, 3110, False, 3
3203,0, 3110, False, 3
3204,0, 3110, False, 3
3205,0, 3110, False, 3
3206,0, 3110, False, 3
3207,0, 3110, False, 3
3208,0, 3110, False, 3
3209,10, 3120, False, 3
3210,0, 3120, False, 3
3211,0, 3120, False, 3
3212,0, 3120, False, 3
3213,0, 3120, False, 3
3214,0, 3120, False, 3
3215,0, 3120, False, 3
3216,0, 3120, False, 3
3217,0, 3120, False, 3
3218,0, 3120, False, 3
3219,0, 3120, False, 3
3220,0, 3120, False, 3
3221,0, 3120, False, 3
3222,0, 3120, False, 3
3223,10, 3130, False, 3
3224,0, 3130, False, 3
3225,0, 3130, False, 3
3226,0, 3130, False, 3
3227,0, 3130, False, 3
3228,0, 3130, False, 3
3229,0, 3130, False, 6
3230,0, 3130, False, 2
3231,0, 3130, False, 2
3232,0, 3130, False, 2
3233,0, 3130, False, 2
3234,0, 3130, False, 2
3235,0, 3130, False, 2
3236,0, 3130, False, 2
3237,0, 3130, False, 2
3238,0, 3130, False, 2
3239,0, 3130, False, 2
3240,0, 3130, False, 2
3241,0, 3130, False, 2
3242,0, 3130, False, 0
3243,10, 3140, False, 0
3244,0, 3140, False, 0
3245,0, 3140, False, 5
3246,0, 3140, False, 5
3247,0, 3140, False, 5
3248,0, 3140, False, 5
3249,0, 3140, False, 5
3250,0, 3140, False, 5
3251,0, 3140, False, 5
3252,0, 3140, False, 5
3253,0, 3140, False, 5
3254,0, 3140, False, 5
3255,0, 3140, False, 5
3256,0, 3140, False, 5
3257,0, 3140, False, 5
3258,0, 3140, False, 5
3259,0, 3140, False, 5
3260,0, 3140, False, 5
3261,0, 3140, False, 5
3262,0, 3140, False, 5
3263,0, 3140, False, 5
3264,0, 3140, False, 5
3265,0, 3140, False, 5
3266,0, 3140, False, 5
3267,0, 3140, False, 5
3268,0, 3140, False, 5
3269,0, 3140, False, 5
3270,0, 3140, False, 5
3271,10, 3150, False, 5
3272,0, 3150, False, 5
3273,0, 3150, False, 5
3274,0, 3150, False, 5
3275,0, 3150, False, 5
3276,0, 3150, False, 5
3277,0, 3150, False, 5
3278,0, 3150, False, 5
3279,0, 3150, False, 5
3280,0, 3150, False, 5
3281,0, 3150, False, 8
3282,0, 3150, False, 3
3283,0, 3150, False, 3
3284,0, 3150, False, 3
3285,10, 3160, False, 3
3286,0, 3160, False, 3
3287,0, 3160, False, 3
3288,0, 3160, False, 3
3289,0, 3160, False, 3
3290,0, 3160, False, 3
3291,0, 3160, False, 3
3292,0, 3160, False, 3
3293,0, 3160, False, 3
3294,0, 3160, False, 3
3295,0, 3160, False, 3
3296,0, 3160, False, 3
3297,0, 3160, False, 3
3298,0, 3160, False, 3
3299,10, 3170, False, 3
3300,0, 3170, False, 3
3301,0, 3170, False, 3
3302,0, 3170, False, 4
3303,0, 3170, False, 4
3304,0, 3170, False, 4
3305,0, 3170, False, 4
3306,0, 3170, False, 4
3307,0, 3170, False, 4
3308,0, 3170, False, 4
3309,0, 3170, False, 4
3310,0, 3170, False, 4
3311,0, 3170, False, 4
3312,0, 3170, False, 4
3313,0, 3170, False, 4
3314,0, 3170, False, 4
3315,0, 3170, False, 4
3316,0, 3170, False, 4
3317,0, 3170, False, 4
3318,0, 3170, False, 4
3319,0, 3170, False, 4
3320,0, 3170, False, 4
3321,0, 3170, False, 4
3322,0, 3170, False, 4
3323,10, 3180, False, 4
3324,0, 3180, False, 4
3325,0, 3180, False, 9
3326,0, 3180, False, 9
3327,0, 3180, False, 5
3328,0, 3180, False, 5
3329,0, 3180, False, 5
3330,0, 3180, False, 5
3331,0, 3180, False, 5
3332,0, 3180, False, 5
3333,0, 3180, False, 5
3334,0, 3180, False, 5
3335,10, 3190, False, 5
3336,0, 3190, False, 5
3337,0, 3190, False, 5
3338,0, 3190, False, 5
3339,0, 3190, False, 5
3340,0, 3190, False, 5
3341,0, 3190, False, 5
3342,0, 3190, False, 5
3343,0, 3190, False, 5
3344,0, 3190, False, 5
3345,0, 3190, False, 5
3346,0, 3190, False, 5
3347,50, 3240, False, 5
3348,0, 3240, False, 5
3349,0, 3240, False, 5
3350,0, 3240, False, 5
3351,0, 3240, False, 5
3352,0, 3240, False, 5
3353,0, 3240, False, 5
3354,0, 3240, False, 5
3355,0, 3240, False, 5
3356,0, 3240, False, 5
3357,0, 3240, False, 5
3358,0, 3240, False, 5
3359,0, 3240, False, 5
3360,0, 3240, False, 5
3361,10, 3250, False, 5
3362,0, 3250, False, 8
3363,0, 3250, False, 8
3364,0, 3250, False, 8
3365,0, 3250, False, 3
3366,0, 3250, False, 3
3367,0, 3250, False, 3
3368,0, 3250, False, 3
3369,0, 3250, False, 3
3370,0, 3250, False, 3
3371,0, 3250, False, 3
3372,0, 3250, False, 3
3373,0, 3250, False, 3
3374,0, 3250, False, 3
3375,0, 3250, False, 3
3376,0, 3250, False, 3
3377,0, 3250, False, 3
3378,0, 3250, False, 3
3379,0, 3250, False, 3
3380,0, 3250, False, 3
3381,0, 3250, False, 3
3382,0, 3250, False, 3
3383,0, 3250, False, 3
3384,0, 3250, False, 3
3385,0, 3250, False, 3
3386,0, 3250, False, 3
3387,0, 3250, False, 3
3388,0, 3250, False, 3
3389,0, 3250, False, 3
3390,0, 3250, False, 3
3391,0, 3250, False, 3
3392,0, 3250, False, 3
3393,0, 3250, False, 3
3394,0, 3250, False, 3
3395,0, 3250, False, 3
3396,0, 3250, False, 3
3397,0, 3250, False, 3
3398,0, 3250, False, 6
3399,0, 3250, False, 6
3400,0, 3250, False, 2
3401,0, 3250, False, 2
3402,0, 3250, False, 2
3403,0, 3250, False, 2
3404,0, 3250, False, 2
3405,0, 3250, False, 2
3406,0, 3250, False, 2
3407,0, 3250, False, 2
3408,0, 3250, False, 2
3409,0, 3250, False, 2
3410,0, 3250, False, 2
3411,0, 3250, False, 2
3412,0, 3250, False, 2
3413,0, 3250, False, 2
3414,0, 3250, False, 2
3415,0, 3250, False, 2
3416,0, 3250, False, 2
3417,0, 3250, False, 2
3418,0, 3250, False, 2
3419,0, 3250, False, 2
3420,0, 3250, False, 2
3421,0, 3250, False, 2
3422,0, 3250, False, 2
3423,0, 3250, False, 2
3424,0, 3250, False, 2
3425,0, 3250, False, 2
3426,0, 3250, False, 2
3427,0, 3250, False, 2
3428,0, 3250, False, 2
3429,0, 3250, False, 2
3430,0, 3250, False, 2
3431,0, 3250, False, 2
3432,0, 3250, False, 2
3433,0, 3250, False, 2
3434,0, 3250, False, 2
3435,0, 3250, False, 2
3436,0, 3250, False, 2
3437,0, 3250, False, 2
3438,0, 3250, False, 2
3439,0, 3250, False, 2
3440,0, 3250, False, 2
3441,0, 3250, False, 2
3442,0, 3250, False, 2
3443,0, 3250, False, 2
3444,0, 3250, False, 2
3445,0, 3250, False, 2
3446,0, 3250, False, 2
3447,0, 3250, False, 2
3448,0, 3250, False, 2
3449,0, 3250, False, 2
3450,0, 3250, False, 2
3451,0, 3250, False, 2
3452,0, 3250, False, 2
3453,0, 3250, False, 2
3454,0, 3250, False, 2
3455,0, 3250, False, 3
3456,0, 3250, False, 3
3457,0, 3250, False, 3
3458,0, 3250, False, 3
3459,0, 3250, False, 3
3460,0, 3250, False, 3
3461,0, 3250, False, 3
3462,0, 3250, False, 3
3463,0, 3250, False, 3
3464,0, 3250, False, 3
3465,0, 3250, False, 3
3466,0, 3250, False, 3
3467,0, 3250, False, 3
3468,0, 3250, False, 3
3469,0, 3250, False, 3
3470,0, 3250, False, 3
3471,0, 3250, False, 3
3472,0, 3250, False, 3
3473,0, 3250, False, 3
3474,0, 3250, False, 3
3475,0, 3250, False, 3
3476,0, 3250, False, 3
3477,0, 3250, False, 3
3478,0, 3250, False, 3
3479,0, 3250, False, 3
3480,0, 3250, False, 3
3481,0, 3250, False, 8
3482,0, 3250, False, 8
3483,0, 3250, False, 5
3484,0, 3250, False, 5
3485,0, 3250, False, 5
3486,0, 3250, False, 5
3487,0, 3250, False, 5
3488,0, 3250, False, 5
3489,10, 3260, False, 5
3490,0, 3260, False, 5
3491,0, 3260, False, 5
3492,0, 3260, False, 5
3493,0, 3260, False, 5
3494,0, 3260, False, 5
3495,0, 3260, False, 5
3496,0, 3260, False, 5
3497,0, 3260, False, 5
3498,0, 3260, False, 5
3499,0, 3260, False, 5
3500,0, 3260, False, 5
3501,0, 3260, False, 5
3502,0, 3260, False, 5
3503,10, 3270, False, 5
3504,0, 3270, False, 5
3505,0, 3270, False, 5
3506,0, 3270, False, 5
3507,0, 3270, False, 5
3508,0, 3270, False, 5
3509,0, 3270, False, 5
3510,0, 3270, False, 5
3511,0, 3270, False, 5
3512,0, 3270, False, 5
3513,0, 3270, False, 5
3514,0, 3270, False, 5
3515,0, 3270, False, 8
3516,0, 3270, False, 8
3517,10, 3280, False, 3
3518,0, 3280, False, 3
3519,0, 3280, False, 3
3520,0, 3280, False, 3
3521,0, 3280, False, 3
3522,0, 3280, False, 3
3523,0, 3280, False, 3
3524,0, 3280, False, 3
3525,0, 3280, False, 3
3526,0, 3280, False, 3
3527,0, 3280, False, 3
3528,0, 3280, False, 3
3529,0, 3280, False, 3
3530,0, 3280, False, 3
3531,10, 3290, False, 3
3532,0, 3290, False, 3
3533,0, 3290, False, 3
3534,0, 3290, False, 3
3535,0, 3290, False, 3
3536,0, 3290, False, 3
3537,0, 3290, False, 3
3538,0, 3290, False, 3
3539,0, 3290, False, 3
3540,0, 3290, False, 3
3541,0, 3290, False, 3
3542,0, 3290, False, 3
3543,0, 3290, False, 3
3544,0, 3290, False, 6
3545,0, 3290, False, 6
3546,0, 3290, False, 6
3547,0, 3290, False, 6
3548,0, 3290, False, 2
3549,0, 3290, False, 2
3550,0, 3290, False, 2
3551,0, 3290, False, 2
3552,0, 3290, False, 2
3553,0, 3290, False, 2
3554,0, 3290, False, 2
3555,0, 3290, False, 2
3556,0, 3290, False, 2
3557,0, 3290, False, 2
3558,0, 3290, False, 2
3559,10, 3300, False, 2
3560,0, 3300, False, 6
3561,0, 3300, False, 6
3562,0, 3300, False, 3
3563,0, 3300, False, 3
3564,0, 3300, False, 3
3565,0, 3300, False, 3
3566,0, 3300, False, 3
3567,0, 3300, False, 3
3568,0, 3300, False, 3
3569,0, 3300, False, 3
3570,0, 3300, False, 3
3571,10, 3310, False, 3
3572,0, 3310, False, 3
3573,0, 3310, False, 3
3574,0, 3310, False, 3
3575,0, 3310, False, 3
3576,0, 3310, False, 3
3577,0, 3310, False, 0
3578,0, 3310, False, 4
3579,0, 3310, False, 4
3580,0, 3310, False, 4
3581,0, 3310, False, 4
3582,0, 3310, False, 4
3583,0, 3310, False, 4
3584,0, 3310, False, 4
3585,0, 3310, False, 4
3586,0, 3310, False, 4
3587,0, 3310, False, 4
3588,0, 3310, False, 4
3589,0, 3310, False, 4
3590,0, 3310, False, 4
3591,0, 3310, False, 4
3592,0, 3310, False, 0
3593,0, 3310, False, 0
3594,0, 3310, False, 0
3595,0, 3310, False, 0
3596,0, 3310, False, 0
3597,0, 3310, False, 0
3598,0, 3310, False, 0
3599,0, 3310, False, 0
3600,0, 3310, False, 0
3601,0, 3310, False, 0
3602,0, 3310, False, 0
3603,10, 3320, False, 0
3604,0, 3320, False, 2
3605,0, 3320, False, 2
3606,0, 3320, False, 2
3607,0, 3320, False, 2
3608,0, 3320, False, 2
3609,0, 3320, False, 2
3610,0, 3320, False, 2
3611,0, 3320, False, 2
3612,0, 3320, False, 2
3613,0, 3320, False, 2
3614,0, 3320, False, 2
3615,0, 3320, False, 2
3616,0, 3320, False, 2
3617,0, 3320, False, 2
3618,0, 3320, False, 0
3619,0, 3320, False, 0
3620,0, 3320, False, 3
3621,0, 3320, False, 3
3622,0, 3320, False, 3
3623,0, 3320, False, 3
3624,0, 3320, False, 3
3625,0, 3320, False, 3
3626,0, 3320, False, 3
3627,0, 3320, False, 3
3628,0, 3320, False, 3
3629,0, 3320, False, 3
3630,0, 3320, False, 3
3631,0, 3320, False, 3
3632,0, 3320, False, 6
3633,0, 3320, False, 6
3634,0, 3320, False, 6
3635,0, 3320, False, 2
3636,0, 3320, False, 2
3637,0, 3320, False, 2
3638,0, 3320, False, 2
3639,0, 3320, False, 2
3640,0, 3320, False, 2
3641,0, 3320, False, 2
3642,0, 3320, False, 2
3643,0, 3320, False, 2
3644,0, 3320, False, 2
3645,0, 3320, False, 2
3646,0, 3320, False, 2
3647,0, 3320, False, 3
3648,0, 3320, False, 3
3649,0, 3320, False, 3
3650,0, 3320, False, 3
3651,0, 3320, False, 3
3652,0, 3320, False, 3
3653,0, 3320, False, 3
3654,0, 3320, False, 3
3655,0, 3320, False, 3
3656,0, 3320, False, 3
3657,0, 3320, False, 3
3658,0, 3320, False, 0
3659,0, 3320, False, 0
3660,0, 3320, False, 5
3661,0, 3320, False, 5
3662,0, 3320, False, 5
3663,0, 3320, False, 5
3664,0, 3320, False, 5
3665,0, 3320, False, 5
3666,0, 3320, False, 5
3667,0, 3320, False, 5
3668,0, 3320, False, 5
3669,0, 3320, False, 8
3670,0, 3320, False, 8
3671,0, 3320, False, 3
3672,0, 3320, False, 3
3673,0, 3320, False, 3
3674,0, 3320, False, 3
3675,0, 3320, False, 3
3676,0, 3320, False, 3
3677,0, 3320, False, 3
3678,0, 3320, False, 3
3679,0, 3320, False, 3
3680,0, 3320, False, 3
3681,0, 3320, False, 3
3682,0, 3320, False, 3
3683,0, 3320, False, 0
3684,0, 3320, False, 0
3685,0, 3320, False, 0
3686,0, 3320, False, 0
3687,0, 3320, False, 0
3688,0, 3320, False, 0
3689,0, 3320, False, 0
3690,0, 3320, False, 0
3691,0, 3320, False, 0
3692,0, 3320, False, 0
3693,0, 3320, False, 0
3694,0, 3320, False, 0
3695,0, 3320, False, 7
3696,0, 3320, False, 4
3697,0, 3320, False, 4
3698,0, 3320, False, 4
3699,0, 3320, False, 4
3700,0, 3320, False, 4
3701,0, 3320, False, 4
3702,0, 3320, False, 4
3703,0, 3320, False, 4
3704,0, 3320, False, 4
3705,0, 3320, False, 4
3706,0, 3320, False, 4
3707,0, 3320, False, 4
3708,0, 3320, False, 4
3709,0, 3320, False, 4
3710,0, 3320, False, 1
3711,0, 3320, False, 1
3712,0, 3320, False, 1
3713,0, 3320, False, 1
3714,0, 3320, False, 1
3715,0, 3320, False, 1
3716,0, 3320, False, 1
3717,0, 3320, False, 13
3718,0, 3320, False, 13
3719,0, 3320, False, 13
3720,0, 3320, False, 13
3721,0, 3320, False, 13
3722,0, 3320, False, 5
3723,0, 3320, False, 5
3724,0, 3320, False, 5
3725,0, 3320, False, 8
3726,0, 3320, False, 8
3727,0, 3320, False, 8
3728,0, 3320, False, 8
3729,0, 3320, False, 3
3730,0, 3320, False, 3
3731,0, 3320, False, 3
3732,0, 3320, False, 3
3733,0, 3320, False, 3
3734,0, 3320, False, 3
3735,0, 3320, False, 3
3736,0, 3320, False, 3
3737,0, 3320, False, 3
3738,0, 3320, False, 3
3739,0, 3320, False, 3
3740,0, 3320, False, 6
3741,0, 3320, False, 6
3742,0, 3320, False, 6
3743,0, 3320, False, 2
3744,0, 3320, False, 2
3745,0, 3320, False, 2
3746,0, 3320, False, 2
3747,0, 3320, False, 2
3748,0, 3320, False, 7
3749,0, 3320, False, 4
3750,0, 3320, False, 4
3751,0, 3320, False, 4
3752,0, 3320, False, 4
3753,0, 3320, False, 4
3754,0, 3320, False, 4
3755,0, 3320, False, 4
3756,0, 3320, False, 4
3757,0, 3320, False, 4
3758,0, 3320, False, 4
3759,0, 3320, False, 4
3760,0, 3320, False, 4
3761,0, 3320, False, 0
3762,0, 3320, False, 0
3763,0, 3320, False, 0
3764,0, 3320, False, 0
3765,0, 3320, False, 0
3766,0, 3320, False, 0
3767,0, 3320, False, 0
3768,0, 3320, False, 0
3769,0, 3320, False, 0
3770,0, 3320, False, 0
3771,0, 3320, False, 0
3772,0, 3320, False, 0
3773,0, 3320, False, 5
3774,0, 3320, False, 5
3775,0, 3320, False, 5
3776,0, 3320, False, 5
3777,0, 3320, False, 5
3778,0, 3320, False, 5
3779,0, 3320, False, 5
3780,0, 3320, False, 5
3781,0, 3320, False, 5
3782,0, 3320, False, 5
3783,0, 3320, False, 5
3784,0, 3320, False, 0
3785,0, 3320, False, 3
3786,0, 3320, False, 3
3787,0, 3320, False, 3
3788,0, 3320, False, 3
3789,0, 3320, False, 3
3790,0, 3320, False, 3
3791,0, 3320, False, 3
3792,0, 3320, False, 3
3793,0, 3320, False, 3
3794,0, 3320, False, 3
3795,0, 3320, False, 3
3796,0, 3320, False, 3
3797,0, 3320, False, 3
3798,0, 3320, False, 3
3799,0, 3320, False, 0
3800,0, 3320, False, 0
3801,0, 3320, False, 0
3802,0, 3320, False, 0
3803,0, 3320, False, 0
3804,0, 3320, False, 0
3805,0, 3320, False, 0
3806,0, 3320, False, 0
3807,0, 3320, False, 0
3808,0, 3320, False, 0
3809,0, 3320, False, 0
3810,0, 3320, False, 0
3811,0, 3320, False, 0
3812,0, 3320, False, 0
3813,0, 3320, False, 0
3814,0, 3320, False, 4
3815,0, 3320, False, 4
3816,0, 3320, False, 4
3817,0, 3320, False, 4
3818,0, 3320, False, 4
3819,0, 3320, False, 4
3820,0, 3320, False, 4
3821,0, 3320, False, 12
3822,0, 3320, False, 12
3823,0, 3320, False, 12
3824,0, 3320, False, 12
3825,0, 3320, False, 17
3826,0, 3320, False, 17
3827,0, 3320, False, 13
3828,0, 3320, False, 13
3829,0, 3320, False, 13
3830,0, 3320, False, 13
3831,0, 3320, False, 13
3832,0, 3320, False, 16
3833,0, 3320, False, 16
3834,0, 3320, False, 16
3835,0, 3320, False, 11
3836,0, 3320, False, 3
3837,0, 3320, False, 3
3838,0, 3320, False, 3
3839,0, 3320, False, 3
3840,0, 3320, False, 3
3841,0, 3320, False, 3
3842,0, 3320, False, 3
3843,0, 3320, False, 3
3844,0, 3320, False, 3
3845,0, 3320, False, 0
3846,0, 3320, False, 0
3847,0, 3320, False, 0
3848,0, 3320, False, 0
3849,0, 3320, False, 0
3850,0, 3320, False, 0
3851,0, 3320, False, 0
3852,0, 3320, False, 0
3853,0, 3320, False, 0
3854,0, 3320, False, 0
3855,0, 3320, False, 0
3856,0, 3320, False, 0
3857,0, 3320, False, 0
3858,0, 3320, False, 0
3859,0, 3320, False, 0
3860,0, 3320, False, 0
3861,0, 3320, False, 0
3862,0, 3320, False, 0
3863,0, 3320, False, 0
3864,0, 3320, False, 0
3865,0, 3320, False, 0
3866,0, 3320, False, 0
3867,0, 3320, False, 0
3868,0, 3320, False, 0
3869,0, 3320, False, 0
3870,0, 3320, False, 0
3871,0, 3320, False, 0
3872,0, 3320, False, 0
3873,0, 3320, False, 0
3874,0, 3320, False, 0
3875,0, 3320, False, 0
3876,0, 3320, False, 0
3877,0, 3320, False, 0
3878,0, 3320, False, 0
3879,0, 3320, False, 0
3880,0, 3320, False, 0
3881,0, 3320, False, 0
3882,0, 3320, False, 0
3883,0, 3320, False, 0
3884,0, 3320, False, 0
3885,0, 3320, False, 0
3886,0, 3320, False, 0
3887,0, 3320, False, 0
3888,0, 3320, False, 0
3889,0, 3320, False, 0
3890,0, 3320, False, 0
3891,0, 3320, False, 0
3892,0, 3320, False, 0
3893,0, 3320, False, 0
3894,0, 3320, False, 0
3895,0, 3320, False, 0
3896,0, 3320, False, 0
3897,0, 3320, False, 0
3898,0, 3320, False, 0
3899,0, 3320, False, 0
3900,0, 3320, False, 0
3901,0, 3320, False, 0
3902,0, 3320, False, 6
3903,0, 3320, False, 6
3904,0, 3320, False, 6
3905,0, 3320, False, 6
3906,0, 3320, False, 6
3907,0, 3320, False, 6
3908,0, 3320, False, 6
3909,0, 3320, False, 6
3910,0, 3320, False, 6
3911,0, 3320, False, 6
3912,0, 3320, False, 6
3913,0, 3320, False, 6
3914,0, 3320, False, 6
3915,0, 3320, False, 2
3916,0, 3320, False, 7
3917,0, 3320, False, 4
3918,0, 3320, False, 4
3919,0, 3320, False, 4
3920,0, 3320, False, 4
3921,0, 3320, False, 4
3922,0, 3320, False, 4
3923,0, 3320, False, 12
3924,0, 3320, False, 12
3925,0, 3320, False, 12
3926,0, 3320, False, 12
3927,0, 3320, False, 12
3928,0, 3320, False, 1
3929,0, 3320, False, 1
3930,0, 3320, False, 1
3931,0, 3320, False, 1
3932,0, 3320, False, 1
3933,0, 3320, False, 1
3934,0, 3320, False, 1
3935,0, 3320, False, 0
3936,0, 3320, False, 0
3937,0, 3320, False, 0
3938,0, 3320, False, 0
3939,0, 3320, False, 0
3940,0, 3320, False, 0
3941,0, 3320, False, 0
3942,0, 3320, False, 0
3943,0, 3320, False, 0
3944,0, 3320, False, 0
3945,0, 3320, False, 0
3946,0, 3320, False, 0
3947,0, 3320, False, 0
3948,0, 3320, False, 0
3949,0, 3320, False, 0
3950,0, 3320, False, 0
3951,0, 3320, False, 0
3952,0, 3320, False, 0
3953,0, 3320, False, 0
3954,0, 3320, False, 0
3955,0, 3320, False, 0
3956,0, 3320, False, 0
3957,0, 3320, False, 4
3958,0, 3320, False, 4
3959,0, 3320, False, 4
3960,0, 3320, False, 4
3961,0, 3320, False, 4
3962,0, 3320, False, 4
3963,0, 3320, False, 4
3964,0, 3320, False, 4
3965,0, 3320, False, 4
3966,0, 3320, False, 0
3967,0, 3320, False, 0
3968,0, 3320, False, 0
3969,0, 3320, False, 3
3970,0, 3320, False, 3
3971,0, 3320, False, 3
3972,0, 3320, False, 3
3973,0, 3320, False, 3
3974,0, 3320, False, 11
3975,0, 3320, False, 11
3976,0, 3320, False, 11
3977,0, 3320, False, 11
3978,0, 3320, False, 11
3979,0, 3320, False, 11
3980,0, 3320, False, 1
3981,0, 3320, False, 1
3982,0, 3320, False, 1
3983,0, 3320, False, 1
3984,0, 3320, False, 1
3985,0, 3320, False, 4
3986,0, 3320, False, 4
3987,0, 3320, False, 4
3988,0, 3320, False, 4
3989,0, 3320, False, 4
3990,0, 3320, False, 4
3991,0, 3320, False, 4
3992,0, 3320, False, 4
3993,0, 3320, False, 4
3994,0, 3320, False, 4
3995,0, 3320, False, 4
3996,0, 3320, False, 4
3997,0, 3320, False, 4
3998,0, 3320, False, 0
3999,0, 3320, False, 0
4000,0, 3320, False, 0
4001,0, 3320, False, 0
4002,0, 3320, False, 0
4003,0, 3320, False, 0
4004,0, 3320, False, 0
4005,0, 3320, False, 0
4006,0, 3320, False, 0
4007,0, 3320, False, 0
4008,0, 3320, False, 0
4009,0, 3320, False, 0
4010,0, 3320, False, 0
4011,0, 3320, False, 0
4012,0, 3320, False, 0
4013,0, 3320, False, 0
4014,0, 3320, False, 0
4015,0, 3320, False, 0
4016,0, 3320, False, 0
4017,0, 3320, False, 0
4018,0, 3320, False, 0
4019,0, 3320, False, 0
4020,0, 3320, False, 0
4021,0, 3320, False, 0
4022,0, 3320, False, 0
4023,0, 3320, False, 0
4024,0, 3320, False, 0
4025,0, 3320, False, 0
4026,0, 3320, False, 0
4027,0, 3320, False, 0
4028,0, 3320, False, 0
4029,0, 3320, False, 0
4030,0, 3320, False, 0
4031,0, 3320, False, 0
4032,0, 3320, False, 0
4033,0, 3320, False, 0
4034,0, 3320, False, 0
4035,0, 3320, False, 0
4036,0, 3320, False, 0
4037,0, 3320, False, 0
4038,0, 3320, False, 0
4039,0, 3320, False, 0
4040,0, 3320, False, 0
4041,0, 3320, False, 0
4042,0, 3320, False, 0
4043,0, 3320, False, 0
4044,0, 3320, False, 0
4045,0, 3320, False, 0
4046,0, 3320, False, 0
4047,0, 3320, False, 0
4048,0, 3320, False, 0
4049,0, 3320, False, 3
4050,0, 3320, False, 3
4051,0, 3320, False, 3
4052,0, 3320, False, 3
4053,0, 3320, False, 3
4054,0, 3320, False, 3
4055,0, 3320, False, 3
4056,0, 3320, False, 3
4057,0, 3320, False, 3
4058,0, 3320, False, 3
4059,0, 3320, False, 3
4060,0, 3320, False, 3
4061,0, 3320, False, 3
4062,0, 3320, False, 3
4063,0, 3320, False, 3
4064,0, 3320, False, 0
4065,0, 3320, False, 0
4066,0, 3320, False, 0
4067,0, 3320, False, 0
4068,0, 3320, False, 0
4069,0, 3320, False, 0
4070,0, 3320, False, 0
4071,0, 3320, False, 2
4072,0, 3320, False, 2
4073,0, 3320, False, 2
4074,0, 3320, False, 2
4075,0, 3320, False, 2
4076,0, 3320, False, 2
4077,0, 3320, False, 7
4078,0, 3320, False, 7
4079,0, 3320, False, 7
4080,0, 3320, False, 4
4081,0, 3320, False, 4
4082,0, 3320, False, 4
4083,0, 3320, False, 4
4084,0, 3320, False, 4
4085,0, 3320, False, 4
4086,0, 3320, False, 4
4087,0, 3320, False, 4
4088,0, 3320, False, 4
4089,0, 3320, False, 4
4090,0, 3320, False, 9
4091,0, 3320, False, 9
4092,0, 3320, False, 9
4093,0, 3320, False, 9
4094,0, 3320, False, 9
4095,0, 3320, False, 5
4096,0, 3320, False, 5
4097,0, 3320, False, 5
4098,0, 3320, False, 5
4099,0, 3320, False, 8
4100,0, 3320, False, 8
4101,0, 3320, False, 3
4102,0, 3320, False, 3
4103,0, 3320, False, 3
4104,0, 3320, False, 3
4105,0, 3320, False, 3
4106,0, 3320, False, 3
4107,0, 3320, False, 3
4108,0, 3320, False, 3
4109,0, 3320, False, 3
4110,0, 3320, False, 6
4111,0, 3320, False, 6
4112,0, 3320, False, 6
4113,0, 3320, False, 6
4114,0, 3320, False, 2
4115,0, 3320, False, 2
4116,0, 3320, False, 2
4117,0, 3320, False, 2
4118,0, 3320, False, 2
4119,0, 3320, False, 4
4120,0, 3320, False, 4
4121,0, 3320, False, 4
4122,0, 3320, False, 4
4123,0, 3320, False, 4
4124,0, 3320, False, 4
4125,0, 3320, False, 4
4126,0, 3320, False, 4
4127,0, 3320, False, 4
4128,0, 3320, False, 4
4129,0, 3320, False, 0
4130,0, 3320, False, 0
4131,0, 3320, False, 0
4132,0, 3320, False, 0
4133,0, 3320, False, 0
4134,0, 3320, False, 0
4135,0, 3320, False, 0
4136,0, 3320, False, 0
4137,0, 3320, False, 0
4138,0, 3320, False, 0
4139,0, 3320, False, 0
4140,0, 3320, False, 0
4141,0, 3320, False, 0
4142,0, 3320, False, 0
4143,0, 3320, False, 0
4144,0, 3320, False, 0
4145,0, 3320, False, 0
4146,0, 3320, False, 0
4147,0, 3320, False, 0
4148,0, 3320, False, 0
4149,0, 3320, False, 0
4150,0, 3320, False, 0
4151,0, 3320, False, 0
4152,0, 3320, False, 0
4153,0, 3320, False, 0
4154,0, 3320, False, 0
4155,0, 3320, False, 0
4156,0, 3320, False, 0
4157,0, 3320, False, 0
4158,0, 3320, False, 0
4159,0, 3320, False, 0
4160,0, 3320, False, 0
4161,0, 3320, False, 0
4162,0, 3320, False, 0
4163,0, 3320, False, 0
4164,0, 3320, False, 0
4165,0, 3320, False, 0
4166,0, 3320, False, 0
4167,0, 3320, False, 0
