db traj id : 1070
frame,reward,score,terminal, action
0,0, 0, False, 0
1,0, 0, False, 0
2,0, 0, False, 0
3,0, 0, False, 0
4,0, 0, False, 0
5,0, 0, False, 0
6,0, 0, False, 0
7,0, 0, False, 0
8,0, 0, False, 0
9,0, 0, False, 0
10,0, 0, False, 0
11,0, 0, False, 0
12,0, 0, False, 0
13,0, 0, False, 0
14,0, 0, False, 0
15,0, 0, False, 0
16,0, 0, False, 0
17,0, 0, False, 0
18,0, 0, False, 0
19,0, 0, False, 0
20,0, 0, False, 0
21,0, 0, False, 0
22,0, 0, False, 0
23,0, 0, False, 0
24,0, 0, False, 0
25,0, 0, False, 0
26,0, 0, False, 0
27,0, 0, False, 0
28,0, 0, False, 0
29,0, 0, False, 0
30,0, 0, False, 0
31,0, 0, False, 0
32,0, 0, False, 0
33,0, 0, False, 0
34,0, 0, False, 0
35,0, 0, False, 0
36,0, 0, False, 0
37,0, 0, False, 0
38,0, 0, False, 0
39,0, 0, False, 0
40,0, 0, False, 0
41,0, 0, False, 4
42,0, 0, False, 4
43,0, 0, False, 4
44,0, 0, False, 4
45,0, 0, False, 4
46,0, 0, False, 4
47,0, 0, False, 4
48,0, 0, False, 4
49,0, 0, False, 4
50,0, 0, False, 0
51,0, 0, False, 0
52,0, 0, False, 0
53,0, 0, False, 0
54,0, 0, False, 0
55,0, 0, False, 0
56,0, 0, False, 0
57,0, 0, False, 0
58,0, 0, False, 0
59,0, 0, False, 0
60,0, 0, False, 0
61,0, 0, False, 0
62,0, 0, False, 0
63,0, 0, False, 0
64,0, 0, False, 0
65,0, 0, False, 3
66,0, 0, False, 3
67,0, 0, False, 3
68,0, 0, False, 3
69,0, 0, False, 3
70,0, 0, False, 3
71,0, 0, False, 3
72,0, 0, False, 3
73,0, 0, False, 3
74,0, 0, False, 3
75,0, 0, False, 3
76,0, 0, False, 0
77,0, 0, False, 0
78,0, 0, False, 0
79,0, 0, False, 0
80,0, 0, False, 0
81,0, 0, False, 0
82,0, 0, False, 0
83,0, 0, False, 0
84,0, 0, False, 0
85,0, 0, False, 0
86,0, 0, False, 0
87,0, 0, False, 0
88,0, 0, False, 0
89,0, 0, False, 3
90,0, 0, False, 3
91,0, 0, False, 3
92,0, 0, False, 3
93,0, 0, False, 3
94,0, 0, False, 3
95,0, 0, False, 3
96,0, 0, False, 3
97,0, 0, False, 3
98,0, 0, False, 3
99,0, 0, False, 3
100,0, 0, False, 3
101,0, 0, False, 3
102,0, 0, False, 3
103,0, 0, False, 3
104,0, 0, False, 3
105,0, 0, False, 3
106,0, 0, False, 3
107,0, 0, False, 0
108,0, 0, False, 0
109,0, 0, False, 0
110,0, 0, False, 0
111,0, 0, False, 0
112,0, 0, False, 0
113,0, 0, False, 0
114,0, 0, False, 0
115,0, 0, False, 0
116,0, 0, False, 0
117,0, 0, False, 0
118,0, 0, False, 0
119,0, 0, False, 0
120,0, 0, False, 0
121,0, 0, False, 0
122,0, 0, False, 3
123,0, 0, False, 3
124,0, 0, False, 3
125,0, 0, False, 3
126,0, 0, False, 3
127,0, 0, False, 3
128,0, 0, False, 3
129,0, 0, False, 3
130,0, 0, False, 3
131,0, 0, False, 3
132,0, 0, False, 3
133,0, 0, False, 3
134,0, 0, False, 3
135,0, 0, False, 3
136,0, 0, False, 0
137,0, 0, False, 0
138,0, 0, False, 0
139,0, 0, False, 0
140,0, 0, False, 0
141,0, 0, False, 0
142,0, 0, False, 0
143,0, 0, False, 0
144,0, 0, False, 0
145,0, 0, False, 0
146,0, 0, False, 0
147,0, 0, False, 0
148,0, 0, False, 0
149,0, 0, False, 0
150,0, 0, False, 0
151,0, 0, False, 0
152,0, 0, False, 0
153,0, 0, False, 0
154,0, 0, False, 0
155,0, 0, False, 0
156,0, 0, False, 0
157,0, 0, False, 0
158,0, 0, False, 0
159,0, 0, False, 0
160,0, 0, False, 0
161,0, 0, False, 0
162,0, 0, False, 0
163,0, 0, False, 0
164,0, 0, False, 0
165,0, 0, False, 0
166,0, 0, False, 0
167,0, 0, False, 0
168,0, 0, False, 0
169,0, 0, False, 0
170,0, 0, False, 0
171,0, 0, False, 0
172,0, 0, False, 0
173,0, 0, False, 0
174,0, 0, False, 0
175,0, 0, False, 0
176,0, 0, False, 0
177,0, 0, False, 0
178,0, 0, False, 0
179,0, 0, False, 0
180,0, 0, False, 0
181,0, 0, False, 0
182,0, 0, False, 0
183,0, 0, False, 0
184,0, 0, False, 0
185,0, 0, False, 0
186,0, 0, False, 0
187,0, 0, False, 0
188,0, 0, False, 0
189,0, 0, False, 0
190,0, 0, False, 0
191,0, 0, False, 0
192,0, 0, False, 0
193,0, 0, False, 0
194,0, 0, False, 0
195,0, 0, False, 0
196,0, 0, False, 0
197,0, 0, False, 0
198,0, 0, False, 0
199,0, 0, False, 0
200,0, 0, False, 0
201,0, 0, False, 0
202,0, 0, False, 0
203,0, 0, False, 0
204,0, 0, False, 0
205,0, 0, False, 0
206,0, 0, False, 0
207,0, 0, False, 0
208,0, 0, False, 0
209,0, 0, False, 0
210,0, 0, False, 0
211,0, 0, False, 0
212,0, 0, False, 0
213,0, 0, False, 0
214,0, 0, False, 0
215,0, 0, False, 0
216,0, 0, False, 0
217,0, 0, False, 0
218,0, 0, False, 0
219,0, 0, False, 0
220,0, 0, False, 0
221,0, 0, False, 0
222,0, 0, False, 0
223,0, 0, False, 0
224,0, 0, False, 0
225,0, 0, False, 0
226,0, 0, False, 0
227,0, 0, False, 1
228,0, 0, False, 1
229,0, 0, False, 1
230,0, 0, False, 1
231,0, 0, False, 1
232,0, 0, False, 1
233,0, 0, False, 1
234,0, 0, False, 1
235,0, 0, False, 1
236,0, 0, False, 0
237,0, 0, False, 0
238,0, 0, False, 0
239,0, 0, False, 0
240,0, 0, False, 0
241,0, 0, False, 0
242,0, 0, False, 0
243,0, 0, False, 0
244,0, 0, False, 0
245,0, 0, False, 0
246,0, 0, False, 0
247,0, 0, False, 0
248,0, 0, False, 0
249,0, 0, False, 3
250,0, 0, False, 3
251,0, 0, False, 3
252,0, 0, False, 3
253,0, 0, False, 3
254,0, 0, False, 3
255,0, 0, False, 3
256,0, 0, False, 3
257,0, 0, False, 3
258,0, 0, False, 3
259,0, 0, False, 3
260,0, 0, False, 3
261,0, 0, False, 3
262,0, 0, False, 3
263,0, 0, False, 3
264,0, 0, False, 3
265,0, 0, False, 3
266,0, 0, False, 3
267,0, 0, False, 3
268,0, 0, False, 3
269,0, 0, False, 3
270,0, 0, False, 3
271,0, 0, False, 3
272,0, 0, False, 3
273,0, 0, False, 6
274,0, 0, False, 6
275,10, 10, False, 6
276,0, 10, False, 6
277,0, 10, False, 2
278,0, 10, False, 2
279,0, 10, False, 2
280,0, 10, False, 2
281,0, 10, False, 2
282,0, 10, False, 2
283,0, 10, False, 2
284,0, 10, False, 7
285,0, 10, False, 7
286,0, 10, False, 7
287,0, 10, False, 4
288,0, 10, False, 4
289,0, 10, False, 4
290,0, 10, False, 4
291,0, 10, False, 0
292,0, 10, False, 0
293,0, 10, False, 0
294,0, 10, False, 0
295,0, 10, False, 0
296,0, 10, False, 0
297,0, 10, False, 0
298,0, 10, False, 0
299,0, 10, False, 0
300,0, 10, False, 0
301,0, 10, False, 0
302,0, 10, False, 0
303,10, 20, False, 0
304,0, 20, False, 0
305,0, 20, False, 0
306,0, 20, False, 0
307,0, 20, False, 0
308,0, 20, False, 0
309,0, 20, False, 0
310,0, 20, False, 0
311,0, 20, False, 0
312,0, 20, False, 3
313,0, 20, False, 3
314,0, 20, False, 3
315,0, 20, False, 3
316,0, 20, False, 3
317,0, 20, False, 3
318,0, 20, False, 3
319,0, 20, False, 3
320,0, 20, False, 3
321,0, 20, False, 3
322,0, 20, False, 3
323,0, 20, False, 3
324,0, 20, False, 3
325,0, 20, False, 3
326,0, 20, False, 3
327,0, 20, False, 3
328,0, 20, False, 3
329,0, 20, False, 3
330,0, 20, False, 3
331,0, 20, False, 3
332,0, 20, False, 3
333,0, 20, False, 0
334,0, 20, False, 0
335,0, 20, False, 0
336,0, 20, False, 0
337,0, 20, False, 0
338,0, 20, False, 0
339,0, 20, False, 0
340,0, 20, False, 0
341,10, 30, False, 0
342,0, 30, False, 0
343,0, 30, False, 0
344,0, 30, False, 0
345,0, 30, False, 0
346,0, 30, False, 0
347,0, 30, False, 0
348,0, 30, False, 0
349,0, 30, False, 0
350,0, 30, False, 0
351,0, 30, False, 2
352,0, 30, False, 2
353,0, 30, False, 2
354,0, 30, False, 2
355,10, 40, False, 2
356,0, 40, False, 2
357,0, 40, False, 0
358,0, 40, False, 0
359,0, 40, False, 0
360,0, 40, False, 0
361,0, 40, False, 0
362,0, 40, False, 0
363,0, 40, False, 0
364,0, 40, False, 0
365,0, 40, False, 0
366,0, 40, False, 0
367,10, 50, False, 0
368,0, 50, False, 0
369,0, 50, False, 0
370,0, 50, False, 0
371,0, 50, False, 0
372,0, 50, False, 0
373,0, 50, False, 0
374,0, 50, False, 0
375,0, 50, False, 0
376,0, 50, False, 0
377,0, 50, False, 0
378,0, 50, False, 0
379,0, 50, False, 0
380,0, 50, False, 0
381,10, 60, False, 0
382,0, 60, False, 0
383,0, 60, False, 0
384,0, 60, False, 0
385,0, 60, False, 0
386,0, 60, False, 0
387,0, 60, False, 0
388,0, 60, False, 0
389,0, 60, False, 0
390,0, 60, False, 0
391,0, 60, False, 0
392,0, 60, False, 0
393,0, 60, False, 0
394,0, 60, False, 0
395,10, 70, False, 0
396,0, 70, False, 0
397,0, 70, False, 0
398,0, 70, False, 0
399,0, 70, False, 0
400,0, 70, False, 0
401,0, 70, False, 0
402,0, 70, False, 0
403,0, 70, False, 0
404,0, 70, False, 0
405,0, 70, False, 5
406,0, 70, False, 5
407,0, 70, False, 5
408,0, 70, False, 5
409,0, 70, False, 5
410,0, 70, False, 0
411,0, 70, False, 0
412,0, 70, False, 0
413,10, 80, False, 0
414,0, 80, False, 0
415,0, 80, False, 0
416,0, 80, False, 0
417,0, 80, False, 0
418,0, 80, False, 0
419,0, 80, False, 0
420,0, 80, False, 0
421,0, 80, False, 0
422,0, 80, False, 0
423,0, 80, False, 0
424,0, 80, False, 0
425,0, 80, False, 0
426,0, 80, False, 0
427,10, 90, False, 0
428,0, 90, False, 0
429,0, 90, False, 0
430,0, 90, False, 0
431,0, 90, False, 0
432,0, 90, False, 0
433,0, 90, False, 0
434,0, 90, False, 0
435,0, 90, False, 0
436,0, 90, False, 0
437,0, 90, False, 0
438,0, 90, False, 0
439,0, 90, False, 0
440,0, 90, False, 0
441,10, 100, False, 0
442,0, 100, False, 0
443,0, 100, False, 0
444,0, 100, False, 0
445,0, 100, False, 0
446,0, 100, False, 0
447,0, 100, False, 0
448,0, 100, False, 0
449,0, 100, False, 0
450,0, 100, False, 0
451,0, 100, False, 0
452,0, 100, False, 0
453,0, 100, False, 0
454,0, 100, False, 0
455,10, 110, False, 0
456,0, 110, False, 0
457,0, 110, False, 0
458,0, 110, False, 0
459,0, 110, False, 0
460,0, 110, False, 0
461,0, 110, False, 0
462,0, 110, False, 0
463,0, 110, False, 0
464,0, 110, False, 0
465,0, 110, False, 0
466,0, 110, False, 0
467,0, 110, False, 0
468,0, 110, False, 0
469,10, 120, False, 0
470,0, 120, False, 3
471,0, 120, False, 3
472,0, 120, False, 3
473,0, 120, False, 3
474,0, 120, False, 3
475,0, 120, False, 3
476,0, 120, False, 3
477,0, 120, False, 3
478,0, 120, False, 3
479,0, 120, False, 0
480,0, 120, False, 0
481,0, 120, False, 0
482,0, 120, False, 0
483,10, 130, False, 0
484,0, 130, False, 0
485,0, 130, False, 0
486,0, 130, False, 0
487,0, 130, False, 0
488,0, 130, False, 0
489,0, 130, False, 0
490,0, 130, False, 0
491,0, 130, False, 0
492,0, 130, False, 0
493,0, 130, False, 0
494,0, 130, False, 0
495,0, 130, False, 0
496,0, 130, False, 0
497,10, 140, False, 0
498,0, 140, False, 0
499,0, 140, False, 0
500,0, 140, False, 0
501,0, 140, False, 0
502,0, 140, False, 0
503,0, 140, False, 0
504,0, 140, False, 0
505,0, 140, False, 0
506,0, 140, False, 0
507,0, 140, False, 0
508,0, 140, False, 0
509,0, 140, False, 0
510,0, 140, False, 0
511,10, 150, False, 0
512,0, 150, False, 0
513,0, 150, False, 0
514,0, 150, False, 0
515,0, 150, False, 0
516,0, 150, False, 0
517,0, 150, False, 0
518,0, 150, False, 0
519,0, 150, False, 0
520,0, 150, False, 0
521,0, 150, False, 0
522,0, 150, False, 2
523,0, 150, False, 2
524,0, 150, False, 2
525,0, 150, False, 2
526,0, 150, False, 2
527,0, 150, False, 2
528,0, 150, False, 0
529,0, 150, False, 0
530,0, 150, False, 0
531,0, 150, False, 0
532,0, 150, False, 0
533,0, 150, False, 0
534,0, 150, False, 0
535,0, 150, False, 0
536,0, 150, False, 0
537,50, 200, False, 0
538,0, 200, False, 0
539,0, 200, False, 0
540,0, 200, False, 0
541,0, 200, False, 0
542,0, 200, False, 0
543,0, 200, False, 0
544,0, 200, False, 0
545,10, 210, False, 0
546,0, 210, False, 0
547,0, 210, False, 0
548,0, 210, False, 0
549,0, 210, False, 0
550,0, 210, False, 0
551,0, 210, False, 0
552,0, 210, False, 0
553,0, 210, False, 0
554,0, 210, False, 0
555,0, 210, False, 0
556,0, 210, False, 0
557,0, 210, False, 0
558,0, 210, False, 0
559,10, 220, False, 0
560,0, 220, False, 0
561,0, 220, False, 0
562,0, 220, False, 0
563,0, 220, False, 0
564,0, 220, False, 0
565,0, 220, False, 0
566,0, 220, False, 0
567,0, 220, False, 0
568,0, 220, False, 0
569,0, 220, False, 0
570,0, 220, False, 0
571,0, 220, False, 0
572,0, 220, False, 4
573,0, 220, False, 4
574,0, 220, False, 4
575,0, 220, False, 4
576,0, 220, False, 4
577,0, 220, False, 4
578,0, 220, False, 0
579,0, 220, False, 0
580,0, 220, False, 0
581,10, 230, False, 0
582,0, 230, False, 0
583,0, 230, False, 0
584,0, 230, False, 0
585,0, 230, False, 0
586,0, 230, False, 0
587,0, 230, False, 0
588,0, 230, False, 2
589,0, 230, False, 2
590,0, 230, False, 2
591,0, 230, False, 2
592,0, 230, False, 2
593,0, 230, False, 0
594,0, 230, False, 0
595,10, 240, False, 0
596,0, 240, False, 0
597,0, 240, False, 0
598,0, 240, False, 0
599,0, 240, False, 0
600,0, 240, False, 0
601,0, 240, False, 0
602,0, 240, False, 0
603,0, 240, False, 0
604,0, 240, False, 0
605,0, 240, False, 0
606,0, 240, False, 0
607,0, 240, False, 0
608,0, 240, False, 0
609,0, 240, False, 0
610,0, 240, False, 0
611,0, 240, False, 3
612,0, 240, False, 3
613,0, 240, False, 3
614,0, 240, False, 3
615,0, 240, False, 3
616,0, 240, False, 3
617,0, 240, False, 0
618,0, 240, False, 0
619,0, 240, False, 0
620,0, 240, False, 0
621,0, 240, False, 0
622,0, 240, False, 0
623,0, 240, False, 0
624,0, 240, False, 0
625,0, 240, False, 0
626,0, 240, False, 0
627,0, 240, False, 0
628,0, 240, False, 0
629,0, 240, False, 0
630,0, 240, False, 2
631,0, 240, False, 2
632,0, 240, False, 2
633,0, 240, False, 2
634,0, 240, False, 2
635,0, 240, False, 0
636,0, 240, False, 0
637,0, 240, False, 0
638,0, 240, False, 0
639,0, 240, False, 0
640,0, 240, False, 0
641,0, 240, False, 0
642,0, 240, False, 0
643,0, 240, False, 0
644,0, 240, False, 0
645,10, 250, False, 0
646,0, 250, False, 0
647,0, 250, False, 0
648,0, 250, False, 0
649,0, 250, False, 0
650,0, 250, False, 0
651,0, 250, False, 0
652,0, 250, False, 0
653,0, 250, False, 0
654,0, 250, False, 0
655,0, 250, False, 0
656,0, 250, False, 0
657,0, 250, False, 0
658,0, 250, False, 0
659,10, 260, False, 0
660,0, 260, False, 0
661,0, 260, False, 0
662,0, 260, False, 0
663,0, 260, False, 0
664,0, 260, False, 0
665,0, 260, False, 0
666,0, 260, False, 0
667,0, 260, False, 0
668,0, 260, False, 0
669,0, 260, False, 0
670,0, 260, False, 0
671,0, 260, False, 0
672,0, 260, False, 0
673,10, 270, False, 0
674,0, 270, False, 0
675,0, 270, False, 0
676,0, 270, False, 0
677,0, 270, False, 0
678,0, 270, False, 0
679,0, 270, False, 0
680,0, 270, False, 0
681,0, 270, False, 0
682,0, 270, False, 0
683,0, 270, False, 0
684,0, 270, False, 0
685,0, 270, False, 0
686,0, 270, False, 0
687,10, 280, False, 0
688,0, 280, False, 0
689,0, 280, False, 0
690,0, 280, False, 0
691,0, 280, False, 0
692,0, 280, False, 0
693,0, 280, False, 0
694,0, 280, False, 0
695,0, 280, False, 0
696,0, 280, False, 0
697,0, 280, False, 0
698,0, 280, False, 0
699,0, 280, False, 0
700,0, 280, False, 0
701,10, 290, False, 0
702,0, 290, False, 0
703,0, 290, False, 0
704,0, 290, False, 0
705,0, 290, False, 0
706,0, 290, False, 0
707,0, 290, False, 0
708,0, 290, False, 0
709,0, 290, False, 0
710,0, 290, False, 0
711,0, 290, False, 0
712,0, 290, False, 0
713,0, 290, False, 0
714,0, 290, False, 0
715,10, 300, False, 0
716,0, 300, False, 0
717,0, 300, False, 0
718,0, 300, False, 0
719,0, 300, False, 0
720,0, 300, False, 0
721,0, 300, False, 0
722,0, 300, False, 0
723,0, 300, False, 0
724,0, 300, False, 0
725,0, 300, False, 0
726,0, 300, False, 0
727,0, 300, False, 0
728,0, 300, False, 0
729,10, 310, False, 0
730,0, 310, False, 0
731,0, 310, False, 0
732,0, 310, False, 0
733,0, 310, False, 0
734,0, 310, False, 0
735,0, 310, False, 0
736,0, 310, False, 0
737,0, 310, False, 0
738,0, 310, False, 0
739,0, 310, False, 0
740,0, 310, False, 0
741,0, 310, False, 0
742,0, 310, False, 0
743,10, 320, False, 0
744,0, 320, False, 5
745,0, 320, False, 5
746,0, 320, False, 5
747,0, 320, False, 5
748,0, 320, False, 0
749,0, 320, False, 0
750,0, 320, False, 0
751,0, 320, False, 0
752,0, 320, False, 0
753,0, 320, False, 0
754,0, 320, False, 0
755,0, 320, False, 0
756,0, 320, False, 0
757,0, 320, False, 0
758,0, 320, False, 0
759,0, 320, False, 0
760,0, 320, False, 3
761,0, 320, False, 3
762,0, 320, False, 3
763,0, 320, False, 3
764,0, 320, False, 3
765,0, 320, False, 3
766,0, 320, False, 0
767,0, 320, False, 0
768,0, 320, False, 0
769,0, 320, False, 0
770,0, 320, False, 0
771,0, 320, False, 0
772,0, 320, False, 0
773,0, 320, False, 0
774,0, 320, False, 0
775,0, 320, False, 0
776,0, 320, False, 0
777,0, 320, False, 0
778,0, 320, False, 0
779,0, 320, False, 0
780,0, 320, False, 0
781,0, 320, False, 0
782,0, 320, False, 0
783,0, 320, False, 0
784,0, 320, False, 0
785,0, 320, False, 0
786,0, 320, False, 0
787,0, 320, False, 3
788,0, 320, False, 3
789,0, 320, False, 3
790,0, 320, False, 3
791,0, 320, False, 0
792,0, 320, False, 0
793,0, 320, False, 0
794,0, 320, False, 0
795,0, 320, False, 0
796,0, 320, False, 0
797,0, 320, False, 0
798,0, 320, False, 0
799,0, 320, False, 0
800,0, 320, False, 0
801,0, 320, False, 0
802,0, 320, False, 0
803,0, 320, False, 0
804,0, 320, False, 0
805,0, 320, False, 0
806,0, 320, False, 0
807,0, 320, False, 0
808,0, 320, False, 3
809,0, 320, False, 3
810,0, 320, False, 3
811,0, 320, False, 3
812,0, 320, False, 3
813,0, 320, False, 3
814,0, 320, False, 3
815,0, 320, False, 3
816,0, 320, False, 3
817,0, 320, False, 3
818,0, 320, False, 0
819,0, 320, False, 0
820,0, 320, False, 0
821,0, 320, False, 0
822,0, 320, False, 0
823,0, 320, False, 0
824,0, 320, False, 0
825,0, 320, False, 0
826,0, 320, False, 0
827,0, 320, False, 0
828,0, 320, False, 0
829,0, 320, False, 0
830,0, 320, False, 0
831,0, 320, False, 0
832,0, 320, False, 0
833,0, 320, False, 0
834,0, 320, False, 0
835,0, 320, False, 3
836,0, 320, False, 3
837,0, 320, False, 3
838,0, 320, False, 0
839,0, 320, False, 0
840,0, 320, False, 0
841,0, 320, False, 0
842,0, 320, False, 0
843,0, 320, False, 0
844,0, 320, False, 0
845,0, 320, False, 0
846,0, 320, False, 0
847,0, 320, False, 0
848,0, 320, False, 0
849,0, 320, False, 0
850,0, 320, False, 2
851,0, 320, False, 2
852,0, 320, False, 2
853,0, 320, False, 2
854,0, 320, False, 0
855,0, 320, False, 0
856,0, 320, False, 0
857,0, 320, False, 0
858,0, 320, False, 0
859,0, 320, False, 0
860,0, 320, False, 0
861,0, 320, False, 0
862,0, 320, False, 0
863,0, 320, False, 0
864,0, 320, False, 0
865,0, 320, False, 0
866,0, 320, False, 0
867,0, 320, False, 3
868,0, 320, False, 3
869,0, 320, False, 3
870,0, 320, False, 3
871,0, 320, False, 3
872,0, 320, False, 3
873,0, 320, False, 3
874,0, 320, False, 3
875,0, 320, False, 0
876,0, 320, False, 0
877,0, 320, False, 0
878,0, 320, False, 0
879,0, 320, False, 0
880,0, 320, False, 0
881,10, 330, False, 0
882,0, 330, False, 0
883,0, 330, False, 0
884,0, 330, False, 0
885,0, 330, False, 0
886,0, 330, False, 0
887,0, 330, False, 0
888,0, 330, False, 0
889,0, 330, False, 0
890,0, 330, False, 3
891,0, 330, False, 3
892,0, 330, False, 3
893,0, 330, False, 0
894,0, 330, False, 0
895,0, 330, False, 0
896,0, 330, False, 0
897,0, 330, False, 0
898,0, 330, False, 0
899,0, 330, False, 0
900,0, 330, False, 0
901,0, 330, False, 0
902,0, 330, False, 0
903,0, 330, False, 0
904,0, 330, False, 4
905,0, 330, False, 4
906,0, 330, False, 4
907,0, 330, False, 4
908,0, 330, False, 4
909,0, 330, False, 4
910,0, 330, False, 4
911,0, 330, False, 0
912,0, 330, False, 0
913,0, 330, False, 0
914,0, 330, False, 0
915,0, 330, False, 0
916,0, 330, False, 0
917,0, 330, False, 0
918,0, 330, False, 0
919,0, 330, False, 0
920,0, 330, False, 0
921,0, 330, False, 0
922,0, 330, False, 0
923,0, 330, False, 0
924,0, 330, False, 0
925,0, 330, False, 0
926,0, 330, False, 0
927,0, 330, False, 0
928,0, 330, False, 0
929,0, 330, False, 0
930,0, 330, False, 0
931,0, 330, False, 0
932,0, 330, False, 2
933,0, 330, False, 2
934,0, 330, False, 2
935,0, 330, False, 2
936,0, 330, False, 2
937,0, 330, False, 2
938,0, 330, False, 2
939,0, 330, False, 0
940,0, 330, False, 0
941,0, 330, False, 0
942,0, 330, False, 0
943,0, 330, False, 0
944,0, 330, False, 0
945,0, 330, False, 0
946,0, 330, False, 0
947,0, 330, False, 0
948,0, 330, False, 0
949,0, 330, False, 0
950,0, 330, False, 0
951,0, 330, False, 0
952,0, 330, False, 0
953,0, 330, False, 0
954,0, 330, False, 0
955,0, 330, False, 0
956,0, 330, False, 0
957,0, 330, False, 0
958,0, 330, False, 0
959,0, 330, False, 0
960,0, 330, False, 0
961,0, 330, False, 0
962,0, 330, False, 0
963,0, 330, False, 0
964,0, 330, False, 0
965,0, 330, False, 3
966,0, 330, False, 3
967,0, 330, False, 3
968,0, 330, False, 3
969,0, 330, False, 3
970,0, 330, False, 3
971,0, 330, False, 3
972,0, 330, False, 3
973,0, 330, False, 0
974,0, 330, False, 0
975,0, 330, False, 0
976,0, 330, False, 0
977,0, 330, False, 0
978,0, 330, False, 0
979,0, 330, False, 0
980,0, 330, False, 0
981,0, 330, False, 0
982,0, 330, False, 3
983,0, 330, False, 3
984,0, 330, False, 3
985,0, 330, False, 3
986,0, 330, False, 3
987,0, 330, False, 3
988,0, 330, False, 0
989,0, 330, False, 0
990,0, 330, False, 0
991,0, 330, False, 0
992,0, 330, False, 0
993,0, 330, False, 0
994,0, 330, False, 0
995,0, 330, False, 0
996,0, 330, False, 0
997,0, 330, False, 0
998,0, 330, False, 0
999,0, 330, False, 0
1000,0, 330, False, 0
1001,0, 330, False, 0
1002,0, 330, False, 0
1003,0, 330, False, 0
1004,0, 330, False, 0
1005,0, 330, False, 0
1006,0, 330, False, 0
1007,0, 330, False, 0
1008,0, 330, False, 0
1009,0, 330, False, 0
1010,0, 330, False, 0
1011,0, 330, False, 0
1012,0, 330, False, 0
1013,0, 330, False, 0
1014,0, 330, False, 0
1015,0, 330, False, 0
1016,0, 330, False, 0
1017,0, 330, False, 0
1018,0, 330, False, 0
1019,0, 330, False, 0
1020,0, 330, False, 3
1021,0, 330, False, 3
1022,0, 330, False, 3
1023,0, 330, False, 3
1024,0, 330, False, 3
1025,0, 330, False, 3
1026,0, 330, False, 0
1027,10, 340, False, 0
1028,0, 340, False, 0
1029,0, 340, False, 0
1030,0, 340, False, 0
1031,0, 340, False, 0
1032,0, 340, False, 0
1033,0, 340, False, 0
1034,0, 340, False, 0
1035,0, 340, False, 0
1036,0, 340, False, 0
1037,0, 340, False, 0
1038,0, 340, False, 0
1039,0, 340, False, 2
1040,0, 340, False, 2
1041,0, 340, False, 2
1042,0, 340, False, 2
1043,0, 340, False, 2
1044,0, 340, False, 2
1045,0, 340, False, 0
1046,0, 340, False, 0
1047,0, 340, False, 0
1048,0, 340, False, 0
1049,0, 340, False, 0
1050,0, 340, False, 0
1051,50, 390, False, 0
1052,0, 390, False, 0
1053,0, 390, False, 0
1054,0, 390, False, 0
1055,0, 390, False, 0
1056,0, 390, False, 0
1057,0, 390, False, 0
1058,0, 390, False, 0
1059,0, 390, False, 0
1060,0, 390, False, 0
1061,0, 390, False, 0
1062,0, 390, False, 0
1063,10, 400, False, 0
1064,0, 400, False, 0
1065,0, 400, False, 0
1066,0, 400, False, 0
1067,0, 400, False, 0
1068,0, 400, False, 0
1069,0, 400, False, 0
1070,0, 400, False, 0
1071,0, 400, False, 0
1072,0, 400, False, 0
1073,0, 400, False, 4
1074,0, 400, False, 4
1075,0, 400, False, 4
1076,0, 400, False, 4
1077,0, 400, False, 4
1078,0, 400, False, 4
1079,0, 400, False, 4
1080,0, 400, False, 0
1081,0, 400, False, 0
1082,0, 400, False, 0
1083,10, 410, False, 0
1084,0, 410, False, 0
1085,0, 410, False, 0
1086,0, 410, False, 0
1087,0, 410, False, 0
1088,0, 410, False, 0
1089,0, 410, False, 0
1090,0, 410, False, 0
1091,0, 410, False, 0
1092,0, 410, False, 0
1093,0, 410, False, 0
1094,0, 410, False, 0
1095,10, 420, False, 0
1096,0, 420, False, 0
1097,0, 420, False, 0
1098,0, 420, False, 0
1099,0, 420, False, 0
1100,0, 420, False, 0
1101,0, 420, False, 0
1102,0, 420, False, 0
1103,0, 420, False, 0
1104,0, 420, False, 0
1105,0, 420, False, 0
1106,0, 420, False, 0
1107,0, 420, False, 0
1108,0, 420, False, 0
1109,10, 430, False, 0
1110,0, 430, False, 0
1111,0, 430, False, 0
1112,0, 430, False, 0
1113,0, 430, False, 0
1114,0, 430, False, 0
1115,0, 430, False, 0
1116,0, 430, False, 0
1117,0, 430, False, 0
1118,0, 430, False, 0
1119,0, 430, False, 5
1120,0, 430, False, 5
1121,0, 430, False, 5
1122,0, 430, False, 5
1123,0, 430, False, 5
1124,0, 430, False, 5
1125,0, 430, False, 5
1126,0, 430, False, 0
1127,10, 440, False, 0
1128,0, 440, False, 0
1129,0, 440, False, 0
1130,0, 440, False, 0
1131,0, 440, False, 0
1132,0, 440, False, 0
1133,0, 440, False, 0
1134,0, 440, False, 0
1135,0, 440, False, 0
1136,0, 440, False, 0
1137,0, 440, False, 0
1138,0, 440, False, 0
1139,0, 440, False, 0
1140,0, 440, False, 0
1141,10, 450, False, 0
1142,0, 450, False, 0
1143,0, 450, False, 0
1144,0, 450, False, 0
1145,0, 450, False, 0
1146,0, 450, False, 0
1147,0, 450, False, 0
1148,0, 450, False, 0
1149,0, 450, False, 0
1150,0, 450, False, 0
1151,0, 450, False, 0
1152,0, 450, False, 0
1153,0, 450, False, 0
1154,0, 450, False, 0
1155,10, 460, False, 0
1156,0, 460, False, 0
1157,0, 460, False, 0
1158,0, 460, False, 0
1159,0, 460, False, 0
1160,0, 460, False, 0
1161,0, 460, False, 0
1162,0, 460, False, 0
1163,0, 460, False, 0
1164,0, 460, False, 0
1165,0, 460, False, 0
1166,0, 460, False, 0
1167,0, 460, False, 0
1168,0, 460, False, 0
1169,10, 470, False, 0
1170,0, 470, False, 0
1171,0, 470, False, 2
1172,0, 470, False, 2
1173,0, 470, False, 2
1174,0, 470, False, 2
1175,0, 470, False, 2
1176,0, 470, False, 2
1177,0, 470, False, 2
1178,0, 470, False, 0
1179,0, 470, False, 0
1180,0, 470, False, 0
1181,0, 470, False, 0
1182,0, 470, False, 0
1183,0, 470, False, 0
1184,0, 470, False, 0
1185,0, 470, False, 0
1186,0, 470, False, 0
1187,0, 470, False, 0
1188,0, 470, False, 0
1189,0, 470, False, 0
1190,0, 470, False, 3
1191,0, 470, False, 3
1192,0, 470, False, 3
1193,0, 470, False, 3
1194,0, 470, False, 3
1195,0, 470, False, 3
1196,0, 470, False, 3
1197,0, 470, False, 0
1198,0, 470, False, 0
1199,0, 470, False, 0
1200,0, 470, False, 0
1201,10, 480, False, 0
1202,0, 480, False, 0
1203,0, 480, False, 0
1204,0, 480, False, 0
1205,0, 480, False, 0
1206,0, 480, False, 0
1207,0, 480, False, 0
1208,0, 480, False, 0
1209,0, 480, False, 0
1210,0, 480, False, 0
1211,0, 480, False, 0
1212,0, 480, False, 0
1213,0, 480, False, 0
1214,0, 480, False, 0
1215,0, 480, False, 0
1216,0, 480, False, 0
1217,0, 480, False, 0
1218,0, 480, False, 0
1219,0, 480, False, 0
1220,0, 480, False, 0
1221,0, 480, False, 0
1222,0, 480, False, 0
1223,0, 480, False, 0
1224,0, 480, False, 0
1225,0, 480, False, 0
1226,0, 480, False, 0
1227,0, 480, False, 0
1228,0, 480, False, 0
1229,0, 480, False, 0
1230,0, 480, False, 0
1231,0, 480, False, 0
1232,0, 480, False, 0
1233,0, 480, False, 0
1234,0, 480, False, 0
1235,0, 480, False, 0
1236,0, 480, False, 0
1237,0, 480, False, 0
1238,0, 480, False, 0
1239,0, 480, False, 0
1240,0, 480, False, 4
1241,0, 480, False, 4
1242,0, 480, False, 4
1243,0, 480, False, 4
1244,0, 480, False, 4
1245,0, 480, False, 0
1246,0, 480, False, 0
1247,0, 480, False, 0
1248,0, 480, False, 0
1249,0, 480, False, 0
1250,0, 480, False, 0
1251,0, 480, False, 0
1252,0, 480, False, 0
1253,0, 480, False, 0
1254,0, 480, False, 0
1255,0, 480, False, 0
1256,0, 480, False, 5
1257,0, 480, False, 5
1258,0, 480, False, 5
1259,0, 480, False, 5
1260,0, 480, False, 5
1261,0, 480, False, 5
1262,0, 480, False, 0
1263,0, 480, False, 0
1264,0, 480, False, 0
1265,0, 480, False, 0
1266,0, 480, False, 0
1267,0, 480, False, 0
1268,0, 480, False, 0
1269,0, 480, False, 0
1270,0, 480, False, 0
1271,0, 480, False, 0
1272,0, 480, False, 0
1273,0, 480, False, 0
1274,0, 480, False, 0
1275,0, 480, False, 0
1276,0, 480, False, 0
1277,0, 480, False, 3
1278,0, 480, False, 3
1279,0, 480, False, 3
1280,0, 480, False, 3
1281,0, 480, False, 3
1282,0, 480, False, 3
1283,0, 480, False, 0
1284,0, 480, False, 0
1285,0, 480, False, 0
1286,0, 480, False, 0
1287,0, 480, False, 0
1288,0, 480, False, 0
1289,0, 480, False, 0
1290,0, 480, False, 0
1291,0, 480, False, 0
1292,0, 480, False, 0
1293,0, 480, False, 0
1294,0, 480, False, 0
1295,0, 480, False, 0
1296,0, 480, False, 0
1297,0, 480, False, 0
1298,0, 480, False, 0
1299,0, 480, False, 0
1300,0, 480, False, 5
1301,0, 480, False, 5
1302,0, 480, False, 5
1303,0, 480, False, 5
1304,0, 480, False, 5
1305,0, 480, False, 5
1306,0, 480, False, 0
1307,0, 480, False, 0
1308,0, 480, False, 0
1309,0, 480, False, 0
1310,0, 480, False, 0
1311,0, 480, False, 0
1312,0, 480, False, 0
1313,0, 480, False, 0
1314,0, 480, False, 0
1315,0, 480, False, 0
1316,0, 480, False, 0
1317,0, 480, False, 0
1318,0, 480, False, 0
1319,0, 480, False, 0
1320,0, 480, False, 0
1321,0, 480, False, 0
1322,0, 480, False, 0
1323,0, 480, False, 0
1324,0, 480, False, 0
1325,200, 680, False, 0
1326,0, 680, False, 0
1327,0, 680, False, 0
1328,0, 680, False, 3
1329,0, 680, False, 3
1330,0, 680, False, 3
1331,0, 680, False, 3
1332,0, 680, False, 3
1333,0, 680, False, 0
1334,0, 680, False, 0
1335,0, 680, False, 0
1336,0, 680, False, 0
1337,0, 680, False, 0
1338,0, 680, False, 0
1339,0, 680, False, 0
1340,0, 680, False, 0
1341,0, 680, False, 0
1342,0, 680, False, 0
1343,0, 680, False, 0
1344,0, 680, False, 0
1345,0, 680, False, 0
1346,0, 680, False, 0
1347,0, 680, False, 0
1348,0, 680, False, 0
1349,0, 680, False, 0
1350,0, 680, False, 0
1351,0, 680, False, 0
1352,0, 680, False, 0
1353,0, 680, False, 0
1354,0, 680, False, 0
1355,0, 680, False, 0
1356,0, 680, False, 0
1357,0, 680, False, 0
1358,0, 680, False, 0
1359,0, 680, False, 0
1360,0, 680, False, 3
1361,0, 680, False, 3
1362,0, 680, False, 3
1363,0, 680, False, 3
1364,0, 680, False, 3
1365,0, 680, False, 3
1366,0, 680, False, 0
1367,0, 680, False, 0
1368,0, 680, False, 0
1369,0, 680, False, 0
1370,0, 680, False, 0
1371,0, 680, False, 0
1372,0, 680, False, 0
1373,0, 680, False, 0
1374,0, 680, False, 0
1375,0, 680, False, 0
1376,0, 680, False, 0
1377,0, 680, False, 0
1378,0, 680, False, 0
1379,0, 680, False, 2
1380,0, 680, False, 2
1381,0, 680, False, 2
1382,0, 680, False, 2
1383,0, 680, False, 2
1384,0, 680, False, 2
1385,0, 680, False, 2
1386,0, 680, False, 0
1387,0, 680, False, 0
1388,0, 680, False, 0
1389,0, 680, False, 0
1390,0, 680, False, 0
1391,0, 680, False, 0
1392,0, 680, False, 0
1393,0, 680, False, 0
1394,0, 680, False, 0
1395,0, 680, False, 0
1396,0, 680, False, 0
1397,0, 680, False, 0
1398,0, 680, False, 0
1399,0, 680, False, 0
1400,0, 680, False, 0
1401,0, 680, False, 0
1402,0, 680, False, 0
1403,0, 680, False, 0
1404,0, 680, False, 0
1405,0, 680, False, 0
1406,0, 680, False, 0
1407,0, 680, False, 0
1408,0, 680, False, 0
1409,0, 680, False, 3
1410,0, 680, False, 3
1411,0, 680, False, 3
1412,0, 680, False, 3
1413,0, 680, False, 3
1414,0, 680, False, 3
1415,0, 680, False, 3
1416,0, 680, False, 3
1417,0, 680, False, 0
1418,0, 680, False, 0
1419,0, 680, False, 0
1420,0, 680, False, 0
1421,0, 680, False, 0
1422,0, 680, False, 0
1423,10, 690, False, 0
1424,0, 690, False, 0
1425,0, 690, False, 0
1426,0, 690, False, 0
1427,0, 690, False, 0
1428,0, 690, False, 0
1429,0, 690, False, 0
1430,0, 690, False, 0
1431,0, 690, False, 0
1432,0, 690, False, 0
1433,0, 690, False, 0
1434,0, 690, False, 0
1435,0, 690, False, 0
1436,0, 690, False, 0
1437,0, 690, False, 4
1438,0, 690, False, 4
1439,0, 690, False, 4
1440,0, 690, False, 4
1441,0, 690, False, 4
1442,0, 690, False, 0
1443,0, 690, False, 0
1444,0, 690, False, 0
1445,0, 690, False, 0
1446,0, 690, False, 0
1447,0, 690, False, 0
1448,0, 690, False, 0
1449,0, 690, False, 0
1450,0, 690, False, 0
1451,0, 690, False, 0
1452,0, 690, False, 0
1453,0, 690, False, 0
1454,0, 690, False, 0
1455,0, 690, False, 0
1456,0, 690, False, 0
1457,0, 690, False, 0
1458,0, 690, False, 0
1459,0, 690, False, 0
1460,0, 690, False, 0
1461,0, 690, False, 5
1462,0, 690, False, 5
1463,0, 690, False, 5
1464,0, 690, False, 5
1465,0, 690, False, 5
1466,0, 690, False, 5
1467,0, 690, False, 5
1468,0, 690, False, 0
1469,0, 690, False, 0
1470,0, 690, False, 0
1471,0, 690, False, 0
1472,0, 690, False, 0
1473,0, 690, False, 0
1474,0, 690, False, 0
1475,0, 690, False, 0
1476,0, 690, False, 0
1477,0, 690, False, 0
1478,0, 690, False, 0
1479,0, 690, False, 0
1480,0, 690, False, 4
1481,0, 690, False, 4
1482,0, 690, False, 4
1483,0, 690, False, 4
1484,0, 690, False, 4
1485,0, 690, False, 0
1486,0, 690, False, 0
1487,0, 690, False, 0
1488,0, 690, False, 0
1489,0, 690, False, 0
1490,0, 690, False, 0
1491,0, 690, False, 0
1492,0, 690, False, 0
1493,0, 690, False, 0
1494,0, 690, False, 0
1495,0, 690, False, 0
1496,0, 690, False, 0
1497,0, 690, False, 0
1498,0, 690, False, 0
1499,0, 690, False, 0
1500,0, 690, False, 0
1501,0, 690, False, 0
1502,0, 690, False, 0
1503,0, 690, False, 4
1504,0, 690, False, 4
1505,0, 690, False, 4
1506,0, 690, False, 4
1507,0, 690, False, 4
1508,0, 690, False, 4
1509,0, 690, False, 0
1510,0, 690, False, 0
1511,0, 690, False, 0
1512,0, 690, False, 0
1513,0, 690, False, 0
1514,0, 690, False, 0
1515,0, 690, False, 0
1516,0, 690, False, 0
1517,0, 690, False, 0
1518,0, 690, False, 0
1519,0, 690, False, 0
1520,0, 690, False, 0
1521,0, 690, False, 2
1522,0, 690, False, 2
1523,0, 690, False, 2
1524,0, 690, False, 2
1525,0, 690, False, 2
1526,0, 690, False, 2
1527,0, 690, False, 0
1528,0, 690, False, 0
1529,0, 690, False, 0
1530,0, 690, False, 0
1531,0, 690, False, 0
1532,0, 690, False, 0
1533,0, 690, False, 0
1534,0, 690, False, 0
1535,0, 690, False, 0
1536,0, 690, False, 0
1537,0, 690, False, 0
1538,0, 690, False, 0
1539,0, 690, False, 0
1540,0, 690, False, 0
1541,0, 690, False, 0
1542,0, 690, False, 0
1543,0, 690, False, 0
1544,0, 690, False, 0
1545,0, 690, False, 0
1546,0, 690, False, 0
1547,0, 690, False, 0
1548,0, 690, False, 0
1549,0, 690, False, 0
1550,0, 690, False, 0
1551,0, 690, False, 0
1552,0, 690, False, 0
1553,0, 690, False, 4
1554,0, 690, False, 4
1555,0, 690, False, 4
1556,0, 690, False, 4
1557,0, 690, False, 4
1558,0, 690, False, 4
1559,0, 690, False, 4
1560,0, 690, False, 0
1561,0, 690, False, 0
1562,0, 690, False, 0
1563,0, 690, False, 0
1564,0, 690, False, 0
1565,0, 690, False, 0
1566,0, 690, False, 0
1567,10, 700, False, 0
1568,0, 700, False, 0
1569,0, 700, False, 0
1570,0, 700, False, 0
1571,0, 700, False, 0
1572,0, 700, False, 0
1573,0, 700, False, 0
1574,0, 700, False, 0
1575,0, 700, False, 0
1576,0, 700, False, 0
1577,0, 700, False, 0
1578,0, 700, False, 0
1579,10, 710, False, 0
1580,0, 710, False, 0
1581,0, 710, False, 0
1582,0, 710, False, 0
1583,0, 710, False, 0
1584,0, 710, False, 0
1585,0, 710, False, 0
1586,0, 710, False, 0
1587,0, 710, False, 0
1588,0, 710, False, 0
1589,0, 710, False, 0
1590,0, 710, False, 0
1591,0, 710, False, 0
1592,0, 710, False, 0
1593,10, 720, False, 0
1594,0, 720, False, 0
1595,0, 720, False, 0
1596,0, 720, False, 0
1597,0, 720, False, 0
1598,0, 720, False, 0
1599,0, 720, False, 0
1600,0, 720, False, 0
1601,0, 720, False, 0
1602,0, 720, False, 0
1603,0, 720, False, 0
1604,0, 720, False, 0
1605,0, 720, False, 0
1606,0, 720, False, 0
1607,10, 730, False, 0
1608,0, 730, False, 0
1609,0, 730, False, 0
1610,0, 730, False, 0
1611,0, 730, False, 0
1612,0, 730, False, 0
1613,0, 730, False, 0
1614,0, 730, False, 0
1615,0, 730, False, 0
1616,0, 730, False, 0
1617,0, 730, False, 0
1618,0, 730, False, 0
1619,10, 740, False, 0
1620,0, 740, False, 0
1621,0, 740, False, 0
1622,0, 740, False, 0
1623,0, 740, False, 0
1624,0, 740, False, 0
1625,0, 740, False, 0
1626,0, 740, False, 2
1627,0, 740, False, 2
1628,0, 740, False, 2
1629,0, 740, False, 2
1630,0, 740, False, 2
1631,0, 740, False, 0
1632,0, 740, False, 0
1633,0, 740, False, 0
1634,0, 740, False, 0
1635,0, 740, False, 0
1636,0, 740, False, 0
1637,0, 740, False, 0
1638,0, 740, False, 0
1639,10, 750, False, 0
1640,0, 750, False, 0
1641,0, 750, False, 0
1642,0, 750, False, 0
1643,0, 750, False, 0
1644,0, 750, False, 0
1645,0, 750, False, 0
1646,0, 750, False, 0
1647,0, 750, False, 0
1648,0, 750, False, 0
1649,0, 750, False, 0
1650,0, 750, False, 0
1651,0, 750, False, 0
1652,0, 750, False, 0
1653,10, 760, False, 0
1654,0, 760, False, 0
1655,0, 760, False, 0
1656,0, 760, False, 0
1657,0, 760, False, 0
1658,0, 760, False, 0
1659,0, 760, False, 0
1660,0, 760, False, 0
1661,0, 760, False, 0
1662,0, 760, False, 0
1663,0, 760, False, 0
1664,0, 760, False, 0
1665,0, 760, False, 0
1666,0, 760, False, 0
1667,10, 770, False, 0
1668,0, 770, False, 0
1669,0, 770, False, 0
1670,0, 770, False, 0
1671,0, 770, False, 0
1672,0, 770, False, 0
1673,0, 770, False, 3
1674,0, 770, False, 3
1675,0, 770, False, 3
1676,0, 770, False, 3
1677,0, 770, False, 3
1678,0, 770, False, 3
1679,0, 770, False, 0
1680,0, 770, False, 0
1681,10, 780, False, 0
1682,0, 780, False, 0
1683,0, 780, False, 0
1684,0, 780, False, 0
1685,0, 780, False, 0
1686,0, 780, False, 2
1687,0, 780, False, 2
1688,0, 780, False, 2
1689,0, 780, False, 2
1690,0, 780, False, 0
1691,0, 780, False, 0
1692,0, 780, False, 0
1693,0, 780, False, 0
1694,0, 780, False, 0
1695,0, 780, False, 0
1696,0, 780, False, 0
1697,0, 780, False, 0
1698,0, 780, False, 0
1699,0, 780, False, 0
1700,0, 780, False, 0
1701,0, 780, False, 0
1702,0, 780, False, 0
1703,0, 780, False, 0
1704,0, 780, False, 0
1705,0, 780, False, 0
1706,0, 780, False, 0
1707,0, 780, False, 0
1708,0, 780, False, 0
1709,0, 780, False, 0
1710,0, 780, False, 0
1711,0, 780, False, 0
1712,0, 780, False, 0
1713,0, 780, False, 0
1714,0, 780, False, 0
1715,0, 780, False, 0
1716,0, 780, False, 0
1717,0, 780, False, 0
1718,0, 780, False, 0
1719,0, 780, False, 0
1720,0, 780, False, 0
1721,0, 780, False, 0
1722,0, 780, False, 0
1723,0, 780, False, 0
1724,0, 780, False, 0
1725,0, 780, False, 0
1726,0, 780, False, 0
1727,0, 780, False, 0
1728,0, 780, False, 0
1729,0, 780, False, 0
1730,0, 780, False, 0
1731,0, 780, False, 0
1732,0, 780, False, 0
1733,0, 780, False, 0
1734,0, 780, False, 0
1735,0, 780, False, 0
1736,0, 780, False, 0
1737,0, 780, False, 0
1738,0, 780, False, 0
1739,0, 780, False, 0
1740,0, 780, False, 0
1741,0, 780, False, 0
1742,0, 780, False, 0
1743,0, 780, False, 0
1744,0, 780, False, 0
1745,0, 780, False, 0
1746,0, 780, False, 0
1747,0, 780, False, 0
1748,0, 780, False, 0
1749,0, 780, False, 0
1750,0, 780, False, 0
1751,0, 780, False, 0
1752,0, 780, False, 0
1753,0, 780, False, 0
1754,0, 780, False, 0
1755,0, 780, False, 0
1756,0, 780, False, 0
1757,0, 780, False, 0
1758,0, 780, False, 0
1759,0, 780, False, 0
1760,0, 780, False, 0
1761,0, 780, False, 0
1762,0, 780, False, 0
1763,0, 780, False, 0
1764,0, 780, False, 0
1765,0, 780, False, 0
1766,0, 780, False, 0
1767,0, 780, False, 0
1768,0, 780, False, 0
1769,0, 780, False, 0
1770,0, 780, False, 0
1771,0, 780, False, 0
1772,0, 780, False, 0
1773,0, 780, False, 0
1774,0, 780, False, 0
1775,0, 780, False, 0
1776,0, 780, False, 0
1777,0, 780, False, 0
1778,0, 780, False, 0
1779,0, 780, False, 0
1780,0, 780, False, 0
1781,0, 780, False, 0
1782,0, 780, False, 0
1783,0, 780, False, 0
1784,0, 780, False, 0
1785,0, 780, False, 0
1786,0, 780, False, 0
1787,0, 780, False, 0
1788,0, 780, False, 0
1789,0, 780, False, 0
1790,0, 780, False, 0
1791,0, 780, False, 0
1792,0, 780, False, 0
1793,0, 780, False, 0
1794,0, 780, False, 0
1795,0, 780, False, 0
1796,0, 780, False, 0
1797,0, 780, False, 0
1798,0, 780, False, 0
1799,0, 780, False, 0
1800,0, 780, False, 0
1801,0, 780, False, 0
1802,0, 780, False, 0
1803,0, 780, False, 0
1804,0, 780, False, 0
1805,0, 780, False, 0
1806,0, 780, False, 0
1807,0, 780, False, 0
1808,0, 780, False, 0
1809,0, 780, False, 0
1810,0, 780, False, 0
1811,0, 780, False, 0
1812,0, 780, False, 0
1813,0, 780, False, 0
1814,0, 780, False, 0
1815,0, 780, False, 0
1816,0, 780, False, 0
1817,0, 780, False, 0
1818,0, 780, False, 0
1819,0, 780, False, 0
1820,0, 780, False, 0
1821,0, 780, False, 0
1822,0, 780, False, 0
1823,0, 780, False, 0
1824,0, 780, False, 0
1825,0, 780, False, 0
1826,0, 780, False, 0
1827,0, 780, False, 0
1828,0, 780, False, 0
1829,0, 780, False, 0
1830,0, 780, False, 0
1831,0, 780, False, 0
1832,0, 780, False, 0
1833,0, 780, False, 0
1834,0, 780, False, 0
1835,0, 780, False, 0
1836,0, 780, False, 0
1837,0, 780, False, 0
1838,0, 780, False, 0
1839,0, 780, False, 0
1840,0, 780, False, 0
1841,0, 780, False, 0
1842,0, 780, False, 0
1843,0, 780, False, 0
1844,0, 780, False, 0
1845,0, 780, False, 0
1846,0, 780, False, 0
1847,0, 780, False, 0
1848,0, 780, False, 0
1849,0, 780, False, 0
1850,0, 780, False, 0
1851,0, 780, False, 0
1852,0, 780, False, 0
1853,0, 780, False, 0
1854,0, 780, False, 0
1855,0, 780, False, 0
1856,0, 780, False, 0
1857,0, 780, False, 0
1858,0, 780, False, 0
1859,0, 780, False, 0
1860,0, 780, False, 0
1861,0, 780, False, 0
1862,0, 780, False, 0
1863,0, 780, False, 0
1864,0, 780, False, 0
1865,0, 780, False, 0
1866,0, 780, False, 0
1867,0, 780, False, 0
1868,0, 780, False, 0
1869,0, 780, False, 0
1870,0, 780, False, 0
1871,0, 780, False, 0
1872,0, 780, False, 0
1873,0, 780, False, 0
1874,0, 780, False, 0
1875,0, 780, False, 0
1876,0, 780, False, 0
1877,0, 780, False, 0
1878,0, 780, False, 0
1879,0, 780, False, 0
1880,0, 780, False, 0
1881,0, 780, False, 0
1882,0, 780, False, 0
1883,0, 780, False, 0
1884,0, 780, False, 0
1885,0, 780, False, 0
1886,0, 780, False, 0
1887,0, 780, False, 0
1888,0, 780, False, 0
1889,0, 780, False, 0
1890,0, 780, False, 0
1891,0, 780, False, 0
1892,0, 780, False, 0
1893,0, 780, False, 0
1894,0, 780, False, 0
1895,0, 780, False, 0
1896,0, 780, False, 0
1897,0, 780, False, 0
1898,0, 780, False, 0
1899,0, 780, False, 0
1900,0, 780, False, 0
1901,0, 780, False, 0
1902,0, 780, False, 0
1903,10, 790, False, 0
1904,0, 790, False, 0
1905,0, 790, False, 0
1906,0, 790, False, 0
1907,0, 790, False, 0
1908,0, 790, False, 0
1909,0, 790, False, 0
1910,0, 790, False, 0
1911,0, 790, False, 0
1912,0, 790, False, 0
1913,0, 790, False, 0
1914,0, 790, False, 0
1915,10, 800, False, 0
1916,0, 800, False, 0
1917,0, 800, False, 0
1918,0, 800, False, 0
1919,0, 800, False, 0
1920,0, 800, False, 0
1921,0, 800, False, 0
1922,0, 800, False, 0
1923,0, 800, False, 0
1924,0, 800, False, 0
1925,0, 800, False, 0
1926,0, 800, False, 0
1927,0, 800, False, 0
1928,0, 800, False, 0
1929,10, 810, False, 0
1930,0, 810, False, 0
1931,0, 810, False, 0
1932,0, 810, False, 0
1933,0, 810, False, 0
1934,0, 810, False, 0
1935,0, 810, False, 0
1936,0, 810, False, 0
1937,0, 810, False, 0
1938,0, 810, False, 0
1939,0, 810, False, 0
1940,0, 810, False, 0
1941,0, 810, False, 0
1942,0, 810, False, 0
1943,10, 820, False, 0
1944,0, 820, False, 0
1945,0, 820, False, 0
1946,0, 820, False, 0
1947,0, 820, False, 0
1948,0, 820, False, 0
1949,0, 820, False, 0
1950,0, 820, False, 0
1951,0, 820, False, 0
1952,0, 820, False, 0
1953,0, 820, False, 0
1954,0, 820, False, 0
1955,10, 830, False, 0
1956,0, 830, False, 0
1957,0, 830, False, 0
1958,0, 830, False, 0
1959,0, 830, False, 0
1960,0, 830, False, 0
1961,0, 830, False, 0
1962,0, 830, False, 0
1963,0, 830, False, 0
1964,0, 830, False, 0
1965,0, 830, False, 0
1966,0, 830, False, 0
1967,0, 830, False, 0
1968,0, 830, False, 0
1969,0, 830, False, 0
1970,0, 830, False, 0
1971,0, 830, False, 0
1972,0, 830, False, 0
1973,0, 830, False, 0
1974,0, 830, False, 0
1975,0, 830, False, 0
1976,0, 830, False, 0
1977,0, 830, False, 0
1978,0, 830, False, 0
1979,0, 830, False, 0
1980,0, 830, False, 0
1981,0, 830, False, 0
1982,0, 830, False, 0
1983,0, 830, False, 0
1984,0, 830, False, 0
1985,0, 830, False, 0
1986,0, 830, False, 0
1987,0, 830, False, 0
1988,0, 830, False, 0
1989,0, 830, False, 0
1990,0, 830, False, 0
1991,0, 830, False, 0
1992,0, 830, False, 0
1993,0, 830, False, 0
1994,0, 830, False, 0
1995,0, 830, False, 0
1996,0, 830, False, 0
1997,0, 830, False, 0
1998,0, 830, False, 0
1999,0, 830, False, 0
2000,0, 830, False, 0
2001,0, 830, False, 0
2002,0, 830, False, 0
2003,0, 830, False, 0
2004,0, 830, False, 0
2005,0, 830, False, 0
2006,0, 830, False, 0
2007,0, 830, False, 0
2008,0, 830, False, 0
2009,0, 830, False, 0
2010,0, 830, False, 0
2011,0, 830, False, 0
2012,0, 830, False, 0
2013,0, 830, False, 0
2014,0, 830, False, 0
2015,0, 830, False, 0
2016,0, 830, False, 0
2017,0, 830, False, 0
2018,0, 830, False, 0
2019,0, 830, False, 0
2020,0, 830, False, 0
2021,0, 830, False, 0
2022,0, 830, False, 0
2023,0, 830, False, 0
2024,0, 830, False, 0
2025,0, 830, False, 0
2026,0, 830, False, 0
2027,0, 830, False, 0
2028,0, 830, False, 0
2029,0, 830, False, 0
2030,0, 830, False, 0
2031,0, 830, False, 0
2032,0, 830, False, 0
2033,0, 830, False, 0
2034,0, 830, False, 0
2035,0, 830, False, 0
2036,0, 830, False, 0
2037,0, 830, False, 0
2038,0, 830, False, 0
2039,0, 830, False, 0
2040,0, 830, False, 0
2041,0, 830, False, 0
2042,0, 830, False, 0
2043,0, 830, False, 0
2044,0, 830, False, 0
2045,0, 830, False, 0
2046,0, 830, False, 0
2047,0, 830, False, 0
2048,0, 830, False, 0
2049,0, 830, False, 0
2050,0, 830, False, 0
2051,0, 830, False, 0
2052,0, 830, False, 0
2053,0, 830, False, 0
2054,0, 830, False, 0
2055,0, 830, False, 0
2056,0, 830, False, 0
2057,0, 830, False, 0
2058,0, 830, False, 0
2059,0, 830, False, 0
2060,0, 830, False, 0
2061,0, 830, False, 0
2062,0, 830, False, 0
2063,0, 830, False, 0
2064,0, 830, False, 0
2065,0, 830, False, 0
2066,0, 830, False, 0
2067,0, 830, False, 0
2068,0, 830, False, 0
2069,0, 830, False, 0
2070,0, 830, False, 0
2071,0, 830, False, 0
2072,0, 830, False, 0
2073,0, 830, False, 0
2074,0, 830, False, 0
2075,0, 830, False, 0
2076,0, 830, False, 0
2077,0, 830, False, 0
2078,0, 830, False, 0
2079,0, 830, False, 0
2080,0, 830, False, 0
2081,0, 830, False, 0
2082,0, 830, False, 0
2083,0, 830, False, 0
2084,0, 830, False, 0
2085,0, 830, False, 0
2086,0, 830, False, 0
2087,0, 830, False, 0
2088,0, 830, False, 0
2089,0, 830, False, 0
2090,0, 830, False, 0
2091,0, 830, False, 0
2092,0, 830, False, 0
2093,0, 830, False, 0
2094,0, 830, False, 0
2095,0, 830, False, 0
2096,0, 830, False, 0
2097,0, 830, False, 0
2098,0, 830, False, 0
2099,0, 830, False, 0
2100,0, 830, False, 0
2101,0, 830, False, 0
2102,0, 830, False, 0
2103,0, 830, False, 0
2104,0, 830, False, 0
2105,0, 830, False, 0
2106,0, 830, False, 0
2107,0, 830, False, 0
2108,0, 830, False, 0
2109,0, 830, False, 0
2110,0, 830, False, 0
2111,0, 830, False, 0
2112,0, 830, False, 0
2113,0, 830, False, 0
