db traj id : 1126
frame,reward,score,terminal, action
0,0, 0, False, 0
1,0, 0, False, 0
2,0, 0, False, 0
3,0, 0, False, 0
4,0, 0, False, 0
5,0, 0, False, 0
6,0, 0, False, 0
7,0, 0, False, 0
8,0, 0, False, 0
9,0, 0, False, 0
10,0, 0, False, 0
11,0, 0, False, 0
12,0, 0, False, 0
13,0, 0, False, 0
14,0, 0, False, 0
15,0, 0, False, 0
16,0, 0, False, 0
17,0, 0, False, 0
18,0, 0, False, 0
19,0, 0, False, 0
20,0, 0, False, 0
21,0, 0, False, 0
22,0, 0, False, 0
23,0, 0, False, 0
24,0, 0, False, 0
25,0, 0, False, 0
26,0, 0, False, 0
27,0, 0, False, 0
28,0, 0, False, 0
29,0, 0, False, 0
30,0, 0, False, 0
31,0, 0, False, 0
32,0, 0, False, 0
33,0, 0, False, 0
34,0, 0, False, 0
35,0, 0, False, 0
36,0, 0, False, 0
37,0, 0, False, 0
38,0, 0, False, 0
39,0, 0, False, 0
40,0, 0, False, 0
41,0, 0, False, 0
42,0, 0, False, 0
43,0, 0, False, 0
44,0, 0, False, 0
45,0, 0, False, 0
46,0, 0, False, 0
47,0, 0, False, 0
48,0, 0, False, 0
49,0, 0, False, 0
50,0, 0, False, 0
51,0, 0, False, 0
52,0, 0, False, 0
53,0, 0, False, 0
54,0, 0, False, 0
55,0, 0, False, 0
56,0, 0, False, 0
57,0, 0, False, 0
58,0, 0, False, 0
59,0, 0, False, 0
60,0, 0, False, 0
61,0, 0, False, 0
62,0, 0, False, 0
63,0, 0, False, 0
64,0, 0, False, 0
65,0, 0, False, 0
66,0, 0, False, 0
67,0, 0, False, 0
68,0, 0, False, 0
69,0, 0, False, 0
70,0, 0, False, 0
71,0, 0, False, 0
72,0, 0, False, 0
73,0, 0, False, 0
74,0, 0, False, 0
75,0, 0, False, 0
76,0, 0, False, 0
77,0, 0, False, 0
78,0, 0, False, 0
79,0, 0, False, 0
80,0, 0, False, 0
81,0, 0, False, 0
82,0, 0, False, 0
83,0, 0, False, 0
84,0, 0, False, 0
85,0, 0, False, 0
86,0, 0, False, 0
87,0, 0, False, 0
88,0, 0, False, 0
89,0, 0, False, 0
90,0, 0, False, 0
91,0, 0, False, 0
92,0, 0, False, 0
93,0, 0, False, 0
94,0, 0, False, 0
95,0, 0, False, 0
96,0, 0, False, 0
97,0, 0, False, 0
98,0, 0, False, 0
99,0, 0, False, 0
100,0, 0, False, 3
101,0, 0, False, 3
102,0, 0, False, 3
103,0, 0, False, 3
104,0, 0, False, 3
105,0, 0, False, 3
106,0, 0, False, 3
107,0, 0, False, 3
108,0, 0, False, 3
109,0, 0, False, 3
110,0, 0, False, 3
111,0, 0, False, 3
112,0, 0, False, 3
113,0, 0, False, 0
114,0, 0, False, 0
115,0, 0, False, 0
116,0, 0, False, 0
117,0, 0, False, 0
118,0, 0, False, 0
119,0, 0, False, 0
120,0, 0, False, 0
121,0, 0, False, 0
122,0, 0, False, 0
123,0, 0, False, 0
124,0, 0, False, 0
125,0, 0, False, 0
126,0, 0, False, 0
127,0, 0, False, 0
128,0, 0, False, 0
129,0, 0, False, 0
130,0, 0, False, 0
131,0, 0, False, 0
132,0, 0, False, 0
133,0, 0, False, 0
134,0, 0, False, 0
135,0, 0, False, 0
136,0, 0, False, 0
137,0, 0, False, 0
138,0, 0, False, 0
139,0, 0, False, 0
140,0, 0, False, 0
141,0, 0, False, 0
142,0, 0, False, 0
143,0, 0, False, 0
144,0, 0, False, 0
145,0, 0, False, 0
146,0, 0, False, 0
147,0, 0, False, 0
148,0, 0, False, 0
149,0, 0, False, 0
150,0, 0, False, 0
151,0, 0, False, 0
152,0, 0, False, 0
153,0, 0, False, 0
154,0, 0, False, 0
155,0, 0, False, 0
156,0, 0, False, 0
157,0, 0, False, 0
158,0, 0, False, 0
159,0, 0, False, 0
160,0, 0, False, 0
161,0, 0, False, 0
162,0, 0, False, 0
163,0, 0, False, 0
164,0, 0, False, 0
165,0, 0, False, 0
166,0, 0, False, 0
167,0, 0, False, 0
168,0, 0, False, 0
169,0, 0, False, 0
170,0, 0, False, 0
171,0, 0, False, 0
172,0, 0, False, 0
173,0, 0, False, 0
174,0, 0, False, 0
175,0, 0, False, 0
176,0, 0, False, 0
177,0, 0, False, 0
178,0, 0, False, 0
179,0, 0, False, 0
180,0, 0, False, 0
181,0, 0, False, 0
182,0, 0, False, 0
183,0, 0, False, 0
184,0, 0, False, 0
185,0, 0, False, 0
186,0, 0, False, 0
187,0, 0, False, 0
188,0, 0, False, 0
189,0, 0, False, 0
190,0, 0, False, 0
191,0, 0, False, 0
192,0, 0, False, 0
193,0, 0, False, 0
194,0, 0, False, 0
195,0, 0, False, 0
196,0, 0, False, 0
197,0, 0, False, 0
198,0, 0, False, 5
199,0, 0, False, 5
200,0, 0, False, 5
201,0, 0, False, 5
202,0, 0, False, 5
203,0, 0, False, 5
204,0, 0, False, 5
205,0, 0, False, 5
206,0, 0, False, 5
207,0, 0, False, 5
208,0, 0, False, 5
209,0, 0, False, 5
210,0, 0, False, 5
211,0, 0, False, 5
212,0, 0, False, 5
213,0, 0, False, 5
214,0, 0, False, 5
215,0, 0, False, 5
216,0, 0, False, 5
217,0, 0, False, 5
218,0, 0, False, 5
219,0, 0, False, 5
220,0, 0, False, 5
221,0, 0, False, 5
222,0, 0, False, 5
223,0, 0, False, 5
224,0, 0, False, 5
225,0, 0, False, 5
226,0, 0, False, 5
227,0, 0, False, 5
228,0, 0, False, 5
229,0, 0, False, 5
230,0, 0, False, 5
231,0, 0, False, 0
232,0, 0, False, 0
233,0, 0, False, 0
234,0, 0, False, 0
235,0, 0, False, 0
236,0, 0, False, 0
237,0, 0, False, 0
238,0, 0, False, 0
239,0, 0, False, 0
240,0, 0, False, 0
241,0, 0, False, 0
242,0, 0, False, 0
243,0, 0, False, 0
244,0, 0, False, 0
245,0, 0, False, 0
246,0, 0, False, 4
247,0, 0, False, 4
248,0, 0, False, 4
249,0, 0, False, 4
250,0, 0, False, 4
251,0, 0, False, 4
252,0, 0, False, 4
253,0, 0, False, 4
254,0, 0, False, 4
255,0, 0, False, 4
256,0, 0, False, 4
257,0, 0, False, 4
258,0, 0, False, 4
259,0, 0, False, 4
260,0, 0, False, 4
261,0, 0, False, 4
262,0, 0, False, 4
263,0, 0, False, 4
264,0, 0, False, 4
265,0, 0, False, 4
266,0, 0, False, 4
267,0, 0, False, 4
268,0, 0, False, 4
269,0, 0, False, 4
270,0, 0, False, 4
271,0, 0, False, 4
272,0, 0, False, 4
273,10, 10, False, 4
274,0, 10, False, 4
275,0, 10, False, 4
276,0, 10, False, 4
277,0, 10, False, 4
278,0, 10, False, 4
279,0, 10, False, 4
280,0, 10, False, 4
281,0, 10, False, 4
282,0, 10, False, 4
283,0, 10, False, 4
284,0, 10, False, 4
285,0, 10, False, 4
286,0, 10, False, 4
287,10, 20, False, 4
288,0, 20, False, 4
289,0, 20, False, 4
290,0, 20, False, 4
291,0, 20, False, 4
292,0, 20, False, 4
293,0, 20, False, 4
294,0, 20, False, 4
295,0, 20, False, 4
296,0, 20, False, 4
297,0, 20, False, 4
298,0, 20, False, 4
299,0, 20, False, 4
300,0, 20, False, 4
301,10, 30, False, 4
302,0, 30, False, 4
303,0, 30, False, 4
304,0, 30, False, 4
305,0, 30, False, 4
306,0, 30, False, 4
307,0, 30, False, 4
308,0, 30, False, 4
309,0, 30, False, 4
310,0, 30, False, 4
311,0, 30, False, 4
312,0, 30, False, 4
313,10, 40, False, 4
314,0, 40, False, 4
315,0, 40, False, 4
316,0, 40, False, 4
317,0, 40, False, 4
318,0, 40, False, 4
319,0, 40, False, 4
320,0, 40, False, 4
321,0, 40, False, 4
322,0, 40, False, 4
323,0, 40, False, 4
324,0, 40, False, 4
325,0, 40, False, 4
326,0, 40, False, 4
327,10, 50, False, 4
328,0, 50, False, 4
329,0, 50, False, 4
330,0, 50, False, 4
331,0, 50, False, 4
332,0, 50, False, 4
333,0, 50, False, 4
334,0, 50, False, 4
335,0, 50, False, 4
336,0, 50, False, 4
337,0, 50, False, 4
338,0, 50, False, 4
339,0, 50, False, 4
340,0, 50, False, 4
341,10, 60, False, 4
342,0, 60, False, 4
343,0, 60, False, 4
344,0, 60, False, 0
345,0, 60, False, 0
346,0, 60, False, 0
347,0, 60, False, 0
348,0, 60, False, 0
349,0, 60, False, 0
350,0, 60, False, 0
351,0, 60, False, 0
352,0, 60, False, 5
353,0, 60, False, 5
354,0, 60, False, 5
355,0, 60, False, 5
356,0, 60, False, 5
357,0, 60, False, 5
358,0, 60, False, 5
359,10, 70, False, 5
360,0, 70, False, 5
361,0, 70, False, 5
362,0, 70, False, 5
363,0, 70, False, 5
364,0, 70, False, 5
365,0, 70, False, 5
366,0, 70, False, 5
367,0, 70, False, 5
368,0, 70, False, 5
369,0, 70, False, 5
370,0, 70, False, 5
371,0, 70, False, 5
372,0, 70, False, 5
373,10, 80, False, 5
374,0, 80, False, 5
375,0, 80, False, 5
376,0, 80, False, 5
377,0, 80, False, 5
378,0, 80, False, 5
379,0, 80, False, 5
380,0, 80, False, 5
381,0, 80, False, 5
382,0, 80, False, 5
383,0, 80, False, 5
384,0, 80, False, 5
385,0, 80, False, 5
386,0, 80, False, 5
387,10, 90, False, 5
388,0, 90, False, 5
389,0, 90, False, 5
390,0, 90, False, 5
391,0, 90, False, 5
392,0, 90, False, 5
393,0, 90, False, 5
394,0, 90, False, 5
395,0, 90, False, 5
396,0, 90, False, 5
397,0, 90, False, 5
398,0, 90, False, 5
399,0, 90, False, 5
400,0, 90, False, 5
401,10, 100, False, 5
402,0, 100, False, 5
403,0, 100, False, 5
404,0, 100, False, 5
405,0, 100, False, 5
406,0, 100, False, 5
407,0, 100, False, 5
408,0, 100, False, 5
409,0, 100, False, 5
410,0, 100, False, 5
411,0, 100, False, 5
412,0, 100, False, 5
413,0, 100, False, 5
414,0, 100, False, 5
415,10, 110, False, 5
416,0, 110, False, 5
417,0, 110, False, 5
418,0, 110, False, 0
419,0, 110, False, 0
420,0, 110, False, 0
421,0, 110, False, 0
422,0, 110, False, 0
423,0, 110, False, 0
424,0, 110, False, 4
425,0, 110, False, 4
426,0, 110, False, 4
427,0, 110, False, 4
428,0, 110, False, 4
429,0, 110, False, 4
430,0, 110, False, 4
431,0, 110, False, 4
432,0, 110, False, 4
433,10, 120, False, 4
434,0, 120, False, 4
435,0, 120, False, 4
436,0, 120, False, 4
437,0, 120, False, 4
438,0, 120, False, 4
439,0, 120, False, 4
440,0, 120, False, 4
441,0, 120, False, 4
442,0, 120, False, 4
443,0, 120, False, 4
444,0, 120, False, 4
445,10, 130, False, 4
446,0, 130, False, 4
447,0, 130, False, 4
448,0, 130, False, 4
449,0, 130, False, 4
450,0, 130, False, 4
451,0, 130, False, 4
452,0, 130, False, 4
453,0, 130, False, 4
454,0, 130, False, 4
455,0, 130, False, 4
456,0, 130, False, 0
457,0, 130, False, 0
458,0, 130, False, 2
459,10, 140, False, 2
460,0, 140, False, 2
461,0, 140, False, 2
462,0, 140, False, 2
463,0, 140, False, 2
464,0, 140, False, 2
465,0, 140, False, 2
466,0, 140, False, 2
467,0, 140, False, 2
468,0, 140, False, 2
469,0, 140, False, 2
470,0, 140, False, 2
471,0, 140, False, 2
472,0, 140, False, 2
473,0, 140, False, 2
474,0, 140, False, 2
475,0, 140, False, 2
476,0, 140, False, 2
477,0, 140, False, 2
478,0, 140, False, 2
479,50, 190, False, 2
480,0, 190, False, 2
481,0, 190, False, 2
482,0, 190, False, 2
483,0, 190, False, 2
484,0, 190, False, 2
485,0, 190, False, 2
486,0, 190, False, 2
487,10, 200, False, 2
488,0, 200, False, 2
489,0, 200, False, 2
490,0, 200, False, 2
491,0, 200, False, 2
492,0, 200, False, 2
493,0, 200, False, 2
494,0, 200, False, 2
495,0, 200, False, 2
496,0, 200, False, 2
497,0, 200, False, 2
498,0, 200, False, 0
499,0, 200, False, 0
500,0, 200, False, 0
501,10, 210, False, 0
502,0, 210, False, 0
503,0, 210, False, 0
504,0, 210, False, 3
505,0, 210, False, 3
506,0, 210, False, 3
507,0, 210, False, 3
508,0, 210, False, 3
509,0, 210, False, 3
510,0, 210, False, 3
511,0, 210, False, 3
512,0, 210, False, 3
513,10, 220, False, 3
514,0, 220, False, 3
515,0, 220, False, 3
516,0, 220, False, 3
517,0, 220, False, 3
518,0, 220, False, 3
519,0, 220, False, 0
520,0, 220, False, 0
521,0, 220, False, 0
522,0, 220, False, 2
523,0, 220, False, 2
524,0, 220, False, 2
525,0, 220, False, 2
526,0, 220, False, 2
527,10, 230, False, 2
528,0, 230, False, 2
529,0, 230, False, 2
530,0, 230, False, 2
531,0, 230, False, 2
532,0, 230, False, 2
533,0, 230, False, 2
534,0, 230, False, 2
535,0, 230, False, 2
536,0, 230, False, 2
537,0, 230, False, 2
538,0, 230, False, 2
539,0, 230, False, 2
540,0, 230, False, 2
541,0, 230, False, 2
542,0, 230, False, 2
543,0, 230, False, 2
544,0, 230, False, 2
545,0, 230, False, 2
546,0, 230, False, 2
547,0, 230, False, 2
548,0, 230, False, 2
549,0, 230, False, 2
550,0, 230, False, 2
551,0, 230, False, 2
552,0, 230, False, 2
553,0, 230, False, 0
554,0, 230, False, 0
555,0, 230, False, 0
556,0, 230, False, 0
557,0, 230, False, 4
558,0, 230, False, 4
559,0, 230, False, 4
560,0, 230, False, 4
561,0, 230, False, 4
562,0, 230, False, 4
563,0, 230, False, 4
564,0, 230, False, 4
565,0, 230, False, 4
566,0, 230, False, 4
567,0, 230, False, 4
568,0, 230, False, 4
569,0, 230, False, 4
570,0, 230, False, 4
571,0, 230, False, 4
572,0, 230, False, 4
573,0, 230, False, 4
574,0, 230, False, 4
575,0, 230, False, 4
576,0, 230, False, 4
577,0, 230, False, 4
578,0, 230, False, 4
579,0, 230, False, 4
580,0, 230, False, 4
581,0, 230, False, 0
582,0, 230, False, 0
583,0, 230, False, 0
584,0, 230, False, 0
585,0, 230, False, 0
586,0, 230, False, 5
587,0, 230, False, 5
588,0, 230, False, 5
589,0, 230, False, 5
590,0, 230, False, 5
591,0, 230, False, 5
592,0, 230, False, 5
593,0, 230, False, 5
594,0, 230, False, 5
595,0, 230, False, 5
596,0, 230, False, 5
597,0, 230, False, 5
598,0, 230, False, 5
599,0, 230, False, 5
600,0, 230, False, 5
601,0, 230, False, 5
602,0, 230, False, 5
603,0, 230, False, 5
604,0, 230, False, 5
605,0, 230, False, 5
606,0, 230, False, 5
607,0, 230, False, 5
608,0, 230, False, 0
609,0, 230, False, 0
610,0, 230, False, 0
611,0, 230, False, 0
612,0, 230, False, 0
613,0, 230, False, 0
614,0, 230, False, 4
615,0, 230, False, 4
616,0, 230, False, 4
617,0, 230, False, 4
618,0, 230, False, 4
619,0, 230, False, 4
620,0, 230, False, 4
621,0, 230, False, 4
622,0, 230, False, 4
623,0, 230, False, 4
624,0, 230, False, 4
625,0, 230, False, 4
626,0, 230, False, 4
627,0, 230, False, 4
628,0, 230, False, 4
629,0, 230, False, 4
630,0, 230, False, 4
631,0, 230, False, 4
632,0, 230, False, 4
633,0, 230, False, 4
634,0, 230, False, 4
635,0, 230, False, 4
636,0, 230, False, 4
637,0, 230, False, 4
638,0, 230, False, 4
639,0, 230, False, 4
640,0, 230, False, 4
641,0, 230, False, 4
642,0, 230, False, 4
643,0, 230, False, 4
644,0, 230, False, 4
645,0, 230, False, 4
646,0, 230, False, 4
647,0, 230, False, 4
648,0, 230, False, 4
649,0, 230, False, 4
650,0, 230, False, 4
651,0, 230, False, 4
652,0, 230, False, 4
653,0, 230, False, 4
654,0, 230, False, 4
655,0, 230, False, 4
656,0, 230, False, 4
657,0, 230, False, 4
658,0, 230, False, 4
659,0, 230, False, 4
660,0, 230, False, 4
661,0, 230, False, 4
662,0, 230, False, 4
663,0, 230, False, 4
664,0, 230, False, 4
665,0, 230, False, 4
666,0, 230, False, 4
667,0, 230, False, 4
668,0, 230, False, 4
669,0, 230, False, 4
670,0, 230, False, 4
671,0, 230, False, 4
672,0, 230, False, 4
673,0, 230, False, 4
674,0, 230, False, 4
675,0, 230, False, 4
676,0, 230, False, 4
677,0, 230, False, 4
678,0, 230, False, 4
679,0, 230, False, 4
680,0, 230, False, 4
681,0, 230, False, 4
682,0, 230, False, 4
683,0, 230, False, 4
684,0, 230, False, 4
685,0, 230, False, 4
686,0, 230, False, 4
687,0, 230, False, 0
688,0, 230, False, 0
689,0, 230, False, 0
690,0, 230, False, 0
691,0, 230, False, 2
692,0, 230, False, 2
693,0, 230, False, 2
694,0, 230, False, 2
695,0, 230, False, 2
696,0, 230, False, 2
697,0, 230, False, 2
698,0, 230, False, 2
699,0, 230, False, 2
700,0, 230, False, 2
701,0, 230, False, 2
702,0, 230, False, 2
703,0, 230, False, 2
704,0, 230, False, 2
705,0, 230, False, 2
706,0, 230, False, 2
707,0, 230, False, 2
708,0, 230, False, 2
709,0, 230, False, 2
710,0, 230, False, 2
711,0, 230, False, 2
712,0, 230, False, 2
713,0, 230, False, 2
714,0, 230, False, 2
715,0, 230, False, 2
716,0, 230, False, 2
717,0, 230, False, 2
718,0, 230, False, 2
719,0, 230, False, 2
720,0, 230, False, 2
721,0, 230, False, 2
722,0, 230, False, 2
723,0, 230, False, 0
724,0, 230, False, 0
725,0, 230, False, 0
726,0, 230, False, 0
727,0, 230, False, 0
728,0, 230, False, 0
729,0, 230, False, 0
730,0, 230, False, 0
731,0, 230, False, 0
732,0, 230, False, 3
733,0, 230, False, 3
734,0, 230, False, 3
735,0, 230, False, 3
736,0, 230, False, 3
737,0, 230, False, 3
738,0, 230, False, 3
739,0, 230, False, 3
740,0, 230, False, 3
741,0, 230, False, 3
742,0, 230, False, 3
743,0, 230, False, 3
744,0, 230, False, 2
745,0, 230, False, 2
746,0, 230, False, 2
747,0, 230, False, 2
748,0, 230, False, 2
749,0, 230, False, 2
750,0, 230, False, 2
751,0, 230, False, 2
752,0, 230, False, 2
753,0, 230, False, 2
754,0, 230, False, 2
755,0, 230, False, 2
756,0, 230, False, 2
757,0, 230, False, 2
758,0, 230, False, 2
759,0, 230, False, 2
760,0, 230, False, 2
761,0, 230, False, 2
762,0, 230, False, 2
763,0, 230, False, 0
764,0, 230, False, 0
765,0, 230, False, 0
766,0, 230, False, 0
767,0, 230, False, 0
768,0, 230, False, 0
769,0, 230, False, 0
770,0, 230, False, 0
771,0, 230, False, 0
772,0, 230, False, 0
773,0, 230, False, 0
774,0, 230, False, 0
775,0, 230, False, 0
776,0, 230, False, 0
777,0, 230, False, 0
778,0, 230, False, 0
779,0, 230, False, 4
780,0, 230, False, 4
781,0, 230, False, 4
782,0, 230, False, 4
783,0, 230, False, 4
784,0, 230, False, 4
785,0, 230, False, 4
786,0, 230, False, 4
787,0, 230, False, 4
788,0, 230, False, 4
789,0, 230, False, 4
790,0, 230, False, 4
791,0, 230, False, 4
792,0, 230, False, 4
793,0, 230, False, 4
794,0, 230, False, 4
795,0, 230, False, 4
796,0, 230, False, 4
797,0, 230, False, 4
798,0, 230, False, 4
799,0, 230, False, 4
800,0, 230, False, 4
801,0, 230, False, 0
802,0, 230, False, 0
803,0, 230, False, 2
804,0, 230, False, 2
805,0, 230, False, 2
806,0, 230, False, 2
807,0, 230, False, 2
808,0, 230, False, 2
809,0, 230, False, 2
810,0, 230, False, 2
811,0, 230, False, 2
812,0, 230, False, 2
813,0, 230, False, 2
814,0, 230, False, 2
815,0, 230, False, 2
816,0, 230, False, 2
817,0, 230, False, 2
818,0, 230, False, 2
819,0, 230, False, 2
820,0, 230, False, 2
821,0, 230, False, 2
822,0, 230, False, 2
823,0, 230, False, 2
824,0, 230, False, 2
825,0, 230, False, 2
826,0, 230, False, 2
827,0, 230, False, 2
828,0, 230, False, 2
829,0, 230, False, 0
830,0, 230, False, 0
831,0, 230, False, 0
832,0, 230, False, 0
833,0, 230, False, 0
834,0, 230, False, 0
835,0, 230, False, 0
836,0, 230, False, 0
837,0, 230, False, 0
838,0, 230, False, 0
839,0, 230, False, 0
840,0, 230, False, 0
841,0, 230, False, 0
842,0, 230, False, 0
843,0, 230, False, 0
844,0, 230, False, 0
845,0, 230, False, 3
846,0, 230, False, 3
847,0, 230, False, 3
848,0, 230, False, 3
849,0, 230, False, 3
850,0, 230, False, 3
851,0, 230, False, 3
852,0, 230, False, 3
853,0, 230, False, 3
854,0, 230, False, 3
855,0, 230, False, 0
856,0, 230, False, 2
857,0, 230, False, 2
858,0, 230, False, 2
859,0, 230, False, 2
860,0, 230, False, 2
861,0, 230, False, 2
862,0, 230, False, 2
863,0, 230, False, 2
864,0, 230, False, 2
865,0, 230, False, 2
866,0, 230, False, 2
867,0, 230, False, 2
868,0, 230, False, 2
869,10, 240, False, 2
870,0, 240, False, 2
871,0, 240, False, 2
872,0, 240, False, 2
873,0, 240, False, 2
874,0, 240, False, 2
875,0, 240, False, 2
876,0, 240, False, 2
877,0, 240, False, 2
878,0, 240, False, 2
879,0, 240, False, 2
880,0, 240, False, 2
881,0, 240, False, 2
882,0, 240, False, 2
883,10, 250, False, 2
884,0, 250, False, 2
885,0, 250, False, 2
886,0, 250, False, 2
887,0, 250, False, 2
888,0, 250, False, 2
889,0, 250, False, 2
890,0, 250, False, 2
891,0, 250, False, 2
892,0, 250, False, 2
893,0, 250, False, 2
894,0, 250, False, 2
895,0, 250, False, 2
896,0, 250, False, 2
897,10, 260, False, 2
898,0, 260, False, 2
899,0, 260, False, 2
900,0, 260, False, 2
901,0, 260, False, 2
902,0, 260, False, 2
903,0, 260, False, 2
904,0, 260, False, 2
905,0, 260, False, 2
906,0, 260, False, 2
907,0, 260, False, 2
908,0, 260, False, 2
909,0, 260, False, 2
910,0, 260, False, 2
911,10, 270, False, 2
912,0, 270, False, 2
913,0, 270, False, 2
914,0, 270, False, 2
915,0, 270, False, 2
916,0, 270, False, 2
917,0, 270, False, 2
918,0, 270, False, 2
919,0, 270, False, 2
920,0, 270, False, 2
921,0, 270, False, 2
922,0, 270, False, 2
923,0, 270, False, 2
924,0, 270, False, 2
925,10, 280, False, 2
926,0, 280, False, 2
927,0, 280, False, 2
928,0, 280, False, 2
929,0, 280, False, 2
930,0, 280, False, 2
931,0, 280, False, 2
932,0, 280, False, 2
933,0, 280, False, 2
934,0, 280, False, 2
935,0, 280, False, 2
936,0, 280, False, 2
937,0, 280, False, 2
938,0, 280, False, 2
939,10, 290, False, 2
940,0, 290, False, 2
941,0, 290, False, 2
942,0, 290, False, 2
943,0, 290, False, 2
944,0, 290, False, 2
945,0, 290, False, 2
946,0, 290, False, 2
947,0, 290, False, 2
948,0, 290, False, 2
949,0, 290, False, 2
950,0, 290, False, 2
951,0, 290, False, 2
952,0, 290, False, 2
953,10, 300, False, 2
954,0, 300, False, 2
955,0, 300, False, 2
956,0, 300, False, 2
957,0, 300, False, 2
958,0, 300, False, 2
959,0, 300, False, 2
960,0, 300, False, 2
961,0, 300, False, 2
962,0, 300, False, 2
963,0, 300, False, 0
964,0, 300, False, 0
965,0, 300, False, 4
966,0, 300, False, 4
967,10, 310, False, 4
968,0, 310, False, 4
969,0, 310, False, 4
970,0, 310, False, 4
971,0, 310, False, 4
972,0, 310, False, 4
973,0, 310, False, 4
974,0, 310, False, 4
975,0, 310, False, 4
976,0, 310, False, 4
977,10, 320, False, 4
978,0, 320, False, 4
979,0, 320, False, 4
980,0, 320, False, 4
981,0, 320, False, 4
982,0, 320, False, 4
983,0, 320, False, 4
984,0, 320, False, 0
985,0, 320, False, 0
986,0, 320, False, 0
987,0, 320, False, 0
988,0, 320, False, 0
989,0, 320, False, 0
990,0, 320, False, 0
991,0, 320, False, 0
992,0, 320, False, 2
993,0, 320, False, 2
994,0, 320, False, 2
995,0, 320, False, 2
996,0, 320, False, 2
997,0, 320, False, 2
998,0, 320, False, 2
999,0, 320, False, 2
1000,0, 320, False, 2
1001,0, 320, False, 2
1002,0, 320, False, 2
1003,0, 320, False, 2
1004,0, 320, False, 2
1005,0, 320, False, 2
1006,0, 320, False, 2
1007,50, 370, False, 2
1008,0, 370, False, 2
1009,0, 370, False, 2
1010,0, 370, False, 2
1011,0, 370, False, 2
1012,0, 370, False, 2
1013,0, 370, False, 2
1014,0, 370, False, 2
1015,10, 380, False, 2
1016,0, 380, False, 2
1017,0, 380, False, 2
1018,0, 380, False, 2
1019,0, 380, False, 2
1020,0, 380, False, 2
1021,0, 380, False, 2
1022,0, 380, False, 2
1023,0, 380, False, 2
1024,0, 380, False, 0
1025,0, 380, False, 0
1026,0, 380, False, 0
1027,0, 380, False, 0
1028,0, 380, False, 0
1029,0, 380, False, 0
1030,0, 380, False, 3
1031,0, 380, False, 3
1032,0, 380, False, 3
1033,0, 380, False, 3
1034,0, 380, False, 3
1035,0, 380, False, 3
1036,0, 380, False, 3
1037,10, 390, False, 3
1038,0, 390, False, 3
1039,0, 390, False, 3
1040,0, 390, False, 3
1041,0, 390, False, 3
1042,0, 390, False, 3
1043,0, 390, False, 3
1044,0, 390, False, 3
1045,0, 390, False, 3
1046,0, 390, False, 3
1047,0, 390, False, 3
1048,0, 390, False, 3
1049,0, 390, False, 3
1050,0, 390, False, 3
1051,10, 400, False, 3
1052,0, 400, False, 3
1053,0, 400, False, 3
1054,0, 400, False, 3
1055,0, 400, False, 3
1056,0, 400, False, 3
1057,0, 400, False, 3
1058,0, 400, False, 3
1059,0, 400, False, 3
1060,0, 400, False, 3
1061,0, 400, False, 3
1062,0, 400, False, 3
1063,0, 400, False, 3
1064,0, 400, False, 3
1065,10, 410, False, 0
1066,0, 410, False, 0
1067,0, 410, False, 0
1068,0, 410, False, 0
1069,0, 410, False, 0
1070,0, 410, False, 0
1071,0, 410, False, 0
1072,0, 410, False, 5
1073,0, 410, False, 5
1074,0, 410, False, 5
1075,0, 410, False, 5
1076,0, 410, False, 5
1077,0, 410, False, 5
1078,0, 410, False, 5
1079,0, 410, False, 5
1080,0, 410, False, 5
1081,10, 420, False, 5
1082,0, 420, False, 5
1083,0, 420, False, 5
1084,0, 420, False, 5
1085,0, 420, False, 5
1086,0, 420, False, 5
1087,0, 420, False, 5
1088,0, 420, False, 5
1089,0, 420, False, 5
1090,0, 420, False, 5
1091,0, 420, False, 5
1092,0, 420, False, 5
1093,0, 420, False, 5
1094,0, 420, False, 5
1095,10, 430, False, 5
1096,0, 430, False, 5
1097,0, 430, False, 5
1098,0, 430, False, 5
1099,0, 430, False, 5
1100,0, 430, False, 5
1101,0, 430, False, 5
1102,0, 430, False, 5
1103,0, 430, False, 5
1104,0, 430, False, 5
1105,0, 430, False, 5
1106,0, 430, False, 5
1107,0, 430, False, 5
1108,0, 430, False, 5
1109,10, 440, False, 5
1110,0, 440, False, 5
1111,0, 440, False, 5
1112,0, 440, False, 5
1113,0, 440, False, 0
1114,0, 440, False, 0
1115,0, 440, False, 0
1116,0, 440, False, 0
1117,0, 440, False, 0
1118,0, 440, False, 0
1119,0, 440, False, 0
1120,0, 440, False, 0
1121,0, 440, False, 0
1122,0, 440, False, 3
1123,10, 450, False, 3
1124,0, 450, False, 3
1125,0, 450, False, 3
1126,0, 450, False, 3
1127,0, 450, False, 3
1128,0, 450, False, 3
1129,0, 450, False, 3
1130,0, 450, False, 3
1131,0, 450, False, 3
1132,0, 450, False, 3
1133,0, 450, False, 3
1134,0, 450, False, 3
1135,0, 450, False, 3
1136,0, 450, False, 3
1137,10, 460, False, 3
1138,0, 460, False, 3
1139,0, 460, False, 3
1140,0, 460, False, 3
1141,0, 460, False, 3
1142,0, 460, False, 3
1143,0, 460, False, 3
1144,0, 460, False, 3
1145,0, 460, False, 3
1146,0, 460, False, 3
1147,0, 460, False, 3
1148,0, 460, False, 3
1149,10, 470, False, 3
1150,0, 470, False, 3
1151,0, 470, False, 3
1152,0, 470, False, 3
1153,0, 470, False, 3
1154,0, 470, False, 3
1155,0, 470, False, 3
1156,0, 470, False, 3
1157,0, 470, False, 3
1158,0, 470, False, 3
1159,0, 470, False, 3
1160,0, 470, False, 3
1161,0, 470, False, 3
1162,0, 470, False, 3
1163,10, 480, False, 3
1164,0, 480, False, 3
1165,0, 480, False, 3
1166,0, 480, False, 3
1167,0, 480, False, 3
1168,0, 480, False, 3
1169,0, 480, False, 3
1170,0, 480, False, 3
1171,0, 480, False, 3
1172,0, 480, False, 3
1173,0, 480, False, 3
1174,0, 480, False, 3
1175,0, 480, False, 3
1176,0, 480, False, 3
1177,10, 490, False, 3
1178,0, 490, False, 3
1179,0, 490, False, 3
1180,0, 490, False, 3
1181,0, 490, False, 3
1182,0, 490, False, 3
1183,0, 490, False, 3
1184,0, 490, False, 3
1185,0, 490, False, 3
1186,0, 490, False, 3
1187,0, 490, False, 3
1188,0, 490, False, 3
1189,10, 500, False, 3
1190,0, 500, False, 3
1191,0, 500, False, 3
1192,0, 500, False, 3
1193,0, 500, False, 3
1194,0, 500, False, 3
1195,0, 500, False, 3
1196,0, 500, False, 3
1197,0, 500, False, 3
1198,0, 500, False, 3
1199,0, 500, False, 3
1200,0, 500, False, 3
1201,0, 500, False, 3
1202,0, 500, False, 3
1203,0, 500, False, 3
1204,0, 500, False, 3
1205,0, 500, False, 3
1206,0, 500, False, 3
1207,0, 500, False, 3
1208,0, 500, False, 3
1209,10, 510, False, 3
1210,0, 510, False, 3
1211,0, 510, False, 3
1212,0, 510, False, 3
1213,0, 510, False, 3
1214,0, 510, False, 3
1215,0, 510, False, 3
1216,0, 510, False, 3
1217,0, 510, False, 3
1218,0, 510, False, 3
1219,0, 510, False, 3
1220,0, 510, False, 3
1221,10, 520, False, 3
1222,0, 520, False, 3
1223,0, 520, False, 3
1224,0, 520, False, 3
1225,0, 520, False, 3
1226,0, 520, False, 3
1227,0, 520, False, 3
1228,0, 520, False, 3
1229,0, 520, False, 3
1230,0, 520, False, 3
1231,0, 520, False, 3
1232,0, 520, False, 3
1233,0, 520, False, 3
1234,0, 520, False, 3
1235,10, 530, False, 3
1236,0, 530, False, 3
1237,0, 530, False, 3
1238,0, 530, False, 3
1239,0, 530, False, 3
1240,0, 530, False, 3
1241,0, 530, False, 3
1242,0, 530, False, 3
1243,0, 530, False, 3
1244,0, 530, False, 3
1245,0, 530, False, 3
1246,0, 530, False, 3
1247,0, 530, False, 3
1248,0, 530, False, 3
1249,10, 540, False, 3
1250,0, 540, False, 3
1251,0, 540, False, 3
1252,0, 540, False, 3
1253,0, 540, False, 3
1254,0, 540, False, 3
1255,0, 540, False, 3
1256,0, 540, False, 3
1257,0, 540, False, 3
1258,0, 540, False, 3
1259,0, 540, False, 3
1260,0, 540, False, 3
1261,10, 550, False, 3
1262,0, 550, False, 3
1263,0, 550, False, 3
1264,0, 550, False, 3
1265,0, 550, False, 3
1266,0, 550, False, 3
1267,0, 550, False, 3
1268,0, 550, False, 3
1269,0, 550, False, 3
1270,0, 550, False, 3
1271,0, 550, False, 3
1272,0, 550, False, 3
1273,0, 550, False, 3
1274,0, 550, False, 3
1275,10, 560, False, 3
1276,0, 560, False, 3
1277,0, 560, False, 3
1278,0, 560, False, 3
1279,0, 560, False, 3
1280,0, 560, False, 3
1281,0, 560, False, 3
1282,0, 560, False, 3
1283,0, 560, False, 3
1284,0, 560, False, 0
1285,0, 560, False, 0
1286,0, 560, False, 0
1287,0, 560, False, 2
1288,0, 560, False, 2
1289,0, 560, False, 2
1290,0, 560, False, 2
1291,0, 560, False, 2
1292,0, 560, False, 2
1293,0, 560, False, 2
1294,0, 560, False, 2
1295,0, 560, False, 2
1296,0, 560, False, 2
1297,0, 560, False, 2
1298,0, 560, False, 2
1299,10, 570, False, 2
1300,0, 570, False, 2
1301,0, 570, False, 2
1302,0, 570, False, 2
1303,0, 570, False, 0
1304,0, 570, False, 0
1305,0, 570, False, 0
1306,0, 570, False, 0
1307,0, 570, False, 0
1308,0, 570, False, 0
1309,0, 570, False, 0
1310,0, 570, False, 0
1311,0, 570, False, 0
1312,0, 570, False, 0
1313,10, 580, False, 0
1314,0, 580, False, 0
1315,0, 580, False, 0
1316,0, 580, False, 0
1317,0, 580, False, 0
1318,0, 580, False, 0
1319,0, 580, False, 0
1320,0, 580, False, 0
1321,0, 580, False, 0
1322,0, 580, False, 0
1323,0, 580, False, 0
1324,0, 580, False, 0
1325,0, 580, False, 0
1326,0, 580, False, 0
1327,10, 590, False, 0
1328,0, 590, False, 0
1329,0, 590, False, 0
1330,0, 590, False, 0
1331,0, 590, False, 0
1332,0, 590, False, 0
1333,0, 590, False, 0
1334,0, 590, False, 0
1335,0, 590, False, 0
1336,0, 590, False, 0
1337,0, 590, False, 0
1338,0, 590, False, 0
1339,0, 590, False, 0
1340,0, 590, False, 0
1341,10, 600, False, 2
1342,0, 600, False, 2
1343,0, 600, False, 2
1344,0, 600, False, 2
1345,0, 600, False, 0
1346,0, 600, False, 0
1347,0, 600, False, 0
1348,0, 600, False, 0
1349,0, 600, False, 0
1350,0, 600, False, 0
1351,0, 600, False, 0
1352,0, 600, False, 0
1353,0, 600, False, 3
1354,0, 600, False, 3
1355,0, 600, False, 3
1356,0, 600, False, 3
1357,0, 600, False, 3
1358,0, 600, False, 3
1359,0, 600, False, 3
1360,0, 600, False, 3
1361,10, 610, False, 3
1362,0, 610, False, 3
1363,0, 610, False, 3
1364,0, 610, False, 3
1365,0, 610, False, 3
1366,0, 610, False, 3
1367,0, 610, False, 3
1368,0, 610, False, 3
1369,0, 610, False, 3
1370,0, 610, False, 3
1371,0, 610, False, 3
1372,0, 610, False, 3
1373,0, 610, False, 3
1374,0, 610, False, 3
1375,10, 620, False, 3
1376,0, 620, False, 3
1377,0, 620, False, 3
1378,0, 620, False, 3
1379,0, 620, False, 3
1380,0, 620, False, 3
1381,0, 620, False, 3
1382,0, 620, False, 3
1383,0, 620, False, 3
1384,0, 620, False, 3
1385,0, 620, False, 3
1386,0, 620, False, 3
1387,0, 620, False, 3
1388,0, 620, False, 3
1389,10, 630, False, 3
1390,0, 630, False, 3
1391,0, 630, False, 3
1392,0, 630, False, 0
1393,0, 630, False, 0
1394,0, 630, False, 0
1395,0, 630, False, 0
1396,0, 630, False, 0
1397,0, 630, False, 0
1398,0, 630, False, 0
1399,0, 630, False, 0
1400,0, 630, False, 0
1401,0, 630, False, 0
1402,0, 630, False, 0
1403,0, 630, False, 5
1404,0, 630, False, 5
1405,0, 630, False, 5
1406,0, 630, False, 5
1407,0, 630, False, 5
1408,0, 630, False, 5
1409,0, 630, False, 5
1410,0, 630, False, 5
1411,0, 630, False, 5
1412,0, 630, False, 5
1413,0, 630, False, 5
1414,0, 630, False, 5
1415,50, 680, False, 5
1416,0, 680, False, 5
1417,0, 680, False, 5
1418,0, 680, False, 5
1419,0, 680, False, 5
1420,0, 680, False, 5
1421,0, 680, False, 5
1422,0, 680, False, 5
1423,10, 690, False, 5
1424,0, 690, False, 5
1425,0, 690, False, 5
1426,0, 690, False, 5
1427,0, 690, False, 5
1428,0, 690, False, 5
1429,0, 690, False, 5
1430,0, 690, False, 5
1431,0, 690, False, 5
1432,0, 690, False, 5
1433,0, 690, False, 5
1434,0, 690, False, 5
1435,0, 690, False, 5
1436,0, 690, False, 0
1437,0, 690, False, 0
1438,0, 690, False, 0
1439,0, 690, False, 0
1440,0, 690, False, 0
1441,0, 690, False, 0
1442,0, 690, False, 0
1443,0, 690, False, 0
1444,0, 690, False, 0
1445,0, 690, False, 0
1446,0, 690, False, 0
1447,0, 690, False, 0
1448,0, 690, False, 0
1449,0, 690, False, 0
1450,0, 690, False, 0
1451,0, 690, False, 0
1452,0, 690, False, 0
1453,0, 690, False, 0
1454,0, 690, False, 0
1455,0, 690, False, 0
1456,0, 690, False, 0
1457,0, 690, False, 0
1458,0, 690, False, 0
1459,0, 690, False, 0
1460,0, 690, False, 0
1461,0, 690, False, 0
1462,0, 690, False, 0
1463,0, 690, False, 0
1464,0, 690, False, 0
1465,0, 690, False, 0
1466,0, 690, False, 0
1467,0, 690, False, 0
1468,0, 690, False, 0
1469,0, 690, False, 0
1470,0, 690, False, 0
1471,0, 690, False, 0
1472,0, 690, False, 0
1473,0, 690, False, 0
1474,0, 690, False, 0
1475,0, 690, False, 2
1476,0, 690, False, 2
1477,0, 690, False, 2
1478,0, 690, False, 2
1479,0, 690, False, 2
1480,0, 690, False, 2
1481,0, 690, False, 2
1482,0, 690, False, 2
1483,0, 690, False, 2
1484,0, 690, False, 2
1485,0, 690, False, 2
1486,0, 690, False, 2
1487,0, 690, False, 2
1488,0, 690, False, 2
1489,0, 690, False, 2
1490,0, 690, False, 2
1491,0, 690, False, 2
1492,0, 690, False, 2
1493,0, 690, False, 2
1494,0, 690, False, 2
1495,0, 690, False, 2
1496,0, 690, False, 2
1497,0, 690, False, 2
1498,0, 690, False, 2
1499,0, 690, False, 2
1500,0, 690, False, 2
1501,0, 690, False, 2
1502,0, 690, False, 2
1503,0, 690, False, 2
1504,0, 690, False, 2
1505,0, 690, False, 2
1506,0, 690, False, 2
1507,0, 690, False, 2
1508,0, 690, False, 2
1509,0, 690, False, 2
1510,0, 690, False, 0
1511,0, 690, False, 0
1512,0, 690, False, 0
1513,0, 690, False, 0
1514,0, 690, False, 0
1515,0, 690, False, 0
1516,0, 690, False, 0
1517,0, 690, False, 0
1518,0, 690, False, 0
1519,0, 690, False, 0
1520,0, 690, False, 5
1521,0, 690, False, 5
1522,0, 690, False, 5
1523,0, 690, False, 5
1524,0, 690, False, 5
1525,0, 690, False, 5
1526,0, 690, False, 5
1527,0, 690, False, 5
1528,0, 690, False, 5
1529,0, 690, False, 5
1530,0, 690, False, 5
1531,0, 690, False, 5
1532,0, 690, False, 5
1533,0, 690, False, 5
1534,0, 690, False, 5
1535,0, 690, False, 5
1536,0, 690, False, 5
1537,0, 690, False, 5
1538,0, 690, False, 5
1539,0, 690, False, 5
1540,0, 690, False, 5
1541,0, 690, False, 5
1542,0, 690, False, 5
1543,0, 690, False, 5
1544,0, 690, False, 5
1545,0, 690, False, 5
1546,0, 690, False, 0
1547,0, 690, False, 0
1548,0, 690, False, 0
1549,0, 690, False, 0
1550,0, 690, False, 0
1551,0, 690, False, 0
1552,0, 690, False, 4
1553,0, 690, False, 4
1554,0, 690, False, 4
1555,0, 690, False, 4
1556,0, 690, False, 4
1557,0, 690, False, 4
1558,0, 690, False, 4
1559,0, 690, False, 4
1560,0, 690, False, 4
1561,10, 700, False, 4
1562,0, 700, False, 4
1563,0, 700, False, 4
1564,0, 700, False, 4
1565,0, 700, False, 4
1566,0, 700, False, 4
1567,0, 700, False, 4
1568,0, 700, False, 4
1569,0, 700, False, 4
1570,0, 700, False, 4
1571,0, 700, False, 4
1572,0, 700, False, 4
1573,10, 710, False, 4
1574,0, 710, False, 4
1575,0, 710, False, 4
1576,0, 710, False, 4
1577,0, 710, False, 4
1578,0, 710, False, 4
1579,0, 710, False, 4
1580,0, 710, False, 4
1581,0, 710, False, 4
1582,0, 710, False, 4
1583,0, 710, False, 4
1584,0, 710, False, 4
1585,0, 710, False, 4
1586,0, 710, False, 4
1587,0, 710, False, 4
1588,0, 710, False, 4
1589,0, 710, False, 4
1590,0, 710, False, 4
1591,0, 710, False, 0
1592,0, 710, False, 0
1593,0, 710, False, 0
1594,0, 710, False, 0
1595,0, 710, False, 0
1596,0, 710, False, 0
1597,210, 920, False, 2
1598,0, 920, False, 2
1599,0, 920, False, 2
1600,0, 920, False, 2
1601,0, 920, False, 2
1602,0, 920, False, 2
1603,0, 920, False, 2
1604,0, 920, False, 2
1605,0, 920, False, 2
1606,0, 920, False, 0
1607,0, 920, False, 0
1608,0, 920, False, 0
1609,0, 920, False, 0
1610,0, 920, False, 0
1611,0, 920, False, 0
1612,0, 920, False, 0
1613,0, 920, False, 0
1614,0, 920, False, 0
1615,0, 920, False, 0
1616,0, 920, False, 0
1617,0, 920, False, 0
1618,0, 920, False, 0
1619,0, 920, False, 0
1620,0, 920, False, 0
1621,0, 920, False, 0
1622,0, 920, False, 0
1623,0, 920, False, 0
1624,0, 920, False, 0
1625,0, 920, False, 0
1626,0, 920, False, 0
1627,0, 920, False, 0
1628,0, 920, False, 0
1629,0, 920, False, 0
1630,0, 920, False, 0
1631,0, 920, False, 0
1632,0, 920, False, 0
1633,10, 930, False, 0
1634,0, 930, False, 0
1635,0, 930, False, 0
1636,0, 930, False, 0
1637,0, 930, False, 0
1638,0, 930, False, 0
1639,0, 930, False, 0
1640,0, 930, False, 0
1641,0, 930, False, 0
1642,0, 930, False, 0
1643,0, 930, False, 0
1644,0, 930, False, 0
1645,10, 940, False, 0
1646,0, 940, False, 0
1647,0, 940, False, 0
1648,0, 940, False, 0
1649,0, 940, False, 0
1650,0, 940, False, 4
1651,0, 940, False, 4
1652,0, 940, False, 4
1653,0, 940, False, 4
1654,0, 940, False, 4
1655,0, 940, False, 4
1656,0, 940, False, 4
1657,0, 940, False, 4
1658,0, 940, False, 4
1659,10, 950, False, 4
1660,0, 950, False, 4
1661,0, 950, False, 4
1662,0, 950, False, 4
1663,0, 950, False, 4
1664,0, 950, False, 4
1665,0, 950, False, 4
1666,0, 950, False, 4
1667,0, 950, False, 0
1668,0, 950, False, 0
1669,0, 950, False, 0
1670,0, 950, False, 0
1671,0, 950, False, 0
1672,0, 950, False, 0
1673,10, 960, False, 0
1674,0, 960, False, 0
1675,0, 960, False, 0
1676,0, 960, False, 0
1677,0, 960, False, 0
1678,0, 960, False, 0
1679,0, 960, False, 0
1680,0, 960, False, 0
1681,0, 960, False, 0
1682,0, 960, False, 0
1683,0, 960, False, 0
1684,0, 960, False, 0
1685,0, 960, False, 0
1686,0, 960, False, 0
1687,0, 960, False, 0
1688,0, 960, False, 0
1689,0, 960, False, 0
1690,0, 960, False, 0
1691,10, 970, False, 0
1692,0, 970, False, 0
1693,0, 970, False, 0
1694,0, 970, False, 0
1695,0, 970, False, 0
1696,0, 970, False, 0
1697,0, 970, False, 0
1698,0, 970, False, 0
1699,0, 970, False, 0
1700,0, 970, False, 0
1701,0, 970, False, 0
1702,0, 970, False, 0
1703,0, 970, False, 0
1704,0, 970, False, 0
1705,10, 980, False, 0
1706,0, 980, False, 0
1707,0, 980, False, 0
1708,0, 980, False, 0
1709,0, 980, False, 0
1710,0, 980, False, 0
1711,0, 980, False, 0
1712,0, 980, False, 0
1713,0, 980, False, 5
1714,0, 980, False, 5
1715,0, 980, False, 5
1716,0, 980, False, 5
1717,10, 990, False, 5
1718,0, 990, False, 5
1719,0, 990, False, 5
1720,0, 990, False, 5
1721,0, 990, False, 5
1722,0, 990, False, 5
1723,0, 990, False, 5
1724,0, 990, False, 5
1725,0, 990, False, 5
1726,0, 990, False, 5
1727,0, 990, False, 5
1728,0, 990, False, 5
1729,10, 1000, False, 5
1730,0, 1000, False, 5
1731,0, 1000, False, 5
1732,0, 1000, False, 5
1733,0, 1000, False, 5
1734,0, 1000, False, 5
1735,0, 1000, False, 5
1736,0, 1000, False, 5
1737,0, 1000, False, 5
1738,0, 1000, False, 5
1739,0, 1000, False, 5
1740,0, 1000, False, 5
1741,0, 1000, False, 5
1742,0, 1000, False, 5
1743,0, 1000, False, 5
1744,0, 1000, False, 5
1745,0, 1000, False, 5
1746,0, 1000, False, 5
1747,0, 1000, False, 5
1748,0, 1000, False, 5
1749,0, 1000, False, 5
1750,0, 1000, False, 5
1751,0, 1000, False, 5
1752,0, 1000, False, 0
1753,0, 1000, False, 0
1754,0, 1000, False, 0
1755,10, 1010, False, 0
1756,0, 1010, False, 0
1757,0, 1010, False, 5
1758,0, 1010, False, 5
1759,0, 1010, False, 5
1760,0, 1010, False, 5
1761,0, 1010, False, 5
1762,0, 1010, False, 5
1763,0, 1010, False, 5
1764,0, 1010, False, 5
1765,0, 1010, False, 5
1766,0, 1010, False, 5
1767,0, 1010, False, 5
1768,0, 1010, False, 5
1769,10, 1020, False, 5
1770,0, 1020, False, 5
1771,0, 1020, False, 5
1772,0, 1020, False, 5
1773,0, 1020, False, 5
1774,0, 1020, False, 5
1775,0, 1020, False, 5
1776,0, 1020, False, 5
1777,0, 1020, False, 5
1778,0, 1020, False, 5
1779,0, 1020, False, 5
1780,0, 1020, False, 5
1781,0, 1020, False, 5
1782,0, 1020, False, 5
1783,10, 1030, False, 5
1784,0, 1030, False, 5
1785,0, 1030, False, 5
1786,0, 1030, False, 5
1787,0, 1030, False, 5
1788,0, 1030, False, 5
1789,0, 1030, False, 5
1790,0, 1030, False, 5
1791,0, 1030, False, 5
1792,0, 1030, False, 5
1793,0, 1030, False, 5
1794,0, 1030, False, 5
1795,0, 1030, False, 0
1796,0, 1030, False, 0
1797,0, 1030, False, 0
1798,0, 1030, False, 0
1799,0, 1030, False, 0
1800,0, 1030, False, 3
1801,0, 1030, False, 3
1802,0, 1030, False, 3
1803,0, 1030, False, 3
1804,0, 1030, False, 3
1805,0, 1030, False, 3
1806,0, 1030, False, 3
1807,0, 1030, False, 3
1808,0, 1030, False, 3
1809,0, 1030, False, 3
1810,0, 1030, False, 3
1811,0, 1030, False, 3
1812,0, 1030, False, 3
1813,0, 1030, False, 3
1814,0, 1030, False, 3
1815,0, 1030, False, 3
1816,0, 1030, False, 3
1817,0, 1030, False, 3
1818,0, 1030, False, 3
1819,0, 1030, False, 3
1820,0, 1030, False, 3
1821,0, 1030, False, 3
1822,0, 1030, False, 3
1823,0, 1030, False, 3
1824,0, 1030, False, 3
1825,0, 1030, False, 3
1826,0, 1030, False, 3
1827,0, 1030, False, 3
1828,0, 1030, False, 3
1829,0, 1030, False, 3
1830,0, 1030, False, 3
1831,0, 1030, False, 3
1832,0, 1030, False, 3
1833,0, 1030, False, 3
1834,0, 1030, False, 3
1835,0, 1030, False, 3
1836,0, 1030, False, 3
1837,10, 1040, False, 3
1838,0, 1040, False, 3
1839,0, 1040, False, 3
1840,0, 1040, False, 3
1841,0, 1040, False, 3
1842,0, 1040, False, 3
1843,100, 1140, False, 3
1844,0, 1140, False, 3
1845,0, 1140, False, 3
1846,0, 1140, False, 3
1847,0, 1140, False, 3
1848,0, 1140, False, 3
1849,0, 1140, False, 3
1850,0, 1140, False, 3
1851,0, 1140, False, 3
1852,0, 1140, False, 3
1853,0, 1140, False, 3
1854,0, 1140, False, 3
1855,0, 1140, False, 3
1856,0, 1140, False, 3
1857,0, 1140, False, 3
1858,0, 1140, False, 3
1859,0, 1140, False, 3
1860,0, 1140, False, 3
1861,0, 1140, False, 3
1862,0, 1140, False, 3
1863,0, 1140, False, 3
1864,0, 1140, False, 3
1865,10, 1150, False, 3
1866,0, 1150, False, 3
1867,0, 1150, False, 3
1868,0, 1150, False, 3
1869,0, 1150, False, 3
1870,0, 1150, False, 3
1871,0, 1150, False, 3
1872,0, 1150, False, 3
1873,0, 1150, False, 3
1874,0, 1150, False, 3
1875,0, 1150, False, 3
1876,0, 1150, False, 3
1877,0, 1150, False, 3
1878,0, 1150, False, 3
1879,10, 1160, False, 3
1880,0, 1160, False, 3
1881,0, 1160, False, 3
1882,0, 1160, False, 3
1883,0, 1160, False, 3
1884,0, 1160, False, 3
1885,0, 1160, False, 3
1886,0, 1160, False, 3
1887,0, 1160, False, 3
1888,0, 1160, False, 3
1889,0, 1160, False, 3
1890,0, 1160, False, 3
1891,0, 1160, False, 3
1892,0, 1160, False, 3
1893,10, 1170, False, 3
1894,0, 1170, False, 3
1895,0, 1170, False, 3
1896,0, 1170, False, 3
1897,0, 1170, False, 3
1898,0, 1170, False, 3
1899,0, 1170, False, 3
1900,0, 1170, False, 3
1901,0, 1170, False, 3
1902,0, 1170, False, 3
1903,0, 1170, False, 3
1904,0, 1170, False, 3
1905,10, 1180, False, 0
1906,0, 1180, False, 0
1907,0, 1180, False, 0
1908,0, 1180, False, 0
1909,0, 1180, False, 0
1910,0, 1180, False, 0
1911,0, 1180, False, 0
1912,0, 1180, False, 0
1913,0, 1180, False, 0
1914,0, 1180, False, 0
1915,0, 1180, False, 0
1916,0, 1180, False, 0
1917,0, 1180, False, 0
1918,0, 1180, False, 0
1919,10, 1190, False, 0
1920,0, 1190, False, 0
1921,0, 1190, False, 0
1922,0, 1190, False, 0
1923,0, 1190, False, 0
1924,0, 1190, False, 0
1925,0, 1190, False, 3
1926,0, 1190, False, 3
1927,0, 1190, False, 3
1928,0, 1190, False, 3
1929,0, 1190, False, 3
1930,0, 1190, False, 3
1931,0, 1190, False, 3
1932,0, 1190, False, 3
1933,0, 1190, False, 8
1934,0, 1190, False, 5
1935,0, 1190, False, 5
1936,0, 1190, False, 5
1937,0, 1190, False, 5
1938,0, 1190, False, 5
1939,0, 1190, False, 5
1940,0, 1190, False, 5
1941,10, 1200, False, 5
1942,0, 1200, False, 5
1943,0, 1200, False, 5
1944,0, 1200, False, 5
1945,0, 1200, False, 5
1946,0, 1200, False, 5
1947,0, 1200, False, 5
1948,0, 1200, False, 5
1949,0, 1200, False, 5
1950,0, 1200, False, 5
1951,0, 1200, False, 5
1952,0, 1200, False, 5
1953,0, 1200, False, 5
1954,0, 1200, False, 5
1955,10, 1210, False, 5
1956,0, 1210, False, 5
1957,0, 1210, False, 5
1958,0, 1210, False, 5
1959,0, 1210, False, 5
1960,0, 1210, False, 5
1961,0, 1210, False, 5
1962,0, 1210, False, 5
1963,0, 1210, False, 5
1964,0, 1210, False, 5
1965,0, 1210, False, 5
1966,0, 1210, False, 5
1967,0, 1210, False, 5
1968,0, 1210, False, 5
1969,10, 1220, False, 5
1970,0, 1220, False, 5
1971,0, 1220, False, 5
1972,0, 1220, False, 5
1973,0, 1220, False, 5
1974,0, 1220, False, 5
1975,0, 1220, False, 5
1976,0, 1220, False, 5
1977,0, 1220, False, 5
1978,0, 1220, False, 5
1979,0, 1220, False, 5
1980,0, 1220, False, 5
1981,0, 1220, False, 5
1982,0, 1220, False, 5
1983,10, 1230, False, 5
1984,0, 1230, False, 5
1985,0, 1230, False, 5
1986,0, 1230, False, 5
1987,0, 1230, False, 5
1988,0, 1230, False, 5
1989,0, 1230, False, 5
1990,0, 1230, False, 5
1991,0, 1230, False, 5
1992,0, 1230, False, 5
1993,0, 1230, False, 5
1994,0, 1230, False, 5
1995,0, 1230, False, 5
1996,0, 1230, False, 5
1997,10, 1240, False, 5
1998,0, 1240, False, 5
1999,0, 1240, False, 5
2000,0, 1240, False, 5
2001,0, 1240, False, 5
2002,0, 1240, False, 5
2003,0, 1240, False, 5
2004,0, 1240, False, 5
2005,0, 1240, False, 5
2006,0, 1240, False, 5
2007,0, 1240, False, 5
2008,0, 1240, False, 5
2009,0, 1240, False, 5
2010,0, 1240, False, 5
2011,0, 1240, False, 5
2012,0, 1240, False, 0
2013,0, 1240, False, 0
2014,0, 1240, False, 0
2015,0, 1240, False, 0
2016,0, 1240, False, 0
2017,0, 1240, False, 0
2018,0, 1240, False, 3
2019,0, 1240, False, 3
2020,0, 1240, False, 3
2021,0, 1240, False, 3
2022,0, 1240, False, 3
2023,0, 1240, False, 3
2024,0, 1240, False, 3
2025,10, 1250, False, 3
2026,0, 1250, False, 3
2027,0, 1250, False, 3
2028,0, 1250, False, 3
2029,0, 1250, False, 3
2030,0, 1250, False, 3
2031,0, 1250, False, 3
2032,0, 1250, False, 3
2033,0, 1250, False, 3
2034,0, 1250, False, 3
2035,0, 1250, False, 3
2036,0, 1250, False, 3
2037,0, 1250, False, 3
2038,0, 1250, False, 3
2039,10, 1260, False, 3
2040,0, 1260, False, 3
2041,0, 1260, False, 3
2042,0, 1260, False, 3
2043,0, 1260, False, 3
2044,0, 1260, False, 3
2045,0, 1260, False, 3
2046,0, 1260, False, 3
2047,0, 1260, False, 3
2048,0, 1260, False, 3
2049,0, 1260, False, 3
2050,0, 1260, False, 3
2051,0, 1260, False, 3
2052,0, 1260, False, 3
2053,10, 1270, False, 3
2054,0, 1270, False, 3
2055,0, 1270, False, 3
2056,0, 1270, False, 3
2057,0, 1270, False, 3
2058,0, 1270, False, 6
2059,0, 1270, False, 2
2060,0, 1270, False, 2
2061,0, 1270, False, 2
2062,0, 1270, False, 2
2063,0, 1270, False, 2
2064,0, 1270, False, 2
2065,0, 1270, False, 2
2066,0, 1270, False, 2
2067,0, 1270, False, 2
2068,0, 1270, False, 2
2069,0, 1270, False, 2
2070,0, 1270, False, 2
2071,50, 1320, False, 2
2072,0, 1320, False, 2
2073,0, 1320, False, 2
2074,0, 1320, False, 2
2075,0, 1320, False, 2
2076,0, 1320, False, 2
2077,0, 1320, False, 2
2078,0, 1320, False, 2
2079,0, 1320, False, 2
2080,0, 1320, False, 2
2081,0, 1320, False, 2
2082,0, 1320, False, 2
2083,10, 1330, False, 2
2084,0, 1330, False, 2
2085,0, 1330, False, 2
2086,0, 1330, False, 2
2087,0, 1330, False, 2
2088,0, 1330, False, 2
2089,0, 1330, False, 2
2090,0, 1330, False, 2
2091,0, 1330, False, 2
2092,0, 1330, False, 2
2093,0, 1330, False, 2
2094,0, 1330, False, 2
2095,0, 1330, False, 0
2096,0, 1330, False, 5
2097,0, 1330, False, 5
2098,0, 1330, False, 5
2099,0, 1330, False, 5
2100,0, 1330, False, 5
2101,0, 1330, False, 5
2102,0, 1330, False, 5
2103,0, 1330, False, 5
2104,0, 1330, False, 5
2105,0, 1330, False, 5
2106,0, 1330, False, 5
2107,0, 1330, False, 5
2108,0, 1330, False, 5
2109,0, 1330, False, 5
2110,0, 1330, False, 5
2111,0, 1330, False, 5
2112,0, 1330, False, 5
2113,0, 1330, False, 5
2114,0, 1330, False, 5
2115,0, 1330, False, 5
2116,0, 1330, False, 5
2117,0, 1330, False, 5
2118,0, 1330, False, 5
2119,0, 1330, False, 5
2120,0, 1330, False, 5
2121,0, 1330, False, 5
2122,0, 1330, False, 5
2123,0, 1330, False, 5
2124,0, 1330, False, 5
2125,0, 1330, False, 5
2126,0, 1330, False, 5
2127,0, 1330, False, 5
2128,0, 1330, False, 5
2129,0, 1330, False, 5
2130,0, 1330, False, 5
2131,0, 1330, False, 5
2132,0, 1330, False, 5
2133,0, 1330, False, 5
2134,0, 1330, False, 0
2135,0, 1330, False, 0
2136,0, 1330, False, 0
2137,0, 1330, False, 0
2138,0, 1330, False, 0
2139,0, 1330, False, 0
2140,0, 1330, False, 0
2141,0, 1330, False, 4
2142,0, 1330, False, 4
2143,0, 1330, False, 4
2144,0, 1330, False, 4
2145,0, 1330, False, 4
2146,0, 1330, False, 4
2147,0, 1330, False, 4
2148,0, 1330, False, 4
2149,0, 1330, False, 4
2150,0, 1330, False, 4
2151,0, 1330, False, 4
2152,0, 1330, False, 4
2153,0, 1330, False, 4
2154,0, 1330, False, 4
2155,0, 1330, False, 4
2156,0, 1330, False, 4
2157,0, 1330, False, 4
2158,0, 1330, False, 4
2159,0, 1330, False, 4
2160,0, 1330, False, 4
2161,0, 1330, False, 4
2162,0, 1330, False, 4
2163,0, 1330, False, 4
2164,0, 1330, False, 4
2165,0, 1330, False, 4
2166,0, 1330, False, 4
2167,0, 1330, False, 4
2168,0, 1330, False, 4
2169,0, 1330, False, 4
2170,0, 1330, False, 4
2171,0, 1330, False, 4
2172,0, 1330, False, 4
2173,0, 1330, False, 4
2174,0, 1330, False, 4
2175,0, 1330, False, 4
2176,0, 1330, False, 4
2177,0, 1330, False, 4
2178,0, 1330, False, 4
2179,0, 1330, False, 4
2180,0, 1330, False, 4
2181,0, 1330, False, 4
2182,0, 1330, False, 4
2183,10, 1340, False, 4
2184,0, 1340, False, 4
2185,0, 1340, False, 4
2186,0, 1340, False, 4
2187,0, 1340, False, 4
2188,0, 1340, False, 4
2189,0, 1340, False, 4
2190,0, 1340, False, 4
2191,0, 1340, False, 4
2192,0, 1340, False, 4
2193,0, 1340, False, 4
2194,0, 1340, False, 4
2195,0, 1340, False, 4
2196,0, 1340, False, 4
2197,10, 1350, False, 4
2198,0, 1350, False, 4
2199,0, 1350, False, 4
2200,0, 1350, False, 4
2201,0, 1350, False, 4
2202,0, 1350, False, 4
2203,0, 1350, False, 4
2204,0, 1350, False, 4
2205,0, 1350, False, 4
2206,0, 1350, False, 4
2207,0, 1350, False, 4
2208,0, 1350, False, 4
2209,10, 1360, False, 4
2210,0, 1360, False, 4
2211,0, 1360, False, 4
2212,0, 1360, False, 4
2213,0, 1360, False, 4
2214,0, 1360, False, 4
2215,0, 1360, False, 4
2216,0, 1360, False, 4
2217,0, 1360, False, 2
2218,0, 1360, False, 2
2219,0, 1360, False, 2
2220,0, 1360, False, 2
2221,0, 1360, False, 2
2222,0, 1360, False, 2
2223,10, 1370, False, 2
2224,0, 1370, False, 2
2225,0, 1370, False, 2
2226,0, 1370, False, 2
2227,0, 1370, False, 2
2228,0, 1370, False, 2
2229,0, 1370, False, 2
2230,0, 1370, False, 2
2231,0, 1370, False, 2
2232,0, 1370, False, 2
2233,0, 1370, False, 2
2234,0, 1370, False, 2
2235,0, 1370, False, 2
2236,0, 1370, False, 2
2237,0, 1370, False, 2
2238,0, 1370, False, 2
2239,10, 1380, False, 2
2240,0, 1380, False, 2
2241,0, 1380, False, 2
2242,0, 1380, False, 2
2243,0, 1380, False, 2
2244,0, 1380, False, 2
2245,0, 1380, False, 2
2246,0, 1380, False, 2
2247,0, 1380, False, 2
2248,0, 1380, False, 2
2249,0, 1380, False, 2
2250,0, 1380, False, 2
2251,0, 1380, False, 2
2252,0, 1380, False, 2
2253,10, 1390, False, 2
2254,0, 1390, False, 2
2255,0, 1390, False, 2
2256,0, 1390, False, 2
2257,0, 1390, False, 2
2258,0, 1390, False, 2
2259,0, 1390, False, 2
2260,0, 1390, False, 2
2261,0, 1390, False, 2
2262,0, 1390, False, 2
2263,0, 1390, False, 2
2264,0, 1390, False, 2
2265,0, 1390, False, 2
2266,0, 1390, False, 2
2267,10, 1400, False, 2
2268,0, 1400, False, 2
2269,0, 1400, False, 2
2270,0, 1400, False, 2
2271,0, 1400, False, 2
2272,0, 1400, False, 2
2273,0, 1400, False, 2
2274,0, 1400, False, 2
2275,0, 1400, False, 2
2276,0, 1400, False, 2
2277,0, 1400, False, 2
2278,0, 1400, False, 2
2279,0, 1400, False, 2
2280,0, 1400, False, 2
2281,10, 1410, False, 2
2282,0, 1410, False, 2
2283,0, 1410, False, 2
2284,0, 1410, False, 2
2285,0, 1410, False, 2
2286,0, 1410, False, 2
2287,0, 1410, False, 2
2288,0, 1410, False, 2
2289,0, 1410, False, 0
2290,0, 1410, False, 0
2291,0, 1410, False, 0
2292,0, 1410, False, 4
2293,0, 1410, False, 4
2294,0, 1410, False, 4
2295,0, 1410, False, 4
2296,0, 1410, False, 4
2297,0, 1410, False, 4
2298,0, 1410, False, 4
2299,0, 1410, False, 4
2300,0, 1410, False, 4
2301,0, 1410, False, 4
2302,0, 1410, False, 4
2303,0, 1410, False, 4
2304,0, 1410, False, 4
2305,0, 1410, False, 4
2306,0, 1410, False, 4
2307,0, 1410, False, 4
2308,0, 1410, False, 4
2309,0, 1410, False, 4
2310,0, 1410, False, 4
2311,0, 1410, False, 4
2312,0, 1410, False, 4
2313,0, 1410, False, 4
2314,0, 1410, False, 4
2315,0, 1410, False, 4
2316,0, 1410, False, 4
2317,0, 1410, False, 4
2318,0, 1410, False, 4
2319,0, 1410, False, 4
2320,0, 1410, False, 4
2321,0, 1410, False, 4
2322,0, 1410, False, 4
2323,0, 1410, False, 4
2324,0, 1410, False, 4
2325,0, 1410, False, 4
2326,0, 1410, False, 4
2327,0, 1410, False, 4
2328,0, 1410, False, 4
2329,0, 1410, False, 4
2330,0, 1410, False, 4
2331,0, 1410, False, 4
2332,0, 1410, False, 4
2333,0, 1410, False, 4
2334,0, 1410, False, 4
2335,0, 1410, False, 4
2336,0, 1410, False, 4
2337,0, 1410, False, 4
2338,0, 1410, False, 4
2339,0, 1410, False, 4
2340,0, 1410, False, 4
2341,0, 1410, False, 4
2342,0, 1410, False, 4
2343,0, 1410, False, 4
2344,0, 1410, False, 4
2345,0, 1410, False, 4
2346,0, 1410, False, 4
2347,0, 1410, False, 4
2348,0, 1410, False, 4
2349,0, 1410, False, 4
2350,0, 1410, False, 4
2351,0, 1410, False, 4
2352,0, 1410, False, 4
2353,0, 1410, False, 4
2354,0, 1410, False, 4
2355,0, 1410, False, 4
2356,0, 1410, False, 4
2357,0, 1410, False, 4
2358,0, 1410, False, 4
2359,0, 1410, False, 4
2360,0, 1410, False, 4
2361,0, 1410, False, 4
2362,0, 1410, False, 4
2363,0, 1410, False, 4
2364,0, 1410, False, 4
2365,0, 1410, False, 4
2366,0, 1410, False, 4
2367,0, 1410, False, 4
2368,0, 1410, False, 4
2369,0, 1410, False, 4
2370,0, 1410, False, 4
2371,0, 1410, False, 4
2372,0, 1410, False, 4
2373,0, 1410, False, 4
2374,0, 1410, False, 4
2375,0, 1410, False, 4
2376,0, 1410, False, 4
2377,0, 1410, False, 4
2378,0, 1410, False, 4
2379,0, 1410, False, 4
2380,0, 1410, False, 4
2381,0, 1410, False, 4
2382,0, 1410, False, 4
2383,0, 1410, False, 4
2384,0, 1410, False, 4
2385,0, 1410, False, 4
2386,0, 1410, False, 0
2387,0, 1410, False, 0
2388,0, 1410, False, 0
2389,0, 1410, False, 0
2390,0, 1410, False, 0
2391,0, 1410, False, 0
2392,0, 1410, False, 0
2393,0, 1410, False, 0
2394,0, 1410, False, 0
2395,0, 1410, False, 0
2396,0, 1410, False, 0
2397,0, 1410, False, 0
2398,0, 1410, False, 0
2399,0, 1410, False, 0
2400,0, 1410, False, 0
2401,0, 1410, False, 0
2402,0, 1410, False, 0
2403,0, 1410, False, 0
2404,0, 1410, False, 0
2405,0, 1410, False, 0
2406,0, 1410, False, 0
2407,0, 1410, False, 3
2408,0, 1410, False, 3
2409,0, 1410, False, 3
2410,0, 1410, False, 3
2411,0, 1410, False, 3
2412,0, 1410, False, 3
2413,0, 1410, False, 3
2414,0, 1410, False, 3
2415,0, 1410, False, 3
2416,0, 1410, False, 3
2417,0, 1410, False, 3
2418,0, 1410, False, 3
2419,0, 1410, False, 3
2420,0, 1410, False, 3
2421,0, 1410, False, 3
2422,0, 1410, False, 3
2423,0, 1410, False, 3
2424,0, 1410, False, 3
2425,0, 1410, False, 3
2426,0, 1410, False, 3
2427,0, 1410, False, 3
2428,0, 1410, False, 3
2429,0, 1410, False, 3
2430,0, 1410, False, 3
2431,0, 1410, False, 3
2432,0, 1410, False, 3
2433,0, 1410, False, 3
2434,0, 1410, False, 0
2435,0, 1410, False, 2
2436,0, 1410, False, 2
2437,0, 1410, False, 2
2438,0, 1410, False, 2
2439,0, 1410, False, 2
2440,0, 1410, False, 2
2441,0, 1410, False, 2
2442,0, 1410, False, 2
2443,0, 1410, False, 2
2444,0, 1410, False, 2
2445,0, 1410, False, 2
2446,0, 1410, False, 2
2447,0, 1410, False, 2
2448,0, 1410, False, 2
2449,0, 1410, False, 2
2450,0, 1410, False, 2
2451,0, 1410, False, 2
2452,0, 1410, False, 2
2453,0, 1410, False, 2
2454,0, 1410, False, 2
2455,0, 1410, False, 2
2456,0, 1410, False, 2
2457,0, 1410, False, 2
2458,0, 1410, False, 2
2459,0, 1410, False, 2
2460,0, 1410, False, 2
2461,0, 1410, False, 2
2462,0, 1410, False, 2
2463,0, 1410, False, 2
2464,0, 1410, False, 2
2465,0, 1410, False, 2
2466,0, 1410, False, 2
2467,0, 1410, False, 2
2468,0, 1410, False, 2
2469,0, 1410, False, 2
2470,0, 1410, False, 2
2471,0, 1410, False, 2
2472,0, 1410, False, 2
2473,0, 1410, False, 2
2474,0, 1410, False, 2
2475,0, 1410, False, 2
2476,0, 1410, False, 2
2477,0, 1410, False, 2
2478,0, 1410, False, 2
2479,0, 1410, False, 2
2480,0, 1410, False, 2
2481,0, 1410, False, 2
2482,0, 1410, False, 2
2483,0, 1410, False, 2
2484,0, 1410, False, 2
2485,0, 1410, False, 2
2486,0, 1410, False, 2
2487,0, 1410, False, 2
2488,0, 1410, False, 2
2489,0, 1410, False, 2
2490,0, 1410, False, 2
2491,0, 1410, False, 2
2492,0, 1410, False, 2
2493,0, 1410, False, 2
2494,0, 1410, False, 2
2495,0, 1410, False, 2
2496,0, 1410, False, 2
2497,0, 1410, False, 2
2498,0, 1410, False, 2
2499,0, 1410, False, 2
2500,0, 1410, False, 2
2501,0, 1410, False, 2
2502,0, 1410, False, 2
2503,0, 1410, False, 2
2504,0, 1410, False, 2
2505,0, 1410, False, 2
2506,0, 1410, False, 2
2507,0, 1410, False, 2
2508,0, 1410, False, 2
2509,0, 1410, False, 2
2510,0, 1410, False, 2
2511,0, 1410, False, 2
2512,0, 1410, False, 2
2513,0, 1410, False, 2
2514,0, 1410, False, 2
2515,0, 1410, False, 2
2516,0, 1410, False, 2
2517,0, 1410, False, 2
2518,0, 1410, False, 2
2519,0, 1410, False, 2
2520,0, 1410, False, 2
2521,0, 1410, False, 2
2522,0, 1410, False, 2
2523,0, 1410, False, 0
2524,0, 1410, False, 4
2525,0, 1410, False, 4
2526,0, 1410, False, 4
2527,0, 1410, False, 4
2528,0, 1410, False, 4
2529,0, 1410, False, 4
2530,0, 1410, False, 4
2531,0, 1410, False, 4
2532,0, 1410, False, 4
2533,10, 1420, False, 4
2534,0, 1420, False, 4
2535,0, 1420, False, 4
2536,0, 1420, False, 4
2537,0, 1420, False, 4
2538,0, 1420, False, 4
2539,0, 1420, False, 0
2540,0, 1420, False, 2
2541,0, 1420, False, 2
2542,0, 1420, False, 2
2543,0, 1420, False, 2
2544,0, 1420, False, 2
2545,10, 1430, False, 2
2546,0, 1430, False, 2
2547,0, 1430, False, 2
2548,0, 1430, False, 2
2549,0, 1430, False, 2
2550,0, 1430, False, 2
2551,0, 1430, False, 2
2552,0, 1430, False, 2
2553,0, 1430, False, 2
2554,0, 1430, False, 2
2555,0, 1430, False, 2
2556,0, 1430, False, 2
2557,0, 1430, False, 2
2558,0, 1430, False, 2
2559,0, 1430, False, 2
2560,0, 1430, False, 2
2561,0, 1430, False, 2
2562,0, 1430, False, 2
2563,0, 1430, False, 2
2564,0, 1430, False, 2
2565,0, 1430, False, 2
2566,0, 1430, False, 2
2567,0, 1430, False, 2
2568,0, 1430, False, 2
2569,0, 1430, False, 2
2570,0, 1430, False, 2
2571,0, 1430, False, 2
2572,0, 1430, False, 2
2573,0, 1430, False, 2
2574,0, 1430, False, 2
2575,0, 1430, False, 2
2576,0, 1430, False, 2
2577,0, 1430, False, 2
2578,0, 1430, False, 2
2579,0, 1430, False, 2
2580,0, 1430, False, 2
2581,0, 1430, False, 2
2582,0, 1430, False, 2
2583,0, 1430, False, 2
2584,0, 1430, False, 2
2585,0, 1430, False, 2
2586,0, 1430, False, 2
2587,0, 1430, False, 2
2588,0, 1430, False, 2
2589,0, 1430, False, 2
2590,0, 1430, False, 2
2591,0, 1430, False, 2
2592,0, 1430, False, 2
2593,0, 1430, False, 2
2594,0, 1430, False, 2
2595,0, 1430, False, 2
2596,0, 1430, False, 2
2597,0, 1430, False, 2
2598,0, 1430, False, 2
2599,0, 1430, False, 2
2600,0, 1430, False, 2
2601,0, 1430, False, 2
2602,0, 1430, False, 7
2603,0, 1430, False, 4
2604,0, 1430, False, 4
2605,0, 1430, False, 4
2606,0, 1430, False, 4
2607,0, 1430, False, 4
2608,0, 1430, False, 4
2609,0, 1430, False, 4
2610,0, 1430, False, 4
2611,0, 1430, False, 4
2612,0, 1430, False, 4
2613,0, 1430, False, 4
2614,0, 1430, False, 4
2615,0, 1430, False, 4
2616,0, 1430, False, 4
2617,0, 1430, False, 4
2618,0, 1430, False, 4
2619,0, 1430, False, 4
2620,0, 1430, False, 4
2621,0, 1430, False, 4
2622,0, 1430, False, 4
2623,0, 1430, False, 4
2624,0, 1430, False, 4
2625,0, 1430, False, 4
2626,0, 1430, False, 4
2627,0, 1430, False, 4
2628,0, 1430, False, 4
2629,0, 1430, False, 4
2630,0, 1430, False, 4
2631,0, 1430, False, 4
2632,0, 1430, False, 4
2633,0, 1430, False, 4
2634,0, 1430, False, 4
2635,0, 1430, False, 4
2636,0, 1430, False, 4
2637,0, 1430, False, 4
2638,0, 1430, False, 4
2639,0, 1430, False, 4
2640,0, 1430, False, 4
2641,0, 1430, False, 4
2642,0, 1430, False, 4
2643,0, 1430, False, 4
2644,0, 1430, False, 4
2645,0, 1430, False, 4
2646,0, 1430, False, 4
2647,0, 1430, False, 4
2648,0, 1430, False, 4
2649,0, 1430, False, 4
2650,0, 1430, False, 4
2651,0, 1430, False, 4
2652,0, 1430, False, 4
2653,0, 1430, False, 4
2654,0, 1430, False, 4
2655,0, 1430, False, 4
2656,0, 1430, False, 4
2657,0, 1430, False, 4
2658,0, 1430, False, 4
2659,0, 1430, False, 4
2660,0, 1430, False, 4
2661,0, 1430, False, 4
2662,0, 1430, False, 4
2663,0, 1430, False, 4
2664,0, 1430, False, 4
2665,0, 1430, False, 4
2666,0, 1430, False, 4
2667,0, 1430, False, 4
2668,0, 1430, False, 4
2669,0, 1430, False, 4
2670,0, 1430, False, 4
2671,0, 1430, False, 4
2672,0, 1430, False, 4
2673,0, 1430, False, 4
2674,0, 1430, False, 4
2675,0, 1430, False, 4
2676,0, 1430, False, 4
2677,0, 1430, False, 4
2678,0, 1430, False, 4
2679,0, 1430, False, 4
2680,0, 1430, False, 4
2681,0, 1430, False, 4
2682,0, 1430, False, 4
2683,0, 1430, False, 4
2684,0, 1430, False, 4
2685,0, 1430, False, 4
2686,0, 1430, False, 4
2687,0, 1430, False, 4
2688,0, 1430, False, 4
2689,0, 1430, False, 4
2690,0, 1430, False, 4
2691,0, 1430, False, 4
2692,0, 1430, False, 4
2693,0, 1430, False, 4
2694,0, 1430, False, 4
2695,0, 1430, False, 4
2696,0, 1430, False, 4
2697,0, 1430, False, 4
2698,0, 1430, False, 4
2699,0, 1430, False, 4
2700,0, 1430, False, 4
2701,0, 1430, False, 4
2702,0, 1430, False, 4
2703,0, 1430, False, 4
2704,0, 1430, False, 4
2705,0, 1430, False, 4
2706,0, 1430, False, 4
2707,0, 1430, False, 4
2708,0, 1430, False, 4
2709,0, 1430, False, 0
2710,0, 1430, False, 0
2711,0, 1430, False, 0
2712,0, 1430, False, 0
2713,0, 1430, False, 0
2714,0, 1430, False, 0
2715,0, 1430, False, 0
2716,0, 1430, False, 0
2717,0, 1430, False, 0
2718,0, 1430, False, 0
2719,0, 1430, False, 0
2720,0, 1430, False, 0
2721,0, 1430, False, 0
2722,0, 1430, False, 0
2723,0, 1430, False, 0
2724,0, 1430, False, 0
2725,0, 1430, False, 0
2726,0, 1430, False, 0
2727,0, 1430, False, 0
2728,0, 1430, False, 0
2729,0, 1430, False, 0
2730,0, 1430, False, 0
2731,0, 1430, False, 0
2732,0, 1430, False, 0
2733,0, 1430, False, 0
2734,0, 1430, False, 0
2735,0, 1430, False, 0
2736,0, 1430, False, 0
2737,0, 1430, False, 0
2738,0, 1430, False, 0
2739,0, 1430, False, 0
2740,0, 1430, False, 0
2741,0, 1430, False, 0
2742,0, 1430, False, 0
2743,0, 1430, False, 0
2744,0, 1430, False, 0
2745,0, 1430, False, 0
2746,0, 1430, False, 0
2747,0, 1430, False, 0
2748,0, 1430, False, 0
2749,0, 1430, False, 0
2750,0, 1430, False, 0
2751,0, 1430, False, 0
2752,0, 1430, False, 0
2753,0, 1430, False, 0
2754,0, 1430, False, 0
2755,0, 1430, False, 0
2756,0, 1430, False, 0
2757,0, 1430, False, 0
2758,0, 1430, False, 0
2759,0, 1430, False, 0
2760,0, 1430, False, 0
2761,0, 1430, False, 0
2762,0, 1430, False, 0
2763,0, 1430, False, 0
2764,0, 1430, False, 0
2765,0, 1430, False, 0
2766,0, 1430, False, 0
2767,0, 1430, False, 0
2768,0, 1430, False, 0
2769,0, 1430, False, 0
2770,0, 1430, False, 0
2771,0, 1430, False, 0
2772,0, 1430, False, 0
2773,0, 1430, False, 0
2774,0, 1430, False, 0
2775,0, 1430, False, 0
2776,0, 1430, False, 0
2777,0, 1430, False, 0
2778,0, 1430, False, 0
2779,0, 1430, False, 0
2780,0, 1430, False, 0
2781,0, 1430, False, 0
2782,0, 1430, False, 0
2783,0, 1430, False, 0
2784,0, 1430, False, 0
2785,0, 1430, False, 0
2786,0, 1430, False, 0
2787,0, 1430, False, 0
2788,0, 1430, False, 0
2789,0, 1430, False, 0
2790,0, 1430, False, 0
2791,0, 1430, False, 0
2792,0, 1430, False, 0
2793,0, 1430, False, 0
2794,0, 1430, False, 0
2795,0, 1430, False, 0
2796,0, 1430, False, 0
2797,0, 1430, False, 0
2798,0, 1430, False, 0
2799,0, 1430, False, 0
2800,0, 1430, False, 0
2801,0, 1430, False, 0
2802,0, 1430, False, 0
2803,0, 1430, False, 0
2804,0, 1430, False, 0
2805,0, 1430, False, 0
2806,0, 1430, False, 0
2807,0, 1430, False, 0
2808,0, 1430, False, 0
2809,0, 1430, False, 0
2810,0, 1430, False, 0
2811,0, 1430, False, 0
2812,0, 1430, False, 0
2813,0, 1430, False, 0
2814,0, 1430, False, 0
2815,0, 1430, False, 0
2816,0, 1430, False, 0
2817,0, 1430, False, 0
2818,0, 1430, False, 0
2819,0, 1430, False, 0
2820,0, 1430, False, 0
2821,0, 1430, False, 0
2822,0, 1430, False, 0
2823,0, 1430, False, 0
2824,0, 1430, False, 3
2825,0, 1430, False, 3
2826,0, 1430, False, 3
2827,0, 1430, False, 3
2828,0, 1430, False, 3
2829,0, 1430, False, 3
2830,0, 1430, False, 3
2831,0, 1430, False, 3
2832,0, 1430, False, 3
2833,0, 1430, False, 3
2834,0, 1430, False, 3
2835,0, 1430, False, 3
2836,0, 1430, False, 3
2837,0, 1430, False, 3
2838,0, 1430, False, 3
2839,0, 1430, False, 3
2840,0, 1430, False, 3
2841,0, 1430, False, 3
2842,0, 1430, False, 3
2843,0, 1430, False, 3
2844,0, 1430, False, 3
2845,0, 1430, False, 3
2846,0, 1430, False, 3
2847,0, 1430, False, 3
2848,0, 1430, False, 3
2849,0, 1430, False, 3
2850,0, 1430, False, 3
2851,0, 1430, False, 3
2852,0, 1430, False, 3
2853,0, 1430, False, 3
2854,0, 1430, False, 3
2855,0, 1430, False, 3
2856,0, 1430, False, 3
2857,0, 1430, False, 3
2858,0, 1430, False, 3
2859,0, 1430, False, 3
2860,0, 1430, False, 3
2861,0, 1430, False, 3
2862,0, 1430, False, 3
2863,0, 1430, False, 3
2864,0, 1430, False, 3
2865,0, 1430, False, 0
2866,0, 1430, False, 0
2867,0, 1430, False, 0
2868,0, 1430, False, 0
2869,0, 1430, False, 0
2870,0, 1430, False, 3
2871,0, 1430, False, 3
2872,0, 1430, False, 3
2873,0, 1430, False, 3
2874,0, 1430, False, 3
2875,0, 1430, False, 3
2876,0, 1430, False, 3
2877,0, 1430, False, 3
2878,0, 1430, False, 3
2879,0, 1430, False, 3
2880,0, 1430, False, 3
2881,0, 1430, False, 3
2882,0, 1430, False, 3
2883,0, 1430, False, 3
2884,0, 1430, False, 3
2885,0, 1430, False, 3
2886,0, 1430, False, 3
2887,0, 1430, False, 3
2888,0, 1430, False, 3
2889,0, 1430, False, 3
2890,0, 1430, False, 3
2891,0, 1430, False, 3
2892,0, 1430, False, 3
2893,0, 1430, False, 3
2894,0, 1430, False, 3
2895,0, 1430, False, 3
2896,0, 1430, False, 3
2897,0, 1430, False, 3
2898,0, 1430, False, 3
2899,0, 1430, False, 3
2900,0, 1430, False, 3
2901,0, 1430, False, 3
2902,0, 1430, False, 0
2903,0, 1430, False, 0
2904,0, 1430, False, 0
2905,0, 1430, False, 0
2906,0, 1430, False, 5
2907,0, 1430, False, 5
2908,0, 1430, False, 5
2909,0, 1430, False, 5
2910,0, 1430, False, 5
2911,0, 1430, False, 5
2912,0, 1430, False, 5
2913,0, 1430, False, 5
2914,0, 1430, False, 5
2915,0, 1430, False, 5
2916,0, 1430, False, 5
2917,0, 1430, False, 5
2918,0, 1430, False, 5
2919,0, 1430, False, 5
2920,0, 1430, False, 0
2921,0, 1430, False, 0
2922,0, 1430, False, 0
2923,0, 1430, False, 0
2924,0, 1430, False, 0
2925,0, 1430, False, 3
2926,0, 1430, False, 3
2927,0, 1430, False, 3
2928,0, 1430, False, 3
2929,0, 1430, False, 3
2930,0, 1430, False, 3
2931,0, 1430, False, 3
2932,0, 1430, False, 3
2933,0, 1430, False, 3
2934,0, 1430, False, 3
2935,0, 1430, False, 3
2936,0, 1430, False, 3
2937,10, 1440, False, 3
2938,0, 1440, False, 3
2939,0, 1440, False, 3
2940,0, 1440, False, 3
2941,0, 1440, False, 3
2942,0, 1440, False, 3
2943,0, 1440, False, 3
2944,0, 1440, False, 3
2945,0, 1440, False, 3
2946,0, 1440, False, 3
2947,0, 1440, False, 3
2948,0, 1440, False, 3
2949,0, 1440, False, 3
2950,0, 1440, False, 3
2951,10, 1450, False, 3
2952,0, 1450, False, 3
2953,0, 1450, False, 3
2954,0, 1450, False, 3
2955,0, 1450, False, 3
2956,0, 1450, False, 3
2957,0, 1450, False, 3
2958,0, 1450, False, 3
2959,0, 1450, False, 0
2960,0, 1450, False, 0
2961,0, 1450, False, 0
2962,0, 1450, False, 2
2963,0, 1450, False, 2
2964,0, 1450, False, 2
2965,10, 1460, False, 2
2966,0, 1460, False, 2
2967,0, 1460, False, 2
2968,0, 1460, False, 2
2969,0, 1460, False, 2
2970,0, 1460, False, 2
2971,0, 1460, False, 2
2972,0, 1460, False, 2
2973,0, 1460, False, 2
2974,0, 1460, False, 2
2975,0, 1460, False, 2
2976,0, 1460, False, 2
2977,0, 1460, False, 2
2978,0, 1460, False, 2
2979,0, 1460, False, 2
2980,0, 1460, False, 2
2981,0, 1460, False, 2
2982,0, 1460, False, 2
2983,0, 1460, False, 2
2984,0, 1460, False, 2
2985,0, 1460, False, 2
2986,0, 1460, False, 2
2987,0, 1460, False, 2
2988,0, 1460, False, 2
2989,0, 1460, False, 2
2990,0, 1460, False, 2
2991,0, 1460, False, 2
2992,0, 1460, False, 0
2993,0, 1460, False, 0
2994,0, 1460, False, 0
2995,0, 1460, False, 4
2996,0, 1460, False, 4
2997,0, 1460, False, 4
2998,0, 1460, False, 4
2999,0, 1460, False, 4
3000,0, 1460, False, 4
3001,0, 1460, False, 4
3002,0, 1460, False, 4
3003,0, 1460, False, 4
3004,0, 1460, False, 0
3005,0, 1460, False, 0
3006,0, 1460, False, 0
3007,0, 1460, False, 2
3008,0, 1460, False, 2
3009,0, 1460, False, 2
3010,0, 1460, False, 2
3011,0, 1460, False, 2
3012,0, 1460, False, 2
3013,0, 1460, False, 2
3014,0, 1460, False, 2
3015,0, 1460, False, 2
3016,0, 1460, False, 2
3017,0, 1460, False, 2
3018,0, 1460, False, 2
3019,0, 1460, False, 2
3020,0, 1460, False, 2
3021,0, 1460, False, 2
3022,0, 1460, False, 2
3023,0, 1460, False, 2
3024,0, 1460, False, 2
3025,0, 1460, False, 2
3026,0, 1460, False, 2
3027,0, 1460, False, 2
3028,0, 1460, False, 2
3029,0, 1460, False, 2
3030,0, 1460, False, 2
3031,0, 1460, False, 2
3032,0, 1460, False, 2
3033,0, 1460, False, 2
3034,0, 1460, False, 2
3035,0, 1460, False, 0
3036,0, 1460, False, 0
3037,0, 1460, False, 0
3038,0, 1460, False, 0
3039,0, 1460, False, 0
3040,0, 1460, False, 0
3041,0, 1460, False, 0
3042,0, 1460, False, 0
3043,0, 1460, False, 0
3044,0, 1460, False, 0
3045,0, 1460, False, 0
3046,0, 1460, False, 0
3047,0, 1460, False, 0
3048,0, 1460, False, 0
3049,0, 1460, False, 0
3050,0, 1460, False, 0
3051,0, 1460, False, 0
3052,0, 1460, False, 0
3053,0, 1460, False, 0
3054,0, 1460, False, 0
3055,0, 1460, False, 0
3056,0, 1460, False, 0
3057,0, 1460, False, 0
3058,0, 1460, False, 0
3059,0, 1460, False, 0
3060,0, 1460, False, 0
3061,0, 1460, False, 0
3062,0, 1460, False, 0
3063,0, 1460, False, 0
3064,0, 1460, False, 0
3065,0, 1460, False, 0
3066,0, 1460, False, 0
3067,0, 1460, False, 0
3068,0, 1460, False, 0
3069,0, 1460, False, 0
3070,0, 1460, False, 0
3071,0, 1460, False, 0
3072,0, 1460, False, 0
3073,0, 1460, False, 0
3074,0, 1460, False, 0
3075,0, 1460, False, 0
3076,0, 1460, False, 0
3077,0, 1460, False, 0
3078,0, 1460, False, 0
3079,0, 1460, False, 0
3080,0, 1460, False, 0
3081,0, 1460, False, 0
3082,0, 1460, False, 0
3083,0, 1460, False, 0
3084,0, 1460, False, 0
3085,0, 1460, False, 0
3086,0, 1460, False, 0
3087,0, 1460, False, 0
3088,0, 1460, False, 0
3089,0, 1460, False, 0
3090,0, 1460, False, 0
3091,0, 1460, False, 0
3092,0, 1460, False, 0
3093,0, 1460, False, 0
3094,0, 1460, False, 0
3095,0, 1460, False, 0
3096,0, 1460, False, 0
3097,0, 1460, False, 0
3098,0, 1460, False, 0
3099,0, 1460, False, 0
3100,0, 1460, False, 0
3101,0, 1460, False, 0
3102,0, 1460, False, 0
3103,0, 1460, False, 0
3104,0, 1460, False, 0
3105,0, 1460, False, 0
3106,0, 1460, False, 0
3107,0, 1460, False, 0
3108,0, 1460, False, 0
3109,0, 1460, False, 0
3110,0, 1460, False, 0
3111,0, 1460, False, 0
3112,0, 1460, False, 0
3113,0, 1460, False, 0
3114,0, 1460, False, 0
3115,0, 1460, False, 0
3116,0, 1460, False, 0
3117,0, 1460, False, 0
3118,0, 1460, False, 0
3119,0, 1460, False, 0
3120,0, 1460, False, 0
3121,0, 1460, False, 0
3122,0, 1460, False, 0
3123,0, 1460, False, 0
3124,0, 1460, False, 0
3125,0, 1460, False, 0
3126,0, 1460, False, 0
3127,0, 1460, False, 0
3128,0, 1460, False, 0
3129,0, 1460, False, 0
3130,0, 1460, False, 0
3131,0, 1460, False, 0
3132,0, 1460, False, 0
3133,0, 1460, False, 0
3134,0, 1460, False, 0
3135,0, 1460, False, 0
3136,0, 1460, False, 0
3137,0, 1460, False, 0
3138,0, 1460, False, 0
3139,0, 1460, False, 0
3140,0, 1460, False, 0
3141,0, 1460, False, 4
3142,0, 1460, False, 4
3143,0, 1460, False, 4
3144,0, 1460, False, 4
3145,0, 1460, False, 4
3146,0, 1460, False, 4
3147,0, 1460, False, 4
3148,0, 1460, False, 4
3149,0, 1460, False, 4
3150,0, 1460, False, 4
3151,0, 1460, False, 4
3152,0, 1460, False, 0
3153,0, 1460, False, 0
3154,0, 1460, False, 0
3155,0, 1460, False, 0
3156,0, 1460, False, 0
3157,0, 1460, False, 0
3158,0, 1460, False, 0
3159,0, 1460, False, 0
3160,0, 1460, False, 0
3161,0, 1460, False, 0
3162,0, 1460, False, 0
3163,0, 1460, False, 0
3164,0, 1460, False, 0
3165,0, 1460, False, 0
3166,0, 1460, False, 0
3167,0, 1460, False, 0
3168,0, 1460, False, 0
3169,0, 1460, False, 0
3170,0, 1460, False, 0
3171,0, 1460, False, 0
3172,0, 1460, False, 0
3173,0, 1460, False, 0
3174,0, 1460, False, 0
3175,0, 1460, False, 0
3176,0, 1460, False, 0
3177,0, 1460, False, 0
3178,0, 1460, False, 0
3179,0, 1460, False, 0
3180,0, 1460, False, 0
3181,0, 1460, False, 0
3182,0, 1460, False, 0
3183,0, 1460, False, 0
3184,0, 1460, False, 0
3185,0, 1460, False, 0
3186,0, 1460, False, 0
3187,0, 1460, False, 0
3188,0, 1460, False, 0
3189,0, 1460, False, 0
3190,0, 1460, False, 0
3191,0, 1460, False, 0
3192,0, 1460, False, 0
3193,0, 1460, False, 0
3194,0, 1460, False, 0
3195,0, 1460, False, 0
3196,0, 1460, False, 0
3197,0, 1460, False, 0
3198,0, 1460, False, 0
3199,0, 1460, False, 0
3200,0, 1460, False, 0
3201,0, 1460, False, 0
3202,0, 1460, False, 0
3203,0, 1460, False, 0
3204,0, 1460, False, 0
3205,0, 1460, False, 0
3206,0, 1460, False, 0
3207,0, 1460, False, 0
3208,0, 1460, False, 0
3209,0, 1460, False, 0
3210,0, 1460, False, 0
3211,0, 1460, False, 0
3212,0, 1460, False, 0
3213,0, 1460, False, 0
3214,0, 1460, False, 0
3215,0, 1460, False, 0
3216,0, 1460, False, 0
3217,0, 1460, False, 0
3218,0, 1460, False, 0
3219,0, 1460, False, 0
3220,0, 1460, False, 0
3221,0, 1460, False, 0
3222,0, 1460, False, 0
3223,0, 1460, False, 0
3224,0, 1460, False, 0
3225,0, 1460, False, 0
3226,0, 1460, False, 0
3227,0, 1460, False, 0
3228,0, 1460, False, 0
3229,0, 1460, False, 0
3230,0, 1460, False, 0
3231,0, 1460, False, 0
3232,0, 1460, False, 0
3233,0, 1460, False, 0
3234,0, 1460, False, 0
3235,0, 1460, False, 0
3236,0, 1460, False, 0
3237,0, 1460, False, 0
3238,0, 1460, False, 0
3239,0, 1460, False, 0
3240,0, 1460, False, 0
3241,0, 1460, False, 0
3242,0, 1460, False, 0
3243,0, 1460, False, 0
3244,0, 1460, False, 0
3245,0, 1460, False, 0
3246,0, 1460, False, 0
3247,0, 1460, False, 0
3248,0, 1460, False, 0
3249,0, 1460, False, 0
3250,0, 1460, False, 0
3251,0, 1460, False, 0
3252,0, 1460, False, 0
3253,0, 1460, False, 0
3254,0, 1460, False, 0
3255,0, 1460, False, 0
3256,0, 1460, False, 0
3257,0, 1460, False, 0
3258,0, 1460, False, 0
3259,0, 1460, False, 0
3260,0, 1460, False, 0
3261,0, 1460, False, 0
3262,0, 1460, False, 0
3263,0, 1460, False, 0
3264,0, 1460, False, 0
3265,0, 1460, False, 0
3266,0, 1460, False, 0
3267,0, 1460, False, 0
3268,0, 1460, False, 0
3269,0, 1460, False, 0
3270,0, 1460, False, 0
3271,0, 1460, False, 0
3272,0, 1460, False, 0
3273,0, 1460, False, 0
3274,0, 1460, False, 0
3275,0, 1460, False, 0
3276,0, 1460, False, 0
3277,0, 1460, False, 0
3278,0, 1460, False, 0
3279,0, 1460, False, 0
3280,0, 1460, False, 0
3281,0, 1460, False, 0
3282,0, 1460, False, 5
3283,0, 1460, False, 5
3284,0, 1460, False, 5
3285,0, 1460, False, 5
3286,0, 1460, False, 5
3287,0, 1460, False, 5
3288,0, 1460, False, 5
3289,0, 1460, False, 5
3290,0, 1460, False, 5
3291,0, 1460, False, 5
3292,0, 1460, False, 5
3293,0, 1460, False, 5
3294,0, 1460, False, 5
3295,0, 1460, False, 5
3296,0, 1460, False, 5
3297,0, 1460, False, 5
3298,0, 1460, False, 5
3299,0, 1460, False, 5
3300,0, 1460, False, 5
3301,0, 1460, False, 5
3302,0, 1460, False, 5
3303,0, 1460, False, 5
3304,0, 1460, False, 5
3305,0, 1460, False, 5
3306,0, 1460, False, 5
3307,0, 1460, False, 5
3308,0, 1460, False, 5
3309,0, 1460, False, 5
3310,0, 1460, False, 5
3311,0, 1460, False, 5
3312,0, 1460, False, 5
3313,0, 1460, False, 5
3314,0, 1460, False, 5
3315,0, 1460, False, 5
3316,0, 1460, False, 5
3317,0, 1460, False, 5
3318,0, 1460, False, 5
3319,0, 1460, False, 5
3320,0, 1460, False, 5
3321,0, 1460, False, 5
3322,0, 1460, False, 5
3323,0, 1460, False, 5
3324,0, 1460, False, 5
3325,0, 1460, False, 5
3326,0, 1460, False, 5
3327,0, 1460, False, 5
3328,0, 1460, False, 5
3329,0, 1460, False, 5
3330,0, 1460, False, 5
3331,0, 1460, False, 5
3332,0, 1460, False, 5
3333,0, 1460, False, 5
3334,0, 1460, False, 5
3335,0, 1460, False, 5
3336,0, 1460, False, 5
3337,0, 1460, False, 5
3338,0, 1460, False, 5
3339,0, 1460, False, 5
3340,0, 1460, False, 0
3341,0, 1460, False, 0
3342,0, 1460, False, 0
3343,0, 1460, False, 3
3344,0, 1460, False, 3
3345,0, 1460, False, 3
3346,0, 1460, False, 3
3347,0, 1460, False, 3
3348,0, 1460, False, 3
3349,0, 1460, False, 3
3350,0, 1460, False, 3
3351,10, 1470, False, 3
3352,0, 1470, False, 3
3353,0, 1470, False, 3
3354,0, 1470, False, 3
3355,0, 1470, False, 3
3356,0, 1470, False, 3
3357,0, 1470, False, 3
3358,0, 1470, False, 3
3359,0, 1470, False, 3
3360,0, 1470, False, 3
3361,0, 1470, False, 3
3362,0, 1470, False, 3
3363,0, 1470, False, 3
3364,0, 1470, False, 3
3365,10, 1480, False, 3
3366,0, 1480, False, 3
3367,0, 1480, False, 3
3368,0, 1480, False, 3
3369,0, 1480, False, 3
3370,0, 1480, False, 3
3371,0, 1480, False, 3
3372,0, 1480, False, 3
3373,0, 1480, False, 3
3374,0, 1480, False, 3
3375,0, 1480, False, 3
3376,0, 1480, False, 3
3377,10, 1490, False, 3
3378,0, 1490, False, 3
3379,0, 1490, False, 3
3380,0, 1490, False, 3
3381,0, 1490, False, 0
3382,0, 1490, False, 0
3383,0, 1490, False, 0
3384,0, 1490, False, 0
3385,0, 1490, False, 0
3386,0, 1490, False, 0
3387,0, 1490, False, 0
3388,0, 1490, False, 2
3389,0, 1490, False, 2
3390,0, 1490, False, 2
3391,10, 1500, False, 2
3392,0, 1500, False, 2
3393,0, 1500, False, 2
3394,0, 1500, False, 2
3395,0, 1500, False, 2
3396,0, 1500, False, 2
3397,0, 1500, False, 2
3398,0, 1500, False, 2
3399,0, 1500, False, 2
3400,0, 1500, False, 2
3401,0, 1500, False, 2
3402,0, 1500, False, 2
3403,0, 1500, False, 2
3404,0, 1500, False, 2
3405,0, 1500, False, 2
3406,0, 1500, False, 2
3407,0, 1500, False, 2
3408,0, 1500, False, 2
3409,10, 1510, False, 2
3410,0, 1510, False, 2
3411,0, 1510, False, 2
3412,0, 1510, False, 2
3413,0, 1510, False, 2
3414,0, 1510, False, 2
3415,0, 1510, False, 2
3416,0, 1510, False, 2
3417,0, 1510, False, 2
3418,0, 1510, False, 2
3419,0, 1510, False, 2
3420,0, 1510, False, 2
3421,0, 1510, False, 2
3422,0, 1510, False, 2
3423,10, 1520, False, 2
3424,0, 1520, False, 2
3425,0, 1520, False, 2
3426,0, 1520, False, 2
3427,0, 1520, False, 2
3428,0, 1520, False, 2
3429,0, 1520, False, 2
3430,0, 1520, False, 2
3431,0, 1520, False, 2
3432,0, 1520, False, 2
3433,0, 1520, False, 2
3434,0, 1520, False, 2
3435,0, 1520, False, 2
3436,0, 1520, False, 2
3437,10, 1530, False, 2
3438,0, 1530, False, 2
3439,0, 1530, False, 2
3440,0, 1530, False, 2
3441,0, 1530, False, 2
3442,0, 1530, False, 2
3443,0, 1530, False, 2
3444,0, 1530, False, 2
3445,0, 1530, False, 2
3446,0, 1530, False, 2
3447,0, 1530, False, 2
3448,0, 1530, False, 2
3449,0, 1530, False, 2
3450,0, 1530, False, 2
3451,10, 1540, False, 2
3452,0, 1540, False, 2
3453,0, 1540, False, 2
3454,0, 1540, False, 2
3455,0, 1540, False, 2
3456,0, 1540, False, 2
3457,0, 1540, False, 2
3458,0, 1540, False, 2
3459,0, 1540, False, 2
3460,0, 1540, False, 2
3461,0, 1540, False, 0
3462,0, 1540, False, 0
3463,0, 1540, False, 4
3464,0, 1540, False, 4
3465,0, 1540, False, 4
3466,0, 1540, False, 4
3467,0, 1540, False, 4
3468,0, 1540, False, 4
3469,0, 1540, False, 4
3470,0, 1540, False, 4
3471,0, 1540, False, 4
3472,0, 1540, False, 4
3473,0, 1540, False, 4
3474,0, 1540, False, 4
3475,0, 1540, False, 4
3476,0, 1540, False, 4
3477,0, 1540, False, 4
3478,0, 1540, False, 4
3479,0, 1540, False, 4
3480,0, 1540, False, 0
3481,0, 1540, False, 0
3482,0, 1540, False, 2
3483,0, 1540, False, 2
3484,0, 1540, False, 2
3485,0, 1540, False, 2
3486,0, 1540, False, 2
3487,0, 1540, False, 2
3488,0, 1540, False, 2
3489,0, 1540, False, 2
3490,0, 1540, False, 2
3491,0, 1540, False, 2
3492,0, 1540, False, 2
3493,0, 1540, False, 2
3494,0, 1540, False, 2
3495,0, 1540, False, 2
3496,0, 1540, False, 2
3497,0, 1540, False, 2
3498,0, 1540, False, 2
3499,0, 1540, False, 2
3500,0, 1540, False, 2
3501,0, 1540, False, 2
3502,0, 1540, False, 2
3503,0, 1540, False, 2
3504,0, 1540, False, 2
3505,0, 1540, False, 2
3506,0, 1540, False, 2
3507,0, 1540, False, 2
3508,0, 1540, False, 2
3509,0, 1540, False, 2
3510,0, 1540, False, 2
3511,0, 1540, False, 2
3512,0, 1540, False, 2
3513,0, 1540, False, 2
3514,0, 1540, False, 2
3515,0, 1540, False, 2
3516,0, 1540, False, 2
3517,0, 1540, False, 2
3518,0, 1540, False, 2
3519,0, 1540, False, 2
3520,0, 1540, False, 2
3521,0, 1540, False, 2
3522,0, 1540, False, 2
3523,0, 1540, False, 2
3524,0, 1540, False, 2
3525,0, 1540, False, 2
3526,0, 1540, False, 2
3527,0, 1540, False, 2
3528,0, 1540, False, 2
3529,0, 1540, False, 2
3530,0, 1540, False, 2
3531,0, 1540, False, 0
3532,0, 1540, False, 0
3533,0, 1540, False, 0
3534,0, 1540, False, 0
3535,0, 1540, False, 0
3536,0, 1540, False, 0
3537,0, 1540, False, 0
3538,0, 1540, False, 0
3539,0, 1540, False, 0
3540,0, 1540, False, 5
3541,0, 1540, False, 5
3542,0, 1540, False, 5
3543,0, 1540, False, 5
3544,0, 1540, False, 5
3545,0, 1540, False, 5
3546,0, 1540, False, 5
3547,0, 1540, False, 5
3548,0, 1540, False, 5
3549,0, 1540, False, 5
3550,0, 1540, False, 5
3551,0, 1540, False, 5
3552,0, 1540, False, 5
3553,0, 1540, False, 5
3554,0, 1540, False, 5
3555,0, 1540, False, 5
3556,0, 1540, False, 5
3557,0, 1540, False, 5
3558,0, 1540, False, 5
3559,0, 1540, False, 5
3560,0, 1540, False, 5
3561,0, 1540, False, 5
3562,0, 1540, False, 5
3563,0, 1540, False, 5
3564,0, 1540, False, 5
3565,0, 1540, False, 5
3566,0, 1540, False, 5
3567,0, 1540, False, 5
3568,0, 1540, False, 5
3569,0, 1540, False, 5
3570,0, 1540, False, 5
3571,0, 1540, False, 0
3572,0, 1540, False, 0
3573,0, 1540, False, 0
3574,0, 1540, False, 0
3575,0, 1540, False, 0
3576,0, 1540, False, 0
3577,0, 1540, False, 0
3578,0, 1540, False, 0
3579,0, 1540, False, 0
3580,0, 1540, False, 4
3581,0, 1540, False, 4
3582,0, 1540, False, 4
3583,0, 1540, False, 4
3584,0, 1540, False, 4
3585,0, 1540, False, 4
3586,0, 1540, False, 4
3587,0, 1540, False, 4
3588,0, 1540, False, 4
3589,0, 1540, False, 4
3590,0, 1540, False, 4
3591,0, 1540, False, 4
3592,0, 1540, False, 4
3593,0, 1540, False, 4
3594,0, 1540, False, 4
3595,0, 1540, False, 4
3596,0, 1540, False, 4
3597,0, 1540, False, 4
3598,0, 1540, False, 4
3599,0, 1540, False, 4
3600,0, 1540, False, 4
3601,0, 1540, False, 4
3602,0, 1540, False, 4
3603,0, 1540, False, 4
3604,0, 1540, False, 4
3605,0, 1540, False, 4
3606,0, 1540, False, 4
3607,0, 1540, False, 4
3608,0, 1540, False, 4
3609,0, 1540, False, 4
3610,0, 1540, False, 4
3611,0, 1540, False, 4
3612,0, 1540, False, 4
3613,0, 1540, False, 4
3614,0, 1540, False, 4
3615,0, 1540, False, 4
3616,0, 1540, False, 4
3617,0, 1540, False, 4
3618,0, 1540, False, 4
3619,0, 1540, False, 4
3620,0, 1540, False, 4
3621,0, 1540, False, 4
3622,0, 1540, False, 4
3623,0, 1540, False, 4
3624,0, 1540, False, 4
3625,0, 1540, False, 4
3626,0, 1540, False, 4
3627,0, 1540, False, 4
3628,0, 1540, False, 4
3629,0, 1540, False, 4
3630,0, 1540, False, 4
3631,0, 1540, False, 4
3632,0, 1540, False, 4
3633,0, 1540, False, 4
3634,0, 1540, False, 4
3635,0, 1540, False, 4
3636,0, 1540, False, 0
3637,0, 1540, False, 2
3638,0, 1540, False, 2
3639,0, 1540, False, 2
3640,0, 1540, False, 2
3641,0, 1540, False, 2
3642,0, 1540, False, 2
3643,0, 1540, False, 2
3644,0, 1540, False, 2
3645,0, 1540, False, 2
3646,0, 1540, False, 2
3647,0, 1540, False, 2
3648,0, 1540, False, 2
3649,0, 1540, False, 2
3650,0, 1540, False, 2
3651,0, 1540, False, 2
3652,0, 1540, False, 2
3653,0, 1540, False, 2
3654,0, 1540, False, 2
3655,0, 1540, False, 2
3656,0, 1540, False, 2
3657,0, 1540, False, 2
3658,0, 1540, False, 2
3659,0, 1540, False, 2
3660,0, 1540, False, 2
3661,0, 1540, False, 2
3662,0, 1540, False, 2
3663,0, 1540, False, 2
3664,0, 1540, False, 2
3665,0, 1540, False, 2
3666,0, 1540, False, 2
3667,0, 1540, False, 2
3668,0, 1540, False, 0
3669,0, 1540, False, 0
3670,0, 1540, False, 0
3671,0, 1540, False, 0
3672,0, 1540, False, 0
3673,0, 1540, False, 0
3674,0, 1540, False, 0
3675,0, 1540, False, 3
3676,0, 1540, False, 3
3677,0, 1540, False, 3
3678,0, 1540, False, 3
3679,0, 1540, False, 3
3680,0, 1540, False, 3
3681,0, 1540, False, 3
3682,0, 1540, False, 3
3683,0, 1540, False, 3
3684,0, 1540, False, 3
3685,0, 1540, False, 3
3686,0, 1540, False, 3
3687,0, 1540, False, 3
3688,0, 1540, False, 3
3689,0, 1540, False, 3
3690,0, 1540, False, 3
3691,0, 1540, False, 3
3692,0, 1540, False, 3
3693,0, 1540, False, 0
3694,0, 1540, False, 0
3695,0, 1540, False, 2
3696,0, 1540, False, 2
3697,0, 1540, False, 2
3698,0, 1540, False, 2
3699,0, 1540, False, 2
3700,0, 1540, False, 2
3701,0, 1540, False, 2
3702,0, 1540, False, 2
3703,0, 1540, False, 2
3704,0, 1540, False, 2
3705,0, 1540, False, 2
3706,0, 1540, False, 2
3707,0, 1540, False, 2
3708,0, 1540, False, 2
3709,0, 1540, False, 2
3710,0, 1540, False, 2
3711,0, 1540, False, 2
3712,0, 1540, False, 2
3713,0, 1540, False, 2
3714,0, 1540, False, 2
3715,0, 1540, False, 2
3716,0, 1540, False, 2
3717,0, 1540, False, 2
3718,0, 1540, False, 2
3719,0, 1540, False, 2
3720,0, 1540, False, 2
3721,0, 1540, False, 2
3722,0, 1540, False, 2
3723,0, 1540, False, 2
3724,0, 1540, False, 2
3725,0, 1540, False, 0
3726,0, 1540, False, 4
3727,0, 1540, False, 4
3728,0, 1540, False, 4
3729,0, 1540, False, 4
3730,0, 1540, False, 4
3731,0, 1540, False, 4
3732,0, 1540, False, 4
3733,0, 1540, False, 4
3734,0, 1540, False, 4
3735,0, 1540, False, 4
3736,0, 1540, False, 4
3737,0, 1540, False, 4
3738,0, 1540, False, 4
3739,0, 1540, False, 4
3740,0, 1540, False, 4
3741,0, 1540, False, 4
3742,0, 1540, False, 4
3743,0, 1540, False, 4
3744,0, 1540, False, 4
3745,0, 1540, False, 4
3746,0, 1540, False, 4
3747,0, 1540, False, 4
3748,0, 1540, False, 4
3749,0, 1540, False, 4
3750,0, 1540, False, 4
3751,0, 1540, False, 4
3752,0, 1540, False, 4
3753,0, 1540, False, 4
3754,0, 1540, False, 4
3755,0, 1540, False, 4
3756,0, 1540, False, 4
3757,0, 1540, False, 0
3758,0, 1540, False, 0
3759,0, 1540, False, 0
3760,0, 1540, False, 0
3761,0, 1540, False, 0
3762,0, 1540, False, 0
3763,0, 1540, False, 0
3764,0, 1540, False, 3
3765,0, 1540, False, 3
3766,0, 1540, False, 3
3767,0, 1540, False, 3
3768,0, 1540, False, 3
3769,0, 1540, False, 3
3770,0, 1540, False, 3
3771,0, 1540, False, 3
3772,0, 1540, False, 3
3773,0, 1540, False, 3
3774,0, 1540, False, 3
3775,0, 1540, False, 3
3776,0, 1540, False, 3
3777,0, 1540, False, 3
3778,0, 1540, False, 3
3779,0, 1540, False, 3
3780,0, 1540, False, 3
3781,0, 1540, False, 3
3782,0, 1540, False, 3
3783,0, 1540, False, 3
3784,0, 1540, False, 3
3785,0, 1540, False, 3
3786,0, 1540, False, 3
3787,0, 1540, False, 3
3788,0, 1540, False, 3
3789,0, 1540, False, 3
3790,0, 1540, False, 3
3791,0, 1540, False, 3
3792,0, 1540, False, 3
3793,0, 1540, False, 0
3794,0, 1540, False, 0
3795,0, 1540, False, 0
3796,0, 1540, False, 0
3797,0, 1540, False, 0
3798,0, 1540, False, 0
3799,0, 1540, False, 0
3800,0, 1540, False, 0
3801,0, 1540, False, 0
3802,0, 1540, False, 0
3803,0, 1540, False, 0
3804,0, 1540, False, 0
3805,0, 1540, False, 0
3806,0, 1540, False, 0
3807,0, 1540, False, 0
3808,0, 1540, False, 0
3809,0, 1540, False, 0
3810,0, 1540, False, 0
3811,0, 1540, False, 0
3812,0, 1540, False, 0
3813,0, 1540, False, 0
3814,0, 1540, False, 0
3815,0, 1540, False, 0
3816,0, 1540, False, 0
3817,0, 1540, False, 0
3818,0, 1540, False, 0
3819,0, 1540, False, 0
3820,0, 1540, False, 0
3821,0, 1540, False, 0
3822,0, 1540, False, 0
3823,0, 1540, False, 0
3824,0, 1540, False, 0
3825,0, 1540, False, 0
3826,0, 1540, False, 0
3827,0, 1540, False, 0
3828,0, 1540, False, 0
3829,0, 1540, False, 0
3830,0, 1540, False, 0
3831,0, 1540, False, 0
3832,0, 1540, False, 0
3833,0, 1540, False, 0
3834,0, 1540, False, 0
3835,0, 1540, False, 0
3836,0, 1540, False, 0
3837,0, 1540, False, 0
3838,0, 1540, False, 0
3839,0, 1540, False, 0
3840,0, 1540, False, 0
3841,0, 1540, False, 0
3842,0, 1540, False, 0
3843,0, 1540, False, 0
3844,0, 1540, False, 0
3845,0, 1540, True, 0
