db traj id : 1262
frame,reward,score,terminal, action
0,0, 0, False, 0
1,0, 0, False, 0
2,0, 0, False, 0
3,0, 0, False, 0
4,0, 0, False, 0
5,0, 0, False, 0
6,0, 0, False, 0
7,0, 0, False, 0
8,0, 0, False, 0
9,0, 0, False, 0
10,0, 0, False, 0
11,0, 0, False, 0
12,0, 0, False, 0
13,0, 0, False, 0
14,0, 0, False, 0
15,0, 0, False, 0
16,0, 0, False, 0
17,0, 0, False, 0
18,0, 0, False, 0
19,0, 0, False, 0
20,0, 0, False, 0
21,0, 0, False, 0
22,0, 0, False, 0
23,0, 0, False, 0
24,0, 0, False, 0
25,0, 0, False, 0
26,0, 0, False, 0
27,0, 0, False, 0
28,0, 0, False, 0
29,0, 0, False, 0
30,0, 0, False, 0
31,0, 0, False, 0
32,0, 0, False, 0
33,0, 0, False, 0
34,0, 0, False, 0
35,0, 0, False, 0
36,0, 0, False, 0
37,0, 0, False, 0
38,0, 0, False, 0
39,0, 0, False, 0
40,0, 0, False, 4
41,0, 0, False, 4
42,0, 0, False, 4
43,0, 0, False, 4
44,0, 0, False, 4
45,0, 0, False, 4
46,0, 0, False, 4
47,0, 0, False, 4
48,0, 0, False, 0
49,0, 0, False, 0
50,0, 0, False, 0
51,0, 0, False, 0
52,0, 0, False, 0
53,0, 0, False, 0
54,0, 0, False, 0
55,0, 0, False, 0
56,0, 0, False, 0
57,0, 0, False, 0
58,0, 0, False, 0
59,0, 0, False, 0
60,0, 0, False, 0
61,0, 0, False, 0
62,0, 0, False, 0
63,0, 0, False, 0
64,0, 0, False, 0
65,0, 0, False, 0
66,0, 0, False, 0
67,0, 0, False, 0
68,0, 0, False, 0
69,0, 0, False, 0
70,0, 0, False, 0
71,0, 0, False, 0
72,0, 0, False, 0
73,0, 0, False, 0
74,0, 0, False, 0
75,0, 0, False, 0
76,0, 0, False, 0
77,0, 0, False, 0
78,0, 0, False, 0
79,0, 0, False, 0
80,0, 0, False, 0
81,0, 0, False, 0
82,0, 0, False, 0
83,0, 0, False, 0
84,0, 0, False, 0
85,0, 0, False, 0
86,0, 0, False, 0
87,0, 0, False, 0
88,0, 0, False, 0
89,0, 0, False, 0
90,0, 0, False, 0
91,0, 0, False, 0
92,0, 0, False, 0
93,0, 0, False, 0
94,0, 0, False, 0
95,0, 0, False, 0
96,0, 0, False, 0
97,0, 0, False, 0
98,0, 0, False, 0
99,0, 0, False, 0
100,0, 0, False, 0
101,0, 0, False, 0
102,0, 0, False, 0
103,0, 0, False, 0
104,0, 0, False, 0
105,0, 0, False, 0
106,0, 0, False, 0
107,0, 0, False, 0
108,0, 0, False, 0
109,0, 0, False, 0
110,0, 0, False, 0
111,0, 0, False, 0
112,0, 0, False, 0
113,0, 0, False, 0
114,0, 0, False, 0
115,0, 0, False, 0
116,0, 0, False, 0
117,0, 0, False, 0
118,0, 0, False, 0
119,0, 0, False, 0
120,0, 0, False, 0
121,0, 0, False, 0
122,0, 0, False, 0
123,0, 0, False, 0
124,0, 0, False, 0
125,0, 0, False, 0
126,0, 0, False, 0
127,0, 0, False, 0
128,0, 0, False, 0
129,0, 0, False, 0
130,0, 0, False, 0
131,0, 0, False, 0
132,0, 0, False, 0
133,0, 0, False, 0
134,0, 0, False, 0
135,0, 0, False, 0
136,0, 0, False, 0
137,0, 0, False, 0
138,0, 0, False, 0
139,0, 0, False, 0
140,0, 0, False, 0
141,0, 0, False, 0
142,0, 0, False, 0
143,0, 0, False, 0
144,0, 0, False, 0
145,0, 0, False, 0
146,0, 0, False, 0
147,0, 0, False, 0
148,0, 0, False, 0
149,0, 0, False, 0
150,0, 0, False, 0
151,0, 0, False, 0
152,0, 0, False, 0
153,0, 0, False, 0
154,0, 0, False, 0
155,0, 0, False, 0
156,0, 0, False, 0
157,0, 0, False, 0
158,0, 0, False, 0
159,0, 0, False, 0
160,0, 0, False, 0
161,0, 0, False, 0
162,0, 0, False, 0
163,0, 0, False, 0
164,0, 0, False, 0
165,0, 0, False, 0
166,0, 0, False, 0
167,0, 0, False, 0
168,0, 0, False, 0
169,0, 0, False, 0
170,0, 0, False, 0
171,0, 0, False, 0
172,0, 0, False, 0
173,0, 0, False, 0
174,0, 0, False, 0
175,0, 0, False, 0
176,0, 0, False, 0
177,0, 0, False, 0
178,0, 0, False, 0
179,0, 0, False, 0
180,0, 0, False, 0
181,0, 0, False, 0
182,0, 0, False, 0
183,0, 0, False, 0
184,0, 0, False, 0
185,0, 0, False, 0
186,0, 0, False, 0
187,0, 0, False, 0
188,0, 0, False, 0
189,0, 0, False, 0
190,0, 0, False, 0
191,0, 0, False, 0
192,0, 0, False, 0
193,0, 0, False, 0
194,0, 0, False, 0
195,0, 0, False, 0
196,0, 0, False, 0
197,0, 0, False, 0
198,0, 0, False, 0
199,0, 0, False, 0
200,0, 0, False, 0
201,0, 0, False, 0
202,0, 0, False, 0
203,0, 0, False, 0
204,0, 0, False, 0
205,0, 0, False, 0
206,0, 0, False, 0
207,0, 0, False, 0
208,0, 0, False, 0
209,0, 0, False, 0
210,0, 0, False, 0
211,0, 0, False, 0
212,0, 0, False, 0
213,0, 0, False, 0
214,0, 0, False, 0
215,0, 0, False, 0
216,0, 0, False, 0
217,0, 0, False, 0
218,0, 0, False, 0
219,0, 0, False, 0
220,0, 0, False, 0
221,0, 0, False, 0
222,0, 0, False, 0
223,0, 0, False, 0
224,0, 0, False, 0
225,0, 0, False, 0
226,0, 0, False, 0
227,0, 0, False, 0
228,0, 0, False, 0
229,0, 0, False, 0
230,0, 0, False, 0
231,0, 0, False, 0
232,0, 0, False, 0
233,0, 0, False, 0
234,0, 0, False, 0
235,0, 0, False, 0
236,0, 0, False, 0
237,0, 0, False, 0
238,0, 0, False, 0
239,0, 0, False, 0
240,0, 0, False, 0
241,0, 0, False, 0
242,0, 0, False, 0
243,0, 0, False, 0
244,0, 0, False, 0
245,0, 0, False, 0
246,0, 0, False, 0
247,0, 0, False, 0
248,0, 0, False, 0
249,0, 0, False, 0
250,0, 0, False, 0
251,0, 0, False, 4
252,0, 0, False, 4
253,0, 0, False, 4
254,0, 0, False, 4
255,0, 0, False, 4
256,0, 0, False, 4
257,0, 0, False, 4
258,0, 0, False, 4
259,0, 0, False, 0
260,0, 0, False, 0
261,0, 0, False, 0
262,0, 0, False, 0
263,0, 0, False, 0
264,0, 0, False, 0
265,0, 0, False, 0
266,0, 0, False, 0
267,0, 0, False, 0
268,0, 0, False, 0
269,0, 0, False, 0
270,10, 10, False, 0
271,0, 10, False, 0
272,0, 10, False, 0
273,0, 10, False, 0
274,0, 10, False, 0
275,0, 10, False, 0
276,0, 10, False, 0
277,0, 10, False, 0
278,0, 10, False, 0
279,0, 10, False, 0
280,0, 10, False, 0
281,0, 10, False, 0
282,0, 10, False, 0
283,0, 10, False, 0
284,10, 20, False, 0
285,0, 20, False, 0
286,0, 20, False, 0
287,0, 20, False, 0
288,0, 20, False, 0
289,0, 20, False, 0
290,0, 20, False, 0
291,0, 20, False, 0
292,0, 20, False, 0
293,0, 20, False, 0
294,0, 20, False, 0
295,0, 20, False, 5
296,0, 20, False, 5
297,0, 20, False, 5
298,10, 30, False, 5
299,0, 30, False, 5
300,0, 30, False, 5
301,0, 30, False, 5
302,0, 30, False, 5
303,0, 30, False, 5
304,0, 30, False, 5
305,0, 30, False, 5
306,0, 30, False, 0
307,0, 30, False, 0
308,0, 30, False, 0
309,0, 30, False, 0
310,10, 40, False, 0
311,0, 40, False, 0
312,0, 40, False, 0
313,0, 40, False, 0
314,0, 40, False, 0
315,0, 40, False, 0
316,0, 40, False, 0
317,0, 40, False, 0
318,0, 40, False, 0
319,0, 40, False, 0
320,0, 40, False, 0
321,0, 40, False, 0
322,0, 40, False, 0
323,0, 40, False, 0
324,10, 50, False, 0
325,0, 50, False, 0
326,0, 50, False, 0
327,0, 50, False, 5
328,0, 50, False, 5
329,0, 50, False, 5
330,0, 50, False, 5
331,0, 50, False, 5
332,0, 50, False, 5
333,0, 50, False, 5
334,0, 50, False, 5
335,0, 50, False, 5
336,0, 50, False, 0
337,0, 50, False, 0
338,10, 60, False, 0
339,0, 60, False, 0
340,0, 60, False, 0
341,0, 60, False, 0
342,0, 60, False, 0
343,0, 60, False, 0
344,0, 60, False, 0
345,0, 60, False, 0
346,0, 60, False, 0
347,0, 60, False, 0
348,0, 60, False, 5
349,0, 60, False, 5
350,0, 60, False, 5
351,0, 60, False, 5
352,0, 60, False, 5
353,0, 60, False, 5
354,0, 60, False, 5
355,0, 60, False, 5
356,10, 70, False, 0
357,0, 70, False, 0
358,0, 70, False, 0
359,0, 70, False, 0
360,0, 70, False, 0
361,0, 70, False, 0
362,0, 70, False, 0
363,0, 70, False, 0
364,0, 70, False, 0
365,0, 70, False, 0
366,0, 70, False, 0
367,0, 70, False, 0
368,0, 70, False, 0
369,0, 70, False, 0
370,10, 80, False, 0
371,0, 80, False, 0
372,0, 80, False, 0
373,0, 80, False, 0
374,0, 80, False, 0
375,0, 80, False, 0
376,0, 80, False, 0
377,0, 80, False, 0
378,0, 80, False, 0
379,0, 80, False, 0
380,0, 80, False, 0
381,0, 80, False, 0
382,0, 80, False, 0
383,0, 80, False, 0
384,10, 90, False, 0
385,0, 90, False, 0
386,0, 90, False, 0
387,0, 90, False, 0
388,0, 90, False, 0
389,0, 90, False, 0
390,0, 90, False, 0
391,0, 90, False, 0
392,0, 90, False, 0
393,0, 90, False, 0
394,0, 90, False, 0
395,0, 90, False, 0
396,0, 90, False, 0
397,0, 90, False, 0
398,10, 100, False, 0
399,0, 100, False, 0
400,0, 100, False, 0
401,0, 100, False, 0
402,0, 100, False, 0
403,0, 100, False, 0
404,0, 100, False, 0
405,0, 100, False, 0
406,0, 100, False, 0
407,0, 100, False, 0
408,0, 100, False, 0
409,0, 100, False, 0
410,0, 100, False, 0
411,0, 100, False, 0
412,10, 110, False, 0
413,0, 110, False, 0
414,0, 110, False, 4
415,0, 110, False, 4
416,0, 110, False, 4
417,0, 110, False, 4
418,0, 110, False, 4
419,0, 110, False, 4
420,0, 110, False, 4
421,0, 110, False, 4
422,0, 110, False, 0
423,0, 110, False, 0
424,0, 110, False, 0
425,0, 110, False, 0
426,0, 110, False, 0
427,0, 110, False, 0
428,10, 120, False, 0
429,0, 120, False, 0
430,0, 120, False, 0
431,0, 120, False, 0
432,0, 120, False, 0
433,0, 120, False, 0
434,0, 120, False, 0
435,0, 120, False, 0
436,0, 120, False, 0
437,0, 120, False, 0
438,0, 120, False, 0
439,0, 120, False, 0
440,0, 120, False, 0
441,0, 120, False, 0
442,10, 130, False, 0
443,0, 130, False, 0
444,0, 130, False, 0
445,0, 130, False, 0
446,0, 130, False, 0
447,0, 130, False, 0
448,0, 130, False, 0
449,0, 130, False, 0
450,0, 130, False, 0
451,0, 130, False, 0
452,0, 130, False, 0
453,0, 130, False, 0
454,10, 140, False, 0
455,0, 140, False, 0
456,0, 140, False, 0
457,0, 140, False, 0
458,0, 140, False, 0
459,0, 140, False, 0
460,0, 140, False, 0
461,0, 140, False, 0
462,0, 140, False, 0
463,0, 140, False, 0
464,0, 140, False, 3
465,0, 140, False, 3
466,0, 140, False, 3
467,0, 140, False, 3
468,0, 140, False, 3
469,0, 140, False, 3
470,0, 140, False, 3
471,0, 140, False, 3
472,0, 140, False, 0
473,0, 140, False, 0
474,0, 140, False, 0
475,0, 140, False, 0
476,0, 140, False, 0
477,0, 140, False, 0
478,0, 140, False, 0
479,0, 140, False, 0
480,0, 140, False, 0
481,0, 140, False, 0
482,0, 140, False, 0
483,0, 140, False, 0
484,0, 140, False, 0
485,0, 140, False, 0
486,0, 140, False, 0
487,0, 140, False, 0
488,0, 140, False, 0
489,0, 140, False, 0
490,0, 140, False, 0
491,0, 140, False, 0
492,0, 140, False, 0
493,0, 140, False, 0
494,0, 140, False, 0
495,0, 140, False, 0
496,0, 140, False, 0
497,0, 140, False, 0
498,0, 140, False, 0
499,0, 140, False, 0
500,0, 140, False, 0
501,0, 140, False, 0
502,0, 140, False, 0
503,0, 140, False, 0
504,10, 150, False, 0
505,0, 150, False, 0
506,0, 150, False, 0
507,0, 150, False, 0
508,0, 150, False, 0
509,0, 150, False, 0
510,0, 150, False, 0
511,0, 150, False, 0
512,0, 150, False, 0
513,0, 150, False, 0
514,0, 150, False, 0
515,0, 150, False, 0
516,0, 150, False, 0
517,0, 150, False, 0
518,10, 160, False, 0
519,0, 160, False, 0
520,0, 160, False, 0
521,0, 160, False, 0
522,0, 160, False, 0
523,0, 160, False, 0
524,0, 160, False, 0
525,0, 160, False, 0
526,0, 160, False, 0
527,0, 160, False, 0
528,0, 160, False, 0
529,0, 160, False, 0
530,10, 170, False, 0
531,0, 170, False, 0
532,0, 170, False, 0
533,0, 170, False, 0
534,0, 170, False, 0
535,0, 170, False, 0
536,0, 170, False, 0
537,0, 170, False, 0
538,0, 170, False, 0
539,0, 170, False, 0
540,0, 170, False, 0
541,0, 170, False, 0
542,0, 170, False, 0
543,0, 170, False, 0
544,10, 180, False, 0
545,0, 180, False, 0
546,0, 180, False, 0
547,0, 180, False, 0
548,0, 180, False, 0
549,0, 180, False, 0
550,0, 180, False, 0
551,0, 180, False, 0
552,0, 180, False, 0
553,0, 180, False, 0
554,0, 180, False, 0
555,0, 180, False, 0
556,0, 180, False, 0
557,0, 180, False, 0
558,10, 190, False, 0
559,0, 190, False, 0
560,0, 190, False, 0
561,0, 190, False, 0
562,0, 190, False, 0
563,0, 190, False, 0
564,0, 190, False, 0
565,0, 190, False, 0
566,0, 190, False, 0
567,0, 190, False, 0
568,0, 190, False, 0
569,0, 190, False, 0
570,0, 190, False, 0
571,0, 190, False, 0
572,0, 190, False, 0
573,0, 190, False, 0
574,0, 190, False, 0
575,0, 190, False, 0
576,10, 200, False, 0
577,0, 200, False, 0
578,0, 200, False, 0
579,0, 200, False, 0
580,0, 200, False, 0
581,0, 200, False, 0
582,0, 200, False, 0
583,0, 200, False, 0
584,0, 200, False, 0
585,0, 200, False, 0
586,0, 200, False, 0
587,0, 200, False, 0
588,0, 200, False, 0
589,0, 200, False, 0
590,10, 210, False, 0
591,0, 210, False, 0
592,0, 210, False, 0
593,0, 210, False, 0
594,0, 210, False, 0
595,0, 210, False, 0
596,0, 210, False, 0
597,0, 210, False, 0
598,0, 210, False, 0
599,0, 210, False, 0
600,0, 210, False, 0
601,0, 210, False, 0
602,10, 220, False, 0
603,0, 220, False, 0
604,0, 220, False, 0
605,0, 220, False, 0
606,0, 220, False, 0
607,0, 220, False, 0
608,0, 220, False, 0
609,0, 220, False, 0
610,0, 220, False, 0
611,0, 220, False, 0
612,0, 220, False, 0
613,0, 220, False, 0
614,0, 220, False, 0
615,0, 220, False, 0
616,10, 230, False, 0
617,0, 230, False, 0
618,0, 230, False, 0
619,0, 230, False, 0
620,0, 230, False, 0
621,0, 230, False, 0
622,0, 230, False, 0
623,0, 230, False, 0
624,0, 230, False, 0
625,0, 230, False, 0
626,0, 230, False, 0
627,0, 230, False, 0
628,0, 230, False, 0
629,0, 230, False, 0
630,10, 240, False, 0
631,0, 240, False, 0
632,0, 240, False, 0
633,0, 240, False, 0
634,0, 240, False, 0
635,0, 240, False, 0
636,0, 240, False, 0
637,0, 240, False, 0
638,0, 240, False, 0
639,0, 240, False, 0
640,0, 240, False, 0
641,0, 240, False, 0
642,10, 250, False, 0
643,0, 250, False, 0
644,0, 250, False, 0
645,0, 250, False, 2
646,0, 250, False, 2
647,0, 250, False, 2
648,0, 250, False, 2
649,0, 250, False, 2
650,0, 250, False, 2
651,0, 250, False, 2
652,0, 250, False, 2
653,0, 250, False, 0
654,0, 250, False, 0
655,0, 250, False, 0
656,0, 250, False, 0
657,0, 250, False, 0
658,0, 250, False, 0
659,0, 250, False, 0
660,10, 260, False, 0
661,0, 260, False, 0
662,0, 260, False, 0
663,0, 260, False, 0
664,0, 260, False, 0
665,0, 260, False, 0
666,0, 260, False, 0
667,0, 260, False, 0
668,0, 260, False, 0
669,0, 260, False, 0
670,0, 260, False, 0
671,0, 260, False, 0
672,0, 260, False, 0
673,0, 260, False, 0
674,10, 270, False, 0
675,0, 270, False, 0
676,0, 270, False, 0
677,0, 270, False, 0
678,0, 270, False, 0
679,0, 270, False, 0
680,0, 270, False, 0
681,0, 270, False, 3
682,0, 270, False, 3
683,0, 270, False, 3
684,0, 270, False, 3
685,0, 270, False, 3
686,0, 270, False, 3
687,0, 270, False, 3
688,10, 280, False, 3
689,0, 280, False, 3
690,0, 280, False, 3
691,0, 280, False, 3
692,0, 280, False, 0
693,0, 280, False, 0
694,0, 280, False, 0
695,0, 280, False, 0
696,0, 280, False, 0
697,0, 280, False, 0
698,10, 290, False, 0
699,0, 290, False, 0
700,0, 290, False, 0
701,0, 290, False, 0
702,0, 290, False, 0
703,0, 290, False, 0
704,0, 290, False, 0
705,0, 290, False, 0
706,0, 290, False, 0
707,0, 290, False, 0
708,0, 290, False, 0
709,0, 290, False, 0
710,10, 300, False, 0
711,0, 300, False, 0
712,0, 300, False, 0
713,0, 300, False, 0
714,0, 300, False, 0
715,0, 300, False, 0
716,0, 300, False, 0
717,0, 300, False, 0
718,0, 300, False, 0
719,0, 300, False, 0
720,0, 300, False, 0
721,0, 300, False, 0
722,0, 300, False, 0
723,0, 300, False, 0
724,10, 310, False, 0
725,0, 310, False, 0
726,0, 310, False, 0
727,0, 310, False, 0
728,0, 310, False, 0
729,0, 310, False, 0
730,0, 310, False, 0
731,0, 310, False, 0
732,0, 310, False, 0
733,0, 310, False, 0
734,0, 310, False, 0
735,0, 310, False, 0
736,0, 310, False, 5
737,0, 310, False, 5
738,0, 310, False, 5
739,0, 310, False, 5
740,0, 310, False, 5
741,0, 310, False, 5
742,0, 310, False, 5
743,0, 310, False, 0
744,10, 320, False, 0
745,0, 320, False, 0
746,0, 320, False, 0
747,0, 320, False, 0
748,0, 320, False, 0
749,0, 320, False, 0
750,0, 320, False, 0
751,0, 320, False, 0
752,0, 320, False, 0
753,0, 320, False, 0
754,0, 320, False, 0
755,0, 320, False, 0
756,0, 320, False, 0
757,0, 320, False, 0
758,50, 370, False, 0
759,0, 370, False, 0
760,0, 370, False, 0
761,0, 370, False, 0
762,0, 370, False, 0
763,0, 370, False, 0
764,0, 370, False, 0
765,0, 370, False, 0
766,0, 370, False, 0
767,0, 370, False, 0
768,0, 370, False, 0
769,0, 370, False, 0
770,10, 380, False, 0
771,0, 380, False, 0
772,0, 380, False, 0
773,0, 380, False, 0
774,0, 380, False, 0
775,0, 380, False, 4
776,0, 380, False, 4
777,0, 380, False, 4
778,0, 380, False, 4
779,0, 380, False, 4
780,0, 380, False, 4
781,0, 380, False, 4
782,0, 380, False, 4
783,0, 380, False, 4
784,0, 380, False, 4
785,0, 380, False, 4
786,10, 390, False, 4
787,0, 390, False, 4
788,0, 390, False, 4
789,0, 390, False, 0
790,0, 390, False, 0
791,0, 390, False, 0
792,0, 390, False, 0
793,0, 390, False, 0
794,0, 390, False, 0
795,0, 390, False, 0
796,0, 390, False, 0
797,0, 390, False, 0
798,10, 400, False, 0
799,0, 400, False, 0
800,0, 400, False, 0
801,0, 400, False, 0
802,0, 400, False, 0
803,0, 400, False, 0
804,0, 400, False, 0
805,0, 400, False, 0
806,0, 400, False, 0
807,0, 400, False, 0
808,0, 400, False, 2
809,0, 400, False, 2
810,0, 400, False, 2
811,0, 400, False, 2
812,0, 400, False, 2
813,0, 400, False, 2
814,0, 400, False, 2
815,0, 400, False, 2
816,0, 400, False, 2
817,0, 400, False, 2
818,0, 400, False, 0
819,0, 400, False, 0
820,0, 400, False, 0
821,0, 400, False, 0
822,0, 400, False, 0
823,0, 400, False, 0
824,0, 400, False, 0
825,0, 400, False, 0
826,0, 400, False, 0
827,0, 400, False, 0
828,0, 400, False, 0
829,0, 400, False, 0
830,0, 400, False, 0
831,0, 400, False, 0
832,0, 400, False, 0
833,0, 400, False, 0
834,0, 400, False, 0
835,0, 400, False, 0
836,0, 400, False, 0
837,0, 400, False, 0
838,0, 400, False, 0
839,0, 400, False, 0
840,0, 400, False, 0
841,0, 400, False, 0
842,0, 400, False, 0
843,0, 400, False, 0
844,0, 400, False, 0
845,0, 400, False, 0
846,0, 400, False, 0
847,0, 400, False, 0
848,0, 400, False, 0
849,0, 400, False, 0
850,0, 400, False, 0
851,0, 400, False, 0
852,0, 400, False, 0
853,0, 400, False, 0
854,0, 400, False, 0
855,0, 400, False, 0
856,0, 400, False, 0
857,0, 400, False, 0
858,0, 400, False, 0
859,0, 400, False, 0
860,0, 400, False, 0
861,0, 400, False, 0
862,10, 410, False, 0
863,0, 410, False, 0
864,0, 410, False, 0
865,0, 410, False, 0
866,0, 410, False, 0
867,0, 410, False, 4
868,0, 410, False, 4
869,0, 410, False, 4
870,0, 410, False, 4
871,0, 410, False, 4
872,0, 410, False, 4
873,0, 410, False, 4
874,0, 410, False, 4
875,0, 410, False, 4
876,10, 420, False, 4
877,0, 420, False, 0
878,0, 420, False, 0
879,0, 420, False, 0
880,0, 420, False, 0
881,0, 420, False, 0
882,0, 420, False, 0
883,0, 420, False, 0
884,0, 420, False, 0
885,0, 420, False, 0
886,10, 430, False, 0
887,0, 430, False, 0
888,0, 430, False, 0
889,0, 430, False, 0
890,0, 430, False, 0
891,0, 430, False, 0
892,0, 430, False, 0
893,0, 430, False, 0
894,0, 430, False, 0
895,0, 430, False, 0
896,0, 430, False, 0
897,0, 430, False, 0
898,0, 430, False, 0
899,0, 430, False, 0
900,10, 440, False, 0
901,0, 440, False, 0
902,0, 440, False, 0
903,0, 440, False, 0
904,0, 440, False, 0
905,0, 440, False, 0
906,0, 440, False, 0
907,0, 440, False, 0
908,0, 440, False, 0
909,0, 440, False, 0
910,0, 440, False, 0
911,0, 440, False, 0
912,0, 440, False, 0
913,0, 440, False, 0
914,10, 450, False, 0
915,0, 450, False, 0
916,0, 450, False, 0
917,0, 450, False, 0
918,0, 450, False, 0
919,0, 450, False, 0
920,0, 450, False, 0
921,0, 450, False, 0
922,0, 450, False, 0
923,0, 450, False, 0
924,0, 450, False, 0
925,0, 450, False, 0
926,10, 460, False, 0
927,0, 460, False, 0
928,0, 460, False, 0
929,0, 460, False, 0
930,0, 460, False, 0
931,0, 460, False, 0
932,0, 460, False, 0
933,0, 460, False, 0
934,0, 460, False, 0
935,0, 460, False, 0
936,0, 460, False, 0
937,0, 460, False, 0
938,0, 460, False, 0
939,0, 460, False, 0
940,10, 470, False, 0
941,0, 470, False, 0
942,0, 470, False, 0
943,0, 470, False, 5
944,0, 470, False, 5
945,0, 470, False, 5
946,0, 470, False, 5
947,0, 470, False, 5
948,0, 470, False, 0
949,0, 470, False, 0
950,0, 470, False, 0
951,0, 470, False, 3
952,0, 470, False, 3
953,0, 470, False, 3
954,0, 470, False, 3
955,0, 470, False, 3
956,0, 470, False, 3
957,0, 470, False, 3
958,0, 470, False, 3
959,0, 470, False, 3
960,0, 470, False, 3
961,0, 470, False, 3
962,0, 470, False, 3
963,0, 470, False, 0
964,0, 470, False, 0
965,0, 470, False, 0
966,0, 470, False, 0
967,0, 470, False, 0
968,0, 470, False, 0
969,0, 470, False, 0
970,0, 470, False, 0
971,0, 470, False, 5
972,0, 470, False, 5
973,0, 470, False, 5
974,0, 470, False, 5
975,0, 470, False, 5
976,0, 470, False, 5
977,0, 470, False, 5
978,0, 470, False, 5
979,0, 470, False, 5
980,0, 470, False, 5
981,0, 470, False, 5
982,0, 470, False, 5
983,0, 470, False, 5
984,0, 470, False, 0
985,0, 470, False, 0
986,0, 470, False, 0
987,0, 470, False, 0
988,0, 470, False, 0
989,0, 470, False, 0
990,0, 470, False, 0
991,0, 470, False, 0
992,0, 470, False, 0
993,0, 470, False, 0
994,0, 470, False, 0
995,0, 470, False, 0
996,0, 470, False, 0
997,0, 470, False, 0
998,0, 470, False, 0
999,0, 470, False, 0
1000,0, 470, False, 0
1001,0, 470, False, 0
1002,0, 470, False, 0
1003,0, 470, False, 0
1004,0, 470, False, 5
1005,0, 470, False, 5
1006,0, 470, False, 5
1007,0, 470, False, 5
1008,0, 470, False, 5
1009,0, 470, False, 5
1010,0, 470, False, 5
1011,0, 470, False, 5
1012,0, 470, False, 5
1013,0, 470, False, 0
1014,0, 470, False, 0
1015,0, 470, False, 4
1016,0, 470, False, 4
1017,0, 470, False, 4
1018,0, 470, False, 4
1019,0, 470, False, 4
1020,0, 470, False, 4
1021,0, 470, False, 4
1022,0, 470, False, 4
1023,0, 470, False, 4
1024,0, 470, False, 4
1025,0, 470, False, 0
1026,0, 470, False, 0
1027,0, 470, False, 0
1028,0, 470, False, 0
1029,0, 470, False, 5
1030,0, 470, False, 5
1031,0, 470, False, 5
1032,0, 470, False, 5
1033,0, 470, False, 5
1034,0, 470, False, 5
1035,0, 470, False, 5
1036,0, 470, False, 5
1037,0, 470, False, 5
1038,0, 470, False, 5
1039,0, 470, False, 5
1040,0, 470, False, 0
1041,0, 470, False, 0
1042,0, 470, False, 0
1043,0, 470, False, 0
1044,0, 470, False, 0
1045,0, 470, False, 0
1046,0, 470, False, 0
1047,0, 470, False, 0
1048,0, 470, False, 0
1049,0, 470, False, 0
1050,0, 470, False, 0
1051,0, 470, False, 0
1052,0, 470, False, 0
1053,0, 470, False, 0
1054,0, 470, False, 0
1055,0, 470, False, 0
1056,0, 470, False, 0
1057,0, 470, False, 0
1058,0, 470, False, 0
1059,0, 470, False, 0
1060,0, 470, False, 0
1061,0, 470, False, 0
1062,0, 470, False, 0
1063,0, 470, False, 4
1064,0, 470, False, 4
1065,0, 470, False, 4
1066,0, 470, False, 4
1067,0, 470, False, 4
1068,0, 470, False, 4
1069,0, 470, False, 4
1070,0, 470, False, 4
1071,0, 470, False, 0
1072,0, 470, False, 0
1073,0, 470, False, 0
1074,0, 470, False, 0
1075,0, 470, False, 0
1076,0, 470, False, 0
1077,0, 470, False, 0
1078,0, 470, False, 0
1079,0, 470, False, 0
1080,0, 470, False, 0
1081,0, 470, False, 0
1082,0, 470, False, 0
1083,0, 470, False, 0
1084,0, 470, False, 0
1085,0, 470, False, 0
1086,0, 470, False, 0
1087,0, 470, False, 0
1088,0, 470, False, 0
1089,0, 470, False, 0
1090,0, 470, False, 0
1091,0, 470, False, 0
1092,0, 470, False, 0
1093,0, 470, False, 0
1094,0, 470, False, 0
1095,0, 470, False, 0
1096,0, 470, False, 4
1097,0, 470, False, 4
1098,0, 470, False, 4
1099,0, 470, False, 4
1100,0, 470, False, 4
1101,0, 470, False, 4
1102,0, 470, False, 4
1103,0, 470, False, 4
1104,0, 470, False, 4
1105,0, 470, False, 4
1106,0, 470, False, 4
1107,0, 470, False, 0
1108,0, 470, False, 0
1109,0, 470, False, 0
1110,0, 470, False, 0
1111,0, 470, False, 0
1112,0, 470, False, 0
1113,0, 470, False, 0
1114,0, 470, False, 0
1115,0, 470, False, 0
1116,0, 470, False, 0
1117,0, 470, False, 0
1118,0, 470, False, 0
1119,0, 470, False, 0
1120,0, 470, False, 0
1121,0, 470, False, 0
1122,0, 470, False, 0
1123,0, 470, False, 0
1124,0, 470, False, 0
1125,0, 470, False, 0
1126,0, 470, False, 0
1127,0, 470, False, 0
1128,0, 470, False, 0
1129,0, 470, False, 0
1130,0, 470, False, 0
1131,0, 470, False, 0
1132,0, 470, False, 0
1133,0, 470, False, 0
1134,0, 470, False, 2
1135,0, 470, False, 2
1136,0, 470, False, 2
1137,0, 470, False, 2
1138,0, 470, False, 2
1139,0, 470, False, 2
1140,0, 470, False, 2
1141,0, 470, False, 2
1142,0, 470, False, 2
1143,0, 470, False, 2
1144,0, 470, False, 2
1145,0, 470, False, 2
1146,0, 470, False, 2
1147,0, 470, False, 2
1148,0, 470, False, 2
1149,0, 470, False, 2
1150,10, 480, False, 2
1151,0, 480, False, 2
1152,0, 480, False, 2
1153,0, 480, False, 2
1154,0, 480, False, 2
1155,0, 480, False, 0
1156,0, 480, False, 0
1157,0, 480, False, 0
1158,0, 480, False, 0
1159,0, 480, False, 0
1160,0, 480, False, 3
1161,0, 480, False, 3
1162,0, 480, False, 3
1163,0, 480, False, 3
1164,10, 490, False, 3
1165,0, 490, False, 3
1166,0, 490, False, 3
1167,0, 490, False, 3
1168,0, 490, False, 3
1169,0, 490, False, 3
1170,0, 490, False, 3
1171,0, 490, False, 3
1172,0, 490, False, 3
1173,0, 490, False, 3
1174,10, 500, False, 3
1175,0, 500, False, 3
1176,0, 500, False, 3
1177,0, 500, False, 3
1178,0, 500, False, 3
1179,0, 500, False, 3
1180,0, 500, False, 3
1181,0, 500, False, 3
1182,0, 500, False, 3
1183,0, 500, False, 3
1184,0, 500, False, 3
1185,0, 500, False, 3
1186,0, 500, False, 3
1187,0, 500, False, 3
1188,10, 510, False, 3
1189,0, 510, False, 2
1190,0, 510, False, 2
1191,0, 510, False, 2
1192,0, 510, False, 2
1193,0, 510, False, 2
1194,0, 510, False, 2
1195,0, 510, False, 2
1196,0, 510, False, 2
1197,0, 510, False, 2
1198,0, 510, False, 2
1199,0, 510, False, 2
1200,0, 510, False, 2
1201,0, 510, False, 2
1202,0, 510, False, 2
1203,0, 510, False, 2
1204,0, 510, False, 2
1205,0, 510, False, 2
1206,10, 520, False, 2
1207,0, 520, False, 2
1208,0, 520, False, 2
1209,0, 520, False, 2
1210,0, 520, False, 2
1211,0, 520, False, 2
1212,0, 520, False, 2
1213,0, 520, False, 2
1214,0, 520, False, 4
1215,0, 520, False, 4
1216,0, 520, False, 4
1217,0, 520, False, 4
1218,0, 520, False, 4
1219,0, 520, False, 4
1220,10, 530, False, 4
1221,0, 530, False, 4
1222,0, 530, False, 4
1223,0, 530, False, 4
1224,0, 530, False, 4
1225,0, 530, False, 4
1226,0, 530, False, 4
1227,0, 530, False, 4
1228,0, 530, False, 4
1229,0, 530, False, 4
1230,0, 530, False, 4
1231,0, 530, False, 4
1232,0, 530, False, 4
1233,0, 530, False, 4
1234,0, 530, False, 4
1235,0, 530, False, 4
1236,0, 530, False, 4
1237,0, 530, False, 4
1238,0, 530, False, 4
1239,0, 530, False, 4
1240,0, 530, False, 4
1241,0, 530, False, 4
1242,0, 530, False, 4
1243,0, 530, False, 4
1244,0, 530, False, 4
1245,0, 530, False, 4
1246,0, 530, False, 4
1247,0, 530, False, 4
1248,0, 530, False, 4
1249,0, 530, False, 4
1250,0, 530, False, 4
1251,0, 530, False, 4
1252,0, 530, False, 9
1253,0, 530, False, 9
1254,0, 530, False, 5
1255,0, 530, False, 5
1256,0, 530, False, 5
1257,0, 530, False, 5
1258,0, 530, False, 5
1259,0, 530, False, 5
1260,0, 530, False, 5
1261,0, 530, False, 5
1262,10, 540, False, 5
1263,0, 540, False, 5
1264,0, 540, False, 5
1265,0, 540, False, 5
1266,0, 540, False, 5
1267,0, 540, False, 5
1268,0, 540, False, 5
1269,0, 540, False, 5
1270,0, 540, False, 5
1271,0, 540, False, 5
1272,0, 540, False, 5
1273,0, 540, False, 5
1274,0, 540, False, 5
1275,0, 540, False, 5
1276,10, 550, False, 5
1277,0, 550, False, 9
1278,0, 550, False, 4
1279,0, 550, False, 4
1280,0, 550, False, 4
1281,0, 550, False, 4
1282,0, 550, False, 4
1283,0, 550, False, 4
1284,0, 550, False, 4
1285,0, 550, False, 4
1286,0, 550, False, 4
1287,0, 550, False, 4
1288,0, 550, False, 4
1289,0, 550, False, 4
1290,0, 550, False, 4
1291,0, 550, False, 4
1292,10, 560, False, 4
1293,0, 560, False, 4
1294,0, 560, False, 4
1295,0, 560, False, 4
1296,0, 560, False, 4
1297,0, 560, False, 4
1298,0, 560, False, 4
1299,0, 560, False, 4
1300,0, 560, False, 4
1301,0, 560, False, 4
1302,0, 560, False, 4
1303,0, 560, False, 4
1304,0, 560, False, 4
1305,0, 560, False, 4
1306,0, 560, False, 4
1307,0, 560, False, 4
1308,0, 560, False, 4
1309,0, 560, False, 4
1310,10, 570, False, 4
1311,0, 570, False, 4
1312,0, 570, False, 4
1313,0, 570, False, 4
1314,0, 570, False, 4
1315,0, 570, False, 4
1316,0, 570, False, 4
1317,0, 570, False, 4
1318,0, 570, False, 4
1319,0, 570, False, 4
1320,0, 570, False, 4
1321,0, 570, False, 4
1322,0, 570, False, 4
1323,0, 570, False, 4
1324,10, 580, False, 4
1325,0, 580, False, 4
1326,0, 580, False, 4
1327,0, 580, False, 4
1328,0, 580, False, 4
1329,0, 580, False, 4
1330,0, 580, False, 4
1331,0, 580, False, 5
1332,0, 580, False, 5
1333,0, 580, False, 5
1334,0, 580, False, 5
1335,0, 580, False, 5
1336,0, 580, False, 5
1337,0, 580, False, 5
1338,10, 590, False, 5
1339,0, 590, False, 5
1340,0, 590, False, 5
1341,0, 590, False, 5
1342,0, 590, False, 5
1343,0, 590, False, 5
1344,0, 590, False, 5
1345,0, 590, False, 5
1346,0, 590, False, 5
1347,0, 590, False, 5
1348,0, 590, False, 5
1349,0, 590, False, 5
1350,0, 590, False, 5
1351,0, 590, False, 5
1352,10, 600, False, 5
1353,0, 600, False, 5
1354,0, 600, False, 5
1355,0, 600, False, 5
1356,0, 600, False, 5
1357,0, 600, False, 5
1358,0, 600, False, 9
1359,0, 600, False, 4
1360,0, 600, False, 4
1361,0, 600, False, 4
1362,0, 600, False, 4
1363,0, 600, False, 4
1364,0, 600, False, 4
1365,0, 600, False, 4
1366,0, 600, False, 4
1367,0, 600, False, 4
1368,0, 600, False, 4
1369,0, 600, False, 4
1370,0, 600, False, 4
1371,0, 600, False, 4
1372,0, 600, False, 4
1373,0, 600, False, 4
1374,0, 600, False, 4
1375,0, 600, False, 4
1376,0, 600, False, 4
1377,0, 600, False, 4
1378,0, 600, False, 4
1379,0, 600, False, 4
1380,0, 600, False, 4
1381,0, 600, False, 4
1382,0, 600, False, 4
1383,0, 600, False, 4
1384,0, 600, False, 4
1385,0, 600, False, 4
1386,0, 600, False, 4
1387,0, 600, False, 4
1388,0, 600, False, 4
1389,0, 600, False, 4
1390,0, 600, False, 4
1391,0, 600, False, 4
1392,0, 600, False, 4
1393,0, 600, False, 4
1394,0, 600, False, 4
1395,0, 600, False, 4
1396,0, 600, False, 4
1397,0, 600, False, 4
1398,0, 600, False, 4
1399,0, 600, False, 4
1400,0, 600, False, 4
1401,0, 600, False, 4
1402,0, 600, False, 4
1403,0, 600, False, 4
1404,0, 600, False, 4
1405,0, 600, False, 4
1406,0, 600, False, 4
1407,0, 600, False, 4
1408,0, 600, False, 4
1409,0, 600, False, 4
1410,0, 600, False, 4
1411,0, 600, False, 4
1412,0, 600, False, 4
1413,0, 600, False, 4
1414,0, 600, False, 4
1415,0, 600, False, 4
1416,0, 600, False, 4
1417,0, 600, False, 4
1418,0, 600, False, 4
1419,0, 600, False, 4
1420,0, 600, False, 4
1421,0, 600, False, 4
1422,0, 600, False, 4
1423,0, 600, False, 4
1424,0, 600, False, 4
1425,0, 600, False, 4
1426,0, 600, False, 4
1427,0, 600, False, 4
1428,0, 600, False, 4
1429,0, 600, False, 4
1430,0, 600, False, 4
1431,0, 600, False, 0
1432,0, 600, False, 0
1433,0, 600, False, 3
1434,0, 600, False, 3
1435,0, 600, False, 3
1436,0, 600, False, 3
1437,0, 600, False, 3
1438,0, 600, False, 3
1439,0, 600, False, 3
1440,0, 600, False, 3
1441,0, 600, False, 3
1442,0, 600, False, 3
1443,0, 600, False, 3
1444,0, 600, False, 3
1445,0, 600, False, 3
1446,0, 600, False, 3
1447,0, 600, False, 3
1448,0, 600, False, 3
1449,0, 600, False, 3
1450,0, 600, False, 3
1451,0, 600, False, 3
1452,0, 600, False, 3
1453,0, 600, False, 3
1454,0, 600, False, 3
1455,0, 600, False, 3
1456,0, 600, False, 0
1457,0, 600, False, 0
1458,0, 600, False, 0
1459,0, 600, False, 0
1460,0, 600, False, 2
1461,0, 600, False, 2
1462,0, 600, False, 2
1463,0, 600, False, 2
1464,0, 600, False, 2
1465,0, 600, False, 2
1466,0, 600, False, 2
1467,0, 600, False, 2
1468,0, 600, False, 2
1469,0, 600, False, 2
1470,0, 600, False, 2
1471,0, 600, False, 2
1472,0, 600, False, 2
1473,0, 600, False, 2
1474,0, 600, False, 2
1475,0, 600, False, 2
1476,0, 600, False, 2
1477,0, 600, False, 2
1478,0, 600, False, 2
1479,0, 600, False, 2
1480,0, 600, False, 2
1481,0, 600, False, 2
1482,0, 600, False, 2
1483,0, 600, False, 2
1484,0, 600, False, 2
1485,0, 600, False, 2
1486,0, 600, False, 2
1487,0, 600, False, 2
1488,0, 600, False, 2
1489,0, 600, False, 2
1490,0, 600, False, 2
1491,0, 600, False, 2
1492,0, 600, False, 2
1493,0, 600, False, 2
1494,0, 600, False, 2
1495,0, 600, False, 2
1496,0, 600, False, 2
1497,0, 600, False, 2
1498,0, 600, False, 2
1499,0, 600, False, 2
1500,0, 600, False, 2
1501,0, 600, False, 2
1502,0, 600, False, 2
1503,0, 600, False, 2
1504,0, 600, False, 2
1505,0, 600, False, 2
1506,0, 600, False, 2
1507,0, 600, False, 2
1508,0, 600, False, 2
1509,0, 600, False, 2
1510,0, 600, False, 2
1511,0, 600, False, 2
1512,0, 600, False, 2
1513,0, 600, False, 2
1514,0, 600, False, 2
1515,0, 600, False, 2
1516,0, 600, False, 2
1517,0, 600, False, 2
1518,0, 600, False, 2
1519,0, 600, False, 2
1520,0, 600, False, 2
1521,0, 600, False, 2
1522,0, 600, False, 2
1523,0, 600, False, 2
1524,0, 600, False, 2
1525,0, 600, False, 2
1526,0, 600, False, 2
1527,0, 600, False, 2
1528,0, 600, False, 2
1529,0, 600, False, 2
1530,0, 600, False, 2
1531,0, 600, False, 2
1532,0, 600, False, 2
1533,0, 600, False, 2
1534,0, 600, False, 2
1535,0, 600, False, 2
1536,0, 600, False, 2
1537,0, 600, False, 2
1538,0, 600, False, 2
1539,0, 600, False, 2
1540,0, 600, False, 2
1541,0, 600, False, 2
1542,0, 600, False, 2
1543,0, 600, False, 2
1544,0, 600, False, 2
1545,0, 600, False, 2
1546,0, 600, False, 2
1547,0, 600, False, 0
1548,0, 600, False, 0
1549,0, 600, False, 0
1550,0, 600, False, 0
1551,0, 600, False, 0
1552,0, 600, False, 0
1553,0, 600, False, 0
1554,0, 600, False, 0
1555,0, 600, False, 0
1556,0, 600, False, 0
1557,0, 600, False, 0
1558,0, 600, False, 0
1559,0, 600, False, 0
1560,0, 600, False, 0
1561,0, 600, False, 0
1562,0, 600, False, 0
1563,0, 600, False, 0
1564,0, 600, False, 0
1565,0, 600, False, 0
1566,0, 600, False, 0
1567,0, 600, False, 0
1568,0, 600, False, 0
1569,0, 600, False, 0
1570,0, 600, False, 0
1571,0, 600, False, 0
1572,0, 600, False, 0
1573,0, 600, False, 0
1574,0, 600, False, 0
1575,0, 600, False, 0
1576,0, 600, False, 0
1577,0, 600, False, 0
1578,0, 600, False, 0
1579,0, 600, False, 0
1580,0, 600, False, 0
1581,0, 600, False, 0
1582,0, 600, False, 0
1583,0, 600, False, 0
1584,0, 600, False, 0
1585,0, 600, False, 0
1586,0, 600, False, 0
1587,0, 600, False, 0
1588,0, 600, False, 0
1589,0, 600, False, 0
1590,0, 600, False, 0
1591,0, 600, False, 0
1592,0, 600, False, 0
1593,0, 600, False, 0
1594,0, 600, False, 0
1595,0, 600, False, 0
1596,0, 600, False, 0
1597,0, 600, False, 0
1598,0, 600, False, 0
1599,0, 600, False, 0
1600,0, 600, False, 0
1601,0, 600, False, 0
1602,0, 600, False, 0
1603,0, 600, False, 0
1604,0, 600, False, 0
1605,0, 600, False, 0
1606,0, 600, False, 0
1607,0, 600, False, 0
1608,0, 600, False, 0
1609,0, 600, False, 0
1610,0, 600, False, 0
1611,0, 600, False, 0
1612,0, 600, False, 0
1613,0, 600, False, 0
1614,0, 600, False, 0
1615,0, 600, False, 0
1616,0, 600, False, 0
1617,0, 600, False, 0
1618,0, 600, False, 0
1619,0, 600, False, 0
1620,0, 600, False, 0
1621,0, 600, False, 0
1622,0, 600, False, 0
1623,0, 600, False, 0
1624,0, 600, False, 0
1625,0, 600, False, 0
1626,0, 600, False, 0
1627,0, 600, False, 0
1628,0, 600, False, 0
1629,0, 600, False, 0
1630,0, 600, False, 0
1631,0, 600, False, 0
1632,0, 600, False, 0
1633,0, 600, False, 0
1634,0, 600, False, 0
1635,0, 600, False, 0
1636,0, 600, False, 0
1637,0, 600, False, 0
1638,0, 600, False, 0
1639,0, 600, False, 0
1640,0, 600, False, 0
1641,0, 600, False, 0
1642,0, 600, False, 0
1643,0, 600, False, 0
1644,0, 600, False, 0
1645,0, 600, False, 0
1646,0, 600, False, 0
1647,0, 600, False, 0
1648,0, 600, False, 0
1649,0, 600, False, 0
1650,0, 600, False, 0
1651,0, 600, False, 0
1652,0, 600, False, 0
1653,0, 600, False, 0
1654,0, 600, False, 0
1655,0, 600, False, 0
1656,0, 600, False, 0
1657,0, 600, False, 0
1658,0, 600, False, 0
1659,0, 600, False, 0
1660,0, 600, False, 0
1661,0, 600, False, 0
1662,0, 600, False, 0
1663,0, 600, False, 0
1664,0, 600, False, 0
1665,0, 600, False, 0
1666,0, 600, False, 0
1667,0, 600, False, 0
1668,0, 600, False, 0
1669,0, 600, False, 0
1670,0, 600, False, 0
1671,0, 600, False, 0
1672,0, 600, False, 0
1673,0, 600, False, 0
1674,0, 600, False, 0
1675,0, 600, False, 0
1676,0, 600, False, 0
1677,0, 600, False, 0
1678,0, 600, False, 0
1679,0, 600, False, 0
1680,0, 600, False, 0
1681,0, 600, False, 0
1682,0, 600, False, 0
1683,0, 600, False, 0
1684,0, 600, False, 0
1685,0, 600, False, 0
1686,0, 600, False, 0
