db traj id : 1367
frame,reward,score,terminal, action
0,0, 0, False, 0
1,0, 0, False, 0
2,0, 0, False, 0
3,0, 0, False, 0
4,0, 0, False, 0
5,0, 0, False, 0
6,0, 0, False, 0
7,0, 0, False, 0
8,0, 0, False, 0
9,0, 0, False, 0
10,0, 0, False, 0
11,0, 0, False, 0
12,0, 0, False, 0
13,0, 0, False, 0
14,0, 0, False, 0
15,0, 0, False, 0
16,0, 0, False, 0
17,0, 0, False, 0
18,0, 0, False, 0
19,0, 0, False, 0
20,0, 0, False, 0
21,0, 0, False, 0
22,0, 0, False, 0
23,0, 0, False, 0
24,0, 0, False, 0
25,0, 0, False, 0
26,0, 0, False, 0
27,0, 0, False, 0
28,0, 0, False, 0
29,0, 0, False, 0
30,0, 0, False, 0
31,0, 0, False, 0
32,0, 0, False, 0
33,0, 0, False, 0
34,0, 0, False, 0
35,0, 0, False, 0
36,0, 0, False, 0
37,0, 0, False, 0
38,0, 0, False, 0
39,0, 0, False, 0
40,0, 0, False, 0
41,0, 0, False, 0
42,0, 0, False, 4
43,0, 0, False, 4
44,0, 0, False, 4
45,0, 0, False, 4
46,0, 0, False, 4
47,0, 0, False, 4
48,0, 0, False, 4
49,0, 0, False, 4
50,0, 0, False, 4
51,0, 0, False, 4
52,0, 0, False, 4
53,0, 0, False, 4
54,0, 0, False, 4
55,0, 0, False, 4
56,0, 0, False, 4
57,0, 0, False, 0
58,0, 0, False, 0
59,0, 0, False, 0
60,0, 0, False, 0
61,0, 0, False, 0
62,0, 0, False, 0
63,0, 0, False, 0
64,0, 0, False, 0
65,0, 0, False, 0
66,0, 0, False, 0
67,0, 0, False, 0
68,0, 0, False, 0
69,0, 0, False, 0
70,0, 0, False, 0
71,0, 0, False, 0
72,0, 0, False, 0
73,0, 0, False, 0
74,0, 0, False, 0
75,0, 0, False, 0
76,0, 0, False, 0
77,0, 0, False, 0
78,0, 0, False, 0
79,0, 0, False, 0
80,0, 0, False, 0
81,0, 0, False, 0
82,0, 0, False, 0
83,0, 0, False, 0
84,0, 0, False, 0
85,0, 0, False, 0
86,0, 0, False, 0
87,0, 0, False, 0
88,0, 0, False, 0
89,0, 0, False, 0
90,0, 0, False, 0
91,0, 0, False, 0
92,0, 0, False, 0
93,0, 0, False, 0
94,0, 0, False, 0
95,0, 0, False, 0
96,0, 0, False, 0
97,0, 0, False, 0
98,0, 0, False, 0
99,0, 0, False, 0
100,0, 0, False, 0
101,0, 0, False, 0
102,0, 0, False, 0
103,0, 0, False, 0
104,0, 0, False, 0
105,0, 0, False, 0
106,0, 0, False, 0
107,0, 0, False, 0
108,0, 0, False, 0
109,0, 0, False, 0
110,0, 0, False, 0
111,0, 0, False, 0
112,0, 0, False, 0
113,0, 0, False, 0
114,0, 0, False, 0
115,0, 0, False, 0
116,0, 0, False, 0
117,0, 0, False, 0
118,0, 0, False, 0
119,0, 0, False, 0
120,0, 0, False, 0
121,0, 0, False, 0
122,0, 0, False, 0
123,0, 0, False, 0
124,0, 0, False, 0
125,0, 0, False, 0
126,0, 0, False, 0
127,0, 0, False, 0
128,0, 0, False, 0
129,0, 0, False, 0
130,0, 0, False, 0
131,0, 0, False, 0
132,0, 0, False, 0
133,0, 0, False, 0
134,0, 0, False, 0
135,0, 0, False, 0
136,0, 0, False, 0
137,0, 0, False, 0
138,0, 0, False, 0
139,0, 0, False, 0
140,0, 0, False, 0
141,0, 0, False, 0
142,0, 0, False, 0
143,0, 0, False, 0
144,0, 0, False, 0
145,0, 0, False, 0
146,0, 0, False, 0
147,0, 0, False, 0
148,0, 0, False, 0
149,0, 0, False, 0
150,0, 0, False, 0
151,0, 0, False, 0
152,0, 0, False, 0
153,0, 0, False, 0
154,0, 0, False, 0
155,0, 0, False, 0
156,0, 0, False, 0
157,0, 0, False, 0
158,0, 0, False, 0
159,0, 0, False, 0
160,0, 0, False, 0
161,0, 0, False, 0
162,0, 0, False, 0
163,0, 0, False, 0
164,0, 0, False, 0
165,0, 0, False, 0
166,0, 0, False, 0
167,0, 0, False, 0
168,0, 0, False, 0
169,0, 0, False, 0
170,0, 0, False, 0
171,0, 0, False, 0
172,0, 0, False, 0
173,0, 0, False, 0
174,0, 0, False, 0
175,0, 0, False, 0
176,0, 0, False, 0
177,0, 0, False, 0
178,0, 0, False, 0
179,0, 0, False, 0
180,0, 0, False, 0
181,0, 0, False, 0
182,0, 0, False, 0
183,0, 0, False, 0
184,0, 0, False, 0
185,0, 0, False, 0
186,0, 0, False, 0
187,0, 0, False, 0
188,0, 0, False, 0
189,0, 0, False, 0
190,0, 0, False, 0
191,0, 0, False, 0
192,0, 0, False, 0
193,0, 0, False, 0
194,0, 0, False, 0
195,0, 0, False, 0
196,0, 0, False, 0
197,0, 0, False, 0
198,0, 0, False, 0
199,0, 0, False, 0
200,0, 0, False, 0
201,0, 0, False, 0
202,0, 0, False, 0
203,0, 0, False, 0
204,0, 0, False, 0
205,0, 0, False, 0
206,0, 0, False, 0
207,0, 0, False, 0
208,0, 0, False, 0
209,0, 0, False, 0
210,0, 0, False, 0
211,0, 0, False, 0
212,0, 0, False, 0
213,0, 0, False, 0
214,0, 0, False, 0
215,0, 0, False, 0
216,0, 0, False, 0
217,0, 0, False, 0
218,0, 0, False, 0
219,0, 0, False, 0
220,0, 0, False, 0
221,0, 0, False, 0
222,0, 0, False, 0
223,0, 0, False, 0
224,0, 0, False, 0
225,0, 0, False, 0
226,0, 0, False, 0
227,0, 0, False, 0
228,0, 0, False, 4
229,0, 0, False, 4
230,0, 0, False, 4
231,0, 0, False, 4
232,0, 0, False, 4
233,0, 0, False, 4
234,0, 0, False, 4
235,0, 0, False, 4
236,0, 0, False, 4
237,0, 0, False, 4
238,0, 0, False, 4
239,0, 0, False, 4
240,0, 0, False, 4
241,0, 0, False, 4
242,0, 0, False, 4
243,0, 0, False, 4
244,0, 0, False, 4
245,0, 0, False, 4
246,0, 0, False, 4
247,0, 0, False, 4
248,0, 0, False, 4
249,0, 0, False, 4
250,0, 0, False, 4
251,0, 0, False, 4
252,0, 0, False, 4
253,0, 0, False, 4
254,0, 0, False, 4
255,0, 0, False, 4
256,0, 0, False, 4
257,0, 0, False, 4
258,0, 0, False, 4
259,0, 0, False, 4
260,0, 0, False, 4
261,0, 0, False, 4
262,0, 0, False, 4
263,0, 0, False, 4
264,0, 0, False, 4
265,0, 0, False, 4
266,0, 0, False, 4
267,0, 0, False, 4
268,0, 0, False, 4
269,10, 10, False, 4
270,0, 10, False, 4
271,0, 10, False, 4
272,0, 10, False, 4
273,0, 10, False, 4
274,0, 10, False, 4
275,0, 10, False, 4
276,0, 10, False, 4
277,0, 10, False, 4
278,0, 10, False, 4
279,0, 10, False, 4
280,0, 10, False, 4
281,0, 10, False, 4
282,0, 10, False, 4
283,10, 20, False, 4
284,0, 20, False, 4
285,0, 20, False, 4
286,0, 20, False, 4
287,0, 20, False, 0
288,0, 20, False, 0
289,0, 20, False, 0
290,0, 20, False, 0
291,0, 20, False, 0
292,0, 20, False, 0
293,0, 20, False, 0
294,0, 20, False, 0
295,0, 20, False, 0
296,0, 20, False, 2
297,10, 30, False, 2
298,0, 30, False, 2
299,0, 30, False, 2
300,0, 30, False, 2
301,0, 30, False, 2
302,0, 30, False, 2
303,0, 30, False, 2
304,0, 30, False, 2
305,0, 30, False, 2
306,0, 30, False, 2
307,0, 30, False, 0
308,0, 30, False, 0
309,0, 30, False, 0
310,0, 30, False, 0
311,10, 40, False, 0
312,0, 40, False, 0
313,0, 40, False, 0
314,0, 40, False, 0
315,0, 40, False, 0
316,0, 40, False, 0
317,0, 40, False, 0
318,0, 40, False, 0
319,0, 40, False, 5
320,0, 40, False, 5
321,0, 40, False, 5
322,0, 40, False, 5
323,0, 40, False, 5
324,0, 40, False, 5
325,0, 40, False, 5
326,0, 40, False, 5
327,0, 40, False, 5
328,0, 40, False, 5
329,0, 40, False, 5
330,0, 40, False, 5
331,0, 40, False, 5
332,0, 40, False, 5
333,0, 40, False, 0
334,0, 40, False, 0
335,0, 40, False, 0
336,0, 40, False, 0
337,0, 40, False, 0
338,0, 40, False, 0
339,0, 40, False, 3
340,0, 40, False, 3
341,0, 40, False, 3
342,0, 40, False, 3
343,0, 40, False, 3
344,0, 40, False, 3
345,0, 40, False, 3
346,0, 40, False, 3
347,0, 40, False, 3
348,0, 40, False, 3
349,0, 40, False, 3
350,0, 40, False, 0
351,0, 40, False, 5
352,0, 40, False, 5
353,0, 40, False, 5
354,0, 40, False, 5
355,0, 40, False, 5
356,0, 40, False, 5
357,0, 40, False, 5
358,0, 40, False, 5
359,0, 40, False, 5
360,0, 40, False, 5
361,0, 40, False, 5
362,0, 40, False, 0
363,0, 40, False, 0
364,0, 40, False, 0
365,0, 40, False, 0
366,0, 40, False, 0
367,0, 40, False, 0
368,0, 40, False, 0
369,0, 40, False, 0
370,0, 40, False, 0
371,0, 40, False, 0
372,0, 40, False, 0
373,10, 50, False, 0
374,0, 50, False, 0
375,0, 50, False, 0
376,0, 50, False, 0
377,0, 50, False, 4
378,0, 50, False, 4
379,0, 50, False, 4
380,0, 50, False, 4
381,0, 50, False, 4
382,0, 50, False, 4
383,0, 50, False, 4
384,0, 50, False, 4
385,0, 50, False, 4
386,0, 50, False, 4
387,0, 50, False, 4
388,0, 50, False, 4
389,0, 50, False, 4
390,0, 50, False, 0
391,0, 50, False, 0
392,0, 50, False, 0
393,0, 50, False, 0
394,0, 50, False, 0
395,0, 50, False, 0
396,0, 50, False, 0
397,0, 50, False, 0
398,0, 50, False, 0
399,0, 50, False, 0
400,0, 50, False, 0
401,0, 50, False, 0
402,0, 50, False, 0
403,0, 50, False, 0
404,0, 50, False, 5
405,0, 50, False, 5
406,0, 50, False, 5
407,0, 50, False, 5
408,0, 50, False, 5
409,0, 50, False, 5
410,0, 50, False, 5
411,0, 50, False, 5
412,0, 50, False, 5
413,10, 60, False, 5
414,0, 60, False, 5
415,0, 60, False, 5
416,0, 60, False, 0
417,0, 60, False, 0
418,0, 60, False, 0
419,0, 60, False, 0
420,0, 60, False, 0
421,0, 60, False, 0
422,0, 60, False, 0
423,0, 60, False, 0
424,0, 60, False, 0
425,0, 60, False, 0
426,0, 60, False, 0
427,10, 70, False, 0
428,0, 70, False, 0
429,0, 70, False, 0
430,0, 70, False, 0
431,0, 70, False, 0
432,0, 70, False, 0
433,0, 70, False, 0
434,0, 70, False, 0
435,0, 70, False, 0
436,0, 70, False, 0
437,0, 70, False, 0
438,0, 70, False, 0
439,0, 70, False, 0
440,0, 70, False, 0
441,10, 80, False, 0
442,0, 80, False, 0
443,0, 80, False, 0
444,0, 80, False, 0
445,0, 80, False, 0
446,0, 80, False, 0
447,0, 80, False, 0
448,0, 80, False, 0
449,0, 80, False, 0
450,0, 80, False, 0
451,0, 80, False, 0
452,0, 80, False, 0
453,0, 80, False, 0
454,0, 80, False, 0
455,10, 90, False, 0
456,0, 90, False, 0
457,0, 90, False, 0
458,0, 90, False, 0
459,0, 90, False, 0
460,0, 90, False, 0
461,0, 90, False, 0
462,0, 90, False, 0
463,0, 90, False, 0
464,0, 90, False, 0
465,0, 90, False, 0
466,0, 90, False, 0
467,0, 90, False, 0
468,0, 90, False, 0
469,10, 100, False, 0
470,0, 100, False, 4
471,0, 100, False, 4
472,0, 100, False, 4
473,0, 100, False, 4
474,0, 100, False, 4
475,0, 100, False, 4
476,0, 100, False, 4
477,0, 100, False, 4
478,0, 100, False, 4
479,0, 100, False, 4
480,0, 100, False, 4
481,0, 100, False, 4
482,0, 100, False, 4
483,0, 100, False, 4
484,0, 100, False, 4
485,10, 110, False, 4
486,0, 110, False, 4
487,0, 110, False, 4
488,0, 110, False, 4
489,0, 110, False, 4
490,0, 110, False, 4
491,0, 110, False, 4
492,0, 110, False, 4
493,0, 110, False, 4
494,0, 110, False, 4
495,0, 110, False, 4
496,0, 110, False, 4
497,10, 120, False, 4
498,0, 120, False, 4
499,0, 120, False, 4
500,0, 120, False, 0
501,0, 120, False, 0
502,0, 120, False, 0
503,0, 120, False, 0
504,0, 120, False, 0
505,0, 120, False, 0
506,0, 120, False, 0
507,0, 120, False, 0
508,0, 120, False, 0
509,0, 120, False, 0
510,0, 120, False, 0
511,10, 130, False, 0
512,0, 130, False, 0
513,0, 130, False, 0
514,0, 130, False, 0
515,0, 130, False, 0
516,0, 130, False, 0
517,0, 130, False, 0
518,0, 130, False, 0
519,0, 130, False, 0
520,0, 130, False, 2
521,0, 130, False, 2
522,0, 130, False, 2
523,0, 130, False, 2
524,0, 130, False, 2
525,10, 140, False, 2
526,0, 140, False, 2
527,0, 140, False, 2
528,0, 140, False, 2
529,0, 140, False, 2
530,0, 140, False, 2
531,0, 140, False, 2
532,0, 140, False, 2
533,0, 140, False, 2
534,0, 140, False, 2
535,0, 140, False, 2
536,0, 140, False, 2
537,0, 140, False, 2
538,0, 140, False, 2
539,10, 150, False, 0
540,0, 150, False, 0
541,0, 150, False, 0
542,0, 150, False, 0
543,0, 150, False, 0
544,0, 150, False, 0
545,0, 150, False, 0
546,0, 150, False, 0
547,0, 150, False, 0
548,0, 150, False, 0
549,0, 150, False, 0
550,0, 150, False, 0
551,0, 150, False, 0
552,0, 150, False, 0
553,10, 160, False, 0
554,0, 160, False, 0
555,0, 160, False, 0
556,0, 160, False, 0
557,0, 160, False, 0
558,0, 160, False, 0
559,0, 160, False, 0
560,0, 160, False, 0
561,0, 160, False, 0
562,0, 160, False, 0
563,0, 160, False, 0
564,0, 160, False, 0
565,0, 160, False, 0
566,0, 160, False, 0
567,10, 170, False, 0
568,0, 170, False, 0
569,0, 170, False, 0
570,0, 170, False, 0
571,0, 170, False, 0
572,0, 170, False, 0
573,0, 170, False, 0
574,0, 170, False, 0
575,0, 170, False, 0
576,0, 170, False, 0
577,0, 170, False, 0
578,0, 170, False, 0
579,0, 170, False, 0
580,0, 170, False, 0
581,10, 180, False, 0
582,0, 180, False, 0
583,0, 180, False, 0
584,0, 180, False, 0
585,0, 180, False, 0
586,0, 180, False, 0
587,0, 180, False, 0
588,0, 180, False, 0
589,0, 180, False, 0
590,0, 180, False, 0
591,0, 180, False, 0
592,0, 180, False, 0
593,0, 180, False, 0
594,0, 180, False, 0
595,10, 190, False, 0
596,0, 190, False, 0
597,0, 190, False, 5
598,0, 190, False, 5
599,0, 190, False, 5
600,0, 190, False, 5
601,0, 190, False, 5
602,0, 190, False, 5
603,0, 190, False, 5
604,0, 190, False, 5
605,0, 190, False, 5
606,0, 190, False, 5
607,0, 190, False, 5
608,0, 190, False, 5
609,0, 190, False, 5
610,0, 190, False, 5
611,0, 190, False, 0
612,0, 190, False, 0
613,0, 190, False, 0
614,0, 190, False, 0
615,0, 190, False, 0
616,0, 190, False, 0
617,0, 190, False, 0
618,0, 190, False, 0
619,0, 190, False, 0
620,0, 190, False, 0
621,0, 190, False, 0
622,0, 190, False, 0
623,0, 190, False, 0
624,0, 190, False, 0
625,0, 190, False, 0
626,0, 190, False, 0
627,0, 190, False, 0
628,0, 190, False, 0
629,0, 190, False, 0
630,0, 190, False, 0
631,0, 190, False, 0
632,0, 190, False, 0
633,0, 190, False, 0
634,0, 190, False, 0
635,0, 190, False, 0
636,0, 190, False, 0
637,0, 190, False, 0
638,0, 190, False, 0
639,0, 190, False, 0
640,0, 190, False, 0
641,0, 190, False, 0
642,0, 190, False, 0
643,0, 190, False, 0
644,0, 190, False, 0
645,0, 190, False, 0
646,0, 190, False, 0
647,0, 190, False, 0
648,0, 190, False, 0
649,0, 190, False, 0
650,0, 190, False, 0
651,0, 190, False, 0
652,0, 190, False, 0
653,0, 190, False, 0
654,0, 190, False, 3
655,0, 190, False, 3
656,0, 190, False, 3
657,0, 190, False, 3
658,0, 190, False, 3
659,0, 190, False, 3
660,0, 190, False, 3
661,0, 190, False, 3
662,0, 190, False, 3
663,0, 190, False, 3
664,0, 190, False, 3
665,0, 190, False, 3
666,0, 190, False, 3
667,0, 190, False, 3
668,0, 190, False, 3
669,0, 190, False, 3
670,0, 190, False, 3
671,0, 190, False, 3
672,0, 190, False, 3
673,0, 190, False, 3
674,0, 190, False, 3
675,0, 190, False, 3
676,0, 190, False, 3
677,0, 190, False, 0
678,0, 190, False, 0
679,0, 190, False, 0
680,0, 190, False, 0
681,0, 190, False, 0
682,0, 190, False, 0
683,0, 190, False, 0
684,0, 190, False, 0
685,0, 190, False, 0
686,0, 190, False, 0
687,0, 190, False, 0
688,0, 190, False, 0
689,0, 190, False, 0
690,0, 190, False, 0
691,0, 190, False, 0
692,0, 190, False, 0
693,0, 190, False, 0
694,0, 190, False, 0
695,0, 190, False, 0
696,0, 190, False, 0
697,0, 190, False, 2
698,0, 190, False, 2
699,0, 190, False, 2
700,0, 190, False, 2
701,0, 190, False, 2
702,0, 190, False, 2
703,0, 190, False, 2
704,0, 190, False, 2
705,0, 190, False, 2
706,0, 190, False, 2
707,0, 190, False, 0
708,0, 190, False, 0
709,0, 190, False, 0
710,0, 190, False, 0
711,0, 190, False, 0
712,0, 190, False, 0
713,0, 190, False, 0
714,0, 190, False, 0
715,0, 190, False, 0
716,0, 190, False, 0
717,0, 190, False, 0
718,0, 190, False, 0
719,0, 190, False, 0
720,0, 190, False, 4
721,0, 190, False, 4
722,0, 190, False, 4
723,0, 190, False, 4
724,0, 190, False, 4
725,0, 190, False, 4
726,0, 190, False, 4
727,0, 190, False, 4
728,0, 190, False, 4
729,0, 190, False, 4
730,0, 190, False, 4
731,0, 190, False, 4
732,0, 190, False, 4
733,10, 200, False, 4
734,0, 200, False, 4
735,0, 200, False, 4
736,0, 200, False, 4
737,0, 200, False, 4
738,0, 200, False, 0
739,0, 200, False, 0
740,0, 200, False, 0
741,0, 200, False, 0
742,0, 200, False, 0
743,0, 200, False, 0
744,0, 200, False, 0
745,0, 200, False, 0
746,0, 200, False, 0
747,10, 210, False, 0
748,0, 210, False, 0
749,0, 210, False, 2
750,0, 210, False, 2
751,0, 210, False, 2
752,0, 210, False, 2
753,0, 210, False, 2
754,0, 210, False, 2
755,0, 210, False, 2
756,0, 210, False, 2
757,0, 210, False, 2
758,0, 210, False, 2
759,0, 210, False, 2
760,0, 210, False, 2
761,0, 210, False, 2
762,0, 210, False, 2
763,10, 220, False, 2
764,0, 220, False, 0
765,0, 220, False, 0
766,0, 220, False, 0
767,0, 220, False, 0
768,0, 220, False, 0
769,0, 220, False, 0
770,0, 220, False, 0
771,0, 220, False, 0
772,0, 220, False, 0
773,0, 220, False, 0
774,0, 220, False, 0
775,0, 220, False, 0
776,0, 220, False, 0
777,10, 230, False, 0
778,0, 230, False, 0
779,0, 230, False, 0
780,0, 230, False, 0
781,0, 230, False, 0
782,0, 230, False, 0
783,0, 230, False, 4
784,0, 230, False, 4
785,0, 230, False, 4
786,0, 230, False, 4
787,0, 230, False, 4
788,0, 230, False, 4
789,0, 230, False, 4
790,0, 230, False, 4
791,10, 240, False, 4
792,0, 240, False, 4
793,0, 240, False, 4
794,0, 240, False, 4
795,0, 240, False, 4
796,0, 240, False, 4
797,0, 240, False, 4
798,0, 240, False, 4
799,0, 240, False, 4
800,0, 240, False, 4
801,10, 250, False, 4
802,0, 250, False, 4
803,0, 250, False, 4
804,0, 250, False, 4
805,0, 250, False, 4
806,0, 250, False, 0
807,0, 250, False, 0
808,0, 250, False, 0
809,0, 250, False, 0
810,0, 250, False, 0
811,0, 250, False, 0
812,0, 250, False, 0
813,0, 250, False, 0
814,0, 250, False, 0
815,0, 250, False, 0
816,0, 250, False, 0
817,0, 250, False, 5
818,0, 250, False, 5
819,0, 250, False, 5
820,0, 250, False, 5
821,0, 250, False, 5
822,0, 250, False, 5
823,0, 250, False, 5
824,0, 250, False, 5
825,0, 250, False, 5
826,0, 250, False, 5
827,0, 250, False, 0
828,0, 250, False, 0
829,0, 250, False, 0
830,0, 250, False, 0
831,0, 250, False, 0
832,0, 250, False, 0
833,0, 250, False, 0
834,0, 250, False, 0
835,0, 250, False, 0
836,0, 250, False, 0
837,0, 250, False, 4
838,0, 250, False, 4
839,0, 250, False, 4
840,0, 250, False, 4
841,0, 250, False, 4
842,0, 250, False, 4
843,0, 250, False, 4
844,0, 250, False, 4
845,0, 250, False, 4
846,0, 250, False, 4
847,0, 250, False, 4
848,0, 250, False, 4
849,0, 250, False, 4
850,0, 250, False, 4
851,10, 260, False, 4
852,0, 260, False, 4
853,0, 260, False, 4
854,0, 260, False, 4
855,0, 260, False, 4
856,0, 260, False, 4
857,0, 260, False, 4
858,0, 260, False, 4
859,0, 260, False, 4
860,0, 260, False, 4
861,0, 260, False, 4
862,0, 260, False, 4
863,0, 260, False, 4
864,0, 260, False, 0
865,10, 270, False, 0
866,0, 270, False, 0
867,0, 270, False, 0
868,0, 270, False, 0
869,0, 270, False, 0
870,0, 270, False, 0
871,0, 270, False, 0
872,0, 270, False, 0
873,0, 270, False, 0
874,0, 270, False, 0
875,0, 270, False, 0
876,0, 270, False, 0
877,10, 280, False, 0
878,0, 280, False, 0
879,0, 280, False, 0
880,0, 280, False, 0
881,0, 280, False, 0
882,0, 280, False, 0
883,0, 280, False, 5
884,0, 280, False, 5
885,0, 280, False, 5
886,0, 280, False, 5
887,0, 280, False, 5
888,0, 280, False, 5
889,0, 280, False, 5
890,0, 280, False, 5
891,0, 280, False, 5
892,0, 280, False, 5
893,10, 290, False, 5
894,0, 290, False, 5
895,0, 290, False, 5
896,0, 290, False, 5
897,0, 290, False, 5
898,0, 290, False, 5
899,0, 290, False, 5
900,0, 290, False, 5
901,0, 290, False, 0
902,0, 290, False, 0
903,0, 290, False, 0
904,0, 290, False, 0
905,50, 340, False, 0
906,0, 340, False, 0
907,0, 340, False, 0
908,0, 340, False, 0
909,0, 340, False, 0
910,0, 340, False, 0
911,0, 340, False, 0
912,0, 340, False, 0
913,0, 340, False, 0
914,0, 340, False, 0
915,0, 340, False, 0
916,0, 340, False, 0
917,0, 340, False, 0
918,0, 340, False, 0
919,10, 350, False, 0
920,0, 350, False, 0
921,0, 350, False, 0
922,0, 350, False, 0
923,0, 350, False, 0
924,0, 350, False, 2
925,0, 350, False, 2
926,0, 350, False, 2
927,0, 350, False, 2
928,0, 350, False, 2
929,0, 350, False, 2
930,0, 350, False, 2
931,0, 350, False, 2
932,0, 350, False, 2
933,0, 350, False, 2
934,0, 350, False, 2
935,0, 350, False, 2
936,0, 350, False, 2
937,0, 350, False, 2
938,0, 350, False, 2
939,0, 350, False, 2
940,0, 350, False, 2
941,0, 350, False, 2
942,0, 350, False, 2
943,0, 350, False, 2
944,0, 350, False, 2
945,0, 350, False, 2
946,0, 350, False, 2
947,0, 350, False, 2
948,0, 350, False, 2
949,0, 350, False, 2
950,0, 350, False, 2
951,0, 350, False, 0
952,0, 350, False, 0
953,0, 350, False, 0
954,0, 350, False, 0
955,0, 350, False, 0
956,0, 350, False, 0
957,0, 350, False, 0
958,0, 350, False, 0
959,0, 350, False, 0
960,0, 350, False, 0
961,0, 350, False, 0
962,0, 350, False, 3
963,0, 350, False, 3
964,0, 350, False, 3
965,0, 350, False, 3
966,0, 350, False, 3
967,0, 350, False, 3
968,0, 350, False, 3
969,0, 350, False, 3
970,0, 350, False, 3
971,0, 350, False, 3
972,0, 350, False, 3
973,0, 350, False, 3
974,0, 350, False, 3
975,0, 350, False, 3
976,0, 350, False, 3
977,0, 350, False, 3
978,0, 350, False, 0
979,0, 350, False, 0
980,0, 350, False, 0
981,0, 350, False, 2
982,0, 350, False, 2
983,0, 350, False, 2
984,0, 350, False, 2
985,0, 350, False, 2
986,0, 350, False, 2
987,0, 350, False, 2
988,0, 350, False, 2
989,0, 350, False, 2
990,0, 350, False, 2
991,0, 350, False, 2
992,0, 350, False, 2
993,0, 350, False, 2
994,0, 350, False, 2
995,0, 350, False, 0
996,0, 350, False, 4
997,0, 350, False, 4
998,0, 350, False, 4
999,0, 350, False, 4
1000,0, 350, False, 4
1001,0, 350, False, 4
1002,0, 350, False, 4
1003,0, 350, False, 4
1004,0, 350, False, 4
1005,0, 350, False, 4
1006,0, 350, False, 4
1007,0, 350, False, 0
1008,0, 350, False, 0
1009,0, 350, False, 0
1010,0, 350, False, 0
1011,0, 350, False, 0
1012,0, 350, False, 0
1013,0, 350, False, 0
1014,0, 350, False, 0
1015,0, 350, False, 0
1016,0, 350, False, 0
1017,0, 350, False, 0
1018,0, 350, False, 0
1019,0, 350, False, 0
1020,0, 350, False, 0
1021,0, 350, False, 0
1022,0, 350, False, 0
1023,0, 350, False, 0
1024,0, 350, False, 0
1025,0, 350, False, 0
1026,0, 350, False, 0
1027,0, 350, False, 5
1028,0, 350, False, 5
1029,0, 350, False, 5
1030,0, 350, False, 5
1031,0, 350, False, 5
1032,0, 350, False, 5
1033,0, 350, False, 5
1034,0, 350, False, 5
1035,0, 350, False, 5
1036,0, 350, False, 5
1037,0, 350, False, 5
1038,0, 350, False, 5
1039,0, 350, False, 5
1040,0, 350, False, 5
1041,0, 350, False, 5
1042,0, 350, False, 5
1043,0, 350, False, 5
1044,0, 350, False, 5
1045,0, 350, False, 5
1046,0, 350, False, 5
1047,0, 350, False, 5
1048,0, 350, False, 5
1049,0, 350, False, 5
1050,0, 350, False, 5
1051,0, 350, False, 5
1052,0, 350, False, 5
1053,0, 350, False, 5
1054,0, 350, False, 5
1055,0, 350, False, 5
1056,0, 350, False, 5
1057,0, 350, False, 5
1058,0, 350, False, 5
1059,0, 350, False, 5
1060,0, 350, False, 5
1061,0, 350, False, 5
1062,0, 350, False, 5
1063,0, 350, False, 0
1064,0, 350, False, 4
1065,0, 350, False, 4
1066,0, 350, False, 4
1067,0, 350, False, 4
1068,0, 350, False, 4
1069,0, 350, False, 4
1070,0, 350, False, 4
1071,0, 350, False, 4
1072,0, 350, False, 4
1073,0, 350, False, 4
1074,0, 350, False, 4
1075,0, 350, False, 4
1076,0, 350, False, 4
1077,0, 350, False, 4
1078,0, 350, False, 4
1079,0, 350, False, 4
1080,0, 350, False, 4
1081,0, 350, False, 4
1082,0, 350, False, 4
1083,0, 350, False, 4
1084,0, 350, False, 4
1085,0, 350, False, 4
1086,0, 350, False, 4
1087,0, 350, False, 4
1088,0, 350, False, 4
1089,0, 350, False, 4
1090,0, 350, False, 4
1091,0, 350, False, 4
1092,0, 350, False, 4
1093,0, 350, False, 4
1094,0, 350, False, 4
1095,0, 350, False, 4
1096,0, 350, False, 4
1097,10, 360, False, 4
1098,0, 360, False, 4
1099,0, 360, False, 4
1100,0, 360, False, 4
1101,0, 360, False, 4
1102,0, 360, False, 4
1103,0, 360, False, 4
1104,0, 360, False, 4
1105,0, 360, False, 4
1106,0, 360, False, 4
1107,0, 360, False, 4
1108,0, 360, False, 4
1109,10, 370, False, 4
1110,0, 370, False, 4
1111,0, 370, False, 4
1112,0, 370, False, 4
1113,0, 370, False, 4
1114,0, 370, False, 4
1115,0, 370, False, 0
1116,0, 370, False, 0
1117,0, 370, False, 2
1118,0, 370, False, 2
1119,0, 370, False, 2
1120,0, 370, False, 2
1121,0, 370, False, 2
1122,0, 370, False, 2
1123,0, 370, False, 2
1124,0, 370, False, 2
1125,0, 370, False, 2
1126,0, 370, False, 2
1127,0, 370, False, 2
1128,0, 370, False, 2
1129,0, 370, False, 2
1130,0, 370, False, 2
1131,0, 370, False, 2
1132,0, 370, False, 2
1133,0, 370, False, 2
1134,0, 370, False, 2
1135,0, 370, False, 2
1136,0, 370, False, 2
1137,0, 370, False, 2
1138,0, 370, False, 2
1139,0, 370, False, 2
1140,0, 370, False, 2
1141,0, 370, False, 2
1142,0, 370, False, 2
1143,0, 370, False, 2
1144,0, 370, False, 2
1145,0, 370, False, 2
1146,0, 370, False, 2
1147,0, 370, False, 2
1148,0, 370, False, 2
1149,0, 370, False, 2
1150,0, 370, False, 0
1151,0, 370, False, 0
1152,0, 370, False, 0
1153,0, 370, False, 0
1154,0, 370, False, 0
1155,0, 370, False, 0
1156,0, 370, False, 0
1157,0, 370, False, 0
1158,0, 370, False, 0
1159,0, 370, False, 0
1160,0, 370, False, 0
1161,0, 370, False, 0
1162,0, 370, False, 0
1163,0, 370, False, 0
1164,0, 370, False, 0
1165,0, 370, False, 0
1166,0, 370, False, 0
1167,0, 370, False, 0
1168,0, 370, False, 0
1169,0, 370, False, 3
1170,0, 370, False, 3
1171,0, 370, False, 3
1172,0, 370, False, 3
1173,0, 370, False, 3
1174,0, 370, False, 3
1175,0, 370, False, 3
1176,0, 370, False, 3
1177,0, 370, False, 3
1178,0, 370, False, 3
1179,0, 370, False, 3
1180,0, 370, False, 3
1181,0, 370, False, 3
1182,0, 370, False, 0
1183,0, 370, False, 0
1184,0, 370, False, 0
1185,0, 370, False, 0
1186,0, 370, False, 0
1187,0, 370, False, 0
1188,0, 370, False, 0
1189,0, 370, False, 0
1190,0, 370, False, 0
1191,0, 370, False, 0
1192,0, 370, False, 0
1193,0, 370, False, 0
1194,0, 370, False, 0
1195,0, 370, False, 0
1196,0, 370, False, 0
1197,0, 370, False, 0
1198,0, 370, False, 0
1199,0, 370, False, 0
1200,0, 370, False, 0
1201,0, 370, False, 4
1202,0, 370, False, 4
1203,0, 370, False, 4
1204,0, 370, False, 4
1205,0, 370, False, 4
1206,0, 370, False, 4
1207,0, 370, False, 4
1208,0, 370, False, 4
1209,0, 370, False, 4
1210,0, 370, False, 4
1211,0, 370, False, 4
1212,0, 370, False, 4
1213,0, 370, False, 4
1214,0, 370, False, 4
1215,0, 370, False, 0
1216,0, 370, False, 0
1217,0, 370, False, 0
1218,0, 370, False, 0
1219,0, 370, False, 0
1220,0, 370, False, 0
1221,0, 370, False, 0
1222,0, 370, False, 0
1223,0, 370, False, 0
1224,0, 370, False, 0
1225,0, 370, False, 0
1226,0, 370, False, 0
1227,0, 370, False, 2
1228,0, 370, False, 2
1229,0, 370, False, 2
1230,0, 370, False, 2
1231,0, 370, False, 2
1232,0, 370, False, 2
1233,0, 370, False, 2
1234,0, 370, False, 2
1235,0, 370, False, 2
1236,0, 370, False, 2
1237,0, 370, False, 2
1238,0, 370, False, 2
1239,0, 370, False, 2
1240,0, 370, False, 2
1241,0, 370, False, 2
1242,0, 370, False, 0
1243,0, 370, False, 0
1244,0, 370, False, 0
1245,0, 370, False, 0
1246,0, 370, False, 0
1247,0, 370, False, 0
1248,0, 370, False, 0
1249,0, 370, False, 0
1250,0, 370, False, 0
1251,0, 370, False, 0
1252,0, 370, False, 0
1253,0, 370, False, 0
1254,0, 370, False, 0
1255,0, 370, False, 3
1256,0, 370, False, 3
1257,0, 370, False, 3
1258,0, 370, False, 3
1259,0, 370, False, 3
1260,0, 370, False, 0
1261,0, 370, False, 0
1262,0, 370, False, 0
1263,0, 370, False, 2
1264,0, 370, False, 2
1265,0, 370, False, 2
1266,0, 370, False, 2
1267,0, 370, False, 2
1268,0, 370, False, 2
1269,0, 370, False, 2
1270,0, 370, False, 2
1271,0, 370, False, 2
1272,0, 370, False, 0
1273,0, 370, False, 0
1274,0, 370, False, 0
1275,0, 370, False, 0
1276,0, 370, False, 0
1277,10, 380, False, 0
1278,0, 380, False, 0
1279,0, 380, False, 0
1280,0, 380, False, 0
1281,0, 380, False, 0
1282,0, 380, False, 0
1283,0, 380, False, 0
1284,0, 380, False, 0
1285,0, 380, False, 0
1286,0, 380, False, 0
1287,0, 380, False, 0
1288,0, 380, False, 4
1289,0, 380, False, 4
1290,0, 380, False, 4
1291,10, 390, False, 4
1292,0, 390, False, 4
1293,0, 390, False, 4
1294,0, 390, False, 4
1295,0, 390, False, 4
1296,0, 390, False, 4
1297,0, 390, False, 4
1298,0, 390, False, 4
1299,0, 390, False, 4
1300,0, 390, False, 4
1301,0, 390, False, 4
1302,0, 390, False, 4
1303,10, 400, False, 4
1304,0, 400, False, 4
1305,0, 400, False, 0
1306,0, 400, False, 0
1307,0, 400, False, 0
1308,0, 400, False, 0
1309,0, 400, False, 0
1310,0, 400, False, 0
1311,0, 400, False, 0
1312,0, 400, False, 0
1313,0, 400, False, 3
1314,0, 400, False, 3
1315,0, 400, False, 3
1316,0, 400, False, 3
1317,0, 400, False, 3
1318,0, 400, False, 3
1319,0, 400, False, 3
1320,0, 400, False, 3
1321,0, 400, False, 3
1322,0, 400, False, 3
1323,0, 400, False, 3
1324,0, 400, False, 3
1325,0, 400, False, 3
1326,0, 400, False, 3
1327,0, 400, False, 3
1328,0, 400, False, 3
1329,0, 400, False, 6
1330,0, 400, False, 2
1331,0, 400, False, 2
1332,0, 400, False, 2
1333,0, 400, False, 2
1334,0, 400, False, 2
1335,0, 400, False, 2
1336,0, 400, False, 2
1337,0, 400, False, 2
1338,0, 400, False, 2
1339,0, 400, False, 2
1340,0, 400, False, 0
1341,0, 400, False, 0
1342,0, 400, False, 0
1343,10, 410, False, 0
1344,0, 410, False, 0
1345,0, 410, False, 0
1346,0, 410, False, 0
1347,0, 410, False, 0
1348,0, 410, False, 0
1349,0, 410, False, 0
1350,0, 410, False, 0
1351,0, 410, False, 0
1352,0, 410, False, 0
1353,0, 410, False, 0
1354,0, 410, False, 0
1355,0, 410, False, 0
1356,0, 410, False, 0
1357,10, 420, False, 0
1358,0, 420, False, 0
1359,0, 420, False, 0
1360,0, 420, False, 0
1361,0, 420, False, 0
1362,0, 420, False, 0
1363,0, 420, False, 0
1364,0, 420, False, 0
1365,0, 420, False, 0
1366,0, 420, False, 0
1367,0, 420, False, 0
1368,0, 420, False, 0
1369,0, 420, False, 0
1370,0, 420, False, 0
1371,10, 430, False, 0
1372,0, 430, False, 0
1373,0, 430, False, 0
1374,0, 430, False, 0
1375,0, 430, False, 0
1376,0, 430, False, 0
1377,0, 430, False, 0
1378,0, 430, False, 4
1379,0, 430, False, 4
1380,0, 430, False, 4
1381,0, 430, False, 4
1382,0, 430, False, 4
1383,0, 430, False, 4
1384,0, 430, False, 4
1385,10, 440, False, 4
1386,0, 440, False, 4
1387,0, 440, False, 4
1388,0, 440, False, 4
1389,0, 440, False, 4
1390,0, 440, False, 4
1391,0, 440, False, 4
1392,0, 440, False, 0
1393,0, 440, False, 0
1394,0, 440, False, 0
1395,0, 440, False, 0
1396,0, 440, False, 0
1397,10, 450, False, 0
1398,0, 450, False, 0
1399,0, 450, False, 0
1400,0, 450, False, 0
1401,0, 450, False, 0
1402,0, 450, False, 3
1403,0, 450, False, 3
1404,0, 450, False, 3
1405,0, 450, False, 3
1406,0, 450, False, 3
1407,0, 450, False, 3
1408,0, 450, False, 3
1409,0, 450, False, 3
1410,0, 450, False, 3
1411,0, 450, False, 3
1412,0, 450, False, 3
1413,0, 450, False, 3
1414,0, 450, False, 3
1415,0, 450, False, 2
1416,0, 450, False, 2
1417,0, 450, False, 2
1418,0, 450, False, 2
1419,0, 450, False, 2
1420,0, 450, False, 2
1421,0, 450, False, 2
1422,0, 450, False, 2
1423,0, 450, False, 2
1424,0, 450, False, 2
1425,0, 450, False, 2
1426,0, 450, False, 0
1427,10, 460, False, 0
1428,0, 460, False, 0
1429,0, 460, False, 0
1430,0, 460, False, 0
1431,0, 460, False, 0
1432,0, 460, False, 0
1433,0, 460, False, 0
1434,0, 460, False, 0
1435,0, 460, False, 0
1436,0, 460, False, 0
1437,0, 460, False, 0
1438,0, 460, False, 0
1439,0, 460, False, 0
1440,0, 460, False, 0
1441,10, 470, False, 3
1442,0, 470, False, 3
1443,0, 470, False, 3
1444,0, 470, False, 3
1445,0, 470, False, 3
1446,0, 470, False, 3
1447,0, 470, False, 3
1448,0, 470, False, 3
1449,0, 470, False, 3
1450,0, 470, False, 3
1451,0, 470, False, 3
1452,0, 470, False, 3
1453,10, 480, False, 3
1454,0, 480, False, 3
1455,0, 480, False, 3
1456,0, 480, False, 3
1457,0, 480, False, 3
1458,0, 480, False, 0
1459,0, 480, False, 0
1460,0, 480, False, 0
1461,0, 480, False, 0
1462,0, 480, False, 0
1463,0, 480, False, 0
1464,0, 480, False, 0
1465,10, 490, False, 0
1466,0, 490, False, 0
1467,0, 490, False, 0
1468,0, 490, False, 0
1469,0, 490, False, 0
1470,0, 490, False, 0
1471,0, 490, False, 0
1472,0, 490, False, 0
1473,0, 490, False, 5
1474,0, 490, False, 5
1475,0, 490, False, 5
1476,0, 490, False, 5
1477,0, 490, False, 5
1478,0, 490, False, 5
1479,10, 500, False, 5
1480,0, 500, False, 5
1481,0, 500, False, 5
1482,0, 500, False, 5
1483,0, 500, False, 5
1484,0, 500, False, 5
1485,0, 500, False, 5
1486,0, 500, False, 0
1487,0, 500, False, 0
1488,0, 500, False, 0
1489,0, 500, False, 0
1490,0, 500, False, 0
1491,0, 500, False, 0
1492,0, 500, False, 0
1493,0, 500, False, 0
1494,0, 500, False, 0
1495,0, 500, False, 0
1496,0, 500, False, 0
1497,0, 500, False, 0
1498,0, 500, False, 0
1499,0, 500, False, 0
1500,0, 500, False, 0
1501,0, 500, False, 0
1502,0, 500, False, 0
1503,0, 500, False, 0
1504,0, 500, False, 0
1505,0, 500, False, 0
1506,0, 500, False, 0
1507,0, 500, False, 0
1508,0, 500, False, 0
1509,0, 500, False, 0
1510,0, 500, False, 0
1511,0, 500, False, 0
1512,0, 500, False, 0
1513,0, 500, False, 0
1514,0, 500, False, 0
1515,0, 500, False, 0
1516,0, 500, False, 0
1517,0, 500, False, 0
1518,0, 500, False, 0
1519,0, 500, False, 0
1520,0, 500, False, 0
1521,0, 500, False, 0
1522,0, 500, False, 0
1523,0, 500, False, 0
1524,0, 500, False, 0
1525,0, 500, False, 0
1526,0, 500, False, 0
1527,0, 500, False, 0
1528,0, 500, False, 0
1529,0, 500, False, 0
1530,0, 500, False, 0
1531,0, 500, False, 0
1532,0, 500, False, 0
1533,0, 500, False, 0
1534,0, 500, False, 0
1535,0, 500, False, 0
1536,0, 500, False, 0
1537,0, 500, False, 0
1538,0, 500, False, 0
1539,0, 500, False, 0
1540,0, 500, False, 0
1541,0, 500, False, 0
1542,0, 500, False, 0
1543,0, 500, False, 0
1544,0, 500, False, 0
1545,0, 500, False, 0
1546,0, 500, False, 0
1547,0, 500, False, 0
1548,0, 500, False, 0
1549,0, 500, False, 0
1550,0, 500, False, 0
1551,0, 500, False, 0
1552,0, 500, False, 0
1553,0, 500, False, 0
1554,0, 500, False, 0
1555,0, 500, False, 0
1556,0, 500, False, 0
1557,0, 500, False, 0
1558,0, 500, False, 0
1559,0, 500, False, 0
1560,0, 500, False, 0
1561,0, 500, False, 0
1562,0, 500, False, 0
1563,0, 500, False, 0
1564,0, 500, False, 0
1565,0, 500, False, 0
1566,0, 500, False, 0
1567,0, 500, False, 0
1568,0, 500, False, 0
1569,0, 500, False, 0
1570,0, 500, False, 0
1571,0, 500, False, 0
1572,0, 500, False, 0
1573,0, 500, False, 0
1574,0, 500, False, 0
1575,0, 500, False, 0
1576,0, 500, False, 0
1577,0, 500, False, 0
1578,0, 500, False, 0
1579,0, 500, False, 0
1580,0, 500, False, 0
1581,0, 500, False, 0
1582,0, 500, False, 0
1583,0, 500, False, 0
1584,0, 500, False, 0
1585,0, 500, False, 0
1586,0, 500, False, 0
1587,0, 500, False, 0
1588,0, 500, False, 0
1589,0, 500, False, 0
1590,0, 500, False, 0
1591,0, 500, False, 0
1592,0, 500, False, 0
1593,0, 500, False, 0
1594,0, 500, False, 0
1595,0, 500, False, 0
1596,0, 500, False, 0
1597,0, 500, False, 0
1598,0, 500, False, 0
1599,0, 500, False, 0
1600,0, 500, False, 0
1601,0, 500, False, 0
1602,0, 500, False, 0
1603,0, 500, False, 0
1604,0, 500, False, 0
1605,0, 500, False, 0
1606,0, 500, False, 0
1607,0, 500, False, 0
1608,0, 500, False, 0
1609,0, 500, False, 0
1610,0, 500, False, 0
1611,0, 500, False, 0
1612,0, 500, False, 0
1613,0, 500, False, 0
1614,0, 500, False, 0
1615,0, 500, False, 0
1616,0, 500, False, 0
1617,0, 500, False, 0
1618,0, 500, False, 4
1619,0, 500, False, 4
1620,0, 500, False, 4
1621,0, 500, False, 4
1622,0, 500, False, 4
1623,0, 500, False, 4
1624,0, 500, False, 4
1625,0, 500, False, 4
1626,0, 500, False, 4
1627,0, 500, False, 4
1628,0, 500, False, 4
1629,0, 500, False, 4
1630,0, 500, False, 4
1631,0, 500, False, 4
1632,0, 500, False, 4
1633,0, 500, False, 4
1634,0, 500, False, 4
1635,0, 500, False, 4
1636,0, 500, False, 4
1637,0, 500, False, 4
1638,0, 500, False, 4
1639,0, 500, False, 4
1640,0, 500, False, 4
1641,0, 500, False, 4
1642,0, 500, False, 4
1643,0, 500, False, 4
1644,0, 500, False, 4
1645,0, 500, False, 4
1646,0, 500, False, 4
1647,0, 500, False, 4
1648,0, 500, False, 4
1649,0, 500, False, 4
1650,0, 500, False, 4
1651,0, 500, False, 4
1652,0, 500, False, 4
1653,0, 500, False, 4
1654,0, 500, False, 4
1655,0, 500, False, 4
1656,0, 500, False, 4
1657,0, 500, False, 4
1658,0, 500, False, 4
1659,0, 500, False, 4
1660,0, 500, False, 4
1661,0, 500, False, 4
1662,0, 500, False, 4
1663,0, 500, False, 4
1664,0, 500, False, 4
1665,0, 500, False, 4
1666,0, 500, False, 4
1667,0, 500, False, 4
1668,0, 500, False, 4
1669,0, 500, False, 0
1670,0, 500, False, 0
1671,0, 500, False, 0
1672,0, 500, False, 0
1673,0, 500, False, 0
1674,0, 500, False, 3
1675,0, 500, False, 3
1676,0, 500, False, 3
1677,0, 500, False, 3
1678,0, 500, False, 3
1679,0, 500, False, 3
1680,0, 500, False, 3
1681,0, 500, False, 3
1682,0, 500, False, 3
1683,0, 500, False, 3
1684,0, 500, False, 3
1685,0, 500, False, 3
1686,0, 500, False, 3
1687,0, 500, False, 3
1688,0, 500, False, 3
1689,0, 500, False, 3
1690,0, 500, False, 3
1691,0, 500, False, 3
1692,0, 500, False, 3
1693,0, 500, False, 3
1694,0, 500, False, 3
1695,0, 500, False, 3
1696,0, 500, False, 3
1697,0, 500, False, 3
1698,0, 500, False, 3
1699,0, 500, False, 3
1700,0, 500, False, 3
1701,0, 500, False, 3
1702,0, 500, False, 3
1703,10, 510, False, 3
1704,0, 510, False, 3
1705,0, 510, False, 3
1706,0, 510, False, 3
1707,0, 510, False, 0
1708,0, 510, False, 0
1709,0, 510, False, 0
1710,0, 510, False, 0
1711,0, 510, False, 0
1712,0, 510, False, 5
1713,0, 510, False, 5
1714,0, 510, False, 5
1715,0, 510, False, 5
1716,0, 510, False, 5
1717,10, 520, False, 5
1718,0, 520, False, 5
1719,0, 520, False, 5
1720,0, 520, False, 5
1721,0, 520, False, 5
1722,0, 520, False, 5
1723,0, 520, False, 5
1724,0, 520, False, 5
1725,0, 520, False, 5
1726,0, 520, False, 5
1727,0, 520, False, 5
1728,0, 520, False, 9
1729,0, 520, False, 4
1730,0, 520, False, 4
1731,0, 520, False, 4
1732,0, 520, False, 4
1733,0, 520, False, 4
1734,0, 520, False, 4
1735,0, 520, False, 4
1736,0, 520, False, 4
1737,0, 520, False, 4
1738,0, 520, False, 4
1739,0, 520, False, 4
1740,0, 520, False, 4
1741,0, 520, False, 0
1742,0, 520, False, 0
1743,0, 520, False, 0
1744,0, 520, False, 0
1745,0, 520, False, 0
1746,0, 520, False, 5
1747,0, 520, False, 5
1748,0, 520, False, 5
1749,0, 520, False, 5
1750,0, 520, False, 5
1751,0, 520, False, 5
1752,0, 520, False, 5
1753,0, 520, False, 5
1754,0, 520, False, 5
1755,0, 520, False, 5
1756,0, 520, False, 5
1757,0, 520, False, 5
1758,0, 520, False, 5
1759,0, 520, False, 5
1760,0, 520, False, 5
1761,0, 520, False, 0
1762,0, 520, False, 0
1763,0, 520, False, 0
1764,0, 520, False, 0
1765,0, 520, False, 0
1766,0, 520, False, 0
1767,0, 520, False, 0
1768,0, 520, False, 3
1769,0, 520, False, 3
1770,0, 520, False, 3
1771,0, 520, False, 3
1772,0, 520, False, 3
1773,0, 520, False, 3
1774,0, 520, False, 3
1775,0, 520, False, 3
1776,0, 520, False, 3
1777,0, 520, False, 3
1778,0, 520, False, 3
1779,0, 520, False, 3
1780,0, 520, False, 3
1781,0, 520, False, 3
1782,0, 520, False, 3
1783,0, 520, False, 3
1784,0, 520, False, 0
1785,0, 520, False, 0
1786,0, 520, False, 0
1787,0, 520, False, 0
1788,0, 520, False, 0
1789,0, 520, False, 0
1790,0, 520, False, 0
1791,0, 520, False, 0
1792,0, 520, False, 0
1793,0, 520, False, 0
1794,0, 520, False, 0
1795,0, 520, False, 0
1796,0, 520, False, 0
1797,0, 520, False, 0
1798,0, 520, False, 0
1799,0, 520, False, 0
1800,0, 520, False, 5
1801,0, 520, False, 5
1802,0, 520, False, 5
1803,0, 520, False, 5
1804,0, 520, False, 5
1805,0, 520, False, 5
1806,0, 520, False, 5
1807,0, 520, False, 5
1808,0, 520, False, 5
1809,10, 530, False, 5
1810,0, 530, False, 5
1811,0, 530, False, 5
1812,0, 530, False, 5
1813,0, 530, False, 0
1814,0, 530, False, 4
1815,0, 530, False, 4
1816,0, 530, False, 4
1817,0, 530, False, 4
1818,0, 530, False, 4
1819,0, 530, False, 4
1820,0, 530, False, 4
1821,0, 530, False, 4
1822,0, 530, False, 4
1823,0, 530, False, 4
1824,0, 530, False, 4
1825,0, 530, False, 4
1826,0, 530, False, 4
1827,0, 530, False, 4
1828,0, 530, False, 4
1829,0, 530, False, 4
1830,0, 530, False, 4
1831,0, 530, False, 4
1832,0, 530, False, 4
1833,0, 530, False, 4
1834,0, 530, False, 4
1835,0, 530, False, 4
1836,0, 530, False, 4
1837,0, 530, False, 4
1838,0, 530, False, 0
1839,0, 530, False, 0
1840,0, 530, False, 0
1841,0, 530, False, 0
1842,0, 530, False, 0
1843,0, 530, False, 0
1844,0, 530, False, 0
1845,0, 530, False, 0
1846,0, 530, False, 0
1847,0, 530, False, 0
1848,0, 530, False, 0
1849,0, 530, False, 0
1850,0, 530, False, 0
1851,0, 530, False, 0
1852,0, 530, False, 0
1853,0, 530, False, 0
1854,0, 530, False, 0
1855,0, 530, False, 0
1856,0, 530, False, 0
1857,0, 530, False, 0
1858,0, 530, False, 0
1859,0, 530, False, 0
1860,0, 530, False, 0
1861,0, 530, False, 0
1862,0, 530, False, 0
1863,0, 530, False, 0
1864,0, 530, False, 0
1865,0, 530, False, 0
1866,0, 530, False, 0
1867,0, 530, False, 0
1868,0, 530, False, 0
1869,0, 530, False, 5
1870,0, 530, False, 5
1871,0, 530, False, 5
1872,0, 530, False, 5
1873,0, 530, False, 5
1874,0, 530, False, 5
1875,0, 530, False, 5
1876,0, 530, False, 5
1877,0, 530, False, 5
1878,0, 530, False, 5
1879,0, 530, False, 5
1880,0, 530, False, 5
1881,0, 530, False, 5
1882,0, 530, False, 0
1883,0, 530, False, 0
1884,0, 530, False, 0
1885,0, 530, False, 0
1886,0, 530, False, 0
1887,0, 530, False, 0
1888,0, 530, False, 0
1889,0, 530, False, 3
1890,0, 530, False, 3
1891,0, 530, False, 3
1892,0, 530, False, 3
1893,0, 530, False, 3
1894,0, 530, False, 3
1895,0, 530, False, 3
1896,0, 530, False, 3
1897,0, 530, False, 3
1898,0, 530, False, 3
1899,0, 530, False, 3
1900,0, 530, False, 3
1901,0, 530, False, 3
1902,0, 530, False, 3
1903,0, 530, False, 3
1904,0, 530, False, 3
1905,10, 540, False, 3
1906,0, 540, False, 0
1907,0, 540, False, 0
1908,0, 540, False, 0
1909,0, 540, False, 0
1910,0, 540, False, 0
1911,0, 540, False, 0
1912,0, 540, False, 0
1913,0, 540, False, 0
1914,0, 540, False, 0
1915,0, 540, False, 0
1916,0, 540, False, 0
1917,0, 540, False, 0
1918,0, 540, False, 0
1919,0, 540, False, 0
1920,0, 540, False, 0
1921,0, 540, False, 0
1922,0, 540, False, 0
1923,0, 540, False, 0
1924,0, 540, False, 0
1925,10, 550, False, 0
1926,0, 550, False, 0
1927,0, 550, False, 0
1928,0, 550, False, 0
1929,0, 550, False, 0
1930,0, 550, False, 0
1931,0, 550, False, 2
1932,0, 550, False, 2
1933,0, 550, False, 2
1934,0, 550, False, 2
1935,0, 550, False, 2
1936,0, 550, False, 2
1937,10, 560, False, 2
1938,0, 560, False, 2
1939,0, 560, False, 2
1940,0, 560, False, 2
1941,0, 560, False, 2
1942,0, 560, False, 2
1943,0, 560, False, 2
1944,0, 560, False, 2
1945,0, 560, False, 2
1946,0, 560, False, 0
1947,0, 560, False, 0
1948,0, 560, False, 0
1949,0, 560, False, 0
1950,0, 560, False, 0
1951,0, 560, False, 0
1952,0, 560, False, 0
1953,0, 560, False, 0
1954,0, 560, False, 0
1955,10, 570, False, 0
1956,0, 570, False, 0
1957,0, 570, False, 0
1958,0, 570, False, 0
1959,0, 570, False, 5
1960,0, 570, False, 5
1961,0, 570, False, 5
1962,0, 570, False, 5
1963,0, 570, False, 5
1964,0, 570, False, 5
1965,0, 570, False, 5
1966,0, 570, False, 5
1967,0, 570, False, 5
1968,0, 570, False, 5
1969,0, 570, False, 0
1970,0, 570, False, 0
1971,0, 570, False, 0
1972,0, 570, False, 0
1973,0, 570, False, 0
1974,0, 570, False, 0
1975,0, 570, False, 0
1976,0, 570, False, 0
1977,0, 570, False, 0
1978,0, 570, False, 0
1979,0, 570, False, 0
1980,0, 570, False, 0
1981,0, 570, False, 0
1982,0, 570, False, 0
1983,0, 570, False, 0
1984,0, 570, False, 0
1985,10, 580, False, 0
1986,0, 580, False, 0
1987,0, 580, False, 0
1988,0, 580, False, 0
1989,0, 580, False, 0
1990,0, 580, False, 0
1991,0, 580, False, 0
1992,0, 580, False, 0
1993,0, 580, False, 0
1994,0, 580, False, 0
1995,0, 580, False, 0
1996,0, 580, False, 0
1997,0, 580, False, 0
1998,0, 580, False, 0
1999,10, 590, False, 0
2000,0, 590, False, 0
2001,0, 590, False, 0
2002,0, 590, False, 0
2003,0, 590, False, 0
2004,0, 590, False, 0
2005,0, 590, False, 0
2006,0, 590, False, 0
2007,0, 590, False, 0
2008,0, 590, False, 0
2009,0, 590, False, 4
2010,0, 590, False, 4
2011,0, 590, False, 4
2012,0, 590, False, 4
2013,10, 600, False, 4
2014,0, 600, False, 4
2015,0, 600, False, 4
2016,0, 600, False, 4
2017,0, 600, False, 4
2018,0, 600, False, 4
2019,0, 600, False, 4
2020,0, 600, False, 4
2021,0, 600, False, 4
2022,0, 600, False, 4
2023,0, 600, False, 4
2024,0, 600, False, 4
2025,0, 600, False, 4
2026,0, 600, False, 4
2027,0, 600, False, 4
2028,0, 600, False, 4
2029,10, 610, False, 4
2030,0, 610, False, 4
2031,0, 610, False, 4
2032,0, 610, False, 4
2033,0, 610, False, 4
2034,0, 610, False, 4
2035,0, 610, False, 4
2036,0, 610, False, 4
2037,0, 610, False, 4
2038,0, 610, False, 4
2039,0, 610, False, 4
2040,0, 610, False, 4
2041,0, 610, False, 0
2042,0, 610, False, 0
2043,0, 610, False, 0
2044,0, 610, False, 0
2045,0, 610, False, 0
2046,0, 610, False, 0
2047,10, 620, False, 0
2048,0, 620, False, 0
2049,0, 620, False, 3
2050,0, 620, False, 3
2051,0, 620, False, 3
2052,0, 620, False, 3
2053,0, 620, False, 3
2054,0, 620, False, 3
2055,0, 620, False, 3
2056,0, 620, False, 3
2057,0, 620, False, 3
2058,0, 620, False, 3
2059,0, 620, False, 3
2060,0, 620, False, 3
2061,0, 620, False, 3
2062,0, 620, False, 3
2063,0, 620, False, 3
2064,0, 620, False, 3
2065,0, 620, False, 3
2066,0, 620, False, 3
2067,0, 620, False, 3
2068,0, 620, False, 3
2069,0, 620, False, 3
2070,0, 620, False, 3
2071,0, 620, False, 3
2072,0, 620, False, 3
2073,0, 620, False, 3
2074,0, 620, False, 3
2075,0, 620, False, 3
2076,0, 620, False, 3
2077,0, 620, False, 3
2078,0, 620, False, 3
2079,0, 620, False, 3
2080,0, 620, False, 3
2081,0, 620, False, 3
2082,0, 620, False, 3
2083,0, 620, False, 3
2084,0, 620, False, 3
2085,10, 630, False, 3
2086,0, 630, False, 3
2087,0, 630, False, 3
2088,0, 630, False, 3
2089,0, 630, False, 3
2090,0, 630, False, 3
2091,0, 630, False, 3
2092,0, 630, False, 3
2093,0, 630, False, 3
2094,0, 630, False, 3
2095,0, 630, False, 3
2096,0, 630, False, 3
2097,0, 630, False, 0
2098,0, 630, False, 0
2099,10, 640, False, 0
2100,0, 640, False, 0
2101,0, 640, False, 0
2102,0, 640, False, 0
2103,0, 640, False, 0
2104,0, 640, False, 0
2105,0, 640, False, 0
2106,0, 640, False, 0
2107,0, 640, False, 0
2108,0, 640, False, 0
2109,0, 640, False, 0
2110,0, 640, False, 0
2111,0, 640, False, 0
2112,0, 640, False, 0
2113,10, 650, False, 0
2114,0, 650, False, 0
2115,0, 650, False, 0
2116,0, 650, False, 0
2117,0, 650, False, 0
2118,0, 650, False, 0
2119,0, 650, False, 0
2120,0, 650, False, 0
2121,0, 650, False, 0
2122,0, 650, False, 0
2123,0, 650, False, 0
2124,0, 650, False, 0
2125,10, 660, False, 0
2126,0, 660, False, 0
2127,0, 660, False, 0
2128,0, 660, False, 0
2129,0, 660, False, 0
2130,0, 660, False, 0
2131,0, 660, False, 0
2132,0, 660, False, 0
2133,0, 660, False, 0
2134,0, 660, False, 0
2135,0, 660, False, 0
2136,0, 660, False, 0
2137,0, 660, False, 0
2138,0, 660, False, 0
2139,10, 670, False, 0
2140,0, 670, False, 0
2141,0, 670, False, 0
2142,0, 670, False, 0
2143,0, 670, False, 0
2144,0, 670, False, 0
2145,0, 670, False, 0
2146,0, 670, False, 0
2147,0, 670, False, 0
2148,0, 670, False, 0
2149,0, 670, False, 0
2150,0, 670, False, 0
2151,0, 670, False, 0
2152,0, 670, False, 0
2153,10, 680, False, 0
2154,0, 680, False, 0
2155,0, 680, False, 0
2156,0, 680, False, 0
2157,0, 680, False, 0
2158,0, 680, False, 0
2159,0, 680, False, 0
2160,0, 680, False, 0
2161,0, 680, False, 0
2162,0, 680, False, 0
2163,0, 680, False, 0
2164,0, 680, False, 0
2165,10, 690, False, 2
2166,0, 690, False, 2
2167,0, 690, False, 2
2168,0, 690, False, 2
2169,0, 690, False, 2
2170,0, 690, False, 2
2171,0, 690, False, 2
2172,0, 690, False, 2
2173,0, 690, False, 2
2174,0, 690, False, 2
2175,0, 690, False, 2
2176,0, 690, False, 2
2177,0, 690, False, 2
2178,0, 690, False, 2
2179,0, 690, False, 2
2180,0, 690, False, 2
2181,0, 690, False, 2
2182,0, 690, False, 2
2183,0, 690, False, 2
2184,0, 690, False, 2
2185,0, 690, False, 2
2186,0, 690, False, 2
2187,0, 690, False, 0
2188,0, 690, False, 0
2189,0, 690, False, 0
2190,0, 690, False, 0
2191,0, 690, False, 0
2192,0, 690, False, 0
2193,0, 690, False, 0
2194,0, 690, False, 0
2195,0, 690, False, 0
2196,0, 690, False, 0
2197,0, 690, False, 0
2198,0, 690, False, 0
2199,0, 690, False, 0
2200,0, 690, False, 0
2201,0, 690, False, 0
2202,0, 690, False, 0
2203,0, 690, False, 0
2204,0, 690, False, 0
2205,0, 690, False, 0
2206,0, 690, False, 0
2207,0, 690, False, 0
2208,0, 690, False, 0
2209,0, 690, False, 0
2210,0, 690, False, 0
2211,0, 690, False, 0
2212,0, 690, False, 0
2213,0, 690, False, 0
2214,0, 690, False, 0
2215,0, 690, False, 0
2216,0, 690, False, 0
2217,0, 690, False, 0
2218,0, 690, False, 0
2219,0, 690, False, 0
2220,0, 690, False, 0
2221,0, 690, False, 0
2222,0, 690, False, 0
2223,0, 690, False, 0
2224,0, 690, False, 0
2225,0, 690, False, 0
2226,0, 690, False, 0
2227,0, 690, False, 0
2228,0, 690, False, 0
2229,0, 690, False, 0
2230,0, 690, False, 0
2231,0, 690, False, 0
2232,0, 690, False, 0
2233,0, 690, False, 0
2234,0, 690, False, 0
2235,0, 690, False, 0
2236,0, 690, False, 0
2237,0, 690, False, 0
2238,0, 690, False, 0
2239,0, 690, False, 0
2240,0, 690, False, 0
2241,0, 690, False, 0
2242,0, 690, False, 0
2243,0, 690, False, 0
2244,0, 690, False, 0
2245,0, 690, False, 0
2246,0, 690, False, 0
2247,0, 690, False, 0
2248,0, 690, False, 0
2249,0, 690, False, 0
2250,0, 690, False, 0
2251,0, 690, False, 0
2252,0, 690, False, 0
2253,0, 690, False, 0
2254,0, 690, False, 0
2255,0, 690, False, 0
2256,0, 690, False, 0
2257,0, 690, False, 0
2258,0, 690, False, 0
2259,0, 690, False, 0
2260,0, 690, False, 0
2261,0, 690, False, 0
2262,0, 690, False, 0
2263,0, 690, False, 0
2264,0, 690, False, 0
2265,0, 690, False, 0
2266,0, 690, False, 0
2267,0, 690, False, 0
2268,0, 690, False, 0
2269,0, 690, False, 0
2270,0, 690, False, 0
2271,0, 690, False, 0
2272,0, 690, False, 0
2273,0, 690, False, 0
2274,0, 690, False, 0
2275,0, 690, False, 0
2276,0, 690, False, 0
2277,0, 690, False, 0
2278,0, 690, False, 0
2279,0, 690, False, 0
2280,0, 690, False, 0
2281,0, 690, False, 0
2282,0, 690, False, 0
2283,0, 690, False, 0
2284,0, 690, False, 0
2285,0, 690, False, 0
2286,0, 690, False, 0
2287,0, 690, False, 0
2288,0, 690, False, 0
2289,0, 690, False, 0
2290,0, 690, False, 0
2291,0, 690, False, 0
2292,0, 690, False, 0
2293,0, 690, False, 0
2294,0, 690, False, 0
2295,0, 690, False, 0
2296,0, 690, False, 0
2297,0, 690, False, 0
2298,0, 690, False, 0
2299,0, 690, False, 0
2300,0, 690, False, 0
2301,0, 690, False, 0
2302,0, 690, False, 0
2303,0, 690, False, 0
2304,0, 690, False, 0
2305,0, 690, False, 0
2306,0, 690, False, 0
2307,0, 690, False, 0
2308,0, 690, False, 0
2309,0, 690, False, 0
2310,0, 690, False, 0
2311,0, 690, False, 0
2312,0, 690, False, 0
2313,0, 690, False, 0
2314,0, 690, False, 0
2315,0, 690, False, 0
2316,0, 690, False, 0
2317,0, 690, False, 0
2318,0, 690, False, 0
2319,0, 690, False, 0
2320,0, 690, False, 0
2321,0, 690, False, 0
2322,0, 690, False, 0
2323,0, 690, False, 0
2324,0, 690, False, 0
2325,0, 690, False, 0
2326,0, 690, False, 0
2327,0, 690, False, 0
2328,0, 690, False, 0
2329,0, 690, False, 0
2330,0, 690, False, 0
2331,0, 690, False, 0
2332,0, 690, False, 0
2333,0, 690, False, 0
2334,0, 690, False, 0
2335,0, 690, False, 0
2336,0, 690, False, 0
2337,0, 690, False, 0
2338,0, 690, False, 0
2339,0, 690, False, 0
2340,0, 690, False, 0
2341,0, 690, False, 0
2342,0, 690, False, 0
2343,0, 690, False, 0
2344,0, 690, False, 0
2345,0, 690, False, 0
2346,0, 690, False, 0
2347,0, 690, False, 0
2348,0, 690, False, 0
2349,0, 690, False, 0
2350,0, 690, False, 0
2351,0, 690, False, 0
2352,0, 690, False, 0
2353,0, 690, False, 0
2354,0, 690, False, 0
2355,0, 690, False, 0
2356,0, 690, False, 0
2357,0, 690, False, 0
2358,0, 690, False, 0
2359,0, 690, False, 0
2360,0, 690, False, 0
2361,0, 690, False, 0
2362,0, 690, False, 0
2363,0, 690, False, 0
2364,0, 690, False, 0
2365,0, 690, False, 0
2366,0, 690, False, 0
2367,0, 690, False, 0
2368,0, 690, False, 0
2369,0, 690, False, 0
2370,0, 690, False, 0
2371,0, 690, False, 0
2372,0, 690, False, 0
2373,0, 690, False, 0
2374,0, 690, False, 0
2375,0, 690, False, 0
2376,0, 690, False, 0
2377,0, 690, False, 0
2378,0, 690, False, 0
2379,0, 690, False, 0
2380,0, 690, False, 0
2381,0, 690, False, 0
2382,0, 690, False, 0
2383,0, 690, False, 0
2384,0, 690, False, 0
2385,0, 690, False, 0
2386,0, 690, False, 0
