db traj id : 1369
frame,reward,score,terminal, action
0,0, 0, False, 0
1,0, 0, False, 0
2,0, 0, False, 0
3,0, 0, False, 0
4,0, 0, False, 0
5,0, 0, False, 0
6,0, 0, False, 0
7,0, 0, False, 0
8,0, 0, False, 0
9,0, 0, False, 0
10,0, 0, False, 0
11,0, 0, False, 0
12,0, 0, False, 0
13,0, 0, False, 0
14,0, 0, False, 0
15,0, 0, False, 0
16,0, 0, False, 0
17,0, 0, False, 0
18,0, 0, False, 0
19,0, 0, False, 0
20,0, 0, False, 0
21,0, 0, False, 0
22,0, 0, False, 0
23,0, 0, False, 0
24,0, 0, False, 0
25,0, 0, False, 0
26,0, 0, False, 0
27,0, 0, False, 0
28,0, 0, False, 0
29,0, 0, False, 0
30,0, 0, False, 0
31,0, 0, False, 0
32,0, 0, False, 0
33,0, 0, False, 0
34,0, 0, False, 0
35,0, 0, False, 0
36,0, 0, False, 0
37,0, 0, False, 0
38,0, 0, False, 0
39,0, 0, False, 0
40,0, 0, False, 0
41,0, 0, False, 0
42,0, 0, False, 0
43,0, 0, False, 0
44,0, 0, False, 0
45,0, 0, False, 0
46,0, 0, False, 0
47,0, 0, False, 0
48,0, 0, False, 0
49,0, 0, False, 0
50,0, 0, False, 0
51,0, 0, False, 0
52,0, 0, False, 0
53,0, 0, False, 0
54,0, 0, False, 0
55,0, 0, False, 0
56,0, 0, False, 0
57,0, 0, False, 0
58,0, 0, False, 0
59,0, 0, False, 0
60,0, 0, False, 0
61,0, 0, False, 0
62,0, 0, False, 0
63,0, 0, False, 0
64,0, 0, False, 0
65,0, 0, False, 0
66,0, 0, False, 0
67,0, 0, False, 0
68,0, 0, False, 0
69,0, 0, False, 0
70,0, 0, False, 0
71,0, 0, False, 0
72,0, 0, False, 0
73,0, 0, False, 0
74,0, 0, False, 0
75,0, 0, False, 0
76,0, 0, False, 0
77,0, 0, False, 0
78,0, 0, False, 0
79,0, 0, False, 0
80,0, 0, False, 0
81,0, 0, False, 0
82,0, 0, False, 0
83,0, 0, False, 0
84,0, 0, False, 0
85,0, 0, False, 0
86,0, 0, False, 0
87,0, 0, False, 0
88,0, 0, False, 0
89,0, 0, False, 0
90,0, 0, False, 0
91,0, 0, False, 0
92,0, 0, False, 0
93,0, 0, False, 0
94,0, 0, False, 0
95,0, 0, False, 0
96,0, 0, False, 0
97,0, 0, False, 0
98,0, 0, False, 0
99,0, 0, False, 0
100,0, 0, False, 0
101,0, 0, False, 0
102,0, 0, False, 0
103,0, 0, False, 0
104,0, 0, False, 0
105,0, 0, False, 0
106,0, 0, False, 0
107,0, 0, False, 0
108,0, 0, False, 0
109,0, 0, False, 0
110,0, 0, False, 0
111,0, 0, False, 0
112,0, 0, False, 0
113,0, 0, False, 0
114,0, 0, False, 0
115,0, 0, False, 0
116,0, 0, False, 0
117,0, 0, False, 0
118,0, 0, False, 0
119,0, 0, False, 0
120,0, 0, False, 0
121,0, 0, False, 0
122,0, 0, False, 0
123,0, 0, False, 0
124,0, 0, False, 0
125,0, 0, False, 0
126,0, 0, False, 0
127,0, 0, False, 0
128,0, 0, False, 0
129,0, 0, False, 0
130,0, 0, False, 0
131,0, 0, False, 0
132,0, 0, False, 0
133,0, 0, False, 0
134,0, 0, False, 0
135,0, 0, False, 0
136,0, 0, False, 0
137,0, 0, False, 0
138,0, 0, False, 0
139,0, 0, False, 0
140,0, 0, False, 0
141,0, 0, False, 0
142,0, 0, False, 0
143,0, 0, False, 0
144,0, 0, False, 0
145,0, 0, False, 0
146,0, 0, False, 0
147,0, 0, False, 0
148,0, 0, False, 0
149,0, 0, False, 0
150,0, 0, False, 0
151,0, 0, False, 0
152,0, 0, False, 0
153,0, 0, False, 0
154,0, 0, False, 0
155,0, 0, False, 0
156,0, 0, False, 0
157,0, 0, False, 0
158,0, 0, False, 0
159,0, 0, False, 0
160,0, 0, False, 0
161,0, 0, False, 0
162,0, 0, False, 0
163,0, 0, False, 0
164,0, 0, False, 0
165,0, 0, False, 0
166,0, 0, False, 0
167,0, 0, False, 0
168,0, 0, False, 0
169,0, 0, False, 0
170,0, 0, False, 0
171,0, 0, False, 0
172,0, 0, False, 0
173,0, 0, False, 0
174,0, 0, False, 0
175,0, 0, False, 0
176,0, 0, False, 0
177,0, 0, False, 0
178,0, 0, False, 0
179,0, 0, False, 0
180,0, 0, False, 0
181,0, 0, False, 0
182,0, 0, False, 0
183,0, 0, False, 0
184,0, 0, False, 0
185,0, 0, False, 0
186,0, 0, False, 0
187,0, 0, False, 0
188,0, 0, False, 0
189,0, 0, False, 0
190,0, 0, False, 0
191,0, 0, False, 0
192,0, 0, False, 0
193,0, 0, False, 0
194,0, 0, False, 0
195,0, 0, False, 0
196,0, 0, False, 0
197,0, 0, False, 0
198,0, 0, False, 0
199,0, 0, False, 0
200,0, 0, False, 0
201,0, 0, False, 0
202,0, 0, False, 0
203,0, 0, False, 0
204,0, 0, False, 0
205,0, 0, False, 0
206,0, 0, False, 0
207,0, 0, False, 0
208,0, 0, False, 0
209,0, 0, False, 0
210,0, 0, False, 0
211,0, 0, False, 0
212,0, 0, False, 0
213,0, 0, False, 0
214,0, 0, False, 0
215,0, 0, False, 0
216,0, 0, False, 0
217,0, 0, False, 0
218,0, 0, False, 0
219,0, 0, False, 0
220,0, 0, False, 0
221,0, 0, False, 0
222,0, 0, False, 0
223,0, 0, False, 0
224,0, 0, False, 0
225,0, 0, False, 0
226,0, 0, False, 0
227,0, 0, False, 0
228,0, 0, False, 0
229,0, 0, False, 0
230,0, 0, False, 0
231,0, 0, False, 0
232,0, 0, False, 0
233,0, 0, False, 0
234,0, 0, False, 0
235,0, 0, False, 0
236,0, 0, False, 0
237,0, 0, False, 0
238,0, 0, False, 0
239,0, 0, False, 0
240,0, 0, False, 0
241,0, 0, False, 0
242,0, 0, False, 0
243,0, 0, False, 0
244,0, 0, False, 0
245,0, 0, False, 0
246,0, 0, False, 0
247,0, 0, False, 0
248,0, 0, False, 0
249,0, 0, False, 0
250,0, 0, False, 0
251,0, 0, False, 0
252,0, 0, False, 0
253,0, 0, False, 0
254,0, 0, False, 0
255,0, 0, False, 0
256,0, 0, False, 0
257,0, 0, False, 0
258,0, 0, False, 3
259,0, 0, False, 3
260,0, 0, False, 3
261,0, 0, False, 3
262,0, 0, False, 3
263,0, 0, False, 3
264,0, 0, False, 3
265,0, 0, False, 3
266,0, 0, False, 3
267,0, 0, False, 3
268,0, 0, False, 3
269,0, 0, False, 3
270,10, 10, False, 3
271,0, 10, False, 3
272,0, 10, False, 3
273,0, 10, False, 3
274,0, 10, False, 3
275,0, 10, False, 3
276,0, 10, False, 3
277,0, 10, False, 3
278,0, 10, False, 3
279,0, 10, False, 3
280,0, 10, False, 3
281,0, 10, False, 3
282,10, 20, False, 3
283,0, 20, False, 3
284,0, 20, False, 3
285,0, 20, False, 3
286,0, 20, False, 3
287,0, 20, False, 3
288,0, 20, False, 3
289,0, 20, False, 3
290,0, 20, False, 0
291,0, 20, False, 0
292,0, 20, False, 0
293,0, 20, False, 0
294,0, 20, False, 0
295,0, 20, False, 0
296,10, 30, False, 0
297,0, 30, False, 0
298,0, 30, False, 0
299,0, 30, False, 0
300,0, 30, False, 0
301,0, 30, False, 0
302,0, 30, False, 0
303,0, 30, False, 0
304,0, 30, False, 0
305,0, 30, False, 0
306,0, 30, False, 0
307,0, 30, False, 0
308,0, 30, False, 0
309,0, 30, False, 0
310,10, 40, False, 5
311,0, 40, False, 5
312,0, 40, False, 5
313,0, 40, False, 5
314,0, 40, False, 5
315,0, 40, False, 5
316,0, 40, False, 5
317,0, 40, False, 5
318,0, 40, False, 5
319,0, 40, False, 5
320,0, 40, False, 5
321,0, 40, False, 5
322,10, 50, False, 0
323,0, 50, False, 0
324,0, 50, False, 0
325,0, 50, False, 0
326,0, 50, False, 0
327,0, 50, False, 0
328,0, 50, False, 0
329,0, 50, False, 0
330,0, 50, False, 0
331,0, 50, False, 0
332,0, 50, False, 0
333,0, 50, False, 0
334,0, 50, False, 0
335,0, 50, False, 0
336,10, 60, False, 0
337,0, 60, False, 0
338,0, 60, False, 0
339,0, 60, False, 0
340,0, 60, False, 0
341,0, 60, False, 0
342,0, 60, False, 0
343,0, 60, False, 0
344,0, 60, False, 0
345,0, 60, False, 0
346,0, 60, False, 0
347,0, 60, False, 0
348,0, 60, False, 0
349,0, 60, False, 0
350,10, 70, False, 0
351,0, 70, False, 4
352,0, 70, False, 4
353,0, 70, False, 4
354,0, 70, False, 4
355,0, 70, False, 4
356,0, 70, False, 4
357,0, 70, False, 4
358,0, 70, False, 4
359,0, 70, False, 4
360,0, 70, False, 4
361,0, 70, False, 4
362,0, 70, False, 4
363,0, 70, False, 4
364,0, 70, False, 4
365,0, 70, False, 4
366,10, 80, False, 4
367,0, 80, False, 0
368,0, 80, False, 0
369,0, 80, False, 0
370,0, 80, False, 0
371,0, 80, False, 0
372,0, 80, False, 0
373,0, 80, False, 0
374,0, 80, False, 0
375,0, 80, False, 0
376,0, 80, False, 2
377,0, 80, False, 2
378,10, 90, False, 2
379,0, 90, False, 2
380,0, 90, False, 2
381,0, 90, False, 2
382,0, 90, False, 2
383,0, 90, False, 2
384,0, 90, False, 2
385,0, 90, False, 2
386,0, 90, False, 2
387,0, 90, False, 2
388,0, 90, False, 2
389,0, 90, False, 2
390,0, 90, False, 2
391,0, 90, False, 2
392,0, 90, False, 0
393,0, 90, False, 0
394,10, 100, False, 0
395,0, 100, False, 0
396,0, 100, False, 0
397,0, 100, False, 0
398,0, 100, False, 0
399,0, 100, False, 0
400,0, 100, False, 0
401,0, 100, False, 0
402,0, 100, False, 0
403,0, 100, False, 0
404,0, 100, False, 0
405,0, 100, False, 0
406,0, 100, False, 0
407,0, 100, False, 0
408,10, 110, False, 0
409,0, 110, False, 0
410,0, 110, False, 5
411,0, 110, False, 5
412,0, 110, False, 5
413,0, 110, False, 5
414,0, 110, False, 5
415,0, 110, False, 5
416,0, 110, False, 5
417,0, 110, False, 5
418,0, 110, False, 5
419,0, 110, False, 5
420,0, 110, False, 5
421,0, 110, False, 5
422,0, 110, False, 5
423,0, 110, False, 5
424,0, 110, False, 5
425,0, 110, False, 5
426,0, 110, False, 5
427,0, 110, False, 5
428,0, 110, False, 0
429,0, 110, False, 0
430,0, 110, False, 0
431,0, 110, False, 0
432,0, 110, False, 0
433,0, 110, False, 0
434,0, 110, False, 0
435,0, 110, False, 0
436,0, 110, False, 0
437,0, 110, False, 0
438,0, 110, False, 0
439,0, 110, False, 0
440,0, 110, False, 0
441,0, 110, False, 0
442,0, 110, False, 0
443,0, 110, False, 0
444,10, 120, False, 0
445,0, 120, False, 0
446,0, 120, False, 0
447,0, 120, False, 0
448,0, 120, False, 0
449,0, 120, False, 0
450,0, 120, False, 0
451,0, 120, False, 0
452,0, 120, False, 0
453,0, 120, False, 0
454,0, 120, False, 0
455,0, 120, False, 0
456,0, 120, False, 0
457,0, 120, False, 0
458,10, 130, False, 0
459,0, 130, False, 0
460,0, 130, False, 0
461,0, 130, False, 3
462,0, 130, False, 3
463,0, 130, False, 3
464,0, 130, False, 3
465,0, 130, False, 3
466,0, 130, False, 3
467,0, 130, False, 3
468,0, 130, False, 3
469,0, 130, False, 3
470,0, 130, False, 3
471,0, 130, False, 3
472,10, 140, False, 3
473,0, 140, False, 3
474,0, 140, False, 3
475,0, 140, False, 3
476,0, 140, False, 3
477,0, 140, False, 3
478,0, 140, False, 3
479,0, 140, False, 3
480,0, 140, False, 3
481,0, 140, False, 0
482,0, 140, False, 0
483,0, 140, False, 0
484,0, 140, False, 0
485,0, 140, False, 0
486,10, 150, False, 0
487,0, 150, False, 0
488,0, 150, False, 0
489,0, 150, False, 0
490,0, 150, False, 0
491,0, 150, False, 0
492,0, 150, False, 0
493,0, 150, False, 0
494,0, 150, False, 0
495,0, 150, False, 0
496,0, 150, False, 0
497,0, 150, False, 0
498,10, 160, False, 0
499,0, 160, False, 0
500,0, 160, False, 0
501,0, 160, False, 0
502,0, 160, False, 0
503,0, 160, False, 0
504,0, 160, False, 0
505,0, 160, False, 0
506,0, 160, False, 0
507,0, 160, False, 0
508,0, 160, False, 0
509,0, 160, False, 0
510,0, 160, False, 0
511,0, 160, False, 2
512,10, 170, False, 2
513,0, 170, False, 2
514,0, 170, False, 2
515,0, 170, False, 2
516,0, 170, False, 2
517,0, 170, False, 2
518,0, 170, False, 2
519,0, 170, False, 2
520,0, 170, False, 2
521,0, 170, False, 2
522,0, 170, False, 2
523,0, 170, False, 0
524,0, 170, False, 0
525,0, 170, False, 0
526,0, 170, False, 0
527,0, 170, False, 0
528,0, 170, False, 0
529,0, 170, False, 0
530,10, 180, False, 0
531,0, 180, False, 0
532,0, 180, False, 0
533,0, 180, False, 0
534,0, 180, False, 0
535,0, 180, False, 0
536,0, 180, False, 0
537,0, 180, False, 0
538,0, 180, False, 0
539,0, 180, False, 0
540,0, 180, False, 0
541,0, 180, False, 0
542,0, 180, False, 0
543,0, 180, False, 0
544,10, 190, False, 0
545,0, 190, False, 0
546,0, 190, False, 0
547,0, 190, False, 0
548,0, 190, False, 3
549,0, 190, False, 3
550,0, 190, False, 3
551,0, 190, False, 3
552,0, 190, False, 3
553,0, 190, False, 3
554,0, 190, False, 3
555,0, 190, False, 3
556,0, 190, False, 3
557,0, 190, False, 3
558,10, 200, False, 3
559,0, 200, False, 3
560,0, 200, False, 3
561,0, 200, False, 3
562,0, 200, False, 3
563,0, 200, False, 3
564,0, 200, False, 3
565,0, 200, False, 3
566,0, 200, False, 3
567,0, 200, False, 3
568,10, 210, False, 3
569,0, 210, False, 3
570,0, 210, False, 3
571,0, 210, False, 3
572,0, 210, False, 3
573,0, 210, False, 3
574,0, 210, False, 3
575,0, 210, False, 3
576,0, 210, False, 3
577,0, 210, False, 3
578,0, 210, False, 3
579,0, 210, False, 3
580,0, 210, False, 3
581,0, 210, False, 0
582,10, 220, False, 0
583,0, 220, False, 0
584,0, 220, False, 0
585,0, 220, False, 0
586,0, 220, False, 0
587,0, 220, False, 0
588,0, 220, False, 0
589,0, 220, False, 0
590,0, 220, False, 0
591,0, 220, False, 0
592,0, 220, False, 5
593,0, 220, False, 5
594,10, 230, False, 5
595,0, 230, False, 5
596,0, 230, False, 5
597,0, 230, False, 5
598,0, 230, False, 5
599,0, 230, False, 5
600,0, 230, False, 5
601,0, 230, False, 5
602,0, 230, False, 5
603,0, 230, False, 5
604,0, 230, False, 5
605,0, 230, False, 5
606,0, 230, False, 5
607,0, 230, False, 5
608,10, 240, False, 5
609,0, 240, False, 5
610,0, 240, False, 5
611,0, 240, False, 5
612,0, 240, False, 5
613,0, 240, False, 5
614,0, 240, False, 5
615,0, 240, False, 5
616,0, 240, False, 5
617,0, 240, False, 5
618,0, 240, False, 5
619,0, 240, False, 5
620,50, 290, False, 5
621,0, 290, False, 5
622,0, 290, False, 5
623,0, 290, False, 5
624,0, 290, False, 5
625,0, 290, False, 5
626,0, 290, False, 5
627,0, 290, False, 5
628,0, 290, False, 5
629,0, 290, False, 5
630,0, 290, False, 0
631,0, 290, False, 0
632,0, 290, False, 0
633,0, 290, False, 0
634,10, 300, False, 0
635,0, 300, False, 0
636,0, 300, False, 0
637,0, 300, False, 0
638,0, 300, False, 0
639,0, 300, False, 0
640,0, 300, False, 0
641,0, 300, False, 2
642,0, 300, False, 2
643,0, 300, False, 2
644,0, 300, False, 2
645,0, 300, False, 2
646,0, 300, False, 2
647,0, 300, False, 2
648,0, 300, False, 2
649,0, 300, False, 2
650,0, 300, False, 2
651,0, 300, False, 2
652,0, 300, False, 2
653,0, 300, False, 2
654,0, 300, False, 2
655,0, 300, False, 2
656,0, 300, False, 2
657,0, 300, False, 2
658,0, 300, False, 2
659,0, 300, False, 2
660,0, 300, False, 2
661,0, 300, False, 2
662,0, 300, False, 2
663,0, 300, False, 2
664,0, 300, False, 2
665,0, 300, False, 2
666,0, 300, False, 2
667,0, 300, False, 2
668,0, 300, False, 2
669,0, 300, False, 2
670,0, 300, False, 2
671,0, 300, False, 2
672,0, 300, False, 0
673,0, 300, False, 0
674,0, 300, False, 0
675,0, 300, False, 0
676,0, 300, False, 0
677,0, 300, False, 4
678,0, 300, False, 4
679,0, 300, False, 4
680,0, 300, False, 4
681,0, 300, False, 4
682,0, 300, False, 4
683,0, 300, False, 4
684,0, 300, False, 4
685,0, 300, False, 4
686,0, 300, False, 4
687,0, 300, False, 4
688,0, 300, False, 4
689,0, 300, False, 4
690,0, 300, False, 4
691,0, 300, False, 4
692,0, 300, False, 4
693,0, 300, False, 4
694,0, 300, False, 4
695,0, 300, False, 4
696,0, 300, False, 4
697,0, 300, False, 4
698,200, 500, False, 4
699,0, 500, False, 4
700,0, 500, False, 4
701,0, 500, False, 4
702,0, 500, False, 4
703,0, 500, False, 4
704,0, 500, False, 4
705,0, 500, False, 4
706,0, 500, False, 4
707,0, 500, False, 4
708,0, 500, False, 4
709,0, 500, False, 4
710,0, 500, False, 4
711,0, 500, False, 4
712,0, 500, False, 4
713,0, 500, False, 4
714,0, 500, False, 0
715,0, 500, False, 0
716,0, 500, False, 0
717,0, 500, False, 0
718,0, 500, False, 0
719,0, 500, False, 0
720,0, 500, False, 0
721,0, 500, False, 0
722,0, 500, False, 0
723,0, 500, False, 0
724,0, 500, False, 0
725,0, 500, False, 0
726,0, 500, False, 0
727,0, 500, False, 0
728,0, 500, False, 2
729,0, 500, False, 2
730,0, 500, False, 2
731,0, 500, False, 2
732,0, 500, False, 0
733,0, 500, False, 0
734,0, 500, False, 0
735,0, 500, False, 0
736,0, 500, False, 0
737,0, 500, False, 0
738,0, 500, False, 0
739,0, 500, False, 0
740,0, 500, False, 0
741,0, 500, False, 0
742,10, 510, False, 0
743,0, 510, False, 0
744,0, 510, False, 0
745,0, 510, False, 0
746,0, 510, False, 0
747,0, 510, False, 2
748,0, 510, False, 2
749,0, 510, False, 2
750,0, 510, False, 2
751,0, 510, False, 2
752,0, 510, False, 2
753,0, 510, False, 2
754,0, 510, False, 2
755,0, 510, False, 2
756,10, 520, False, 2
757,0, 520, False, 2
758,0, 520, False, 2
759,0, 520, False, 2
760,0, 520, False, 2
761,0, 520, False, 4
762,0, 520, False, 4
763,0, 520, False, 4
764,0, 520, False, 4
765,0, 520, False, 4
766,0, 520, False, 4
767,0, 520, False, 4
768,0, 520, False, 4
769,0, 520, False, 4
770,10, 530, False, 4
771,0, 530, False, 4
772,0, 530, False, 4
773,0, 530, False, 4
774,0, 530, False, 4
775,0, 530, False, 4
776,0, 530, False, 4
777,0, 530, False, 4
778,0, 530, False, 4
779,0, 530, False, 4
780,0, 530, False, 4
781,0, 530, False, 4
782,0, 530, False, 4
783,0, 530, False, 4
784,0, 530, False, 4
785,0, 530, False, 4
786,0, 530, False, 0
787,0, 530, False, 0
788,0, 530, False, 0
789,0, 530, False, 0
790,0, 530, False, 0
791,0, 530, False, 2
792,0, 530, False, 2
793,0, 530, False, 2
794,0, 530, False, 2
795,0, 530, False, 2
796,0, 530, False, 2
797,0, 530, False, 2
798,0, 530, False, 2
799,0, 530, False, 2
800,0, 530, False, 2
801,0, 530, False, 2
802,400, 930, False, 2
803,0, 930, False, 2
804,0, 930, False, 2
805,0, 930, False, 2
806,0, 930, False, 2
807,0, 930, False, 2
808,0, 930, False, 2
809,0, 930, False, 0
810,0, 930, False, 0
811,0, 930, False, 0
812,0, 930, False, 0
813,0, 930, False, 0
814,0, 930, False, 0
815,0, 930, False, 0
816,0, 930, False, 0
817,0, 930, False, 0
818,0, 930, False, 0
819,0, 930, False, 0
820,0, 930, False, 0
821,0, 930, False, 0
822,0, 930, False, 0
823,0, 930, False, 0
824,0, 930, False, 0
825,0, 930, False, 0
826,0, 930, False, 0
827,0, 930, False, 0
828,0, 930, False, 5
829,0, 930, False, 5
830,0, 930, False, 5
831,0, 930, False, 5
832,0, 930, False, 5
833,0, 930, False, 5
834,0, 930, False, 5
835,0, 930, False, 5
836,0, 930, False, 5
837,0, 930, False, 5
838,0, 930, False, 5
839,0, 930, False, 5
840,0, 930, False, 5
841,0, 930, False, 5
842,0, 930, False, 5
843,0, 930, False, 5
844,0, 930, False, 5
845,0, 930, False, 5
846,0, 930, False, 5
847,0, 930, False, 9
848,0, 930, False, 4
849,0, 930, False, 4
850,0, 930, False, 4
851,0, 930, False, 4
852,0, 930, False, 4
853,0, 930, False, 4
854,0, 930, False, 4
855,0, 930, False, 4
856,0, 930, False, 4
857,0, 930, False, 4
858,0, 930, False, 4
859,0, 930, False, 4
860,0, 930, False, 4
861,0, 930, False, 4
862,0, 930, False, 4
863,0, 930, False, 4
864,0, 930, False, 4
865,0, 930, False, 4
866,0, 930, False, 4
867,0, 930, False, 4
868,0, 930, False, 4
869,0, 930, False, 4
870,0, 930, False, 4
871,0, 930, False, 4
872,0, 930, False, 4
873,0, 930, False, 4
874,0, 930, False, 4
875,0, 930, False, 4
876,0, 930, False, 4
877,0, 930, False, 4
878,0, 930, False, 4
879,0, 930, False, 4
880,0, 930, False, 4
881,0, 930, False, 4
882,10, 940, False, 4
883,0, 940, False, 4
884,0, 940, False, 4
885,0, 940, False, 4
886,0, 940, False, 4
887,0, 940, False, 4
888,0, 940, False, 4
889,0, 940, False, 4
890,0, 940, False, 4
891,0, 940, False, 4
892,0, 940, False, 4
893,0, 940, False, 4
894,0, 940, False, 4
895,0, 940, False, 4
896,10, 950, False, 4
897,0, 950, False, 4
898,0, 950, False, 4
899,0, 950, False, 4
900,0, 950, False, 4
901,0, 950, False, 4
902,0, 950, False, 4
903,0, 950, False, 4
904,0, 950, False, 4
905,0, 950, False, 4
906,0, 950, False, 4
907,0, 950, False, 4
908,0, 950, False, 4
909,0, 950, False, 4
910,10, 960, False, 4
911,0, 960, False, 4
912,0, 960, False, 4
913,0, 960, False, 4
914,0, 960, False, 4
915,0, 960, False, 4
916,0, 960, False, 4
917,0, 960, False, 4
918,0, 960, False, 4
919,0, 960, False, 4
920,0, 960, False, 4
921,0, 960, False, 4
922,10, 970, False, 4
923,0, 970, False, 4
924,0, 970, False, 4
925,0, 970, False, 4
926,0, 970, False, 4
927,0, 970, False, 4
928,0, 970, False, 4
929,0, 970, False, 4
930,0, 970, False, 4
931,0, 970, False, 4
932,0, 970, False, 4
933,0, 970, False, 4
934,0, 970, False, 4
935,0, 970, False, 4
936,10, 980, False, 4
937,0, 980, False, 4
938,0, 980, False, 4
939,0, 980, False, 4
940,0, 980, False, 4
941,0, 980, False, 4
942,0, 980, False, 4
943,0, 980, False, 4
944,0, 980, False, 4
945,0, 980, False, 4
946,0, 980, False, 4
947,0, 980, False, 5
948,0, 980, False, 5
949,0, 980, False, 5
950,10, 990, False, 5
951,0, 990, False, 5
952,0, 990, False, 5
953,0, 990, False, 5
954,0, 990, False, 5
955,0, 990, False, 5
956,0, 990, False, 5
957,0, 990, False, 5
958,0, 990, False, 5
959,0, 990, False, 5
960,10, 1000, False, 5
961,0, 1000, False, 5
962,0, 1000, False, 5
963,0, 1000, False, 5
964,0, 1000, False, 5
965,0, 1000, False, 5
966,0, 1000, False, 5
967,0, 1000, False, 5
968,0, 1000, False, 5
969,0, 1000, False, 5
970,0, 1000, False, 5
971,0, 1000, False, 5
972,0, 1000, False, 0
973,0, 1000, False, 0
974,10, 1010, False, 0
975,0, 1010, False, 0
976,0, 1010, False, 0
977,0, 1010, False, 0
978,0, 1010, False, 0
979,0, 1010, False, 0
980,0, 1010, False, 2
981,0, 1010, False, 2
982,0, 1010, False, 2
983,0, 1010, False, 2
984,0, 1010, False, 2
985,0, 1010, False, 2
986,0, 1010, False, 2
987,0, 1010, False, 2
988,0, 1010, False, 2
989,0, 1010, False, 2
990,0, 1010, False, 2
991,0, 1010, False, 2
992,0, 1010, False, 2
993,0, 1010, False, 2
994,0, 1010, False, 2
995,0, 1010, False, 2
996,0, 1010, False, 2
997,0, 1010, False, 2
998,0, 1010, False, 2
999,0, 1010, False, 2
1000,0, 1010, False, 2
1001,0, 1010, False, 2
1002,0, 1010, False, 2
1003,0, 1010, False, 2
1004,0, 1010, False, 2
1005,0, 1010, False, 2
1006,0, 1010, False, 2
1007,0, 1010, False, 2
1008,0, 1010, False, 0
1009,0, 1010, False, 0
1010,0, 1010, False, 0
1011,0, 1010, False, 0
1012,0, 1010, False, 0
1013,0, 1010, False, 0
1014,0, 1010, False, 0
1015,0, 1010, False, 0
1016,0, 1010, False, 0
1017,0, 1010, False, 0
1018,0, 1010, False, 5
1019,0, 1010, False, 5
1020,0, 1010, False, 5
1021,0, 1010, False, 5
1022,0, 1010, False, 5
1023,0, 1010, False, 5
1024,0, 1010, False, 5
1025,0, 1010, False, 5
1026,0, 1010, False, 5
1027,0, 1010, False, 5
1028,0, 1010, False, 5
1029,0, 1010, False, 5
1030,0, 1010, False, 5
1031,0, 1010, False, 5
1032,0, 1010, False, 5
1033,0, 1010, False, 5
1034,0, 1010, False, 5
1035,0, 1010, False, 9
1036,0, 1010, False, 9
1037,0, 1010, False, 9
1038,0, 1010, False, 4
1039,0, 1010, False, 4
1040,0, 1010, False, 4
1041,0, 1010, False, 4
1042,0, 1010, False, 4
1043,0, 1010, False, 4
1044,0, 1010, False, 4
1045,0, 1010, False, 4
1046,0, 1010, False, 4
1047,0, 1010, False, 4
1048,0, 1010, False, 4
1049,0, 1010, False, 4
1050,0, 1010, False, 4
1051,0, 1010, False, 4
1052,10, 1020, False, 4
1053,0, 1020, False, 4
1054,0, 1020, False, 4
1055,0, 1020, False, 4
1056,0, 1020, False, 4
1057,0, 1020, False, 4
1058,0, 1020, False, 4
1059,0, 1020, False, 4
1060,0, 1020, False, 4
1061,0, 1020, False, 4
1062,0, 1020, False, 4
1063,0, 1020, False, 4
1064,0, 1020, False, 4
1065,0, 1020, False, 4
1066,10, 1030, False, 4
1067,0, 1030, False, 4
1068,0, 1030, False, 4
1069,0, 1030, False, 4
1070,0, 1030, False, 4
1071,0, 1030, False, 4
1072,0, 1030, False, 4
1073,0, 1030, False, 4
1074,0, 1030, False, 4
1075,0, 1030, False, 9
1076,0, 1030, False, 9
1077,0, 1030, False, 9
1078,10, 1040, False, 9
1079,0, 1040, False, 9
1080,0, 1040, False, 5
1081,0, 1040, False, 5
1082,0, 1040, False, 5
1083,0, 1040, False, 5
1084,0, 1040, False, 5
1085,0, 1040, False, 5
1086,0, 1040, False, 5
1087,0, 1040, False, 5
1088,0, 1040, False, 5
1089,0, 1040, False, 5
1090,10, 1050, False, 5
1091,0, 1050, False, 5
1092,0, 1050, False, 5
1093,0, 1050, False, 5
1094,0, 1050, False, 5
1095,0, 1050, False, 5
1096,0, 1050, False, 5
1097,0, 1050, False, 5
1098,0, 1050, False, 5
1099,0, 1050, False, 5
1100,0, 1050, False, 5
1101,0, 1050, False, 5
1102,0, 1050, False, 5
1103,0, 1050, False, 5
1104,0, 1050, False, 5
1105,0, 1050, False, 5
1106,0, 1050, False, 5
1107,0, 1050, False, 5
1108,50, 1100, False, 5
1109,0, 1100, False, 5
1110,0, 1100, False, 5
1111,0, 1100, False, 5
1112,200, 1300, False, 5
1113,0, 1300, False, 5
1114,0, 1300, False, 5
1115,0, 1300, False, 5
1116,0, 1300, False, 5
1117,0, 1300, False, 5
1118,0, 1300, False, 5
1119,0, 1300, False, 5
1120,0, 1300, False, 5
1121,0, 1300, False, 5
1122,0, 1300, False, 5
1123,0, 1300, False, 5
1124,0, 1300, False, 5
1125,0, 1300, False, 5
1126,0, 1300, False, 3
1127,0, 1300, False, 3
1128,0, 1300, False, 3
1129,0, 1300, False, 3
1130,0, 1300, False, 3
1131,0, 1300, False, 3
1132,10, 1310, False, 3
1133,0, 1310, False, 3
1134,0, 1310, False, 3
1135,0, 1310, False, 3
1136,0, 1310, False, 3
1137,0, 1310, False, 3
1138,0, 1310, False, 3
1139,0, 1310, False, 3
1140,0, 1310, False, 3
1141,0, 1310, False, 3
1142,0, 1310, False, 3
1143,0, 1310, False, 3
1144,0, 1310, False, 3
1145,0, 1310, False, 3
1146,10, 1320, False, 3
1147,0, 1320, False, 3
1148,0, 1320, False, 3
1149,0, 1320, False, 3
1150,0, 1320, False, 3
1151,0, 1320, False, 3
1152,0, 1320, False, 3
1153,0, 1320, False, 3
1154,0, 1320, False, 3
1155,0, 1320, False, 3
1156,0, 1320, False, 3
1157,0, 1320, False, 3
1158,0, 1320, False, 3
1159,0, 1320, False, 3
1160,10, 1330, False, 3
1161,0, 1330, False, 3
1162,0, 1330, False, 3
1163,0, 1330, False, 3
1164,0, 1330, False, 3
1165,0, 1330, False, 3
1166,0, 1330, False, 3
1167,0, 1330, False, 3
1168,0, 1330, False, 3
1169,0, 1330, False, 3
1170,0, 1330, False, 3
1171,0, 1330, False, 3
1172,0, 1330, False, 3
1173,0, 1330, False, 3
1174,10, 1340, False, 3
1175,0, 1340, False, 3
1176,0, 1340, False, 3
1177,0, 1340, False, 3
1178,0, 1340, False, 3
1179,0, 1340, False, 3
1180,0, 1340, False, 3
1181,0, 1340, False, 3
1182,0, 1340, False, 3
1183,0, 1340, False, 3
1184,0, 1340, False, 3
1185,0, 1340, False, 3
1186,10, 1350, False, 3
1187,0, 1350, False, 3
1188,0, 1350, False, 3
1189,0, 1350, False, 3
1190,0, 1350, False, 3
1191,0, 1350, False, 3
1192,0, 1350, False, 3
1193,0, 1350, False, 3
1194,0, 1350, False, 3
1195,0, 1350, False, 3
1196,0, 1350, False, 3
1197,0, 1350, False, 3
1198,0, 1350, False, 3
1199,0, 1350, False, 3
1200,10, 1360, False, 3
1201,0, 1360, False, 3
1202,0, 1360, False, 3
1203,0, 1360, False, 3
1204,0, 1360, False, 3
1205,0, 1360, False, 3
1206,0, 1360, False, 3
1207,0, 1360, False, 3
1208,0, 1360, False, 3
1209,0, 1360, False, 3
1210,0, 1360, False, 3
1211,0, 1360, False, 3
1212,0, 1360, False, 3
1213,0, 1360, False, 3
1214,10, 1370, False, 3
1215,0, 1370, False, 3
1216,0, 1370, False, 3
1217,0, 1370, False, 3
1218,0, 1370, False, 3
1219,0, 1370, False, 3
1220,0, 1370, False, 3
1221,0, 1370, False, 3
1222,0, 1370, False, 3
1223,0, 1370, False, 3
1224,0, 1370, False, 3
1225,0, 1370, False, 3
1226,10, 1380, False, 3
1227,0, 1380, False, 3
1228,0, 1380, False, 3
1229,0, 1380, False, 3
1230,0, 1380, False, 3
1231,0, 1380, False, 3
1232,0, 1380, False, 3
1233,0, 1380, False, 3
1234,0, 1380, False, 3
1235,0, 1380, False, 3
1236,0, 1380, False, 3
1237,0, 1380, False, 3
1238,0, 1380, False, 3
1239,0, 1380, False, 3
1240,10, 1390, False, 3
1241,0, 1390, False, 3
1242,0, 1390, False, 3
1243,0, 1390, False, 3
1244,0, 1390, False, 3
1245,0, 1390, False, 3
1246,0, 1390, False, 3
1247,0, 1390, False, 3
1248,0, 1390, False, 3
1249,0, 1390, False, 3
1250,0, 1390, False, 3
1251,0, 1390, False, 3
1252,0, 1390, False, 3
1253,0, 1390, False, 3
1254,0, 1390, False, 3
1255,0, 1390, False, 3
1256,0, 1390, False, 3
1257,0, 1390, False, 3
1258,10, 1400, False, 6
1259,0, 1400, False, 2
1260,0, 1400, False, 2
1261,0, 1400, False, 2
1262,0, 1400, False, 2
1263,0, 1400, False, 2
1264,0, 1400, False, 2
1265,0, 1400, False, 2
1266,0, 1400, False, 2
1267,0, 1400, False, 2
1268,0, 1400, False, 2
1269,0, 1400, False, 2
1270,0, 1400, False, 2
1271,0, 1400, False, 2
1272,0, 1400, False, 2
1273,0, 1400, False, 2
1274,0, 1400, False, 2
1275,0, 1400, False, 2
1276,0, 1400, False, 2
1277,0, 1400, False, 2
1278,0, 1400, False, 2
1279,0, 1400, False, 2
1280,0, 1400, False, 2
1281,0, 1400, False, 2
1282,0, 1400, False, 2
1283,0, 1400, False, 2
1284,0, 1400, False, 2
1285,0, 1400, False, 2
1286,0, 1400, False, 2
1287,0, 1400, False, 2
1288,0, 1400, False, 2
1289,0, 1400, False, 2
1290,0, 1400, False, 0
1291,0, 1400, False, 0
1292,0, 1400, False, 0
1293,0, 1400, False, 0
1294,0, 1400, False, 0
1295,0, 1400, False, 4
1296,0, 1400, False, 4
1297,0, 1400, False, 4
1298,0, 1400, False, 4
1299,0, 1400, False, 4
1300,0, 1400, False, 4
1301,0, 1400, False, 4
1302,0, 1400, False, 4
1303,0, 1400, False, 4
1304,0, 1400, False, 4
1305,0, 1400, False, 4
1306,0, 1400, False, 4
1307,0, 1400, False, 4
1308,0, 1400, False, 4
1309,0, 1400, False, 4
1310,0, 1400, False, 4
1311,0, 1400, False, 4
1312,0, 1400, False, 4
1313,0, 1400, False, 4
1314,0, 1400, False, 4
1315,0, 1400, False, 4
1316,0, 1400, False, 4
1317,0, 1400, False, 4
1318,0, 1400, False, 4
1319,0, 1400, False, 4
1320,10, 1410, False, 4
1321,0, 1410, False, 4
1322,0, 1410, False, 4
1323,0, 1410, False, 4
1324,0, 1410, False, 4
1325,0, 1410, False, 4
1326,0, 1410, False, 4
1327,0, 1410, False, 4
1328,0, 1410, False, 4
1329,0, 1410, False, 4
1330,0, 1410, False, 4
1331,0, 1410, False, 4
1332,0, 1410, False, 4
1333,0, 1410, False, 4
1334,0, 1410, False, 4
1335,0, 1410, False, 4
1336,0, 1410, False, 4
1337,0, 1410, False, 4
1338,10, 1420, False, 4
1339,0, 1420, False, 4
1340,0, 1420, False, 4
1341,0, 1420, False, 4
1342,0, 1420, False, 4
1343,0, 1420, False, 4
1344,0, 1420, False, 4
1345,0, 1420, False, 4
1346,0, 1420, False, 4
1347,0, 1420, False, 4
1348,0, 1420, False, 4
1349,0, 1420, False, 4
1350,0, 1420, False, 0
1351,0, 1420, False, 0
1352,10, 1430, False, 5
1353,0, 1430, False, 5
1354,0, 1430, False, 5
1355,0, 1430, False, 5
1356,0, 1430, False, 5
1357,0, 1430, False, 5
1358,0, 1430, False, 5
1359,0, 1430, False, 5
1360,0, 1430, False, 5
1361,0, 1430, False, 5
1362,0, 1430, False, 5
1363,0, 1430, False, 5
1364,10, 1440, False, 5
1365,0, 1440, False, 5
1366,0, 1440, False, 5
1367,0, 1440, False, 5
1368,0, 1440, False, 5
1369,0, 1440, False, 5
1370,0, 1440, False, 5
1371,0, 1440, False, 5
1372,0, 1440, False, 5
1373,0, 1440, False, 5
1374,0, 1440, False, 0
1375,0, 1440, False, 0
1376,0, 1440, False, 0
1377,0, 1440, False, 0
1378,10, 1450, False, 0
1379,0, 1450, False, 0
1380,0, 1450, False, 0
1381,0, 1450, False, 0
1382,0, 1450, False, 2
1383,0, 1450, False, 2
1384,0, 1450, False, 2
1385,0, 1450, False, 2
1386,0, 1450, False, 2
1387,0, 1450, False, 2
1388,0, 1450, False, 2
1389,0, 1450, False, 2
1390,0, 1450, False, 2
1391,0, 1450, False, 2
1392,0, 1450, False, 2
1393,0, 1450, False, 0
1394,0, 1450, False, 4
1395,0, 1450, False, 4
1396,0, 1450, False, 4
1397,0, 1450, False, 4
1398,0, 1450, False, 4
1399,0, 1450, False, 4
1400,0, 1450, False, 4
1401,0, 1450, False, 4
1402,0, 1450, False, 4
1403,0, 1450, False, 4
1404,10, 1460, False, 4
1405,0, 1460, False, 4
1406,0, 1460, False, 4
1407,0, 1460, False, 4
1408,0, 1460, False, 4
1409,0, 1460, False, 4
1410,0, 1460, False, 4
1411,0, 1460, False, 4
1412,0, 1460, False, 4
1413,0, 1460, False, 4
1414,0, 1460, False, 4
1415,0, 1460, False, 4
1416,0, 1460, False, 4
1417,0, 1460, False, 4
1418,10, 1470, False, 4
1419,0, 1470, False, 0
1420,0, 1470, False, 0
1421,0, 1470, False, 0
1422,0, 1470, False, 0
1423,0, 1470, False, 2
1424,0, 1470, False, 2
1425,0, 1470, False, 2
1426,0, 1470, False, 2
1427,0, 1470, False, 2
1428,0, 1470, False, 2
1429,0, 1470, False, 2
1430,0, 1470, False, 2
1431,0, 1470, False, 2
1432,0, 1470, False, 2
1433,0, 1470, False, 2
1434,0, 1470, False, 2
1435,0, 1470, False, 2
1436,10, 1480, False, 2
1437,0, 1480, False, 2
1438,0, 1480, False, 2
1439,0, 1480, False, 2
1440,0, 1480, False, 2
1441,0, 1480, False, 2
1442,0, 1480, False, 2
1443,0, 1480, False, 2
1444,0, 1480, False, 2
1445,0, 1480, False, 2
1446,0, 1480, False, 2
1447,0, 1480, False, 2
1448,0, 1480, False, 2
1449,0, 1480, False, 2
1450,10, 1490, False, 2
1451,0, 1490, False, 2
1452,0, 1490, False, 2
1453,0, 1490, False, 2
1454,0, 1490, False, 2
1455,0, 1490, False, 2
1456,0, 1490, False, 2
1457,0, 1490, False, 6
1458,0, 1490, False, 6
1459,0, 1490, False, 6
1460,0, 1490, False, 3
1461,0, 1490, False, 3
1462,0, 1490, False, 3
1463,0, 1490, False, 3
1464,0, 1490, False, 3
1465,0, 1490, False, 3
1466,0, 1490, False, 3
1467,0, 1490, False, 3
1468,0, 1490, False, 3
1469,0, 1490, False, 3
1470,0, 1490, False, 3
1471,0, 1490, False, 3
1472,0, 1490, False, 3
1473,0, 1490, False, 3
1474,0, 1490, False, 3
1475,0, 1490, False, 3
1476,0, 1490, False, 3
1477,0, 1490, False, 8
1478,0, 1490, False, 8
1479,0, 1490, False, 8
1480,0, 1490, False, 8
1481,0, 1490, False, 5
1482,0, 1490, False, 5
1483,0, 1490, False, 5
1484,0, 1490, False, 5
1485,0, 1490, False, 5
1486,0, 1490, False, 5
1487,0, 1490, False, 5
1488,0, 1490, False, 5
1489,0, 1490, False, 5
1490,0, 1490, False, 5
1491,0, 1490, False, 5
1492,10, 1500, False, 5
1493,0, 1500, False, 0
1494,0, 1500, False, 0
1495,0, 1500, False, 0
1496,0, 1500, False, 0
1497,0, 1500, False, 0
1498,0, 1500, False, 0
1499,0, 1500, False, 0
1500,0, 1500, False, 0
1501,0, 1500, False, 0
1502,0, 1500, False, 0
1503,0, 1500, False, 0
1504,0, 1500, False, 0
1505,0, 1500, False, 0
1506,0, 1500, False, 0
1507,0, 1500, False, 0
1508,0, 1500, False, 0
1509,0, 1500, False, 0
1510,0, 1500, False, 0
1511,0, 1500, False, 0
1512,0, 1500, False, 0
1513,0, 1500, False, 0
1514,0, 1500, False, 0
1515,0, 1500, False, 0
1516,0, 1500, False, 0
1517,0, 1500, False, 0
1518,0, 1500, False, 0
1519,0, 1500, False, 0
1520,0, 1500, False, 0
1521,0, 1500, False, 0
1522,0, 1500, False, 0
1523,0, 1500, False, 0
1524,0, 1500, False, 0
1525,0, 1500, False, 0
1526,0, 1500, False, 0
1527,0, 1500, False, 0
1528,0, 1500, False, 0
1529,0, 1500, False, 0
1530,0, 1500, False, 0
1531,0, 1500, False, 0
1532,0, 1500, False, 0
1533,0, 1500, False, 0
1534,0, 1500, False, 0
1535,0, 1500, False, 0
1536,0, 1500, False, 0
1537,0, 1500, False, 0
1538,0, 1500, False, 0
1539,0, 1500, False, 0
1540,0, 1500, False, 0
1541,0, 1500, False, 0
1542,0, 1500, False, 0
1543,0, 1500, False, 4
1544,0, 1500, False, 4
1545,0, 1500, False, 4
1546,0, 1500, False, 4
1547,0, 1500, False, 4
1548,0, 1500, False, 4
1549,0, 1500, False, 4
1550,0, 1500, False, 4
1551,0, 1500, False, 4
1552,0, 1500, False, 4
1553,0, 1500, False, 4
1554,0, 1500, False, 4
1555,0, 1500, False, 4
1556,0, 1500, False, 4
1557,0, 1500, False, 4
1558,0, 1500, False, 4
1559,0, 1500, False, 4
1560,0, 1500, False, 4
1561,0, 1500, False, 4
1562,0, 1500, False, 4
1563,0, 1500, False, 4
1564,0, 1500, False, 4
1565,0, 1500, False, 4
1566,0, 1500, False, 4
1567,0, 1500, False, 4
1568,0, 1500, False, 4
1569,0, 1500, False, 4
1570,0, 1500, False, 4
1571,0, 1500, False, 4
1572,0, 1500, False, 4
1573,0, 1500, False, 4
1574,0, 1500, False, 4
1575,0, 1500, False, 4
1576,0, 1500, False, 4
1577,0, 1500, False, 4
1578,0, 1500, False, 4
1579,0, 1500, False, 0
1580,0, 1500, False, 2
1581,0, 1500, False, 2
1582,0, 1500, False, 2
1583,0, 1500, False, 2
1584,0, 1500, False, 2
1585,0, 1500, False, 2
1586,0, 1500, False, 2
1587,0, 1500, False, 2
1588,0, 1500, False, 2
1589,0, 1500, False, 2
1590,0, 1500, False, 2
1591,0, 1500, False, 2
1592,0, 1500, False, 2
1593,0, 1500, False, 2
1594,0, 1500, False, 2
1595,0, 1500, False, 2
1596,0, 1500, False, 2
1597,0, 1500, False, 2
1598,0, 1500, False, 2
1599,0, 1500, False, 2
1600,0, 1500, False, 2
1601,0, 1500, False, 2
1602,10, 1510, False, 2
1603,0, 1510, False, 2
1604,0, 1510, False, 2
1605,0, 1510, False, 2
1606,0, 1510, False, 2
1607,0, 1510, False, 2
1608,0, 1510, False, 2
1609,0, 1510, False, 2
1610,0, 1510, False, 2
1611,0, 1510, False, 2
1612,0, 1510, False, 2
1613,0, 1510, False, 2
1614,0, 1510, False, 2
1615,0, 1510, False, 2
1616,10, 1520, False, 2
1617,0, 1520, False, 2
1618,0, 1520, False, 2
1619,0, 1520, False, 2
1620,0, 1520, False, 2
1621,0, 1520, False, 2
1622,0, 1520, False, 2
1623,0, 1520, False, 2
1624,0, 1520, False, 2
1625,0, 1520, False, 2
1626,0, 1520, False, 2
1627,0, 1520, False, 2
1628,0, 1520, False, 2
1629,0, 1520, False, 2
1630,0, 1520, False, 2
1631,0, 1520, False, 2
1632,0, 1520, False, 2
1633,0, 1520, False, 2
1634,0, 1520, False, 2
1635,0, 1520, False, 2
1636,0, 1520, False, 0
1637,0, 1520, False, 0
1638,0, 1520, False, 0
1639,0, 1520, False, 3
1640,0, 1520, False, 3
1641,0, 1520, False, 3
1642,0, 1520, False, 3
1643,0, 1520, False, 3
1644,0, 1520, False, 3
1645,0, 1520, False, 3
1646,0, 1520, False, 3
1647,0, 1520, False, 3
1648,0, 1520, False, 3
1649,0, 1520, False, 3
1650,0, 1520, False, 3
1651,0, 1520, False, 3
1652,0, 1520, False, 3
1653,0, 1520, False, 3
1654,0, 1520, False, 3
1655,0, 1520, False, 3
1656,0, 1520, False, 3
1657,0, 1520, False, 3
1658,0, 1520, False, 3
1659,0, 1520, False, 3
1660,0, 1520, False, 3
1661,0, 1520, False, 3
1662,0, 1520, False, 3
1663,0, 1520, False, 3
1664,0, 1520, False, 3
1665,0, 1520, False, 3
1666,0, 1520, False, 3
1667,0, 1520, False, 3
1668,0, 1520, False, 3
1669,0, 1520, False, 3
1670,0, 1520, False, 3
1671,0, 1520, False, 3
1672,0, 1520, False, 3
1673,0, 1520, False, 3
1674,0, 1520, False, 3
1675,0, 1520, False, 0
1676,0, 1520, False, 0
1677,0, 1520, False, 0
1678,0, 1520, False, 2
1679,0, 1520, False, 2
1680,0, 1520, False, 2
1681,0, 1520, False, 2
1682,0, 1520, False, 2
1683,0, 1520, False, 2
1684,0, 1520, False, 2
1685,0, 1520, False, 2
1686,0, 1520, False, 2
1687,0, 1520, False, 2
1688,0, 1520, False, 2
1689,0, 1520, False, 2
1690,0, 1520, False, 2
1691,0, 1520, False, 2
1692,0, 1520, False, 2
1693,0, 1520, False, 2
1694,0, 1520, False, 2
1695,0, 1520, False, 2
1696,0, 1520, False, 2
1697,0, 1520, False, 0
1698,10, 1530, False, 0
1699,0, 1530, False, 0
1700,0, 1530, False, 0
1701,0, 1530, False, 0
1702,0, 1530, False, 0
1703,0, 1530, False, 0
1704,0, 1530, False, 0
1705,0, 1530, False, 0
1706,0, 1530, False, 0
1707,0, 1530, False, 0
1708,0, 1530, False, 4
1709,0, 1530, False, 4
1710,0, 1530, False, 4
1711,0, 1530, False, 4
1712,10, 1540, False, 4
1713,0, 1540, False, 4
1714,0, 1540, False, 4
1715,0, 1540, False, 4
1716,0, 1540, False, 4
1717,0, 1540, False, 4
1718,0, 1540, False, 4
1719,0, 1540, False, 4
1720,0, 1540, False, 4
1721,0, 1540, False, 4
1722,10, 1550, False, 4
1723,0, 1550, False, 4
1724,0, 1550, False, 4
1725,0, 1550, False, 4
1726,0, 1550, False, 4
1727,0, 1550, False, 4
1728,0, 1550, False, 4
1729,0, 1550, False, 4
1730,0, 1550, False, 4
1731,0, 1550, False, 4
1732,0, 1550, False, 4
1733,0, 1550, False, 4
1734,0, 1550, False, 4
1735,0, 1550, False, 4
1736,10, 1560, False, 4
1737,0, 1560, False, 4
1738,0, 1560, False, 4
1739,0, 1560, False, 4
1740,0, 1560, False, 4
1741,0, 1560, False, 4
1742,0, 1560, False, 4
1743,0, 1560, False, 4
1744,0, 1560, False, 4
1745,0, 1560, False, 4
1746,0, 1560, False, 4
1747,0, 1560, False, 4
1748,0, 1560, False, 4
1749,0, 1560, False, 0
1750,10, 1570, False, 0
1751,0, 1570, False, 0
1752,0, 1570, False, 0
1753,0, 1570, False, 0
1754,0, 1570, False, 0
1755,0, 1570, False, 0
1756,0, 1570, False, 0
1757,0, 1570, False, 5
1758,0, 1570, False, 5
1759,0, 1570, False, 5
1760,0, 1570, False, 5
1761,0, 1570, False, 5
1762,10, 1580, False, 5
1763,0, 1580, False, 5
1764,0, 1580, False, 5
1765,0, 1580, False, 5
1766,0, 1580, False, 5
1767,0, 1580, False, 5
1768,0, 1580, False, 5
1769,0, 1580, False, 5
1770,0, 1580, False, 5
1771,0, 1580, False, 5
1772,0, 1580, False, 5
1773,0, 1580, False, 5
1774,0, 1580, False, 5
1775,0, 1580, False, 5
1776,10, 1590, False, 5
1777,0, 1590, False, 5
1778,0, 1590, False, 5
1779,0, 1590, False, 5
1780,0, 1590, False, 5
1781,0, 1590, False, 5
1782,0, 1590, False, 5
1783,0, 1590, False, 5
1784,0, 1590, False, 5
1785,0, 1590, False, 5
1786,0, 1590, False, 5
1787,0, 1590, False, 5
1788,10, 1600, False, 5
1789,0, 1600, False, 5
1790,0, 1600, False, 5
1791,0, 1600, False, 5
1792,0, 1600, False, 5
1793,0, 1600, False, 5
1794,0, 1600, False, 5
1795,0, 1600, False, 5
1796,0, 1600, False, 0
1797,0, 1600, False, 0
1798,0, 1600, False, 0
1799,0, 1600, False, 4
1800,0, 1600, False, 4
1801,0, 1600, False, 4
1802,10, 1610, False, 4
1803,0, 1610, False, 4
1804,0, 1610, False, 4
1805,0, 1610, False, 4
1806,0, 1610, False, 4
1807,0, 1610, False, 4
1808,0, 1610, False, 4
1809,0, 1610, False, 4
1810,0, 1610, False, 4
1811,0, 1610, False, 4
1812,0, 1610, False, 4
1813,0, 1610, False, 4
1814,0, 1610, False, 4
1815,0, 1610, False, 4
1816,0, 1610, False, 3
1817,0, 1610, False, 3
1818,0, 1610, False, 3
1819,0, 1610, False, 3
1820,0, 1610, False, 3
1821,0, 1610, False, 3
1822,0, 1610, False, 3
1823,0, 1610, False, 3
1824,0, 1610, False, 3
1825,0, 1610, False, 3
1826,0, 1610, False, 3
1827,0, 1610, False, 3
1828,0, 1610, False, 3
1829,0, 1610, False, 3
1830,0, 1610, False, 8
1831,0, 1610, False, 8
1832,0, 1610, False, 8
1833,0, 1610, False, 8
1834,0, 1610, False, 5
1835,0, 1610, False, 5
1836,0, 1610, False, 5
1837,0, 1610, False, 5
1838,10, 1620, False, 5
1839,0, 1620, False, 5
1840,0, 1620, False, 5
1841,0, 1620, False, 0
1842,0, 1620, False, 0
1843,0, 1620, False, 0
1844,0, 1620, False, 0
1845,0, 1620, False, 0
1846,0, 1620, False, 0
1847,0, 1620, False, 0
1848,0, 1620, False, 0
1849,0, 1620, False, 0
1850,0, 1620, False, 0
1851,0, 1620, False, 0
1852,0, 1620, False, 0
1853,0, 1620, False, 0
1854,0, 1620, False, 2
1855,0, 1620, False, 2
1856,0, 1620, False, 2
1857,0, 1620, False, 2
1858,0, 1620, False, 2
1859,0, 1620, False, 2
1860,0, 1620, False, 2
1861,0, 1620, False, 2
1862,0, 1620, False, 2
1863,0, 1620, False, 2
1864,0, 1620, False, 2
1865,0, 1620, False, 2
1866,0, 1620, False, 2
1867,0, 1620, False, 2
1868,0, 1620, False, 0
1869,0, 1620, False, 0
1870,0, 1620, False, 4
1871,0, 1620, False, 4
1872,0, 1620, False, 4
1873,0, 1620, False, 4
1874,0, 1620, False, 4
1875,0, 1620, False, 4
1876,0, 1620, False, 4
1877,0, 1620, False, 4
1878,0, 1620, False, 4
1879,0, 1620, False, 4
1880,0, 1620, False, 4
1881,0, 1620, False, 4
1882,0, 1620, False, 4
1883,0, 1620, False, 4
1884,0, 1620, False, 4
1885,0, 1620, False, 4
1886,10, 1630, False, 0
1887,0, 1630, False, 0
1888,0, 1630, False, 0
1889,0, 1630, False, 0
1890,0, 1630, False, 0
1891,0, 1630, False, 0
1892,0, 1630, False, 0
1893,0, 1630, False, 0
1894,0, 1630, False, 0
1895,0, 1630, False, 3
1896,0, 1630, False, 3
1897,0, 1630, False, 3
1898,0, 1630, False, 3
1899,0, 1630, False, 3
1900,0, 1630, False, 3
1901,0, 1630, False, 3
1902,0, 1630, False, 3
1903,0, 1630, False, 3
1904,0, 1630, False, 3
1905,0, 1630, False, 3
1906,0, 1630, False, 3
1907,0, 1630, False, 3
1908,0, 1630, False, 3
1909,0, 1630, False, 3
1910,0, 1630, False, 3
1911,0, 1630, False, 3
1912,0, 1630, False, 3
1913,0, 1630, False, 3
1914,0, 1630, False, 6
1915,0, 1630, False, 6
1916,0, 1630, False, 6
1917,0, 1630, False, 2
1918,0, 1630, False, 2
1919,0, 1630, False, 2
1920,0, 1630, False, 2
1921,0, 1630, False, 2
1922,0, 1630, False, 2
1923,0, 1630, False, 2
1924,0, 1630, False, 2
1925,0, 1630, False, 2
1926,0, 1630, False, 2
1927,0, 1630, False, 2
1928,0, 1630, False, 2
1929,0, 1630, False, 2
1930,0, 1630, False, 2
1931,0, 1630, False, 2
1932,0, 1630, False, 2
1933,0, 1630, False, 2
1934,0, 1630, False, 2
1935,0, 1630, False, 2
1936,0, 1630, False, 0
1937,0, 1630, False, 0
1938,0, 1630, False, 0
1939,0, 1630, False, 0
1940,0, 1630, False, 0
1941,0, 1630, False, 0
1942,0, 1630, False, 0
1943,0, 1630, False, 0
1944,0, 1630, False, 0
1945,0, 1630, False, 0
1946,0, 1630, False, 0
1947,0, 1630, False, 0
1948,0, 1630, False, 0
1949,0, 1630, False, 0
1950,10, 1640, False, 0
1951,0, 1640, False, 0
1952,0, 1640, False, 0
1953,0, 1640, False, 0
1954,0, 1640, False, 0
1955,0, 1640, False, 0
1956,0, 1640, False, 0
1957,0, 1640, False, 0
1958,0, 1640, False, 0
1959,0, 1640, False, 0
1960,0, 1640, False, 0
1961,0, 1640, False, 0
1962,0, 1640, False, 0
1963,0, 1640, False, 0
1964,10, 1650, False, 0
1965,0, 1650, False, 0
1966,0, 1650, False, 0
1967,0, 1650, False, 0
1968,0, 1650, False, 0
1969,0, 1650, False, 0
1970,0, 1650, False, 0
1971,0, 1650, False, 0
1972,0, 1650, False, 0
1973,0, 1650, False, 0
1974,0, 1650, False, 0
1975,0, 1650, False, 0
1976,0, 1650, False, 0
1977,0, 1650, False, 0
1978,10, 1660, False, 0
1979,0, 1660, False, 0
1980,0, 1660, False, 0
1981,0, 1660, False, 0
1982,0, 1660, False, 0
1983,0, 1660, False, 0
1984,0, 1660, False, 0
1985,0, 1660, False, 4
1986,0, 1660, False, 4
1987,0, 1660, False, 4
1988,0, 1660, False, 4
1989,0, 1660, False, 4
1990,0, 1660, False, 4
1991,0, 1660, False, 4
1992,10, 1670, False, 4
1993,0, 1670, False, 4
1994,0, 1670, False, 4
1995,0, 1670, False, 4
1996,0, 1670, False, 4
1997,0, 1670, False, 4
1998,0, 1670, False, 4
1999,0, 1670, False, 4
2000,0, 1670, False, 4
2001,0, 1670, False, 4
2002,0, 1670, False, 4
2003,0, 1670, False, 4
2004,10, 1680, False, 4
2005,0, 1680, False, 4
2006,0, 1680, False, 4
2007,0, 1680, False, 4
2008,0, 1680, False, 4
2009,0, 1680, False, 4
2010,0, 1680, False, 4
2011,0, 1680, False, 4
2012,0, 1680, False, 4
2013,0, 1680, False, 0
2014,0, 1680, False, 0
2015,0, 1680, False, 0
2016,0, 1680, False, 0
2017,0, 1680, False, 0
2018,0, 1680, False, 0
2019,0, 1680, False, 0
2020,0, 1680, False, 0
2021,0, 1680, False, 0
2022,0, 1680, False, 0
2023,0, 1680, False, 0
2024,0, 1680, False, 0
2025,0, 1680, False, 0
2026,0, 1680, False, 0
2027,0, 1680, False, 0
2028,0, 1680, False, 0
2029,0, 1680, False, 0
2030,0, 1680, False, 0
2031,0, 1680, False, 0
2032,0, 1680, False, 0
2033,0, 1680, False, 0
2034,0, 1680, False, 0
2035,0, 1680, False, 0
2036,0, 1680, False, 0
2037,0, 1680, False, 0
2038,0, 1680, False, 0
2039,0, 1680, False, 0
2040,0, 1680, False, 0
2041,0, 1680, False, 0
2042,0, 1680, False, 0
2043,0, 1680, False, 0
2044,0, 1680, False, 0
2045,0, 1680, False, 0
2046,0, 1680, False, 0
2047,0, 1680, False, 0
2048,0, 1680, False, 0
2049,0, 1680, False, 0
2050,0, 1680, False, 0
2051,0, 1680, False, 0
2052,0, 1680, False, 0
2053,0, 1680, False, 0
2054,0, 1680, False, 0
2055,0, 1680, False, 0
2056,0, 1680, False, 0
2057,0, 1680, False, 0
2058,0, 1680, False, 0
2059,0, 1680, False, 0
2060,0, 1680, False, 0
2061,0, 1680, False, 0
2062,0, 1680, False, 0
2063,0, 1680, False, 0
2064,0, 1680, False, 0
2065,0, 1680, False, 0
2066,0, 1680, False, 0
2067,0, 1680, False, 0
2068,0, 1680, False, 0
2069,0, 1680, False, 0
2070,0, 1680, False, 0
2071,0, 1680, False, 0
2072,0, 1680, False, 0
2073,0, 1680, False, 0
2074,0, 1680, False, 0
2075,0, 1680, False, 0
2076,0, 1680, False, 0
2077,0, 1680, False, 0
2078,0, 1680, False, 0
2079,0, 1680, False, 0
2080,0, 1680, False, 0
2081,0, 1680, False, 0
2082,0, 1680, False, 0
2083,0, 1680, False, 0
2084,0, 1680, False, 0
2085,0, 1680, False, 0
2086,0, 1680, False, 0
2087,0, 1680, False, 0
2088,0, 1680, False, 0
2089,0, 1680, False, 0
2090,0, 1680, False, 0
2091,0, 1680, False, 0
2092,0, 1680, False, 0
2093,0, 1680, False, 0
2094,0, 1680, False, 0
2095,0, 1680, False, 0
2096,0, 1680, False, 0
2097,0, 1680, False, 0
2098,0, 1680, False, 0
2099,0, 1680, False, 0
2100,0, 1680, False, 0
2101,0, 1680, False, 0
2102,0, 1680, False, 0
2103,0, 1680, False, 0
2104,0, 1680, False, 0
2105,0, 1680, False, 0
2106,0, 1680, False, 0
2107,0, 1680, False, 0
2108,0, 1680, False, 0
2109,0, 1680, False, 0
2110,0, 1680, False, 0
2111,0, 1680, False, 0
2112,0, 1680, False, 0
2113,0, 1680, False, 0
2114,0, 1680, False, 0
2115,0, 1680, False, 0
2116,0, 1680, False, 0
2117,0, 1680, False, 0
2118,0, 1680, False, 0
2119,0, 1680, False, 0
2120,0, 1680, False, 0
2121,0, 1680, False, 0
2122,0, 1680, False, 0
2123,0, 1680, False, 0
2124,0, 1680, False, 0
2125,0, 1680, False, 0
2126,0, 1680, False, 0
2127,0, 1680, False, 0
2128,0, 1680, False, 0
2129,0, 1680, False, 4
2130,0, 1680, False, 4
2131,0, 1680, False, 4
2132,0, 1680, False, 4
2133,0, 1680, False, 4
2134,0, 1680, False, 4
2135,0, 1680, False, 4
2136,0, 1680, False, 4
2137,0, 1680, False, 4
2138,0, 1680, False, 4
2139,0, 1680, False, 4
2140,0, 1680, False, 4
2141,0, 1680, False, 4
2142,0, 1680, False, 4
2143,0, 1680, False, 4
2144,0, 1680, False, 4
2145,0, 1680, False, 4
2146,0, 1680, False, 4
2147,0, 1680, False, 4
2148,0, 1680, False, 4
2149,0, 1680, False, 4
2150,0, 1680, False, 4
2151,0, 1680, False, 4
2152,0, 1680, False, 4
2153,0, 1680, False, 4
2154,0, 1680, False, 4
2155,0, 1680, False, 4
2156,0, 1680, False, 4
2157,0, 1680, False, 4
2158,0, 1680, False, 4
2159,0, 1680, False, 4
2160,0, 1680, False, 0
2161,0, 1680, False, 0
2162,0, 1680, False, 0
2163,0, 1680, False, 0
2164,0, 1680, False, 0
2165,0, 1680, False, 3
2166,0, 1680, False, 3
2167,0, 1680, False, 3
2168,0, 1680, False, 3
2169,0, 1680, False, 3
2170,0, 1680, False, 3
2171,0, 1680, False, 3
2172,0, 1680, False, 3
2173,0, 1680, False, 3
2174,0, 1680, False, 3
2175,0, 1680, False, 3
2176,0, 1680, False, 3
2177,0, 1680, False, 3
2178,0, 1680, False, 3
2179,0, 1680, False, 3
2180,0, 1680, False, 3
2181,0, 1680, False, 3
2182,0, 1680, False, 3
2183,0, 1680, False, 3
2184,0, 1680, False, 3
2185,0, 1680, False, 3
2186,0, 1680, False, 3
2187,0, 1680, False, 3
2188,0, 1680, False, 3
2189,0, 1680, False, 3
2190,0, 1680, False, 3
2191,0, 1680, False, 3
2192,0, 1680, False, 3
2193,0, 1680, False, 3
2194,0, 1680, False, 3
2195,0, 1680, False, 3
2196,0, 1680, False, 3
2197,0, 1680, False, 3
2198,0, 1680, False, 3
2199,0, 1680, False, 3
2200,0, 1680, False, 3
2201,0, 1680, False, 3
2202,0, 1680, False, 3
2203,0, 1680, False, 3
2204,0, 1680, False, 3
2205,0, 1680, False, 3
2206,0, 1680, False, 3
2207,0, 1680, False, 3
2208,0, 1680, False, 3
2209,0, 1680, False, 3
2210,0, 1680, False, 3
2211,0, 1680, False, 3
2212,0, 1680, False, 3
2213,0, 1680, False, 3
2214,0, 1680, False, 3
2215,0, 1680, False, 3
2216,0, 1680, False, 3
2217,0, 1680, False, 3
2218,0, 1680, False, 3
2219,0, 1680, False, 3
2220,0, 1680, False, 3
2221,0, 1680, False, 3
2222,0, 1680, False, 3
2223,0, 1680, False, 3
2224,0, 1680, False, 3
2225,0, 1680, False, 2
2226,0, 1680, False, 2
2227,0, 1680, False, 2
2228,0, 1680, False, 2
2229,0, 1680, False, 2
2230,0, 1680, False, 2
2231,0, 1680, False, 2
2232,0, 1680, False, 2
2233,0, 1680, False, 2
2234,0, 1680, False, 2
2235,0, 1680, False, 2
2236,0, 1680, False, 2
2237,0, 1680, False, 2
2238,0, 1680, False, 2
2239,0, 1680, False, 2
2240,0, 1680, False, 2
2241,0, 1680, False, 2
2242,10, 1690, False, 2
2243,0, 1690, False, 2
2244,0, 1690, False, 0
2245,0, 1690, False, 0
2246,0, 1690, False, 0
2247,0, 1690, False, 0
2248,0, 1690, False, 0
2249,0, 1690, False, 0
2250,0, 1690, False, 0
2251,0, 1690, False, 0
2252,0, 1690, False, 0
2253,0, 1690, False, 3
2254,0, 1690, False, 3
2255,0, 1690, False, 3
2256,10, 1700, False, 3
2257,0, 1700, False, 3
2258,0, 1700, False, 3
2259,0, 1700, False, 3
2260,0, 1700, False, 3
2261,0, 1700, False, 3
2262,0, 1700, False, 3
2263,0, 1700, False, 3
2264,0, 1700, False, 3
2265,0, 1700, False, 3
2266,10, 1710, False, 3
2267,0, 1710, False, 3
2268,0, 1710, False, 3
2269,0, 1710, False, 3
2270,0, 1710, False, 3
2271,0, 1710, False, 3
2272,0, 1710, False, 3
2273,0, 1710, False, 3
2274,0, 1710, False, 3
2275,0, 1710, False, 3
2276,0, 1710, False, 3
2277,0, 1710, False, 3
2278,10, 1720, False, 3
2279,0, 1720, False, 3
2280,0, 1720, False, 3
2281,0, 1720, False, 3
2282,0, 1720, False, 3
2283,0, 1720, False, 3
2284,0, 1720, False, 3
2285,0, 1720, False, 3
2286,0, 1720, False, 3
2287,0, 1720, False, 3
2288,0, 1720, False, 3
2289,0, 1720, False, 3
2290,0, 1720, False, 3
2291,0, 1720, False, 3
2292,10, 1730, False, 3
2293,0, 1730, False, 3
2294,0, 1730, False, 3
2295,0, 1730, False, 3
2296,0, 1730, False, 3
2297,0, 1730, False, 3
2298,0, 1730, False, 3
2299,0, 1730, False, 3
2300,0, 1730, False, 3
2301,0, 1730, False, 3
2302,0, 1730, False, 3
2303,0, 1730, False, 3
2304,0, 1730, False, 3
2305,0, 1730, False, 3
2306,10, 1740, False, 3
2307,0, 1740, False, 3
2308,0, 1740, False, 3
2309,0, 1740, False, 3
2310,0, 1740, False, 3
2311,0, 1740, False, 3
2312,0, 1740, False, 3
2313,0, 1740, False, 3
2314,0, 1740, False, 5
2315,0, 1740, False, 5
2316,0, 1740, False, 5
2317,0, 1740, False, 5
2318,10, 1750, False, 5
2319,0, 1750, False, 5
2320,0, 1750, False, 5
2321,0, 1750, False, 5
2322,0, 1750, False, 5
2323,0, 1750, False, 5
2324,0, 1750, False, 5
2325,0, 1750, False, 5
2326,0, 1750, False, 5
2327,0, 1750, False, 5
2328,0, 1750, False, 5
2329,0, 1750, False, 5
2330,0, 1750, False, 5
2331,0, 1750, False, 5
2332,10, 1760, False, 5
2333,0, 1760, False, 5
2334,0, 1760, False, 5
2335,0, 1760, False, 5
2336,0, 1760, False, 5
2337,0, 1760, False, 5
2338,0, 1760, False, 5
2339,0, 1760, False, 5
2340,0, 1760, False, 5
2341,0, 1760, False, 0
2342,0, 1760, False, 0
2343,0, 1760, False, 0
2344,0, 1760, False, 0
2345,0, 1760, False, 0
2346,10, 1770, False, 0
2347,0, 1770, False, 0
2348,0, 1770, False, 0
2349,0, 1770, False, 0
2350,0, 1770, False, 0
2351,0, 1770, False, 0
2352,0, 1770, False, 0
2353,0, 1770, False, 0
2354,0, 1770, False, 0
2355,0, 1770, False, 0
2356,0, 1770, False, 0
2357,0, 1770, False, 0
2358,0, 1770, False, 0
2359,0, 1770, False, 0
2360,10, 1780, False, 0
2361,0, 1780, False, 0
2362,0, 1780, False, 0
2363,0, 1780, False, 0
2364,0, 1780, False, 0
2365,0, 1780, False, 0
2366,0, 1780, False, 0
2367,0, 1780, False, 0
2368,0, 1780, False, 0
2369,0, 1780, False, 0
2370,0, 1780, False, 0
2371,0, 1780, False, 0
2372,0, 1780, False, 0
2373,0, 1780, False, 3
2374,0, 1780, False, 3
2375,0, 1780, False, 3
2376,0, 1780, False, 3
2377,0, 1780, False, 3
2378,0, 1780, False, 3
2379,0, 1780, False, 3
2380,0, 1780, False, 3
2381,0, 1780, False, 3
2382,0, 1780, False, 3
2383,0, 1780, False, 3
2384,0, 1780, False, 8
2385,0, 1780, False, 5
2386,0, 1780, False, 5
2387,0, 1780, False, 5
2388,0, 1780, False, 5
2389,0, 1780, False, 5
2390,0, 1780, False, 5
2391,0, 1780, False, 5
2392,0, 1780, False, 5
2393,0, 1780, False, 5
2394,0, 1780, False, 5
2395,0, 1780, False, 5
2396,0, 1780, False, 5
2397,0, 1780, False, 5
2398,0, 1780, False, 5
2399,0, 1780, False, 5
2400,0, 1780, False, 5
2401,0, 1780, False, 5
2402,0, 1780, False, 5
2403,0, 1780, False, 0
2404,0, 1780, False, 0
2405,0, 1780, False, 0
2406,0, 1780, False, 0
2407,0, 1780, False, 4
2408,0, 1780, False, 4
2409,0, 1780, False, 4
2410,0, 1780, False, 4
2411,0, 1780, False, 4
2412,0, 1780, False, 4
2413,0, 1780, False, 4
2414,0, 1780, False, 4
2415,0, 1780, False, 4
2416,0, 1780, False, 4
2417,0, 1780, False, 4
2418,0, 1780, False, 4
2419,0, 1780, False, 4
2420,0, 1780, False, 4
2421,0, 1780, False, 4
2422,0, 1780, False, 4
2423,0, 1780, False, 4
2424,0, 1780, False, 4
2425,0, 1780, False, 4
2426,0, 1780, False, 4
2427,0, 1780, False, 4
2428,0, 1780, False, 4
2429,0, 1780, False, 4
2430,0, 1780, False, 4
2431,0, 1780, False, 4
2432,0, 1780, False, 4
2433,0, 1780, False, 4
2434,10, 1790, False, 4
2435,0, 1790, False, 4
2436,0, 1790, False, 4
2437,0, 1790, False, 4
2438,0, 1790, False, 4
2439,0, 1790, False, 4
2440,0, 1790, False, 4
2441,0, 1790, False, 4
2442,0, 1790, False, 4
2443,0, 1790, False, 4
2444,0, 1790, False, 4
2445,0, 1790, False, 4
2446,10, 1800, False, 4
2447,0, 1800, False, 0
2448,0, 1800, False, 0
2449,0, 1800, False, 3
2450,0, 1800, False, 3
2451,0, 1800, False, 3
2452,0, 1800, False, 3
2453,0, 1800, False, 3
2454,0, 1800, False, 3
2455,0, 1800, False, 3
2456,0, 1800, False, 3
2457,0, 1800, False, 3
2458,0, 1800, False, 3
2459,0, 1800, False, 3
2460,0, 1800, False, 3
2461,0, 1800, False, 3
2462,0, 1800, False, 3
2463,0, 1800, False, 3
2464,0, 1800, False, 3
2465,0, 1800, False, 3
2466,0, 1800, False, 3
2467,0, 1800, False, 6
2468,0, 1800, False, 6
2469,0, 1800, False, 6
2470,0, 1800, False, 6
2471,0, 1800, False, 2
2472,0, 1800, False, 2
2473,0, 1800, False, 2
2474,0, 1800, False, 2
2475,0, 1800, False, 2
2476,0, 1800, False, 2
2477,0, 1800, False, 2
2478,0, 1800, False, 2
2479,0, 1800, False, 2
2480,0, 1800, False, 2
2481,0, 1800, False, 2
2482,0, 1800, False, 0
2483,0, 1800, False, 0
2484,0, 1800, False, 0
2485,0, 1800, False, 0
2486,0, 1800, False, 0
2487,0, 1800, False, 0
2488,0, 1800, False, 0
2489,0, 1800, False, 0
2490,0, 1800, False, 0
2491,0, 1800, False, 0
2492,0, 1800, False, 0
2493,0, 1800, False, 0
2494,0, 1800, False, 0
2495,0, 1800, False, 0
2496,0, 1800, False, 0
2497,0, 1800, False, 0
2498,0, 1800, False, 0
2499,0, 1800, False, 0
2500,0, 1800, False, 4
2501,0, 1800, False, 4
2502,0, 1800, False, 4
2503,0, 1800, False, 4
2504,0, 1800, False, 4
2505,0, 1800, False, 4
2506,0, 1800, False, 4
2507,0, 1800, False, 4
2508,0, 1800, False, 4
2509,0, 1800, False, 4
2510,0, 1800, False, 4
2511,0, 1800, False, 4
2512,0, 1800, False, 4
2513,0, 1800, False, 0
2514,0, 1800, False, 0
2515,0, 1800, False, 0
2516,0, 1800, False, 0
2517,0, 1800, False, 0
2518,0, 1800, False, 0
2519,0, 1800, False, 0
2520,0, 1800, False, 0
2521,0, 1800, False, 0
2522,0, 1800, False, 0
2523,0, 1800, False, 0
2524,0, 1800, False, 0
2525,0, 1800, False, 0
2526,0, 1800, False, 0
2527,0, 1800, False, 0
2528,0, 1800, False, 2
2529,0, 1800, False, 2
2530,0, 1800, False, 2
2531,0, 1800, False, 2
2532,0, 1800, False, 2
2533,0, 1800, False, 2
2534,0, 1800, False, 2
2535,0, 1800, False, 2
2536,0, 1800, False, 2
2537,0, 1800, False, 2
2538,0, 1800, False, 2
2539,0, 1800, False, 2
2540,0, 1800, False, 2
2541,0, 1800, False, 0
2542,0, 1800, False, 0
2543,0, 1800, False, 0
2544,0, 1800, False, 0
2545,0, 1800, False, 0
2546,0, 1800, False, 0
2547,0, 1800, False, 0
2548,0, 1800, False, 0
2549,0, 1800, False, 0
2550,0, 1800, False, 0
2551,0, 1800, False, 0
2552,0, 1800, False, 0
2553,0, 1800, False, 3
2554,0, 1800, False, 3
2555,0, 1800, False, 3
2556,0, 1800, False, 3
2557,0, 1800, False, 3
2558,0, 1800, False, 3
2559,0, 1800, False, 3
2560,0, 1800, False, 3
2561,0, 1800, False, 3
2562,0, 1800, False, 3
2563,0, 1800, False, 3
2564,0, 1800, False, 3
2565,0, 1800, False, 3
2566,0, 1800, False, 3
2567,0, 1800, False, 3
2568,0, 1800, False, 3
2569,0, 1800, False, 0
2570,0, 1800, False, 0
2571,0, 1800, False, 0
2572,0, 1800, False, 0
2573,0, 1800, False, 0
2574,0, 1800, False, 2
2575,0, 1800, False, 2
2576,0, 1800, False, 2
2577,0, 1800, False, 2
2578,0, 1800, False, 2
2579,0, 1800, False, 2
2580,0, 1800, False, 2
2581,0, 1800, False, 2
2582,0, 1800, False, 2
2583,0, 1800, False, 2
2584,0, 1800, False, 2
2585,0, 1800, False, 2
2586,0, 1800, False, 2
2587,0, 1800, False, 0
2588,0, 1800, False, 0
2589,0, 1800, False, 0
2590,0, 1800, False, 0
2591,0, 1800, False, 0
2592,0, 1800, False, 0
2593,0, 1800, False, 0
2594,0, 1800, False, 0
2595,0, 1800, False, 0
2596,0, 1800, False, 0
2597,0, 1800, False, 0
2598,0, 1800, False, 0
2599,0, 1800, False, 0
2600,0, 1800, False, 4
2601,0, 1800, False, 4
2602,0, 1800, False, 4
2603,0, 1800, False, 4
2604,0, 1800, False, 4
2605,0, 1800, False, 4
2606,0, 1800, False, 4
2607,0, 1800, False, 4
2608,0, 1800, False, 4
2609,0, 1800, False, 0
2610,0, 1800, False, 2
2611,0, 1800, False, 2
2612,0, 1800, False, 2
2613,0, 1800, False, 2
2614,0, 1800, False, 2
2615,0, 1800, False, 2
2616,0, 1800, False, 2
2617,0, 1800, False, 2
2618,0, 1800, False, 2
2619,0, 1800, False, 2
2620,0, 1800, False, 2
2621,0, 1800, False, 2
2622,0, 1800, False, 2
2623,0, 1800, False, 0
2624,0, 1800, False, 0
2625,0, 1800, False, 0
2626,0, 1800, False, 0
2627,0, 1800, False, 0
2628,0, 1800, False, 0
2629,0, 1800, False, 0
2630,0, 1800, False, 0
2631,0, 1800, False, 0
2632,0, 1800, False, 0
2633,0, 1800, False, 0
2634,0, 1800, False, 0
2635,0, 1800, False, 0
2636,0, 1800, False, 0
2637,0, 1800, False, 3
2638,0, 1800, False, 3
2639,0, 1800, False, 3
2640,0, 1800, False, 3
2641,0, 1800, False, 3
2642,0, 1800, False, 3
2643,0, 1800, False, 3
2644,0, 1800, False, 3
2645,0, 1800, False, 3
2646,0, 1800, False, 3
2647,0, 1800, False, 3
2648,0, 1800, False, 3
2649,0, 1800, False, 3
2650,0, 1800, False, 3
2651,0, 1800, False, 3
2652,0, 1800, False, 0
2653,0, 1800, False, 0
2654,0, 1800, False, 0
2655,0, 1800, False, 0
2656,0, 1800, False, 0
2657,0, 1800, False, 0
2658,0, 1800, False, 0
2659,0, 1800, False, 0
2660,0, 1800, False, 0
2661,0, 1800, False, 0
2662,0, 1800, False, 0
2663,0, 1800, False, 0
2664,0, 1800, False, 0
2665,0, 1800, False, 0
2666,0, 1800, False, 0
2667,0, 1800, False, 0
2668,0, 1800, False, 0
2669,0, 1800, False, 0
2670,0, 1800, False, 0
2671,0, 1800, False, 0
2672,0, 1800, False, 0
2673,0, 1800, False, 0
2674,0, 1800, False, 0
2675,0, 1800, False, 0
2676,0, 1800, False, 0
2677,0, 1800, False, 0
2678,0, 1800, False, 0
2679,0, 1800, False, 0
2680,0, 1800, False, 0
2681,0, 1800, False, 0
2682,0, 1800, False, 0
2683,0, 1800, False, 0
2684,0, 1800, False, 0
2685,0, 1800, False, 0
2686,0, 1800, False, 0
2687,0, 1800, False, 0
2688,0, 1800, False, 0
2689,0, 1800, False, 0
2690,0, 1800, False, 0
2691,0, 1800, False, 0
2692,0, 1800, False, 0
2693,0, 1800, False, 0
2694,0, 1800, False, 0
2695,0, 1800, False, 0
2696,0, 1800, False, 0
2697,0, 1800, False, 0
2698,0, 1800, False, 0
2699,0, 1800, False, 0
2700,0, 1800, False, 0
2701,0, 1800, False, 0
2702,0, 1800, False, 0
2703,0, 1800, False, 0
2704,0, 1800, False, 0
2705,0, 1800, False, 0
2706,0, 1800, False, 0
2707,0, 1800, False, 0
2708,0, 1800, False, 0
2709,0, 1800, False, 0
2710,0, 1800, False, 0
2711,0, 1800, False, 0
2712,0, 1800, False, 0
2713,0, 1800, False, 0
2714,0, 1800, False, 0
2715,0, 1800, False, 0
2716,0, 1800, False, 0
2717,0, 1800, False, 0
2718,0, 1800, False, 0
2719,0, 1800, False, 0
2720,0, 1800, False, 0
2721,0, 1800, False, 0
2722,0, 1800, False, 0
2723,0, 1800, False, 0
2724,0, 1800, False, 0
2725,0, 1800, False, 0
2726,0, 1800, False, 0
2727,0, 1800, False, 0
2728,0, 1800, False, 0
2729,0, 1800, False, 0
2730,0, 1800, False, 0
2731,0, 1800, False, 0
2732,0, 1800, False, 0
2733,0, 1800, False, 0
2734,0, 1800, False, 0
2735,0, 1800, False, 0
2736,0, 1800, False, 0
2737,0, 1800, False, 0
2738,0, 1800, False, 0
2739,0, 1800, False, 0
2740,0, 1800, False, 0
2741,0, 1800, False, 0
2742,0, 1800, False, 0
2743,0, 1800, False, 0
2744,0, 1800, False, 0
2745,0, 1800, False, 0
2746,0, 1800, False, 0
2747,0, 1800, False, 0
2748,0, 1800, False, 0
2749,0, 1800, False, 0
2750,0, 1800, False, 0
2751,0, 1800, False, 0
2752,0, 1800, False, 0
2753,0, 1800, False, 0
2754,0, 1800, False, 0
2755,0, 1800, False, 0
2756,0, 1800, False, 0
2757,0, 1800, False, 0
2758,0, 1800, False, 0
2759,0, 1800, False, 0
2760,0, 1800, False, 0
2761,0, 1800, False, 0
2762,0, 1800, False, 0
2763,0, 1800, False, 0
2764,0, 1800, False, 0
2765,0, 1800, False, 0
2766,0, 1800, False, 0
2767,0, 1800, False, 0
2768,0, 1800, False, 0
2769,0, 1800, False, 0
2770,0, 1800, False, 0
2771,0, 1800, False, 0
2772,0, 1800, False, 0
2773,0, 1800, False, 0
2774,0, 1800, False, 3
2775,0, 1800, False, 3
2776,0, 1800, False, 3
2777,0, 1800, False, 3
2778,0, 1800, False, 3
2779,0, 1800, False, 3
2780,0, 1800, False, 3
2781,0, 1800, False, 3
2782,0, 1800, False, 3
2783,0, 1800, False, 3
2784,0, 1800, False, 3
2785,0, 1800, False, 3
2786,0, 1800, False, 3
2787,0, 1800, False, 3
2788,0, 1800, False, 3
2789,0, 1800, False, 3
2790,0, 1800, False, 3
2791,0, 1800, False, 3
2792,0, 1800, False, 3
2793,0, 1800, False, 3
2794,0, 1800, False, 3
2795,0, 1800, False, 3
2796,0, 1800, False, 3
2797,0, 1800, False, 3
2798,0, 1800, False, 3
2799,0, 1800, False, 3
2800,0, 1800, False, 3
2801,0, 1800, False, 3
2802,0, 1800, False, 3
2803,0, 1800, False, 3
2804,0, 1800, False, 3
2805,0, 1800, False, 3
2806,0, 1800, False, 3
2807,0, 1800, False, 3
2808,0, 1800, False, 3
2809,0, 1800, False, 3
2810,0, 1800, False, 3
2811,0, 1800, False, 3
2812,0, 1800, False, 3
2813,0, 1800, False, 3
2814,0, 1800, False, 3
2815,0, 1800, False, 3
2816,0, 1800, False, 3
2817,0, 1800, False, 3
2818,0, 1800, False, 3
2819,0, 1800, False, 3
2820,0, 1800, False, 6
2821,0, 1800, False, 6
2822,0, 1800, False, 6
2823,0, 1800, False, 6
2824,0, 1800, False, 6
2825,0, 1800, False, 6
2826,0, 1800, False, 6
2827,0, 1800, False, 6
2828,0, 1800, False, 6
2829,0, 1800, False, 6
2830,0, 1800, False, 6
2831,0, 1800, False, 6
2832,0, 1800, False, 6
2833,0, 1800, False, 6
2834,0, 1800, False, 6
2835,0, 1800, False, 6
2836,0, 1800, False, 6
2837,0, 1800, False, 6
2838,0, 1800, False, 6
2839,0, 1800, False, 6
2840,0, 1800, False, 6
2841,0, 1800, False, 6
2842,0, 1800, False, 6
2843,0, 1800, False, 6
2844,0, 1800, False, 6
2845,0, 1800, False, 6
2846,0, 1800, False, 6
2847,0, 1800, False, 6
2848,0, 1800, False, 6
2849,0, 1800, False, 6
2850,0, 1800, False, 6
2851,0, 1800, False, 6
2852,0, 1800, False, 6
2853,0, 1800, False, 6
2854,0, 1800, False, 6
2855,0, 1800, False, 6
2856,0, 1800, False, 6
2857,0, 1800, False, 6
2858,0, 1800, False, 6
2859,0, 1800, False, 6
2860,0, 1800, False, 6
2861,0, 1800, False, 6
2862,0, 1800, False, 6
2863,0, 1800, False, 6
2864,0, 1800, False, 6
2865,0, 1800, False, 6
2866,0, 1800, False, 6
2867,0, 1800, False, 6
2868,0, 1800, False, 6
2869,0, 1800, False, 6
2870,0, 1800, False, 6
2871,0, 1800, False, 3
2872,0, 1800, False, 3
2873,0, 1800, False, 3
2874,0, 1800, False, 3
2875,0, 1800, False, 3
2876,0, 1800, False, 3
2877,0, 1800, False, 6
2878,0, 1800, False, 2
2879,0, 1800, False, 2
2880,0, 1800, False, 2
2881,0, 1800, False, 2
2882,0, 1800, False, 2
2883,0, 1800, False, 2
2884,0, 1800, False, 2
2885,0, 1800, False, 2
2886,0, 1800, False, 2
2887,0, 1800, False, 2
2888,0, 1800, False, 2
2889,0, 1800, False, 2
2890,0, 1800, False, 2
2891,0, 1800, False, 2
2892,0, 1800, False, 2
2893,0, 1800, False, 2
2894,0, 1800, False, 2
2895,0, 1800, False, 2
2896,0, 1800, False, 2
2897,0, 1800, False, 2
2898,0, 1800, False, 2
2899,0, 1800, False, 2
2900,0, 1800, False, 2
2901,0, 1800, False, 2
2902,0, 1800, False, 2
2903,0, 1800, False, 2
2904,0, 1800, False, 2
2905,0, 1800, False, 2
2906,0, 1800, False, 2
2907,0, 1800, False, 2
2908,0, 1800, False, 2
2909,0, 1800, False, 2
2910,0, 1800, False, 2
2911,0, 1800, False, 2
2912,0, 1800, False, 2
2913,0, 1800, False, 2
2914,10, 1810, False, 2
2915,0, 1810, False, 2
2916,0, 1810, False, 2
2917,0, 1810, False, 2
2918,0, 1810, False, 2
2919,0, 1810, False, 2
2920,0, 1810, False, 2
2921,0, 1810, False, 2
2922,0, 1810, False, 2
2923,0, 1810, False, 2
2924,0, 1810, False, 2
2925,0, 1810, False, 2
2926,0, 1810, False, 2
2927,0, 1810, False, 2
2928,10, 1820, False, 2
2929,0, 1820, False, 2
2930,0, 1820, False, 2
2931,0, 1820, False, 2
2932,0, 1820, False, 2
2933,0, 1820, False, 2
2934,0, 1820, False, 2
2935,0, 1820, False, 2
2936,0, 1820, False, 2
2937,0, 1820, False, 2
2938,0, 1820, False, 2
2939,0, 1820, False, 0
2940,0, 1820, False, 0
2941,0, 1820, False, 0
2942,10, 1830, False, 0
2943,0, 1830, False, 0
2944,0, 1830, False, 0
2945,0, 1830, False, 0
2946,0, 1830, False, 0
2947,0, 1830, False, 0
2948,0, 1830, False, 0
2949,0, 1830, False, 0
2950,0, 1830, False, 3
2951,0, 1830, False, 3
2952,0, 1830, False, 3
2953,0, 1830, False, 3
2954,0, 1830, False, 3
2955,0, 1830, False, 3
2956,10, 1840, False, 3
2957,0, 1840, False, 3
2958,0, 1840, False, 3
2959,0, 1840, False, 3
2960,0, 1840, False, 3
2961,0, 1840, False, 3
2962,0, 1840, False, 3
2963,0, 1840, False, 3
2964,0, 1840, False, 3
2965,0, 1840, False, 3
2966,10, 1850, False, 3
2967,0, 1850, False, 3
2968,0, 1850, False, 3
2969,0, 1850, False, 3
2970,0, 1850, False, 3
2971,0, 1850, False, 6
2972,0, 1850, False, 6
2973,0, 1850, False, 2
2974,0, 1850, False, 2
2975,0, 1850, False, 2
2976,0, 1850, False, 2
2977,0, 1850, False, 2
2978,10, 1860, False, 2
2979,0, 1860, False, 2
2980,0, 1860, False, 2
2981,0, 1860, False, 2
2982,0, 1860, False, 2
2983,0, 1860, False, 2
2984,0, 1860, False, 2
2985,0, 1860, False, 2
2986,0, 1860, False, 2
2987,0, 1860, False, 2
2988,0, 1860, False, 2
2989,0, 1860, False, 2
2990,0, 1860, False, 2
2991,0, 1860, False, 2
2992,10, 1870, False, 2
2993,0, 1870, False, 2
2994,0, 1870, False, 2
2995,0, 1870, False, 2
2996,0, 1870, False, 2
2997,0, 1870, False, 2
2998,0, 1870, False, 2
2999,0, 1870, False, 2
3000,0, 1870, False, 2
3001,0, 1870, False, 2
3002,0, 1870, False, 2
3003,0, 1870, False, 2
3004,0, 1870, False, 2
3005,0, 1870, False, 2
3006,0, 1870, False, 2
3007,0, 1870, False, 2
3008,0, 1870, False, 2
3009,0, 1870, False, 2
3010,10, 1880, False, 2
3011,0, 1880, False, 2
3012,0, 1880, False, 2
3013,0, 1880, False, 2
3014,0, 1880, False, 2
3015,0, 1880, False, 2
3016,0, 1880, False, 2
3017,0, 1880, False, 2
3018,0, 1880, False, 2
3019,0, 1880, False, 2
3020,0, 1880, False, 2
3021,0, 1880, False, 2
3022,0, 1880, False, 2
3023,0, 1880, False, 2
3024,10, 1890, False, 0
3025,0, 1890, False, 0
3026,0, 1890, False, 3
3027,0, 1890, False, 3
3028,0, 1890, False, 3
3029,0, 1890, False, 3
3030,0, 1890, False, 3
3031,0, 1890, False, 3
3032,0, 1890, False, 3
3033,0, 1890, False, 3
3034,0, 1890, False, 3
3035,0, 1890, False, 3
3036,0, 1890, False, 3
3037,0, 1890, False, 3
3038,0, 1890, False, 3
3039,0, 1890, False, 3
3040,0, 1890, False, 3
3041,0, 1890, False, 3
3042,0, 1890, False, 3
3043,0, 1890, False, 3
3044,0, 1890, False, 3
3045,0, 1890, False, 3
3046,0, 1890, False, 3
3047,0, 1890, False, 3
3048,0, 1890, False, 3
3049,0, 1890, False, 3
3050,0, 1890, False, 3
3051,0, 1890, False, 3
3052,0, 1890, False, 3
3053,0, 1890, False, 3
3054,0, 1890, False, 3
3055,0, 1890, False, 3
3056,0, 1890, False, 3
3057,0, 1890, False, 3
3058,0, 1890, False, 3
3059,0, 1890, False, 3
3060,0, 1890, False, 3
3061,0, 1890, False, 3
3062,0, 1890, False, 3
3063,0, 1890, False, 0
3064,0, 1890, False, 0
3065,0, 1890, False, 0
3066,0, 1890, False, 0
3067,0, 1890, False, 0
3068,0, 1890, False, 0
3069,0, 1890, False, 0
3070,0, 1890, False, 0
3071,0, 1890, False, 0
3072,0, 1890, False, 0
3073,0, 1890, False, 0
3074,0, 1890, False, 0
3075,0, 1890, False, 0
3076,0, 1890, False, 0
3077,0, 1890, False, 0
3078,0, 1890, False, 0
3079,0, 1890, False, 0
3080,0, 1890, False, 0
3081,0, 1890, False, 0
3082,0, 1890, False, 0
3083,0, 1890, False, 0
3084,0, 1890, False, 0
3085,0, 1890, False, 0
3086,0, 1890, False, 0
3087,0, 1890, False, 0
3088,0, 1890, False, 0
3089,0, 1890, False, 0
3090,0, 1890, False, 0
3091,0, 1890, False, 0
3092,0, 1890, False, 0
3093,0, 1890, False, 0
3094,0, 1890, False, 0
3095,0, 1890, False, 0
3096,0, 1890, False, 0
3097,0, 1890, False, 0
3098,0, 1890, False, 0
3099,0, 1890, False, 0
3100,0, 1890, False, 0
3101,0, 1890, False, 0
3102,0, 1890, False, 0
3103,0, 1890, False, 0
3104,0, 1890, False, 0
3105,0, 1890, False, 0
3106,0, 1890, False, 0
3107,0, 1890, False, 0
3108,0, 1890, False, 0
3109,0, 1890, False, 0
3110,0, 1890, False, 0
3111,0, 1890, False, 0
3112,0, 1890, False, 0
3113,0, 1890, False, 0
3114,0, 1890, True, 0
