db traj id : 1424
frame,reward,score,terminal, action
0,0, 0, False, 0
1,0, 0, False, 0
2,0, 0, False, 0
3,0, 0, False, 0
4,0, 0, False, 0
5,0, 0, False, 0
6,0, 0, False, 0
7,0, 0, False, 0
8,0, 0, False, 0
9,0, 0, False, 0
10,0, 0, False, 0
11,0, 0, False, 0
12,0, 0, False, 0
13,0, 0, False, 0
14,0, 0, False, 0
15,0, 0, False, 0
16,0, 0, False, 0
17,0, 0, False, 0
18,0, 0, False, 0
19,0, 0, False, 0
20,0, 0, False, 0
21,0, 0, False, 0
22,0, 0, False, 0
23,0, 0, False, 0
24,0, 0, False, 0
25,0, 0, False, 0
26,0, 0, False, 0
27,0, 0, False, 0
28,0, 0, False, 0
29,0, 0, False, 0
30,0, 0, False, 0
31,0, 0, False, 0
32,0, 0, False, 0
33,0, 0, False, 0
34,0, 0, False, 0
35,0, 0, False, 0
36,0, 0, False, 0
37,0, 0, False, 0
38,0, 0, False, 0
39,0, 0, False, 0
40,0, 0, False, 0
41,0, 0, False, 0
42,0, 0, False, 0
43,0, 0, False, 0
44,0, 0, False, 0
45,0, 0, False, 0
46,0, 0, False, 0
47,0, 0, False, 0
48,0, 0, False, 0
49,0, 0, False, 0
50,0, 0, False, 0
51,0, 0, False, 0
52,0, 0, False, 0
53,0, 0, False, 0
54,0, 0, False, 0
55,0, 0, False, 0
56,0, 0, False, 0
57,0, 0, False, 0
58,0, 0, False, 0
59,0, 0, False, 0
60,0, 0, False, 0
61,0, 0, False, 0
62,0, 0, False, 0
63,0, 0, False, 0
64,0, 0, False, 0
65,0, 0, False, 0
66,0, 0, False, 0
67,0, 0, False, 0
68,0, 0, False, 0
69,0, 0, False, 0
70,0, 0, False, 0
71,0, 0, False, 0
72,0, 0, False, 0
73,0, 0, False, 0
74,0, 0, False, 0
75,0, 0, False, 0
76,0, 0, False, 0
77,0, 0, False, 0
78,0, 0, False, 0
79,0, 0, False, 0
80,0, 0, False, 0
81,0, 0, False, 0
82,0, 0, False, 0
83,0, 0, False, 0
84,0, 0, False, 4
85,0, 0, False, 4
86,0, 0, False, 4
87,0, 0, False, 4
88,0, 0, False, 4
89,0, 0, False, 4
90,0, 0, False, 0
91,0, 0, False, 0
92,0, 0, False, 0
93,0, 0, False, 0
94,0, 0, False, 0
95,0, 0, False, 0
96,0, 0, False, 0
97,0, 0, False, 0
98,0, 0, False, 0
99,0, 0, False, 0
100,0, 0, False, 0
101,0, 0, False, 0
102,0, 0, False, 0
103,0, 0, False, 0
104,0, 0, False, 0
105,0, 0, False, 0
106,0, 0, False, 0
107,0, 0, False, 0
108,0, 0, False, 0
109,0, 0, False, 0
110,0, 0, False, 0
111,0, 0, False, 0
112,0, 0, False, 0
113,0, 0, False, 0
114,0, 0, False, 0
115,0, 0, False, 0
116,0, 0, False, 0
117,0, 0, False, 0
118,0, 0, False, 0
119,0, 0, False, 0
120,0, 0, False, 0
121,0, 0, False, 0
122,0, 0, False, 0
123,0, 0, False, 0
124,0, 0, False, 0
125,0, 0, False, 0
126,0, 0, False, 0
127,0, 0, False, 0
128,0, 0, False, 0
129,0, 0, False, 0
130,0, 0, False, 0
131,0, 0, False, 0
132,0, 0, False, 0
133,0, 0, False, 0
134,0, 0, False, 0
135,0, 0, False, 0
136,0, 0, False, 0
137,0, 0, False, 0
138,0, 0, False, 0
139,0, 0, False, 0
140,0, 0, False, 0
141,0, 0, False, 0
142,0, 0, False, 0
143,0, 0, False, 0
144,0, 0, False, 0
145,0, 0, False, 0
146,0, 0, False, 0
147,0, 0, False, 0
148,0, 0, False, 0
149,0, 0, False, 0
150,0, 0, False, 0
151,0, 0, False, 0
152,0, 0, False, 0
153,0, 0, False, 0
154,0, 0, False, 0
155,0, 0, False, 0
156,0, 0, False, 0
157,0, 0, False, 0
158,0, 0, False, 0
159,0, 0, False, 0
160,0, 0, False, 0
161,0, 0, False, 0
162,0, 0, False, 0
163,0, 0, False, 0
164,0, 0, False, 0
165,0, 0, False, 0
166,0, 0, False, 0
167,0, 0, False, 0
168,0, 0, False, 0
169,0, 0, False, 0
170,0, 0, False, 0
171,0, 0, False, 0
172,0, 0, False, 0
173,0, 0, False, 0
174,0, 0, False, 0
175,0, 0, False, 0
176,0, 0, False, 0
177,0, 0, False, 0
178,0, 0, False, 0
179,0, 0, False, 0
180,0, 0, False, 0
181,0, 0, False, 0
182,0, 0, False, 0
183,0, 0, False, 0
184,0, 0, False, 0
185,0, 0, False, 0
186,0, 0, False, 0
187,0, 0, False, 0
188,0, 0, False, 0
189,0, 0, False, 0
190,0, 0, False, 0
191,0, 0, False, 0
192,0, 0, False, 0
193,0, 0, False, 0
194,0, 0, False, 0
195,0, 0, False, 0
196,0, 0, False, 0
197,0, 0, False, 0
198,0, 0, False, 0
199,0, 0, False, 0
200,0, 0, False, 0
201,0, 0, False, 0
202,0, 0, False, 0
203,0, 0, False, 0
204,0, 0, False, 0
205,0, 0, False, 0
206,0, 0, False, 0
207,0, 0, False, 0
208,0, 0, False, 0
209,0, 0, False, 0
210,0, 0, False, 0
211,0, 0, False, 0
212,0, 0, False, 0
213,0, 0, False, 0
214,0, 0, False, 0
215,0, 0, False, 0
216,0, 0, False, 0
217,0, 0, False, 0
218,0, 0, False, 0
219,0, 0, False, 0
220,0, 0, False, 0
221,0, 0, False, 0
222,0, 0, False, 0
223,0, 0, False, 0
224,0, 0, False, 0
225,0, 0, False, 0
226,0, 0, False, 0
227,0, 0, False, 0
228,0, 0, False, 0
229,0, 0, False, 0
230,0, 0, False, 0
231,0, 0, False, 0
232,0, 0, False, 0
233,0, 0, False, 0
234,0, 0, False, 0
235,0, 0, False, 0
236,0, 0, False, 0
237,0, 0, False, 0
238,0, 0, False, 0
239,0, 0, False, 0
240,0, 0, False, 0
241,0, 0, False, 0
242,0, 0, False, 0
243,0, 0, False, 0
244,0, 0, False, 0
245,0, 0, False, 0
246,0, 0, False, 0
247,0, 0, False, 0
248,0, 0, False, 0
249,0, 0, False, 0
250,0, 0, False, 0
251,0, 0, False, 0
252,0, 0, False, 0
253,0, 0, False, 0
254,0, 0, False, 0
255,0, 0, False, 0
256,0, 0, False, 0
257,0, 0, False, 0
258,0, 0, False, 0
259,0, 0, False, 0
260,0, 0, False, 0
261,0, 0, False, 0
262,0, 0, False, 0
263,0, 0, False, 0
264,0, 0, False, 0
265,0, 0, False, 0
266,0, 0, False, 0
267,0, 0, False, 0
268,0, 0, False, 0
269,0, 0, False, 0
270,0, 0, False, 0
271,0, 0, False, 4
272,0, 0, False, 4
273,0, 0, False, 4
274,0, 0, False, 4
275,0, 0, False, 4
276,0, 0, False, 4
277,0, 0, False, 4
278,0, 0, False, 4
279,0, 0, False, 4
280,0, 0, False, 4
281,0, 0, False, 4
282,10, 10, False, 4
283,0, 10, False, 4
284,0, 10, False, 4
285,0, 10, False, 4
286,0, 10, False, 4
287,0, 10, False, 4
288,0, 10, False, 4
289,0, 10, False, 4
290,0, 10, False, 4
291,0, 10, False, 4
292,0, 10, False, 4
293,0, 10, False, 4
294,0, 10, False, 4
295,0, 10, False, 4
296,10, 20, False, 4
297,0, 20, False, 4
298,0, 20, False, 4
299,0, 20, False, 4
300,0, 20, False, 4
301,0, 20, False, 4
302,0, 20, False, 4
303,0, 20, False, 4
304,0, 20, False, 4
305,0, 20, False, 4
306,0, 20, False, 4
307,0, 20, False, 4
308,0, 20, False, 4
309,0, 20, False, 4
310,10, 30, False, 4
311,0, 30, False, 4
312,0, 30, False, 4
313,0, 30, False, 4
314,0, 30, False, 4
315,0, 30, False, 4
316,0, 30, False, 4
317,0, 30, False, 4
318,0, 30, False, 4
319,0, 30, False, 4
320,0, 30, False, 4
321,0, 30, False, 4
322,10, 40, False, 4
323,0, 40, False, 4
324,0, 40, False, 4
325,0, 40, False, 4
326,0, 40, False, 4
327,0, 40, False, 4
328,0, 40, False, 4
329,0, 40, False, 4
330,0, 40, False, 4
331,0, 40, False, 4
332,0, 40, False, 4
333,0, 40, False, 4
334,0, 40, False, 4
335,0, 40, False, 4
336,10, 50, False, 4
337,0, 50, False, 4
338,0, 50, False, 4
339,0, 50, False, 4
340,0, 50, False, 4
341,0, 50, False, 4
342,0, 50, False, 4
343,0, 50, False, 4
344,0, 50, False, 4
345,0, 50, False, 4
346,0, 50, False, 4
347,0, 50, False, 4
348,0, 50, False, 4
349,0, 50, False, 4
350,10, 60, False, 4
351,0, 60, False, 4
352,0, 60, False, 4
353,0, 60, False, 4
354,0, 60, False, 4
355,0, 60, False, 4
356,0, 60, False, 4
357,0, 60, False, 9
358,0, 60, False, 9
359,0, 60, False, 9
360,0, 60, False, 9
361,0, 60, False, 5
362,0, 60, False, 5
363,0, 60, False, 5
364,0, 60, False, 5
365,0, 60, False, 5
366,10, 70, False, 5
367,0, 70, False, 5
368,0, 70, False, 5
369,0, 70, False, 5
370,0, 70, False, 5
371,0, 70, False, 5
372,0, 70, False, 5
373,0, 70, False, 5
374,0, 70, False, 5
375,0, 70, False, 5
376,0, 70, False, 5
377,0, 70, False, 5
378,0, 70, False, 5
379,0, 70, False, 5
380,10, 80, False, 5
381,0, 80, False, 5
382,0, 80, False, 5
383,0, 80, False, 5
384,0, 80, False, 5
385,0, 80, False, 5
386,0, 80, False, 5
387,0, 80, False, 5
388,0, 80, False, 5
389,0, 80, False, 5
390,0, 80, False, 5
391,0, 80, False, 5
392,0, 80, False, 5
393,0, 80, False, 5
394,10, 90, False, 5
395,0, 90, False, 5
396,0, 90, False, 5
397,0, 90, False, 5
398,0, 90, False, 5
399,0, 90, False, 5
400,0, 90, False, 5
401,0, 90, False, 5
402,0, 90, False, 5
403,0, 90, False, 5
404,0, 90, False, 5
405,0, 90, False, 5
406,0, 90, False, 5
407,0, 90, False, 5
408,10, 100, False, 5
409,0, 100, False, 5
410,0, 100, False, 5
411,0, 100, False, 5
412,0, 100, False, 5
413,0, 100, False, 5
414,0, 100, False, 5
415,0, 100, False, 5
416,0, 100, False, 5
417,0, 100, False, 5
418,0, 100, False, 5
419,0, 100, False, 5
420,0, 100, False, 5
421,0, 100, False, 5
422,10, 110, False, 5
423,0, 110, False, 5
424,0, 110, False, 5
425,0, 110, False, 5
426,0, 110, False, 5
427,0, 110, False, 5
428,0, 110, False, 5
429,0, 110, False, 5
430,0, 110, False, 5
431,0, 110, False, 5
432,0, 110, False, 9
433,0, 110, False, 4
434,0, 110, False, 4
435,0, 110, False, 4
436,0, 110, False, 4
437,0, 110, False, 4
438,0, 110, False, 4
439,0, 110, False, 4
440,0, 110, False, 4
441,0, 110, False, 4
442,10, 120, False, 4
443,0, 120, False, 4
444,0, 120, False, 4
445,0, 120, False, 4
446,0, 120, False, 4
447,0, 120, False, 4
448,0, 120, False, 4
449,0, 120, False, 4
450,0, 120, False, 4
451,0, 120, False, 4
452,0, 120, False, 4
453,0, 120, False, 4
454,10, 130, False, 4
455,0, 130, False, 4
456,0, 130, False, 4
457,0, 130, False, 4
458,0, 130, False, 4
459,0, 130, False, 4
460,0, 130, False, 4
461,0, 130, False, 4
462,0, 130, False, 4
463,0, 130, False, 4
464,0, 130, False, 4
465,0, 130, False, 4
466,0, 130, False, 4
467,0, 130, False, 4
468,10, 140, False, 4
469,0, 140, False, 4
470,0, 140, False, 7
471,0, 140, False, 7
472,0, 140, False, 7
473,0, 140, False, 2
474,0, 140, False, 2
475,0, 140, False, 2
476,0, 140, False, 7
477,0, 140, False, 7
478,0, 140, False, 7
479,0, 140, False, 7
480,0, 140, False, 2
481,0, 140, False, 2
482,0, 140, False, 2
483,0, 140, False, 2
484,0, 140, False, 2
485,0, 140, False, 2
486,0, 140, False, 2
487,0, 140, False, 2
488,50, 190, False, 2
489,0, 190, False, 2
490,0, 190, False, 2
491,0, 190, False, 2
492,0, 190, False, 2
493,0, 190, False, 2
494,0, 190, False, 2
495,0, 190, False, 2
496,10, 200, False, 2
497,0, 200, False, 2
498,0, 200, False, 2
499,0, 200, False, 2
500,0, 200, False, 2
501,0, 200, False, 2
502,0, 200, False, 2
503,0, 200, False, 2
504,0, 200, False, 2
505,0, 200, False, 2
506,0, 200, False, 2
507,0, 200, False, 2
508,0, 200, False, 2
509,0, 200, False, 2
510,10, 210, False, 6
511,0, 210, False, 6
512,0, 210, False, 6
513,0, 210, False, 3
514,0, 210, False, 3
515,0, 210, False, 3
516,0, 210, False, 3
517,0, 210, False, 3
518,0, 210, False, 3
519,0, 210, False, 3
520,0, 210, False, 3
521,0, 210, False, 3
522,10, 220, False, 3
523,0, 220, False, 3
524,0, 220, False, 3
525,0, 220, False, 3
526,0, 220, False, 3
527,0, 220, False, 3
528,0, 220, False, 3
529,0, 220, False, 3
530,0, 220, False, 3
531,0, 220, False, 0
532,0, 220, False, 2
533,0, 220, False, 2
534,10, 230, False, 2
535,0, 230, False, 2
536,0, 230, False, 2
537,0, 230, False, 2
538,0, 230, False, 2
539,0, 230, False, 2
540,0, 230, False, 2
541,0, 230, False, 2
542,0, 230, False, 2
543,0, 230, False, 2
544,0, 230, False, 2
545,0, 230, False, 2
546,0, 230, False, 2
547,0, 230, False, 2
548,0, 230, False, 2
549,0, 230, False, 2
550,0, 230, False, 2
551,0, 230, False, 2
552,0, 230, False, 2
553,0, 230, False, 2
554,0, 230, False, 2
555,0, 230, False, 2
556,0, 230, False, 2
557,0, 230, False, 2
558,0, 230, False, 2
559,0, 230, False, 2
560,0, 230, False, 2
561,0, 230, False, 2
562,0, 230, False, 2
563,0, 230, False, 0
564,0, 230, False, 0
565,0, 230, False, 0
566,0, 230, False, 0
567,0, 230, False, 0
568,0, 230, False, 0
569,0, 230, False, 0
570,0, 230, False, 0
571,0, 230, False, 0
572,0, 230, False, 0
573,0, 230, False, 0
574,0, 230, False, 0
575,0, 230, False, 0
576,0, 230, False, 0
577,0, 230, False, 0
578,0, 230, False, 0
579,0, 230, False, 0
580,0, 230, False, 0
581,0, 230, False, 0
582,0, 230, False, 0
583,0, 230, False, 0
584,0, 230, False, 0
585,0, 230, False, 0
586,0, 230, False, 0
587,0, 230, False, 0
588,0, 230, False, 0
589,0, 230, False, 4
590,0, 230, False, 4
591,0, 230, False, 4
592,0, 230, False, 4
593,0, 230, False, 4
594,0, 230, False, 4
595,0, 230, False, 4
596,0, 230, False, 4
597,0, 230, False, 4
598,0, 230, False, 0
599,0, 230, False, 0
600,0, 230, False, 0
601,0, 230, False, 0
602,0, 230, False, 0
603,0, 230, False, 0
604,0, 230, False, 0
605,0, 230, False, 0
606,0, 230, False, 0
607,0, 230, False, 0
608,0, 230, False, 0
609,0, 230, False, 0
610,0, 230, False, 0
611,0, 230, False, 0
612,0, 230, False, 0
613,0, 230, False, 0
614,0, 230, False, 5
615,0, 230, False, 5
616,0, 230, False, 5
617,0, 230, False, 5
618,0, 230, False, 5
619,0, 230, False, 5
620,0, 230, False, 5
621,0, 230, False, 5
622,0, 230, False, 0
623,0, 230, False, 0
624,0, 230, False, 0
625,0, 230, False, 0
626,0, 230, False, 0
627,0, 230, False, 0
628,0, 230, False, 0
629,0, 230, False, 0
630,0, 230, False, 0
631,0, 230, False, 0
632,0, 230, False, 0
633,0, 230, False, 0
634,0, 230, False, 4
635,0, 230, False, 4
636,0, 230, False, 4
637,0, 230, False, 4
638,0, 230, False, 4
639,0, 230, False, 4
640,0, 230, False, 4
641,0, 230, False, 4
642,0, 230, False, 4
643,0, 230, False, 4
644,0, 230, False, 4
645,0, 230, False, 4
646,0, 230, False, 4
647,0, 230, False, 4
648,0, 230, False, 4
649,0, 230, False, 4
650,0, 230, False, 4
651,0, 230, False, 4
652,0, 230, False, 4
653,0, 230, False, 4
654,0, 230, False, 4
655,0, 230, False, 4
656,0, 230, False, 4
657,0, 230, False, 4
658,0, 230, False, 4
659,0, 230, False, 4
660,0, 230, False, 4
661,0, 230, False, 4
662,0, 230, False, 4
663,0, 230, False, 4
664,0, 230, False, 4
665,0, 230, False, 4
666,0, 230, False, 4
667,0, 230, False, 0
668,0, 230, False, 2
669,0, 230, False, 2
670,0, 230, False, 2
671,0, 230, False, 2
672,0, 230, False, 2
673,0, 230, False, 2
674,0, 230, False, 2
675,0, 230, False, 2
676,0, 230, False, 2
677,0, 230, False, 2
678,0, 230, False, 2
679,0, 230, False, 2
680,0, 230, False, 2
681,0, 230, False, 2
682,0, 230, False, 2
683,0, 230, False, 2
684,0, 230, False, 2
685,0, 230, False, 2
686,0, 230, False, 2
687,0, 230, False, 0
688,0, 230, False, 0
689,0, 230, False, 0
690,0, 230, False, 0
691,0, 230, False, 0
692,0, 230, False, 0
693,0, 230, False, 0
694,0, 230, False, 0
695,0, 230, False, 0
696,0, 230, False, 0
697,0, 230, False, 0
698,0, 230, False, 0
699,0, 230, False, 0
700,0, 230, False, 0
701,0, 230, False, 3
702,0, 230, False, 3
703,0, 230, False, 3
704,0, 230, False, 3
705,0, 230, False, 0
706,0, 230, False, 0
707,0, 230, False, 0
708,0, 230, False, 0
709,0, 230, False, 0
710,0, 230, False, 0
711,0, 230, False, 0
712,0, 230, False, 0
713,0, 230, False, 0
714,0, 230, False, 2
715,0, 230, False, 2
716,0, 230, False, 2
717,0, 230, False, 2
718,0, 230, False, 2
719,0, 230, False, 2
720,0, 230, False, 2
721,0, 230, False, 2
722,0, 230, False, 2
723,0, 230, False, 2
724,0, 230, False, 2
725,0, 230, False, 2
726,0, 230, False, 2
727,0, 230, False, 2
728,0, 230, False, 2
729,0, 230, False, 2
730,0, 230, False, 2
731,0, 230, False, 2
732,0, 230, False, 2
733,0, 230, False, 2
734,0, 230, False, 2
735,0, 230, False, 2
736,0, 230, False, 2
737,0, 230, False, 0
738,0, 230, False, 0
739,0, 230, False, 0
740,0, 230, False, 0
741,0, 230, False, 0
742,0, 230, False, 0
743,0, 230, False, 0
744,0, 230, False, 0
745,0, 230, False, 0
746,0, 230, False, 0
747,0, 230, False, 0
748,0, 230, False, 0
749,0, 230, False, 0
750,0, 230, False, 0
751,0, 230, False, 0
752,0, 230, False, 0
753,0, 230, False, 0
754,0, 230, False, 0
755,0, 230, False, 0
756,0, 230, False, 0
757,0, 230, False, 0
758,0, 230, False, 0
759,0, 230, False, 0
760,0, 230, False, 0
761,0, 230, False, 0
762,0, 230, False, 0
763,0, 230, False, 0
764,0, 230, False, 0
765,0, 230, False, 0
766,0, 230, False, 0
767,0, 230, False, 0
768,0, 230, False, 0
769,0, 230, False, 0
770,0, 230, False, 0
771,0, 230, False, 0
772,0, 230, False, 0
773,0, 230, False, 0
774,0, 230, False, 3
775,0, 230, False, 3
776,0, 230, False, 3
777,0, 230, False, 3
778,0, 230, False, 3
779,0, 230, False, 3
780,0, 230, False, 3
781,0, 230, False, 3
782,0, 230, False, 3
783,0, 230, False, 3
784,0, 230, False, 3
785,0, 230, False, 3
786,0, 230, False, 3
787,0, 230, False, 0
788,0, 230, False, 0
789,0, 230, False, 0
790,0, 230, False, 0
791,0, 230, False, 0
792,0, 230, False, 0
793,0, 230, False, 0
794,0, 230, False, 0
795,0, 230, False, 0
796,0, 230, False, 0
797,0, 230, False, 0
798,0, 230, False, 0
799,0, 230, False, 0
800,0, 230, False, 0
801,0, 230, False, 5
802,0, 230, False, 5
803,0, 230, False, 5
804,0, 230, False, 5
805,0, 230, False, 5
806,0, 230, False, 5
807,0, 230, False, 5
808,0, 230, False, 5
809,0, 230, False, 5
810,0, 230, False, 5
811,0, 230, False, 5
812,0, 230, False, 5
813,0, 230, False, 5
814,0, 230, False, 5
815,0, 230, False, 5
816,0, 230, False, 5
817,0, 230, False, 0
818,0, 230, False, 0
819,0, 230, False, 0
820,0, 230, False, 0
821,0, 230, False, 0
822,0, 230, False, 0
823,0, 230, False, 0
824,0, 230, False, 0
825,0, 230, False, 0
826,0, 230, False, 0
827,0, 230, False, 0
828,0, 230, False, 0
829,0, 230, False, 0
830,0, 230, False, 0
831,0, 230, False, 5
832,0, 230, False, 5
833,0, 230, False, 5
834,0, 230, False, 5
835,0, 230, False, 5
836,0, 230, False, 5
837,0, 230, False, 5
838,0, 230, False, 5
839,0, 230, False, 5
840,0, 230, False, 5
841,0, 230, False, 5
842,10, 240, False, 0
843,0, 240, False, 0
844,0, 240, False, 0
845,0, 240, False, 0
846,0, 240, False, 0
847,0, 240, False, 0
848,0, 240, False, 0
849,0, 240, False, 0
850,0, 240, False, 0
851,0, 240, False, 0
852,0, 240, False, 0
853,0, 240, False, 0
854,10, 250, False, 0
855,0, 250, False, 0
856,0, 250, False, 0
857,0, 250, False, 0
858,0, 250, False, 0
859,0, 250, False, 0
860,0, 250, False, 0
861,0, 250, False, 5
862,0, 250, False, 5
863,0, 250, False, 5
864,0, 250, False, 5
865,0, 250, False, 5
866,0, 250, False, 5
867,0, 250, False, 5
868,10, 260, False, 5
869,0, 260, False, 5
870,0, 260, False, 5
871,0, 260, False, 5
872,0, 260, False, 5
873,0, 260, False, 5
874,0, 260, False, 5
875,0, 260, False, 5
876,0, 260, False, 5
877,0, 260, False, 5
878,0, 260, False, 5
879,0, 260, False, 5
880,0, 260, False, 5
881,0, 260, False, 5
882,10, 270, False, 5
883,0, 270, False, 5
884,0, 270, False, 0
885,0, 270, False, 0
886,0, 270, False, 0
887,0, 270, False, 0
888,0, 270, False, 0
889,0, 270, False, 0
890,0, 270, False, 0
891,0, 270, False, 0
892,0, 270, False, 0
893,0, 270, False, 5
894,10, 280, False, 5
895,0, 280, False, 5
896,0, 280, False, 5
897,0, 280, False, 5
898,0, 280, False, 5
899,0, 280, False, 5
900,0, 280, False, 5
901,0, 280, False, 5
902,0, 280, False, 5
903,0, 280, False, 5
904,0, 280, False, 5
905,0, 280, False, 5
906,0, 280, False, 5
907,0, 280, False, 5
908,10, 290, False, 5
909,0, 290, False, 5
910,0, 290, False, 5
911,0, 290, False, 5
912,0, 290, False, 5
913,0, 290, False, 5
914,0, 290, False, 5
915,0, 290, False, 5
916,0, 290, False, 5
917,0, 290, False, 0
918,0, 290, False, 0
919,0, 290, False, 0
920,0, 290, False, 0
921,0, 290, False, 0
922,10, 300, False, 0
923,0, 300, False, 0
924,0, 300, False, 0
925,0, 300, False, 5
926,0, 300, False, 5
927,0, 300, False, 5
928,0, 300, False, 5
929,0, 300, False, 5
930,0, 300, False, 5
931,0, 300, False, 5
932,0, 300, False, 5
933,0, 300, False, 5
934,0, 300, False, 5
935,0, 300, False, 5
936,10, 310, False, 5
937,0, 310, False, 5
938,0, 310, False, 5
939,0, 310, False, 0
940,0, 310, False, 0
941,0, 310, False, 0
942,0, 310, False, 0
943,0, 310, False, 0
944,0, 310, False, 0
945,0, 310, False, 0
946,0, 310, False, 0
947,0, 310, False, 0
948,0, 310, False, 0
949,0, 310, False, 0
950,10, 320, False, 0
951,0, 320, False, 0
952,0, 320, False, 0
953,0, 320, False, 0
954,0, 320, False, 0
955,0, 320, False, 0
956,0, 320, False, 0
957,0, 320, False, 0
958,0, 320, False, 0
959,0, 320, False, 0
960,0, 320, False, 0
961,0, 320, False, 0
962,0, 320, False, 0
963,0, 320, False, 0
964,10, 330, False, 0
965,0, 330, False, 0
966,0, 330, False, 0
967,0, 330, False, 0
968,0, 330, False, 0
969,0, 330, False, 0
970,0, 330, False, 0
971,0, 330, False, 0
972,0, 330, False, 0
973,0, 330, False, 0
974,0, 330, False, 0
975,0, 330, False, 4
976,0, 330, False, 4
977,0, 330, False, 4
978,10, 340, False, 4
979,0, 340, False, 4
980,0, 340, False, 4
981,0, 340, False, 4
982,0, 340, False, 4
983,0, 340, False, 4
984,0, 340, False, 4
985,0, 340, False, 4
986,0, 340, False, 4
987,0, 340, False, 4
988,0, 340, False, 4
989,0, 340, False, 4
990,0, 340, False, 4
991,0, 340, False, 4
992,0, 340, False, 4
993,0, 340, False, 4
994,10, 350, False, 4
995,0, 350, False, 4
996,0, 350, False, 4
997,0, 350, False, 4
998,0, 350, False, 4
999,0, 350, False, 4
1000,0, 350, False, 4
1001,0, 350, False, 4
1002,0, 350, False, 4
1003,0, 350, False, 4
1004,0, 350, False, 4
1005,0, 350, False, 4
1006,10, 360, False, 4
1007,0, 360, False, 4
1008,0, 360, False, 4
1009,0, 360, False, 4
1010,0, 360, False, 0
1011,0, 360, False, 0
1012,0, 360, False, 0
1013,0, 360, False, 0
1014,0, 360, False, 0
1015,0, 360, False, 0
1016,0, 360, False, 0
1017,0, 360, False, 0
1018,0, 360, False, 0
1019,0, 360, False, 0
1020,10, 370, False, 0
1021,0, 370, False, 0
1022,0, 370, False, 0
1023,0, 370, False, 0
1024,0, 370, False, 0
1025,0, 370, False, 0
1026,0, 370, False, 0
1027,0, 370, False, 0
1028,0, 370, False, 0
1029,0, 370, False, 0
1030,0, 370, False, 0
1031,0, 370, False, 0
1032,0, 370, False, 0
1033,0, 370, False, 0
1034,10, 380, False, 2
1035,0, 380, False, 2
1036,0, 380, False, 2
1037,0, 380, False, 2
1038,0, 380, False, 2
1039,0, 380, False, 2
1040,0, 380, False, 2
1041,0, 380, False, 2
1042,0, 380, False, 0
1043,0, 380, False, 0
1044,0, 380, False, 0
1045,0, 380, False, 0
1046,0, 380, False, 0
1047,0, 380, False, 0
1048,10, 390, False, 0
1049,0, 390, False, 0
1050,0, 390, False, 0
1051,0, 390, False, 0
1052,0, 390, False, 0
1053,0, 390, False, 0
1054,0, 390, False, 0
1055,0, 390, False, 0
1056,0, 390, False, 0
1057,0, 390, False, 0
1058,0, 390, False, 0
1059,0, 390, False, 0
1060,0, 390, False, 0
1061,0, 390, False, 0
1062,10, 400, False, 0
1063,0, 400, False, 0
1064,0, 400, False, 0
1065,0, 400, False, 0
1066,0, 400, False, 0
1067,0, 400, False, 0
1068,0, 400, False, 0
1069,0, 400, False, 0
1070,0, 400, False, 0
1071,0, 400, False, 0
1072,0, 400, False, 4
1073,0, 400, False, 4
1074,0, 400, False, 4
1075,0, 400, False, 4
1076,10, 410, False, 4
1077,0, 410, False, 4
1078,0, 410, False, 4
1079,0, 410, False, 4
1080,0, 410, False, 4
1081,0, 410, False, 0
1082,0, 410, False, 0
1083,0, 410, False, 0
1084,0, 410, False, 0
1085,0, 410, False, 0
1086,0, 410, False, 0
1087,0, 410, False, 0
1088,10, 420, False, 0
1089,0, 420, False, 0
1090,0, 420, False, 0
1091,0, 420, False, 0
1092,0, 420, False, 0
1093,0, 420, False, 0
1094,0, 420, False, 0
1095,0, 420, False, 0
1096,0, 420, False, 0
1097,0, 420, False, 0
1098,0, 420, False, 0
1099,0, 420, False, 0
1100,0, 420, False, 0
1101,0, 420, False, 0
1102,0, 420, False, 0
1103,0, 420, False, 0
1104,0, 420, False, 0
1105,0, 420, False, 0
1106,10, 430, False, 0
1107,0, 430, False, 0
1108,0, 430, False, 0
1109,0, 430, False, 0
1110,0, 430, False, 0
1111,0, 430, False, 0
1112,0, 430, False, 0
1113,0, 430, False, 0
1114,0, 430, False, 0
1115,0, 430, False, 0
1116,0, 430, False, 0
1117,0, 430, False, 0
1118,0, 430, False, 0
1119,0, 430, False, 0
1120,10, 440, False, 0
1121,0, 440, False, 0
1122,0, 440, False, 0
1123,0, 440, False, 0
1124,0, 440, False, 0
1125,0, 440, False, 0
1126,0, 440, False, 0
1127,0, 440, False, 0
1128,0, 440, False, 0
1129,0, 440, False, 0
1130,0, 440, False, 0
1131,0, 440, False, 5
1132,0, 440, False, 5
1133,0, 440, False, 5
1134,0, 440, False, 5
1135,0, 440, False, 5
1136,0, 440, False, 5
1137,0, 440, False, 5
1138,10, 450, False, 5
1139,0, 450, False, 5
1140,0, 450, False, 5
1141,0, 450, False, 5
1142,0, 450, False, 5
1143,0, 450, False, 0
1144,0, 450, False, 0
1145,0, 450, False, 0
1146,0, 450, False, 0
1147,0, 450, False, 0
1148,0, 450, False, 0
1149,0, 450, False, 0
1150,0, 450, False, 0
1151,0, 450, False, 0
1152,10, 460, False, 0
1153,0, 460, False, 0
1154,0, 460, False, 0
1155,0, 460, False, 0
1156,0, 460, False, 0
1157,0, 460, False, 0
1158,0, 460, False, 0
1159,0, 460, False, 0
1160,0, 460, False, 0
1161,0, 460, False, 0
1162,0, 460, False, 0
1163,0, 460, False, 0
1164,0, 460, False, 0
1165,0, 460, False, 0
1166,10, 470, False, 0
1167,0, 470, False, 0
1168,0, 470, False, 0
1169,0, 470, False, 0
1170,0, 470, False, 0
1171,0, 470, False, 0
1172,0, 470, False, 0
1173,0, 470, False, 4
1174,0, 470, False, 4
1175,0, 470, False, 4
1176,0, 470, False, 4
1177,0, 470, False, 4
1178,0, 470, False, 4
1179,0, 470, False, 4
1180,0, 470, False, 4
1181,0, 470, False, 4
1182,10, 480, False, 0
1183,0, 480, False, 0
1184,0, 480, False, 0
1185,0, 480, False, 0
1186,0, 480, False, 0
1187,0, 480, False, 0
1188,0, 480, False, 0
1189,0, 480, False, 0
1190,0, 480, False, 0
1191,0, 480, False, 0
1192,0, 480, False, 0
1193,0, 480, False, 0
1194,0, 480, False, 0
1195,0, 480, False, 0
1196,10, 490, False, 0
1197,0, 490, False, 0
1198,0, 490, False, 0
1199,0, 490, False, 0
1200,0, 490, False, 0
1201,0, 490, False, 0
1202,0, 490, False, 0
1203,0, 490, False, 0
1204,0, 490, False, 0
1205,0, 490, False, 0
1206,0, 490, False, 0
1207,0, 490, False, 0
1208,0, 490, False, 0
1209,0, 490, False, 0
1210,10, 500, False, 0
1211,0, 500, False, 0
1212,0, 500, False, 0
1213,0, 500, False, 0
1214,0, 500, False, 0
1215,0, 500, False, 0
1216,0, 500, False, 0
1217,0, 500, False, 0
1218,0, 500, False, 0
1219,0, 500, False, 0
1220,0, 500, False, 0
1221,0, 500, False, 0
1222,0, 500, False, 0
1223,0, 500, False, 0
1224,0, 500, False, 0
1225,0, 500, False, 0
1226,0, 500, False, 2
1227,0, 500, False, 2
1228,0, 500, False, 2
1229,0, 500, False, 2
1230,0, 500, False, 2
1231,0, 500, False, 2
1232,0, 500, False, 2
1233,0, 500, False, 2
1234,0, 500, False, 0
1235,0, 500, False, 0
1236,0, 500, False, 0
1237,0, 500, False, 0
1238,0, 500, False, 0
1239,0, 500, False, 0
1240,0, 500, False, 0
1241,0, 500, False, 0
1242,0, 500, False, 0
1243,0, 500, False, 0
1244,0, 500, False, 0
1245,0, 500, False, 0
1246,0, 500, False, 0
1247,0, 500, False, 0
1248,0, 500, False, 0
1249,0, 500, False, 0
1250,0, 500, False, 0
1251,0, 500, False, 0
1252,0, 500, False, 0
1253,0, 500, False, 0
1254,0, 500, False, 0
1255,0, 500, False, 0
1256,0, 500, False, 0
1257,0, 500, False, 0
1258,0, 500, False, 0
1259,0, 500, False, 0
1260,0, 500, False, 0
1261,0, 500, False, 0
1262,0, 500, False, 0
1263,0, 500, False, 0
1264,0, 500, False, 0
1265,0, 500, False, 0
1266,0, 500, False, 0
1267,0, 500, False, 0
1268,0, 500, False, 0
1269,0, 500, False, 0
1270,0, 500, False, 0
1271,0, 500, False, 0
1272,0, 500, False, 0
1273,0, 500, False, 0
1274,0, 500, False, 2
1275,0, 500, False, 2
1276,0, 500, False, 2
1277,0, 500, False, 2
1278,0, 500, False, 2
1279,0, 500, False, 2
1280,0, 500, False, 2
1281,0, 500, False, 2
1282,0, 500, False, 0
1283,0, 500, False, 0
1284,0, 500, False, 0
1285,0, 500, False, 0
1286,0, 500, False, 0
1287,0, 500, False, 0
1288,0, 500, False, 0
1289,0, 500, False, 0
1290,0, 500, False, 0
1291,0, 500, False, 0
1292,0, 500, False, 0
1293,0, 500, False, 0
1294,0, 500, False, 0
1295,0, 500, False, 0
1296,0, 500, False, 0
1297,0, 500, False, 0
1298,0, 500, False, 0
1299,0, 500, False, 0
1300,0, 500, False, 0
1301,0, 500, False, 0
1302,0, 500, False, 0
1303,0, 500, False, 0
1304,0, 500, False, 3
1305,0, 500, False, 3
1306,0, 500, False, 3
1307,0, 500, False, 3
1308,0, 500, False, 3
1309,0, 500, False, 3
1310,0, 500, False, 0
1311,0, 500, False, 0
1312,0, 500, False, 0
1313,0, 500, False, 0
1314,0, 500, False, 0
1315,0, 500, False, 0
1316,0, 500, False, 0
1317,0, 500, False, 0
1318,0, 500, False, 0
1319,0, 500, False, 0
1320,0, 500, False, 0
1321,0, 500, False, 0
1322,0, 500, False, 0
1323,0, 500, False, 2
1324,0, 500, False, 2
1325,0, 500, False, 2
1326,0, 500, False, 2
1327,0, 500, False, 2
1328,0, 500, False, 2
1329,0, 500, False, 2
1330,0, 500, False, 0
1331,0, 500, False, 0
1332,0, 500, False, 0
1333,0, 500, False, 0
1334,0, 500, False, 0
1335,0, 500, False, 0
1336,0, 500, False, 0
1337,0, 500, False, 0
1338,0, 500, False, 0
1339,0, 500, False, 0
1340,0, 500, False, 0
1341,0, 500, False, 0
1342,0, 500, False, 0
1343,0, 500, False, 0
1344,0, 500, False, 0
1345,0, 500, False, 0
1346,0, 500, False, 0
1347,0, 500, False, 0
1348,0, 500, False, 0
1349,0, 500, False, 0
1350,0, 500, False, 0
1351,0, 500, False, 0
1352,0, 500, False, 0
1353,0, 500, False, 0
1354,0, 500, False, 0
1355,0, 500, False, 0
1356,0, 500, False, 0
1357,0, 500, False, 0
1358,0, 500, False, 3
1359,0, 500, False, 3
1360,0, 500, False, 3
1361,0, 500, False, 3
1362,0, 500, False, 3
1363,0, 500, False, 3
1364,0, 500, False, 3
1365,0, 500, False, 0
1366,0, 500, False, 0
1367,0, 500, False, 0
1368,0, 500, False, 0
1369,0, 500, False, 0
1370,0, 500, False, 0
1371,0, 500, False, 0
1372,0, 500, False, 0
1373,0, 500, False, 2
1374,0, 500, False, 2
1375,0, 500, False, 2
1376,0, 500, False, 2
1377,0, 500, False, 2
1378,0, 500, False, 2
1379,0, 500, False, 2
1380,0, 500, False, 2
1381,0, 500, False, 2
1382,0, 500, False, 2
1383,0, 500, False, 2
1384,0, 500, False, 2
1385,0, 500, False, 0
1386,0, 500, False, 0
1387,0, 500, False, 0
1388,0, 500, False, 0
1389,0, 500, False, 0
1390,0, 500, False, 0
1391,0, 500, False, 0
1392,0, 500, False, 0
1393,0, 500, False, 0
1394,0, 500, False, 0
1395,0, 500, False, 0
1396,0, 500, False, 0
1397,0, 500, False, 0
1398,0, 500, False, 0
1399,0, 500, False, 0
1400,0, 500, False, 0
1401,0, 500, False, 0
1402,0, 500, False, 0
1403,0, 500, False, 0
1404,0, 500, False, 0
1405,0, 500, False, 0
1406,0, 500, False, 0
1407,0, 500, False, 0
1408,0, 500, False, 0
1409,0, 500, False, 0
1410,0, 500, False, 2
1411,0, 500, False, 2
1412,0, 500, False, 2
1413,0, 500, False, 2
1414,0, 500, False, 2
1415,0, 500, False, 2
1416,0, 500, False, 2
1417,0, 500, False, 2
1418,0, 500, False, 2
1419,0, 500, False, 2
1420,0, 500, False, 2
1421,0, 500, False, 0
1422,0, 500, False, 0
1423,0, 500, False, 0
1424,0, 500, False, 0
1425,0, 500, False, 0
1426,0, 500, False, 0
1427,0, 500, False, 0
1428,0, 500, False, 0
1429,0, 500, False, 0
1430,0, 500, False, 0
1431,0, 500, False, 0
1432,0, 500, False, 0
1433,0, 500, False, 0
1434,0, 500, False, 3
1435,0, 500, False, 3
1436,0, 500, False, 3
1437,0, 500, False, 3
1438,0, 500, False, 3
1439,0, 500, False, 3
1440,0, 500, False, 3
1441,0, 500, False, 3
1442,0, 500, False, 0
1443,0, 500, False, 0
1444,0, 500, False, 0
1445,0, 500, False, 0
1446,0, 500, False, 0
1447,0, 500, False, 0
1448,0, 500, False, 0
1449,0, 500, False, 0
1450,0, 500, False, 0
1451,0, 500, False, 0
1452,0, 500, False, 0
1453,0, 500, False, 0
1454,0, 500, False, 0
1455,0, 500, False, 0
1456,0, 500, False, 0
1457,0, 500, False, 0
1458,0, 500, False, 2
1459,0, 500, False, 2
1460,0, 500, False, 2
1461,0, 500, False, 2
1462,0, 500, False, 2
1463,0, 500, False, 2
1464,0, 500, False, 2
1465,0, 500, False, 2
1466,0, 500, False, 2
1467,0, 500, False, 2
1468,0, 500, False, 2
1469,0, 500, False, 0
1470,0, 500, False, 0
1471,0, 500, False, 0
1472,0, 500, False, 0
1473,0, 500, False, 0
1474,0, 500, False, 0
1475,0, 500, False, 0
1476,0, 500, False, 0
1477,0, 500, False, 0
1478,10, 510, False, 0
1479,0, 510, False, 0
1480,0, 510, False, 0
1481,0, 510, False, 0
1482,0, 510, False, 0
1483,0, 510, False, 0
1484,0, 510, False, 0
1485,0, 510, False, 0
1486,0, 510, False, 0
1487,0, 510, False, 0
1488,0, 510, False, 0
1489,0, 510, False, 0
1490,0, 510, False, 0
1491,0, 510, False, 0
1492,10, 520, False, 0
1493,0, 520, False, 0
1494,0, 520, False, 0
1495,0, 520, False, 0
1496,0, 520, False, 0
1497,0, 520, False, 0
1498,0, 520, False, 0
1499,0, 520, False, 0
1500,0, 520, False, 0
1501,0, 520, False, 0
1502,0, 520, False, 0
1503,0, 520, False, 0
1504,0, 520, False, 0
1505,0, 520, False, 0
1506,10, 530, False, 0
1507,0, 530, False, 0
1508,0, 530, False, 0
1509,0, 530, False, 0
1510,0, 530, False, 0
1511,0, 530, False, 0
1512,0, 530, False, 0
1513,0, 530, False, 0
1514,0, 530, False, 0
1515,0, 530, False, 0
1516,0, 530, False, 0
1517,0, 530, False, 0
1518,0, 530, False, 0
1519,0, 530, False, 0
1520,10, 540, False, 0
1521,0, 540, False, 0
1522,0, 540, False, 0
1523,0, 540, False, 0
1524,0, 540, False, 0
1525,0, 540, False, 0
1526,0, 540, False, 0
1527,0, 540, False, 0
1528,0, 540, False, 0
1529,0, 540, False, 0
1530,0, 540, False, 0
1531,0, 540, False, 0
1532,0, 540, False, 0
1533,0, 540, False, 0
1534,0, 540, False, 0
1535,0, 540, False, 0
1536,0, 540, False, 0
1537,0, 540, False, 0
1538,0, 540, False, 0
1539,0, 540, False, 0
1540,0, 540, False, 0
1541,0, 540, False, 0
1542,0, 540, False, 0
1543,0, 540, False, 0
1544,0, 540, False, 0
1545,0, 540, False, 0
1546,0, 540, False, 0
1547,0, 540, False, 0
1548,0, 540, False, 0
1549,0, 540, False, 0
1550,0, 540, False, 0
1551,0, 540, False, 0
1552,0, 540, False, 0
1553,0, 540, False, 0
1554,0, 540, False, 0
1555,0, 540, False, 0
1556,0, 540, False, 0
1557,0, 540, False, 0
1558,0, 540, False, 0
1559,0, 540, False, 0
1560,0, 540, False, 0
1561,0, 540, False, 0
1562,0, 540, False, 0
1563,0, 540, False, 0
1564,0, 540, False, 0
1565,0, 540, False, 0
1566,0, 540, False, 0
1567,0, 540, False, 0
1568,0, 540, False, 0
1569,0, 540, False, 0
1570,0, 540, False, 0
1571,0, 540, False, 0
1572,0, 540, False, 0
1573,0, 540, False, 0
1574,0, 540, False, 0
1575,0, 540, False, 0
1576,0, 540, False, 0
1577,0, 540, False, 0
1578,0, 540, False, 0
1579,0, 540, False, 0
1580,0, 540, False, 0
1581,0, 540, False, 0
1582,0, 540, False, 0
1583,0, 540, False, 0
1584,0, 540, False, 0
1585,0, 540, False, 0
1586,0, 540, False, 0
1587,0, 540, False, 0
1588,0, 540, False, 0
1589,0, 540, False, 0
1590,0, 540, False, 0
1591,0, 540, False, 0
1592,0, 540, False, 0
1593,0, 540, False, 0
1594,0, 540, False, 0
1595,0, 540, False, 0
1596,0, 540, False, 0
1597,0, 540, False, 0
1598,0, 540, False, 0
1599,0, 540, False, 0
1600,0, 540, False, 0
1601,0, 540, False, 0
1602,0, 540, False, 0
1603,0, 540, False, 0
1604,0, 540, False, 0
1605,0, 540, False, 0
1606,0, 540, False, 0
1607,0, 540, False, 0
1608,0, 540, False, 0
1609,0, 540, False, 0
1610,0, 540, False, 0
1611,0, 540, False, 0
1612,0, 540, False, 0
1613,0, 540, False, 0
1614,0, 540, False, 0
1615,0, 540, False, 0
1616,0, 540, False, 0
1617,0, 540, False, 0
1618,0, 540, False, 0
1619,0, 540, False, 0
1620,0, 540, False, 0
1621,0, 540, False, 0
1622,0, 540, False, 0
1623,0, 540, False, 0
1624,0, 540, False, 0
1625,0, 540, False, 0
1626,0, 540, False, 0
1627,0, 540, False, 0
1628,0, 540, False, 0
1629,0, 540, False, 0
1630,0, 540, False, 0
1631,0, 540, False, 0
1632,0, 540, False, 0
1633,0, 540, False, 0
1634,0, 540, False, 0
1635,0, 540, False, 0
1636,0, 540, False, 0
1637,0, 540, False, 0
1638,0, 540, False, 0
1639,0, 540, False, 0
1640,0, 540, False, 0
1641,0, 540, False, 0
1642,0, 540, False, 0
1643,0, 540, False, 0
1644,0, 540, False, 0
1645,0, 540, False, 0
1646,0, 540, False, 0
1647,0, 540, False, 0
1648,0, 540, False, 0
1649,0, 540, False, 0
1650,0, 540, False, 0
1651,0, 540, False, 0
1652,0, 540, False, 0
1653,0, 540, False, 0
1654,0, 540, False, 0
1655,0, 540, False, 0
1656,0, 540, False, 0
1657,0, 540, False, 0
1658,0, 540, False, 0
1659,0, 540, False, 0
1660,0, 540, False, 0
1661,0, 540, False, 0
1662,0, 540, False, 0
1663,0, 540, False, 0
1664,0, 540, False, 0
1665,0, 540, False, 0
1666,0, 540, False, 0
1667,0, 540, False, 0
1668,0, 540, False, 0
1669,0, 540, False, 0
1670,0, 540, False, 0
1671,0, 540, False, 0
1672,0, 540, False, 0
1673,0, 540, False, 0
1674,0, 540, False, 0
1675,0, 540, False, 0
1676,0, 540, False, 0
1677,0, 540, False, 0
1678,0, 540, False, 0
1679,0, 540, False, 0
1680,0, 540, False, 0
1681,0, 540, False, 0
1682,0, 540, False, 0
1683,0, 540, False, 0
1684,0, 540, False, 0
1685,0, 540, False, 0
1686,0, 540, False, 0
1687,0, 540, False, 0
1688,0, 540, False, 0
1689,0, 540, False, 0
1690,0, 540, False, 0
1691,0, 540, False, 0
1692,0, 540, False, 0
1693,0, 540, False, 0
1694,0, 540, False, 0
1695,0, 540, False, 0
1696,0, 540, False, 3
1697,0, 540, False, 3
1698,0, 540, False, 3
1699,0, 540, False, 3
1700,0, 540, False, 3
1701,0, 540, False, 3
1702,0, 540, False, 3
1703,0, 540, False, 3
1704,0, 540, False, 0
1705,0, 540, False, 0
1706,0, 540, False, 0
1707,0, 540, False, 0
1708,0, 540, False, 0
1709,0, 540, False, 0
1710,0, 540, False, 0
1711,0, 540, False, 0
1712,0, 540, False, 0
1713,0, 540, False, 0
1714,0, 540, False, 0
1715,0, 540, False, 0
1716,0, 540, False, 0
1717,0, 540, False, 0
1718,0, 540, False, 0
1719,0, 540, False, 0
1720,0, 540, False, 0
1721,0, 540, False, 0
1722,0, 540, False, 0
1723,0, 540, False, 0
1724,0, 540, False, 0
1725,0, 540, False, 0
1726,0, 540, False, 0
1727,0, 540, False, 0
1728,0, 540, False, 0
1729,0, 540, False, 0
1730,0, 540, False, 0
1731,0, 540, False, 0
1732,0, 540, False, 0
1733,0, 540, False, 0
1734,0, 540, False, 0
1735,0, 540, False, 0
1736,0, 540, False, 3
1737,0, 540, False, 3
1738,0, 540, False, 3
1739,0, 540, False, 3
1740,0, 540, False, 3
1741,0, 540, False, 3
1742,0, 540, False, 3
1743,0, 540, False, 3
1744,0, 540, False, 3
1745,0, 540, False, 3
1746,0, 540, False, 3
1747,0, 540, False, 3
1748,0, 540, False, 0
1749,0, 540, False, 0
1750,0, 540, False, 0
1751,0, 540, False, 0
1752,0, 540, False, 0
1753,0, 540, False, 0
1754,0, 540, False, 0
1755,0, 540, False, 0
1756,0, 540, False, 0
1757,0, 540, False, 0
1758,0, 540, False, 0
1759,0, 540, False, 0
1760,0, 540, False, 0
1761,0, 540, False, 0
1762,0, 540, False, 0
1763,0, 540, False, 0
1764,0, 540, False, 0
1765,0, 540, False, 0
1766,0, 540, False, 0
1767,0, 540, False, 0
1768,0, 540, False, 0
1769,0, 540, False, 0
1770,0, 540, False, 0
1771,0, 540, False, 2
1772,0, 540, False, 2
1773,0, 540, False, 2
1774,0, 540, False, 2
1775,0, 540, False, 2
1776,0, 540, False, 2
1777,0, 540, False, 2
1778,0, 540, False, 2
1779,0, 540, False, 2
1780,0, 540, False, 2
1781,0, 540, False, 2
1782,0, 540, False, 0
1783,0, 540, False, 0
1784,0, 540, False, 0
1785,0, 540, False, 0
1786,0, 540, False, 0
1787,0, 540, False, 0
1788,0, 540, False, 0
1789,0, 540, False, 0
1790,10, 550, False, 0
1791,0, 550, False, 0
1792,0, 550, False, 0
1793,0, 550, False, 0
1794,0, 550, False, 0
1795,0, 550, False, 0
1796,0, 550, False, 0
1797,0, 550, False, 0
1798,0, 550, False, 0
1799,0, 550, False, 0
1800,0, 550, False, 0
1801,0, 550, False, 0
1802,0, 550, False, 0
1803,0, 550, False, 0
1804,0, 550, False, 0
1805,0, 550, False, 0
1806,0, 550, False, 0
1807,0, 550, False, 0
1808,0, 550, False, 0
1809,0, 550, False, 0
1810,0, 550, False, 0
1811,0, 550, False, 0
1812,0, 550, False, 0
1813,0, 550, False, 0
1814,0, 550, False, 0
1815,0, 550, False, 0
1816,0, 550, False, 0
1817,0, 550, False, 0
1818,0, 550, False, 0
1819,0, 550, False, 0
1820,0, 550, False, 0
1821,0, 550, False, 0
1822,0, 550, False, 0
1823,0, 550, False, 0
1824,0, 550, False, 0
1825,0, 550, False, 0
1826,0, 550, False, 0
1827,0, 550, False, 0
1828,0, 550, False, 0
1829,0, 550, False, 0
1830,0, 550, False, 0
1831,0, 550, False, 0
1832,0, 550, False, 0
1833,0, 550, False, 0
1834,0, 550, False, 0
1835,0, 550, False, 0
1836,0, 550, False, 0
1837,0, 550, False, 0
1838,0, 550, False, 0
1839,0, 550, False, 0
1840,0, 550, False, 0
1841,0, 550, False, 0
1842,0, 550, False, 0
1843,0, 550, False, 0
1844,0, 550, False, 0
1845,0, 550, False, 0
1846,0, 550, False, 0
1847,0, 550, False, 0
1848,0, 550, False, 0
1849,0, 550, False, 0
1850,0, 550, False, 0
1851,0, 550, False, 0
1852,0, 550, False, 0
1853,0, 550, False, 0
1854,0, 550, False, 0
1855,0, 550, False, 0
1856,0, 550, False, 0
1857,0, 550, False, 0
1858,0, 550, False, 0
1859,0, 550, False, 0
1860,0, 550, False, 0
1861,0, 550, False, 0
1862,0, 550, False, 0
1863,0, 550, False, 0
1864,0, 550, False, 0
1865,0, 550, False, 0
1866,0, 550, False, 0
1867,0, 550, False, 0
1868,0, 550, False, 0
1869,0, 550, False, 0
1870,0, 550, False, 0
1871,0, 550, False, 0
1872,0, 550, False, 0
1873,0, 550, False, 0
1874,0, 550, False, 0
1875,0, 550, False, 0
1876,0, 550, False, 0
1877,0, 550, False, 0
1878,0, 550, False, 0
1879,0, 550, False, 0
1880,0, 550, False, 0
1881,0, 550, False, 0
1882,0, 550, False, 0
1883,0, 550, False, 0
1884,0, 550, False, 0
1885,0, 550, False, 0
1886,0, 550, False, 0
1887,0, 550, False, 0
1888,0, 550, False, 0
1889,0, 550, False, 0
1890,0, 550, False, 0
1891,0, 550, False, 0
1892,0, 550, False, 0
1893,0, 550, False, 0
1894,0, 550, False, 0
1895,0, 550, False, 0
1896,0, 550, False, 0
1897,0, 550, False, 0
1898,0, 550, False, 0
1899,0, 550, False, 0
1900,0, 550, False, 0
1901,0, 550, False, 0
1902,0, 550, False, 0
1903,0, 550, False, 0
1904,0, 550, False, 0
1905,0, 550, False, 0
1906,0, 550, False, 0
1907,0, 550, False, 0
1908,0, 550, False, 0
1909,0, 550, False, 0
1910,0, 550, False, 0
1911,0, 550, False, 0
1912,0, 550, False, 0
1913,0, 550, False, 0
1914,0, 550, False, 0
1915,0, 550, False, 0
1916,0, 550, False, 0
1917,0, 550, False, 3
1918,0, 550, False, 3
1919,0, 550, False, 3
1920,0, 550, False, 3
1921,0, 550, False, 3
1922,0, 550, False, 3
1923,0, 550, False, 3
1924,0, 550, False, 3
1925,0, 550, False, 3
1926,0, 550, False, 3
1927,0, 550, False, 3
1928,0, 550, False, 3
1929,0, 550, False, 3
1930,0, 550, False, 0
1931,0, 550, False, 0
1932,0, 550, False, 0
1933,0, 550, False, 0
1934,0, 550, False, 0
1935,0, 550, False, 0
1936,0, 550, False, 0
1937,0, 550, False, 0
1938,0, 550, False, 0
1939,0, 550, False, 0
1940,0, 550, False, 0
1941,0, 550, False, 0
1942,0, 550, False, 0
1943,0, 550, False, 0
1944,0, 550, False, 0
1945,0, 550, False, 0
1946,0, 550, False, 0
1947,0, 550, False, 0
1948,0, 550, False, 0
1949,0, 550, False, 0
1950,0, 550, False, 0
1951,0, 550, False, 0
1952,0, 550, False, 0
1953,0, 550, False, 0
1954,0, 550, False, 0
1955,0, 550, False, 0
1956,0, 550, False, 0
1957,0, 550, False, 0
1958,0, 550, False, 0
1959,0, 550, False, 0
1960,0, 550, False, 0
1961,0, 550, False, 0
1962,0, 550, False, 0
1963,0, 550, False, 0
1964,0, 550, False, 0
1965,0, 550, False, 0
1966,0, 550, False, 0
1967,0, 550, False, 0
1968,0, 550, False, 0
1969,0, 550, False, 0
1970,0, 550, False, 3
1971,0, 550, False, 3
1972,0, 550, False, 3
1973,0, 550, False, 3
1974,0, 550, False, 3
1975,0, 550, False, 3
1976,0, 550, False, 3
1977,0, 550, False, 3
1978,0, 550, False, 3
1979,0, 550, False, 3
1980,0, 550, False, 3
1981,0, 550, False, 3
1982,0, 550, False, 3
1983,0, 550, False, 3
1984,0, 550, False, 3
1985,0, 550, False, 3
1986,0, 550, False, 0
1987,0, 550, False, 0
1988,0, 550, False, 0
1989,0, 550, False, 0
1990,0, 550, False, 0
1991,0, 550, False, 0
1992,0, 550, False, 0
1993,0, 550, False, 0
1994,0, 550, False, 0
1995,0, 550, False, 0
1996,0, 550, False, 0
1997,0, 550, False, 0
1998,0, 550, False, 0
1999,0, 550, False, 0
2000,0, 550, False, 0
2001,0, 550, False, 0
2002,0, 550, False, 0
2003,0, 550, False, 0
2004,0, 550, False, 0
2005,0, 550, False, 0
2006,0, 550, False, 0
2007,0, 550, False, 0
2008,0, 550, False, 0
2009,0, 550, False, 0
2010,0, 550, False, 0
2011,0, 550, False, 0
2012,0, 550, False, 0
2013,0, 550, False, 0
2014,0, 550, False, 0
2015,0, 550, False, 0
2016,0, 550, False, 0
2017,0, 550, False, 0
2018,0, 550, False, 0
2019,0, 550, False, 0
2020,0, 550, False, 0
2021,0, 550, False, 0
2022,0, 550, False, 0
2023,0, 550, False, 0
2024,0, 550, False, 0
2025,0, 550, False, 0
2026,0, 550, False, 0
2027,0, 550, False, 0
2028,0, 550, False, 0
2029,0, 550, False, 0
2030,0, 550, False, 0
2031,0, 550, False, 0
2032,0, 550, False, 0
2033,0, 550, False, 0
2034,0, 550, False, 0
2035,0, 550, False, 0
2036,0, 550, False, 0
2037,0, 550, False, 0
2038,0, 550, False, 0
2039,0, 550, False, 0
2040,0, 550, False, 0
2041,0, 550, False, 0
2042,0, 550, False, 0
2043,0, 550, False, 0
2044,0, 550, False, 0
2045,0, 550, False, 0
2046,0, 550, False, 0
2047,0, 550, False, 0
2048,0, 550, False, 0
2049,0, 550, False, 0
2050,0, 550, False, 0
2051,0, 550, False, 0
2052,0, 550, False, 0
2053,0, 550, False, 0
2054,0, 550, False, 0
2055,0, 550, False, 0
2056,0, 550, False, 0
2057,0, 550, False, 0
2058,0, 550, False, 0
2059,0, 550, False, 0
2060,0, 550, False, 0
2061,0, 550, False, 0
2062,0, 550, False, 0
2063,0, 550, False, 3
2064,0, 550, False, 3
2065,0, 550, False, 3
2066,0, 550, False, 3
2067,0, 550, False, 3
2068,0, 550, False, 3
2069,0, 550, False, 3
2070,0, 550, False, 3
2071,0, 550, False, 3
2072,0, 550, False, 3
2073,0, 550, False, 3
2074,0, 550, False, 3
2075,0, 550, False, 3
2076,0, 550, False, 3
2077,0, 550, False, 3
2078,0, 550, False, 3
2079,0, 550, False, 3
2080,0, 550, False, 3
2081,0, 550, False, 0
2082,0, 550, False, 0
2083,0, 550, False, 0
2084,0, 550, False, 0
2085,0, 550, False, 0
2086,0, 550, False, 0
2087,0, 550, False, 0
2088,0, 550, False, 0
2089,0, 550, False, 0
2090,0, 550, False, 0
2091,0, 550, False, 0
2092,0, 550, False, 0
2093,0, 550, False, 0
2094,0, 550, False, 0
2095,0, 550, False, 0
2096,0, 550, False, 0
2097,0, 550, False, 0
2098,0, 550, False, 0
2099,0, 550, False, 0
2100,0, 550, False, 0
2101,0, 550, False, 0
2102,0, 550, False, 0
2103,0, 550, False, 0
2104,0, 550, False, 0
2105,0, 550, False, 0
2106,0, 550, False, 0
2107,0, 550, False, 0
2108,0, 550, False, 0
2109,0, 550, False, 0
2110,0, 550, False, 0
2111,0, 550, False, 0
2112,0, 550, False, 0
2113,0, 550, False, 0
2114,0, 550, False, 0
2115,0, 550, False, 0
2116,0, 550, False, 0
2117,0, 550, False, 0
2118,0, 550, False, 0
2119,0, 550, False, 0
2120,0, 550, False, 0
2121,0, 550, False, 0
2122,0, 550, False, 0
2123,0, 550, False, 0
2124,0, 550, False, 0
2125,0, 550, False, 0
2126,0, 550, False, 0
2127,0, 550, False, 0
2128,0, 550, False, 0
2129,0, 550, False, 0
2130,0, 550, False, 0
2131,0, 550, False, 0
2132,0, 550, False, 0
2133,0, 550, False, 0
2134,0, 550, False, 0
2135,0, 550, False, 0
2136,0, 550, False, 0
2137,0, 550, False, 0
2138,0, 550, False, 0
2139,0, 550, False, 0
2140,0, 550, False, 0
2141,0, 550, False, 0
2142,0, 550, False, 0
2143,0, 550, False, 0
2144,0, 550, False, 0
2145,0, 550, False, 0
2146,0, 550, False, 0
2147,0, 550, False, 0
2148,0, 550, False, 0
2149,0, 550, False, 0
2150,0, 550, False, 0
2151,0, 550, False, 0
2152,0, 550, False, 0
2153,0, 550, False, 0
2154,0, 550, False, 0
2155,0, 550, False, 0
2156,0, 550, False, 0
2157,0, 550, False, 0
2158,0, 550, True, 0
