db traj id : 1433
frame,reward,score,terminal, action
0,0, 0, False, 0
1,0, 0, False, 0
2,0, 0, False, 0
3,0, 0, False, 0
4,0, 0, False, 0
5,0, 0, False, 0
6,0, 0, False, 0
7,0, 0, False, 0
8,0, 0, False, 0
9,0, 0, False, 0
10,0, 0, False, 0
11,0, 0, False, 0
12,0, 0, False, 0
13,0, 0, False, 0
14,0, 0, False, 0
15,0, 0, False, 0
16,0, 0, False, 0
17,0, 0, False, 0
18,0, 0, False, 0
19,0, 0, False, 0
20,0, 0, False, 0
21,0, 0, False, 0
22,0, 0, False, 0
23,0, 0, False, 0
24,0, 0, False, 0
25,0, 0, False, 0
26,0, 0, False, 0
27,0, 0, False, 0
28,0, 0, False, 0
29,0, 0, False, 0
30,0, 0, False, 0
31,0, 0, False, 0
32,0, 0, False, 0
33,0, 0, False, 0
34,0, 0, False, 0
35,0, 0, False, 0
36,0, 0, False, 0
37,0, 0, False, 0
38,0, 0, False, 0
39,0, 0, False, 0
40,0, 0, False, 0
41,0, 0, False, 0
42,0, 0, False, 0
43,0, 0, False, 0
44,0, 0, False, 0
45,0, 0, False, 0
46,0, 0, False, 0
47,0, 0, False, 0
48,0, 0, False, 0
49,0, 0, False, 0
50,0, 0, False, 0
51,0, 0, False, 0
52,0, 0, False, 0
53,0, 0, False, 0
54,0, 0, False, 0
55,0, 0, False, 0
56,0, 0, False, 0
57,0, 0, False, 0
58,0, 0, False, 0
59,0, 0, False, 0
60,0, 0, False, 0
61,0, 0, False, 0
62,0, 0, False, 0
63,0, 0, False, 0
64,0, 0, False, 0
65,0, 0, False, 0
66,0, 0, False, 0
67,0, 0, False, 0
68,0, 0, False, 0
69,0, 0, False, 0
70,0, 0, False, 0
71,0, 0, False, 0
72,0, 0, False, 0
73,0, 0, False, 0
74,0, 0, False, 0
75,0, 0, False, 0
76,0, 0, False, 0
77,0, 0, False, 0
78,0, 0, False, 0
79,0, 0, False, 0
80,0, 0, False, 0
81,0, 0, False, 0
82,0, 0, False, 0
83,0, 0, False, 0
84,0, 0, False, 0
85,0, 0, False, 0
86,0, 0, False, 0
87,0, 0, False, 0
88,0, 0, False, 0
89,0, 0, False, 0
90,0, 0, False, 0
91,0, 0, False, 0
92,0, 0, False, 0
93,0, 0, False, 0
94,0, 0, False, 0
95,0, 0, False, 0
96,0, 0, False, 0
97,0, 0, False, 0
98,0, 0, False, 0
99,0, 0, False, 0
100,0, 0, False, 0
101,0, 0, False, 0
102,0, 0, False, 0
103,0, 0, False, 0
104,0, 0, False, 0
105,0, 0, False, 0
106,0, 0, False, 0
107,0, 0, False, 0
108,0, 0, False, 0
109,0, 0, False, 0
110,0, 0, False, 0
111,0, 0, False, 0
112,0, 0, False, 0
113,0, 0, False, 0
114,0, 0, False, 0
115,0, 0, False, 0
116,0, 0, False, 0
117,0, 0, False, 0
118,0, 0, False, 0
119,0, 0, False, 0
120,0, 0, False, 0
121,0, 0, False, 0
122,0, 0, False, 0
123,0, 0, False, 0
124,0, 0, False, 0
125,0, 0, False, 0
126,0, 0, False, 0
127,0, 0, False, 0
128,0, 0, False, 0
129,0, 0, False, 0
130,0, 0, False, 0
131,0, 0, False, 3
132,0, 0, False, 3
133,0, 0, False, 3
134,0, 0, False, 3
135,0, 0, False, 3
136,0, 0, False, 3
137,0, 0, False, 3
138,0, 0, False, 3
139,0, 0, False, 3
140,0, 0, False, 3
141,0, 0, False, 3
142,0, 0, False, 3
143,0, 0, False, 3
144,0, 0, False, 3
145,0, 0, False, 0
146,0, 0, False, 0
147,0, 0, False, 0
148,0, 0, False, 0
149,0, 0, False, 0
150,0, 0, False, 0
151,0, 0, False, 0
152,0, 0, False, 0
153,0, 0, False, 0
154,0, 0, False, 0
155,0, 0, False, 0
156,0, 0, False, 0
157,0, 0, False, 0
158,0, 0, False, 0
159,0, 0, False, 0
160,0, 0, False, 0
161,0, 0, False, 0
162,0, 0, False, 0
163,0, 0, False, 0
164,0, 0, False, 0
165,0, 0, False, 0
166,0, 0, False, 0
167,0, 0, False, 0
168,0, 0, False, 0
169,0, 0, False, 0
170,0, 0, False, 0
171,0, 0, False, 0
172,0, 0, False, 0
173,0, 0, False, 0
174,0, 0, False, 0
175,0, 0, False, 0
176,0, 0, False, 0
177,0, 0, False, 0
178,0, 0, False, 0
179,0, 0, False, 0
180,0, 0, False, 0
181,0, 0, False, 0
182,0, 0, False, 0
183,0, 0, False, 0
184,0, 0, False, 0
185,0, 0, False, 0
186,0, 0, False, 0
187,0, 0, False, 3
188,0, 0, False, 3
189,0, 0, False, 3
190,0, 0, False, 3
191,0, 0, False, 3
192,0, 0, False, 3
193,0, 0, False, 3
194,0, 0, False, 3
195,0, 0, False, 3
196,0, 0, False, 3
197,0, 0, False, 3
198,0, 0, False, 3
199,0, 0, False, 3
200,0, 0, False, 3
201,0, 0, False, 3
202,0, 0, False, 3
203,0, 0, False, 3
204,0, 0, False, 0
205,0, 0, False, 0
206,0, 0, False, 0
207,0, 0, False, 0
208,0, 0, False, 0
209,0, 0, False, 0
210,0, 0, False, 0
211,0, 0, False, 0
212,0, 0, False, 0
213,0, 0, False, 0
214,0, 0, False, 0
215,0, 0, False, 0
216,0, 0, False, 0
217,0, 0, False, 0
218,0, 0, False, 0
219,0, 0, False, 0
220,0, 0, False, 0
221,0, 0, False, 0
222,0, 0, False, 0
223,0, 0, False, 0
224,0, 0, False, 0
225,0, 0, False, 0
226,0, 0, False, 0
227,0, 0, False, 0
228,0, 0, False, 0
229,0, 0, False, 0
230,0, 0, False, 3
231,0, 0, False, 3
232,0, 0, False, 3
233,0, 0, False, 3
234,0, 0, False, 3
235,0, 0, False, 3
236,0, 0, False, 3
237,0, 0, False, 3
238,0, 0, False, 3
239,0, 0, False, 3
240,0, 0, False, 3
241,0, 0, False, 3
242,0, 0, False, 3
243,0, 0, False, 3
244,0, 0, False, 3
245,0, 0, False, 3
246,0, 0, False, 3
247,0, 0, False, 3
248,0, 0, False, 3
249,0, 0, False, 3
250,0, 0, False, 3
251,0, 0, False, 3
252,0, 0, False, 3
253,0, 0, False, 3
254,0, 0, False, 3
255,0, 0, False, 3
256,0, 0, False, 3
257,0, 0, False, 3
258,0, 0, False, 3
259,0, 0, False, 3
260,0, 0, False, 3
261,0, 0, False, 3
262,0, 0, False, 3
263,0, 0, False, 3
264,0, 0, False, 3
265,0, 0, False, 3
266,0, 0, False, 3
267,0, 0, False, 3
268,0, 0, False, 3
269,0, 0, False, 3
270,0, 0, False, 3
271,0, 0, False, 3
272,0, 0, False, 3
273,0, 0, False, 3
274,10, 10, False, 3
275,0, 10, False, 3
276,0, 10, False, 3
277,0, 10, False, 3
278,0, 10, False, 3
279,0, 10, False, 3
280,0, 10, False, 3
281,0, 10, False, 3
282,0, 10, False, 3
283,0, 10, False, 3
284,0, 10, False, 3
285,0, 10, False, 3
286,10, 20, False, 3
287,0, 20, False, 3
288,0, 20, False, 3
289,0, 20, False, 3
290,0, 20, False, 3
291,0, 20, False, 3
292,0, 20, False, 3
293,0, 20, False, 3
294,0, 20, False, 3
295,0, 20, False, 3
296,0, 20, False, 3
297,0, 20, False, 3
298,0, 20, False, 3
299,0, 20, False, 3
300,10, 30, False, 3
301,0, 30, False, 3
302,0, 30, False, 3
303,0, 30, False, 3
304,0, 30, False, 3
305,0, 30, False, 3
306,0, 30, False, 3
307,0, 30, False, 3
308,0, 30, False, 3
309,0, 30, False, 3
310,0, 30, False, 3
311,0, 30, False, 3
312,0, 30, False, 3
313,0, 30, False, 3
314,10, 40, False, 3
315,0, 40, False, 3
316,0, 40, False, 3
317,0, 40, False, 3
318,0, 40, False, 3
319,0, 40, False, 3
320,0, 40, False, 3
321,0, 40, False, 3
322,0, 40, False, 3
323,0, 40, False, 3
324,0, 40, False, 3
325,0, 40, False, 3
326,10, 50, False, 3
327,0, 50, False, 3
328,0, 50, False, 3
329,0, 50, False, 3
330,0, 50, False, 3
331,0, 50, False, 3
332,0, 50, False, 3
333,0, 50, False, 3
334,0, 50, False, 3
335,0, 50, False, 3
336,0, 50, False, 3
337,0, 50, False, 3
338,0, 50, False, 3
339,0, 50, False, 3
340,10, 60, False, 3
341,0, 60, False, 3
342,0, 60, False, 0
343,0, 60, False, 0
344,0, 60, False, 0
345,0, 60, False, 0
346,0, 60, False, 0
347,0, 60, False, 5
348,0, 60, False, 5
349,0, 60, False, 5
350,0, 60, False, 5
351,0, 60, False, 5
352,0, 60, False, 5
353,0, 60, False, 5
354,10, 70, False, 5
355,0, 70, False, 5
356,0, 70, False, 5
357,0, 70, False, 5
358,0, 70, False, 5
359,0, 70, False, 5
360,0, 70, False, 5
361,0, 70, False, 0
362,0, 70, False, 0
363,0, 70, False, 0
364,0, 70, False, 0
365,0, 70, False, 0
366,0, 70, False, 0
367,0, 70, False, 0
368,10, 80, False, 0
369,0, 80, False, 0
370,0, 80, False, 0
371,0, 80, False, 0
372,0, 80, False, 0
373,0, 80, False, 0
374,0, 80, False, 0
375,0, 80, False, 0
376,0, 80, False, 0
377,0, 80, False, 0
378,0, 80, False, 0
379,0, 80, False, 0
380,0, 80, False, 0
381,0, 80, False, 0
382,10, 90, False, 0
383,0, 90, False, 0
384,0, 90, False, 0
385,0, 90, False, 0
386,0, 90, False, 0
387,0, 90, False, 0
388,0, 90, False, 0
389,0, 90, False, 0
390,0, 90, False, 0
391,0, 90, False, 0
392,0, 90, False, 0
393,0, 90, False, 0
394,0, 90, False, 0
395,0, 90, False, 0
396,10, 100, False, 0
397,0, 100, False, 0
398,0, 100, False, 0
399,0, 100, False, 0
400,0, 100, False, 0
401,0, 100, False, 0
402,0, 100, False, 0
403,0, 100, False, 0
404,0, 100, False, 0
405,0, 100, False, 0
406,0, 100, False, 0
407,0, 100, False, 0
408,0, 100, False, 3
409,0, 100, False, 3
410,10, 110, False, 3
411,0, 110, False, 3
412,0, 110, False, 3
413,0, 110, False, 3
414,0, 110, False, 3
415,0, 110, False, 3
416,0, 110, False, 3
417,0, 110, False, 3
418,0, 110, False, 3
419,0, 110, False, 3
420,0, 110, False, 3
421,0, 110, False, 3
422,0, 110, False, 3
423,0, 110, False, 3
424,10, 120, False, 3
425,0, 120, False, 3
426,0, 120, False, 3
427,0, 120, False, 3
428,0, 120, False, 3
429,0, 120, False, 3
430,0, 120, False, 3
431,0, 120, False, 3
432,0, 120, False, 0
433,0, 120, False, 0
434,0, 120, False, 0
435,0, 120, False, 0
436,0, 120, False, 0
437,0, 120, False, 0
438,10, 130, False, 0
439,0, 130, False, 0
440,0, 130, False, 0
441,0, 130, False, 0
442,0, 130, False, 2
443,0, 130, False, 2
444,0, 130, False, 2
445,0, 130, False, 2
446,0, 130, False, 2
447,0, 130, False, 2
448,0, 130, False, 2
449,0, 130, False, 2
450,10, 140, False, 2
451,0, 140, False, 2
452,0, 140, False, 2
453,0, 140, False, 2
454,0, 140, False, 2
455,0, 140, False, 2
456,0, 140, False, 2
457,0, 140, False, 0
458,0, 140, False, 0
459,0, 140, False, 0
460,0, 140, False, 0
461,0, 140, False, 0
462,0, 140, False, 0
463,0, 140, False, 0
464,0, 140, False, 0
465,0, 140, False, 0
466,0, 140, False, 0
467,0, 140, False, 0
468,50, 190, False, 0
469,0, 190, False, 0
470,0, 190, False, 0
471,0, 190, False, 0
472,0, 190, False, 0
473,0, 190, False, 0
474,0, 190, False, 0
475,0, 190, False, 0
476,0, 190, False, 0
477,0, 190, False, 0
478,0, 190, False, 0
479,0, 190, False, 0
480,10, 200, False, 0
481,0, 200, False, 0
482,0, 200, False, 0
483,0, 200, False, 0
484,0, 200, False, 0
485,0, 200, False, 0
486,0, 200, False, 0
487,0, 200, False, 0
488,0, 200, False, 0
489,0, 200, False, 0
490,0, 200, False, 0
491,0, 200, False, 0
492,200, 400, False, 0
493,0, 400, False, 0
494,0, 400, False, 0
495,0, 400, False, 0
496,0, 400, False, 0
497,0, 400, False, 0
498,0, 400, False, 0
499,0, 400, False, 0
500,0, 400, False, 0
501,0, 400, False, 0
502,0, 400, False, 0
503,0, 400, False, 0
504,0, 400, False, 0
505,0, 400, False, 0
506,0, 400, False, 0
507,0, 400, False, 0
508,0, 400, False, 4
509,0, 400, False, 4
510,10, 410, False, 4
511,0, 410, False, 4
512,0, 410, False, 4
513,0, 410, False, 4
514,0, 410, False, 4
515,0, 410, False, 4
516,0, 410, False, 4
517,0, 410, False, 4
518,0, 410, False, 4
519,0, 410, False, 0
520,0, 410, False, 0
521,0, 410, False, 0
522,10, 420, False, 0
523,0, 420, False, 0
524,0, 420, False, 0
525,0, 420, False, 0
526,0, 420, False, 0
527,0, 420, False, 0
528,0, 420, False, 0
529,0, 420, False, 0
530,0, 420, False, 0
531,0, 420, False, 0
532,0, 420, False, 0
533,0, 420, False, 0
534,10, 430, False, 0
535,0, 430, False, 0
536,0, 430, False, 0
537,0, 430, False, 0
538,0, 430, False, 0
539,0, 430, False, 0
540,0, 430, False, 3
541,0, 430, False, 3
542,0, 430, False, 3
543,0, 430, False, 0
544,0, 430, False, 0
545,0, 430, False, 0
546,0, 430, False, 0
547,0, 430, False, 0
548,0, 430, False, 0
549,0, 430, False, 0
550,0, 430, False, 0
551,0, 430, False, 0
552,0, 430, False, 0
553,0, 430, False, 0
554,0, 430, False, 0
555,0, 430, False, 0
556,0, 430, False, 0
557,0, 430, False, 0
558,0, 430, False, 0
559,0, 430, False, 0
560,0, 430, False, 0
561,0, 430, False, 0
562,0, 430, False, 0
563,0, 430, False, 0
564,0, 430, False, 0
565,0, 430, False, 0
566,0, 430, False, 0
567,0, 430, False, 0
568,0, 430, False, 0
569,0, 430, False, 0
570,0, 430, False, 0
571,0, 430, False, 0
572,0, 430, False, 0
573,0, 430, False, 2
574,0, 430, False, 2
575,0, 430, False, 2
576,0, 430, False, 2
577,0, 430, False, 2
578,0, 430, False, 2
579,0, 430, False, 2
580,0, 430, False, 2
581,0, 430, False, 2
582,0, 430, False, 2
583,0, 430, False, 2
584,0, 430, False, 2
585,0, 430, False, 2
586,0, 430, False, 2
587,0, 430, False, 0
588,0, 430, False, 0
589,0, 430, False, 0
590,0, 430, False, 0
591,0, 430, False, 0
592,0, 430, False, 0
593,0, 430, False, 0
594,0, 430, False, 0
595,0, 430, False, 0
596,0, 430, False, 0
597,0, 430, False, 0
598,0, 430, False, 0
599,0, 430, False, 0
600,0, 430, False, 0
601,0, 430, False, 4
602,0, 430, False, 4
603,0, 430, False, 4
604,0, 430, False, 4
605,0, 430, False, 4
606,0, 430, False, 4
607,0, 430, False, 0
608,0, 430, False, 0
609,0, 430, False, 0
610,0, 430, False, 0
611,0, 430, False, 0
612,0, 430, False, 0
613,0, 430, False, 0
614,0, 430, False, 0
615,0, 430, False, 2
616,0, 430, False, 2
617,0, 430, False, 2
618,0, 430, False, 2
619,0, 430, False, 2
620,0, 430, False, 2
621,0, 430, False, 2
622,0, 430, False, 2
623,0, 430, False, 2
624,0, 430, False, 2
625,0, 430, False, 2
626,0, 430, False, 2
627,0, 430, False, 2
628,0, 430, False, 2
629,0, 430, False, 2
630,0, 430, False, 2
631,0, 430, False, 2
632,0, 430, False, 2
633,0, 430, False, 2
634,0, 430, False, 2
635,0, 430, False, 0
636,0, 430, False, 0
637,0, 430, False, 0
638,0, 430, False, 0
639,0, 430, False, 0
640,0, 430, False, 0
641,0, 430, False, 0
642,0, 430, False, 0
643,0, 430, False, 0
644,0, 430, False, 0
645,0, 430, False, 0
646,0, 430, False, 0
647,0, 430, False, 0
648,0, 430, False, 0
649,0, 430, False, 0
650,0, 430, False, 0
651,0, 430, False, 0
652,0, 430, False, 0
653,0, 430, False, 0
654,0, 430, False, 0
655,0, 430, False, 0
656,0, 430, False, 0
657,0, 430, False, 0
658,0, 430, False, 0
659,0, 430, False, 0
660,0, 430, False, 0
661,0, 430, False, 0
662,0, 430, False, 0
663,0, 430, False, 0
664,0, 430, False, 4
665,0, 430, False, 4
666,0, 430, False, 4
667,0, 430, False, 4
668,0, 430, False, 4
669,0, 430, False, 4
670,0, 430, False, 4
671,0, 430, False, 4
672,0, 430, False, 4
673,0, 430, False, 4
674,0, 430, False, 0
675,0, 430, False, 0
676,0, 430, False, 0
677,0, 430, False, 0
678,0, 430, False, 0
679,0, 430, False, 0
680,0, 430, False, 0
681,0, 430, False, 0
682,0, 430, False, 0
683,0, 430, False, 0
684,0, 430, False, 0
685,0, 430, False, 5
686,0, 430, False, 5
687,0, 430, False, 5
688,0, 430, False, 5
689,0, 430, False, 5
690,0, 430, False, 5
691,0, 430, False, 5
692,0, 430, False, 5
693,0, 430, False, 5
694,10, 440, False, 5
695,0, 440, False, 5
696,0, 440, False, 5
697,0, 440, False, 5
698,0, 440, False, 5
699,0, 440, False, 5
700,0, 440, False, 5
701,0, 440, False, 5
702,0, 440, False, 5
703,0, 440, False, 0
704,0, 440, False, 0
705,0, 440, False, 0
706,0, 440, False, 0
707,0, 440, False, 0
708,10, 450, False, 0
709,0, 450, False, 0
710,0, 450, False, 0
711,0, 450, False, 0
712,0, 450, False, 0
713,0, 450, False, 0
714,0, 450, False, 0
715,0, 450, False, 0
716,0, 450, False, 0
717,0, 450, False, 0
718,0, 450, False, 0
719,0, 450, False, 0
720,0, 450, False, 0
721,0, 450, False, 0
722,10, 460, False, 0
723,0, 460, False, 0
724,0, 460, False, 0
725,0, 460, False, 0
726,0, 460, False, 4
727,0, 460, False, 4
728,0, 460, False, 4
729,0, 460, False, 4
730,0, 460, False, 4
731,0, 460, False, 4
732,0, 460, False, 4
733,0, 460, False, 4
734,0, 460, False, 4
735,0, 460, False, 4
736,0, 460, False, 4
737,0, 460, False, 4
738,10, 470, False, 4
739,0, 470, False, 4
740,0, 470, False, 0
741,0, 470, False, 0
742,0, 470, False, 0
743,0, 470, False, 0
744,0, 470, False, 0
745,0, 470, False, 0
746,0, 470, False, 0
747,0, 470, False, 0
748,0, 470, False, 0
749,0, 470, False, 0
750,10, 480, False, 0
751,0, 480, False, 0
752,0, 480, False, 0
753,0, 480, False, 0
754,0, 480, False, 0
755,0, 480, False, 0
756,0, 480, False, 0
757,0, 480, False, 2
758,0, 480, False, 2
759,0, 480, False, 2
760,0, 480, False, 2
761,0, 480, False, 2
762,0, 480, False, 2
763,0, 480, False, 2
764,0, 480, False, 2
765,0, 480, False, 2
766,0, 480, False, 2
767,0, 480, False, 2
768,0, 480, False, 2
769,0, 480, False, 2
770,10, 490, False, 0
771,0, 490, False, 0
772,0, 490, False, 0
773,0, 490, False, 0
774,0, 490, False, 0
775,0, 490, False, 0
776,0, 490, False, 0
777,0, 490, False, 0
778,0, 490, False, 0
779,0, 490, False, 0
780,0, 490, False, 0
781,0, 490, False, 0
782,0, 490, False, 0
783,0, 490, False, 0
784,10, 500, False, 0
785,0, 500, False, 0
786,0, 500, False, 0
787,0, 500, False, 0
788,0, 500, False, 0
789,0, 500, False, 0
790,0, 500, False, 0
791,0, 500, False, 0
792,0, 500, False, 0
793,0, 500, False, 0
794,0, 500, False, 0
795,0, 500, False, 4
796,0, 500, False, 4
797,0, 500, False, 4
798,0, 500, False, 4
799,0, 500, False, 4
800,0, 500, False, 4
801,0, 500, False, 4
802,0, 500, False, 4
803,0, 500, False, 4
804,0, 500, False, 4
805,0, 500, False, 4
806,0, 500, False, 4
807,0, 500, False, 4
808,0, 500, False, 4
809,0, 500, False, 0
810,0, 500, False, 0
811,0, 500, False, 0
812,0, 500, False, 0
813,0, 500, False, 0
814,0, 500, False, 0
815,0, 500, False, 0
816,0, 500, False, 0
817,0, 500, False, 0
818,0, 500, False, 0
819,0, 500, False, 0
820,0, 500, False, 0
821,0, 500, False, 0
822,10, 510, False, 0
823,0, 510, False, 0
824,0, 510, False, 0
825,0, 510, False, 0
826,0, 510, False, 0
827,0, 510, False, 0
828,0, 510, False, 0
829,0, 510, False, 0
830,0, 510, False, 0
831,0, 510, False, 0
832,0, 510, False, 0
833,0, 510, False, 0
834,0, 510, False, 0
835,0, 510, False, 0
836,10, 520, False, 0
837,0, 520, False, 0
838,0, 520, False, 0
839,0, 520, False, 0
840,0, 520, False, 0
841,0, 520, False, 0
842,0, 520, False, 0
843,0, 520, False, 0
844,0, 520, False, 0
845,0, 520, False, 0
846,0, 520, False, 0
847,0, 520, False, 0
848,0, 520, False, 0
849,0, 520, False, 0
850,10, 530, False, 0
851,0, 530, False, 0
852,0, 530, False, 0
853,0, 530, False, 0
854,0, 530, False, 0
855,0, 530, False, 0
856,0, 530, False, 0
857,0, 530, False, 0
858,0, 530, False, 0
859,0, 530, False, 0
860,0, 530, False, 0
861,0, 530, False, 0
862,10, 540, False, 0
863,0, 540, False, 0
864,0, 540, False, 0
865,0, 540, False, 0
866,0, 540, False, 0
867,0, 540, False, 0
868,0, 540, False, 0
869,0, 540, False, 0
870,0, 540, False, 0
871,0, 540, False, 0
872,0, 540, False, 0
873,0, 540, False, 0
874,0, 540, False, 0
875,0, 540, False, 0
876,10, 550, False, 0
877,0, 550, False, 0
878,0, 550, False, 0
879,0, 550, False, 0
880,0, 550, False, 0
881,0, 550, False, 0
882,0, 550, False, 0
883,0, 550, False, 0
884,0, 550, False, 0
885,0, 550, False, 0
886,0, 550, False, 0
887,0, 550, False, 0
888,0, 550, False, 0
889,0, 550, False, 0
890,10, 560, False, 0
891,0, 560, False, 0
892,0, 560, False, 0
893,0, 560, False, 0
894,0, 560, False, 5
895,0, 560, False, 5
896,0, 560, False, 5
897,0, 560, False, 5
898,0, 560, False, 5
899,0, 560, False, 5
900,0, 560, False, 5
901,0, 560, False, 5
902,0, 560, False, 5
903,0, 560, False, 5
904,10, 570, False, 5
905,0, 570, False, 5
906,0, 570, False, 5
907,0, 570, False, 5
908,0, 570, False, 5
909,0, 570, False, 5
910,0, 570, False, 0
911,0, 570, False, 0
912,0, 570, False, 0
913,0, 570, False, 0
914,0, 570, False, 0
915,0, 570, False, 0
916,0, 570, False, 0
917,0, 570, False, 0
918,10, 580, False, 0
919,0, 580, False, 0
920,0, 580, False, 0
921,0, 580, False, 0
922,0, 580, False, 0
923,0, 580, False, 0
924,0, 580, False, 0
925,0, 580, False, 0
926,0, 580, False, 0
927,0, 580, False, 0
928,0, 580, False, 0
929,0, 580, False, 0
930,0, 580, False, 0
931,0, 580, False, 0
932,10, 590, False, 0
933,0, 590, False, 0
934,0, 590, False, 0
935,0, 590, False, 0
936,0, 590, False, 0
937,0, 590, False, 0
938,0, 590, False, 0
939,0, 590, False, 0
940,0, 590, False, 0
941,0, 590, False, 0
942,0, 590, False, 0
943,0, 590, False, 0
944,0, 590, False, 0
945,0, 590, False, 0
946,10, 600, False, 0
947,0, 600, False, 0
948,0, 600, False, 0
949,0, 600, False, 0
950,0, 600, False, 0
951,0, 600, False, 0
952,0, 600, False, 0
953,0, 600, False, 0
954,0, 600, False, 0
955,0, 600, False, 0
956,0, 600, False, 0
957,0, 600, False, 0
958,0, 600, False, 0
959,0, 600, False, 0
960,10, 610, False, 0
961,0, 610, False, 0
962,0, 610, False, 3
963,0, 610, False, 3
964,0, 610, False, 3
965,0, 610, False, 3
966,0, 610, False, 3
967,0, 610, False, 3
968,0, 610, False, 3
969,0, 610, False, 3
970,0, 610, False, 3
971,0, 610, False, 3
972,0, 610, False, 3
973,0, 610, False, 3
974,10, 620, False, 0
975,0, 620, False, 0
976,0, 620, False, 0
977,0, 620, False, 0
978,0, 620, False, 0
979,0, 620, False, 0
980,0, 620, False, 0
981,0, 620, False, 0
982,0, 620, False, 0
983,0, 620, False, 0
984,0, 620, False, 0
985,0, 620, False, 0
986,10, 630, False, 0
987,0, 630, False, 0
988,0, 630, False, 0
989,0, 630, False, 0
990,0, 630, False, 0
991,0, 630, False, 0
992,0, 630, False, 0
993,0, 630, False, 0
994,0, 630, False, 0
995,0, 630, False, 0
996,0, 630, False, 0
997,0, 630, False, 0
998,0, 630, False, 0
999,0, 630, False, 0
1000,10, 640, False, 0
1001,0, 640, False, 0
1002,0, 640, False, 0
1003,0, 640, False, 0
1004,0, 640, False, 0
1005,0, 640, False, 0
1006,0, 640, False, 0
1007,0, 640, False, 0
1008,0, 640, False, 0
1009,0, 640, False, 0
1010,0, 640, False, 0
1011,0, 640, False, 0
1012,0, 640, False, 0
1013,0, 640, False, 0
1014,10, 650, False, 0
1015,0, 650, False, 0
1016,0, 650, False, 0
1017,0, 650, False, 0
1018,0, 650, False, 0
1019,0, 650, False, 0
1020,0, 650, False, 0
1021,0, 650, False, 0
1022,0, 650, False, 0
1023,0, 650, False, 0
1024,0, 650, False, 0
1025,0, 650, False, 0
1026,10, 660, False, 0
1027,0, 660, False, 0
1028,0, 660, False, 0
1029,0, 660, False, 0
1030,0, 660, False, 0
1031,0, 660, False, 0
1032,0, 660, False, 0
1033,0, 660, False, 0
1034,0, 660, False, 0
1035,0, 660, False, 0
1036,0, 660, False, 0
1037,0, 660, False, 0
1038,0, 660, False, 0
1039,0, 660, False, 0
1040,0, 660, False, 0
1041,0, 660, False, 0
1042,0, 660, False, 0
1043,0, 660, False, 0
1044,0, 660, False, 0
1045,0, 660, False, 0
1046,10, 670, False, 0
1047,0, 670, False, 0
1048,0, 670, False, 0
1049,0, 670, False, 0
1050,0, 670, False, 0
1051,0, 670, False, 0
1052,0, 670, False, 0
1053,0, 670, False, 0
1054,0, 670, False, 0
1055,0, 670, False, 0
1056,0, 670, False, 0
1057,0, 670, False, 0
1058,10, 680, False, 0
1059,0, 680, False, 0
1060,0, 680, False, 0
1061,0, 680, False, 0
1062,0, 680, False, 0
1063,0, 680, False, 0
1064,0, 680, False, 0
1065,0, 680, False, 0
1066,0, 680, False, 0
1067,0, 680, False, 0
1068,0, 680, False, 0
1069,0, 680, False, 0
1070,0, 680, False, 0
1071,0, 680, False, 0
1072,10, 690, False, 0
1073,0, 690, False, 0
1074,0, 690, False, 0
1075,0, 690, False, 0
1076,0, 690, False, 0
1077,0, 690, False, 0
1078,0, 690, False, 0
1079,0, 690, False, 0
1080,0, 690, False, 0
1081,0, 690, False, 0
1082,0, 690, False, 0
1083,0, 690, False, 0
1084,0, 690, False, 0
1085,0, 690, False, 0
1086,10, 700, False, 0
1087,0, 700, False, 0
1088,0, 700, False, 0
1089,0, 700, False, 0
1090,0, 700, False, 0
1091,0, 700, False, 0
1092,0, 700, False, 0
1093,0, 700, False, 0
1094,0, 700, False, 0
1095,0, 700, False, 0
1096,0, 700, False, 0
1097,0, 700, False, 0
1098,10, 710, False, 0
1099,0, 710, False, 0
1100,0, 710, False, 0
1101,0, 710, False, 0
1102,0, 710, False, 0
1103,0, 710, False, 0
1104,0, 710, False, 0
1105,0, 710, False, 0
1106,0, 710, False, 0
1107,0, 710, False, 0
1108,0, 710, False, 0
1109,0, 710, False, 0
1110,0, 710, False, 0
1111,0, 710, False, 0
1112,0, 710, False, 0
1113,0, 710, False, 0
1114,0, 710, False, 0
1115,0, 710, False, 0
1116,0, 710, False, 0
1117,0, 710, False, 0
1118,0, 710, False, 0
1119,0, 710, False, 0
1120,0, 710, False, 0
1121,0, 710, False, 0
1122,0, 710, False, 0
1123,0, 710, False, 0
1124,0, 710, False, 0
1125,0, 710, False, 0
1126,0, 710, False, 0
1127,0, 710, False, 0
1128,0, 710, False, 0
1129,0, 710, False, 0
1130,0, 710, False, 0
1131,0, 710, False, 0
1132,0, 710, False, 0
1133,0, 710, False, 0
1134,0, 710, False, 0
1135,0, 710, False, 0
1136,0, 710, False, 0
1137,0, 710, False, 0
1138,0, 710, False, 0
1139,0, 710, False, 0
1140,0, 710, False, 0
1141,0, 710, False, 0
1142,0, 710, False, 0
1143,0, 710, False, 0
1144,0, 710, False, 0
1145,0, 710, False, 0
1146,0, 710, False, 0
1147,0, 710, False, 0
1148,0, 710, False, 0
1149,0, 710, False, 0
1150,0, 710, False, 0
1151,0, 710, False, 0
1152,0, 710, False, 0
1153,0, 710, False, 0
1154,0, 710, False, 0
1155,0, 710, False, 0
1156,0, 710, False, 0
1157,0, 710, False, 0
1158,0, 710, False, 0
1159,0, 710, False, 0
1160,0, 710, False, 0
1161,0, 710, False, 2
1162,0, 710, False, 2
1163,0, 710, False, 2
1164,0, 710, False, 2
1165,0, 710, False, 2
1166,0, 710, False, 2
1167,0, 710, False, 2
1168,0, 710, False, 2
1169,0, 710, False, 2
1170,0, 710, False, 2
1171,0, 710, False, 2
1172,0, 710, False, 2
1173,0, 710, False, 0
1174,0, 710, False, 0
1175,0, 710, False, 0
1176,0, 710, False, 0
1177,0, 710, False, 0
1178,0, 710, False, 0
1179,0, 710, False, 0
1180,0, 710, False, 0
1181,0, 710, False, 0
1182,0, 710, False, 0
1183,0, 710, False, 0
1184,0, 710, False, 0
1185,0, 710, False, 0
1186,0, 710, False, 0
1187,0, 710, False, 0
1188,0, 710, False, 0
1189,0, 710, False, 0
1190,0, 710, False, 0
1191,0, 710, False, 0
1192,0, 710, False, 0
1193,0, 710, False, 0
1194,0, 710, False, 0
1195,0, 710, False, 0
1196,0, 710, False, 0
1197,0, 710, False, 0
1198,0, 710, False, 0
1199,0, 710, False, 4
1200,0, 710, False, 4
1201,0, 710, False, 4
1202,0, 710, False, 4
1203,0, 710, False, 4
1204,0, 710, False, 4
1205,0, 710, False, 0
1206,0, 710, False, 0
1207,0, 710, False, 0
1208,0, 710, False, 0
1209,0, 710, False, 0
1210,0, 710, False, 2
1211,0, 710, False, 2
1212,0, 710, False, 2
1213,0, 710, False, 2
1214,0, 710, False, 2
1215,0, 710, False, 2
1216,0, 710, False, 2
1217,0, 710, False, 2
1218,0, 710, False, 2
1219,0, 710, False, 2
1220,0, 710, False, 2
1221,0, 710, False, 2
1222,0, 710, False, 2
1223,0, 710, False, 2
1224,0, 710, False, 2
1225,0, 710, False, 2
1226,0, 710, False, 2
1227,0, 710, False, 2
1228,0, 710, False, 2
1229,0, 710, False, 2
1230,0, 710, False, 2
1231,0, 710, False, 2
1232,0, 710, False, 2
1233,0, 710, False, 2
1234,0, 710, False, 2
1235,0, 710, False, 2
1236,0, 710, False, 2
1237,0, 710, False, 2
1238,0, 710, False, 2
1239,0, 710, False, 2
1240,0, 710, False, 2
1241,0, 710, False, 2
1242,0, 710, False, 2
1243,0, 710, False, 2
1244,0, 710, False, 2
1245,0, 710, False, 2
1246,0, 710, False, 2
1247,0, 710, False, 2
1248,0, 710, False, 2
1249,0, 710, False, 2
1250,0, 710, False, 2
1251,0, 710, False, 2
1252,0, 710, False, 2
1253,0, 710, False, 2
1254,0, 710, False, 2
1255,0, 710, False, 2
1256,0, 710, False, 2
1257,0, 710, False, 2
1258,0, 710, False, 2
1259,0, 710, False, 2
1260,0, 710, False, 2
1261,0, 710, False, 2
1262,0, 710, False, 0
1263,0, 710, False, 0
1264,0, 710, False, 0
1265,0, 710, False, 0
1266,0, 710, False, 0
1267,0, 710, False, 0
1268,0, 710, False, 0
1269,0, 710, False, 0
1270,0, 710, False, 0
1271,0, 710, False, 0
1272,0, 710, False, 0
1273,0, 710, False, 0
1274,0, 710, False, 0
1275,0, 710, False, 0
1276,0, 710, False, 0
1277,0, 710, False, 0
1278,0, 710, False, 0
1279,0, 710, False, 0
1280,0, 710, False, 0
1281,0, 710, False, 0
1282,0, 710, False, 0
1283,0, 710, False, 0
1284,0, 710, False, 0
1285,0, 710, False, 0
1286,0, 710, False, 0
1287,0, 710, False, 0
1288,0, 710, False, 0
1289,0, 710, False, 0
1290,0, 710, False, 0
1291,0, 710, False, 0
1292,0, 710, False, 0
1293,0, 710, False, 0
1294,0, 710, False, 0
1295,0, 710, False, 0
1296,0, 710, False, 0
1297,0, 710, False, 0
1298,0, 710, False, 0
1299,0, 710, False, 0
1300,0, 710, False, 0
1301,0, 710, False, 0
1302,0, 710, False, 0
1303,0, 710, False, 0
1304,0, 710, False, 0
1305,0, 710, False, 0
1306,0, 710, False, 0
1307,0, 710, False, 0
1308,0, 710, False, 0
1309,0, 710, False, 0
1310,0, 710, False, 0
1311,0, 710, False, 0
1312,0, 710, False, 0
1313,0, 710, False, 0
1314,0, 710, False, 0
1315,0, 710, False, 0
1316,0, 710, False, 0
1317,0, 710, False, 0
1318,0, 710, False, 0
1319,0, 710, False, 0
1320,0, 710, False, 0
1321,0, 710, False, 0
1322,0, 710, False, 0
1323,0, 710, False, 0
1324,0, 710, False, 0
1325,0, 710, False, 0
1326,0, 710, False, 0
1327,0, 710, False, 0
1328,0, 710, False, 0
1329,0, 710, False, 0
1330,0, 710, False, 0
1331,0, 710, False, 0
1332,0, 710, False, 0
1333,0, 710, False, 0
1334,0, 710, False, 0
1335,0, 710, False, 0
1336,0, 710, False, 0
1337,0, 710, False, 0
1338,0, 710, False, 0
1339,0, 710, False, 0
1340,0, 710, False, 0
1341,0, 710, False, 0
1342,0, 710, False, 0
1343,0, 710, False, 0
1344,0, 710, False, 0
1345,0, 710, False, 0
1346,0, 710, False, 0
1347,0, 710, False, 0
1348,0, 710, False, 0
1349,0, 710, False, 0
1350,0, 710, False, 0
1351,0, 710, False, 0
1352,0, 710, False, 0
1353,0, 710, False, 0
1354,0, 710, False, 0
1355,0, 710, False, 0
1356,0, 710, False, 0
1357,0, 710, False, 0
1358,0, 710, False, 0
1359,0, 710, False, 0
1360,0, 710, False, 0
1361,0, 710, False, 0
1362,0, 710, False, 0
1363,0, 710, False, 0
1364,0, 710, False, 0
1365,0, 710, False, 0
1366,0, 710, False, 0
1367,0, 710, False, 0
1368,0, 710, False, 0
1369,0, 710, False, 0
1370,0, 710, False, 0
1371,0, 710, False, 0
1372,0, 710, False, 0
1373,0, 710, False, 0
1374,0, 710, False, 0
1375,0, 710, False, 0
1376,0, 710, False, 0
1377,0, 710, False, 0
1378,0, 710, False, 0
1379,0, 710, False, 0
1380,0, 710, False, 0
1381,0, 710, False, 0
1382,0, 710, False, 0
1383,0, 710, False, 0
1384,0, 710, False, 0
1385,0, 710, False, 0
1386,0, 710, False, 0
1387,0, 710, False, 0
1388,0, 710, False, 0
1389,0, 710, False, 0
1390,0, 710, False, 0
1391,0, 710, False, 0
1392,0, 710, False, 0
1393,0, 710, False, 0
1394,0, 710, False, 0
1395,0, 710, False, 0
1396,0, 710, False, 0
1397,0, 710, False, 0
1398,0, 710, False, 0
1399,0, 710, False, 0
1400,0, 710, False, 0
1401,0, 710, False, 0
1402,0, 710, False, 0
1403,0, 710, False, 0
1404,0, 710, False, 0
1405,0, 710, False, 0
1406,0, 710, False, 0
1407,0, 710, False, 0
1408,0, 710, False, 0
1409,0, 710, False, 0
1410,0, 710, False, 0
1411,0, 710, False, 0
1412,0, 710, False, 0
1413,0, 710, False, 0
1414,0, 710, False, 0
1415,0, 710, False, 0
1416,0, 710, False, 0
1417,0, 710, False, 0
1418,0, 710, False, 0
1419,0, 710, False, 0
1420,0, 710, False, 0
1421,0, 710, False, 0
1422,0, 710, False, 0
1423,0, 710, False, 0
1424,0, 710, False, 0
1425,0, 710, False, 0
1426,0, 710, False, 0
1427,0, 710, False, 0
1428,0, 710, False, 0
1429,0, 710, False, 0
1430,0, 710, False, 0
1431,0, 710, False, 0
1432,0, 710, False, 0
1433,0, 710, False, 0
1434,0, 710, False, 0
1435,0, 710, False, 0
1436,0, 710, False, 0
1437,0, 710, False, 0
1438,0, 710, False, 0
1439,0, 710, False, 0
1440,0, 710, False, 0
1441,0, 710, False, 0
1442,0, 710, False, 0
1443,0, 710, False, 0
1444,0, 710, False, 0
1445,0, 710, False, 0
1446,0, 710, False, 0
1447,0, 710, False, 0
1448,0, 710, False, 0
1449,0, 710, False, 0
1450,0, 710, False, 0
1451,0, 710, False, 0
1452,0, 710, False, 0
1453,0, 710, False, 0
1454,0, 710, False, 0
1455,0, 710, False, 0
1456,0, 710, False, 0
1457,0, 710, False, 0
1458,0, 710, False, 0
1459,0, 710, False, 0
1460,0, 710, False, 0
1461,0, 710, False, 0
1462,0, 710, False, 0
1463,0, 710, False, 0
1464,0, 710, False, 0
1465,0, 710, False, 0
1466,0, 710, False, 0
1467,0, 710, False, 0
1468,0, 710, False, 0
1469,0, 710, False, 0
1470,0, 710, False, 0
1471,0, 710, False, 0
1472,0, 710, False, 0
1473,0, 710, False, 0
1474,0, 710, False, 0
1475,0, 710, False, 0
1476,0, 710, False, 0
1477,0, 710, False, 0
1478,0, 710, False, 0
1479,0, 710, False, 0
1480,0, 710, False, 0
1481,0, 710, False, 0
1482,0, 710, False, 0
1483,0, 710, False, 0
1484,0, 710, False, 0
1485,0, 710, False, 0
1486,0, 710, False, 0
1487,0, 710, False, 0
1488,0, 710, False, 0
1489,0, 710, False, 0
1490,0, 710, False, 2
1491,0, 710, False, 2
1492,0, 710, False, 2
1493,0, 710, False, 2
1494,0, 710, False, 2
1495,0, 710, False, 2
1496,0, 710, False, 2
1497,0, 710, False, 2
1498,0, 710, False, 2
1499,0, 710, False, 2
1500,0, 710, False, 2
1501,0, 710, False, 2
1502,0, 710, False, 2
1503,0, 710, False, 2
1504,0, 710, False, 2
1505,0, 710, False, 2
1506,0, 710, False, 2
1507,0, 710, False, 2
1508,0, 710, False, 2
1509,0, 710, False, 2
1510,0, 710, False, 2
1511,0, 710, False, 2
1512,0, 710, False, 2
1513,0, 710, False, 2
1514,0, 710, False, 2
1515,0, 710, False, 2
1516,0, 710, False, 2
1517,0, 710, False, 2
1518,0, 710, False, 2
1519,0, 710, False, 2
1520,0, 710, False, 2
1521,0, 710, False, 2
1522,0, 710, False, 2
1523,0, 710, False, 2
1524,0, 710, False, 2
1525,0, 710, False, 2
1526,0, 710, False, 2
1527,0, 710, False, 2
1528,0, 710, False, 2
1529,0, 710, False, 2
1530,0, 710, False, 2
1531,0, 710, False, 2
1532,0, 710, False, 2
1533,0, 710, False, 2
1534,0, 710, False, 2
1535,0, 710, False, 2
1536,0, 710, False, 2
1537,0, 710, False, 2
1538,0, 710, False, 2
1539,0, 710, False, 2
1540,0, 710, False, 2
1541,0, 710, False, 2
1542,0, 710, False, 2
1543,0, 710, False, 2
1544,0, 710, False, 2
1545,0, 710, False, 2
1546,0, 710, False, 2
1547,0, 710, False, 2
1548,0, 710, False, 2
1549,0, 710, False, 2
1550,0, 710, False, 2
1551,0, 710, False, 2
1552,0, 710, False, 2
1553,0, 710, False, 2
1554,0, 710, False, 2
1555,0, 710, False, 2
1556,0, 710, False, 2
1557,0, 710, False, 2
1558,0, 710, False, 0
1559,0, 710, False, 0
1560,0, 710, False, 0
1561,0, 710, False, 0
1562,0, 710, False, 0
1563,0, 710, False, 0
1564,0, 710, False, 0
1565,0, 710, False, 0
1566,0, 710, False, 0
1567,0, 710, False, 0
1568,0, 710, False, 0
1569,0, 710, False, 0
1570,0, 710, False, 0
1571,0, 710, False, 0
1572,0, 710, False, 0
1573,0, 710, False, 0
1574,0, 710, False, 0
1575,0, 710, False, 0
1576,0, 710, False, 0
1577,0, 710, False, 0
1578,0, 710, False, 0
1579,0, 710, False, 0
1580,0, 710, False, 0
1581,0, 710, False, 0
1582,0, 710, False, 0
1583,0, 710, False, 0
1584,0, 710, False, 0
1585,0, 710, False, 0
1586,0, 710, False, 0
1587,0, 710, False, 0
1588,0, 710, False, 0
1589,0, 710, False, 0
1590,0, 710, False, 0
1591,0, 710, False, 0
1592,0, 710, False, 0
1593,0, 710, False, 0
1594,0, 710, False, 0
1595,0, 710, False, 0
1596,0, 710, False, 0
1597,0, 710, False, 0
1598,0, 710, False, 0
1599,0, 710, False, 0
1600,0, 710, False, 0
1601,0, 710, False, 0
1602,0, 710, False, 0
1603,0, 710, False, 0
1604,0, 710, False, 0
1605,0, 710, False, 0
1606,0, 710, False, 0
1607,0, 710, False, 0
1608,0, 710, False, 0
1609,0, 710, False, 0
1610,0, 710, False, 0
1611,0, 710, False, 0
1612,0, 710, False, 0
1613,0, 710, False, 0
1614,0, 710, False, 0
1615,0, 710, False, 0
1616,0, 710, False, 0
1617,0, 710, False, 0
1618,0, 710, False, 0
1619,0, 710, False, 0
1620,0, 710, False, 0
1621,0, 710, False, 0
1622,0, 710, False, 0
1623,0, 710, False, 0
1624,0, 710, False, 0
1625,0, 710, False, 0
1626,0, 710, False, 0
1627,0, 710, False, 0
1628,0, 710, False, 0
1629,0, 710, False, 0
1630,0, 710, False, 0
1631,0, 710, False, 0
1632,0, 710, False, 0
1633,0, 710, False, 0
1634,0, 710, False, 0
1635,0, 710, False, 0
1636,0, 710, False, 0
1637,0, 710, False, 0
1638,0, 710, False, 0
1639,0, 710, False, 0
1640,0, 710, False, 0
1641,0, 710, False, 0
1642,0, 710, False, 0
1643,0, 710, False, 0
1644,0, 710, False, 0
1645,0, 710, False, 0
1646,0, 710, False, 0
1647,0, 710, False, 0
1648,0, 710, False, 0
1649,0, 710, False, 0
1650,0, 710, False, 0
1651,0, 710, False, 0
1652,0, 710, False, 0
1653,0, 710, False, 0
1654,0, 710, False, 0
1655,0, 710, False, 0
1656,0, 710, False, 0
1657,0, 710, False, 0
1658,0, 710, False, 0
1659,0, 710, False, 0
1660,0, 710, False, 0
1661,0, 710, False, 0
1662,0, 710, False, 0
1663,0, 710, False, 0
1664,0, 710, False, 0
1665,0, 710, False, 0
1666,0, 710, False, 0
1667,0, 710, False, 0
1668,0, 710, False, 0
1669,0, 710, False, 0
1670,0, 710, False, 0
1671,0, 710, False, 0
1672,0, 710, False, 0
1673,0, 710, False, 0
1674,0, 710, False, 0
1675,0, 710, False, 0
1676,0, 710, False, 0
1677,0, 710, False, 0
1678,0, 710, False, 0
1679,0, 710, False, 0
1680,0, 710, False, 0
1681,0, 710, False, 0
1682,0, 710, False, 0
1683,0, 710, False, 0
1684,0, 710, False, 0
1685,0, 710, False, 0
1686,0, 710, False, 0
1687,0, 710, False, 0
1688,0, 710, False, 0
1689,0, 710, False, 0
1690,0, 710, False, 0
1691,0, 710, False, 0
1692,0, 710, False, 0
1693,0, 710, False, 0
1694,0, 710, False, 0
1695,0, 710, False, 0
1696,0, 710, False, 0
1697,0, 710, False, 0
1698,0, 710, False, 0
1699,0, 710, False, 0
1700,0, 710, False, 0
1701,0, 710, False, 0
1702,0, 710, False, 0
1703,0, 710, False, 0
1704,0, 710, False, 0
1705,0, 710, False, 0
1706,0, 710, False, 0
1707,0, 710, False, 0
1708,0, 710, False, 0
1709,0, 710, False, 0
1710,0, 710, False, 0
1711,0, 710, False, 0
1712,0, 710, False, 0
1713,0, 710, False, 0
1714,0, 710, False, 0
1715,0, 710, False, 0
1716,0, 710, False, 0
1717,0, 710, False, 0
1718,0, 710, False, 0
1719,0, 710, False, 0
1720,0, 710, False, 0
1721,0, 710, False, 0
1722,0, 710, False, 0
1723,0, 710, False, 0
1724,0, 710, False, 0
1725,0, 710, False, 0
1726,0, 710, False, 0
1727,0, 710, False, 4
1728,0, 710, False, 4
1729,0, 710, False, 4
1730,0, 710, False, 4
1731,0, 710, False, 4
1732,0, 710, False, 4
1733,0, 710, False, 4
1734,0, 710, False, 4
1735,0, 710, False, 4
1736,0, 710, False, 4
1737,0, 710, False, 4
1738,0, 710, False, 4
1739,0, 710, False, 4
1740,0, 710, False, 4
1741,0, 710, False, 4
1742,0, 710, False, 4
1743,0, 710, False, 4
1744,0, 710, False, 4
1745,0, 710, False, 4
1746,0, 710, False, 4
1747,0, 710, False, 4
1748,0, 710, False, 4
1749,0, 710, False, 4
1750,0, 710, False, 4
1751,0, 710, False, 4
1752,0, 710, False, 4
1753,0, 710, False, 4
1754,0, 710, False, 4
1755,0, 710, False, 4
1756,0, 710, False, 4
1757,0, 710, False, 4
1758,0, 710, False, 4
1759,0, 710, False, 4
1760,0, 710, False, 4
1761,0, 710, False, 4
1762,0, 710, False, 4
1763,0, 710, False, 4
1764,0, 710, False, 4
1765,0, 710, False, 4
1766,0, 710, False, 4
1767,0, 710, False, 4
1768,0, 710, False, 4
1769,0, 710, False, 4
1770,0, 710, False, 4
1771,0, 710, False, 4
1772,0, 710, False, 4
1773,0, 710, False, 4
1774,0, 710, False, 4
1775,0, 710, False, 4
1776,0, 710, False, 4
1777,0, 710, False, 4
1778,0, 710, False, 4
1779,0, 710, False, 4
1780,0, 710, False, 4
1781,0, 710, False, 4
1782,0, 710, False, 4
1783,0, 710, False, 4
1784,0, 710, False, 4
1785,0, 710, False, 4
1786,0, 710, False, 4
1787,0, 710, False, 4
1788,0, 710, False, 0
1789,0, 710, False, 0
1790,0, 710, False, 0
1791,0, 710, False, 0
1792,0, 710, False, 0
1793,0, 710, False, 0
1794,0, 710, False, 5
1795,0, 710, False, 5
1796,0, 710, False, 5
1797,0, 710, False, 5
1798,0, 710, False, 5
1799,0, 710, False, 5
1800,0, 710, False, 5
1801,0, 710, False, 5
1802,0, 710, False, 5
1803,0, 710, False, 5
1804,0, 710, False, 5
1805,0, 710, False, 5
1806,0, 710, False, 5
1807,0, 710, False, 5
1808,0, 710, False, 5
1809,0, 710, False, 5
1810,0, 710, False, 5
1811,0, 710, False, 5
1812,0, 710, False, 5
1813,0, 710, False, 5
1814,0, 710, False, 5
1815,0, 710, False, 5
1816,0, 710, False, 5
1817,0, 710, False, 5
1818,0, 710, False, 5
1819,0, 710, False, 5
1820,0, 710, False, 5
1821,0, 710, False, 5
1822,0, 710, False, 5
1823,0, 710, False, 5
1824,0, 710, False, 5
1825,0, 710, False, 5
1826,0, 710, False, 5
1827,0, 710, False, 5
1828,0, 710, False, 0
1829,0, 710, False, 0
1830,0, 710, False, 0
1831,0, 710, False, 0
1832,0, 710, False, 0
1833,0, 710, False, 0
1834,0, 710, False, 0
1835,0, 710, False, 0
1836,0, 710, False, 0
1837,0, 710, False, 0
1838,0, 710, False, 0
1839,0, 710, False, 0
1840,0, 710, False, 0
1841,0, 710, False, 0
1842,0, 710, False, 0
1843,0, 710, False, 0
1844,0, 710, False, 0
1845,0, 710, False, 0
1846,0, 710, False, 0
1847,0, 710, False, 0
1848,0, 710, False, 0
1849,0, 710, False, 0
1850,0, 710, False, 0
1851,0, 710, False, 4
1852,0, 710, False, 4
1853,0, 710, False, 4
1854,0, 710, False, 4
1855,0, 710, False, 4
1856,0, 710, False, 4
1857,0, 710, False, 4
1858,0, 710, False, 4
1859,0, 710, False, 4
1860,0, 710, False, 4
1861,0, 710, False, 4
1862,0, 710, False, 4
1863,0, 710, False, 4
1864,10, 720, False, 4
1865,0, 720, False, 4
1866,0, 720, False, 4
1867,0, 720, False, 4
1868,0, 720, False, 4
1869,0, 720, False, 4
1870,0, 720, False, 4
1871,0, 720, False, 4
1872,0, 720, False, 4
1873,0, 720, False, 4
1874,0, 720, False, 0
1875,0, 720, False, 0
1876,0, 720, False, 0
1877,0, 720, False, 0
1878,10, 730, False, 0
1879,0, 730, False, 0
1880,0, 730, False, 0
1881,0, 730, False, 0
1882,0, 730, False, 0
1883,0, 730, False, 0
1884,0, 730, False, 0
1885,0, 730, False, 0
1886,0, 730, False, 0
1887,0, 730, False, 0
1888,0, 730, False, 0
1889,0, 730, False, 0
1890,10, 740, False, 2
1891,0, 740, False, 2
1892,0, 740, False, 2
1893,0, 740, False, 2
1894,0, 740, False, 2
1895,0, 740, False, 2
1896,0, 740, False, 2
1897,0, 740, False, 2
1898,0, 740, False, 2
1899,0, 740, False, 2
1900,0, 740, False, 2
1901,0, 740, False, 2
1902,0, 740, False, 2
1903,0, 740, False, 2
1904,0, 740, False, 2
1905,0, 740, False, 2
1906,0, 740, False, 2
1907,0, 740, False, 2
1908,0, 740, False, 2
1909,0, 740, False, 2
1910,0, 740, False, 2
1911,0, 740, False, 2
1912,50, 790, False, 2
1913,0, 790, False, 2
1914,0, 790, False, 2
1915,0, 790, False, 2
1916,0, 790, False, 2
1917,0, 790, False, 2
1918,10, 800, False, 0
1919,0, 800, False, 0
1920,0, 800, False, 0
1921,0, 800, False, 0
1922,0, 800, False, 0
1923,0, 800, False, 0
1924,0, 800, False, 0
1925,0, 800, False, 0
1926,0, 800, False, 0
1927,0, 800, False, 0
1928,0, 800, False, 0
1929,0, 800, False, 0
1930,0, 800, False, 0
1931,0, 800, False, 0
1932,10, 810, False, 3
1933,0, 810, False, 3
1934,0, 810, False, 3
1935,0, 810, False, 3
1936,0, 810, False, 3
1937,0, 810, False, 3
1938,0, 810, False, 3
1939,0, 810, False, 3
1940,0, 810, False, 3
1941,0, 810, False, 3
1942,10, 820, False, 3
1943,0, 820, False, 0
1944,0, 820, False, 0
1945,0, 820, False, 0
1946,0, 820, False, 0
1947,0, 820, False, 0
1948,0, 820, False, 0
1949,0, 820, False, 0
1950,0, 820, False, 0
1951,0, 820, False, 0
1952,0, 820, False, 0
1953,0, 820, False, 0
1954,0, 820, False, 0
1955,0, 820, False, 0
1956,10, 830, False, 0
1957,0, 830, False, 0
1958,0, 830, False, 0
1959,0, 830, False, 2
1960,0, 830, False, 2
1961,0, 830, False, 2
1962,0, 830, False, 2
1963,0, 830, False, 2
1964,0, 830, False, 2
1965,0, 830, False, 2
1966,0, 830, False, 2
1967,0, 830, False, 2
1968,0, 830, False, 2
1969,0, 830, False, 2
1970,0, 830, False, 2
1971,0, 830, False, 2
1972,0, 830, False, 2
1973,0, 830, False, 2
1974,0, 830, False, 2
1975,0, 830, False, 2
1976,0, 830, False, 2
1977,0, 830, False, 2
1978,0, 830, False, 2
1979,0, 830, False, 2
1980,0, 830, False, 2
1981,0, 830, False, 2
1982,0, 830, False, 2
1983,0, 830, False, 2
1984,0, 830, False, 2
1985,0, 830, False, 2
1986,0, 830, False, 2
1987,0, 830, False, 2
1988,0, 830, False, 0
1989,0, 830, False, 0
1990,0, 830, False, 0
1991,0, 830, False, 0
1992,0, 830, False, 0
1993,0, 830, False, 0
1994,0, 830, False, 0
1995,0, 830, False, 0
1996,0, 830, False, 0
1997,0, 830, False, 0
1998,0, 830, False, 0
1999,0, 830, False, 0
2000,0, 830, False, 0
2001,0, 830, False, 0
2002,0, 830, False, 0
2003,0, 830, False, 0
2004,0, 830, False, 0
2005,0, 830, False, 0
2006,0, 830, False, 3
2007,0, 830, False, 3
2008,0, 830, False, 3
2009,0, 830, False, 3
2010,0, 830, False, 3
2011,0, 830, False, 3
2012,0, 830, False, 3
2013,0, 830, False, 3
2014,0, 830, False, 3
2015,0, 830, False, 3
2016,0, 830, False, 3
2017,0, 830, False, 3
2018,0, 830, False, 3
2019,0, 830, False, 3
2020,0, 830, False, 3
2021,0, 830, False, 3
2022,0, 830, False, 3
2023,0, 830, False, 3
2024,0, 830, False, 3
2025,0, 830, False, 3
2026,0, 830, False, 3
2027,0, 830, False, 3
2028,0, 830, False, 3
2029,0, 830, False, 0
2030,0, 830, False, 0
2031,0, 830, False, 0
2032,0, 830, False, 0
2033,0, 830, False, 0
2034,0, 830, False, 0
2035,0, 830, False, 0
2036,0, 830, False, 0
2037,0, 830, False, 0
2038,200, 1030, False, 0
2039,0, 1030, False, 0
2040,0, 1030, False, 0
2041,0, 1030, False, 0
2042,0, 1030, False, 0
2043,0, 1030, False, 0
2044,0, 1030, False, 0
2045,0, 1030, False, 0
2046,0, 1030, False, 0
2047,0, 1030, False, 0
2048,0, 1030, False, 0
2049,0, 1030, False, 0
2050,0, 1030, False, 0
2051,0, 1030, False, 0
2052,0, 1030, False, 0
2053,0, 1030, False, 0
2054,0, 1030, False, 0
2055,0, 1030, False, 0
2056,0, 1030, False, 0
2057,0, 1030, False, 0
2058,0, 1030, False, 0
2059,0, 1030, False, 0
2060,0, 1030, False, 0
2061,0, 1030, False, 0
2062,0, 1030, False, 0
2063,0, 1030, False, 0
2064,0, 1030, False, 0
2065,0, 1030, False, 0
2066,0, 1030, False, 0
2067,0, 1030, False, 0
2068,0, 1030, False, 0
2069,0, 1030, False, 0
2070,0, 1030, False, 0
2071,0, 1030, False, 0
2072,0, 1030, False, 0
2073,0, 1030, False, 0
2074,0, 1030, False, 0
2075,0, 1030, False, 0
2076,0, 1030, False, 0
2077,0, 1030, False, 0
2078,0, 1030, False, 0
2079,0, 1030, False, 0
2080,0, 1030, False, 0
2081,0, 1030, False, 0
2082,0, 1030, False, 0
2083,0, 1030, False, 0
2084,0, 1030, False, 0
2085,0, 1030, False, 0
2086,0, 1030, False, 0
2087,0, 1030, False, 0
2088,0, 1030, False, 0
2089,0, 1030, False, 0
2090,0, 1030, False, 0
2091,0, 1030, False, 0
2092,0, 1030, False, 0
2093,0, 1030, False, 0
2094,0, 1030, False, 0
2095,0, 1030, False, 0
2096,0, 1030, False, 0
2097,0, 1030, False, 0
2098,0, 1030, False, 0
2099,0, 1030, False, 0
2100,0, 1030, False, 0
2101,0, 1030, False, 0
2102,0, 1030, False, 0
2103,0, 1030, False, 0
2104,0, 1030, False, 0
2105,0, 1030, False, 0
2106,0, 1030, False, 0
2107,0, 1030, False, 0
2108,0, 1030, False, 0
2109,0, 1030, False, 0
2110,0, 1030, False, 0
2111,0, 1030, False, 0
2112,0, 1030, False, 0
2113,0, 1030, False, 0
2114,0, 1030, False, 0
2115,0, 1030, False, 0
2116,0, 1030, False, 0
2117,0, 1030, False, 0
2118,400, 1430, False, 0
2119,0, 1430, False, 0
2120,0, 1430, False, 0
2121,0, 1430, False, 0
2122,0, 1430, False, 0
2123,0, 1430, False, 0
2124,0, 1430, False, 0
2125,0, 1430, False, 0
2126,0, 1430, False, 0
2127,0, 1430, False, 0
2128,0, 1430, False, 0
2129,0, 1430, False, 0
2130,0, 1430, False, 0
2131,0, 1430, False, 2
2132,0, 1430, False, 2
2133,0, 1430, False, 2
2134,0, 1430, False, 2
2135,0, 1430, False, 2
2136,0, 1430, False, 2
2137,0, 1430, False, 2
2138,0, 1430, False, 2
2139,0, 1430, False, 2
2140,0, 1430, False, 2
2141,0, 1430, False, 2
2142,0, 1430, False, 2
2143,0, 1430, False, 2
2144,0, 1430, False, 2
2145,0, 1430, False, 2
2146,0, 1430, False, 2
2147,0, 1430, False, 2
2148,0, 1430, False, 2
2149,0, 1430, False, 2
2150,0, 1430, False, 2
2151,0, 1430, False, 2
2152,10, 1440, False, 2
2153,0, 1440, False, 2
2154,0, 1440, False, 2
2155,0, 1440, False, 2
2156,0, 1440, False, 2
2157,0, 1440, False, 2
2158,0, 1440, False, 2
2159,0, 1440, False, 2
2160,0, 1440, False, 2
2161,0, 1440, False, 2
2162,0, 1440, False, 2
2163,0, 1440, False, 2
2164,0, 1440, False, 2
2165,0, 1440, False, 2
2166,10, 1450, False, 2
2167,0, 1450, False, 2
2168,0, 1450, False, 2
2169,0, 1450, False, 2
2170,0, 1450, False, 2
2171,0, 1450, False, 2
2172,0, 1450, False, 2
2173,0, 1450, False, 2
2174,0, 1450, False, 2
2175,0, 1450, False, 2
2176,0, 1450, False, 2
2177,0, 1450, False, 2
2178,0, 1450, False, 2
2179,0, 1450, False, 2
2180,10, 1460, False, 0
2181,0, 1460, False, 0
2182,0, 1460, False, 0
2183,0, 1460, False, 0
2184,0, 1460, False, 0
2185,0, 1460, False, 0
2186,800, 2260, False, 0
2187,0, 2260, False, 0
2188,0, 2260, False, 0
2189,0, 2260, False, 0
2190,0, 2260, False, 0
2191,0, 2260, False, 0
2192,0, 2260, False, 0
2193,0, 2260, False, 0
2194,0, 2260, False, 0
2195,0, 2260, False, 0
2196,0, 2260, False, 0
2197,0, 2260, False, 0
2198,0, 2260, False, 0
2199,0, 2260, False, 0
2200,0, 2260, False, 0
2201,0, 2260, False, 0
2202,0, 2260, False, 0
2203,0, 2260, False, 0
2204,0, 2260, False, 0
2205,0, 2260, False, 0
2206,0, 2260, False, 0
2207,0, 2260, False, 0
2208,0, 2260, False, 0
2209,0, 2260, False, 0
2210,0, 2260, False, 0
2211,0, 2260, False, 0
2212,10, 2270, False, 0
2213,0, 2270, False, 0
2214,0, 2270, False, 0
2215,0, 2270, False, 0
2216,0, 2270, False, 0
2217,0, 2270, False, 0
2218,0, 2270, False, 0
2219,0, 2270, False, 0
2220,0, 2270, False, 0
2221,0, 2270, False, 0
2222,0, 2270, False, 0
2223,0, 2270, False, 0
2224,0, 2270, False, 0
2225,0, 2270, False, 0
2226,10, 2280, False, 0
2227,0, 2280, False, 0
2228,0, 2280, False, 0
2229,0, 2280, False, 0
2230,0, 2280, False, 0
2231,0, 2280, False, 0
2232,0, 2280, False, 0
2233,0, 2280, False, 0
2234,0, 2280, False, 0
2235,0, 2280, False, 0
2236,0, 2280, False, 0
2237,0, 2280, False, 0
2238,100, 2380, False, 0
2239,0, 2380, False, 0
2240,0, 2380, False, 0
2241,0, 2380, False, 0
2242,0, 2380, False, 0
2243,0, 2380, False, 0
2244,0, 2380, False, 0
2245,0, 2380, False, 0
2246,0, 2380, False, 0
2247,0, 2380, False, 0
2248,0, 2380, False, 0
2249,0, 2380, False, 0
2250,0, 2380, False, 0
2251,0, 2380, False, 0
2252,0, 2380, False, 3
2253,0, 2380, False, 3
2254,0, 2380, False, 3
2255,0, 2380, False, 3
2256,0, 2380, False, 3
2257,0, 2380, False, 3
2258,0, 2380, False, 3
2259,0, 2380, False, 3
2260,0, 2380, False, 3
2261,0, 2380, False, 3
2262,10, 2390, False, 3
2263,0, 2390, False, 3
2264,0, 2390, False, 3
2265,0, 2390, False, 3
2266,0, 2390, False, 3
2267,0, 2390, False, 0
2268,0, 2390, False, 0
2269,0, 2390, False, 0
2270,0, 2390, False, 0
2271,0, 2390, False, 0
2272,0, 2390, False, 0
2273,0, 2390, False, 0
2274,10, 2400, False, 0
2275,0, 2400, False, 0
2276,0, 2400, False, 0
2277,0, 2400, False, 0
2278,0, 2400, False, 0
2279,0, 2400, False, 0
2280,0, 2400, False, 0
2281,0, 2400, False, 0
2282,0, 2400, False, 0
2283,0, 2400, False, 0
2284,0, 2400, False, 0
2285,0, 2400, False, 0
2286,10, 2410, False, 0
2287,0, 2410, False, 0
2288,0, 2410, False, 0
2289,0, 2410, False, 0
2290,0, 2410, False, 0
2291,0, 2410, False, 0
2292,0, 2410, False, 0
2293,0, 2410, False, 0
2294,0, 2410, False, 0
2295,0, 2410, False, 0
2296,0, 2410, False, 0
2297,0, 2410, False, 0
2298,0, 2410, False, 0
2299,0, 2410, False, 0
2300,10, 2420, False, 0
2301,0, 2420, False, 0
2302,0, 2420, False, 0
2303,0, 2420, False, 0
2304,0, 2420, False, 0
2305,0, 2420, False, 0
2306,0, 2420, False, 0
2307,0, 2420, False, 0
2308,0, 2420, False, 0
2309,0, 2420, False, 0
2310,0, 2420, False, 0
2311,0, 2420, False, 0
2312,0, 2420, False, 0
2313,0, 2420, False, 0
2314,10, 2430, False, 0
2315,0, 2430, False, 0
2316,0, 2430, False, 0
2317,0, 2430, False, 0
2318,0, 2430, False, 0
2319,0, 2430, False, 0
2320,0, 2430, False, 0
2321,0, 2430, False, 0
2322,0, 2430, False, 0
2323,0, 2430, False, 0
2324,0, 2430, False, 0
2325,0, 2430, False, 0
2326,10, 2440, False, 0
2327,0, 2440, False, 0
2328,0, 2440, False, 0
2329,0, 2440, False, 0
2330,0, 2440, False, 0
2331,0, 2440, False, 0
2332,0, 2440, False, 0
2333,0, 2440, False, 0
2334,0, 2440, False, 0
2335,0, 2440, False, 0
2336,0, 2440, False, 0
2337,0, 2440, False, 0
2338,0, 2440, False, 0
2339,0, 2440, False, 0
2340,10, 2450, False, 0
2341,0, 2450, False, 0
2342,0, 2450, False, 0
2343,0, 2450, False, 2
2344,0, 2450, False, 2
2345,0, 2450, False, 2
2346,0, 2450, False, 2
2347,0, 2450, False, 2
2348,0, 2450, False, 2
2349,0, 2450, False, 2
2350,0, 2450, False, 2
2351,0, 2450, False, 2
2352,0, 2450, False, 2
2353,0, 2450, False, 2
2354,0, 2450, False, 2
2355,0, 2450, False, 2
2356,50, 2500, False, 2
2357,0, 2500, False, 0
2358,0, 2500, False, 0
2359,0, 2500, False, 0
2360,0, 2500, False, 0
2361,0, 2500, False, 0
2362,0, 2500, False, 0
2363,0, 2500, False, 0
2364,0, 2500, False, 0
2365,0, 2500, False, 0
2366,0, 2500, False, 0
2367,0, 2500, False, 0
2368,0, 2500, False, 0
2369,0, 2500, False, 0
2370,10, 2510, False, 0
2371,0, 2510, False, 0
2372,0, 2510, False, 0
2373,0, 2510, False, 4
2374,0, 2510, False, 4
2375,0, 2510, False, 4
2376,0, 2510, False, 4
2377,0, 2510, False, 4
2378,0, 2510, False, 4
2379,0, 2510, False, 4
2380,0, 2510, False, 4
2381,0, 2510, False, 4
2382,0, 2510, False, 4
2383,0, 2510, False, 4
2384,10, 2520, False, 4
2385,0, 2520, False, 4
2386,0, 2520, False, 4
2387,0, 2520, False, 4
2388,0, 2520, False, 0
2389,0, 2520, False, 0
2390,0, 2520, False, 0
2391,0, 2520, False, 0
2392,0, 2520, False, 0
2393,0, 2520, False, 0
2394,0, 2520, False, 0
2395,0, 2520, False, 0
2396,0, 2520, False, 0
2397,0, 2520, False, 0
2398,10, 2530, False, 0
2399,0, 2530, False, 0
2400,0, 2530, False, 0
2401,0, 2530, False, 0
2402,0, 2530, False, 0
2403,0, 2530, False, 0
2404,0, 2530, False, 0
2405,0, 2530, False, 0
2406,0, 2530, False, 0
2407,0, 2530, False, 0
2408,0, 2530, False, 0
2409,0, 2530, False, 0
2410,10, 2540, False, 0
2411,0, 2540, False, 0
2412,0, 2540, False, 0
2413,0, 2540, False, 0
2414,0, 2540, False, 5
2415,0, 2540, False, 5
2416,0, 2540, False, 5
2417,0, 2540, False, 5
2418,0, 2540, False, 5
2419,0, 2540, False, 5
2420,0, 2540, False, 5
2421,0, 2540, False, 5
2422,0, 2540, False, 5
2423,0, 2540, False, 5
2424,10, 2550, False, 5
2425,0, 2550, False, 5
2426,0, 2550, False, 5
2427,0, 2550, False, 5
2428,0, 2550, False, 5
2429,0, 2550, False, 5
2430,0, 2550, False, 5
2431,0, 2550, False, 5
2432,0, 2550, False, 0
2433,0, 2550, False, 0
2434,0, 2550, False, 0
2435,0, 2550, False, 0
2436,0, 2550, False, 0
2437,0, 2550, False, 0
2438,0, 2550, False, 0
2439,0, 2550, False, 0
2440,0, 2550, False, 0
2441,0, 2550, False, 0
2442,0, 2550, False, 0
2443,0, 2550, False, 0
2444,0, 2550, False, 0
2445,0, 2550, False, 0
2446,0, 2550, False, 0
2447,0, 2550, False, 0
2448,0, 2550, False, 0
2449,0, 2550, False, 0
2450,10, 2560, False, 0
2451,0, 2560, False, 0
2452,0, 2560, False, 0
2453,0, 2560, False, 0
2454,0, 2560, False, 0
2455,0, 2560, False, 0
2456,0, 2560, False, 0
2457,0, 2560, False, 0
2458,0, 2560, False, 0
2459,0, 2560, False, 0
2460,0, 2560, False, 0
2461,0, 2560, False, 0
2462,0, 2560, False, 4
2463,0, 2560, False, 4
2464,10, 2570, False, 4
2465,0, 2570, False, 4
2466,0, 2570, False, 4
2467,0, 2570, False, 4
2468,0, 2570, False, 4
2469,0, 2570, False, 4
2470,0, 2570, False, 4
2471,0, 2570, False, 4
2472,0, 2570, False, 4
2473,0, 2570, False, 4
2474,0, 2570, False, 4
2475,0, 2570, False, 4
2476,0, 2570, False, 4
2477,0, 2570, False, 4
2478,10, 2580, False, 4
2479,0, 2580, False, 4
2480,0, 2580, False, 0
2481,0, 2580, False, 0
2482,0, 2580, False, 0
2483,0, 2580, False, 0
2484,0, 2580, False, 0
2485,0, 2580, False, 0
2486,0, 2580, False, 0
2487,0, 2580, False, 0
2488,0, 2580, False, 0
2489,0, 2580, False, 0
2490,0, 2580, False, 0
2491,0, 2580, False, 0
2492,10, 2590, False, 0
2493,0, 2590, False, 0
2494,0, 2590, False, 0
2495,0, 2590, False, 0
2496,0, 2590, False, 0
2497,0, 2590, False, 0
2498,0, 2590, False, 0
2499,0, 2590, False, 0
2500,0, 2590, False, 0
2501,0, 2590, False, 0
2502,0, 2590, False, 0
2503,0, 2590, False, 0
2504,0, 2590, False, 0
2505,0, 2590, False, 0
2506,0, 2590, False, 0
2507,0, 2590, False, 0
2508,0, 2590, False, 0
2509,0, 2590, False, 0
2510,0, 2590, False, 0
2511,0, 2590, False, 0
2512,0, 2590, False, 0
2513,0, 2590, False, 0
2514,0, 2590, False, 0
2515,0, 2590, False, 0
2516,10, 2600, False, 0
2517,0, 2600, False, 0
2518,0, 2600, False, 0
2519,0, 2600, False, 0
2520,0, 2600, False, 0
2521,0, 2600, False, 0
2522,0, 2600, False, 0
2523,0, 2600, False, 0
2524,0, 2600, False, 0
2525,0, 2600, False, 0
2526,0, 2600, False, 0
2527,0, 2600, False, 0
2528,0, 2600, False, 0
2529,0, 2600, False, 0
2530,10, 2610, False, 0
2531,0, 2610, False, 0
2532,0, 2610, False, 0
2533,0, 2610, False, 0
2534,0, 2610, False, 0
2535,0, 2610, False, 0
2536,0, 2610, False, 0
2537,0, 2610, False, 0
2538,0, 2610, False, 0
2539,0, 2610, False, 0
2540,0, 2610, False, 0
2541,0, 2610, False, 0
2542,0, 2610, False, 0
2543,0, 2610, False, 0
2544,0, 2610, False, 0
2545,0, 2610, False, 0
2546,0, 2610, False, 0
2547,0, 2610, False, 0
2548,10, 2620, False, 0
2549,0, 2620, False, 0
2550,0, 2620, False, 0
2551,0, 2620, False, 0
2552,0, 2620, False, 0
2553,0, 2620, False, 0
2554,0, 2620, False, 0
2555,0, 2620, False, 0
2556,0, 2620, False, 0
2557,0, 2620, False, 0
2558,0, 2620, False, 0
2559,0, 2620, False, 0
2560,200, 2820, False, 0
2561,0, 2820, False, 0
2562,0, 2820, False, 0
2563,0, 2820, False, 0
2564,0, 2820, False, 0
2565,0, 2820, False, 0
2566,0, 2820, False, 0
2567,0, 2820, False, 0
2568,0, 2820, False, 0
2569,0, 2820, False, 0
2570,0, 2820, False, 0
2571,0, 2820, False, 0
2572,0, 2820, False, 0
2573,0, 2820, False, 0
2574,0, 2820, False, 0
2575,0, 2820, False, 0
2576,0, 2820, False, 0
2577,0, 2820, False, 0
2578,0, 2820, False, 0
2579,0, 2820, False, 0
2580,0, 2820, False, 0
2581,0, 2820, False, 0
2582,10, 2830, False, 0
2583,0, 2830, False, 0
2584,0, 2830, False, 0
2585,0, 2830, False, 0
2586,0, 2830, False, 0
2587,0, 2830, False, 0
2588,0, 2830, False, 0
2589,0, 2830, False, 0
2590,0, 2830, False, 0
2591,0, 2830, False, 0
2592,0, 2830, False, 0
2593,0, 2830, False, 0
2594,10, 2840, False, 0
2595,0, 2840, False, 0
2596,0, 2840, False, 0
2597,0, 2840, False, 0
2598,0, 2840, False, 0
2599,0, 2840, False, 0
2600,0, 2840, False, 0
2601,0, 2840, False, 0
2602,0, 2840, False, 0
2603,0, 2840, False, 0
2604,0, 2840, False, 0
2605,0, 2840, False, 0
2606,0, 2840, False, 0
2607,0, 2840, False, 0
2608,10, 2850, False, 0
2609,0, 2850, False, 0
2610,0, 2850, False, 0
2611,0, 2850, False, 0
2612,0, 2850, False, 0
2613,0, 2850, False, 0
2614,0, 2850, False, 0
2615,0, 2850, False, 0
2616,0, 2850, False, 0
2617,0, 2850, False, 0
2618,0, 2850, False, 0
2619,0, 2850, False, 0
2620,0, 2850, False, 0
2621,0, 2850, False, 0
2622,10, 2860, False, 0
2623,0, 2860, False, 0
2624,0, 2860, False, 0
2625,0, 2860, False, 0
2626,0, 2860, False, 0
2627,0, 2860, False, 0
2628,0, 2860, False, 0
2629,0, 2860, False, 0
2630,0, 2860, False, 0
2631,0, 2860, False, 0
2632,0, 2860, False, 0
2633,0, 2860, False, 0
2634,10, 2870, False, 0
2635,0, 2870, False, 0
2636,0, 2870, False, 0
2637,0, 2870, False, 0
2638,0, 2870, False, 2
2639,0, 2870, False, 2
2640,0, 2870, False, 2
2641,0, 2870, False, 2
2642,0, 2870, False, 2
2643,0, 2870, False, 2
2644,0, 2870, False, 2
2645,0, 2870, False, 2
2646,0, 2870, False, 2
2647,0, 2870, False, 2
2648,0, 2870, False, 2
2649,0, 2870, False, 2
2650,0, 2870, False, 2
2651,0, 2870, False, 2
2652,10, 2880, False, 2
2653,0, 2880, False, 0
2654,0, 2880, False, 0
2655,0, 2880, False, 0
2656,0, 2880, False, 0
2657,0, 2880, False, 0
2658,0, 2880, False, 0
2659,0, 2880, False, 0
2660,0, 2880, False, 0
2661,0, 2880, False, 0
2662,0, 2880, False, 0
2663,0, 2880, False, 0
2664,0, 2880, False, 0
2665,0, 2880, False, 0
2666,10, 2890, False, 0
2667,0, 2890, False, 0
2668,0, 2890, False, 0
2669,0, 2890, False, 0
2670,0, 2890, False, 0
2671,0, 2890, False, 0
2672,0, 2890, False, 0
2673,0, 2890, False, 0
2674,0, 2890, False, 0
2675,0, 2890, False, 0
2676,0, 2890, False, 0
2677,0, 2890, False, 0
2678,0, 2890, False, 0
2679,0, 2890, False, 0
2680,10, 2900, False, 0
2681,0, 2900, False, 0
2682,0, 2900, False, 0
2683,0, 2900, False, 0
2684,0, 2900, False, 0
2685,0, 2900, False, 0
2686,0, 2900, False, 0
2687,0, 2900, False, 0
2688,0, 2900, False, 0
2689,0, 2900, False, 0
2690,0, 2900, False, 0
2691,0, 2900, False, 0
2692,0, 2900, False, 0
2693,0, 2900, False, 4
2694,10, 2910, False, 4
2695,0, 2910, False, 4
2696,0, 2910, False, 4
2697,0, 2910, False, 4
2698,0, 2910, False, 4
2699,0, 2910, False, 4
2700,0, 2910, False, 4
2701,0, 2910, False, 4
2702,0, 2910, False, 4
2703,0, 2910, False, 4
2704,0, 2910, False, 4
2705,0, 2910, False, 4
2706,10, 2920, False, 4
2707,0, 2920, False, 4
2708,0, 2920, False, 4
2709,0, 2920, False, 4
2710,0, 2920, False, 4
2711,0, 2920, False, 4
2712,0, 2920, False, 0
2713,0, 2920, False, 0
2714,0, 2920, False, 0
2715,0, 2920, False, 0
2716,0, 2920, False, 0
2717,0, 2920, False, 0
2718,10, 2930, False, 0
2719,0, 2930, False, 0
2720,0, 2930, False, 0
2721,0, 2930, False, 0
2722,0, 2930, False, 0
2723,0, 2930, False, 0
2724,0, 2930, False, 0
2725,0, 2930, False, 0
2726,0, 2930, False, 0
2727,0, 2930, False, 0
2728,0, 2930, False, 0
2729,0, 2930, False, 0
2730,0, 2930, False, 0
2731,0, 2930, False, 0
2732,10, 2940, False, 0
2733,0, 2940, False, 0
2734,0, 2940, False, 0
2735,0, 2940, False, 0
2736,0, 2940, False, 0
2737,0, 2940, False, 5
2738,0, 2940, False, 5
2739,0, 2940, False, 5
2740,0, 2940, False, 5
2741,0, 2940, False, 5
2742,0, 2940, False, 5
2743,0, 2940, False, 5
2744,50, 2990, False, 5
2745,0, 2990, False, 5
2746,0, 2990, False, 5
2747,0, 2990, False, 5
2748,0, 2990, False, 5
2749,0, 2990, False, 5
2750,0, 2990, False, 5
2751,0, 2990, False, 5
2752,0, 2990, False, 5
2753,0, 2990, False, 5
2754,0, 2990, False, 5
2755,0, 2990, False, 0
2756,0, 2990, False, 0
2757,0, 2990, False, 0
2758,10, 3000, False, 0
2759,0, 3000, False, 0
2760,0, 3000, False, 0
2761,0, 3000, False, 0
2762,0, 3000, False, 0
2763,0, 3000, False, 0
2764,0, 3000, False, 3
2765,0, 3000, False, 3
2766,0, 3000, False, 3
2767,0, 3000, False, 3
2768,0, 3000, False, 3
2769,0, 3000, False, 3
2770,0, 3000, False, 3
2771,0, 3000, False, 3
2772,0, 3000, False, 3
2773,0, 3000, False, 3
2774,10, 3010, False, 3
2775,0, 3010, False, 3
2776,0, 3010, False, 3
2777,0, 3010, False, 3
2778,0, 3010, False, 3
2779,0, 3010, False, 0
2780,0, 3010, False, 0
2781,0, 3010, False, 0
2782,0, 3010, False, 0
2783,0, 3010, False, 0
2784,0, 3010, False, 0
2785,0, 3010, False, 0
2786,10, 3020, False, 0
2787,0, 3020, False, 0
2788,0, 3020, False, 0
2789,0, 3020, False, 0
2790,0, 3020, False, 0
2791,0, 3020, False, 0
2792,0, 3020, False, 0
2793,0, 3020, False, 0
2794,0, 3020, False, 0
2795,0, 3020, False, 0
2796,0, 3020, False, 0
2797,0, 3020, False, 0
2798,0, 3020, False, 0
2799,0, 3020, False, 0
2800,0, 3020, False, 0
2801,0, 3020, False, 0
2802,0, 3020, False, 0
2803,0, 3020, False, 0
2804,0, 3020, False, 0
2805,0, 3020, False, 0
2806,0, 3020, False, 0
2807,0, 3020, False, 0
2808,0, 3020, False, 0
2809,0, 3020, False, 0
2810,10, 3030, False, 0
2811,0, 3030, False, 0
2812,0, 3030, False, 0
2813,0, 3030, False, 0
2814,0, 3030, False, 0
2815,0, 3030, False, 0
2816,0, 3030, False, 0
2817,0, 3030, False, 0
2818,0, 3030, False, 0
2819,0, 3030, False, 0
2820,0, 3030, False, 0
2821,0, 3030, False, 0
2822,0, 3030, False, 0
2823,0, 3030, False, 0
2824,10, 3040, False, 0
2825,0, 3040, False, 0
2826,0, 3040, False, 0
2827,0, 3040, False, 0
2828,0, 3040, False, 0
2829,0, 3040, False, 0
2830,0, 3040, False, 0
2831,0, 3040, False, 0
2832,0, 3040, False, 0
2833,0, 3040, False, 0
2834,0, 3040, False, 0
2835,0, 3040, False, 0
2836,0, 3040, False, 0
2837,0, 3040, False, 0
2838,10, 3050, False, 0
2839,0, 3050, False, 0
2840,0, 3050, False, 0
2841,0, 3050, False, 0
2842,0, 3050, False, 0
2843,0, 3050, False, 0
2844,0, 3050, False, 0
2845,0, 3050, False, 0
2846,200, 3250, False, 0
2847,0, 3250, False, 0
2848,0, 3250, False, 0
2849,0, 3250, False, 0
2850,0, 3250, False, 0
2851,0, 3250, False, 0
2852,0, 3250, False, 0
2853,0, 3250, False, 0
2854,0, 3250, False, 0
2855,0, 3250, False, 0
2856,0, 3250, False, 0
2857,0, 3250, False, 0
2858,0, 3250, False, 0
2859,0, 3250, False, 0
2860,0, 3250, False, 0
2861,0, 3250, False, 0
2862,0, 3250, False, 0
2863,0, 3250, False, 0
2864,0, 3250, False, 0
2865,0, 3250, False, 0
2866,0, 3250, False, 0
2867,0, 3250, False, 0
2868,0, 3250, False, 0
2869,0, 3250, False, 0
2870,0, 3250, False, 0
2871,0, 3250, False, 0
2872,10, 3260, False, 0
2873,0, 3260, False, 0
2874,0, 3260, False, 0
2875,0, 3260, False, 0
2876,0, 3260, False, 0
2877,0, 3260, False, 0
2878,0, 3260, False, 0
2879,0, 3260, False, 0
2880,0, 3260, False, 0
2881,0, 3260, False, 0
2882,0, 3260, False, 0
2883,0, 3260, False, 0
2884,0, 3260, False, 0
2885,0, 3260, False, 0
2886,10, 3270, False, 0
2887,0, 3270, False, 0
2888,0, 3270, False, 0
2889,0, 3270, False, 0
2890,0, 3270, False, 0
2891,0, 3270, False, 0
2892,0, 3270, False, 0
2893,0, 3270, False, 0
2894,0, 3270, False, 0
2895,0, 3270, False, 0
2896,0, 3270, False, 0
2897,0, 3270, False, 0
2898,0, 3270, False, 0
2899,0, 3270, False, 0
2900,0, 3270, False, 0
2901,0, 3270, False, 0
2902,0, 3270, False, 0
2903,0, 3270, False, 0
2904,10, 3280, False, 0
2905,0, 3280, False, 0
2906,0, 3280, False, 0
2907,0, 3280, False, 0
2908,0, 3280, False, 0
2909,0, 3280, False, 0
2910,0, 3280, False, 0
2911,0, 3280, False, 0
2912,0, 3280, False, 0
2913,0, 3280, False, 0
2914,0, 3280, False, 0
2915,0, 3280, False, 0
2916,0, 3280, False, 0
2917,0, 3280, False, 0
2918,10, 3290, False, 0
2919,0, 3290, False, 0
2920,0, 3290, False, 0
2921,0, 3290, False, 0
2922,0, 3290, False, 0
2923,0, 3290, False, 0
2924,0, 3290, False, 0
2925,0, 3290, False, 0
2926,0, 3290, False, 0
2927,0, 3290, False, 0
2928,0, 3290, False, 0
2929,0, 3290, False, 0
2930,0, 3290, False, 0
2931,0, 3290, False, 0
2932,0, 3290, False, 0
2933,0, 3290, False, 0
2934,0, 3290, False, 0
2935,0, 3290, False, 0
2936,0, 3290, False, 0
2937,0, 3290, False, 0
2938,0, 3290, False, 0
2939,0, 3290, False, 0
2940,0, 3290, False, 0
2941,0, 3290, False, 0
2942,0, 3290, False, 0
2943,0, 3290, False, 0
2944,0, 3290, False, 2
2945,0, 3290, False, 2
2946,0, 3290, False, 2
2947,0, 3290, False, 2
2948,0, 3290, False, 2
2949,0, 3290, False, 2
2950,0, 3290, False, 2
2951,0, 3290, False, 2
2952,0, 3290, False, 2
2953,0, 3290, False, 2
2954,0, 3290, False, 2
2955,0, 3290, False, 2
2956,10, 3300, False, 2
2957,0, 3300, False, 2
2958,0, 3300, False, 2
2959,0, 3300, False, 2
2960,0, 3300, False, 2
2961,0, 3300, False, 2
2962,0, 3300, False, 2
2963,0, 3300, False, 2
2964,0, 3300, False, 2
2965,0, 3300, False, 2
2966,0, 3300, False, 2
2967,0, 3300, False, 0
2968,0, 3300, False, 0
2969,0, 3300, False, 0
2970,10, 3310, False, 0
2971,0, 3310, False, 0
2972,0, 3310, False, 0
2973,0, 3310, False, 0
2974,0, 3310, False, 0
2975,0, 3310, False, 4
2976,0, 3310, False, 4
2977,0, 3310, False, 4
2978,0, 3310, False, 4
2979,0, 3310, False, 4
2980,0, 3310, False, 4
2981,0, 3310, False, 4
2982,0, 3310, False, 4
2983,0, 3310, False, 4
2984,0, 3310, False, 4
2985,0, 3310, False, 4
2986,10, 3320, False, 4
2987,0, 3320, False, 4
2988,0, 3320, False, 4
2989,0, 3320, False, 4
2990,0, 3320, False, 0
2991,0, 3320, False, 0
2992,0, 3320, False, 0
2993,0, 3320, False, 0
2994,0, 3320, False, 0
2995,0, 3320, False, 0
2996,0, 3320, False, 0
2997,0, 3320, False, 0
2998,10, 3330, False, 0
2999,0, 3330, False, 0
3000,0, 3330, False, 0
3001,0, 3330, False, 0
3002,0, 3330, False, 0
3003,0, 3330, False, 0
3004,0, 3330, False, 0
3005,0, 3330, False, 0
3006,0, 3330, False, 0
3007,0, 3330, False, 0
3008,0, 3330, False, 0
3009,0, 3330, False, 0
3010,0, 3330, False, 0
3011,0, 3330, False, 0
3012,10, 3340, False, 0
3013,0, 3340, False, 0
3014,0, 3340, False, 0
3015,0, 3340, False, 0
3016,0, 3340, False, 0
3017,0, 3340, False, 0
3018,0, 3340, False, 0
3019,0, 3340, False, 0
3020,0, 3340, False, 0
3021,0, 3340, False, 0
3022,0, 3340, False, 0
3023,0, 3340, False, 0
3024,0, 3340, False, 0
3025,0, 3340, False, 0
3026,0, 3340, False, 0
3027,0, 3340, False, 0
3028,0, 3340, False, 0
3029,0, 3340, False, 0
3030,10, 3350, False, 0
3031,0, 3350, False, 0
3032,0, 3350, False, 0
3033,0, 3350, False, 0
3034,0, 3350, False, 0
3035,0, 3350, False, 0
3036,0, 3350, False, 0
3037,0, 3350, False, 0
3038,0, 3350, False, 0
3039,0, 3350, False, 0
3040,0, 3350, False, 0
3041,0, 3350, False, 0
3042,0, 3350, False, 0
3043,0, 3350, False, 0
3044,10, 3360, False, 0
3045,0, 3360, False, 0
3046,0, 3360, False, 0
3047,0, 3360, False, 0
3048,0, 3360, False, 0
3049,0, 3360, False, 0
3050,0, 3360, False, 0
3051,0, 3360, False, 0
3052,0, 3360, False, 0
3053,0, 3360, False, 0
3054,0, 3360, False, 0
3055,0, 3360, False, 0
3056,0, 3360, False, 0
3057,0, 3360, False, 0
3058,10, 3370, False, 0
3059,0, 3370, False, 0
3060,0, 3370, False, 0
3061,0, 3370, False, 0
3062,0, 3370, False, 0
3063,0, 3370, False, 0
3064,0, 3370, False, 0
3065,0, 3370, False, 0
3066,0, 3370, False, 0
3067,0, 3370, False, 0
3068,0, 3370, False, 0
3069,0, 3370, False, 0
3070,10, 3380, False, 0
3071,0, 3380, False, 0
3072,0, 3380, False, 0
3073,0, 3380, False, 0
3074,0, 3380, False, 0
3075,0, 3380, False, 0
3076,0, 3380, False, 0
3077,0, 3380, False, 0
3078,0, 3380, False, 0
3079,0, 3380, False, 0
3080,0, 3380, False, 0
3081,0, 3380, False, 0
3082,0, 3380, False, 0
3083,0, 3380, False, 0
3084,0, 3380, False, 0
3085,0, 3380, False, 5
3086,0, 3380, False, 5
3087,0, 3380, False, 5
3088,0, 3380, False, 5
3089,0, 3380, False, 5
3090,0, 3380, False, 5
3091,0, 3380, False, 5
3092,10, 3390, False, 5
3093,0, 3390, False, 5
3094,0, 3390, False, 5
3095,0, 3390, False, 5
3096,0, 3390, False, 5
3097,0, 3390, False, 5
3098,0, 3390, False, 0
3099,0, 3390, False, 0
3100,0, 3390, False, 0
3101,0, 3390, False, 0
3102,0, 3390, False, 0
3103,0, 3390, False, 0
3104,0, 3390, False, 0
3105,0, 3390, False, 0
3106,0, 3390, False, 0
3107,0, 3390, False, 0
3108,0, 3390, False, 0
3109,0, 3390, False, 4
3110,0, 3390, False, 4
3111,0, 3390, False, 4
3112,0, 3390, False, 4
3113,0, 3390, False, 4
3114,0, 3390, False, 4
3115,0, 3390, False, 4
3116,0, 3390, False, 4
3117,0, 3390, False, 4
3118,0, 3390, False, 4
3119,0, 3390, False, 4
3120,0, 3390, False, 4
3121,0, 3390, False, 4
3122,0, 3390, False, 4
3123,0, 3390, False, 4
3124,0, 3390, False, 0
3125,0, 3390, False, 0
3126,0, 3390, False, 0
3127,0, 3390, False, 0
3128,0, 3390, False, 0
3129,0, 3390, False, 0
3130,0, 3390, False, 0
3131,0, 3390, False, 0
3132,0, 3390, False, 5
3133,0, 3390, False, 5
3134,0, 3390, False, 5
3135,0, 3390, False, 5
3136,0, 3390, False, 5
3137,0, 3390, False, 5
3138,0, 3390, False, 5
3139,0, 3390, False, 5
3140,0, 3390, False, 5
3141,0, 3390, False, 5
3142,0, 3390, False, 5
3143,0, 3390, False, 5
3144,0, 3390, False, 5
3145,0, 3390, False, 5
3146,0, 3390, False, 5
3147,0, 3390, False, 5
3148,0, 3390, False, 5
3149,0, 3390, False, 5
3150,0, 3390, False, 5
3151,0, 3390, False, 0
3152,0, 3390, False, 0
3153,0, 3390, False, 0
3154,0, 3390, False, 0
3155,0, 3390, False, 0
3156,0, 3390, False, 3
3157,0, 3390, False, 3
3158,0, 3390, False, 3
3159,0, 3390, False, 3
3160,0, 3390, False, 3
3161,0, 3390, False, 3
3162,100, 3490, False, 3
3163,0, 3490, False, 3
3164,0, 3490, False, 3
3165,0, 3490, False, 3
3166,0, 3490, False, 3
3167,0, 3490, False, 3
3168,0, 3490, False, 3
3169,0, 3490, False, 3
3170,0, 3490, False, 3
3171,0, 3490, False, 3
3172,0, 3490, False, 0
3173,0, 3490, False, 0
3174,0, 3490, False, 0
3175,0, 3490, False, 0
3176,0, 3490, False, 0
3177,0, 3490, False, 0
3178,0, 3490, False, 0
3179,0, 3490, False, 0
3180,0, 3490, False, 0
3181,0, 3490, False, 0
3182,0, 3490, False, 0
3183,0, 3490, False, 0
3184,0, 3490, False, 0
3185,0, 3490, False, 0
3186,0, 3490, False, 0
3187,0, 3490, False, 0
3188,0, 3490, False, 0
3189,0, 3490, False, 0
3190,0, 3490, False, 0
3191,0, 3490, False, 0
3192,0, 3490, False, 0
3193,0, 3490, False, 0
3194,0, 3490, False, 0
3195,0, 3490, False, 0
3196,0, 3490, False, 0
3197,0, 3490, False, 0
3198,0, 3490, False, 0
3199,0, 3490, False, 0
3200,0, 3490, False, 0
3201,0, 3490, False, 0
3202,0, 3490, False, 0
3203,0, 3490, False, 0
3204,0, 3490, False, 0
3205,0, 3490, False, 0
3206,0, 3490, False, 0
3207,0, 3490, False, 0
3208,0, 3490, False, 0
3209,0, 3490, False, 0
3210,0, 3490, False, 0
3211,0, 3490, False, 5
3212,0, 3490, False, 5
3213,0, 3490, False, 5
3214,0, 3490, False, 5
3215,0, 3490, False, 5
3216,0, 3490, False, 5
3217,0, 3490, False, 5
3218,0, 3490, False, 5
3219,0, 3490, False, 5
3220,0, 3490, False, 5
3221,0, 3490, False, 5
3222,0, 3490, False, 5
3223,0, 3490, False, 5
3224,0, 3490, False, 5
3225,0, 3490, False, 5
3226,0, 3490, False, 5
3227,0, 3490, False, 5
3228,0, 3490, False, 5
3229,0, 3490, False, 0
3230,0, 3490, False, 0
3231,0, 3490, False, 0
3232,0, 3490, False, 0
3233,0, 3490, False, 0
3234,0, 3490, False, 0
3235,0, 3490, False, 0
3236,0, 3490, False, 0
3237,0, 3490, False, 0
3238,0, 3490, False, 0
3239,0, 3490, False, 0
3240,0, 3490, False, 0
3241,0, 3490, False, 4
3242,0, 3490, False, 4
3243,0, 3490, False, 4
3244,0, 3490, False, 4
3245,0, 3490, False, 4
3246,0, 3490, False, 4
3247,0, 3490, False, 4
3248,0, 3490, False, 4
3249,0, 3490, False, 4
3250,0, 3490, False, 4
3251,0, 3490, False, 4
3252,0, 3490, False, 4
3253,0, 3490, False, 4
3254,0, 3490, False, 4
3255,0, 3490, False, 4
3256,0, 3490, False, 4
3257,0, 3490, False, 4
3258,0, 3490, False, 0
3259,0, 3490, False, 0
3260,0, 3490, False, 0
3261,0, 3490, False, 0
3262,0, 3490, False, 0
3263,0, 3490, False, 0
3264,0, 3490, False, 0
3265,0, 3490, False, 0
3266,0, 3490, False, 0
3267,0, 3490, False, 0
3268,0, 3490, False, 0
3269,0, 3490, False, 0
3270,0, 3490, False, 5
3271,0, 3490, False, 5
3272,0, 3490, False, 5
3273,0, 3490, False, 5
3274,0, 3490, False, 5
3275,0, 3490, False, 5
3276,0, 3490, False, 5
3277,0, 3490, False, 5
3278,0, 3490, False, 5
3279,0, 3490, False, 5
3280,0, 3490, False, 5
3281,0, 3490, False, 5
3282,10, 3500, False, 5
3283,0, 3500, False, 5
3284,0, 3500, False, 5
3285,0, 3500, False, 5
3286,0, 3500, False, 0
3287,0, 3500, False, 0
3288,0, 3500, False, 0
3289,0, 3500, False, 0
3290,0, 3500, False, 0
3291,0, 3500, False, 0
3292,0, 3500, False, 0
3293,0, 3500, False, 0
3294,0, 3500, False, 0
3295,0, 3500, False, 0
3296,10, 3510, False, 0
3297,0, 3510, False, 0
3298,0, 3510, False, 0
3299,0, 3510, False, 4
3300,0, 3510, False, 4
3301,0, 3510, False, 4
3302,0, 3510, False, 4
3303,0, 3510, False, 4
3304,0, 3510, False, 4
3305,0, 3510, False, 4
3306,0, 3510, False, 4
3307,0, 3510, False, 4
3308,0, 3510, False, 4
3309,0, 3510, False, 4
3310,0, 3510, False, 4
3311,0, 3510, False, 4
3312,10, 3520, False, 0
3313,0, 3520, False, 0
3314,0, 3520, False, 0
3315,0, 3520, False, 0
3316,0, 3520, False, 0
3317,0, 3520, False, 0
3318,0, 3520, False, 0
3319,0, 3520, False, 0
3320,0, 3520, False, 0
3321,0, 3520, False, 0
3322,0, 3520, False, 0
3323,0, 3520, False, 0
3324,0, 3520, False, 0
3325,0, 3520, False, 0
3326,10, 3530, False, 0
3327,0, 3530, False, 0
3328,0, 3530, False, 0
3329,0, 3530, False, 0
3330,0, 3530, False, 0
3331,0, 3530, False, 0
3332,0, 3530, False, 0
3333,0, 3530, False, 0
3334,0, 3530, False, 0
3335,0, 3530, False, 0
3336,0, 3530, False, 0
3337,0, 3530, False, 0
3338,10, 3540, False, 0
3339,0, 3540, False, 0
3340,0, 3540, False, 0
3341,0, 3540, False, 0
3342,0, 3540, False, 0
3343,0, 3540, False, 0
3344,0, 3540, False, 0
3345,0, 3540, False, 0
3346,0, 3540, False, 0
3347,0, 3540, False, 0
3348,0, 3540, False, 0
3349,0, 3540, False, 0
3350,0, 3540, False, 0
3351,0, 3540, False, 0
3352,10, 3550, False, 0
3353,0, 3550, False, 0
3354,0, 3550, False, 0
3355,0, 3550, False, 0
3356,0, 3550, False, 0
3357,0, 3550, False, 0
3358,0, 3550, False, 0
3359,0, 3550, False, 0
3360,0, 3550, False, 0
3361,0, 3550, False, 0
3362,0, 3550, False, 0
3363,0, 3550, False, 0
3364,0, 3550, False, 0
3365,0, 3550, False, 0
3366,10, 3560, False, 0
3367,0, 3560, False, 0
3368,0, 3560, False, 0
3369,0, 3560, False, 0
3370,0, 3560, False, 2
3371,0, 3560, False, 2
3372,0, 3560, False, 2
3373,0, 3560, False, 2
3374,0, 3560, False, 2
3375,0, 3560, False, 2
3376,0, 3560, False, 2
3377,0, 3560, False, 2
3378,0, 3560, False, 2
3379,0, 3560, False, 2
3380,0, 3560, False, 2
3381,0, 3560, False, 2
3382,0, 3560, False, 2
3383,0, 3560, False, 2
3384,10, 3570, False, 2
3385,0, 3570, False, 0
3386,0, 3570, False, 0
3387,0, 3570, False, 0
3388,0, 3570, False, 0
3389,0, 3570, False, 0
3390,0, 3570, False, 0
3391,0, 3570, False, 0
3392,0, 3570, False, 0
3393,0, 3570, False, 0
3394,0, 3570, False, 0
3395,0, 3570, False, 0
3396,0, 3570, False, 0
3397,0, 3570, False, 0
3398,10, 3580, False, 0
3399,0, 3580, False, 0
3400,0, 3580, False, 0
3401,0, 3580, False, 0
3402,0, 3580, False, 0
3403,0, 3580, False, 0
3404,0, 3580, False, 0
3405,0, 3580, False, 0
3406,0, 3580, False, 0
3407,0, 3580, False, 0
3408,0, 3580, False, 0
3409,0, 3580, False, 0
3410,0, 3580, False, 0
3411,0, 3580, False, 0
3412,10, 3590, False, 0
3413,0, 3590, False, 5
3414,0, 3590, False, 5
3415,0, 3590, False, 5
3416,0, 3590, False, 5
3417,0, 3590, False, 5
3418,0, 3590, False, 5
3419,0, 3590, False, 5
3420,0, 3590, False, 5
3421,0, 3590, False, 5
3422,0, 3590, False, 5
3423,0, 3590, False, 5
3424,0, 3590, False, 5
3425,0, 3590, False, 5
3426,0, 3590, False, 5
3427,0, 3590, False, 5
3428,0, 3590, False, 5
3429,0, 3590, False, 5
3430,0, 3590, False, 5
3431,0, 3590, False, 0
3432,0, 3590, False, 0
3433,0, 3590, False, 0
3434,0, 3590, False, 0
3435,0, 3590, False, 0
3436,0, 3590, False, 0
3437,0, 3590, False, 0
3438,0, 3590, False, 0
3439,0, 3590, False, 0
3440,0, 3590, False, 0
3441,0, 3590, False, 0
3442,0, 3590, False, 0
3443,0, 3590, False, 0
3444,0, 3590, False, 0
3445,0, 3590, False, 0
3446,0, 3590, False, 0
3447,0, 3590, False, 0
3448,0, 3590, False, 0
3449,0, 3590, False, 0
3450,0, 3590, False, 0
3451,0, 3590, False, 0
3452,0, 3590, False, 0
3453,0, 3590, False, 0
3454,0, 3590, False, 0
3455,0, 3590, False, 0
3456,0, 3590, False, 0
3457,0, 3590, False, 0
3458,0, 3590, False, 0
3459,0, 3590, False, 0
3460,10, 3600, False, 0
3461,0, 3600, False, 0
3462,0, 3600, False, 0
3463,0, 3600, False, 0
3464,0, 3600, False, 0
3465,0, 3600, False, 0
3466,0, 3600, False, 0
3467,0, 3600, False, 0
3468,0, 3600, False, 0
3469,0, 3600, False, 0
3470,0, 3600, False, 0
3471,0, 3600, False, 0
3472,0, 3600, False, 0
3473,0, 3600, False, 0
3474,10, 3610, False, 0
3475,0, 3610, False, 0
3476,0, 3610, False, 0
3477,0, 3610, False, 0
3478,0, 3610, False, 0
3479,0, 3610, False, 0
3480,0, 3610, False, 0
3481,0, 3610, False, 0
3482,0, 3610, False, 0
3483,0, 3610, False, 0
3484,0, 3610, False, 0
3485,0, 3610, False, 0
3486,0, 3610, False, 0
3487,0, 3610, False, 0
3488,10, 3620, False, 0
3489,0, 3620, False, 0
3490,0, 3620, False, 0
3491,0, 3620, False, 0
3492,0, 3620, False, 0
3493,0, 3620, False, 0
3494,0, 3620, False, 0
3495,0, 3620, False, 0
3496,0, 3620, False, 0
3497,0, 3620, False, 0
3498,0, 3620, False, 0
3499,0, 3620, False, 0
3500,0, 3620, False, 4
3501,0, 3620, False, 4
3502,0, 3620, False, 4
3503,0, 3620, False, 4
3504,0, 3620, False, 4
3505,0, 3620, False, 4
3506,0, 3620, False, 4
3507,0, 3620, False, 4
3508,0, 3620, False, 4
3509,0, 3620, False, 4
3510,0, 3620, False, 4
3511,0, 3620, False, 0
3512,0, 3620, False, 0
3513,0, 3620, False, 0
3514,0, 3620, False, 0
3515,0, 3620, False, 0
3516,0, 3620, False, 0
3517,0, 3620, False, 0
3518,0, 3620, False, 0
3519,0, 3620, False, 0
3520,0, 3620, False, 0
3521,0, 3620, False, 0
3522,0, 3620, False, 5
3523,0, 3620, False, 5
3524,0, 3620, False, 5
3525,0, 3620, False, 5
3526,0, 3620, False, 5
3527,0, 3620, False, 5
3528,0, 3620, False, 5
3529,0, 3620, False, 5
3530,0, 3620, False, 5
3531,0, 3620, False, 5
3532,0, 3620, False, 5
3533,0, 3620, False, 5
3534,0, 3620, False, 5
3535,0, 3620, False, 5
3536,0, 3620, False, 5
3537,0, 3620, False, 0
3538,0, 3620, False, 0
3539,0, 3620, False, 0
3540,0, 3620, False, 0
3541,0, 3620, False, 0
3542,0, 3620, False, 0
3543,0, 3620, False, 0
3544,0, 3620, False, 0
3545,0, 3620, False, 0
3546,0, 3620, False, 0
3547,0, 3620, False, 0
3548,0, 3620, False, 0
3549,0, 3620, False, 0
3550,0, 3620, False, 0
3551,0, 3620, False, 0
3552,0, 3620, False, 0
3553,0, 3620, False, 0
3554,0, 3620, False, 0
3555,0, 3620, False, 0
3556,0, 3620, False, 0
3557,0, 3620, False, 0
3558,0, 3620, False, 0
3559,0, 3620, False, 0
3560,0, 3620, False, 0
3561,0, 3620, False, 0
3562,0, 3620, False, 3
3563,0, 3620, False, 3
3564,0, 3620, False, 3
3565,0, 3620, False, 3
3566,0, 3620, False, 3
3567,0, 3620, False, 3
3568,0, 3620, False, 3
3569,0, 3620, False, 3
3570,0, 3620, False, 3
3571,0, 3620, False, 3
3572,0, 3620, False, 3
3573,0, 3620, False, 3
3574,0, 3620, False, 3
3575,0, 3620, False, 3
3576,0, 3620, False, 3
3577,0, 3620, False, 3
3578,0, 3620, False, 3
3579,0, 3620, False, 3
3580,0, 3620, False, 3
3581,0, 3620, False, 0
3582,0, 3620, False, 0
3583,0, 3620, False, 0
3584,0, 3620, False, 0
3585,0, 3620, False, 0
3586,0, 3620, False, 0
3587,0, 3620, False, 0
3588,0, 3620, False, 0
3589,0, 3620, False, 0
3590,0, 3620, False, 0
3591,0, 3620, False, 0
3592,0, 3620, False, 0
3593,0, 3620, False, 0
3594,0, 3620, False, 0
3595,0, 3620, False, 0
3596,0, 3620, False, 0
3597,0, 3620, False, 0
3598,0, 3620, False, 0
3599,0, 3620, False, 0
3600,0, 3620, False, 0
3601,0, 3620, False, 0
3602,0, 3620, False, 0
3603,0, 3620, False, 0
3604,0, 3620, False, 0
3605,0, 3620, False, 0
3606,0, 3620, False, 0
3607,0, 3620, False, 0
3608,0, 3620, False, 0
3609,0, 3620, False, 0
3610,0, 3620, False, 0
3611,0, 3620, False, 0
3612,0, 3620, False, 0
3613,0, 3620, False, 0
3614,0, 3620, False, 0
3615,0, 3620, False, 0
3616,0, 3620, False, 0
3617,0, 3620, False, 0
3618,0, 3620, False, 0
3619,0, 3620, False, 0
3620,0, 3620, False, 0
3621,0, 3620, False, 0
3622,0, 3620, False, 0
3623,0, 3620, False, 0
3624,0, 3620, False, 0
3625,0, 3620, False, 0
3626,0, 3620, False, 0
3627,0, 3620, False, 0
3628,0, 3620, False, 0
3629,0, 3620, False, 0
3630,0, 3620, False, 0
3631,0, 3620, False, 0
3632,0, 3620, False, 0
3633,0, 3620, False, 0
3634,0, 3620, False, 0
3635,0, 3620, False, 0
3636,0, 3620, False, 0
3637,0, 3620, False, 0
3638,0, 3620, False, 0
3639,0, 3620, False, 2
3640,0, 3620, False, 2
3641,0, 3620, False, 2
3642,0, 3620, False, 2
3643,0, 3620, False, 2
3644,0, 3620, False, 2
3645,0, 3620, False, 2
3646,0, 3620, False, 2
3647,0, 3620, False, 2
3648,0, 3620, False, 2
3649,0, 3620, False, 2
3650,0, 3620, False, 2
3651,0, 3620, False, 2
3652,0, 3620, False, 2
3653,0, 3620, False, 2
3654,0, 3620, False, 2
3655,0, 3620, False, 2
3656,0, 3620, False, 2
3657,0, 3620, False, 0
3658,0, 3620, False, 0
3659,0, 3620, False, 0
3660,0, 3620, False, 0
3661,0, 3620, False, 0
3662,0, 3620, False, 0
3663,0, 3620, False, 0
3664,0, 3620, False, 0
3665,0, 3620, False, 4
3666,0, 3620, False, 4
3667,0, 3620, False, 4
3668,0, 3620, False, 4
3669,0, 3620, False, 4
3670,0, 3620, False, 4
3671,0, 3620, False, 4
3672,0, 3620, False, 4
3673,0, 3620, False, 4
3674,0, 3620, False, 4
3675,0, 3620, False, 4
3676,0, 3620, False, 4
3677,0, 3620, False, 0
3678,0, 3620, False, 0
3679,0, 3620, False, 0
3680,0, 3620, False, 0
3681,0, 3620, False, 0
3682,0, 3620, False, 0
3683,0, 3620, False, 0
3684,0, 3620, False, 0
3685,0, 3620, False, 0
3686,0, 3620, False, 0
3687,0, 3620, False, 2
3688,0, 3620, False, 2
3689,0, 3620, False, 2
3690,0, 3620, False, 2
3691,0, 3620, False, 2
3692,0, 3620, False, 2
3693,0, 3620, False, 2
3694,0, 3620, False, 2
3695,0, 3620, False, 2
3696,0, 3620, False, 2
3697,0, 3620, False, 2
3698,0, 3620, False, 2
3699,0, 3620, False, 2
3700,0, 3620, False, 2
3701,0, 3620, False, 2
3702,10, 3630, False, 2
3703,0, 3630, False, 2
3704,0, 3630, False, 2
3705,0, 3630, False, 2
3706,0, 3630, False, 2
3707,0, 3630, False, 0
3708,0, 3630, False, 0
3709,0, 3630, False, 0
3710,0, 3630, False, 0
3711,0, 3630, False, 0
3712,0, 3630, False, 0
3713,0, 3630, False, 0
3714,0, 3630, False, 0
3715,0, 3630, False, 0
3716,10, 3640, False, 0
3717,0, 3640, False, 0
3718,0, 3640, False, 0
3719,0, 3640, False, 0
3720,0, 3640, False, 0
3721,0, 3640, False, 0
3722,0, 3640, False, 0
3723,0, 3640, False, 0
3724,0, 3640, False, 0
3725,0, 3640, False, 0
3726,0, 3640, False, 0
3727,0, 3640, False, 0
3728,0, 3640, False, 0
3729,0, 3640, False, 0
3730,10, 3650, False, 0
3731,0, 3650, False, 0
3732,0, 3650, False, 0
3733,0, 3650, False, 0
3734,0, 3650, False, 0
3735,0, 3650, False, 0
3736,0, 3650, False, 0
3737,0, 3650, False, 0
3738,0, 3650, False, 0
3739,0, 3650, False, 0
3740,0, 3650, False, 0
3741,0, 3650, False, 0
3742,0, 3650, False, 0
3743,0, 3650, False, 0
3744,10, 3660, False, 0
3745,0, 3660, False, 0
3746,0, 3660, False, 0
3747,0, 3660, False, 0
3748,0, 3660, False, 0
3749,0, 3660, False, 0
3750,0, 3660, False, 0
3751,0, 3660, False, 4
3752,0, 3660, False, 4
3753,0, 3660, False, 4
3754,0, 3660, False, 4
3755,0, 3660, False, 4
3756,0, 3660, False, 4
3757,0, 3660, False, 4
3758,0, 3660, False, 4
3759,0, 3660, False, 4
3760,0, 3660, False, 4
3761,0, 3660, False, 4
3762,0, 3660, False, 4
3763,0, 3660, False, 0
3764,0, 3660, False, 0
3765,0, 3660, False, 0
3766,0, 3660, False, 0
3767,0, 3660, False, 0
3768,0, 3660, False, 0
3769,0, 3660, False, 0
3770,0, 3660, False, 0
3771,0, 3660, False, 0
3772,0, 3660, False, 0
3773,0, 3660, False, 0
3774,0, 3660, False, 0
3775,0, 3660, False, 0
3776,0, 3660, False, 0
3777,0, 3660, False, 0
3778,0, 3660, False, 0
3779,0, 3660, False, 0
3780,0, 3660, False, 5
3781,0, 3660, False, 5
3782,0, 3660, False, 5
3783,0, 3660, False, 5
3784,0, 3660, False, 5
3785,0, 3660, False, 5
3786,0, 3660, False, 5
3787,0, 3660, False, 5
3788,10, 3670, False, 5
3789,0, 3670, False, 5
3790,0, 3670, False, 5
3791,0, 3670, False, 5
3792,0, 3670, False, 5
3793,0, 3670, False, 5
3794,0, 3670, False, 0
3795,0, 3670, False, 0
3796,0, 3670, False, 0
3797,0, 3670, False, 0
3798,0, 3670, False, 0
3799,0, 3670, False, 0
3800,0, 3670, False, 0
3801,0, 3670, False, 0
3802,10, 3680, False, 0
3803,0, 3680, False, 0
3804,0, 3680, False, 0
3805,0, 3680, False, 0
3806,0, 3680, False, 0
3807,0, 3680, False, 0
3808,0, 3680, False, 0
3809,0, 3680, False, 0
3810,0, 3680, False, 0
3811,0, 3680, False, 0
3812,0, 3680, False, 0
3813,0, 3680, False, 0
3814,0, 3680, False, 0
3815,0, 3680, False, 0
3816,10, 3690, False, 0
3817,0, 3690, False, 0
3818,0, 3690, False, 0
3819,0, 3690, False, 0
3820,0, 3690, False, 3
3821,0, 3690, False, 3
3822,0, 3690, False, 3
3823,0, 3690, False, 3
3824,0, 3690, False, 3
3825,0, 3690, False, 3
3826,0, 3690, False, 3
3827,0, 3690, False, 3
3828,0, 3690, False, 3
3829,0, 3690, False, 3
3830,10, 3700, False, 3
3831,0, 3700, False, 3
3832,0, 3700, False, 3
3833,0, 3700, False, 3
3834,0, 3700, False, 0
3835,0, 3700, False, 0
3836,0, 3700, False, 0
3837,0, 3700, False, 0
3838,0, 3700, False, 0
3839,0, 3700, False, 0
3840,0, 3700, False, 0
3841,0, 3700, False, 0
3842,0, 3700, False, 0
3843,0, 3700, False, 0
3844,0, 3700, False, 0
3845,0, 3700, False, 0
3846,0, 3700, False, 0
3847,0, 3700, False, 0
3848,0, 3700, False, 0
3849,0, 3700, False, 0
3850,0, 3700, False, 0
3851,0, 3700, False, 2
3852,0, 3700, False, 2
3853,0, 3700, False, 2
3854,0, 3700, False, 2
3855,0, 3700, False, 2
3856,0, 3700, False, 2
3857,0, 3700, False, 2
3858,0, 3700, False, 2
3859,0, 3700, False, 0
3860,0, 3700, False, 0
3861,0, 3700, False, 0
3862,0, 3700, False, 3
3863,0, 3700, False, 3
3864,0, 3700, False, 3
3865,0, 3700, False, 3
3866,0, 3700, False, 3
3867,0, 3700, False, 3
3868,0, 3700, False, 3
3869,0, 3700, False, 3
3870,10, 3710, False, 3
3871,0, 3710, False, 3
3872,0, 3710, False, 3
3873,0, 3710, False, 3
3874,0, 3710, False, 3
3875,0, 3710, False, 3
3876,0, 3710, False, 3
3877,0, 3710, False, 3
3878,0, 3710, False, 3
3879,0, 3710, False, 0
3880,0, 3710, False, 0
3881,0, 3710, False, 0
3882,0, 3710, False, 0
3883,0, 3710, False, 0
3884,0, 3710, False, 0
3885,0, 3710, False, 0
3886,0, 3710, False, 0
3887,0, 3710, False, 0
3888,0, 3710, False, 0
3889,0, 3710, False, 0
3890,10, 3720, False, 0
3891,0, 3720, False, 0
3892,0, 3720, False, 0
3893,0, 3720, False, 0
3894,0, 3720, False, 0
3895,0, 3720, False, 0
3896,0, 3720, False, 0
3897,0, 3720, False, 0
3898,0, 3720, False, 0
3899,0, 3720, False, 0
3900,0, 3720, False, 0
3901,0, 3720, False, 0
3902,0, 3720, False, 0
3903,0, 3720, False, 0
3904,0, 3720, False, 0
3905,0, 3720, False, 0
3906,0, 3720, False, 0
3907,0, 3720, False, 0
3908,0, 3720, False, 0
3909,0, 3720, False, 0
3910,0, 3720, False, 0
3911,0, 3720, False, 5
3912,0, 3720, False, 5
3913,0, 3720, False, 5
3914,0, 3720, False, 5
3915,0, 3720, False, 5
3916,0, 3720, False, 5
3917,0, 3720, False, 5
3918,0, 3720, False, 5
3919,0, 3720, False, 5
3920,0, 3720, False, 5
3921,0, 3720, False, 5
3922,0, 3720, False, 5
3923,0, 3720, False, 0
3924,0, 3720, False, 0
3925,0, 3720, False, 0
3926,0, 3720, False, 0
3927,0, 3720, False, 0
3928,0, 3720, False, 0
3929,0, 3720, False, 0
3930,10, 3730, False, 0
3931,0, 3730, False, 0
3932,0, 3730, False, 0
3933,0, 3730, False, 0
3934,0, 3730, False, 0
3935,0, 3730, False, 0
3936,0, 3730, False, 0
3937,0, 3730, False, 0
3938,0, 3730, False, 0
3939,0, 3730, False, 0
3940,0, 3730, False, 0
3941,0, 3730, False, 0
3942,0, 3730, False, 0
3943,0, 3730, False, 0
3944,0, 3730, False, 3
3945,0, 3730, False, 3
3946,0, 3730, False, 3
3947,0, 3730, False, 3
3948,0, 3730, False, 3
3949,0, 3730, False, 3
3950,0, 3730, False, 3
3951,0, 3730, False, 3
3952,0, 3730, False, 3
3953,0, 3730, False, 3
3954,0, 3730, False, 0
3955,0, 3730, False, 0
3956,0, 3730, False, 0
3957,0, 3730, False, 0
3958,0, 3730, False, 0
3959,0, 3730, False, 0
3960,0, 3730, False, 0
3961,0, 3730, False, 0
3962,0, 3730, False, 0
3963,0, 3730, False, 0
3964,0, 3730, False, 0
3965,0, 3730, False, 0
3966,0, 3730, False, 0
3967,0, 3730, False, 0
3968,0, 3730, False, 0
3969,0, 3730, False, 0
3970,0, 3730, False, 0
3971,0, 3730, False, 0
3972,0, 3730, False, 0
3973,0, 3730, False, 0
3974,0, 3730, False, 0
3975,0, 3730, False, 0
3976,0, 3730, False, 0
3977,0, 3730, False, 0
3978,0, 3730, False, 0
3979,0, 3730, False, 0
3980,0, 3730, False, 0
3981,0, 3730, False, 0
3982,0, 3730, False, 0
3983,0, 3730, False, 0
3984,0, 3730, False, 0
3985,0, 3730, False, 0
3986,0, 3730, False, 0
3987,0, 3730, False, 0
3988,0, 3730, False, 0
3989,0, 3730, False, 0
3990,0, 3730, False, 0
3991,0, 3730, False, 0
3992,0, 3730, False, 0
3993,0, 3730, False, 0
3994,0, 3730, False, 0
3995,0, 3730, False, 0
3996,0, 3730, False, 0
3997,0, 3730, False, 0
3998,0, 3730, False, 0
3999,0, 3730, False, 0
4000,0, 3730, False, 0
4001,0, 3730, False, 0
4002,0, 3730, False, 0
4003,0, 3730, False, 0
4004,0, 3730, False, 0
4005,0, 3730, False, 0
4006,0, 3730, False, 0
4007,0, 3730, False, 0
4008,0, 3730, False, 0
4009,0, 3730, False, 0
4010,0, 3730, False, 0
4011,0, 3730, False, 0
4012,0, 3730, False, 0
4013,0, 3730, False, 0
4014,0, 3730, False, 0
4015,0, 3730, False, 0
4016,0, 3730, False, 0
4017,0, 3730, False, 0
4018,0, 3730, False, 0
4019,0, 3730, False, 0
4020,0, 3730, False, 0
4021,0, 3730, False, 0
4022,0, 3730, False, 0
4023,0, 3730, False, 0
4024,0, 3730, False, 0
4025,0, 3730, False, 0
4026,0, 3730, False, 0
4027,0, 3730, False, 0
4028,0, 3730, False, 0
4029,0, 3730, False, 0
4030,0, 3730, False, 0
4031,0, 3730, False, 0
4032,0, 3730, False, 0
4033,0, 3730, False, 0
4034,0, 3730, False, 0
4035,0, 3730, False, 0
4036,0, 3730, False, 0
4037,0, 3730, False, 0
4038,0, 3730, False, 0
4039,0, 3730, False, 0
4040,0, 3730, False, 0
4041,0, 3730, False, 0
4042,0, 3730, False, 0
4043,0, 3730, False, 0
4044,0, 3730, False, 0
4045,0, 3730, False, 0
4046,0, 3730, False, 0
4047,0, 3730, False, 0
4048,0, 3730, False, 0
4049,0, 3730, False, 0
4050,0, 3730, False, 0
4051,0, 3730, False, 0
4052,0, 3730, False, 0
4053,0, 3730, False, 0
4054,0, 3730, True, 0
