db traj id : 1490
frame,reward,score,terminal, action
0,0, 0, False, 0
1,0, 0, False, 0
2,0, 0, False, 0
3,0, 0, False, 0
4,0, 0, False, 0
5,0, 0, False, 0
6,0, 0, False, 0
7,0, 0, False, 0
8,0, 0, False, 0
9,0, 0, False, 0
10,0, 0, False, 0
11,0, 0, False, 0
12,0, 0, False, 0
13,0, 0, False, 0
14,0, 0, False, 0
15,0, 0, False, 0
16,0, 0, False, 0
17,0, 0, False, 0
18,0, 0, False, 0
19,0, 0, False, 0
20,0, 0, False, 0
21,0, 0, False, 0
22,0, 0, False, 0
23,0, 0, False, 0
24,0, 0, False, 0
25,0, 0, False, 0
26,0, 0, False, 0
27,0, 0, False, 4
28,0, 0, False, 4
29,0, 0, False, 4
30,0, 0, False, 4
31,0, 0, False, 4
32,0, 0, False, 4
33,0, 0, False, 4
34,0, 0, False, 4
35,0, 0, False, 4
36,0, 0, False, 4
37,0, 0, False, 4
38,0, 0, False, 4
39,0, 0, False, 4
40,0, 0, False, 4
41,0, 0, False, 4
42,0, 0, False, 4
43,0, 0, False, 4
44,0, 0, False, 4
45,0, 0, False, 4
46,0, 0, False, 4
47,0, 0, False, 4
48,0, 0, False, 4
49,0, 0, False, 4
50,0, 0, False, 4
51,0, 0, False, 4
52,0, 0, False, 4
53,0, 0, False, 4
54,0, 0, False, 4
55,0, 0, False, 4
56,0, 0, False, 4
57,0, 0, False, 4
58,0, 0, False, 4
59,0, 0, False, 4
60,0, 0, False, 4
61,0, 0, False, 4
62,0, 0, False, 4
63,0, 0, False, 4
64,0, 0, False, 4
65,0, 0, False, 4
66,0, 0, False, 4
67,0, 0, False, 4
68,0, 0, False, 4
69,0, 0, False, 0
70,0, 0, False, 0
71,0, 0, False, 0
72,0, 0, False, 0
73,0, 0, False, 3
74,0, 0, False, 3
75,0, 0, False, 3
76,0, 0, False, 3
77,0, 0, False, 3
78,0, 0, False, 3
79,0, 0, False, 3
80,0, 0, False, 3
81,0, 0, False, 3
82,0, 0, False, 3
83,0, 0, False, 3
84,0, 0, False, 3
85,0, 0, False, 3
86,0, 0, False, 3
87,0, 0, False, 3
88,0, 0, False, 3
89,0, 0, False, 3
90,0, 0, False, 3
91,0, 0, False, 3
92,0, 0, False, 3
93,0, 0, False, 3
94,0, 0, False, 3
95,0, 0, False, 3
96,0, 0, False, 3
97,0, 0, False, 3
98,0, 0, False, 3
99,0, 0, False, 3
100,0, 0, False, 3
101,0, 0, False, 3
102,0, 0, False, 3
103,0, 0, False, 3
104,0, 0, False, 3
105,0, 0, False, 3
106,0, 0, False, 3
107,0, 0, False, 3
108,0, 0, False, 3
109,0, 0, False, 3
110,0, 0, False, 3
111,0, 0, False, 3
112,0, 0, False, 3
113,0, 0, False, 3
114,0, 0, False, 3
115,0, 0, False, 0
116,0, 0, False, 4
117,0, 0, False, 4
118,0, 0, False, 4
119,0, 0, False, 4
120,0, 0, False, 4
121,0, 0, False, 4
122,0, 0, False, 4
123,0, 0, False, 4
124,0, 0, False, 4
125,0, 0, False, 4
126,0, 0, False, 4
127,0, 0, False, 4
128,0, 0, False, 4
129,0, 0, False, 9
130,0, 0, False, 9
131,0, 0, False, 9
132,0, 0, False, 9
133,0, 0, False, 9
134,0, 0, False, 5
135,0, 0, False, 5
136,0, 0, False, 5
137,0, 0, False, 5
138,0, 0, False, 5
139,0, 0, False, 5
140,0, 0, False, 5
141,0, 0, False, 5
142,0, 0, False, 5
143,0, 0, False, 5
144,0, 0, False, 5
145,0, 0, False, 5
146,0, 0, False, 5
147,0, 0, False, 8
148,0, 0, False, 8
149,0, 0, False, 8
150,0, 0, False, 3
151,0, 0, False, 3
152,0, 0, False, 3
153,0, 0, False, 3
154,0, 0, False, 3
155,0, 0, False, 3
156,0, 0, False, 3
157,0, 0, False, 3
158,0, 0, False, 3
159,0, 0, False, 3
160,0, 0, False, 6
161,0, 0, False, 6
162,0, 0, False, 6
163,0, 0, False, 6
164,0, 0, False, 6
165,0, 0, False, 6
166,0, 0, False, 2
167,0, 0, False, 2
168,0, 0, False, 2
169,0, 0, False, 2
170,0, 0, False, 2
171,0, 0, False, 2
172,0, 0, False, 4
173,0, 0, False, 4
174,0, 0, False, 4
175,0, 0, False, 4
176,0, 0, False, 4
177,0, 0, False, 4
178,0, 0, False, 4
179,0, 0, False, 4
180,0, 0, False, 4
181,0, 0, False, 4
182,0, 0, False, 4
183,0, 0, False, 4
184,0, 0, False, 9
185,0, 0, False, 4
186,0, 0, False, 4
187,0, 0, False, 0
188,0, 0, False, 0
189,0, 0, False, 0
190,0, 0, False, 0
191,0, 0, False, 0
192,0, 0, False, 0
193,0, 0, False, 3
194,0, 0, False, 3
195,0, 0, False, 3
196,0, 0, False, 3
197,0, 0, False, 3
198,0, 0, False, 3
199,0, 0, False, 3
200,0, 0, False, 3
201,0, 0, False, 3
202,0, 0, False, 3
203,0, 0, False, 3
204,0, 0, False, 3
205,0, 0, False, 3
206,0, 0, False, 3
207,0, 0, False, 3
208,0, 0, False, 3
209,0, 0, False, 6
210,0, 0, False, 6
211,0, 0, False, 6
212,0, 0, False, 6
213,0, 0, False, 6
214,0, 0, False, 2
215,0, 0, False, 2
216,0, 0, False, 2
217,0, 0, False, 2
218,0, 0, False, 2
219,0, 0, False, 7
220,0, 0, False, 7
221,0, 0, False, 4
222,0, 0, False, 4
223,0, 0, False, 4
224,0, 0, False, 4
225,0, 0, False, 4
226,0, 0, False, 4
227,0, 0, False, 4
228,0, 0, False, 4
229,0, 0, False, 4
230,0, 0, False, 9
231,0, 0, False, 9
232,0, 0, False, 9
233,0, 0, False, 9
234,0, 0, False, 5
235,0, 0, False, 5
236,0, 0, False, 5
237,0, 0, False, 5
238,0, 0, False, 5
239,0, 0, False, 5
240,0, 0, False, 5
241,0, 0, False, 8
242,0, 0, False, 8
243,0, 0, False, 3
244,0, 0, False, 3
245,0, 0, False, 3
246,0, 0, False, 3
247,0, 0, False, 3
248,0, 0, False, 3
249,0, 0, False, 3
250,0, 0, False, 3
251,0, 0, False, 3
252,0, 0, False, 3
253,0, 0, False, 3
254,0, 0, False, 3
255,0, 0, False, 3
256,0, 0, False, 3
257,0, 0, False, 3
258,0, 0, False, 3
259,0, 0, False, 3
260,0, 0, False, 3
261,0, 0, False, 3
262,0, 0, False, 0
263,0, 0, False, 0
264,0, 0, False, 4
265,0, 0, False, 4
266,0, 0, False, 4
267,0, 0, False, 4
268,0, 0, False, 4
269,0, 0, False, 4
270,10, 10, False, 4
271,0, 10, False, 4
272,0, 10, False, 4
273,0, 10, False, 4
274,0, 10, False, 4
275,0, 10, False, 4
276,0, 10, False, 4
277,0, 10, False, 4
278,0, 10, False, 4
279,0, 10, False, 4
280,0, 10, False, 4
281,0, 10, False, 4
282,0, 10, False, 4
283,0, 10, False, 4
284,10, 20, False, 4
285,0, 20, False, 4
286,0, 20, False, 0
287,0, 20, False, 0
288,0, 20, False, 3
289,0, 20, False, 3
290,0, 20, False, 3
291,0, 20, False, 3
292,0, 20, False, 3
293,0, 20, False, 3
294,0, 20, False, 3
295,0, 20, False, 3
296,0, 20, False, 3
297,0, 20, False, 3
298,0, 20, False, 3
299,0, 20, False, 3
300,0, 20, False, 3
301,0, 20, False, 3
302,0, 20, False, 3
303,0, 20, False, 3
304,0, 20, False, 3
305,0, 20, False, 3
306,0, 20, False, 3
307,0, 20, False, 3
308,0, 20, False, 3
309,0, 20, False, 3
310,0, 20, False, 3
311,0, 20, False, 3
312,10, 30, False, 3
313,0, 30, False, 3
314,0, 30, False, 3
315,0, 30, False, 3
316,0, 30, False, 3
317,0, 30, False, 3
318,0, 30, False, 3
319,0, 30, False, 3
320,0, 30, False, 3
321,0, 30, False, 3
322,0, 30, False, 3
323,0, 30, False, 3
324,0, 30, False, 3
325,0, 30, False, 3
326,10, 40, False, 3
327,0, 40, False, 3
328,0, 40, False, 3
329,0, 40, False, 0
330,0, 40, False, 4
331,0, 40, False, 4
332,0, 40, False, 4
333,0, 40, False, 4
334,0, 40, False, 4
335,0, 40, False, 4
336,0, 40, False, 4
337,0, 40, False, 4
338,0, 40, False, 4
339,0, 40, False, 4
340,0, 40, False, 4
341,0, 40, False, 4
342,0, 40, False, 4
343,0, 40, False, 4
344,0, 40, False, 4
345,0, 40, False, 4
346,0, 40, False, 4
347,0, 40, False, 4
348,0, 40, False, 4
349,0, 40, False, 4
350,0, 40, False, 4
351,0, 40, False, 4
352,0, 40, False, 4
353,0, 40, False, 4
354,0, 40, False, 4
355,0, 40, False, 4
356,0, 40, False, 0
357,0, 40, False, 3
358,0, 40, False, 3
359,0, 40, False, 3
360,0, 40, False, 3
361,0, 40, False, 3
362,0, 40, False, 3
363,0, 40, False, 3
364,0, 40, False, 3
365,0, 40, False, 3
366,0, 40, False, 3
367,0, 40, False, 3
368,0, 40, False, 3
369,0, 40, False, 3
370,0, 40, False, 3
371,0, 40, False, 3
372,0, 40, False, 3
373,0, 40, False, 3
374,0, 40, False, 3
375,0, 40, False, 8
376,0, 40, False, 5
377,0, 40, False, 5
378,0, 40, False, 5
379,0, 40, False, 5
380,0, 40, False, 5
381,0, 40, False, 5
382,0, 40, False, 5
383,0, 40, False, 5
384,0, 40, False, 5
385,0, 40, False, 5
386,0, 40, False, 5
387,0, 40, False, 5
388,0, 40, False, 5
389,0, 40, False, 5
390,10, 50, False, 5
391,0, 50, False, 5
392,0, 50, False, 5
393,0, 50, False, 5
394,0, 50, False, 5
395,0, 50, False, 5
396,0, 50, False, 5
397,0, 50, False, 5
398,0, 50, False, 5
399,0, 50, False, 5
400,0, 50, False, 5
401,0, 50, False, 5
402,0, 50, False, 5
403,0, 50, False, 5
404,10, 60, False, 5
405,0, 60, False, 5
406,0, 60, False, 5
407,0, 60, False, 5
408,0, 60, False, 5
409,0, 60, False, 5
410,0, 60, False, 5
411,0, 60, False, 5
412,0, 60, False, 5
413,0, 60, False, 5
414,0, 60, False, 5
415,0, 60, False, 5
416,0, 60, False, 5
417,0, 60, False, 5
418,10, 70, False, 5
419,0, 70, False, 5
420,0, 70, False, 5
421,0, 70, False, 5
422,0, 70, False, 5
423,0, 70, False, 5
424,0, 70, False, 5
425,0, 70, False, 5
426,0, 70, False, 5
427,0, 70, False, 5
428,0, 70, False, 5
429,0, 70, False, 5
430,0, 70, False, 5
431,0, 70, False, 5
432,10, 80, False, 5
433,0, 80, False, 5
434,0, 80, False, 5
435,0, 80, False, 5
436,0, 80, False, 5
437,0, 80, False, 5
438,0, 80, False, 5
439,0, 80, False, 5
440,0, 80, False, 5
441,0, 80, False, 5
442,0, 80, False, 5
443,0, 80, False, 5
444,0, 80, False, 5
445,0, 80, False, 5
446,10, 90, False, 5
447,0, 90, False, 5
448,0, 90, False, 8
449,0, 90, False, 8
450,0, 90, False, 8
451,0, 90, False, 3
452,0, 90, False, 3
453,0, 90, False, 3
454,0, 90, False, 3
455,0, 90, False, 3
456,0, 90, False, 3
457,0, 90, False, 3
458,0, 90, False, 3
459,0, 90, False, 3
460,10, 100, False, 3
461,0, 100, False, 3
462,0, 100, False, 3
463,0, 100, False, 3
464,0, 100, False, 3
465,0, 100, False, 3
466,0, 100, False, 3
467,0, 100, False, 3
468,0, 100, False, 3
469,0, 100, False, 3
470,0, 100, False, 3
471,0, 100, False, 3
472,0, 100, False, 3
473,0, 100, False, 3
474,10, 110, False, 3
475,0, 110, False, 3
476,0, 110, False, 3
477,0, 110, False, 3
478,0, 110, False, 3
479,0, 110, False, 3
480,0, 110, False, 3
481,0, 110, False, 3
482,0, 110, False, 3
483,0, 110, False, 3
484,0, 110, False, 3
485,0, 110, False, 3
486,10, 120, False, 3
487,0, 120, False, 3
488,0, 120, False, 3
489,0, 120, False, 3
490,0, 120, False, 3
491,0, 120, False, 3
492,0, 120, False, 3
493,0, 120, False, 3
494,0, 120, False, 3
495,0, 120, False, 3
496,0, 120, False, 3
497,0, 120, False, 3
498,0, 120, False, 3
499,0, 120, False, 3
500,10, 130, False, 3
501,0, 130, False, 3
502,0, 130, False, 3
503,0, 130, False, 3
504,0, 130, False, 3
505,0, 130, False, 3
506,0, 130, False, 3
507,0, 130, False, 3
508,0, 130, False, 3
509,0, 130, False, 3
510,0, 130, False, 3
511,0, 130, False, 3
512,0, 130, False, 3
513,0, 130, False, 3
514,10, 140, False, 3
515,0, 140, False, 3
516,0, 140, False, 3
517,0, 140, False, 3
518,0, 140, False, 3
519,0, 140, False, 3
520,0, 140, False, 3
521,0, 140, False, 3
522,0, 140, False, 3
523,0, 140, False, 3
524,0, 140, False, 3
525,0, 140, False, 3
526,10, 150, False, 3
527,0, 150, False, 3
528,0, 150, False, 3
529,0, 150, False, 3
530,0, 150, False, 3
531,0, 150, False, 3
532,0, 150, False, 3
533,0, 150, False, 3
534,0, 150, False, 3
535,0, 150, False, 3
536,0, 150, False, 3
537,0, 150, False, 3
538,0, 150, False, 3
539,0, 150, False, 3
540,10, 160, False, 3
541,0, 160, False, 3
542,0, 160, False, 3
543,0, 160, False, 3
544,0, 160, False, 3
545,0, 160, False, 3
546,0, 160, False, 3
547,0, 160, False, 0
548,0, 160, False, 2
549,0, 160, False, 2
550,0, 160, False, 2
551,0, 160, False, 2
552,0, 160, False, 2
553,0, 160, False, 2
554,0, 160, False, 2
555,0, 160, False, 2
556,0, 160, False, 2
557,0, 160, False, 2
558,0, 160, False, 2
559,0, 160, False, 2
560,50, 210, False, 2
561,0, 210, False, 2
562,0, 210, False, 2
563,0, 210, False, 2
564,0, 210, False, 2
565,0, 210, False, 2
566,0, 210, False, 2
567,0, 210, False, 2
568,0, 210, False, 0
569,0, 210, False, 0
570,0, 210, False, 0
571,0, 210, False, 0
572,10, 220, False, 0
573,0, 220, False, 0
574,0, 220, False, 0
575,0, 220, False, 5
576,0, 220, False, 5
577,0, 220, False, 5
578,0, 220, False, 5
579,0, 220, False, 5
580,0, 220, False, 5
581,0, 220, False, 5
582,0, 220, False, 5
583,0, 220, False, 5
584,0, 220, False, 5
585,0, 220, False, 5
586,0, 220, False, 5
587,0, 220, False, 5
588,0, 220, False, 5
589,0, 220, False, 5
590,0, 220, False, 0
591,0, 220, False, 0
592,0, 220, False, 0
593,0, 220, False, 0
594,0, 220, False, 0
595,0, 220, False, 0
596,0, 220, False, 0
597,0, 220, False, 2
598,0, 220, False, 2
599,0, 220, False, 2
600,0, 220, False, 2
601,0, 220, False, 2
602,0, 220, False, 2
603,0, 220, False, 2
604,0, 220, False, 2
605,0, 220, False, 2
606,0, 220, False, 2
607,0, 220, False, 2
608,0, 220, False, 2
609,0, 220, False, 2
610,0, 220, False, 2
611,0, 220, False, 2
612,0, 220, False, 2
613,0, 220, False, 2
614,0, 220, False, 2
615,0, 220, False, 2
616,0, 220, False, 2
617,0, 220, False, 2
618,0, 220, False, 2
619,0, 220, False, 2
620,0, 220, False, 2
621,0, 220, False, 2
622,0, 220, False, 2
623,0, 220, False, 2
624,0, 220, False, 2
625,0, 220, False, 2
626,0, 220, False, 2
627,0, 220, False, 2
628,10, 230, False, 2
629,0, 230, False, 2
630,0, 230, False, 7
631,0, 230, False, 7
632,0, 230, False, 4
633,0, 230, False, 4
634,0, 230, False, 4
635,0, 230, False, 4
636,0, 230, False, 4
637,0, 230, False, 4
638,0, 230, False, 4
639,0, 230, False, 4
640,0, 230, False, 4
641,0, 230, False, 4
642,10, 240, False, 4
643,0, 240, False, 4
644,0, 240, False, 4
645,0, 240, False, 4
646,0, 240, False, 4
647,0, 240, False, 4
648,0, 240, False, 4
649,0, 240, False, 4
650,0, 240, False, 4
651,0, 240, False, 4
652,0, 240, False, 4
653,0, 240, False, 4
654,10, 250, False, 4
655,0, 250, False, 4
656,0, 250, False, 4
657,0, 250, False, 4
658,0, 250, False, 4
659,0, 250, False, 4
660,0, 250, False, 4
661,0, 250, False, 4
662,0, 250, False, 4
663,0, 250, False, 4
664,0, 250, False, 4
665,0, 250, False, 4
666,0, 250, False, 4
667,0, 250, False, 4
668,10, 260, False, 4
669,0, 260, False, 4
670,0, 260, False, 4
671,0, 260, False, 4
672,0, 260, False, 4
673,0, 260, False, 9
674,0, 260, False, 9
675,0, 260, False, 9
676,0, 260, False, 5
677,0, 260, False, 5
678,0, 260, False, 5
679,0, 260, False, 5
680,0, 260, False, 5
681,0, 260, False, 5
682,10, 270, False, 5
683,0, 270, False, 5
684,0, 270, False, 5
685,0, 270, False, 5
686,0, 270, False, 5
687,0, 270, False, 5
688,0, 270, False, 5
689,0, 270, False, 5
690,0, 270, False, 5
691,0, 270, False, 5
692,0, 270, False, 5
693,0, 270, False, 5
694,0, 270, False, 5
695,0, 270, False, 5
696,10, 280, False, 5
697,0, 280, False, 5
698,0, 280, False, 5
699,0, 280, False, 5
700,0, 280, False, 5
701,0, 280, False, 5
702,0, 280, False, 5
703,0, 280, False, 5
704,0, 280, False, 5
705,0, 280, False, 5
706,0, 280, False, 8
707,0, 280, False, 8
708,0, 280, False, 8
709,0, 280, False, 8
710,0, 280, False, 8
711,0, 280, False, 8
712,0, 280, False, 8
713,0, 280, False, 8
714,0, 280, False, 8
715,0, 280, False, 8
716,0, 280, False, 8
717,0, 280, False, 8
718,0, 280, False, 8
719,0, 280, False, 8
720,0, 280, False, 8
721,0, 280, False, 8
722,0, 280, False, 3
723,0, 280, False, 3
724,0, 280, False, 3
725,0, 280, False, 3
726,0, 280, False, 3
727,0, 280, False, 3
728,0, 280, False, 3
729,0, 280, False, 3
730,0, 280, False, 3
731,0, 280, False, 3
732,0, 280, False, 3
733,0, 280, False, 3
734,0, 280, False, 3
735,0, 280, False, 3
736,0, 280, False, 3
737,0, 280, False, 3
738,200, 480, False, 3
739,0, 480, False, 3
740,0, 480, False, 3
741,0, 480, False, 3
742,0, 480, False, 3
743,0, 480, False, 3
744,0, 480, False, 3
745,0, 480, False, 3
746,0, 480, False, 3
747,0, 480, False, 3
748,0, 480, False, 3
749,0, 480, False, 3
750,0, 480, False, 3
751,0, 480, False, 3
752,0, 480, False, 6
753,0, 480, False, 6
754,0, 480, False, 6
755,0, 480, False, 2
756,0, 480, False, 2
757,0, 480, False, 2
758,0, 480, False, 2
759,0, 480, False, 2
760,0, 480, False, 2
761,0, 480, False, 2
762,0, 480, False, 2
763,0, 480, False, 2
764,0, 480, False, 2
765,0, 480, False, 2
766,0, 480, False, 2
767,0, 480, False, 2
768,0, 480, False, 2
769,0, 480, False, 2
770,0, 480, False, 2
771,0, 480, False, 2
772,0, 480, False, 2
773,0, 480, False, 2
774,0, 480, False, 2
775,0, 480, False, 2
776,0, 480, False, 2
777,0, 480, False, 2
778,0, 480, False, 2
779,0, 480, False, 2
780,0, 480, False, 2
781,0, 480, False, 2
782,0, 480, False, 2
783,0, 480, False, 2
784,0, 480, False, 2
785,0, 480, False, 2
786,0, 480, False, 2
787,0, 480, False, 2
788,0, 480, False, 2
789,0, 480, False, 2
790,0, 480, False, 2
791,0, 480, False, 2
792,0, 480, False, 2
793,0, 480, False, 2
794,0, 480, False, 7
795,0, 480, False, 7
796,0, 480, False, 7
797,0, 480, False, 7
798,0, 480, False, 7
799,0, 480, False, 7
800,0, 480, False, 7
801,0, 480, False, 7
802,0, 480, False, 7
803,0, 480, False, 7
804,0, 480, False, 7
805,0, 480, False, 7
806,0, 480, False, 7
807,0, 480, False, 7
808,0, 480, False, 7
809,0, 480, False, 7
810,0, 480, False, 7
811,0, 480, False, 7
812,0, 480, False, 4
813,0, 480, False, 4
814,0, 480, False, 4
815,0, 480, False, 4
816,0, 480, False, 4
817,0, 480, False, 4
818,0, 480, False, 4
819,0, 480, False, 4
820,0, 480, False, 7
821,0, 480, False, 7
822,0, 480, False, 2
823,0, 480, False, 2
824,0, 480, False, 2
825,0, 480, False, 2
826,0, 480, False, 2
827,0, 480, False, 2
828,0, 480, False, 2
829,0, 480, False, 2
830,0, 480, False, 2
831,0, 480, False, 2
832,0, 480, False, 2
833,0, 480, False, 2
834,0, 480, False, 2
835,0, 480, False, 2
836,0, 480, False, 2
837,0, 480, False, 2
838,0, 480, False, 2
839,0, 480, False, 2
840,0, 480, False, 2
841,0, 480, False, 2
842,0, 480, False, 2
843,0, 480, False, 2
844,0, 480, False, 2
845,0, 480, False, 2
846,10, 490, False, 2
847,0, 490, False, 2
848,0, 490, False, 2
849,0, 490, False, 2
850,0, 490, False, 2
851,0, 490, False, 2
852,0, 490, False, 2
853,0, 490, False, 2
854,0, 490, False, 2
855,0, 490, False, 2
856,0, 490, False, 7
857,0, 490, False, 7
858,0, 490, False, 7
859,0, 490, False, 7
860,10, 500, False, 7
861,0, 500, False, 7
862,0, 500, False, 7
863,0, 500, False, 4
864,0, 500, False, 4
865,0, 500, False, 4
866,0, 500, False, 4
867,0, 500, False, 4
868,0, 500, False, 4
869,0, 500, False, 4
870,0, 500, False, 4
871,0, 500, False, 4
872,10, 510, False, 4
873,0, 510, False, 4
874,0, 510, False, 4
875,0, 510, False, 4
876,0, 510, False, 4
877,0, 510, False, 4
878,0, 510, False, 4
879,0, 510, False, 4
880,0, 510, False, 4
881,0, 510, False, 4
882,0, 510, False, 4
883,0, 510, False, 4
884,0, 510, False, 4
885,0, 510, False, 4
886,10, 520, False, 4
887,0, 520, False, 4
888,0, 520, False, 4
889,0, 520, False, 4
890,0, 520, False, 4
891,0, 520, False, 4
892,0, 520, False, 4
893,0, 520, False, 4
894,0, 520, False, 4
895,0, 520, False, 4
896,0, 520, False, 4
897,0, 520, False, 4
898,10, 530, False, 4
899,0, 530, False, 0
900,0, 530, False, 5
901,0, 530, False, 5
902,0, 530, False, 5
903,0, 530, False, 5
904,0, 530, False, 3
905,0, 530, False, 3
906,0, 530, False, 3
907,0, 530, False, 3
908,0, 530, False, 3
909,0, 530, False, 3
910,0, 530, False, 3
911,0, 530, False, 3
912,0, 530, False, 3
913,0, 530, False, 3
914,0, 530, False, 3
915,0, 530, False, 3
916,0, 530, False, 3
917,0, 530, False, 3
918,0, 530, False, 3
919,0, 530, False, 3
920,0, 530, False, 3
921,0, 530, False, 3
922,0, 530, False, 3
923,0, 530, False, 0
924,0, 530, False, 5
925,0, 530, False, 5
926,0, 530, False, 5
927,0, 530, False, 5
928,0, 530, False, 5
929,0, 530, False, 5
930,0, 530, False, 5
931,0, 530, False, 5
932,0, 530, False, 5
933,0, 530, False, 5
934,0, 530, False, 5
935,0, 530, False, 5
936,0, 530, False, 5
937,0, 530, False, 5
938,0, 530, False, 5
939,0, 530, False, 5
940,0, 530, False, 5
941,0, 530, False, 5
942,0, 530, False, 5
943,0, 530, False, 5
944,0, 530, False, 5
945,0, 530, False, 9
946,0, 530, False, 4
947,0, 530, False, 4
948,0, 530, False, 4
949,0, 530, False, 4
950,0, 530, False, 4
951,0, 530, False, 4
952,0, 530, False, 4
953,0, 530, False, 4
954,0, 530, False, 4
955,0, 530, False, 4
956,0, 530, False, 4
957,0, 530, False, 4
958,0, 530, False, 4
959,0, 530, False, 0
960,0, 530, False, 0
961,0, 530, False, 5
962,0, 530, False, 5
963,0, 530, False, 5
964,0, 530, False, 5
965,0, 530, False, 5
966,0, 530, False, 0
967,0, 530, False, 0
968,0, 530, False, 0
969,0, 530, False, 0
970,0, 530, False, 0
971,0, 530, False, 0
972,0, 530, False, 0
973,0, 530, False, 0
974,0, 530, False, 2
975,0, 530, False, 2
976,0, 530, False, 2
977,0, 530, False, 2
978,0, 530, False, 2
979,0, 530, False, 2
980,0, 530, False, 2
981,0, 530, False, 2
982,0, 530, False, 2
983,0, 530, False, 2
984,0, 530, False, 2
985,0, 530, False, 2
986,0, 530, False, 0
987,0, 530, False, 0
988,0, 530, False, 0
989,0, 530, False, 0
990,0, 530, False, 0
991,0, 530, False, 0
992,0, 530, False, 0
993,0, 530, False, 0
994,0, 530, False, 0
995,0, 530, False, 0
996,0, 530, False, 0
997,0, 530, False, 0
998,0, 530, False, 0
999,0, 530, False, 0
1000,0, 530, False, 0
1001,0, 530, False, 0
1002,0, 530, False, 0
1003,0, 530, False, 0
1004,0, 530, False, 0
1005,0, 530, False, 0
1006,0, 530, False, 0
1007,0, 530, False, 0
1008,0, 530, False, 0
1009,0, 530, False, 0
1010,0, 530, False, 0
1011,0, 530, False, 0
1012,0, 530, False, 0
1013,0, 530, False, 4
1014,0, 530, False, 4
1015,0, 530, False, 4
1016,0, 530, False, 4
1017,0, 530, False, 4
1018,0, 530, False, 4
1019,0, 530, False, 0
1020,0, 530, False, 0
1021,0, 530, False, 0
1022,0, 530, False, 0
1023,0, 530, False, 0
1024,0, 530, False, 0
1025,0, 530, False, 0
1026,0, 530, False, 0
1027,0, 530, False, 0
1028,0, 530, False, 0
1029,0, 530, False, 0
1030,0, 530, False, 0
1031,0, 530, False, 0
1032,0, 530, False, 0
1033,0, 530, False, 0
1034,0, 530, False, 0
1035,0, 530, False, 5
1036,0, 530, False, 5
1037,0, 530, False, 5
1038,0, 530, False, 5
1039,0, 530, False, 5
1040,0, 530, False, 5
1041,0, 530, False, 0
1042,0, 530, False, 0
1043,0, 530, False, 0
1044,0, 530, False, 0
1045,0, 530, False, 0
1046,0, 530, False, 0
1047,0, 530, False, 0
1048,0, 530, False, 0
1049,0, 530, False, 0
1050,0, 530, False, 0
1051,0, 530, False, 0
1052,0, 530, False, 0
1053,0, 530, False, 0
1054,0, 530, False, 0
1055,0, 530, False, 0
1056,0, 530, False, 0
1057,0, 530, False, 0
1058,0, 530, False, 0
1059,0, 530, False, 0
1060,0, 530, False, 0
1061,0, 530, False, 0
1062,0, 530, False, 0
1063,0, 530, False, 0
1064,0, 530, False, 0
1065,0, 530, False, 0
1066,0, 530, False, 0
1067,0, 530, False, 0
1068,0, 530, False, 0
1069,0, 530, False, 0
1070,0, 530, False, 0
1071,0, 530, False, 0
1072,0, 530, False, 0
1073,0, 530, False, 3
1074,0, 530, False, 3
1075,0, 530, False, 3
1076,0, 530, False, 0
1077,0, 530, False, 0
1078,0, 530, False, 0
1079,0, 530, False, 0
1080,0, 530, False, 0
1081,0, 530, False, 0
1082,0, 530, False, 0
1083,0, 530, False, 0
1084,0, 530, False, 0
1085,0, 530, False, 0
1086,0, 530, False, 0
1087,0, 530, False, 0
1088,0, 530, False, 0
1089,0, 530, False, 0
1090,0, 530, False, 0
1091,0, 530, False, 0
1092,0, 530, False, 0
1093,0, 530, False, 0
1094,0, 530, False, 0
1095,0, 530, False, 0
1096,0, 530, False, 0
1097,0, 530, False, 0
1098,0, 530, False, 0
1099,0, 530, False, 0
1100,0, 530, False, 0
1101,0, 530, False, 0
1102,0, 530, False, 0
1103,0, 530, False, 0
1104,0, 530, False, 0
1105,0, 530, False, 0
1106,0, 530, False, 0
1107,0, 530, False, 0
1108,0, 530, False, 4
1109,0, 530, False, 4
1110,0, 530, False, 4
1111,0, 530, False, 4
1112,0, 530, False, 4
1113,0, 530, False, 0
1114,0, 530, False, 0
1115,0, 530, False, 0
1116,0, 530, False, 0
1117,0, 530, False, 0
1118,0, 530, False, 5
1119,0, 530, False, 5
1120,0, 530, False, 5
1121,0, 530, False, 5
1122,0, 530, False, 5
1123,0, 530, False, 5
1124,0, 530, False, 5
1125,0, 530, False, 0
1126,0, 530, False, 0
1127,0, 530, False, 0
1128,0, 530, False, 0
1129,0, 530, False, 0
1130,0, 530, False, 0
1131,0, 530, False, 0
1132,0, 530, False, 0
1133,0, 530, False, 0
1134,0, 530, False, 0
1135,0, 530, False, 0
1136,0, 530, False, 0
1137,0, 530, False, 0
1138,0, 530, False, 0
1139,0, 530, False, 0
1140,0, 530, False, 0
1141,0, 530, False, 0
1142,0, 530, False, 0
1143,0, 530, False, 0
1144,0, 530, False, 0
1145,0, 530, False, 0
1146,0, 530, False, 0
1147,0, 530, False, 0
1148,0, 530, False, 0
1149,0, 530, False, 0
1150,0, 530, False, 0
1151,0, 530, False, 0
1152,0, 530, False, 3
1153,0, 530, False, 3
1154,0, 530, False, 3
1155,0, 530, False, 3
1156,0, 530, False, 3
1157,0, 530, False, 3
1158,0, 530, False, 0
1159,0, 530, False, 0
1160,0, 530, False, 0
1161,0, 530, False, 0
1162,0, 530, False, 0
1163,0, 530, False, 0
1164,0, 530, False, 0
1165,0, 530, False, 0
1166,0, 530, False, 0
1167,0, 530, False, 0
1168,0, 530, False, 0
1169,0, 530, False, 0
1170,0, 530, False, 0
1171,0, 530, False, 0
1172,0, 530, False, 0
1173,0, 530, False, 0
1174,0, 530, False, 0
1175,0, 530, False, 0
1176,0, 530, False, 0
1177,0, 530, False, 0
1178,0, 530, False, 0
1179,0, 530, False, 0
1180,0, 530, False, 0
1181,0, 530, False, 0
1182,0, 530, False, 0
1183,0, 530, False, 0
1184,0, 530, False, 0
1185,0, 530, False, 0
1186,0, 530, False, 0
1187,0, 530, False, 0
1188,0, 530, False, 0
1189,0, 530, False, 0
1190,0, 530, False, 0
1191,0, 530, False, 0
1192,0, 530, False, 0
1193,0, 530, False, 0
1194,0, 530, False, 0
1195,0, 530, False, 0
1196,0, 530, False, 0
1197,0, 530, False, 0
1198,0, 530, False, 0
1199,0, 530, False, 5
1200,0, 530, False, 5
1201,0, 530, False, 5
1202,0, 530, False, 5
1203,0, 530, False, 5
1204,0, 530, False, 0
1205,0, 530, False, 0
1206,10, 540, False, 0
1207,0, 540, False, 0
1208,0, 540, False, 0
1209,0, 540, False, 0
1210,0, 540, False, 0
1211,0, 540, False, 0
1212,0, 540, False, 0
1213,0, 540, False, 0
1214,0, 540, False, 0
1215,0, 540, False, 0
1216,0, 540, False, 0
1217,0, 540, False, 0
1218,0, 540, False, 0
1219,0, 540, False, 0
1220,10, 550, False, 0
1221,0, 550, False, 0
1222,0, 550, False, 0
1223,0, 550, False, 0
1224,0, 550, False, 0
1225,0, 550, False, 0
1226,0, 550, False, 0
1227,0, 550, False, 0
1228,0, 550, False, 0
1229,0, 550, False, 0
1230,0, 550, False, 0
1231,0, 550, False, 0
1232,0, 550, False, 0
1233,0, 550, False, 0
1234,10, 560, False, 0
1235,0, 560, False, 0
1236,0, 560, False, 0
1237,0, 560, False, 0
1238,0, 560, False, 0
1239,0, 560, False, 0
1240,0, 560, False, 0
1241,0, 560, False, 0
1242,0, 560, False, 0
1243,0, 560, False, 0
1244,0, 560, False, 0
1245,0, 560, False, 4
1246,0, 560, False, 4
1247,0, 560, False, 4
1248,0, 560, False, 4
1249,0, 560, False, 4
1250,0, 560, False, 4
1251,0, 560, False, 4
1252,0, 560, False, 4
1253,0, 560, False, 0
1254,10, 570, False, 0
1255,0, 570, False, 0
1256,0, 570, False, 0
1257,0, 570, False, 0
1258,0, 570, False, 0
1259,0, 570, False, 0
1260,0, 570, False, 0
1261,0, 570, False, 0
1262,0, 570, False, 0
1263,0, 570, False, 0
1264,0, 570, False, 0
1265,0, 570, False, 0
1266,0, 570, False, 0
1267,0, 570, False, 0
1268,0, 570, False, 0
1269,0, 570, False, 0
1270,0, 570, False, 0
1271,0, 570, False, 0
1272,0, 570, False, 0
1273,0, 570, False, 2
1274,0, 570, False, 2
1275,0, 570, False, 2
1276,0, 570, False, 2
1277,0, 570, False, 2
1278,0, 570, False, 0
1279,0, 570, False, 0
1280,0, 570, False, 0
1281,0, 570, False, 0
1282,0, 570, False, 0
1283,0, 570, False, 0
1284,0, 570, False, 0
1285,0, 570, False, 0
1286,0, 570, False, 0
1287,0, 570, False, 4
1288,0, 570, False, 4
1289,0, 570, False, 4
1290,0, 570, False, 4
1291,0, 570, False, 4
1292,0, 570, False, 4
1293,0, 570, False, 0
1294,0, 570, False, 0
1295,0, 570, False, 0
1296,0, 570, False, 0
1297,0, 570, False, 0
1298,0, 570, False, 0
1299,0, 570, False, 0
1300,0, 570, False, 0
1301,0, 570, False, 0
1302,0, 570, False, 0
1303,0, 570, False, 0
1304,0, 570, False, 0
1305,0, 570, False, 0
1306,0, 570, False, 0
1307,0, 570, False, 0
1308,0, 570, False, 0
1309,0, 570, False, 0
1310,0, 570, False, 0
1311,0, 570, False, 0
1312,0, 570, False, 0
1313,0, 570, False, 0
1314,0, 570, False, 0
1315,0, 570, False, 0
1316,0, 570, False, 0
1317,0, 570, False, 0
1318,0, 570, False, 0
1319,0, 570, False, 4
1320,0, 570, False, 4
1321,0, 570, False, 4
1322,0, 570, False, 4
1323,0, 570, False, 4
1324,0, 570, False, 4
1325,0, 570, False, 0
1326,0, 570, False, 0
1327,0, 570, False, 0
1328,0, 570, False, 0
1329,0, 570, False, 0
1330,0, 570, False, 0
1331,0, 570, False, 0
1332,0, 570, False, 0
1333,0, 570, False, 0
1334,0, 570, False, 0
1335,0, 570, False, 0
1336,0, 570, False, 0
1337,0, 570, False, 0
1338,0, 570, False, 0
1339,0, 570, False, 0
1340,0, 570, False, 0
1341,0, 570, False, 0
1342,0, 570, False, 0
1343,0, 570, False, 0
1344,0, 570, False, 0
1345,0, 570, False, 0
1346,0, 570, False, 0
1347,0, 570, False, 0
1348,0, 570, False, 0
1349,0, 570, False, 0
1350,0, 570, False, 0
1351,0, 570, False, 0
1352,0, 570, False, 0
1353,0, 570, False, 0
1354,0, 570, False, 0
1355,0, 570, False, 0
1356,0, 570, False, 0
1357,0, 570, False, 0
1358,0, 570, False, 0
1359,0, 570, False, 0
1360,0, 570, False, 0
1361,0, 570, False, 0
1362,0, 570, False, 0
1363,0, 570, False, 0
1364,0, 570, False, 0
1365,0, 570, False, 0
1366,10, 580, False, 0
1367,0, 580, False, 0
1368,0, 580, False, 0
1369,0, 580, False, 0
1370,0, 580, False, 0
1371,0, 580, False, 2
1372,0, 580, False, 2
1373,0, 580, False, 2
1374,0, 580, False, 2
1375,0, 580, False, 0
1376,0, 580, False, 0
1377,0, 580, False, 0
1378,10, 590, False, 0
1379,0, 590, False, 0
1380,0, 590, False, 0
1381,0, 590, False, 0
1382,0, 590, False, 0
1383,0, 590, False, 0
1384,0, 590, False, 0
1385,0, 590, False, 0
1386,0, 590, False, 0
1387,0, 590, False, 0
1388,0, 590, False, 0
1389,0, 590, False, 0
1390,0, 590, False, 0
1391,0, 590, False, 0
1392,10, 600, False, 0
1393,0, 600, False, 0
1394,0, 600, False, 0
1395,0, 600, False, 0
1396,0, 600, False, 0
1397,0, 600, False, 0
1398,0, 600, False, 0
1399,0, 600, False, 0
1400,0, 600, False, 0
1401,0, 600, False, 0
1402,0, 600, False, 0
1403,0, 600, False, 0
1404,0, 600, False, 0
1405,0, 600, False, 0
1406,10, 610, False, 0
1407,0, 610, False, 0
1408,0, 610, False, 0
1409,0, 610, False, 0
1410,0, 610, False, 0
1411,0, 610, False, 0
1412,0, 610, False, 0
1413,0, 610, False, 0
1414,0, 610, False, 0
1415,0, 610, False, 0
1416,0, 610, False, 0
1417,0, 610, False, 0
1418,0, 610, False, 0
1419,0, 610, False, 0
1420,0, 610, False, 0
1421,0, 610, False, 0
1422,0, 610, False, 0
1423,0, 610, False, 0
1424,0, 610, False, 0
1425,0, 610, False, 0
1426,0, 610, False, 0
1427,0, 610, False, 0
1428,0, 610, False, 0
1429,0, 610, False, 0
1430,0, 610, False, 0
1431,0, 610, False, 0
1432,0, 610, False, 0
1433,0, 610, False, 0
1434,0, 610, False, 0
1435,0, 610, False, 0
1436,0, 610, False, 0
1437,0, 610, False, 0
1438,0, 610, False, 0
1439,0, 610, False, 0
1440,0, 610, False, 0
1441,0, 610, False, 0
1442,0, 610, False, 0
1443,0, 610, False, 0
1444,0, 610, False, 0
1445,0, 610, False, 0
1446,0, 610, False, 0
1447,0, 610, False, 5
1448,0, 610, False, 5
1449,0, 610, False, 5
1450,0, 610, False, 5
1451,0, 610, False, 5
1452,0, 610, False, 0
1453,0, 610, False, 0
1454,10, 620, False, 0
1455,0, 620, False, 0
1456,0, 620, False, 0
1457,0, 620, False, 0
1458,0, 620, False, 0
1459,0, 620, False, 0
1460,0, 620, False, 0
1461,0, 620, False, 0
1462,0, 620, False, 0
1463,0, 620, False, 0
1464,0, 620, False, 0
1465,0, 620, False, 0
1466,0, 620, False, 0
1467,0, 620, False, 0
1468,10, 630, False, 0
1469,0, 630, False, 0
1470,0, 630, False, 0
1471,0, 630, False, 0
1472,0, 630, False, 0
1473,0, 630, False, 0
1474,0, 630, False, 0
1475,0, 630, False, 0
1476,0, 630, False, 0
1477,0, 630, False, 0
1478,0, 630, False, 0
1479,0, 630, False, 0
1480,0, 630, False, 0
1481,0, 630, False, 0
1482,10, 640, False, 0
1483,0, 640, False, 0
1484,0, 640, False, 0
1485,0, 640, False, 0
1486,0, 640, False, 0
1487,0, 640, False, 0
1488,0, 640, False, 0
1489,0, 640, False, 0
1490,0, 640, False, 0
1491,0, 640, False, 0
1492,0, 640, False, 0
1493,0, 640, False, 0
1494,0, 640, False, 0
1495,0, 640, False, 0
1496,10, 650, False, 0
1497,0, 650, False, 0
1498,0, 650, False, 0
1499,0, 650, False, 0
1500,0, 650, False, 0
1501,0, 650, False, 0
1502,0, 650, False, 0
1503,0, 650, False, 0
1504,0, 650, False, 0
1505,0, 650, False, 0
1506,0, 650, False, 0
1507,0, 650, False, 0
1508,0, 650, False, 0
1509,0, 650, False, 0
1510,10, 660, False, 0
1511,0, 660, False, 0
1512,0, 660, False, 0
1513,0, 660, False, 0
1514,0, 660, False, 0
1515,0, 660, False, 0
1516,0, 660, False, 0
1517,0, 660, False, 0
1518,0, 660, False, 0
1519,0, 660, False, 0
1520,0, 660, False, 0
1521,0, 660, False, 0
1522,0, 660, False, 0
1523,0, 660, False, 0
1524,0, 660, False, 0
1525,0, 660, False, 0
1526,0, 660, False, 3
1527,0, 660, False, 3
1528,0, 660, False, 3
1529,0, 660, False, 3
1530,0, 660, False, 3
1531,0, 660, False, 3
1532,0, 660, False, 3
1533,0, 660, False, 3
1534,10, 670, False, 3
1535,0, 670, False, 3
1536,0, 670, False, 3
1537,0, 670, False, 0
1538,0, 670, False, 0
1539,0, 670, False, 0
1540,0, 670, False, 0
1541,0, 670, False, 0
1542,0, 670, False, 0
1543,0, 670, False, 0
1544,0, 670, False, 0
1545,0, 670, False, 0
1546,0, 670, False, 0
1547,0, 670, False, 0
1548,10, 680, False, 0
1549,0, 680, False, 0
1550,0, 680, False, 0
1551,0, 680, False, 0
1552,0, 680, False, 0
1553,0, 680, False, 0
1554,0, 680, False, 0
1555,0, 680, False, 0
1556,0, 680, False, 0
1557,0, 680, False, 0
1558,0, 680, False, 0
1559,0, 680, False, 0
1560,0, 680, False, 0
1561,0, 680, False, 0
1562,10, 690, False, 0
1563,0, 690, False, 0
1564,0, 690, False, 0
1565,0, 690, False, 0
1566,0, 690, False, 0
1567,0, 690, False, 0
1568,0, 690, False, 0
1569,0, 690, False, 0
1570,0, 690, False, 0
1571,0, 690, False, 0
1572,0, 690, False, 0
1573,0, 690, False, 0
1574,10, 700, False, 0
1575,0, 700, False, 0
1576,0, 700, False, 0
1577,0, 700, False, 0
1578,0, 700, False, 0
1579,0, 700, False, 0
1580,0, 700, False, 0
1581,0, 700, False, 0
1582,0, 700, False, 0
1583,0, 700, False, 0
1584,0, 700, False, 0
1585,0, 700, False, 0
1586,0, 700, False, 0
1587,0, 700, False, 0
1588,10, 710, False, 0
1589,0, 710, False, 0
1590,0, 710, False, 0
1591,0, 710, False, 0
1592,0, 710, False, 0
1593,0, 710, False, 0
1594,0, 710, False, 0
1595,0, 710, False, 0
1596,0, 710, False, 0
1597,0, 710, False, 0
1598,0, 710, False, 0
1599,0, 710, False, 0
1600,0, 710, False, 0
1601,0, 710, False, 0
1602,0, 710, False, 0
1603,0, 710, False, 0
1604,0, 710, False, 0
1605,0, 710, False, 0
1606,10, 720, False, 0
1607,0, 720, False, 0
1608,0, 720, False, 0
1609,0, 720, False, 0
1610,0, 720, False, 0
1611,0, 720, False, 0
1612,0, 720, False, 0
1613,0, 720, False, 0
1614,0, 720, False, 0
1615,0, 720, False, 4
1616,0, 720, False, 4
1617,0, 720, False, 4
1618,0, 720, False, 4
1619,0, 720, False, 4
1620,0, 720, False, 4
1621,0, 720, False, 0
1622,0, 720, False, 0
1623,0, 720, False, 0
1624,0, 720, False, 0
1625,0, 720, False, 0
1626,0, 720, False, 0
1627,0, 720, False, 0
1628,0, 720, False, 0
1629,0, 720, False, 0
1630,0, 720, False, 0
1631,0, 720, False, 0
1632,0, 720, False, 0
1633,0, 720, False, 0
1634,0, 720, False, 0
1635,0, 720, False, 0
1636,0, 720, False, 0
1637,0, 720, False, 0
1638,0, 720, False, 2
1639,0, 720, False, 2
1640,0, 720, False, 2
1641,0, 720, False, 2
1642,0, 720, False, 2
1643,0, 720, False, 2
1644,0, 720, False, 2
1645,0, 720, False, 0
1646,0, 720, False, 0
1647,0, 720, False, 0
1648,0, 720, False, 0
1649,0, 720, False, 0
1650,0, 720, False, 0
1651,0, 720, False, 0
1652,0, 720, False, 0
1653,0, 720, False, 0
1654,0, 720, False, 0
1655,0, 720, False, 0
1656,0, 720, False, 0
1657,0, 720, False, 0
1658,0, 720, False, 2
1659,0, 720, False, 2
1660,0, 720, False, 2
1661,0, 720, False, 2
1662,0, 720, False, 2
1663,0, 720, False, 2
1664,0, 720, False, 0
1665,0, 720, False, 0
1666,0, 720, False, 0
1667,0, 720, False, 0
1668,0, 720, False, 0
1669,0, 720, False, 0
1670,0, 720, False, 0
1671,0, 720, False, 0
1672,0, 720, False, 0
1673,0, 720, False, 0
1674,0, 720, False, 0
1675,0, 720, False, 0
1676,0, 720, False, 3
1677,0, 720, False, 3
1678,0, 720, False, 3
1679,0, 720, False, 3
1680,0, 720, False, 0
1681,0, 720, False, 0
1682,0, 720, False, 0
1683,0, 720, False, 0
1684,0, 720, False, 0
1685,0, 720, False, 0
1686,0, 720, False, 0
1687,0, 720, False, 0
1688,0, 720, False, 0
1689,0, 720, False, 0
1690,0, 720, False, 0
1691,0, 720, False, 0
1692,0, 720, False, 0
1693,0, 720, False, 0
1694,0, 720, False, 0
1695,0, 720, False, 0
1696,0, 720, False, 0
1697,0, 720, False, 0
1698,0, 720, False, 0
1699,0, 720, False, 0
1700,0, 720, False, 0
1701,0, 720, False, 0
1702,0, 720, False, 0
1703,0, 720, False, 0
1704,0, 720, False, 0
1705,0, 720, False, 0
1706,0, 720, False, 0
1707,0, 720, False, 0
1708,0, 720, False, 0
1709,0, 720, False, 2
1710,0, 720, False, 2
1711,0, 720, False, 2
1712,0, 720, False, 2
1713,0, 720, False, 2
1714,0, 720, False, 2
1715,0, 720, False, 0
1716,0, 720, False, 0
1717,0, 720, False, 0
1718,0, 720, False, 0
1719,0, 720, False, 0
1720,10, 730, False, 0
1721,0, 730, False, 0
1722,0, 730, False, 0
1723,0, 730, False, 0
1724,0, 730, False, 0
1725,0, 730, False, 0
1726,0, 730, False, 0
1727,0, 730, False, 0
1728,0, 730, False, 0
1729,0, 730, False, 0
1730,0, 730, False, 0
1731,0, 730, False, 0
1732,0, 730, False, 0
1733,0, 730, False, 0
1734,10, 740, False, 0
1735,0, 740, False, 0
1736,0, 740, False, 0
1737,0, 740, False, 0
1738,0, 740, False, 0
1739,0, 740, False, 0
1740,0, 740, False, 0
1741,0, 740, False, 0
1742,0, 740, False, 0
1743,0, 740, False, 0
1744,0, 740, False, 0
1745,0, 740, False, 0
1746,0, 740, False, 0
1747,0, 740, False, 0
1748,10, 750, False, 0
1749,0, 750, False, 0
1750,0, 750, False, 0
1751,0, 750, False, 0
1752,0, 750, False, 0
1753,0, 750, False, 0
1754,0, 750, False, 0
1755,0, 750, False, 0
1756,0, 750, False, 0
1757,0, 750, False, 0
1758,0, 750, False, 0
1759,0, 750, False, 0
1760,0, 750, False, 0
1761,0, 750, False, 0
1762,10, 760, False, 0
1763,0, 760, False, 0
1764,0, 760, False, 0
1765,0, 760, False, 0
1766,0, 760, False, 0
1767,0, 760, False, 0
1768,0, 760, False, 0
1769,0, 760, False, 0
1770,0, 760, False, 0
1771,0, 760, False, 0
1772,0, 760, False, 0
1773,0, 760, False, 0
1774,0, 760, False, 0
1775,0, 760, False, 0
1776,0, 760, False, 0
1777,0, 760, False, 0
1778,0, 760, False, 0
1779,0, 760, False, 0
1780,0, 760, False, 0
1781,0, 760, False, 5
1782,0, 760, False, 5
1783,0, 760, False, 5
1784,0, 760, False, 5
1785,0, 760, False, 5
1786,0, 760, False, 5
1787,0, 760, False, 0
1788,0, 760, False, 0
1789,0, 760, False, 0
1790,0, 760, False, 0
1791,0, 760, False, 0
1792,0, 760, False, 0
1793,0, 760, False, 0
1794,0, 760, False, 0
1795,0, 760, False, 0
1796,0, 760, False, 0
1797,0, 760, False, 0
1798,0, 760, False, 0
1799,0, 760, False, 0
1800,0, 760, False, 0
1801,0, 760, False, 0
1802,0, 760, False, 0
1803,0, 760, False, 0
1804,0, 760, False, 0
1805,0, 760, False, 0
1806,0, 760, False, 0
1807,0, 760, False, 0
1808,0, 760, False, 0
1809,0, 760, False, 0
1810,0, 760, False, 0
1811,0, 760, False, 0
1812,0, 760, False, 0
1813,0, 760, False, 0
1814,0, 760, False, 0
1815,0, 760, False, 0
1816,0, 760, False, 0
1817,0, 760, False, 0
1818,0, 760, False, 0
1819,0, 760, False, 0
1820,0, 760, False, 0
1821,0, 760, False, 0
1822,0, 760, False, 0
1823,0, 760, False, 0
1824,0, 760, False, 0
1825,0, 760, False, 0
1826,0, 760, False, 0
1827,0, 760, False, 0
1828,0, 760, False, 0
1829,0, 760, False, 0
1830,0, 760, False, 0
1831,0, 760, False, 0
1832,0, 760, False, 0
1833,0, 760, False, 0
1834,0, 760, False, 0
1835,0, 760, False, 0
1836,0, 760, False, 0
1837,0, 760, False, 0
1838,0, 760, False, 0
1839,0, 760, False, 0
1840,0, 760, False, 0
1841,0, 760, False, 0
1842,0, 760, False, 0
1843,0, 760, False, 0
1844,0, 760, False, 0
1845,0, 760, False, 0
1846,0, 760, False, 0
1847,0, 760, False, 4
1848,0, 760, False, 4
1849,0, 760, False, 4
1850,0, 760, False, 4
1851,0, 760, False, 4
1852,0, 760, False, 4
1853,0, 760, False, 4
1854,0, 760, False, 0
1855,0, 760, False, 0
1856,0, 760, False, 0
1857,0, 760, False, 0
1858,0, 760, False, 0
1859,0, 760, False, 0
1860,0, 760, False, 0
1861,0, 760, False, 0
1862,0, 760, False, 0
1863,0, 760, False, 0
1864,0, 760, False, 0
1865,0, 760, False, 0
1866,0, 760, False, 0
1867,0, 760, False, 0
1868,0, 760, False, 0
1869,0, 760, False, 0
1870,0, 760, False, 0
1871,0, 760, False, 0
1872,0, 760, False, 0
1873,0, 760, False, 0
1874,0, 760, False, 0
1875,0, 760, False, 0
1876,0, 760, False, 0
1877,0, 760, False, 0
1878,0, 760, False, 0
1879,0, 760, False, 0
1880,0, 760, False, 0
1881,0, 760, False, 0
1882,0, 760, False, 0
1883,0, 760, False, 0
1884,0, 760, False, 0
1885,0, 760, False, 0
1886,0, 760, False, 0
1887,0, 760, False, 0
1888,0, 760, False, 0
1889,0, 760, False, 0
1890,0, 760, False, 0
1891,0, 760, False, 0
1892,0, 760, False, 0
1893,0, 760, False, 0
1894,0, 760, False, 0
1895,0, 760, False, 0
1896,0, 760, False, 0
1897,0, 760, False, 0
1898,10, 770, False, 0
1899,0, 770, False, 0
1900,0, 770, False, 0
1901,0, 770, False, 0
1902,0, 770, False, 0
1903,0, 770, False, 0
1904,0, 770, False, 0
1905,0, 770, False, 0
1906,0, 770, False, 0
1907,0, 770, False, 0
1908,0, 770, False, 0
1909,0, 770, False, 0
1910,0, 770, False, 0
1911,0, 770, False, 0
1912,10, 780, False, 0
1913,0, 780, False, 0
1914,0, 780, False, 0
1915,0, 780, False, 0
1916,0, 780, False, 0
1917,0, 780, False, 0
1918,0, 780, False, 0
1919,0, 780, False, 0
1920,0, 780, False, 0
1921,0, 780, False, 0
1922,0, 780, False, 0
1923,0, 780, False, 0
1924,0, 780, False, 0
1925,0, 780, False, 0
1926,10, 790, False, 0
1927,0, 790, False, 0
1928,0, 790, False, 0
1929,0, 790, False, 0
1930,0, 790, False, 0
1931,0, 790, False, 0
1932,0, 790, False, 0
1933,0, 790, False, 0
1934,0, 790, False, 0
1935,0, 790, False, 0
1936,0, 790, False, 2
1937,0, 790, False, 2
1938,0, 790, False, 2
1939,0, 790, False, 2
1940,0, 790, False, 2
1941,0, 790, False, 2
1942,0, 790, False, 2
1943,0, 790, False, 2
1944,0, 790, False, 0
1945,0, 790, False, 0
1946,50, 840, False, 0
1947,0, 840, False, 0
1948,0, 840, False, 0
1949,0, 840, False, 0
1950,0, 840, False, 0
1951,0, 840, False, 0
1952,0, 840, False, 0
1953,0, 840, False, 0
1954,0, 840, False, 0
1955,0, 840, False, 0
1956,0, 840, False, 0
1957,0, 840, False, 0
1958,0, 840, False, 0
1959,0, 840, False, 0
1960,10, 850, False, 0
1961,0, 850, False, 0
1962,0, 850, False, 0
1963,0, 850, False, 0
1964,0, 850, False, 0
1965,0, 850, False, 0
1966,0, 850, False, 0
1967,0, 850, False, 0
1968,0, 850, False, 0
1969,0, 850, False, 0
1970,0, 850, False, 0
1971,0, 850, False, 0
1972,0, 850, False, 0
1973,0, 850, False, 0
1974,10, 860, False, 0
1975,0, 860, False, 0
1976,0, 860, False, 0
1977,0, 860, False, 0
1978,0, 860, False, 0
1979,0, 860, False, 3
1980,0, 860, False, 3
1981,0, 860, False, 3
1982,0, 860, False, 3
1983,0, 860, False, 3
1984,0, 860, False, 3
1985,0, 860, False, 3
1986,0, 860, False, 3
1987,0, 860, False, 3
1988,10, 870, False, 0
1989,0, 870, False, 0
1990,0, 870, False, 0
1991,0, 870, False, 0
1992,0, 870, False, 0
1993,0, 870, False, 0
1994,0, 870, False, 0
1995,0, 870, False, 0
1996,0, 870, False, 0
1997,0, 870, False, 0
1998,0, 870, False, 0
1999,0, 870, False, 0
2000,0, 870, False, 0
2001,0, 870, False, 0
2002,10, 880, False, 0
2003,0, 880, False, 0
2004,0, 880, False, 0
2005,0, 880, False, 0
2006,0, 880, False, 0
2007,0, 880, False, 0
2008,0, 880, False, 0
2009,0, 880, False, 0
2010,0, 880, False, 0
2011,0, 880, False, 0
2012,0, 880, False, 0
2013,0, 880, False, 0
2014,0, 880, False, 0
2015,0, 880, False, 0
2016,0, 880, False, 0
2017,0, 880, False, 0
2018,0, 880, False, 0
2019,0, 880, False, 0
2020,0, 880, False, 0
2021,0, 880, False, 0
2022,0, 880, False, 0
2023,0, 880, False, 0
2024,0, 880, False, 2
2025,0, 880, False, 2
2026,0, 880, False, 2
2027,0, 880, False, 2
2028,0, 880, False, 2
2029,0, 880, False, 2
2030,0, 880, False, 2
2031,0, 880, False, 2
2032,0, 880, False, 0
2033,0, 880, False, 0
2034,0, 880, False, 0
2035,0, 880, False, 0
2036,0, 880, False, 0
2037,0, 880, False, 0
2038,0, 880, False, 0
2039,0, 880, False, 0
2040,0, 880, False, 0
2041,0, 880, False, 0
2042,0, 880, False, 0
2043,0, 880, False, 0
2044,0, 880, False, 0
2045,0, 880, False, 0
2046,0, 880, False, 0
2047,0, 880, False, 0
2048,0, 880, False, 3
2049,0, 880, False, 3
2050,0, 880, False, 3
2051,0, 880, False, 3
2052,0, 880, False, 3
2053,0, 880, False, 3
2054,0, 880, False, 3
2055,0, 880, False, 3
2056,0, 880, False, 3
2057,0, 880, False, 0
2058,0, 880, False, 0
2059,0, 880, False, 0
2060,0, 880, False, 0
2061,0, 880, False, 0
2062,0, 880, False, 0
2063,0, 880, False, 0
2064,0, 880, False, 0
2065,0, 880, False, 0
2066,0, 880, False, 0
2067,0, 880, False, 0
2068,0, 880, False, 0
2069,0, 880, False, 0
2070,0, 880, False, 0
2071,0, 880, False, 0
2072,0, 880, False, 0
2073,0, 880, False, 0
2074,0, 880, False, 0
2075,0, 880, False, 0
2076,0, 880, False, 0
2077,0, 880, False, 0
2078,0, 880, False, 2
2079,0, 880, False, 2
2080,0, 880, False, 2
2081,0, 880, False, 2
2082,0, 880, False, 2
2083,0, 880, False, 0
2084,0, 880, False, 0
2085,0, 880, False, 0
2086,0, 880, False, 0
2087,0, 880, False, 0
2088,0, 880, False, 0
2089,0, 880, False, 0
2090,0, 880, False, 0
2091,0, 880, False, 0
2092,10, 890, False, 0
2093,0, 890, False, 0
2094,0, 890, False, 0
2095,0, 890, False, 0
2096,0, 890, False, 0
2097,0, 890, False, 0
2098,0, 890, False, 0
2099,0, 890, False, 0
2100,0, 890, False, 0
2101,0, 890, False, 0
2102,0, 890, False, 0
2103,0, 890, False, 0
2104,0, 890, False, 0
2105,0, 890, False, 0
2106,10, 900, False, 0
2107,0, 900, False, 0
2108,0, 900, False, 0
2109,0, 900, False, 0
2110,0, 900, False, 0
2111,0, 900, False, 0
2112,0, 900, False, 0
2113,0, 900, False, 0
2114,0, 900, False, 0
2115,0, 900, False, 0
2116,0, 900, False, 0
2117,0, 900, False, 0
2118,0, 900, False, 0
2119,0, 900, False, 0
2120,10, 910, False, 0
2121,0, 910, False, 0
2122,0, 910, False, 0
2123,0, 910, False, 0
2124,0, 910, False, 0
2125,0, 910, False, 0
2126,0, 910, False, 0
2127,0, 910, False, 0
2128,0, 910, False, 0
2129,0, 910, False, 0
2130,0, 910, False, 0
2131,0, 910, False, 0
2132,0, 910, False, 0
2133,0, 910, False, 0
2134,10, 920, False, 0
2135,0, 920, False, 0
2136,0, 920, False, 0
2137,0, 920, False, 0
2138,0, 920, False, 0
2139,0, 920, False, 0
2140,0, 920, False, 0
2141,0, 920, False, 0
2142,0, 920, False, 0
2143,0, 920, False, 0
2144,0, 920, False, 0
2145,0, 920, False, 0
2146,0, 920, False, 0
2147,0, 920, False, 0
2148,10, 930, False, 0
2149,0, 930, False, 0
2150,0, 930, False, 0
2151,0, 930, False, 0
2152,0, 930, False, 0
2153,0, 930, False, 0
2154,0, 930, False, 0
2155,0, 930, False, 0
2156,0, 930, False, 0
2157,0, 930, False, 0
2158,0, 930, False, 0
2159,0, 930, False, 0
2160,0, 930, False, 0
2161,0, 930, False, 0
2162,10, 940, False, 0
2163,0, 940, False, 4
2164,0, 940, False, 4
2165,0, 940, False, 4
2166,0, 940, False, 4
2167,0, 940, False, 4
2168,0, 940, False, 4
2169,0, 940, False, 4
2170,0, 940, False, 4
2171,0, 940, False, 4
2172,0, 940, False, 4
2173,0, 940, False, 0
2174,10, 950, False, 0
2175,0, 950, False, 0
2176,0, 950, False, 0
2177,0, 950, False, 0
2178,0, 950, False, 0
2179,0, 950, False, 0
2180,0, 950, False, 0
2181,0, 950, False, 0
2182,0, 950, False, 0
2183,0, 950, False, 0
2184,0, 950, False, 0
2185,0, 950, False, 0
2186,0, 950, False, 0
2187,0, 950, False, 0
2188,10, 960, False, 0
2189,0, 960, False, 0
2190,0, 960, False, 0
2191,0, 960, False, 0
2192,0, 960, False, 0
2193,0, 960, False, 0
2194,0, 960, False, 0
2195,0, 960, False, 0
2196,0, 960, False, 0
2197,0, 960, False, 0
2198,0, 960, False, 0
2199,0, 960, False, 0
2200,0, 960, False, 0
2201,0, 960, False, 0
2202,10, 970, False, 0
2203,0, 970, False, 0
2204,0, 970, False, 0
2205,0, 970, False, 0
2206,0, 970, False, 0
2207,0, 970, False, 0
2208,0, 970, False, 0
2209,0, 970, False, 0
2210,0, 970, False, 0
2211,0, 970, False, 0
2212,0, 970, False, 0
2213,0, 970, False, 0
2214,10, 980, False, 0
2215,0, 980, False, 0
2216,0, 980, False, 0
2217,0, 980, False, 0
2218,0, 980, False, 0
2219,0, 980, False, 0
2220,0, 980, False, 0
2221,0, 980, False, 0
2222,0, 980, False, 0
2223,0, 980, False, 0
2224,0, 980, False, 0
2225,0, 980, False, 0
2226,0, 980, False, 0
2227,0, 980, False, 0
2228,10, 990, False, 0
2229,0, 990, False, 0
2230,0, 990, False, 0
2231,0, 990, False, 0
2232,0, 990, False, 0
2233,0, 990, False, 0
2234,0, 990, False, 0
2235,0, 990, False, 0
2236,0, 990, False, 0
2237,0, 990, False, 0
2238,0, 990, False, 0
2239,0, 990, False, 0
2240,0, 990, False, 0
2241,0, 990, False, 0
2242,10, 1000, False, 0
2243,0, 1000, False, 0
2244,0, 1000, False, 2
2245,0, 1000, False, 2
2246,0, 1000, False, 2
2247,0, 1000, False, 2
2248,0, 1000, False, 2
2249,0, 1000, False, 2
2250,0, 1000, False, 2
2251,0, 1000, False, 0
2252,0, 1000, False, 0
2253,0, 1000, False, 0
2254,0, 1000, False, 0
2255,0, 1000, False, 0
2256,0, 1000, False, 0
2257,0, 1000, False, 0
2258,0, 1000, False, 0
2259,0, 1000, False, 0
2260,50, 1050, False, 0
2261,0, 1050, False, 0
2262,0, 1050, False, 0
2263,0, 1050, False, 0
2264,0, 1050, False, 0
2265,0, 1050, False, 0
2266,200, 1250, False, 0
2267,0, 1250, False, 0
2268,0, 1250, False, 0
2269,0, 1250, False, 0
2270,0, 1250, False, 0
2271,0, 1250, False, 0
2272,0, 1250, False, 0
2273,0, 1250, False, 0
2274,0, 1250, False, 0
2275,0, 1250, False, 0
2276,0, 1250, False, 0
2277,0, 1250, False, 0
2278,0, 1250, False, 0
2279,0, 1250, False, 0
2280,0, 1250, False, 0
2281,0, 1250, False, 0
2282,0, 1250, False, 0
2283,0, 1250, False, 0
2284,0, 1250, False, 0
2285,0, 1250, False, 0
2286,0, 1250, False, 0
2287,0, 1250, False, 0
2288,0, 1250, False, 0
2289,0, 1250, False, 0
2290,0, 1250, False, 0
2291,0, 1250, False, 0
2292,10, 1260, False, 0
2293,0, 1260, False, 0
2294,0, 1260, False, 0
2295,0, 1260, False, 0
2296,0, 1260, False, 0
2297,0, 1260, False, 0
2298,0, 1260, False, 0
2299,0, 1260, False, 0
2300,0, 1260, False, 0
2301,0, 1260, False, 0
2302,0, 1260, False, 0
2303,0, 1260, False, 0
2304,0, 1260, False, 0
2305,0, 1260, False, 0
2306,0, 1260, False, 0
2307,0, 1260, False, 0
2308,0, 1260, False, 0
2309,0, 1260, False, 0
2310,0, 1260, False, 0
2311,0, 1260, False, 0
2312,0, 1260, False, 3
2313,0, 1260, False, 3
2314,0, 1260, False, 3
2315,0, 1260, False, 3
2316,0, 1260, False, 3
2317,0, 1260, False, 3
2318,0, 1260, False, 3
2319,0, 1260, False, 3
2320,10, 1270, False, 3
2321,0, 1270, False, 3
2322,0, 1270, False, 3
2323,0, 1270, False, 3
2324,0, 1270, False, 3
2325,0, 1270, False, 3
2326,0, 1270, False, 0
2327,0, 1270, False, 0
2328,0, 1270, False, 0
2329,0, 1270, False, 0
2330,0, 1270, False, 0
2331,0, 1270, False, 0
2332,0, 1270, False, 0
2333,0, 1270, False, 0
2334,10, 1280, False, 0
2335,0, 1280, False, 0
2336,0, 1280, False, 0
2337,0, 1280, False, 0
2338,0, 1280, False, 0
2339,0, 1280, False, 0
2340,0, 1280, False, 0
2341,0, 1280, False, 0
2342,0, 1280, False, 0
2343,0, 1280, False, 0
2344,0, 1280, False, 0
2345,0, 1280, False, 0
2346,10, 1290, False, 0
2347,0, 1290, False, 0
2348,0, 1290, False, 0
2349,0, 1290, False, 0
2350,0, 1290, False, 0
2351,0, 1290, False, 0
2352,0, 1290, False, 0
2353,0, 1290, False, 0
2354,0, 1290, False, 5
2355,0, 1290, False, 5
2356,0, 1290, False, 5
2357,0, 1290, False, 5
2358,0, 1290, False, 5
2359,0, 1290, False, 5
2360,0, 1290, False, 5
2361,0, 1290, False, 0
2362,10, 1300, False, 0
2363,0, 1300, False, 0
2364,0, 1300, False, 0
2365,0, 1300, False, 0
2366,0, 1300, False, 0
2367,0, 1300, False, 0
2368,0, 1300, False, 0
2369,0, 1300, False, 0
2370,0, 1300, False, 0
2371,0, 1300, False, 0
2372,0, 1300, False, 0
2373,0, 1300, False, 0
2374,0, 1300, False, 0
2375,0, 1300, False, 0
2376,0, 1300, False, 0
2377,0, 1300, False, 0
2378,0, 1300, False, 0
2379,0, 1300, False, 0
2380,0, 1300, False, 0
2381,0, 1300, False, 3
2382,0, 1300, False, 3
2383,0, 1300, False, 3
2384,0, 1300, False, 3
2385,0, 1300, False, 3
2386,0, 1300, False, 3
2387,0, 1300, False, 3
2388,0, 1300, False, 3
2389,0, 1300, False, 0
2390,0, 1300, False, 0
2391,0, 1300, False, 0
2392,0, 1300, False, 0
2393,0, 1300, False, 0
2394,0, 1300, False, 0
2395,0, 1300, False, 0
2396,0, 1300, False, 0
2397,0, 1300, False, 0
2398,0, 1300, False, 0
2399,0, 1300, False, 0
2400,0, 1300, False, 0
2401,0, 1300, False, 0
2402,0, 1300, False, 0
2403,0, 1300, False, 0
2404,0, 1300, False, 0
2405,0, 1300, False, 0
2406,0, 1300, False, 0
2407,0, 1300, False, 0
2408,0, 1300, False, 0
2409,0, 1300, False, 0
2410,0, 1300, False, 0
2411,0, 1300, False, 0
2412,0, 1300, False, 0
2413,0, 1300, False, 0
2414,0, 1300, False, 0
2415,0, 1300, False, 0
2416,0, 1300, False, 0
2417,0, 1300, False, 0
2418,0, 1300, False, 0
2419,0, 1300, False, 0
2420,10, 1310, False, 0
2421,0, 1310, False, 0
2422,0, 1310, False, 0
2423,0, 1310, False, 0
2424,0, 1310, False, 0
2425,0, 1310, False, 0
2426,0, 1310, False, 0
2427,0, 1310, False, 0
2428,0, 1310, False, 0
2429,0, 1310, False, 0
2430,0, 1310, False, 0
2431,0, 1310, False, 0
2432,0, 1310, False, 0
2433,0, 1310, False, 0
2434,10, 1320, False, 0
2435,0, 1320, False, 0
2436,0, 1320, False, 0
2437,0, 1320, False, 0
2438,0, 1320, False, 0
2439,0, 1320, False, 0
2440,0, 1320, False, 0
2441,0, 1320, False, 0
2442,0, 1320, False, 0
2443,0, 1320, False, 0
2444,0, 1320, False, 0
2445,0, 1320, False, 0
2446,0, 1320, False, 0
2447,0, 1320, False, 0
2448,0, 1320, False, 0
2449,0, 1320, False, 0
2450,0, 1320, False, 0
2451,0, 1320, False, 0
2452,10, 1330, False, 0
2453,0, 1330, False, 0
2454,0, 1330, False, 0
2455,0, 1330, False, 0
2456,0, 1330, False, 0
2457,0, 1330, False, 0
2458,0, 1330, False, 0
2459,0, 1330, False, 0
2460,0, 1330, False, 0
2461,0, 1330, False, 0
2462,0, 1330, False, 0
2463,0, 1330, False, 0
2464,0, 1330, False, 0
2465,0, 1330, False, 0
2466,10, 1340, False, 0
2467,0, 1340, False, 0
2468,0, 1340, False, 0
2469,0, 1340, False, 0
2470,0, 1340, False, 0
2471,0, 1340, False, 0
2472,0, 1340, False, 0
2473,0, 1340, False, 0
2474,0, 1340, False, 0
2475,0, 1340, False, 0
2476,0, 1340, False, 0
2477,0, 1340, False, 0
2478,10, 1350, False, 0
2479,0, 1350, False, 0
2480,0, 1350, False, 0
2481,0, 1350, False, 0
2482,0, 1350, False, 0
2483,0, 1350, False, 0
2484,0, 1350, False, 5
2485,0, 1350, False, 5
2486,0, 1350, False, 5
2487,0, 1350, False, 5
2488,0, 1350, False, 5
2489,0, 1350, False, 5
2490,0, 1350, False, 5
2491,0, 1350, False, 5
2492,10, 1360, False, 0
2493,0, 1360, False, 0
2494,0, 1360, False, 0
2495,0, 1360, False, 0
2496,0, 1360, False, 0
2497,0, 1360, False, 0
2498,0, 1360, False, 0
2499,0, 1360, False, 0
2500,0, 1360, False, 0
2501,0, 1360, False, 0
2502,0, 1360, False, 0
2503,0, 1360, False, 0
2504,0, 1360, False, 0
2505,0, 1360, False, 0
2506,10, 1370, False, 0
2507,0, 1370, False, 0
2508,0, 1370, False, 0
2509,0, 1370, False, 0
2510,0, 1370, False, 0
2511,0, 1370, False, 0
2512,0, 1370, False, 0
2513,0, 1370, False, 0
2514,0, 1370, False, 0
2515,0, 1370, False, 0
2516,0, 1370, False, 0
2517,0, 1370, False, 0
2518,10, 1380, False, 0
2519,0, 1380, False, 0
2520,0, 1380, False, 0
2521,0, 1380, False, 0
2522,0, 1380, False, 0
2523,0, 1380, False, 0
2524,0, 1380, False, 0
2525,0, 1380, False, 0
2526,0, 1380, False, 0
2527,0, 1380, False, 0
2528,0, 1380, False, 0
2529,0, 1380, False, 0
2530,0, 1380, False, 0
2531,0, 1380, False, 0
2532,10, 1390, False, 0
2533,0, 1390, False, 0
2534,0, 1390, False, 0
2535,0, 1390, False, 0
2536,0, 1390, False, 0
2537,0, 1390, False, 0
2538,0, 1390, False, 0
2539,0, 1390, False, 0
2540,0, 1390, False, 0
2541,0, 1390, False, 0
2542,0, 1390, False, 0
2543,0, 1390, False, 0
2544,0, 1390, False, 0
2545,0, 1390, False, 0
2546,10, 1400, False, 0
2547,0, 1400, False, 0
2548,0, 1400, False, 0
2549,0, 1400, False, 0
2550,0, 1400, False, 0
2551,0, 1400, False, 0
2552,0, 1400, False, 0
2553,0, 1400, False, 0
2554,0, 1400, False, 0
2555,0, 1400, False, 0
2556,0, 1400, False, 0
2557,0, 1400, False, 0
2558,10, 1410, False, 0
2559,0, 1410, False, 0
2560,0, 1410, False, 0
2561,0, 1410, False, 4
2562,0, 1410, False, 4
2563,0, 1410, False, 4
2564,0, 1410, False, 4
2565,0, 1410, False, 4
2566,0, 1410, False, 4
2567,0, 1410, False, 4
2568,0, 1410, False, 4
2569,0, 1410, False, 4
2570,0, 1410, False, 0
2571,0, 1410, False, 0
2572,0, 1410, False, 0
2573,0, 1410, False, 0
2574,0, 1410, False, 0
2575,0, 1410, False, 0
2576,0, 1410, False, 0
2577,0, 1410, False, 0
2578,0, 1410, False, 0
2579,0, 1410, False, 0
2580,0, 1410, False, 0
2581,0, 1410, False, 0
2582,0, 1410, False, 0
2583,0, 1410, False, 0
2584,0, 1410, False, 0
2585,0, 1410, False, 0
2586,0, 1410, False, 0
2587,0, 1410, False, 0
2588,0, 1410, False, 0
2589,0, 1410, False, 0
2590,0, 1410, False, 0
2591,0, 1410, False, 0
2592,0, 1410, False, 2
2593,0, 1410, False, 2
2594,0, 1410, False, 2
2595,0, 1410, False, 2
2596,0, 1410, False, 2
2597,0, 1410, False, 2
2598,0, 1410, False, 0
2599,0, 1410, False, 0
2600,0, 1410, False, 0
2601,0, 1410, False, 0
2602,0, 1410, False, 0
2603,0, 1410, False, 0
2604,0, 1410, False, 0
2605,0, 1410, False, 0
2606,10, 1420, False, 0
2607,0, 1420, False, 0
2608,0, 1420, False, 0
2609,0, 1420, False, 0
2610,0, 1420, False, 0
2611,0, 1420, False, 0
2612,0, 1420, False, 0
2613,0, 1420, False, 0
2614,0, 1420, False, 0
2615,0, 1420, False, 0
2616,0, 1420, False, 0
2617,0, 1420, False, 0
2618,0, 1420, False, 0
2619,0, 1420, False, 0
2620,10, 1430, False, 0
2621,0, 1430, False, 3
2622,0, 1430, False, 3
2623,0, 1430, False, 3
2624,0, 1430, False, 3
2625,0, 1430, False, 3
2626,0, 1430, False, 3
2627,0, 1430, False, 3
2628,0, 1430, False, 3
2629,0, 1430, False, 0
2630,10, 1440, False, 0
2631,0, 1440, False, 0
2632,0, 1440, False, 0
2633,0, 1440, False, 0
2634,0, 1440, False, 0
2635,0, 1440, False, 0
2636,0, 1440, False, 0
2637,0, 1440, False, 0
2638,0, 1440, False, 0
2639,0, 1440, False, 0
2640,0, 1440, False, 0
2641,0, 1440, False, 0
2642,0, 1440, False, 0
2643,0, 1440, False, 0
2644,10, 1450, False, 0
2645,0, 1450, False, 0
2646,0, 1450, False, 0
2647,0, 1450, False, 0
2648,0, 1450, False, 0
2649,0, 1450, False, 0
2650,0, 1450, False, 0
2651,0, 1450, False, 0
2652,0, 1450, False, 0
2653,0, 1450, False, 0
2654,0, 1450, False, 0
2655,0, 1450, False, 0
2656,0, 1450, False, 0
2657,0, 1450, False, 0
2658,10, 1460, False, 0
2659,0, 1460, False, 0
2660,0, 1460, False, 0
2661,0, 1460, False, 0
2662,0, 1460, False, 0
2663,0, 1460, False, 0
2664,0, 1460, False, 0
2665,0, 1460, False, 0
2666,0, 1460, False, 0
2667,0, 1460, False, 0
2668,0, 1460, False, 0
2669,0, 1460, False, 0
2670,0, 1460, False, 0
2671,0, 1460, False, 0
2672,0, 1460, False, 0
2673,0, 1460, False, 4
2674,0, 1460, False, 4
2675,0, 1460, False, 4
2676,0, 1460, False, 4
2677,0, 1460, False, 4
2678,0, 1460, False, 4
2679,0, 1460, False, 0
2680,0, 1460, False, 0
2681,0, 1460, False, 0
2682,0, 1460, False, 0
2683,0, 1460, False, 0
2684,0, 1460, False, 0
2685,0, 1460, False, 0
2686,0, 1460, False, 0
2687,0, 1460, False, 0
2688,0, 1460, False, 0
2689,0, 1460, False, 0
2690,0, 1460, False, 0
2691,0, 1460, False, 0
2692,0, 1460, False, 0
2693,0, 1460, False, 0
2694,0, 1460, False, 0
2695,0, 1460, False, 0
2696,0, 1460, False, 0
2697,0, 1460, False, 0
2698,0, 1460, False, 0
2699,0, 1460, False, 0
2700,0, 1460, False, 0
2701,0, 1460, False, 0
2702,0, 1460, False, 0
2703,0, 1460, False, 0
2704,0, 1460, False, 5
2705,0, 1460, False, 5
2706,0, 1460, False, 5
2707,0, 1460, False, 5
2708,0, 1460, False, 5
2709,0, 1460, False, 0
2710,0, 1460, False, 0
2711,0, 1460, False, 0
2712,0, 1460, False, 0
2713,0, 1460, False, 0
2714,0, 1460, False, 0
2715,0, 1460, False, 0
2716,0, 1460, False, 0
2717,0, 1460, False, 0
2718,0, 1460, False, 0
2719,0, 1460, False, 0
2720,0, 1460, False, 0
2721,0, 1460, False, 0
2722,0, 1460, False, 0
2723,0, 1460, False, 0
2724,0, 1460, False, 0
2725,0, 1460, False, 0
2726,0, 1460, False, 0
2727,0, 1460, False, 0
2728,0, 1460, False, 0
2729,0, 1460, False, 0
2730,0, 1460, False, 0
2731,0, 1460, False, 0
2732,0, 1460, False, 0
2733,0, 1460, False, 0
2734,0, 1460, False, 0
2735,0, 1460, False, 0
2736,10, 1470, False, 0
2737,0, 1470, False, 0
2738,0, 1470, False, 0
2739,0, 1470, False, 0
2740,0, 1470, False, 0
2741,0, 1470, False, 0
2742,0, 1470, False, 0
2743,0, 1470, False, 0
2744,0, 1470, False, 0
2745,0, 1470, False, 0
2746,0, 1470, False, 0
2747,0, 1470, False, 0
2748,0, 1470, False, 0
2749,0, 1470, False, 0
2750,10, 1480, False, 0
2751,0, 1480, False, 0
2752,0, 1480, False, 0
2753,0, 1480, False, 0
2754,0, 1480, False, 0
2755,0, 1480, False, 0
2756,0, 1480, False, 4
2757,0, 1480, False, 4
2758,0, 1480, False, 4
2759,0, 1480, False, 4
2760,0, 1480, False, 4
2761,0, 1480, False, 4
2762,0, 1480, False, 4
2763,0, 1480, False, 4
2764,0, 1480, False, 4
2765,0, 1480, False, 4
2766,10, 1490, False, 4
2767,0, 1490, False, 4
2768,0, 1490, False, 4
2769,0, 1490, False, 4
2770,0, 1490, False, 0
2771,0, 1490, False, 0
2772,0, 1490, False, 0
2773,0, 1490, False, 0
2774,0, 1490, False, 0
2775,0, 1490, False, 0
2776,0, 1490, False, 0
2777,0, 1490, False, 0
2778,0, 1490, False, 0
2779,0, 1490, False, 0
2780,10, 1500, False, 0
2781,0, 1500, False, 0
2782,0, 1500, False, 0
2783,0, 1500, False, 0
2784,0, 1500, False, 0
2785,0, 1500, False, 0
2786,0, 1500, False, 0
2787,0, 1500, False, 0
2788,0, 1500, False, 0
2789,0, 1500, False, 0
2790,0, 1500, False, 0
2791,0, 1500, False, 0
2792,0, 1500, False, 2
2793,0, 1500, False, 2
2794,10, 1510, False, 2
2795,0, 1510, False, 2
2796,0, 1510, False, 2
2797,0, 1510, False, 2
2798,0, 1510, False, 2
2799,0, 1510, False, 2
2800,0, 1510, False, 0
2801,0, 1510, False, 0
2802,0, 1510, False, 0
2803,0, 1510, False, 0
2804,0, 1510, False, 0
2805,0, 1510, False, 0
2806,0, 1510, False, 0
2807,0, 1510, False, 0
2808,10, 1520, False, 0
2809,0, 1520, False, 0
2810,0, 1520, False, 5
2811,0, 1520, False, 5
2812,0, 1520, False, 5
2813,0, 1520, False, 5
2814,0, 1520, False, 5
2815,0, 1520, False, 5
2816,0, 1520, False, 5
2817,0, 1520, False, 5
2818,0, 1520, False, 5
2819,0, 1520, False, 5
2820,0, 1520, False, 5
2821,0, 1520, False, 5
2822,0, 1520, False, 0
2823,0, 1520, False, 0
2824,0, 1520, False, 0
2825,0, 1520, False, 0
2826,0, 1520, False, 0
2827,0, 1520, False, 0
2828,0, 1520, False, 0
2829,0, 1520, False, 0
2830,0, 1520, False, 0
2831,0, 1520, False, 0
2832,10, 1530, False, 0
2833,0, 1530, False, 0
2834,0, 1530, False, 0
2835,0, 1530, False, 0
2836,0, 1530, False, 0
2837,0, 1530, False, 0
2838,0, 1530, False, 0
2839,0, 1530, False, 0
2840,0, 1530, False, 0
2841,0, 1530, False, 0
2842,0, 1530, False, 0
2843,0, 1530, False, 0
2844,0, 1530, False, 0
2845,0, 1530, False, 0
2846,10, 1540, False, 0
2847,0, 1540, False, 0
2848,0, 1540, False, 0
2849,0, 1540, False, 0
2850,0, 1540, False, 0
2851,0, 1540, False, 0
2852,0, 1540, False, 0
2853,0, 1540, False, 0
2854,0, 1540, False, 0
2855,0, 1540, False, 0
2856,0, 1540, False, 0
2857,0, 1540, False, 0
2858,0, 1540, False, 3
2859,0, 1540, False, 3
2860,10, 1550, False, 3
2861,0, 1550, False, 3
2862,0, 1550, False, 3
2863,0, 1550, False, 3
2864,0, 1550, False, 0
2865,0, 1550, False, 0
2866,0, 1550, False, 0
2867,0, 1550, False, 0
2868,0, 1550, False, 0
2869,0, 1550, False, 0
2870,0, 1550, False, 0
2871,0, 1550, False, 0
2872,0, 1550, False, 0
2873,0, 1550, False, 0
2874,0, 1550, False, 0
2875,0, 1550, False, 0
2876,0, 1550, False, 0
2877,0, 1550, False, 0
2878,0, 1550, False, 0
2879,0, 1550, False, 0
2880,0, 1550, False, 0
2881,0, 1550, False, 0
2882,0, 1550, False, 0
2883,0, 1550, False, 0
2884,0, 1550, False, 0
2885,0, 1550, False, 0
2886,0, 1550, False, 0
2887,0, 1550, False, 0
2888,0, 1550, False, 0
2889,0, 1550, False, 0
2890,0, 1550, False, 0
2891,0, 1550, False, 0
2892,0, 1550, False, 3
2893,0, 1550, False, 3
2894,0, 1550, False, 3
2895,0, 1550, False, 3
2896,0, 1550, False, 3
2897,0, 1550, False, 3
2898,0, 1550, False, 0
2899,0, 1550, False, 0
2900,0, 1550, False, 0
2901,0, 1550, False, 0
2902,0, 1550, False, 0
2903,0, 1550, False, 0
2904,0, 1550, False, 0
2905,0, 1550, False, 0
2906,0, 1550, False, 0
2907,0, 1550, False, 0
2908,0, 1550, False, 0
2909,0, 1550, False, 0
2910,0, 1550, False, 0
2911,0, 1550, False, 0
2912,0, 1550, False, 0
2913,0, 1550, False, 0
2914,0, 1550, False, 0
2915,0, 1550, False, 0
2916,0, 1550, False, 0
2917,0, 1550, False, 0
2918,0, 1550, False, 0
2919,0, 1550, False, 0
2920,0, 1550, False, 0
2921,0, 1550, False, 0
2922,0, 1550, False, 0
2923,0, 1550, False, 0
2924,0, 1550, False, 0
2925,0, 1550, False, 0
2926,0, 1550, False, 0
2927,0, 1550, False, 0
2928,0, 1550, False, 0
2929,0, 1550, False, 0
2930,0, 1550, False, 0
2931,0, 1550, False, 0
2932,0, 1550, False, 0
2933,0, 1550, False, 3
2934,0, 1550, False, 3
2935,0, 1550, False, 3
2936,0, 1550, False, 3
2937,0, 1550, False, 0
2938,0, 1550, False, 0
2939,0, 1550, False, 0
2940,0, 1550, False, 0
2941,0, 1550, False, 0
2942,0, 1550, False, 0
2943,0, 1550, False, 5
2944,0, 1550, False, 5
2945,0, 1550, False, 5
2946,0, 1550, False, 5
2947,0, 1550, False, 5
2948,0, 1550, False, 0
2949,0, 1550, False, 0
2950,0, 1550, False, 0
2951,0, 1550, False, 0
2952,0, 1550, False, 0
2953,0, 1550, False, 0
2954,0, 1550, False, 0
2955,0, 1550, False, 0
2956,0, 1550, False, 0
2957,0, 1550, False, 0
2958,0, 1550, False, 0
2959,0, 1550, False, 0
2960,0, 1550, False, 0
2961,0, 1550, False, 0
2962,0, 1550, False, 0
2963,0, 1550, False, 0
2964,0, 1550, False, 0
2965,0, 1550, False, 0
2966,0, 1550, False, 0
2967,0, 1550, False, 0
2968,0, 1550, False, 0
2969,0, 1550, False, 0
2970,0, 1550, False, 0
2971,0, 1550, False, 0
2972,0, 1550, False, 0
2973,0, 1550, False, 0
2974,0, 1550, False, 0
2975,0, 1550, False, 0
2976,0, 1550, False, 0
2977,0, 1550, False, 0
2978,0, 1550, False, 0
2979,0, 1550, False, 0
2980,0, 1550, False, 0
2981,0, 1550, False, 0
2982,0, 1550, False, 0
2983,0, 1550, False, 0
2984,0, 1550, False, 0
2985,0, 1550, False, 0
2986,0, 1550, False, 0
2987,0, 1550, False, 0
2988,0, 1550, False, 0
2989,0, 1550, False, 0
2990,0, 1550, False, 0
2991,0, 1550, False, 0
2992,0, 1550, False, 0
2993,0, 1550, False, 0
2994,0, 1550, False, 0
2995,0, 1550, False, 0
2996,0, 1550, False, 0
2997,0, 1550, False, 0
2998,0, 1550, False, 0
2999,0, 1550, False, 0
3000,0, 1550, False, 0
3001,0, 1550, False, 0
3002,0, 1550, False, 0
3003,0, 1550, False, 0
3004,0, 1550, False, 0
3005,0, 1550, False, 0
3006,0, 1550, False, 0
3007,0, 1550, False, 0
3008,0, 1550, False, 0
3009,0, 1550, False, 0
3010,0, 1550, False, 0
3011,0, 1550, False, 0
3012,0, 1550, False, 0
3013,0, 1550, False, 0
3014,0, 1550, False, 0
3015,0, 1550, False, 0
3016,0, 1550, False, 0
3017,0, 1550, False, 0
3018,0, 1550, False, 0
3019,0, 1550, False, 0
3020,0, 1550, False, 0
3021,0, 1550, False, 0
3022,0, 1550, False, 0
3023,0, 1550, False, 0
3024,0, 1550, False, 0
3025,0, 1550, False, 0
3026,0, 1550, False, 0
3027,0, 1550, False, 0
3028,0, 1550, False, 0
3029,0, 1550, False, 0
3030,0, 1550, False, 0
3031,0, 1550, False, 0
3032,0, 1550, False, 0
3033,0, 1550, False, 0
3034,0, 1550, False, 0
3035,0, 1550, False, 0
3036,0, 1550, False, 0
3037,0, 1550, False, 0
3038,0, 1550, False, 0
3039,0, 1550, False, 0
3040,0, 1550, False, 0
3041,0, 1550, False, 0
3042,0, 1550, False, 0
3043,0, 1550, False, 0
3044,0, 1550, False, 0
3045,0, 1550, False, 0
3046,0, 1550, False, 0
3047,0, 1550, False, 0
3048,0, 1550, False, 0
3049,0, 1550, False, 0
3050,0, 1550, False, 0
3051,0, 1550, False, 0
3052,0, 1550, False, 0
3053,0, 1550, False, 0
3054,0, 1550, False, 0
3055,0, 1550, False, 0
3056,0, 1550, False, 0
3057,0, 1550, False, 0
3058,0, 1550, False, 0
3059,0, 1550, False, 0
3060,0, 1550, False, 0
