db traj id : 2372
frame,reward,score,terminal, action
0,0, 0, False, 0
1,0, 0, False, 0
2,0, 0, False, 0
3,0, 0, False, 0
4,0, 0, False, 0
5,0, 0, False, 0
6,0, 0, False, 0
7,0, 0, False, 0
8,0, 0, False, 0
9,0, 0, False, 0
10,0, 0, False, 0
11,0, 0, False, 0
12,0, 0, False, 0
13,0, 0, False, 0
14,0, 0, False, 0
15,0, 0, False, 0
16,0, 0, False, 0
17,0, 0, False, 0
18,0, 0, False, 0
19,0, 0, False, 0
20,0, 0, False, 0
21,0, 0, False, 0
22,0, 0, False, 0
23,0, 0, False, 0
24,0, 0, False, 0
25,0, 0, False, 0
26,0, 0, False, 0
27,0, 0, False, 0
28,0, 0, False, 0
29,0, 0, False, 0
30,0, 0, False, 0
31,0, 0, False, 0
32,0, 0, False, 0
33,0, 0, False, 0
34,0, 0, False, 0
35,0, 0, False, 0
36,0, 0, False, 0
37,0, 0, False, 0
38,0, 0, False, 0
39,0, 0, False, 0
40,0, 0, False, 0
41,0, 0, False, 0
42,0, 0, False, 0
43,0, 0, False, 0
44,0, 0, False, 0
45,0, 0, False, 0
46,0, 0, False, 0
47,0, 0, False, 0
48,0, 0, False, 0
49,0, 0, False, 0
50,0, 0, False, 0
51,0, 0, False, 0
52,0, 0, False, 0
53,0, 0, False, 0
54,0, 0, False, 0
55,0, 0, False, 0
56,0, 0, False, 0
57,0, 0, False, 0
58,0, 0, False, 0
59,0, 0, False, 0
60,0, 0, False, 0
61,0, 0, False, 0
62,0, 0, False, 0
63,0, 0, False, 0
64,0, 0, False, 0
65,0, 0, False, 0
66,0, 0, False, 0
67,0, 0, False, 0
68,0, 0, False, 4
69,0, 0, False, 4
70,0, 0, False, 4
71,0, 0, False, 4
72,0, 0, False, 4
73,0, 0, False, 4
74,0, 0, False, 4
75,0, 0, False, 4
76,0, 0, False, 4
77,0, 0, False, 4
78,0, 0, False, 4
79,0, 0, False, 4
80,0, 0, False, 4
81,0, 0, False, 4
82,0, 0, False, 4
83,0, 0, False, 4
84,0, 0, False, 4
85,0, 0, False, 0
86,0, 0, False, 0
87,0, 0, False, 0
88,0, 0, False, 0
89,0, 0, False, 0
90,0, 0, False, 0
91,0, 0, False, 0
92,0, 0, False, 3
93,0, 0, False, 3
94,0, 0, False, 3
95,0, 0, False, 3
96,0, 0, False, 3
97,0, 0, False, 3
98,0, 0, False, 3
99,0, 0, False, 3
100,0, 0, False, 3
101,0, 0, False, 3
102,0, 0, False, 3
103,0, 0, False, 3
104,0, 0, False, 0
105,0, 0, False, 0
106,0, 0, False, 0
107,0, 0, False, 0
108,0, 0, False, 0
109,0, 0, False, 0
110,0, 0, False, 0
111,0, 0, False, 0
112,0, 0, False, 0
113,0, 0, False, 0
114,0, 0, False, 0
115,0, 0, False, 0
116,0, 0, False, 0
117,0, 0, False, 0
118,0, 0, False, 0
119,0, 0, False, 0
120,0, 0, False, 0
121,0, 0, False, 0
122,0, 0, False, 0
123,0, 0, False, 0
124,0, 0, False, 0
125,0, 0, False, 0
126,0, 0, False, 0
127,0, 0, False, 0
128,0, 0, False, 0
129,0, 0, False, 0
130,0, 0, False, 0
131,0, 0, False, 0
132,0, 0, False, 0
133,0, 0, False, 0
134,0, 0, False, 0
135,0, 0, False, 0
136,0, 0, False, 0
137,0, 0, False, 0
138,0, 0, False, 0
139,0, 0, False, 0
140,0, 0, False, 0
141,0, 0, False, 0
142,0, 0, False, 0
143,0, 0, False, 0
144,0, 0, False, 0
145,0, 0, False, 0
146,0, 0, False, 0
147,0, 0, False, 0
148,0, 0, False, 0
149,0, 0, False, 0
150,0, 0, False, 0
151,0, 0, False, 0
152,0, 0, False, 0
153,0, 0, False, 0
154,0, 0, False, 0
155,0, 0, False, 0
156,0, 0, False, 0
157,0, 0, False, 0
158,0, 0, False, 0
159,0, 0, False, 0
160,0, 0, False, 0
161,0, 0, False, 0
162,0, 0, False, 0
163,0, 0, False, 0
164,0, 0, False, 0
165,0, 0, False, 0
166,0, 0, False, 0
167,0, 0, False, 0
168,0, 0, False, 0
169,0, 0, False, 0
170,0, 0, False, 0
171,0, 0, False, 0
172,0, 0, False, 0
173,0, 0, False, 0
174,0, 0, False, 0
175,0, 0, False, 0
176,0, 0, False, 0
177,0, 0, False, 0
178,0, 0, False, 0
179,0, 0, False, 0
180,0, 0, False, 0
181,0, 0, False, 0
182,0, 0, False, 0
183,0, 0, False, 0
184,0, 0, False, 0
185,0, 0, False, 0
186,0, 0, False, 0
187,0, 0, False, 0
188,0, 0, False, 0
189,0, 0, False, 0
190,0, 0, False, 0
191,0, 0, False, 0
192,0, 0, False, 0
193,0, 0, False, 5
194,0, 0, False, 5
195,0, 0, False, 5
196,0, 0, False, 5
197,0, 0, False, 5
198,0, 0, False, 5
199,0, 0, False, 5
200,0, 0, False, 5
201,0, 0, False, 5
202,0, 0, False, 5
203,0, 0, False, 5
204,0, 0, False, 5
205,0, 0, False, 0
206,0, 0, False, 0
207,0, 0, False, 0
208,0, 0, False, 0
209,0, 0, False, 0
210,0, 0, False, 0
211,0, 0, False, 0
212,0, 0, False, 0
213,0, 0, False, 0
214,0, 0, False, 0
215,0, 0, False, 0
216,0, 0, False, 0
217,0, 0, False, 2
218,0, 0, False, 2
219,0, 0, False, 2
220,0, 0, False, 2
221,0, 0, False, 2
222,0, 0, False, 2
223,0, 0, False, 2
224,0, 0, False, 2
225,0, 0, False, 2
226,0, 0, False, 2
227,0, 0, False, 0
228,0, 0, False, 0
229,0, 0, False, 0
230,0, 0, False, 0
231,0, 0, False, 0
232,0, 0, False, 0
233,0, 0, False, 0
234,0, 0, False, 0
235,0, 0, False, 0
236,0, 0, False, 0
237,0, 0, False, 0
238,0, 0, False, 0
239,0, 0, False, 0
240,0, 0, False, 0
241,0, 0, False, 0
242,0, 0, False, 0
243,0, 0, False, 3
244,0, 0, False, 3
245,0, 0, False, 3
246,0, 0, False, 3
247,0, 0, False, 3
248,0, 0, False, 3
249,0, 0, False, 3
250,0, 0, False, 3
251,0, 0, False, 3
252,0, 0, False, 3
253,0, 0, False, 3
254,0, 0, False, 3
255,0, 0, False, 3
256,0, 0, False, 3
257,0, 0, False, 0
258,0, 0, False, 0
259,0, 0, False, 0
260,0, 0, False, 0
261,0, 0, False, 0
262,0, 0, False, 0
263,0, 0, False, 0
264,0, 0, False, 0
265,0, 0, False, 0
266,0, 0, False, 0
267,0, 0, False, 0
268,0, 0, False, 0
269,0, 0, False, 0
270,0, 0, False, 0
271,0, 0, False, 0
272,0, 0, False, 0
273,0, 0, False, 0
274,10, 10, False, 0
275,0, 10, False, 0
276,0, 10, False, 0
277,0, 10, False, 0
278,0, 10, False, 0
279,0, 10, False, 0
280,0, 10, False, 0
281,0, 10, False, 0
282,0, 10, False, 0
283,0, 10, False, 0
284,0, 10, False, 0
285,0, 10, False, 0
286,0, 10, False, 0
287,0, 10, False, 0
288,10, 20, False, 0
289,0, 20, False, 0
290,0, 20, False, 0
291,0, 20, False, 0
292,0, 20, False, 0
293,0, 20, False, 0
294,0, 20, False, 0
295,0, 20, False, 0
296,0, 20, False, 0
297,0, 20, False, 0
298,0, 20, False, 0
299,0, 20, False, 0
300,0, 20, False, 0
301,0, 20, False, 0
302,10, 30, False, 0
303,0, 30, False, 0
304,0, 30, False, 0
305,0, 30, False, 0
306,0, 30, False, 0
307,0, 30, False, 0
308,0, 30, False, 0
309,0, 30, False, 0
310,0, 30, False, 0
311,0, 30, False, 0
312,0, 30, False, 0
313,0, 30, False, 0
314,10, 40, False, 0
315,0, 40, False, 0
316,0, 40, False, 0
317,0, 40, False, 0
318,0, 40, False, 0
319,0, 40, False, 0
320,0, 40, False, 0
321,0, 40, False, 0
322,0, 40, False, 0
323,0, 40, False, 0
324,0, 40, False, 0
325,0, 40, False, 0
326,0, 40, False, 0
327,0, 40, False, 0
328,10, 50, False, 0
329,0, 50, False, 0
330,0, 50, False, 0
331,0, 50, False, 0
332,0, 50, False, 0
333,0, 50, False, 0
334,0, 50, False, 0
335,0, 50, False, 0
336,0, 50, False, 0
337,0, 50, False, 0
338,0, 50, False, 0
339,0, 50, False, 0
340,0, 50, False, 0
341,0, 50, False, 0
342,10, 60, False, 0
343,0, 60, False, 0
344,0, 60, False, 0
345,0, 60, False, 0
346,0, 60, False, 0
347,0, 60, False, 0
348,0, 60, False, 0
349,0, 60, False, 0
350,0, 60, False, 0
351,0, 60, False, 0
352,0, 60, False, 0
353,0, 60, False, 0
354,0, 60, False, 0
355,0, 60, False, 0
356,0, 60, False, 0
357,0, 60, False, 0
358,0, 60, False, 0
359,0, 60, False, 0
360,0, 60, False, 0
361,0, 60, False, 0
362,0, 60, False, 0
363,0, 60, False, 0
364,0, 60, False, 0
365,0, 60, False, 0
366,0, 60, False, 0
367,0, 60, False, 0
368,0, 60, False, 0
369,0, 60, False, 0
370,0, 60, False, 0
371,0, 60, False, 0
372,0, 60, False, 0
373,0, 60, False, 0
374,0, 60, False, 0
375,0, 60, False, 0
376,0, 60, False, 0
377,0, 60, False, 0
378,0, 60, False, 0
379,0, 60, False, 0
380,0, 60, False, 0
381,0, 60, False, 0
382,0, 60, False, 0
383,0, 60, False, 0
384,0, 60, False, 0
385,0, 60, False, 0
386,0, 60, False, 0
387,0, 60, False, 0
388,0, 60, False, 0
389,0, 60, False, 0
390,0, 60, False, 0
391,0, 60, False, 0
392,0, 60, False, 0
393,0, 60, False, 0
394,0, 60, False, 0
395,0, 60, False, 0
396,0, 60, False, 0
397,0, 60, False, 0
398,0, 60, False, 0
399,0, 60, False, 0
400,0, 60, False, 0
401,0, 60, False, 0
402,0, 60, False, 0
403,0, 60, False, 0
404,0, 60, False, 0
405,0, 60, False, 0
406,0, 60, False, 0
407,0, 60, False, 0
408,0, 60, False, 0
409,0, 60, False, 5
410,0, 60, False, 5
411,0, 60, False, 5
412,0, 60, False, 5
413,0, 60, False, 5
414,0, 60, False, 5
415,0, 60, False, 5
416,10, 70, False, 5
417,0, 70, False, 5
418,0, 70, False, 5
419,0, 70, False, 5
420,0, 70, False, 5
421,0, 70, False, 5
422,0, 70, False, 5
423,0, 70, False, 5
424,0, 70, False, 5
425,0, 70, False, 5
426,0, 70, False, 5
427,0, 70, False, 5
428,0, 70, False, 5
429,0, 70, False, 5
430,10, 80, False, 5
431,0, 80, False, 5
432,0, 80, False, 5
433,0, 80, False, 5
434,0, 80, False, 5
435,0, 80, False, 5
436,0, 80, False, 5
437,0, 80, False, 5
438,0, 80, False, 5
439,0, 80, False, 5
440,0, 80, False, 5
441,0, 80, False, 5
442,0, 80, False, 5
443,0, 80, False, 5
444,10, 90, False, 5
445,0, 90, False, 5
446,0, 90, False, 5
447,0, 90, False, 5
448,0, 90, False, 5
449,0, 90, False, 5
450,0, 90, False, 5
451,0, 90, False, 5
452,0, 90, False, 5
453,0, 90, False, 5
454,0, 90, False, 0
455,0, 90, False, 0
456,0, 90, False, 0
457,0, 90, False, 0
458,10, 100, False, 0
459,0, 100, False, 0
460,0, 100, False, 0
461,0, 100, False, 0
462,0, 100, False, 0
463,0, 100, False, 0
464,0, 100, False, 0
465,0, 100, False, 0
466,0, 100, False, 0
467,0, 100, False, 0
468,0, 100, False, 0
469,0, 100, False, 0
470,0, 100, False, 0
471,0, 100, False, 0
472,10, 110, False, 0
473,0, 110, False, 0
474,0, 110, False, 0
475,0, 110, False, 0
476,0, 110, False, 0
477,0, 110, False, 0
478,0, 110, False, 4
479,0, 110, False, 4
480,0, 110, False, 4
481,0, 110, False, 4
482,0, 110, False, 4
483,0, 110, False, 4
484,0, 110, False, 4
485,0, 110, False, 4
486,0, 110, False, 4
487,0, 110, False, 4
488,10, 120, False, 4
489,0, 120, False, 4
490,0, 120, False, 4
491,0, 120, False, 4
492,0, 120, False, 4
493,0, 120, False, 4
494,0, 120, False, 4
495,0, 120, False, 4
496,0, 120, False, 4
497,0, 120, False, 4
498,0, 120, False, 4
499,0, 120, False, 4
500,0, 120, False, 0
501,0, 120, False, 0
502,10, 130, False, 0
503,0, 130, False, 0
504,0, 130, False, 0
505,0, 130, False, 0
506,0, 130, False, 0
507,0, 130, False, 0
508,0, 130, False, 0
509,0, 130, False, 0
510,0, 130, False, 0
511,0, 130, False, 0
512,0, 130, False, 0
513,0, 130, False, 0
514,10, 140, False, 0
515,0, 140, False, 0
516,0, 140, False, 0
517,0, 140, False, 0
518,0, 140, False, 0
519,0, 140, False, 0
520,0, 140, False, 0
521,0, 140, False, 0
522,0, 140, False, 0
523,0, 140, False, 0
524,0, 140, False, 0
525,0, 140, False, 2
526,0, 140, False, 2
527,0, 140, False, 2
528,0, 140, False, 2
529,0, 140, False, 2
530,0, 140, False, 2
531,0, 140, False, 2
532,0, 140, False, 2
533,0, 140, False, 2
534,50, 190, False, 2
535,0, 190, False, 2
536,0, 190, False, 2
537,0, 190, False, 2
538,0, 190, False, 2
539,0, 190, False, 2
540,0, 190, False, 2
541,0, 190, False, 2
542,0, 190, False, 2
543,0, 190, False, 2
544,0, 190, False, 2
545,0, 190, False, 2
546,0, 190, False, 2
547,0, 190, False, 2
548,10, 200, False, 2
549,0, 200, False, 2
550,0, 200, False, 2
551,0, 200, False, 2
552,0, 200, False, 2
553,0, 200, False, 2
554,0, 200, False, 2
555,0, 200, False, 2
556,0, 200, False, 0
557,0, 200, False, 0
558,0, 200, False, 0
559,0, 200, False, 0
560,0, 200, False, 0
561,0, 200, False, 0
562,10, 210, False, 0
563,0, 210, False, 0
564,0, 210, False, 0
565,0, 210, False, 3
566,0, 210, False, 3
567,0, 210, False, 3
568,0, 210, False, 3
569,0, 210, False, 3
570,0, 210, False, 3
571,0, 210, False, 3
572,0, 210, False, 3
573,0, 210, False, 3
574,10, 220, False, 3
575,0, 220, False, 3
576,0, 220, False, 3
577,0, 220, False, 3
578,0, 220, False, 3
579,0, 220, False, 3
580,0, 220, False, 3
581,0, 220, False, 3
582,0, 220, False, 3
583,0, 220, False, 3
584,0, 220, False, 3
585,0, 220, False, 3
586,0, 220, False, 3
587,0, 220, False, 3
588,10, 230, False, 3
589,0, 230, False, 3
590,0, 230, False, 3
591,0, 230, False, 3
592,0, 230, False, 0
593,0, 230, False, 0
594,0, 230, False, 0
595,0, 230, False, 0
596,0, 230, False, 4
597,0, 230, False, 4
598,0, 230, False, 4
599,0, 230, False, 4
600,0, 230, False, 4
601,0, 230, False, 4
602,0, 230, False, 4
603,0, 230, False, 4
604,0, 230, False, 4
605,0, 230, False, 4
606,0, 230, False, 4
607,0, 230, False, 4
608,0, 230, False, 4
609,0, 230, False, 4
610,0, 230, False, 4
611,0, 230, False, 4
612,0, 230, False, 4
613,0, 230, False, 0
614,0, 230, False, 0
615,0, 230, False, 0
616,0, 230, False, 0
617,0, 230, False, 0
618,0, 230, False, 0
619,0, 230, False, 2
620,0, 230, False, 2
621,0, 230, False, 2
622,0, 230, False, 2
623,0, 230, False, 2
624,0, 230, False, 2
625,0, 230, False, 2
626,0, 230, False, 2
627,0, 230, False, 2
628,0, 230, False, 2
629,0, 230, False, 2
630,0, 230, False, 2
631,0, 230, False, 2
632,0, 230, False, 2
633,0, 230, False, 2
634,0, 230, False, 2
635,0, 230, False, 2
636,0, 230, False, 2
637,0, 230, False, 0
638,0, 230, False, 0
639,0, 230, False, 0
640,0, 230, False, 0
641,0, 230, False, 0
642,0, 230, False, 0
643,0, 230, False, 3
644,0, 230, False, 3
645,0, 230, False, 3
646,0, 230, False, 3
647,0, 230, False, 3
648,0, 230, False, 3
649,0, 230, False, 3
650,0, 230, False, 3
651,0, 230, False, 0
652,0, 230, False, 0
653,0, 230, False, 0
654,0, 230, False, 0
655,0, 230, False, 0
656,0, 230, False, 0
657,0, 230, False, 0
658,0, 230, False, 0
659,0, 230, False, 0
660,0, 230, False, 0
661,0, 230, False, 2
662,0, 230, False, 2
663,0, 230, False, 2
664,0, 230, False, 2
665,0, 230, False, 2
666,0, 230, False, 2
667,0, 230, False, 2
668,0, 230, False, 2
669,0, 230, False, 2
670,0, 230, False, 2
671,0, 230, False, 2
672,0, 230, False, 2
673,0, 230, False, 2
674,0, 230, False, 2
675,0, 230, False, 2
676,0, 230, False, 2
677,0, 230, False, 2
678,0, 230, False, 2
679,0, 230, False, 2
680,0, 230, False, 2
681,0, 230, False, 0
682,0, 230, False, 0
683,0, 230, False, 0
684,0, 230, False, 0
685,0, 230, False, 0
686,0, 230, False, 0
687,0, 230, False, 0
688,0, 230, False, 0
689,0, 230, False, 0
690,0, 230, False, 4
691,0, 230, False, 4
692,0, 230, False, 4
693,0, 230, False, 4
694,0, 230, False, 4
695,0, 230, False, 4
696,0, 230, False, 4
697,0, 230, False, 4
698,0, 230, False, 0
699,0, 230, False, 0
700,0, 230, False, 0
701,0, 230, False, 0
702,0, 230, False, 0
703,0, 230, False, 0
704,0, 230, False, 0
705,0, 230, False, 0
706,0, 230, False, 0
707,0, 230, False, 0
708,0, 230, False, 0
709,0, 230, False, 0
710,0, 230, False, 0
711,0, 230, False, 0
712,0, 230, False, 0
713,0, 230, False, 0
714,0, 230, False, 0
715,0, 230, False, 0
716,0, 230, False, 5
717,0, 230, False, 5
718,0, 230, False, 5
719,0, 230, False, 5
720,0, 230, False, 5
721,0, 230, False, 5
722,0, 230, False, 5
723,0, 230, False, 5
724,0, 230, False, 5
725,0, 230, False, 0
726,0, 230, False, 0
727,0, 230, False, 0
728,0, 230, False, 0
729,0, 230, False, 0
730,0, 230, False, 0
731,0, 230, False, 0
732,0, 230, False, 0
733,0, 230, False, 0
734,0, 230, False, 0
735,0, 230, False, 0
736,0, 230, False, 0
737,0, 230, False, 0
738,0, 230, False, 0
739,0, 230, False, 0
740,0, 230, False, 0
741,0, 230, False, 0
742,0, 230, False, 0
743,0, 230, False, 0
744,0, 230, False, 4
745,0, 230, False, 4
746,0, 230, False, 4
747,0, 230, False, 4
748,0, 230, False, 4
749,0, 230, False, 4
750,0, 230, False, 4
751,0, 230, False, 4
752,0, 230, False, 4
753,0, 230, False, 0
754,0, 230, False, 0
755,0, 230, False, 0
756,0, 230, False, 0
757,0, 230, False, 0
758,0, 230, False, 0
759,0, 230, False, 0
760,0, 230, False, 0
761,0, 230, False, 0
762,0, 230, False, 0
763,0, 230, False, 0
764,0, 230, False, 0
765,0, 230, False, 0
766,0, 230, False, 0
767,0, 230, False, 0
768,0, 230, False, 0
769,0, 230, False, 0
770,0, 230, False, 0
771,0, 230, False, 0
772,0, 230, False, 0
773,0, 230, False, 0
774,0, 230, False, 0
775,0, 230, False, 0
776,0, 230, False, 0
777,0, 230, False, 0
778,0, 230, False, 0
779,0, 230, False, 2
780,0, 230, False, 2
781,0, 230, False, 2
782,0, 230, False, 2
783,0, 230, False, 2
784,0, 230, False, 2
785,0, 230, False, 2
786,0, 230, False, 2
787,0, 230, False, 2
788,0, 230, False, 2
789,0, 230, False, 0
790,0, 230, False, 0
791,0, 230, False, 0
792,0, 230, False, 0
793,0, 230, False, 0
794,0, 230, False, 0
795,0, 230, False, 0
796,0, 230, False, 0
797,0, 230, False, 0
798,0, 230, False, 0
799,0, 230, False, 0
800,0, 230, False, 0
801,0, 230, False, 0
802,0, 230, False, 0
803,0, 230, False, 0
804,0, 230, False, 0
805,0, 230, False, 0
806,0, 230, False, 0
807,0, 230, False, 0
808,0, 230, False, 0
809,0, 230, False, 0
810,0, 230, False, 0
811,0, 230, False, 4
812,0, 230, False, 4
813,0, 230, False, 4
814,0, 230, False, 4
815,0, 230, False, 4
816,0, 230, False, 4
817,0, 230, False, 4
818,0, 230, False, 0
819,0, 230, False, 0
820,0, 230, False, 0
821,0, 230, False, 0
822,0, 230, False, 0
823,0, 230, False, 0
824,0, 230, False, 0
825,0, 230, False, 0
826,0, 230, False, 0
827,0, 230, False, 0
828,0, 230, False, 0
829,0, 230, False, 0
830,0, 230, False, 0
831,0, 230, False, 0
832,0, 230, False, 0
833,0, 230, False, 0
834,0, 230, False, 0
835,0, 230, False, 0
836,0, 230, False, 0
837,0, 230, False, 0
838,0, 230, False, 0
839,0, 230, False, 0
840,0, 230, False, 0
841,0, 230, False, 0
842,0, 230, False, 2
843,0, 230, False, 2
844,0, 230, False, 2
845,0, 230, False, 2
846,0, 230, False, 2
847,0, 230, False, 2
848,0, 230, False, 0
849,0, 230, False, 0
850,0, 230, False, 0
851,0, 230, False, 0
852,0, 230, False, 0
853,0, 230, False, 0
854,0, 230, False, 0
855,0, 230, False, 0
856,0, 230, False, 0
857,0, 230, False, 0
858,0, 230, False, 0
859,0, 230, False, 0
860,0, 230, False, 0
861,0, 230, False, 0
862,0, 230, False, 0
863,0, 230, False, 0
864,0, 230, False, 0
865,0, 230, False, 0
866,0, 230, False, 0
867,0, 230, False, 0
868,0, 230, False, 0
869,0, 230, False, 0
870,0, 230, False, 0
871,0, 230, False, 0
872,0, 230, False, 0
873,0, 230, False, 0
874,0, 230, False, 0
875,0, 230, False, 0
876,0, 230, False, 0
877,0, 230, False, 0
878,0, 230, False, 0
879,0, 230, False, 0
880,0, 230, False, 0
881,0, 230, False, 0
882,0, 230, False, 0
883,0, 230, False, 0
884,0, 230, False, 0
885,0, 230, False, 0
886,0, 230, False, 0
887,0, 230, False, 0
888,0, 230, False, 0
889,0, 230, False, 0
890,0, 230, False, 0
891,0, 230, False, 3
892,0, 230, False, 3
893,0, 230, False, 3
894,0, 230, False, 3
895,0, 230, False, 0
896,0, 230, False, 0
897,0, 230, False, 0
898,0, 230, False, 0
899,0, 230, False, 0
900,0, 230, False, 0
901,0, 230, False, 0
902,0, 230, False, 0
903,0, 230, False, 0
904,0, 230, False, 2
905,0, 230, False, 2
906,0, 230, False, 2
907,0, 230, False, 2
908,0, 230, False, 2
909,0, 230, False, 0
910,0, 230, False, 0
911,0, 230, False, 0
912,0, 230, False, 0
913,0, 230, False, 0
914,0, 230, False, 0
915,0, 230, False, 0
916,0, 230, False, 0
917,0, 230, False, 0
918,200, 430, False, 0
919,0, 430, False, 0
920,0, 430, False, 0
921,0, 430, False, 0
922,0, 430, False, 0
923,0, 430, False, 0
924,0, 430, False, 0
925,0, 430, False, 0
926,0, 430, False, 0
927,0, 430, False, 0
928,0, 430, False, 0
929,0, 430, False, 0
930,0, 430, False, 0
931,0, 430, False, 0
932,0, 430, False, 0
933,0, 430, False, 0
934,0, 430, False, 0
935,0, 430, False, 0
936,0, 430, False, 0
937,0, 430, False, 0
938,0, 430, False, 0
939,0, 430, False, 0
940,0, 430, False, 0
941,0, 430, False, 0
942,0, 430, False, 0
943,0, 430, False, 0
944,0, 430, False, 0
945,0, 430, False, 0
946,0, 430, False, 0
947,0, 430, False, 0
948,0, 430, False, 0
949,0, 430, False, 0
950,0, 430, False, 0
951,0, 430, False, 0
952,0, 430, False, 0
953,0, 430, False, 0
954,0, 430, False, 0
955,0, 430, False, 0
956,0, 430, False, 0
957,0, 430, False, 0
958,0, 430, False, 0
959,0, 430, False, 0
960,0, 430, False, 0
961,0, 430, False, 0
962,0, 430, False, 0
963,0, 430, False, 0
964,0, 430, False, 0
965,0, 430, False, 0
966,0, 430, False, 0
967,0, 430, False, 0
968,0, 430, False, 0
969,0, 430, False, 0
970,0, 430, False, 0
971,0, 430, False, 0
972,0, 430, False, 0
973,0, 430, False, 0
974,0, 430, False, 0
975,0, 430, False, 0
976,0, 430, False, 0
977,0, 430, False, 0
978,0, 430, False, 0
979,0, 430, False, 0
980,0, 430, False, 0
981,0, 430, False, 0
982,0, 430, False, 0
983,0, 430, False, 0
984,0, 430, False, 0
985,0, 430, False, 0
986,0, 430, False, 0
987,0, 430, False, 0
988,0, 430, False, 0
989,0, 430, False, 0
990,0, 430, False, 0
991,0, 430, False, 0
992,0, 430, False, 0
993,0, 430, False, 0
994,0, 430, False, 0
995,0, 430, False, 0
996,0, 430, False, 0
997,0, 430, False, 0
998,0, 430, False, 0
999,0, 430, False, 0
1000,0, 430, False, 0
1001,0, 430, False, 0
1002,0, 430, False, 0
1003,0, 430, False, 0
1004,0, 430, False, 0
1005,0, 430, False, 0
1006,0, 430, False, 0
1007,0, 430, False, 0
1008,0, 430, False, 0
1009,0, 430, False, 0
1010,0, 430, False, 0
1011,0, 430, False, 0
1012,0, 430, False, 0
1013,0, 430, False, 0
1014,0, 430, False, 0
1015,0, 430, False, 0
1016,0, 430, False, 0
1017,0, 430, False, 0
1018,0, 430, False, 0
1019,0, 430, False, 0
1020,0, 430, False, 0
1021,0, 430, False, 0
1022,0, 430, False, 0
1023,0, 430, False, 0
1024,0, 430, False, 0
1025,0, 430, False, 0
1026,0, 430, False, 0
1027,0, 430, False, 0
1028,0, 430, False, 0
1029,0, 430, False, 0
1030,0, 430, False, 0
1031,0, 430, False, 0
1032,0, 430, False, 0
1033,0, 430, False, 0
1034,0, 430, False, 0
1035,0, 430, False, 0
1036,0, 430, False, 0
1037,0, 430, False, 0
1038,0, 430, False, 0
1039,0, 430, False, 0
1040,0, 430, False, 0
1041,0, 430, False, 0
1042,0, 430, False, 0
1043,0, 430, False, 0
1044,0, 430, False, 0
1045,0, 430, False, 0
1046,0, 430, False, 0
1047,0, 430, False, 0
1048,0, 430, False, 0
1049,0, 430, False, 0
1050,0, 430, False, 0
1051,0, 430, False, 0
1052,0, 430, False, 0
1053,0, 430, False, 0
1054,0, 430, False, 0
1055,0, 430, False, 0
1056,0, 430, False, 0
1057,0, 430, False, 0
1058,0, 430, False, 0
1059,0, 430, False, 0
1060,0, 430, False, 0
1061,0, 430, False, 0
1062,0, 430, False, 0
1063,0, 430, False, 0
1064,0, 430, False, 0
1065,0, 430, False, 0
1066,0, 430, False, 0
1067,0, 430, False, 0
1068,0, 430, False, 0
1069,0, 430, False, 0
1070,0, 430, False, 0
1071,0, 430, False, 0
1072,0, 430, False, 0
1073,0, 430, False, 0
1074,0, 430, False, 0
1075,0, 430, False, 0
1076,0, 430, False, 0
1077,0, 430, False, 0
1078,0, 430, False, 0
1079,0, 430, False, 0
1080,0, 430, False, 0
1081,0, 430, False, 0
1082,0, 430, False, 0
1083,0, 430, False, 0
1084,0, 430, False, 0
1085,0, 430, False, 0
1086,0, 430, False, 0
1087,0, 430, False, 5
1088,0, 430, False, 5
1089,0, 430, False, 5
1090,0, 430, False, 5
1091,0, 430, False, 5
1092,0, 430, False, 5
1093,0, 430, False, 5
1094,0, 430, False, 5
1095,0, 430, False, 0
1096,0, 430, False, 0
1097,0, 430, False, 0
1098,0, 430, False, 0
1099,0, 430, False, 0
1100,0, 430, False, 0
1101,0, 430, False, 0
1102,0, 430, False, 0
1103,0, 430, False, 0
1104,0, 430, False, 0
1105,0, 430, False, 0
1106,0, 430, False, 0
1107,0, 430, False, 0
1108,0, 430, False, 0
1109,0, 430, False, 0
1110,0, 430, False, 0
1111,0, 430, False, 0
1112,0, 430, False, 0
1113,0, 430, False, 0
1114,0, 430, False, 0
1115,0, 430, False, 0
1116,0, 430, False, 0
1117,0, 430, False, 0
1118,0, 430, False, 0
1119,0, 430, False, 0
1120,0, 430, False, 0
1121,0, 430, False, 0
1122,0, 430, False, 0
1123,0, 430, False, 0
1124,0, 430, False, 0
1125,0, 430, False, 0
1126,0, 430, False, 0
1127,0, 430, False, 0
1128,0, 430, False, 0
1129,0, 430, False, 0
1130,0, 430, False, 0
1131,0, 430, False, 0
1132,0, 430, False, 0
1133,0, 430, False, 0
1134,0, 430, False, 0
1135,0, 430, False, 0
1136,0, 430, False, 0
1137,0, 430, False, 0
1138,0, 430, False, 0
1139,0, 430, False, 0
1140,0, 430, False, 0
1141,0, 430, False, 0
1142,0, 430, False, 0
1143,0, 430, False, 0
1144,0, 430, False, 0
1145,0, 430, False, 0
1146,0, 430, False, 0
1147,0, 430, False, 0
1148,0, 430, False, 0
1149,0, 430, False, 0
1150,0, 430, False, 0
1151,0, 430, False, 0
1152,0, 430, False, 0
1153,0, 430, False, 0
1154,0, 430, False, 0
1155,0, 430, False, 0
1156,0, 430, False, 0
1157,0, 430, False, 0
1158,0, 430, False, 0
1159,0, 430, False, 0
1160,0, 430, False, 0
1161,0, 430, False, 0
1162,0, 430, False, 0
1163,0, 430, False, 0
1164,0, 430, False, 0
1165,0, 430, False, 0
1166,0, 430, False, 0
1167,0, 430, False, 0
1168,0, 430, False, 0
1169,0, 430, False, 0
1170,0, 430, False, 0
1171,0, 430, False, 0
1172,0, 430, False, 0
1173,0, 430, False, 0
1174,0, 430, False, 0
1175,0, 430, False, 0
1176,0, 430, False, 0
1177,0, 430, False, 0
1178,0, 430, False, 0
1179,0, 430, False, 0
1180,0, 430, False, 0
1181,0, 430, False, 0
1182,0, 430, False, 0
1183,0, 430, False, 0
1184,0, 430, False, 0
1185,0, 430, False, 0
1186,0, 430, False, 0
1187,0, 430, False, 0
1188,0, 430, False, 0
1189,0, 430, False, 0
1190,0, 430, False, 0
1191,0, 430, False, 0
1192,0, 430, False, 0
1193,0, 430, False, 0
1194,0, 430, False, 0
1195,0, 430, False, 0
1196,0, 430, False, 0
1197,0, 430, False, 0
1198,0, 430, False, 0
1199,0, 430, False, 0
1200,0, 430, False, 0
1201,0, 430, False, 0
1202,0, 430, False, 0
1203,0, 430, False, 0
1204,0, 430, False, 0
1205,0, 430, False, 0
1206,0, 430, False, 0
1207,0, 430, False, 0
1208,0, 430, False, 0
1209,0, 430, False, 0
1210,0, 430, False, 0
1211,0, 430, False, 0
1212,0, 430, False, 0
1213,0, 430, False, 0
1214,0, 430, False, 0
1215,0, 430, False, 0
1216,0, 430, False, 0
1217,0, 430, False, 0
1218,0, 430, False, 0
1219,0, 430, False, 0
1220,0, 430, False, 0
1221,0, 430, False, 0
1222,0, 430, False, 0
1223,0, 430, False, 0
1224,0, 430, False, 0
1225,0, 430, False, 0
1226,0, 430, False, 0
1227,0, 430, False, 0
1228,0, 430, False, 0
1229,0, 430, False, 0
1230,0, 430, False, 0
1231,0, 430, False, 0
1232,0, 430, False, 0
1233,0, 430, False, 0
1234,0, 430, False, 0
1235,0, 430, False, 0
1236,0, 430, False, 0
1237,0, 430, False, 0
1238,0, 430, False, 0
1239,0, 430, False, 0
1240,0, 430, False, 0
1241,0, 430, False, 0
1242,0, 430, False, 0
1243,0, 430, False, 0
1244,0, 430, False, 0
1245,0, 430, False, 0
1246,0, 430, False, 0
1247,0, 430, False, 0
1248,0, 430, False, 0
1249,0, 430, False, 0
1250,0, 430, False, 0
1251,0, 430, False, 0
1252,0, 430, False, 0
1253,0, 430, False, 0
1254,0, 430, False, 0
1255,0, 430, False, 0
1256,0, 430, False, 0
1257,0, 430, False, 0
1258,0, 430, False, 0
1259,0, 430, False, 0
1260,0, 430, False, 0
1261,0, 430, False, 0
1262,0, 430, False, 3
1263,0, 430, False, 3
1264,0, 430, False, 3
1265,0, 430, False, 3
1266,0, 430, False, 3
1267,0, 430, False, 3
1268,0, 430, False, 3
1269,0, 430, False, 3
1270,0, 430, False, 3
1271,0, 430, False, 3
1272,0, 430, False, 3
1273,0, 430, False, 0
1274,0, 430, False, 0
1275,0, 430, False, 0
1276,0, 430, False, 0
1277,0, 430, False, 0
1278,0, 430, False, 0
1279,0, 430, False, 0
1280,0, 430, False, 0
1281,0, 430, False, 0
1282,0, 430, False, 0
1283,0, 430, False, 0
1284,0, 430, False, 0
1285,0, 430, False, 0
1286,0, 430, False, 0
1287,0, 430, False, 0
1288,0, 430, False, 0
1289,0, 430, False, 0
1290,0, 430, False, 0
1291,0, 430, False, 0
1292,0, 430, False, 0
1293,0, 430, False, 0
1294,0, 430, False, 0
1295,0, 430, False, 0
1296,0, 430, False, 3
1297,0, 430, False, 3
1298,0, 430, False, 3
1299,0, 430, False, 3
1300,0, 430, False, 3
1301,0, 430, False, 3
1302,0, 430, False, 3
1303,0, 430, False, 3
1304,0, 430, False, 3
1305,0, 430, False, 3
1306,10, 440, False, 3
1307,0, 440, False, 3
1308,0, 440, False, 3
1309,0, 440, False, 3
1310,0, 440, False, 3
1311,0, 440, False, 3
1312,0, 440, False, 3
1313,0, 440, False, 3
1314,0, 440, False, 3
1315,0, 440, False, 3
1316,0, 440, False, 0
1317,0, 440, False, 0
1318,10, 450, False, 0
1319,0, 450, False, 0
1320,0, 450, False, 0
1321,0, 450, False, 0
1322,0, 450, False, 0
1323,0, 450, False, 0
1324,0, 450, False, 0
1325,0, 450, False, 0
1326,0, 450, False, 0
1327,0, 450, False, 0
1328,0, 450, False, 0
1329,0, 450, False, 0
1330,0, 450, False, 0
1331,0, 450, False, 0
1332,10, 460, False, 0
1333,0, 460, False, 0
1334,0, 460, False, 0
1335,0, 460, False, 0
1336,0, 460, False, 0
1337,0, 460, False, 0
1338,0, 460, False, 0
1339,0, 460, False, 0
1340,0, 460, False, 0
1341,0, 460, False, 0
1342,0, 460, False, 0
1343,0, 460, False, 0
1344,0, 460, False, 0
1345,0, 460, False, 0
1346,10, 470, False, 0
1347,0, 470, False, 0
1348,0, 470, False, 0
1349,0, 470, False, 0
1350,0, 470, False, 0
1351,0, 470, False, 0
1352,0, 470, False, 0
1353,0, 470, False, 0
1354,0, 470, False, 0
1355,0, 470, False, 0
1356,0, 470, False, 0
1357,0, 470, False, 0
1358,10, 480, False, 0
1359,0, 480, False, 0
1360,0, 480, False, 0
1361,0, 480, False, 0
1362,0, 480, False, 0
1363,0, 480, False, 0
1364,0, 480, False, 0
1365,0, 480, False, 0
1366,0, 480, False, 0
1367,0, 480, False, 0
1368,0, 480, False, 0
1369,0, 480, False, 0
1370,0, 480, False, 0
1371,0, 480, False, 0
1372,10, 490, False, 0
1373,0, 490, False, 0
1374,0, 490, False, 5
1375,0, 490, False, 5
1376,0, 490, False, 5
1377,0, 490, False, 5
1378,0, 490, False, 5
1379,0, 490, False, 5
1380,0, 490, False, 5
1381,0, 490, False, 5
1382,0, 490, False, 5
1383,0, 490, False, 5
1384,0, 490, False, 5
1385,0, 490, False, 5
1386,10, 500, False, 5
1387,0, 500, False, 5
1388,0, 500, False, 0
1389,0, 500, False, 0
1390,0, 500, False, 0
1391,0, 500, False, 0
1392,0, 500, False, 0
1393,0, 500, False, 0
1394,0, 500, False, 0
1395,0, 500, False, 0
1396,0, 500, False, 0
1397,0, 500, False, 0
1398,0, 500, False, 0
1399,0, 500, False, 0
1400,10, 510, False, 0
1401,0, 510, False, 0
1402,0, 510, False, 0
1403,0, 510, False, 0
1404,0, 510, False, 0
1405,0, 510, False, 0
1406,0, 510, False, 0
1407,0, 510, False, 0
1408,0, 510, False, 0
1409,0, 510, False, 0
1410,0, 510, False, 0
1411,0, 510, False, 0
1412,0, 510, False, 0
1413,0, 510, False, 0
1414,10, 520, False, 0
1415,0, 520, False, 0
1416,0, 520, False, 0
1417,0, 520, False, 0
1418,0, 520, False, 0
1419,0, 520, False, 0
1420,0, 520, False, 0
1421,0, 520, False, 0
1422,0, 520, False, 0
1423,0, 520, False, 0
1424,0, 520, False, 0
1425,0, 520, False, 0
1426,0, 520, False, 0
1427,0, 520, False, 0
1428,10, 530, False, 0
1429,0, 530, False, 0
1430,0, 530, False, 0
1431,0, 530, False, 0
1432,0, 530, False, 0
1433,0, 530, False, 0
1434,0, 530, False, 0
1435,0, 530, False, 0
1436,0, 530, False, 0
1437,0, 530, False, 0
1438,0, 530, False, 0
1439,0, 530, False, 0
1440,0, 530, False, 0
1441,0, 530, False, 0
1442,10, 540, False, 0
1443,0, 540, False, 0
1444,0, 540, False, 0
1445,0, 540, False, 0
1446,0, 540, False, 0
1447,0, 540, False, 3
1448,0, 540, False, 3
1449,0, 540, False, 3
1450,0, 540, False, 3
1451,0, 540, False, 3
1452,0, 540, False, 3
1453,0, 540, False, 3
1454,0, 540, False, 3
1455,0, 540, False, 3
1456,10, 550, False, 3
1457,0, 550, False, 3
1458,0, 550, False, 3
1459,0, 550, False, 3
1460,0, 550, False, 3
1461,0, 550, False, 3
1462,0, 550, False, 3
1463,0, 550, False, 3
1464,0, 550, False, 3
1465,0, 550, False, 3
1466,0, 550, False, 3
1467,0, 550, False, 3
1468,0, 550, False, 0
1469,0, 550, False, 0
1470,10, 560, False, 0
1471,0, 560, False, 0
1472,0, 560, False, 0
1473,0, 560, False, 0
1474,0, 560, False, 0
1475,0, 560, False, 0
1476,0, 560, False, 0
1477,0, 560, False, 0
1478,0, 560, False, 0
1479,0, 560, False, 0
1480,0, 560, False, 0
1481,0, 560, False, 0
1482,10, 570, False, 0
1483,0, 570, False, 0
1484,0, 570, False, 0
1485,0, 570, False, 0
1486,0, 570, False, 0
1487,0, 570, False, 0
1488,0, 570, False, 0
1489,0, 570, False, 0
1490,0, 570, False, 0
1491,0, 570, False, 0
1492,0, 570, False, 0
1493,0, 570, False, 0
1494,0, 570, False, 0
1495,0, 570, False, 2
1496,0, 570, False, 2
1497,0, 570, False, 2
1498,0, 570, False, 2
1499,0, 570, False, 0
1500,0, 570, False, 0
1501,0, 570, False, 0
1502,0, 570, False, 0
1503,0, 570, False, 0
1504,0, 570, False, 0
1505,0, 570, False, 0
1506,0, 570, False, 0
1507,0, 570, False, 0
1508,0, 570, False, 0
1509,0, 570, False, 0
1510,0, 570, False, 0
1511,0, 570, False, 0
1512,50, 620, False, 0
1513,0, 620, False, 0
1514,0, 620, False, 0
1515,0, 620, False, 0
1516,0, 620, False, 0
1517,0, 620, False, 0
1518,10, 630, False, 0
1519,0, 630, False, 0
1520,0, 630, False, 0
1521,0, 630, False, 0
1522,0, 630, False, 0
1523,0, 630, False, 0
1524,0, 630, False, 0
1525,0, 630, False, 0
1526,0, 630, False, 0
1527,0, 630, False, 0
1528,0, 630, False, 0
1529,0, 630, False, 0
1530,0, 630, False, 0
1531,0, 630, False, 0
1532,10, 640, False, 0
1533,0, 640, False, 0
1534,0, 640, False, 0
1535,0, 640, False, 0
1536,0, 640, False, 0
1537,0, 640, False, 4
1538,0, 640, False, 4
1539,0, 640, False, 4
1540,0, 640, False, 4
1541,0, 640, False, 4
1542,0, 640, False, 4
1543,0, 640, False, 0
1544,0, 640, False, 0
1545,0, 640, False, 0
1546,10, 650, False, 0
1547,0, 650, False, 0
1548,0, 650, False, 0
1549,0, 650, False, 0
1550,0, 650, False, 0
1551,0, 650, False, 0
1552,0, 650, False, 0
1553,0, 650, False, 0
1554,0, 650, False, 0
1555,0, 650, False, 0
1556,0, 650, False, 0
1557,0, 650, False, 0
1558,0, 650, False, 0
1559,0, 650, False, 0
1560,10, 660, False, 0
1561,0, 660, False, 0
1562,0, 660, False, 0
1563,0, 660, False, 0
1564,0, 660, False, 0
1565,0, 660, False, 0
1566,0, 660, False, 0
1567,0, 660, False, 0
1568,0, 660, False, 0
1569,0, 660, False, 0
1570,0, 660, False, 0
1571,0, 660, False, 0
1572,0, 660, False, 0
1573,0, 660, False, 0
1574,0, 660, False, 0
1575,0, 660, False, 0
1576,0, 660, False, 0
1577,0, 660, False, 0
1578,0, 660, False, 0
1579,0, 660, False, 5
1580,0, 660, False, 5
1581,0, 660, False, 5
1582,0, 660, False, 5
1583,0, 660, False, 5
1584,0, 660, False, 5
1585,0, 660, False, 5
1586,0, 660, False, 5
1587,0, 660, False, 5
1588,0, 660, False, 0
1589,0, 660, False, 0
1590,0, 660, False, 0
1591,0, 660, False, 0
1592,0, 660, False, 0
1593,0, 660, False, 0
1594,0, 660, False, 0
1595,0, 660, False, 0
1596,0, 660, False, 0
1597,0, 660, False, 0
1598,0, 660, False, 0
1599,0, 660, False, 0
1600,0, 660, False, 0
1601,0, 660, False, 0
1602,0, 660, False, 0
1603,0, 660, False, 0
1604,0, 660, False, 0
1605,0, 660, False, 0
1606,0, 660, False, 0
1607,0, 660, False, 0
1608,0, 660, False, 0
1609,0, 660, False, 0
1610,0, 660, False, 0
1611,0, 660, False, 0
1612,0, 660, False, 0
1613,0, 660, False, 0
1614,0, 660, False, 0
1615,0, 660, False, 0
1616,0, 660, False, 0
1617,0, 660, False, 0
1618,0, 660, False, 0
1619,0, 660, False, 0
1620,0, 660, False, 0
1621,0, 660, False, 0
1622,0, 660, False, 4
1623,0, 660, False, 4
1624,0, 660, False, 4
1625,0, 660, False, 4
1626,0, 660, False, 4
1627,0, 660, False, 4
1628,0, 660, False, 4
1629,0, 660, False, 0
1630,0, 660, False, 0
1631,0, 660, False, 0
1632,10, 670, False, 0
1633,0, 670, False, 0
1634,0, 670, False, 0
1635,0, 670, False, 0
1636,0, 670, False, 0
1637,0, 670, False, 0
1638,0, 670, False, 0
1639,0, 670, False, 0
1640,0, 670, False, 0
1641,0, 670, False, 0
1642,0, 670, False, 0
1643,0, 670, False, 0
1644,0, 670, False, 0
1645,0, 670, False, 0
1646,10, 680, False, 0
1647,0, 680, False, 0
1648,0, 680, False, 0
1649,0, 680, False, 0
1650,0, 680, False, 0
1651,0, 680, False, 0
1652,0, 680, False, 0
1653,0, 680, False, 0
1654,0, 680, False, 0
1655,0, 680, False, 0
1656,0, 680, False, 0
1657,0, 680, False, 0
1658,10, 690, False, 0
1659,0, 690, False, 0
1660,0, 690, False, 0
1661,0, 690, False, 0
1662,0, 690, False, 0
1663,0, 690, False, 0
1664,0, 690, False, 0
1665,0, 690, False, 0
1666,0, 690, False, 0
1667,0, 690, False, 0
1668,0, 690, False, 0
1669,0, 690, False, 0
1670,0, 690, False, 0
1671,0, 690, False, 0
1672,10, 700, False, 0
1673,0, 700, False, 0
1674,0, 700, False, 0
1675,0, 700, False, 0
1676,0, 700, False, 0
1677,0, 700, False, 0
1678,0, 700, False, 0
1679,0, 700, False, 0
1680,0, 700, False, 0
1681,0, 700, False, 0
1682,0, 700, False, 0
1683,0, 700, False, 0
1684,0, 700, False, 0
1685,0, 700, False, 0
1686,10, 710, False, 0
1687,0, 710, False, 0
1688,0, 710, False, 0
1689,0, 710, False, 0
1690,0, 710, False, 0
1691,0, 710, False, 0
1692,0, 710, False, 0
1693,0, 710, False, 0
1694,0, 710, False, 0
1695,0, 710, False, 0
1696,0, 710, False, 0
1697,0, 710, False, 0
1698,0, 710, False, 0
1699,0, 710, False, 0
1700,0, 710, False, 0
1701,0, 710, False, 0
1702,0, 710, False, 0
1703,0, 710, False, 0
1704,10, 720, False, 0
1705,0, 720, False, 0
1706,0, 720, False, 0
1707,0, 720, False, 0
1708,0, 720, False, 0
1709,0, 720, False, 0
1710,0, 720, False, 0
1711,0, 720, False, 0
1712,0, 720, False, 0
1713,0, 720, False, 0
1714,0, 720, False, 0
1715,0, 720, False, 0
1716,0, 720, False, 0
1717,0, 720, False, 0
1718,10, 730, False, 0
1719,0, 730, False, 0
1720,0, 730, False, 0
1721,0, 730, False, 0
1722,0, 730, False, 0
1723,0, 730, False, 0
1724,0, 730, False, 0
1725,0, 730, False, 0
1726,0, 730, False, 0
1727,0, 730, False, 0
1728,0, 730, False, 0
1729,0, 730, False, 0
1730,10, 740, False, 0
1731,0, 740, False, 0
1732,0, 740, False, 0
1733,0, 740, False, 0
1734,0, 740, False, 0
1735,0, 740, False, 0
1736,0, 740, False, 0
1737,0, 740, False, 0
1738,0, 740, False, 0
1739,0, 740, False, 0
1740,0, 740, False, 0
1741,0, 740, False, 0
1742,0, 740, False, 0
1743,0, 740, False, 0
1744,10, 750, False, 0
1745,0, 750, False, 0
1746,0, 750, False, 0
1747,0, 750, False, 0
1748,0, 750, False, 0
1749,0, 750, False, 0
1750,0, 750, False, 0
1751,0, 750, False, 0
1752,0, 750, False, 0
1753,0, 750, False, 0
1754,0, 750, False, 0
1755,0, 750, False, 0
1756,0, 750, False, 0
1757,0, 750, False, 0
1758,10, 760, False, 0
1759,0, 760, False, 0
1760,0, 760, False, 0
1761,0, 760, False, 0
1762,0, 760, False, 0
1763,0, 760, False, 0
1764,0, 760, False, 0
1765,0, 760, False, 0
1766,0, 760, False, 0
1767,0, 760, False, 0
1768,0, 760, False, 0
1769,0, 760, False, 0
1770,0, 760, False, 0
1771,0, 760, False, 0
1772,0, 760, False, 0
1773,0, 760, False, 0
1774,0, 760, False, 0
1775,0, 760, False, 0
1776,0, 760, False, 0
1777,0, 760, False, 0
1778,0, 760, False, 0
1779,0, 760, False, 0
1780,0, 760, False, 0
1781,0, 760, False, 0
1782,0, 760, False, 0
1783,0, 760, False, 0
1784,0, 760, False, 0
1785,0, 760, False, 0
1786,0, 760, False, 0
1787,0, 760, False, 0
1788,0, 760, False, 0
1789,0, 760, False, 0
1790,0, 760, False, 0
1791,0, 760, False, 0
1792,0, 760, False, 0
1793,0, 760, False, 0
1794,0, 760, False, 0
1795,0, 760, False, 0
1796,0, 760, False, 0
1797,0, 760, False, 0
1798,0, 760, False, 0
1799,0, 760, False, 0
1800,0, 760, False, 0
1801,0, 760, False, 0
1802,0, 760, False, 0
1803,0, 760, False, 0
1804,0, 760, False, 0
1805,0, 760, False, 0
1806,0, 760, False, 0
1807,0, 760, False, 0
1808,0, 760, False, 0
1809,0, 760, False, 0
1810,0, 760, False, 0
1811,0, 760, False, 0
1812,0, 760, False, 0
1813,0, 760, False, 0
1814,0, 760, False, 0
1815,0, 760, False, 0
1816,0, 760, False, 0
1817,0, 760, False, 0
1818,0, 760, False, 2
1819,0, 760, False, 2
1820,0, 760, False, 2
1821,0, 760, False, 2
1822,0, 760, False, 2
1823,0, 760, False, 2
1824,0, 760, False, 2
1825,0, 760, False, 0
1826,0, 760, False, 0
1827,0, 760, False, 0
1828,0, 760, False, 0
1829,0, 760, False, 0
1830,0, 760, False, 0
1831,0, 760, False, 0
1832,0, 760, False, 0
1833,0, 760, False, 0
1834,0, 760, False, 0
1835,0, 760, False, 0
1836,0, 760, False, 0
1837,0, 760, False, 0
1838,0, 760, False, 0
1839,0, 760, False, 0
1840,0, 760, False, 0
1841,0, 760, False, 0
1842,0, 760, False, 0
1843,0, 760, False, 0
1844,0, 760, False, 0
1845,0, 760, False, 0
1846,0, 760, False, 0
1847,0, 760, False, 0
1848,0, 760, False, 0
1849,0, 760, False, 0
1850,0, 760, False, 0
1851,0, 760, False, 0
1852,0, 760, False, 0
1853,0, 760, False, 0
1854,0, 760, False, 0
1855,0, 760, False, 3
1856,0, 760, False, 3
1857,0, 760, False, 3
1858,0, 760, False, 3
1859,0, 760, False, 3
1860,0, 760, False, 0
1861,0, 760, False, 0
1862,0, 760, False, 0
1863,0, 760, False, 0
1864,0, 760, False, 0
1865,0, 760, False, 0
1866,0, 760, False, 0
1867,0, 760, False, 0
1868,0, 760, False, 0
1869,0, 760, False, 0
1870,0, 760, False, 0
1871,0, 760, False, 0
1872,0, 760, False, 0
1873,0, 760, False, 2
1874,0, 760, False, 2
1875,0, 760, False, 2
1876,0, 760, False, 2
1877,0, 760, False, 2
1878,0, 760, False, 2
1879,0, 760, False, 2
1880,0, 760, False, 0
1881,0, 760, False, 0
1882,0, 760, False, 0
1883,0, 760, False, 0
1884,0, 760, False, 0
1885,0, 760, False, 0
1886,0, 760, False, 0
1887,0, 760, False, 0
1888,0, 760, False, 0
1889,0, 760, False, 0
1890,0, 760, False, 0
1891,0, 760, False, 0
1892,0, 760, False, 0
1893,0, 760, False, 0
1894,0, 760, False, 0
1895,0, 760, False, 0
1896,0, 760, False, 0
1897,0, 760, False, 0
1898,0, 760, False, 0
1899,0, 760, False, 0
1900,0, 760, False, 0
1901,0, 760, False, 0
1902,0, 760, False, 0
1903,0, 760, False, 0
1904,0, 760, False, 4
1905,0, 760, False, 4
1906,0, 760, False, 4
1907,0, 760, False, 4
1908,0, 760, False, 4
1909,0, 760, False, 4
1910,0, 760, False, 4
1911,0, 760, False, 0
1912,0, 760, False, 0
1913,0, 760, False, 0
1914,0, 760, False, 0
1915,0, 760, False, 0
1916,0, 760, False, 0
1917,0, 760, False, 0
1918,0, 760, False, 0
1919,0, 760, False, 0
1920,0, 760, False, 0
1921,0, 760, False, 0
1922,0, 760, False, 0
1923,0, 760, False, 0
1924,0, 760, False, 0
1925,0, 760, False, 0
1926,0, 760, False, 0
1927,0, 760, False, 0
1928,0, 760, False, 2
1929,0, 760, False, 2
1930,0, 760, False, 2
1931,0, 760, False, 2
1932,0, 760, False, 2
1933,0, 760, False, 2
1934,0, 760, False, 0
1935,0, 760, False, 0
1936,0, 760, False, 0
1937,0, 760, False, 0
1938,0, 760, False, 0
1939,0, 760, False, 0
1940,0, 760, False, 0
1941,0, 760, False, 0
1942,0, 760, False, 0
1943,0, 760, False, 0
1944,0, 760, False, 0
1945,0, 760, False, 0
1946,0, 760, False, 0
1947,0, 760, False, 0
1948,0, 760, False, 0
1949,0, 760, False, 0
1950,0, 760, False, 0
1951,0, 760, False, 0
1952,0, 760, False, 0
1953,0, 760, False, 0
1954,0, 760, False, 0
1955,0, 760, False, 0
1956,0, 760, False, 0
1957,0, 760, False, 0
1958,0, 760, False, 0
1959,0, 760, False, 0
1960,0, 760, False, 0
1961,0, 760, False, 0
1962,0, 760, False, 0
1963,0, 760, False, 0
1964,0, 760, False, 0
1965,0, 760, False, 0
1966,0, 760, False, 0
1967,0, 760, False, 0
1968,0, 760, False, 0
1969,0, 760, False, 0
1970,0, 760, False, 0
1971,0, 760, False, 0
1972,0, 760, False, 0
1973,0, 760, False, 0
1974,0, 760, False, 0
1975,0, 760, False, 0
1976,0, 760, False, 0
1977,0, 760, False, 0
1978,0, 760, False, 0
1979,0, 760, False, 0
1980,0, 760, False, 0
1981,0, 760, False, 0
1982,0, 760, False, 0
1983,0, 760, False, 0
1984,0, 760, False, 0
1985,0, 760, False, 0
1986,0, 760, False, 0
1987,0, 760, False, 0
1988,0, 760, False, 0
1989,0, 760, False, 0
1990,0, 760, False, 0
1991,0, 760, False, 3
1992,0, 760, False, 3
1993,0, 760, False, 3
1994,0, 760, False, 3
1995,0, 760, False, 3
1996,0, 760, False, 3
1997,0, 760, False, 3
1998,0, 760, False, 3
1999,0, 760, False, 3
2000,0, 760, False, 0
2001,0, 760, False, 0
2002,0, 760, False, 0
2003,0, 760, False, 0
2004,0, 760, False, 0
2005,0, 760, False, 0
2006,0, 760, False, 0
2007,0, 760, False, 0
2008,0, 760, False, 0
2009,0, 760, False, 0
2010,0, 760, False, 0
2011,0, 760, False, 0
2012,0, 760, False, 0
2013,0, 760, False, 0
2014,0, 760, False, 0
2015,0, 760, False, 0
2016,0, 760, False, 0
2017,0, 760, False, 0
2018,0, 760, False, 0
2019,0, 760, False, 0
2020,0, 760, False, 0
2021,0, 760, False, 0
2022,0, 760, False, 0
2023,0, 760, False, 0
2024,0, 760, False, 0
2025,0, 760, False, 0
2026,0, 760, False, 0
2027,0, 760, False, 0
2028,0, 760, False, 0
2029,0, 760, False, 2
2030,0, 760, False, 2
2031,0, 760, False, 2
2032,0, 760, False, 2
2033,0, 760, False, 2
2034,0, 760, False, 0
2035,0, 760, False, 0
2036,0, 760, False, 0
2037,0, 760, False, 0
2038,0, 760, False, 0
2039,0, 760, False, 0
2040,0, 760, False, 0
2041,0, 760, False, 0
2042,0, 760, False, 0
2043,0, 760, False, 0
2044,0, 760, False, 0
2045,0, 760, False, 0
2046,0, 760, False, 0
2047,0, 760, False, 0
2048,0, 760, False, 0
2049,0, 760, False, 0
2050,0, 760, False, 0
2051,0, 760, False, 0
2052,0, 760, False, 0
2053,0, 760, False, 0
2054,0, 760, False, 0
2055,0, 760, False, 0
2056,0, 760, False, 0
2057,0, 760, False, 0
2058,0, 760, False, 0
2059,0, 760, False, 0
2060,0, 760, False, 0
2061,0, 760, False, 3
2062,0, 760, False, 3
2063,0, 760, False, 3
2064,0, 760, False, 3
2065,0, 760, False, 0
2066,0, 760, False, 0
2067,0, 760, False, 0
2068,0, 760, False, 0
2069,0, 760, False, 0
2070,0, 760, False, 0
2071,0, 760, False, 0
2072,0, 760, False, 0
2073,0, 760, False, 0
2074,0, 760, False, 0
2075,0, 760, False, 0
2076,0, 760, False, 0
2077,0, 760, False, 0
2078,0, 760, False, 0
2079,0, 760, False, 0
2080,0, 760, False, 0
2081,0, 760, False, 0
2082,0, 760, False, 0
2083,0, 760, False, 0
2084,0, 760, False, 5
2085,0, 760, False, 5
2086,0, 760, False, 5
2087,0, 760, False, 5
2088,0, 760, False, 5
2089,0, 760, False, 5
2090,0, 760, False, 5
2091,0, 760, False, 5
2092,0, 760, False, 5
2093,0, 760, False, 0
2094,0, 760, False, 0
2095,0, 760, False, 0
2096,0, 760, False, 0
2097,0, 760, False, 0
2098,0, 760, False, 0
2099,0, 760, False, 0
2100,0, 760, False, 0
2101,0, 760, False, 0
2102,0, 760, False, 0
2103,0, 760, False, 0
2104,0, 760, False, 0
2105,0, 760, False, 0
2106,0, 760, False, 0
2107,0, 760, False, 0
2108,0, 760, False, 0
2109,0, 760, False, 0
2110,0, 760, False, 0
2111,0, 760, False, 0
2112,0, 760, False, 0
2113,0, 760, False, 0
2114,0, 760, False, 0
2115,0, 760, False, 0
2116,0, 760, False, 0
2117,0, 760, False, 0
2118,0, 760, False, 0
2119,0, 760, False, 0
2120,0, 760, False, 0
2121,0, 760, False, 0
2122,0, 760, False, 0
2123,0, 760, False, 0
2124,0, 760, False, 0
2125,0, 760, False, 0
2126,0, 760, False, 0
2127,0, 760, False, 0
2128,0, 760, False, 0
2129,0, 760, False, 0
2130,0, 760, False, 0
2131,0, 760, False, 0
2132,0, 760, False, 0
2133,0, 760, False, 0
2134,0, 760, False, 0
2135,0, 760, False, 0
2136,0, 760, False, 0
2137,0, 760, False, 0
2138,0, 760, False, 0
2139,0, 760, False, 0
2140,0, 760, False, 0
2141,0, 760, False, 0
2142,0, 760, False, 0
2143,0, 760, False, 0
2144,0, 760, False, 0
2145,0, 760, False, 0
2146,0, 760, False, 0
2147,0, 760, False, 0
2148,0, 760, False, 0
2149,0, 760, False, 0
2150,0, 760, False, 0
2151,0, 760, False, 0
2152,0, 760, False, 0
2153,0, 760, False, 0
2154,0, 760, False, 0
2155,0, 760, False, 0
2156,0, 760, False, 0
2157,0, 760, False, 0
2158,0, 760, False, 0
2159,0, 760, False, 0
2160,0, 760, False, 0
2161,0, 760, False, 0
2162,0, 760, False, 0
2163,0, 760, False, 0
2164,0, 760, False, 0
2165,0, 760, False, 0
2166,0, 760, False, 0
2167,0, 760, False, 0
2168,0, 760, False, 0
2169,0, 760, False, 0
2170,0, 760, False, 0
2171,0, 760, False, 0
2172,0, 760, False, 0
2173,0, 760, False, 0
2174,0, 760, False, 0
2175,0, 760, False, 0
2176,0, 760, False, 0
2177,0, 760, False, 0
2178,0, 760, False, 0
2179,0, 760, False, 5
2180,0, 760, False, 5
2181,0, 760, False, 5
2182,0, 760, False, 5
2183,0, 760, False, 5
2184,0, 760, False, 5
2185,0, 760, False, 5
2186,0, 760, False, 0
2187,0, 760, False, 0
2188,0, 760, False, 0
2189,0, 760, False, 0
2190,0, 760, False, 0
2191,0, 760, False, 0
2192,0, 760, False, 0
2193,0, 760, False, 0
2194,0, 760, False, 0
2195,0, 760, False, 0
2196,0, 760, False, 0
2197,0, 760, False, 0
2198,0, 760, False, 0
2199,0, 760, False, 0
2200,0, 760, False, 0
2201,0, 760, False, 0
2202,0, 760, False, 0
2203,0, 760, False, 0
2204,0, 760, False, 0
2205,0, 760, False, 0
2206,0, 760, False, 0
2207,0, 760, False, 0
2208,0, 760, False, 0
2209,0, 760, False, 0
2210,0, 760, False, 0
2211,0, 760, False, 0
2212,0, 760, False, 0
2213,0, 760, False, 0
2214,0, 760, False, 0
2215,0, 760, False, 0
2216,0, 760, False, 0
2217,0, 760, False, 0
2218,0, 760, False, 0
2219,0, 760, False, 0
2220,0, 760, False, 0
2221,0, 760, False, 0
2222,0, 760, False, 0
2223,0, 760, False, 0
2224,0, 760, False, 0
2225,0, 760, False, 0
2226,0, 760, False, 0
2227,0, 760, False, 0
2228,0, 760, False, 0
2229,0, 760, False, 0
2230,0, 760, False, 0
2231,0, 760, False, 0
2232,0, 760, False, 0
2233,0, 760, False, 0
2234,0, 760, False, 0
2235,0, 760, False, 0
2236,0, 760, False, 0
2237,0, 760, False, 0
2238,0, 760, False, 0
2239,0, 760, False, 0
2240,0, 760, False, 0
2241,0, 760, False, 0
2242,0, 760, False, 0
2243,0, 760, False, 0
2244,0, 760, False, 0
2245,0, 760, False, 0
2246,0, 760, False, 0
2247,0, 760, False, 0
2248,0, 760, False, 0
2249,0, 760, False, 0
2250,0, 760, False, 0
2251,0, 760, False, 0
2252,0, 760, False, 0
2253,0, 760, False, 0
2254,0, 760, False, 0
2255,0, 760, False, 0
2256,0, 760, False, 0
2257,0, 760, False, 0
2258,0, 760, False, 0
2259,0, 760, False, 0
2260,0, 760, False, 0
2261,0, 760, False, 0
2262,0, 760, False, 0
2263,0, 760, False, 0
2264,0, 760, False, 0
2265,0, 760, False, 0
2266,0, 760, False, 0
2267,0, 760, False, 0
2268,0, 760, False, 0
2269,0, 760, False, 0
2270,0, 760, False, 0
2271,0, 760, False, 0
2272,0, 760, False, 0
2273,0, 760, False, 0
2274,0, 760, False, 0
2275,0, 760, False, 0
2276,0, 760, False, 0
2277,0, 760, False, 0
2278,0, 760, False, 0
2279,0, 760, False, 0
2280,0, 760, False, 0
2281,0, 760, False, 0
2282,0, 760, False, 0
2283,0, 760, False, 0
2284,0, 760, False, 0
2285,0, 760, False, 0
2286,0, 760, False, 0
2287,0, 760, False, 0
2288,0, 760, False, 0
2289,0, 760, False, 0
2290,0, 760, False, 0
2291,0, 760, False, 0
2292,0, 760, False, 0
2293,0, 760, False, 0
2294,0, 760, False, 0
2295,0, 760, False, 0
2296,0, 760, False, 0
2297,0, 760, False, 0
2298,0, 760, False, 0
2299,0, 760, False, 0
2300,0, 760, False, 0
2301,0, 760, False, 0
2302,0, 760, False, 0
2303,0, 760, False, 0
2304,0, 760, False, 0
2305,0, 760, False, 0
2306,0, 760, False, 0
2307,0, 760, False, 0
2308,0, 760, False, 0
2309,0, 760, False, 0
2310,0, 760, False, 0
2311,0, 760, False, 0
2312,0, 760, False, 0
2313,0, 760, False, 0
2314,0, 760, False, 0
2315,0, 760, False, 0
2316,0, 760, False, 0
2317,0, 760, False, 0
2318,0, 760, False, 0
2319,0, 760, False, 0
2320,0, 760, False, 0
2321,0, 760, False, 0
2322,0, 760, False, 0
2323,0, 760, False, 0
2324,0, 760, False, 0
2325,0, 760, False, 0
2326,0, 760, False, 0
2327,0, 760, False, 0
2328,0, 760, False, 0
2329,0, 760, False, 0
2330,0, 760, False, 0
2331,0, 760, False, 0
2332,0, 760, False, 0
2333,0, 760, False, 0
2334,0, 760, False, 0
2335,0, 760, False, 0
2336,0, 760, False, 0
2337,0, 760, False, 0
2338,0, 760, False, 0
2339,0, 760, False, 0
2340,0, 760, False, 0
2341,0, 760, False, 0
2342,0, 760, False, 0
2343,0, 760, False, 0
2344,0, 760, False, 0
2345,0, 760, False, 0
2346,0, 760, False, 0
2347,0, 760, False, 0
2348,0, 760, False, 0
2349,0, 760, False, 0
2350,0, 760, False, 0
2351,0, 760, False, 0
2352,0, 760, False, 0
2353,0, 760, False, 0
2354,0, 760, False, 0
2355,0, 760, False, 0
2356,0, 760, False, 0
2357,0, 760, False, 0
2358,0, 760, False, 0
2359,0, 760, False, 0
2360,0, 760, False, 0
2361,0, 760, False, 0
2362,0, 760, False, 0
2363,0, 760, False, 0
2364,0, 760, False, 0
2365,0, 760, False, 0
2366,0, 760, False, 0
2367,0, 760, False, 0
2368,0, 760, False, 0
2369,0, 760, False, 0
2370,0, 760, False, 0
2371,0, 760, False, 0
2372,0, 760, False, 0
2373,0, 760, False, 0
2374,0, 760, False, 0
2375,0, 760, False, 0
2376,0, 760, False, 0
2377,0, 760, False, 0
2378,0, 760, False, 0
2379,0, 760, False, 0
2380,0, 760, False, 0
2381,0, 760, False, 0
2382,0, 760, False, 0
2383,0, 760, False, 0
2384,0, 760, False, 0
2385,0, 760, False, 0
2386,0, 760, False, 0
2387,0, 760, False, 0
2388,0, 760, False, 0
2389,0, 760, False, 0
2390,0, 760, False, 0
2391,0, 760, False, 0
2392,0, 760, False, 0
2393,0, 760, False, 0
2394,0, 760, False, 0
2395,0, 760, False, 0
2396,0, 760, False, 0
2397,0, 760, False, 0
2398,0, 760, False, 0
2399,0, 760, False, 0
2400,0, 760, False, 0
2401,0, 760, False, 0
2402,0, 760, False, 0
2403,0, 760, False, 0
2404,0, 760, False, 0
2405,0, 760, False, 0
2406,0, 760, False, 0
2407,0, 760, False, 0
2408,0, 760, False, 0
2409,0, 760, False, 0
2410,0, 760, False, 0
2411,0, 760, False, 0
2412,0, 760, False, 0
2413,0, 760, False, 0
2414,0, 760, False, 0
2415,0, 760, False, 0
2416,0, 760, False, 0
2417,0, 760, False, 0
2418,0, 760, False, 0
2419,0, 760, False, 0
2420,0, 760, False, 0
2421,0, 760, False, 0
2422,0, 760, False, 0
2423,0, 760, False, 0
2424,0, 760, False, 0
2425,0, 760, False, 0
2426,0, 760, False, 0
2427,0, 760, False, 0
2428,0, 760, False, 0
2429,0, 760, False, 0
2430,0, 760, False, 0
2431,0, 760, False, 0
2432,0, 760, False, 0
2433,0, 760, False, 0
2434,0, 760, False, 0
2435,0, 760, False, 0
2436,0, 760, False, 0
2437,0, 760, False, 0
2438,0, 760, False, 0
2439,0, 760, False, 0
2440,0, 760, False, 0
2441,0, 760, False, 0
2442,0, 760, False, 0
2443,0, 760, False, 0
2444,0, 760, False, 0
2445,0, 760, False, 0
2446,0, 760, False, 0
2447,0, 760, False, 0
2448,0, 760, False, 0
2449,0, 760, False, 0
2450,0, 760, False, 0
2451,0, 760, False, 0
2452,0, 760, False, 0
2453,0, 760, False, 0
2454,0, 760, False, 0
2455,0, 760, False, 0
2456,0, 760, False, 0
2457,0, 760, False, 0
2458,0, 760, False, 0
2459,0, 760, False, 0
2460,0, 760, False, 0
2461,0, 760, False, 0
2462,0, 760, False, 0
2463,0, 760, False, 0
2464,0, 760, False, 0
2465,0, 760, False, 0
2466,0, 760, False, 0
2467,0, 760, False, 0
2468,0, 760, False, 0
2469,0, 760, False, 0
2470,0, 760, False, 0
2471,0, 760, False, 0
2472,0, 760, False, 0
2473,0, 760, False, 0
2474,0, 760, False, 0
2475,0, 760, False, 0
2476,0, 760, False, 0
2477,0, 760, False, 0
2478,0, 760, False, 0
2479,0, 760, False, 0
2480,0, 760, False, 0
2481,0, 760, False, 0
2482,0, 760, False, 0
2483,0, 760, False, 0
2484,0, 760, False, 0
2485,0, 760, False, 0
2486,0, 760, False, 0
2487,0, 760, False, 0
2488,0, 760, False, 0
2489,0, 760, False, 0
2490,0, 760, False, 0
2491,0, 760, False, 0
2492,0, 760, False, 0
2493,0, 760, False, 0
2494,0, 760, False, 0
2495,0, 760, False, 0
2496,0, 760, False, 0
2497,0, 760, False, 0
2498,0, 760, False, 0
2499,0, 760, False, 3
2500,0, 760, False, 3
2501,0, 760, False, 3
2502,0, 760, False, 3
2503,0, 760, False, 3
2504,0, 760, False, 3
2505,0, 760, False, 3
2506,0, 760, False, 3
2507,0, 760, False, 3
2508,0, 760, False, 3
2509,0, 760, False, 3
2510,0, 760, False, 3
2511,0, 760, False, 0
2512,0, 760, False, 0
2513,0, 760, False, 0
2514,0, 760, False, 0
2515,0, 760, False, 0
2516,0, 760, False, 0
2517,0, 760, False, 0
2518,0, 760, False, 0
2519,0, 760, False, 0
2520,0, 760, False, 0
2521,0, 760, False, 4
2522,0, 760, False, 4
2523,0, 760, False, 4
2524,0, 760, False, 4
2525,0, 760, False, 4
2526,0, 760, False, 4
2527,0, 760, False, 4
2528,0, 760, False, 4
2529,0, 760, False, 4
2530,0, 760, False, 0
2531,0, 760, False, 0
2532,0, 760, False, 0
2533,0, 760, False, 0
2534,0, 760, False, 0
2535,0, 760, False, 0
2536,0, 760, False, 0
2537,0, 760, False, 0
2538,0, 760, False, 0
2539,0, 760, False, 0
2540,0, 760, False, 0
2541,0, 760, False, 0
2542,0, 760, False, 0
2543,0, 760, False, 0
2544,0, 760, False, 0
2545,0, 760, False, 0
2546,0, 760, False, 0
2547,0, 760, False, 0
2548,0, 760, False, 0
2549,0, 760, False, 0
2550,0, 760, False, 0
2551,0, 760, False, 0
2552,0, 760, False, 0
2553,0, 760, False, 0
2554,0, 760, False, 0
2555,0, 760, False, 0
2556,0, 760, False, 0
2557,0, 760, False, 0
2558,0, 760, False, 0
2559,0, 760, False, 0
2560,0, 760, False, 0
2561,0, 760, False, 0
2562,0, 760, False, 0
2563,0, 760, False, 0
2564,0, 760, False, 0
2565,0, 760, False, 0
2566,0, 760, False, 0
2567,0, 760, False, 0
2568,0, 760, False, 0
2569,0, 760, False, 0
2570,0, 760, False, 0
2571,0, 760, False, 0
2572,0, 760, False, 0
2573,0, 760, False, 0
2574,0, 760, False, 0
2575,0, 760, False, 0
2576,0, 760, False, 0
2577,0, 760, False, 0
2578,0, 760, False, 0
2579,0, 760, False, 0
2580,0, 760, False, 0
2581,0, 760, False, 0
2582,0, 760, False, 0
2583,0, 760, False, 0
2584,0, 760, False, 0
2585,0, 760, False, 0
2586,0, 760, False, 0
2587,0, 760, False, 0
2588,0, 760, False, 0
2589,0, 760, False, 0
2590,0, 760, False, 0
2591,0, 760, False, 0
2592,0, 760, False, 0
2593,0, 760, False, 0
2594,0, 760, False, 0
2595,0, 760, False, 0
2596,0, 760, False, 0
2597,0, 760, False, 0
2598,0, 760, False, 0
2599,0, 760, False, 0
2600,0, 760, False, 0
2601,0, 760, False, 0
2602,0, 760, False, 0
2603,0, 760, False, 0
2604,0, 760, False, 0
2605,0, 760, False, 0
2606,0, 760, False, 0
2607,0, 760, False, 0
2608,0, 760, False, 0
2609,0, 760, False, 0
2610,0, 760, False, 0
2611,0, 760, False, 0
2612,0, 760, False, 0
2613,0, 760, False, 0
2614,0, 760, False, 0
2615,0, 760, False, 0
2616,0, 760, False, 0
2617,0, 760, False, 0
2618,0, 760, False, 0
2619,0, 760, False, 0
2620,0, 760, False, 0
2621,0, 760, False, 0
2622,0, 760, True, 0
