db traj id : 137
frame,reward,score,terminal, action
0,0, 0, False, 0
1,0, 0, False, 0
2,0, 0, False, 0
3,0, 0, False, 0
4,0, 0, False, 0
5,0, 0, False, 0
6,0, 0, False, 0
7,0, 0, False, 0
8,0, 0, False, 0
9,0, 0, False, 0
10,0, 0, False, 0
11,0, 0, False, 0
12,0, 0, False, 0
13,0, 0, False, 0
14,0, 0, False, 0
15,0, 0, False, 0
16,0, 0, False, 0
17,0, 0, False, 0
18,0, 0, False, 0
19,0, 0, False, 0
20,0, 0, False, 0
21,0, 0, False, 0
22,0, 0, False, 0
23,0, 0, False, 0
24,0, 0, False, 0
25,0, 0, False, 0
26,0, 0, False, 0
27,0, 0, False, 0
28,0, 0, False, 0
29,0, 0, False, 0
30,0, 0, False, 0
31,0, 0, False, 0
32,0, 0, False, 0
33,0, 0, False, 0
34,0, 0, False, 0
35,0, 0, False, 0
36,0, 0, False, 0
37,0, 0, False, 0
38,0, 0, False, 0
39,0, 0, False, 0
40,0, 0, False, 0
41,0, 0, False, 0
42,0, 0, False, 0
43,0, 0, False, 0
44,0, 0, False, 1
45,0, 0, False, 1
46,0, 0, False, 1
47,0, 0, False, 1
48,0, 0, False, 1
49,0, 0, False, 0
50,0, 0, False, 0
51,0, 0, False, 0
52,0, 0, False, 0
53,0, 0, False, 0
54,0, 0, False, 0
55,0, 0, False, 0
56,0, 0, False, 0
57,0, 0, False, 0
58,0, 0, False, 0
59,0, 0, False, 0
60,0, 0, False, 0
61,0, 0, False, 0
62,0, 0, False, 0
63,0, 0, False, 0
64,0, 0, False, 0
65,0, 0, False, 0
66,0, 0, False, 0
67,0, 0, False, 0
68,0, 0, False, 0
69,0, 0, False, 0
70,0, 0, False, 0
71,0, 0, False, 0
72,0, 0, False, 0
73,0, 0, False, 0
74,0, 0, False, 0
75,0, 0, False, 0
76,0, 0, False, 0
77,0, 0, False, 0
78,0, 0, False, 0
79,0, 0, False, 0
80,0, 0, False, 0
81,0, 0, False, 0
82,0, 0, False, 0
83,0, 0, False, 0
84,0, 0, False, 0
85,0, 0, False, 0
86,0, 0, False, 0
87,0, 0, False, 0
88,0, 0, False, 3
89,0, 0, False, 3
90,0, 0, False, 3
91,0, 0, False, 3
92,0, 0, False, 3
93,0, 0, False, 3
94,0, 0, False, 3
95,0, 0, False, 3
96,0, 0, False, 3
97,0, 0, False, 0
98,0, 0, False, 0
99,0, 0, False, 0
100,0, 0, False, 0
101,0, 0, False, 0
102,0, 0, False, 0
103,0, 0, False, 0
104,0, 0, False, 0
105,0, 0, False, 0
106,0, 0, False, 0
107,0, 0, False, 0
108,0, 0, False, 0
109,0, 0, False, 0
110,0, 0, False, 4
111,0, 0, False, 4
112,0, 0, False, 4
113,0, 0, False, 4
114,0, 0, False, 4
115,0, 0, False, 4
116,0, 0, False, 4
117,0, 0, False, 4
118,0, 0, False, 4
119,0, 0, False, 4
120,0, 0, False, 4
121,0, 0, False, 4
122,0, 0, False, 0
123,0, 0, False, 0
124,0, 0, False, 0
125,0, 0, False, 0
126,0, 0, False, 0
127,0, 0, False, 0
128,0, 0, False, 0
129,0, 0, False, 0
130,0, 0, False, 0
131,0, 0, False, 0
132,0, 0, False, 0
133,0, 0, False, 0
134,0, 0, False, 0
135,0, 0, False, 0
136,0, 0, False, 0
137,0, 0, False, 0
138,0, 0, False, 0
139,0, 0, False, 0
140,0, 0, False, 0
141,0, 0, False, 0
142,0, 0, False, 0
143,0, 0, False, 0
144,0, 0, False, 0
145,0, 0, False, 0
146,0, 0, False, 0
147,0, 0, False, 0
148,0, 0, False, 0
149,0, 0, False, 4
150,0, 0, False, 4
151,0, 0, False, 4
152,0, 0, False, 4
153,0, 0, False, 4
154,0, 0, False, 4
155,0, 0, False, 4
156,0, 0, False, 4
157,0, 0, False, 4
158,0, 0, False, 4
159,0, 0, False, 0
160,0, 0, False, 0
161,0, 0, False, 0
162,0, 0, False, 0
163,0, 0, False, 0
164,0, 0, False, 0
165,0, 0, False, 0
166,0, 0, False, 0
167,0, 0, False, 0
168,0, 0, False, 0
169,0, 0, False, 0
170,0, 0, False, 0
171,0, 0, False, 0
172,0, 0, False, 0
173,0, 0, False, 0
174,0, 0, False, 0
175,0, 0, False, 0
176,0, 0, False, 0
177,0, 0, False, 0
178,0, 0, False, 0
179,0, 0, False, 0
180,0, 0, False, 0
181,0, 0, False, 0
182,0, 0, False, 0
183,0, 0, False, 0
184,0, 0, False, 0
185,0, 0, False, 0
186,0, 0, False, 0
187,0, 0, False, 0
188,0, 0, False, 0
189,0, 0, False, 0
190,0, 0, False, 0
191,0, 0, False, 0
192,0, 0, False, 0
193,0, 0, False, 0
194,0, 0, False, 0
195,0, 0, False, 0
196,0, 0, False, 0
197,0, 0, False, 0
198,0, 0, False, 0
199,0, 0, False, 0
200,0, 0, False, 0
201,0, 0, False, 0
202,0, 0, False, 0
203,0, 0, False, 0
204,0, 0, False, 0
205,0, 0, False, 0
206,0, 0, False, 0
207,0, 0, False, 0
208,0, 0, False, 0
209,0, 0, False, 0
210,0, 0, False, 0
211,0, 0, False, 0
212,0, 0, False, 0
213,0, 0, False, 0
214,0, 0, False, 0
215,0, 0, False, 0
216,0, 0, False, 0
217,0, 0, False, 0
218,0, 0, False, 0
219,0, 0, False, 0
220,0, 0, False, 0
221,0, 0, False, 0
222,0, 0, False, 0
223,0, 0, False, 0
224,0, 0, False, 0
225,0, 0, False, 0
226,0, 0, False, 0
227,0, 0, False, 0
228,0, 0, False, 0
229,0, 0, False, 0
230,0, 0, False, 0
231,0, 0, False, 0
232,0, 0, False, 0
233,0, 0, False, 0
234,0, 0, False, 0
235,0, 0, False, 0
236,0, 0, False, 0
237,0, 0, False, 0
238,0, 0, False, 0
239,0, 0, False, 0
240,0, 0, False, 0
241,0, 0, False, 0
242,0, 0, False, 0
243,0, 0, False, 0
244,0, 0, False, 0
245,0, 0, False, 0
246,0, 0, False, 0
247,0, 0, False, 0
248,0, 0, False, 0
249,0, 0, False, 0
250,0, 0, False, 0
251,0, 0, False, 0
252,0, 0, False, 0
253,0, 0, False, 0
254,0, 0, False, 0
255,0, 0, False, 0
256,0, 0, False, 0
257,0, 0, False, 0
258,0, 0, False, 0
259,0, 0, False, 0
260,0, 0, False, 0
261,0, 0, False, 0
262,0, 0, False, 0
263,0, 0, False, 0
264,0, 0, False, 0
265,0, 0, False, 0
266,0, 0, False, 0
267,0, 0, False, 0
268,0, 0, False, 0
269,0, 0, False, 0
270,0, 0, False, 0
271,0, 0, False, 0
272,0, 0, False, 1
273,0, 0, False, 1
274,0, 0, False, 1
275,0, 0, False, 1
276,0, 0, False, 1
277,0, 0, False, 1
278,0, 0, False, 1
279,0, 0, False, 1
280,10, 10, False, 1
281,0, 10, False, 1
282,0, 10, False, 1
283,0, 10, False, 1
284,0, 10, False, 1
285,0, 10, False, 1
286,0, 10, False, 1
287,0, 10, False, 1
288,0, 10, False, 1
289,0, 10, False, 0
290,0, 10, False, 0
291,0, 10, False, 0
292,0, 10, False, 0
293,0, 10, False, 0
294,10, 20, False, 0
295,0, 20, False, 0
296,0, 20, False, 0
297,0, 20, False, 0
298,0, 20, False, 0
299,0, 20, False, 0
300,0, 20, False, 0
301,0, 20, False, 0
302,0, 20, False, 0
303,0, 20, False, 4
304,0, 20, False, 4
305,0, 20, False, 4
306,0, 20, False, 4
307,0, 20, False, 4
308,10, 30, False, 4
309,0, 30, False, 4
310,0, 30, False, 4
311,0, 30, False, 4
312,0, 30, False, 4
313,0, 30, False, 4
314,0, 30, False, 4
315,0, 30, False, 4
316,0, 30, False, 0
317,0, 30, False, 0
318,0, 30, False, 0
319,0, 30, False, 0
320,10, 40, False, 0
321,0, 40, False, 0
322,0, 40, False, 0
323,0, 40, False, 0
324,0, 40, False, 0
325,0, 40, False, 0
326,0, 40, False, 4
327,0, 40, False, 4
328,0, 40, False, 0
329,0, 40, False, 0
330,0, 40, False, 5
331,0, 40, False, 5
332,0, 40, False, 5
333,0, 40, False, 5
334,10, 50, False, 0
335,0, 50, False, 0
336,0, 50, False, 0
337,0, 50, False, 0
338,0, 50, False, 0
339,0, 50, False, 0
340,0, 50, False, 0
341,0, 50, False, 0
342,0, 50, False, 0
343,0, 50, False, 5
344,0, 50, False, 5
345,0, 50, False, 5
346,0, 50, False, 5
347,0, 50, False, 5
348,10, 60, False, 5
349,0, 60, False, 5
350,0, 60, False, 5
351,0, 60, False, 5
352,0, 60, False, 0
353,0, 60, False, 0
354,0, 60, False, 0
355,0, 60, False, 0
356,0, 60, False, 0
357,0, 60, False, 0
358,10, 70, False, 5
359,0, 70, False, 5
360,0, 70, False, 5
361,0, 70, False, 5
362,0, 70, False, 5
363,0, 70, False, 5
364,0, 70, False, 0
365,0, 70, False, 0
366,0, 70, False, 0
367,0, 70, False, 0
368,0, 70, False, 0
369,0, 70, False, 0
370,0, 70, False, 0
371,0, 70, False, 0
372,10, 80, False, 0
373,0, 80, False, 0
374,0, 80, False, 0
375,0, 80, False, 0
376,0, 80, False, 0
377,0, 80, False, 0
378,0, 80, False, 0
379,0, 80, False, 0
380,0, 80, False, 0
381,0, 80, False, 0
382,0, 80, False, 0
383,0, 80, False, 0
384,0, 80, False, 0
385,0, 80, False, 0
386,10, 90, False, 3
387,0, 90, False, 3
388,0, 90, False, 3
389,0, 90, False, 3
390,0, 90, False, 3
391,0, 90, False, 3
392,0, 90, False, 3
393,0, 90, False, 3
394,0, 90, False, 3
395,0, 90, False, 3
396,0, 90, False, 3
397,0, 90, False, 0
398,0, 90, False, 0
399,0, 90, False, 0
400,10, 100, False, 0
401,0, 100, False, 0
402,0, 100, False, 0
403,0, 100, False, 0
404,0, 100, False, 0
405,0, 100, False, 3
406,0, 100, False, 3
407,0, 100, False, 3
408,0, 100, False, 3
409,0, 100, False, 3
410,0, 100, False, 3
411,0, 100, False, 3
412,0, 100, False, 3
413,0, 100, False, 0
414,10, 110, False, 0
415,0, 110, False, 0
416,0, 110, False, 0
417,0, 110, False, 0
418,0, 110, False, 0
419,0, 110, False, 3
420,0, 110, False, 3
421,0, 110, False, 3
422,0, 110, False, 3
423,0, 110, False, 3
424,0, 110, False, 3
425,0, 110, False, 3
426,0, 110, False, 3
427,0, 110, False, 3
428,10, 120, False, 0
429,0, 120, False, 0
430,0, 120, False, 0
431,0, 120, False, 0
432,0, 120, False, 0
433,0, 120, False, 0
434,0, 120, False, 0
435,0, 120, False, 0
436,0, 120, False, 0
437,0, 120, False, 0
438,0, 120, False, 0
439,0, 120, False, 0
440,0, 120, False, 0
441,0, 120, False, 0
442,10, 130, False, 0
443,0, 130, False, 0
444,0, 130, False, 0
445,0, 130, False, 0
446,0, 130, False, 0
447,0, 130, False, 0
448,0, 130, False, 0
449,0, 130, False, 0
450,0, 130, False, 0
451,0, 130, False, 0
452,0, 130, False, 0
453,0, 130, False, 0
454,0, 130, False, 0
455,0, 130, False, 0
456,10, 140, False, 0
457,0, 140, False, 0
458,0, 140, False, 0
459,0, 140, False, 0
460,0, 140, False, 0
461,0, 140, False, 0
462,0, 140, False, 0
463,0, 140, False, 0
464,0, 140, False, 0
465,0, 140, False, 0
466,0, 140, False, 0
467,0, 140, False, 0
468,10, 150, False, 0
469,0, 150, False, 0
470,0, 150, False, 0
471,0, 150, False, 0
472,0, 150, False, 0
473,0, 150, False, 0
474,0, 150, False, 0
475,0, 150, False, 0
476,0, 150, False, 0
477,0, 150, False, 0
478,0, 150, False, 0
479,0, 150, False, 0
480,0, 150, False, 0
481,0, 150, False, 0
482,10, 160, False, 0
483,0, 160, False, 0
484,0, 160, False, 0
485,0, 160, False, 0
486,0, 160, False, 0
487,0, 160, False, 0
488,0, 160, False, 0
489,0, 160, False, 0
490,0, 160, False, 0
491,0, 160, False, 0
492,0, 160, False, 0
493,0, 160, False, 0
494,0, 160, False, 0
495,0, 160, False, 0
496,0, 160, False, 0
497,0, 160, False, 0
498,0, 160, False, 0
499,0, 160, False, 0
500,10, 170, False, 0
501,0, 170, False, 0
502,0, 170, False, 0
503,0, 170, False, 0
504,0, 170, False, 0
505,0, 170, False, 0
506,0, 170, False, 0
507,0, 170, False, 0
508,0, 170, False, 0
509,0, 170, False, 0
510,0, 170, False, 0
511,0, 170, False, 0
512,0, 170, False, 0
513,0, 170, False, 0
514,10, 180, False, 0
515,0, 180, False, 0
516,0, 180, False, 0
517,0, 180, False, 0
518,0, 180, False, 0
519,0, 180, False, 0
520,0, 180, False, 0
521,0, 180, False, 0
522,0, 180, False, 0
523,0, 180, False, 0
524,0, 180, False, 0
525,0, 180, False, 0
526,0, 180, False, 0
527,0, 180, False, 0
528,10, 190, False, 0
529,0, 190, False, 0
530,0, 190, False, 0
531,0, 190, False, 0
532,0, 190, False, 0
533,0, 190, False, 0
534,0, 190, False, 0
535,0, 190, False, 0
536,0, 190, False, 0
537,0, 190, False, 0
538,0, 190, False, 0
539,0, 190, False, 0
540,10, 200, False, 0
541,0, 200, False, 0
542,0, 200, False, 0
543,0, 200, False, 0
544,0, 200, False, 0
545,0, 200, False, 0
546,0, 200, False, 0
547,0, 200, False, 0
548,0, 200, False, 0
549,0, 200, False, 0
550,0, 200, False, 0
551,0, 200, False, 0
552,0, 200, False, 0
553,0, 200, False, 0
554,10, 210, False, 0
555,0, 210, False, 0
556,0, 210, False, 0
557,0, 210, False, 0
558,0, 210, False, 0
559,0, 210, False, 0
560,0, 210, False, 0
561,0, 210, False, 0
562,0, 210, False, 0
563,0, 210, False, 0
564,0, 210, False, 0
565,0, 210, False, 0
566,0, 210, False, 0
567,0, 210, False, 0
568,0, 210, False, 0
569,0, 210, False, 0
570,0, 210, False, 0
571,0, 210, False, 0
572,0, 210, False, 0
573,0, 210, False, 0
574,0, 210, False, 0
575,0, 210, False, 0
576,0, 210, False, 0
577,0, 210, False, 0
578,0, 210, False, 0
579,0, 210, False, 0
580,0, 210, False, 0
581,0, 210, False, 0
582,0, 210, False, 0
583,0, 210, False, 0
584,0, 210, False, 0
585,0, 210, False, 0
586,0, 210, False, 0
587,0, 210, False, 0
588,0, 210, False, 0
589,0, 210, False, 0
590,0, 210, False, 0
591,0, 210, False, 0
592,0, 210, False, 0
593,0, 210, False, 0
594,0, 210, False, 0
595,0, 210, False, 0
596,0, 210, False, 0
597,0, 210, False, 0
598,0, 210, False, 0
599,0, 210, False, 0
600,0, 210, False, 0
601,0, 210, False, 0
602,0, 210, False, 0
603,0, 210, False, 0
604,0, 210, False, 0
605,0, 210, False, 0
606,0, 210, False, 0
607,0, 210, False, 0
608,0, 210, False, 0
609,0, 210, False, 0
610,0, 210, False, 0
611,0, 210, False, 0
612,0, 210, False, 0
613,0, 210, False, 0
614,0, 210, False, 0
615,0, 210, False, 0
616,0, 210, False, 0
617,0, 210, False, 0
618,0, 210, False, 0
619,0, 210, False, 0
620,0, 210, False, 0
621,0, 210, False, 0
622,0, 210, False, 0
623,0, 210, False, 0
624,0, 210, False, 0
625,0, 210, False, 0
626,0, 210, False, 0
627,0, 210, False, 0
628,0, 210, False, 0
629,0, 210, False, 0
630,0, 210, False, 0
631,0, 210, False, 0
632,0, 210, False, 0
633,0, 210, False, 0
634,0, 210, False, 0
635,0, 210, False, 0
636,0, 210, False, 0
637,0, 210, False, 0
638,0, 210, False, 0
639,0, 210, False, 0
640,0, 210, False, 0
641,0, 210, False, 0
642,0, 210, False, 0
643,0, 210, False, 0
644,0, 210, False, 0
645,0, 210, False, 0
646,0, 210, False, 0
647,0, 210, False, 0
648,0, 210, False, 0
649,0, 210, False, 0
650,0, 210, False, 0
651,0, 210, False, 0
652,0, 210, False, 0
653,0, 210, False, 0
654,0, 210, False, 0
655,0, 210, False, 0
656,0, 210, False, 0
657,0, 210, False, 0
658,0, 210, False, 0
659,0, 210, False, 0
660,0, 210, False, 0
661,0, 210, False, 0
662,0, 210, False, 0
663,0, 210, False, 0
664,0, 210, False, 0
665,0, 210, False, 0
666,0, 210, False, 0
667,0, 210, False, 0
668,0, 210, False, 0
669,0, 210, False, 0
670,0, 210, False, 0
671,0, 210, False, 0
672,0, 210, False, 0
673,0, 210, False, 0
674,0, 210, False, 4
675,0, 210, False, 4
676,0, 210, False, 4
677,0, 210, False, 4
678,0, 210, False, 4
679,0, 210, False, 4
680,0, 210, False, 4
681,0, 210, False, 4
682,0, 210, False, 4
683,0, 210, False, 0
684,0, 210, False, 0
685,0, 210, False, 0
686,0, 210, False, 0
687,0, 210, False, 0
688,0, 210, False, 0
689,0, 210, False, 0
690,0, 210, False, 0
691,0, 210, False, 0
692,0, 210, False, 0
693,0, 210, False, 0
694,0, 210, False, 0
695,0, 210, False, 4
696,0, 210, False, 4
697,0, 210, False, 4
698,0, 210, False, 4
699,0, 210, False, 4
700,0, 210, False, 4
701,0, 210, False, 4
702,0, 210, False, 4
703,0, 210, False, 4
704,0, 210, False, 0
705,0, 210, False, 0
706,0, 210, False, 0
707,0, 210, False, 0
708,0, 210, False, 0
709,0, 210, False, 0
710,0, 210, False, 0
711,0, 210, False, 0
712,0, 210, False, 4
713,0, 210, False, 4
714,0, 210, False, 4
715,0, 210, False, 4
716,0, 210, False, 4
717,0, 210, False, 4
718,0, 210, False, 4
719,0, 210, False, 4
720,0, 210, False, 0
721,0, 210, False, 0
722,0, 210, False, 0
723,0, 210, False, 0
724,0, 210, False, 0
725,0, 210, False, 0
726,0, 210, False, 0
727,0, 210, False, 0
728,0, 210, False, 0
729,0, 210, False, 0
730,0, 210, False, 0
731,0, 210, False, 4
732,0, 210, False, 4
733,0, 210, False, 4
734,0, 210, False, 4
735,0, 210, False, 4
736,0, 210, False, 4
737,0, 210, False, 4
738,0, 210, False, 4
739,0, 210, False, 4
740,0, 210, False, 4
741,0, 210, False, 4
742,0, 210, False, 0
743,0, 210, False, 0
744,0, 210, False, 0
745,0, 210, False, 0
746,0, 210, False, 0
747,0, 210, False, 0
748,0, 210, False, 0
749,0, 210, False, 0
750,0, 210, False, 0
751,0, 210, False, 0
752,0, 210, False, 0
753,0, 210, False, 0
754,0, 210, False, 4
755,0, 210, False, 4
756,0, 210, False, 4
757,0, 210, False, 4
758,0, 210, False, 4
759,0, 210, False, 4
760,0, 210, False, 4
761,0, 210, False, 0
762,0, 210, False, 0
763,0, 210, False, 0
764,0, 210, False, 0
765,0, 210, False, 0
766,0, 210, False, 0
767,0, 210, False, 0
768,0, 210, False, 0
769,0, 210, False, 0
770,0, 210, False, 0
771,0, 210, False, 0
772,0, 210, False, 0
773,0, 210, False, 0
774,0, 210, False, 0
775,0, 210, False, 0
776,0, 210, False, 0
777,0, 210, False, 0
778,0, 210, False, 0
779,0, 210, False, 0
780,0, 210, False, 0
781,0, 210, False, 0
782,0, 210, False, 0
783,0, 210, False, 0
784,0, 210, False, 0
785,0, 210, False, 0
786,0, 210, False, 0
787,0, 210, False, 0
788,0, 210, False, 0
789,0, 210, False, 0
790,0, 210, False, 0
791,0, 210, False, 0
792,0, 210, False, 0
793,0, 210, False, 0
794,0, 210, False, 0
795,0, 210, False, 0
796,0, 210, False, 0
797,0, 210, False, 0
798,0, 210, False, 0
799,0, 210, False, 0
800,0, 210, False, 0
801,0, 210, False, 0
802,0, 210, False, 0
803,0, 210, False, 0
804,0, 210, False, 0
805,0, 210, False, 5
806,0, 210, False, 5
807,0, 210, False, 5
808,0, 210, False, 5
809,0, 210, False, 5
810,0, 210, False, 5
811,0, 210, False, 5
812,0, 210, False, 5
813,0, 210, False, 5
814,0, 210, False, 0
815,0, 210, False, 0
816,0, 210, False, 0
817,0, 210, False, 0
818,0, 210, False, 0
819,0, 210, False, 0
820,0, 210, False, 0
821,0, 210, False, 0
822,0, 210, False, 0
823,0, 210, False, 0
824,0, 210, False, 0
825,0, 210, False, 0
826,0, 210, False, 0
827,0, 210, False, 0
828,0, 210, False, 0
829,0, 210, False, 0
830,0, 210, False, 0
831,0, 210, False, 0
832,0, 210, False, 0
833,0, 210, False, 0
834,0, 210, False, 0
835,0, 210, False, 0
836,0, 210, False, 0
837,0, 210, False, 0
838,0, 210, False, 0
839,0, 210, False, 0
840,0, 210, False, 0
841,0, 210, False, 0
842,0, 210, False, 0
843,0, 210, False, 0
844,0, 210, False, 0
845,0, 210, False, 0
846,0, 210, False, 0
847,0, 210, False, 0
848,0, 210, False, 0
849,0, 210, False, 0
850,0, 210, False, 0
851,0, 210, False, 0
852,0, 210, False, 0
853,0, 210, False, 0
854,0, 210, False, 0
855,0, 210, False, 0
856,0, 210, False, 0
857,0, 210, False, 0
858,0, 210, False, 0
859,0, 210, False, 0
860,0, 210, False, 0
861,0, 210, False, 4
862,0, 210, False, 4
863,0, 210, False, 4
864,0, 210, False, 4
865,0, 210, False, 4
866,0, 210, False, 4
867,0, 210, False, 4
868,0, 210, False, 4
869,0, 210, False, 4
870,0, 210, False, 4
871,0, 210, False, 0
872,0, 210, False, 0
873,0, 210, False, 0
874,0, 210, False, 0
875,0, 210, False, 0
876,10, 220, False, 0
877,0, 220, False, 0
878,0, 220, False, 0
879,0, 220, False, 0
880,0, 220, False, 0
881,0, 220, False, 0
882,0, 220, False, 0
883,0, 220, False, 0
884,0, 220, False, 0
885,0, 220, False, 0
886,0, 220, False, 0
887,0, 220, False, 0
888,0, 220, False, 0
889,0, 220, False, 0
890,10, 230, False, 0
891,0, 230, False, 0
892,0, 230, False, 0
893,0, 230, False, 0
894,0, 230, False, 0
895,0, 230, False, 0
896,0, 230, False, 0
897,0, 230, False, 0
898,0, 230, False, 0
899,0, 230, False, 0
900,0, 230, False, 0
901,0, 230, False, 0
902,0, 230, False, 0
903,0, 230, False, 0
904,10, 240, False, 0
905,0, 240, False, 0
906,0, 240, False, 0
907,0, 240, False, 0
908,0, 240, False, 0
909,0, 240, False, 0
910,0, 240, False, 0
911,0, 240, False, 0
912,0, 240, False, 0
913,0, 240, False, 0
914,0, 240, False, 0
915,0, 240, False, 0
916,0, 240, False, 2
917,0, 240, False, 2
918,0, 240, False, 2
919,0, 240, False, 2
920,0, 240, False, 2
921,0, 240, False, 2
922,0, 240, False, 2
923,0, 240, False, 2
924,0, 240, False, 0
925,0, 240, False, 0
926,50, 290, False, 0
927,0, 290, False, 0
928,0, 290, False, 0
929,0, 290, False, 0
930,0, 290, False, 0
931,0, 290, False, 0
932,0, 290, False, 0
933,0, 290, False, 0
934,0, 290, False, 0
935,0, 290, False, 0
936,0, 290, False, 0
937,0, 290, False, 0
938,0, 290, False, 0
939,0, 290, False, 0
940,10, 300, False, 0
941,0, 300, False, 0
942,0, 300, False, 0
943,0, 300, False, 0
944,0, 300, False, 0
945,0, 300, False, 0
946,0, 300, False, 0
947,0, 300, False, 0
948,0, 300, False, 0
949,0, 300, False, 0
950,0, 300, False, 0
951,0, 300, False, 0
952,0, 300, False, 0
953,0, 300, False, 0
954,10, 310, False, 3
955,0, 310, False, 3
956,0, 310, False, 3
957,0, 310, False, 3
958,0, 310, False, 3
959,0, 310, False, 3
960,0, 310, False, 0
961,0, 310, False, 0
962,0, 310, False, 0
963,0, 310, False, 0
964,10, 320, False, 2
965,0, 320, False, 2
966,0, 320, False, 2
967,0, 320, False, 2
968,0, 320, False, 2
969,0, 320, False, 2
970,0, 320, False, 0
971,0, 320, False, 0
972,0, 320, False, 0
973,0, 320, False, 0
974,0, 320, False, 0
975,0, 320, False, 0
976,0, 320, False, 0
977,0, 320, False, 0
978,0, 320, False, 0
979,0, 320, False, 0
980,0, 320, False, 0
981,0, 320, False, 0
982,10, 330, False, 0
983,0, 330, False, 0
984,0, 330, False, 0
985,0, 330, False, 0
986,0, 330, False, 0
987,0, 330, False, 0
988,0, 330, False, 0
989,0, 330, False, 0
990,0, 330, False, 0
991,0, 330, False, 0
992,0, 330, False, 0
993,0, 330, False, 0
994,0, 330, False, 0
995,0, 330, False, 0
996,10, 340, False, 0
997,0, 340, False, 0
998,0, 340, False, 0
999,0, 340, False, 0
1000,0, 340, False, 0
1001,0, 340, False, 0
1002,0, 340, False, 0
1003,0, 340, False, 0
1004,0, 340, False, 0
1005,0, 340, False, 0
1006,0, 340, False, 0
1007,0, 340, False, 0
1008,0, 340, False, 0
1009,0, 340, False, 0
1010,10, 350, False, 0
1011,0, 350, False, 0
1012,0, 350, False, 0
1013,0, 350, False, 0
1014,0, 350, False, 0
1015,0, 350, False, 0
1016,0, 350, False, 0
1017,0, 350, False, 0
1018,0, 350, False, 0
1019,0, 350, False, 0
1020,0, 350, False, 0
1021,0, 350, False, 0
1022,0, 350, False, 0
1023,0, 350, False, 0
1024,10, 360, False, 0
1025,0, 360, False, 0
1026,0, 360, False, 0
1027,0, 360, False, 0
1028,0, 360, False, 0
1029,0, 360, False, 0
1030,0, 360, False, 0
1031,0, 360, False, 0
1032,0, 360, False, 0
1033,0, 360, False, 0
1034,0, 360, False, 0
1035,0, 360, False, 0
1036,0, 360, False, 0
1037,0, 360, False, 0
1038,10, 370, False, 0
1039,0, 370, False, 0
1040,0, 370, False, 0
1041,0, 370, False, 0
1042,0, 370, False, 0
1043,0, 370, False, 0
1044,0, 370, False, 0
1045,0, 370, False, 0
1046,0, 370, False, 0
1047,0, 370, False, 0
1048,0, 370, False, 0
1049,0, 370, False, 0
1050,0, 370, False, 0
1051,0, 370, False, 0
1052,10, 380, False, 0
1053,0, 380, False, 0
1054,0, 380, False, 0
1055,0, 380, False, 0
1056,0, 380, False, 0
1057,0, 380, False, 0
1058,0, 380, False, 0
1059,0, 380, False, 0
1060,0, 380, False, 0
1061,0, 380, False, 0
1062,0, 380, False, 0
1063,0, 380, False, 0
1064,0, 380, False, 0
1065,0, 380, False, 0
1066,10, 390, False, 0
1067,0, 390, False, 0
1068,0, 390, False, 0
1069,0, 390, False, 0
1070,0, 390, False, 0
1071,0, 390, False, 0
1072,0, 390, False, 0
1073,0, 390, False, 4
1074,0, 390, False, 4
1075,0, 390, False, 4
1076,0, 390, False, 4
1077,0, 390, False, 4
1078,0, 390, False, 4
1079,0, 390, False, 4
1080,10, 400, False, 4
1081,0, 400, False, 0
1082,0, 400, False, 0
1083,0, 400, False, 0
1084,0, 400, False, 0
1085,0, 400, False, 0
1086,0, 400, False, 0
1087,0, 400, False, 0
1088,0, 400, False, 0
1089,0, 400, False, 0
1090,0, 400, False, 0
1091,0, 400, False, 0
1092,10, 410, False, 0
1093,0, 410, False, 0
1094,0, 410, False, 0
1095,0, 410, False, 0
1096,0, 410, False, 0
1097,0, 410, False, 0
1098,0, 410, False, 0
1099,0, 410, False, 0
1100,0, 410, False, 2
1101,0, 410, False, 2
1102,0, 410, False, 2
1103,0, 410, False, 2
1104,0, 410, False, 2
1105,0, 410, False, 2
1106,0, 410, False, 2
1107,0, 410, False, 2
1108,0, 410, False, 2
1109,0, 410, False, 2
1110,0, 410, False, 0
1111,0, 410, False, 0
1112,0, 410, False, 0
1113,0, 410, False, 0
1114,0, 410, False, 0
1115,0, 410, False, 0
1116,0, 410, False, 0
1117,0, 410, False, 0
1118,50, 460, False, 0
1119,0, 460, False, 0
1120,0, 460, False, 0
1121,0, 460, False, 0
1122,0, 460, False, 0
1123,0, 460, False, 0
1124,10, 470, False, 3
1125,0, 470, False, 3
1126,0, 470, False, 3
1127,0, 470, False, 3
1128,0, 470, False, 3
1129,0, 470, False, 3
1130,0, 470, False, 3
1131,0, 470, False, 3
1132,0, 470, False, 3
1133,0, 470, False, 3
1134,0, 470, False, 0
1135,0, 470, False, 0
1136,10, 480, False, 0
1137,0, 480, False, 0
1138,0, 480, False, 0
1139,0, 480, False, 0
1140,0, 480, False, 0
1141,0, 480, False, 0
1142,0, 480, False, 0
1143,0, 480, False, 0
1144,0, 480, False, 0
1145,0, 480, False, 0
1146,0, 480, False, 0
1147,0, 480, False, 0
1148,10, 490, False, 0
1149,0, 490, False, 0
1150,0, 490, False, 0
1151,0, 490, False, 0
1152,0, 490, False, 0
1153,0, 490, False, 0
1154,0, 490, False, 0
1155,0, 490, False, 0
1156,0, 490, False, 0
1157,0, 490, False, 0
1158,0, 490, False, 0
1159,0, 490, False, 0
1160,0, 490, False, 0
1161,0, 490, False, 0
1162,10, 500, False, 0
1163,0, 500, False, 0
1164,0, 500, False, 0
1165,0, 500, False, 0
1166,0, 500, False, 0
1167,0, 500, False, 0
1168,0, 500, False, 0
1169,0, 500, False, 0
1170,0, 500, False, 0
1171,0, 500, False, 0
1172,0, 500, False, 0
1173,0, 500, False, 5
1174,0, 500, False, 5
1175,0, 500, False, 5
1176,0, 500, False, 5
1177,0, 500, False, 5
1178,0, 500, False, 5
1179,0, 500, False, 5
1180,10, 510, False, 5
1181,0, 510, False, 5
1182,0, 510, False, 5
1183,0, 510, False, 5
1184,0, 510, False, 5
1185,0, 510, False, 0
1186,0, 510, False, 0
1187,0, 510, False, 0
1188,0, 510, False, 0
1189,0, 510, False, 0
1190,0, 510, False, 0
1191,0, 510, False, 0
1192,0, 510, False, 0
1193,0, 510, False, 0
1194,10, 520, False, 0
1195,0, 520, False, 0
1196,0, 520, False, 0
1197,0, 520, False, 0
1198,0, 520, False, 0
1199,0, 520, False, 0
1200,0, 520, False, 0
1201,0, 520, False, 0
1202,0, 520, False, 0
1203,0, 520, False, 0
1204,0, 520, False, 0
1205,0, 520, False, 0
1206,0, 520, False, 4
1207,0, 520, False, 4
1208,10, 530, False, 4
1209,0, 530, False, 4
1210,0, 530, False, 4
1211,0, 530, False, 4
1212,0, 530, False, 4
1213,0, 530, False, 4
1214,0, 530, False, 4
1215,0, 530, False, 4
1216,0, 530, False, 0
1217,0, 530, False, 0
1218,0, 530, False, 0
1219,0, 530, False, 0
1220,0, 530, False, 0
1221,0, 530, False, 0
1222,10, 540, False, 0
1223,0, 540, False, 0
1224,0, 540, False, 0
1225,0, 540, False, 0
1226,0, 540, False, 0
1227,0, 540, False, 0
1228,0, 540, False, 0
1229,0, 540, False, 0
1230,0, 540, False, 0
1231,0, 540, False, 0
1232,0, 540, False, 0
1233,0, 540, False, 0
1234,0, 540, False, 0
1235,0, 540, False, 0
1236,0, 540, False, 0
1237,0, 540, False, 0
1238,0, 540, False, 0
1239,0, 540, False, 0
1240,0, 540, False, 0
1241,0, 540, False, 0
1242,0, 540, False, 0
1243,0, 540, False, 0
1244,0, 540, False, 0
1245,0, 540, False, 0
1246,0, 540, False, 0
1247,0, 540, False, 0
1248,0, 540, False, 3
1249,0, 540, False, 3
1250,0, 540, False, 3
1251,0, 540, False, 3
1252,0, 540, False, 3
1253,0, 540, False, 3
1254,0, 540, False, 3
1255,0, 540, False, 3
1256,10, 550, False, 0
1257,0, 550, False, 0
1258,0, 550, False, 0
1259,0, 550, False, 0
1260,0, 550, False, 0
1261,0, 550, False, 0
1262,0, 550, False, 0
1263,0, 550, False, 0
1264,0, 550, False, 0
1265,0, 550, False, 0
1266,0, 550, False, 0
1267,0, 550, False, 0
1268,0, 550, False, 0
1269,0, 550, False, 0
1270,10, 560, False, 0
1271,0, 560, False, 0
1272,0, 560, False, 0
1273,0, 560, False, 0
1274,0, 560, False, 0
1275,0, 560, False, 0
1276,0, 560, False, 0
1277,0, 560, False, 0
1278,0, 560, False, 0
1279,0, 560, False, 2
1280,0, 560, False, 2
1281,0, 560, False, 2
1282,0, 560, False, 2
1283,0, 560, False, 2
1284,10, 570, False, 2
1285,0, 570, False, 2
1286,0, 570, False, 2
1287,0, 570, False, 0
1288,0, 570, False, 0
1289,0, 570, False, 0
1290,0, 570, False, 0
1291,0, 570, False, 0
1292,0, 570, False, 2
1293,0, 570, False, 2
1294,0, 570, False, 2
1295,0, 570, False, 2
1296,10, 580, False, 2
1297,0, 580, False, 2
1298,0, 580, False, 2
1299,0, 580, False, 0
1300,0, 580, False, 0
1301,0, 580, False, 0
1302,0, 580, False, 0
1303,0, 580, False, 0
1304,0, 580, False, 0
1305,0, 580, False, 0
1306,0, 580, False, 0
1307,0, 580, False, 0
1308,0, 580, False, 0
1309,0, 580, False, 0
1310,10, 590, False, 0
1311,0, 590, False, 0
1312,0, 590, False, 0
1313,0, 590, False, 0
1314,0, 590, False, 0
1315,0, 590, False, 0
1316,0, 590, False, 0
1317,0, 590, False, 0
1318,0, 590, False, 0
1319,0, 590, False, 0
1320,0, 590, False, 0
1321,0, 590, False, 0
1322,0, 590, False, 0
1323,0, 590, False, 0
1324,0, 590, False, 0
1325,0, 590, False, 0
1326,0, 590, False, 0
1327,0, 590, False, 0
1328,10, 600, False, 0
1329,0, 600, False, 0
1330,0, 600, False, 0
1331,0, 600, False, 0
1332,0, 600, False, 0
1333,0, 600, False, 0
1334,0, 600, False, 0
1335,0, 600, False, 0
1336,0, 600, False, 0
1337,0, 600, False, 0
1338,0, 600, False, 0
1339,0, 600, False, 0
1340,0, 600, False, 0
1341,0, 600, False, 2
1342,10, 610, False, 2
1343,0, 610, False, 2
1344,0, 610, False, 2
1345,0, 610, False, 2
1346,0, 610, False, 2
1347,0, 610, False, 2
1348,0, 610, False, 2
1349,0, 610, False, 0
1350,0, 610, False, 0
1351,0, 610, False, 0
1352,0, 610, False, 0
1353,0, 610, False, 0
1354,0, 610, False, 2
1355,0, 610, False, 2
1356,10, 620, False, 2
1357,0, 620, False, 2
1358,0, 620, False, 2
1359,0, 620, False, 2
1360,0, 620, False, 0
1361,0, 620, False, 0
1362,0, 620, False, 0
1363,0, 620, False, 0
1364,0, 620, False, 0
1365,0, 620, False, 2
1366,0, 620, False, 2
1367,0, 620, False, 2
1368,0, 620, False, 2
1369,0, 620, False, 2
1370,0, 620, False, 2
1371,0, 620, False, 2
1372,10, 630, False, 0
1373,0, 630, False, 0
1374,0, 630, False, 0
1375,0, 630, False, 0
1376,0, 630, False, 0
1377,0, 630, False, 0
1378,0, 630, False, 0
1379,0, 630, False, 0
1380,0, 630, False, 0
1381,0, 630, False, 0
1382,0, 630, False, 0
1383,0, 630, False, 0
1384,0, 630, False, 0
1385,0, 630, False, 0
1386,10, 640, False, 0
1387,0, 640, False, 0
1388,0, 640, False, 3
1389,0, 640, False, 3
1390,0, 640, False, 3
1391,0, 640, False, 3
1392,0, 640, False, 3
1393,0, 640, False, 3
1394,0, 640, False, 3
1395,0, 640, False, 0
1396,0, 640, False, 0
1397,0, 640, False, 0
1398,10, 650, False, 0
1399,0, 650, False, 0
1400,0, 650, False, 0
1401,0, 650, False, 0
1402,0, 650, False, 0
1403,0, 650, False, 0
1404,0, 650, False, 0
1405,0, 650, False, 0
1406,0, 650, False, 2
1407,0, 650, False, 2
1408,0, 650, False, 2
1409,0, 650, False, 2
1410,0, 650, False, 2
1411,0, 650, False, 2
1412,10, 660, False, 2
1413,0, 660, False, 2
1414,0, 660, False, 2
1415,0, 660, False, 0
1416,0, 660, False, 0
1417,0, 660, False, 0
1418,0, 660, False, 0
1419,0, 660, False, 0
1420,0, 660, False, 0
1421,0, 660, False, 0
1422,0, 660, False, 0
1423,0, 660, False, 0
1424,10, 670, False, 0
1425,0, 670, False, 0
1426,0, 670, False, 0
1427,0, 670, False, 0
1428,0, 670, False, 0
1429,0, 670, False, 0
1430,0, 670, False, 0
1431,0, 670, False, 0
1432,0, 670, False, 0
1433,0, 670, False, 0
1434,0, 670, False, 0
1435,0, 670, False, 0
1436,0, 670, False, 0
1437,0, 670, False, 0
1438,10, 680, False, 0
1439,0, 680, False, 0
1440,0, 680, False, 0
1441,0, 680, False, 0
1442,0, 680, False, 0
1443,0, 680, False, 0
1444,0, 680, False, 2
1445,0, 680, False, 2
1446,0, 680, False, 2
1447,0, 680, False, 2
1448,0, 680, False, 2
1449,0, 680, False, 2
1450,0, 680, False, 0
1451,0, 680, False, 0
1452,10, 690, False, 0
1453,0, 690, False, 0
1454,0, 690, False, 0
1455,0, 690, False, 0
1456,0, 690, False, 0
1457,0, 690, False, 2
1458,0, 690, False, 2
1459,0, 690, False, 2
1460,0, 690, False, 2
1461,0, 690, False, 2
1462,0, 690, False, 2
1463,0, 690, False, 2
1464,10, 700, False, 2
1465,0, 700, False, 0
1466,0, 700, False, 0
1467,0, 700, False, 0
1468,0, 700, False, 0
1469,0, 700, False, 4
1470,0, 700, False, 4
1471,0, 700, False, 4
1472,0, 700, False, 4
1473,0, 700, False, 4
1474,0, 700, False, 4
1475,0, 700, False, 4
1476,0, 700, False, 4
1477,0, 700, False, 4
1478,0, 700, False, 4
1479,0, 700, False, 4
1480,0, 700, False, 0
1481,0, 700, False, 0
1482,0, 700, False, 0
1483,0, 700, False, 0
1484,0, 700, False, 4
1485,0, 700, False, 4
1486,0, 700, False, 4
1487,0, 700, False, 4
1488,0, 700, False, 4
1489,0, 700, False, 4
1490,0, 700, False, 4
1491,0, 700, False, 4
1492,0, 700, False, 0
1493,0, 700, False, 0
1494,0, 700, False, 0
1495,0, 700, False, 0
1496,0, 700, False, 0
1497,0, 700, False, 0
1498,0, 700, False, 0
1499,0, 700, False, 0
1500,0, 700, False, 0
1501,0, 700, False, 0
1502,0, 700, False, 0
1503,0, 700, False, 0
1504,0, 700, False, 0
1505,0, 700, False, 0
1506,0, 700, False, 0
1507,0, 700, False, 0
1508,0, 700, False, 0
1509,0, 700, False, 0
1510,0, 700, False, 0
1511,0, 700, False, 0
1512,0, 700, False, 0
1513,0, 700, False, 0
1514,0, 700, False, 0
1515,0, 700, False, 0
1516,0, 700, False, 0
1517,0, 700, False, 0
1518,0, 700, False, 0
1519,0, 700, False, 0
1520,0, 700, False, 2
1521,0, 700, False, 2
1522,0, 700, False, 2
1523,0, 700, False, 2
1524,0, 700, False, 2
1525,0, 700, False, 2
1526,0, 700, False, 2
1527,0, 700, False, 0
1528,0, 700, False, 0
1529,0, 700, False, 0
1530,0, 700, False, 0
1531,0, 700, False, 2
1532,0, 700, False, 2
1533,0, 700, False, 2
1534,0, 700, False, 2
1535,0, 700, False, 2
1536,10, 710, False, 2
1537,0, 710, False, 2
1538,0, 710, False, 2
1539,0, 710, False, 0
1540,0, 710, False, 0
1541,0, 710, False, 0
1542,0, 710, False, 0
1543,0, 710, False, 0
1544,0, 710, False, 0
1545,0, 710, False, 0
1546,0, 710, False, 0
1547,0, 710, False, 0
1548,0, 710, False, 4
1549,0, 710, False, 4
1550,10, 720, False, 4
1551,0, 720, False, 4
1552,0, 720, False, 4
1553,0, 720, False, 4
1554,0, 720, False, 4
1555,0, 720, False, 4
1556,0, 720, False, 4
1557,0, 720, False, 0
1558,0, 720, False, 0
1559,0, 720, False, 0
1560,10, 730, False, 0
1561,0, 730, False, 0
1562,0, 730, False, 0
1563,0, 730, False, 0
1564,0, 730, False, 0
1565,0, 730, False, 0
1566,0, 730, False, 0
1567,0, 730, False, 0
1568,0, 730, False, 0
1569,0, 730, False, 0
1570,0, 730, False, 0
1571,0, 730, False, 0
1572,0, 730, False, 0
1573,0, 730, False, 0
1574,10, 740, False, 0
1575,0, 740, False, 0
1576,0, 740, False, 0
1577,0, 740, False, 0
1578,0, 740, False, 0
1579,0, 740, False, 0
1580,0, 740, False, 0
1581,0, 740, False, 0
1582,0, 740, False, 0
1583,0, 740, False, 0
1584,0, 740, False, 0
1585,0, 740, False, 0
1586,0, 740, False, 0
1587,0, 740, False, 0
1588,10, 750, False, 0
1589,0, 750, False, 0
1590,0, 750, False, 0
1591,0, 750, False, 0
1592,0, 750, False, 0
1593,0, 750, False, 0
1594,0, 750, False, 0
1595,0, 750, False, 0
1596,0, 750, False, 0
1597,0, 750, False, 0
1598,0, 750, False, 0
1599,0, 750, False, 0
1600,0, 750, False, 0
1601,0, 750, False, 0
1602,0, 750, False, 0
1603,0, 750, False, 0
1604,0, 750, False, 0
1605,0, 750, False, 0
1606,10, 760, False, 0
1607,0, 760, False, 0
1608,0, 760, False, 0
1609,0, 760, False, 0
1610,0, 760, False, 0
1611,0, 760, False, 0
1612,0, 760, False, 0
1613,0, 760, False, 0
1614,0, 760, False, 0
1615,0, 760, False, 0
1616,0, 760, False, 0
1617,0, 760, False, 0
1618,0, 760, False, 0
1619,0, 760, False, 0
1620,10, 770, False, 0
1621,0, 770, False, 0
1622,0, 770, False, 0
1623,0, 770, False, 0
1624,0, 770, False, 0
1625,0, 770, False, 0
1626,0, 770, False, 0
1627,0, 770, False, 0
1628,0, 770, False, 0
1629,0, 770, False, 0
1630,0, 770, False, 0
1631,0, 770, False, 0
1632,10, 780, False, 0
1633,0, 780, False, 0
1634,0, 780, False, 0
1635,0, 780, False, 0
1636,0, 780, False, 0
1637,0, 780, False, 0
1638,0, 780, False, 0
1639,0, 780, False, 5
1640,0, 780, False, 5
1641,0, 780, False, 5
1642,0, 780, False, 5
1643,0, 780, False, 5
1644,0, 780, False, 5
1645,0, 780, False, 5
1646,10, 790, False, 5
1647,0, 790, False, 0
1648,0, 790, False, 0
1649,0, 790, False, 0
1650,0, 790, False, 0
1651,0, 790, False, 5
1652,0, 790, False, 5
1653,0, 790, False, 5
1654,0, 790, False, 5
1655,0, 790, False, 5
1656,0, 790, False, 5
1657,0, 790, False, 5
1658,0, 790, False, 5
1659,0, 790, False, 0
1660,10, 800, False, 0
1661,0, 800, False, 0
1662,0, 800, False, 5
1663,0, 800, False, 5
1664,0, 800, False, 5
1665,0, 800, False, 5
1666,0, 800, False, 5
1667,0, 800, False, 5
1668,0, 800, False, 0
1669,0, 800, False, 0
1670,0, 800, False, 0
1671,0, 800, False, 0
1672,0, 800, False, 0
1673,0, 800, False, 0
1674,10, 810, False, 3
1675,0, 810, False, 3
1676,0, 810, False, 3
1677,0, 810, False, 3
1678,0, 810, False, 3
1679,0, 810, False, 3
1680,0, 810, False, 0
1681,0, 810, False, 0
1682,0, 810, False, 0
1683,0, 810, False, 0
1684,0, 810, False, 0
1685,0, 810, False, 0
1686,0, 810, False, 0
1687,0, 810, False, 0
1688,10, 820, False, 0
1689,0, 820, False, 0
1690,0, 820, False, 0
1691,0, 820, False, 0
1692,0, 820, False, 0
1693,0, 820, False, 0
1694,0, 820, False, 0
1695,0, 820, False, 0
1696,0, 820, False, 0
1697,0, 820, False, 0
1698,0, 820, False, 0
1699,0, 820, False, 0
1700,10, 830, False, 0
1701,0, 830, False, 0
1702,0, 830, False, 0
1703,0, 830, False, 5
1704,0, 830, False, 5
1705,0, 830, False, 5
1706,0, 830, False, 5
1707,0, 830, False, 5
1708,0, 830, False, 5
1709,0, 830, False, 5
1710,0, 830, False, 5
1711,0, 830, False, 0
1712,0, 830, False, 0
1713,0, 830, False, 0
1714,10, 840, False, 0
1715,0, 840, False, 0
1716,0, 840, False, 0
1717,0, 840, False, 0
1718,0, 840, False, 0
1719,0, 840, False, 0
1720,0, 840, False, 0
1721,0, 840, False, 0
1722,0, 840, False, 0
1723,0, 840, False, 0
1724,0, 840, False, 5
1725,0, 840, False, 5
1726,0, 840, False, 5
1727,0, 840, False, 5
1728,0, 840, False, 5
1729,0, 840, False, 0
1730,0, 840, False, 0
1731,0, 840, False, 0
1732,10, 850, False, 0
1733,0, 850, False, 0
1734,0, 850, False, 0
1735,0, 850, False, 5
1736,0, 850, False, 5
1737,0, 850, False, 5
1738,0, 850, False, 5
1739,0, 850, False, 5
1740,0, 850, False, 5
1741,0, 850, False, 5
1742,0, 850, False, 5
1743,0, 850, False, 0
1744,0, 850, False, 0
1745,0, 850, False, 0
1746,10, 860, False, 0
1747,0, 860, False, 0
1748,0, 860, False, 0
1749,0, 860, False, 5
1750,0, 860, False, 5
1751,0, 860, False, 5
1752,0, 860, False, 5
1753,0, 860, False, 5
1754,0, 860, False, 5
1755,0, 860, False, 5
1756,0, 860, False, 0
1757,0, 860, False, 0
1758,0, 860, False, 0
1759,0, 860, False, 0
1760,0, 860, False, 0
1761,0, 860, False, 0
1762,0, 860, False, 0
1763,0, 860, False, 0
1764,0, 860, False, 0
1765,0, 860, False, 5
1766,0, 860, False, 5
1767,0, 860, False, 5
1768,0, 860, False, 5
1769,0, 860, False, 5
1770,0, 860, False, 5
1771,0, 860, False, 0
1772,0, 860, False, 0
1773,0, 860, False, 0
1774,0, 860, False, 0
1775,0, 860, False, 0
1776,0, 860, False, 4
1777,0, 860, False, 4
1778,0, 860, False, 4
1779,0, 860, False, 4
1780,0, 860, False, 4
1781,0, 860, False, 4
1782,0, 860, False, 4
1783,0, 860, False, 4
1784,0, 860, False, 4
1785,0, 860, False, 0
1786,0, 860, False, 0
1787,0, 860, False, 0
1788,0, 860, False, 0
1789,0, 860, False, 0
1790,0, 860, False, 0
1791,0, 860, False, 0
1792,0, 860, False, 0
1793,0, 860, False, 4
1794,0, 860, False, 4
1795,0, 860, False, 4
1796,0, 860, False, 4
1797,0, 860, False, 4
1798,0, 860, False, 4
1799,0, 860, False, 4
1800,0, 860, False, 0
1801,0, 860, False, 0
1802,0, 860, False, 0
1803,0, 860, False, 0
1804,0, 860, False, 0
1805,0, 860, False, 5
1806,0, 860, False, 5
1807,0, 860, False, 5
1808,0, 860, False, 5
1809,0, 860, False, 5
1810,0, 860, False, 5
1811,0, 860, False, 5
1812,0, 860, False, 5
1813,0, 860, False, 5
1814,0, 860, False, 3
1815,0, 860, False, 3
1816,0, 860, False, 3
1817,0, 860, False, 3
1818,0, 860, False, 3
1819,0, 860, False, 3
1820,0, 860, False, 3
1821,0, 860, False, 3
1822,0, 860, False, 3
1823,0, 860, False, 3
1824,0, 860, False, 3
1825,0, 860, False, 0
1826,0, 860, False, 0
1827,0, 860, False, 0
1828,0, 860, False, 0
1829,0, 860, False, 0
1830,0, 860, False, 0
1831,0, 860, False, 3
1832,0, 860, False, 3
1833,0, 860, False, 3
1834,0, 860, False, 3
1835,0, 860, False, 3
1836,0, 860, False, 0
1837,0, 860, False, 0
1838,0, 860, False, 0
1839,0, 860, False, 0
1840,0, 860, False, 0
1841,0, 860, False, 5
1842,0, 860, False, 5
1843,0, 860, False, 5
1844,0, 860, False, 5
1845,0, 860, False, 5
1846,0, 860, False, 5
1847,0, 860, False, 0
1848,0, 860, False, 0
1849,0, 860, False, 0
1850,0, 860, False, 0
1851,0, 860, False, 0
1852,0, 860, False, 0
1853,0, 860, False, 5
1854,0, 860, False, 5
1855,0, 860, False, 5
1856,0, 860, False, 5
1857,0, 860, False, 5
1858,0, 860, False, 5
1859,0, 860, False, 5
1860,0, 860, False, 0
1861,0, 860, False, 0
1862,0, 860, False, 0
1863,0, 860, False, 0
1864,0, 860, False, 0
1865,0, 860, False, 0
1866,0, 860, False, 5
1867,0, 860, False, 5
1868,0, 860, False, 5
1869,0, 860, False, 5
1870,0, 860, False, 5
1871,0, 860, False, 5
1872,0, 860, False, 5
1873,0, 860, False, 5
1874,0, 860, False, 0
1875,0, 860, False, 0
1876,10, 870, False, 0
1877,0, 870, False, 0
1878,0, 870, False, 0
1879,0, 870, False, 0
1880,0, 870, False, 5
1881,0, 870, False, 5
1882,0, 870, False, 5
1883,0, 870, False, 5
1884,0, 870, False, 0
1885,0, 870, False, 0
1886,0, 870, False, 0
1887,0, 870, False, 0
1888,0, 870, False, 0
1889,0, 870, False, 0
1890,10, 880, False, 0
1891,0, 880, False, 0
1892,0, 880, False, 0
1893,0, 880, False, 0
1894,0, 880, False, 0
1895,0, 880, False, 0
1896,0, 880, False, 0
1897,0, 880, False, 0
1898,0, 880, False, 0
1899,0, 880, False, 0
1900,0, 880, False, 0
1901,0, 880, False, 0
1902,0, 880, False, 0
1903,0, 880, False, 3
1904,0, 880, False, 3
1905,0, 880, False, 3
1906,0, 880, False, 3
1907,0, 880, False, 3
1908,0, 880, False, 8
1909,0, 880, False, 3
1910,0, 880, False, 3
1911,0, 880, False, 3
1912,0, 880, False, 3
1913,0, 880, False, 3
1914,0, 880, False, 3
1915,0, 880, False, 3
1916,0, 880, False, 3
1917,0, 880, False, 3
1918,0, 880, False, 3
1919,0, 880, False, 3
1920,0, 880, False, 3
1921,0, 880, False, 3
1922,0, 880, False, 6
1923,0, 880, False, 6
1924,0, 880, False, 2
1925,0, 880, False, 2
1926,0, 880, False, 2
1927,0, 880, False, 2
1928,0, 880, False, 2
1929,0, 880, False, 2
1930,0, 880, False, 0
1931,0, 880, False, 0
1932,0, 880, False, 0
1933,0, 880, False, 0
1934,0, 880, False, 0
1935,0, 880, False, 0
1936,0, 880, False, 0
1937,0, 880, False, 0
1938,0, 880, False, 0
1939,0, 880, False, 0
1940,0, 880, False, 0
1941,0, 880, False, 0
1942,0, 880, False, 0
1943,0, 880, False, 0
1944,0, 880, False, 0
1945,0, 880, False, 0
1946,0, 880, False, 0
1947,0, 880, False, 0
1948,0, 880, False, 0
1949,0, 880, False, 0
1950,0, 880, False, 0
1951,0, 880, False, 0
1952,0, 880, False, 0
1953,0, 880, False, 0
1954,0, 880, False, 0
1955,0, 880, False, 0
1956,0, 880, False, 0
1957,0, 880, False, 0
1958,0, 880, False, 0
1959,0, 880, False, 0
1960,0, 880, False, 0
1961,0, 880, False, 0
1962,0, 880, False, 0
1963,0, 880, False, 0
1964,0, 880, False, 0
1965,0, 880, False, 0
1966,0, 880, False, 0
1967,0, 880, False, 0
1968,0, 880, False, 0
1969,0, 880, False, 0
1970,0, 880, False, 0
1971,0, 880, False, 0
1972,0, 880, False, 0
1973,0, 880, False, 0
1974,0, 880, False, 0
1975,0, 880, False, 0
1976,0, 880, False, 0
1977,0, 880, False, 0
1978,0, 880, False, 4
1979,0, 880, False, 4
1980,0, 880, False, 4
1981,0, 880, False, 4
1982,0, 880, False, 4
1983,0, 880, False, 4
1984,0, 880, False, 4
1985,0, 880, False, 0
1986,0, 880, False, 0
1987,0, 880, False, 0
1988,0, 880, False, 0
1989,0, 880, False, 0
1990,0, 880, False, 0
1991,0, 880, False, 0
1992,0, 880, False, 0
1993,0, 880, False, 0
1994,0, 880, False, 0
1995,0, 880, False, 0
1996,0, 880, False, 0
1997,0, 880, False, 0
1998,0, 880, False, 0
1999,0, 880, False, 0
2000,0, 880, False, 0
2001,0, 880, False, 0
2002,0, 880, False, 0
2003,0, 880, False, 0
2004,0, 880, False, 0
2005,0, 880, False, 0
2006,0, 880, False, 0
2007,0, 880, False, 0
2008,0, 880, False, 0
2009,0, 880, False, 0
2010,0, 880, False, 0
2011,0, 880, False, 0
2012,0, 880, False, 0
2013,0, 880, False, 0
2014,0, 880, False, 0
2015,0, 880, False, 0
2016,0, 880, False, 0
2017,0, 880, False, 0
2018,0, 880, False, 0
2019,0, 880, False, 0
2020,0, 880, False, 0
2021,0, 880, False, 0
2022,0, 880, False, 0
2023,0, 880, False, 0
2024,0, 880, False, 0
2025,0, 880, False, 0
2026,0, 880, False, 4
2027,0, 880, False, 4
2028,0, 880, False, 4
2029,0, 880, False, 4
2030,0, 880, False, 4
2031,0, 880, False, 4
2032,0, 880, False, 4
2033,0, 880, False, 0
2034,0, 880, False, 0
2035,0, 880, False, 0
2036,0, 880, False, 0
2037,0, 880, False, 0
2038,0, 880, False, 0
2039,0, 880, False, 0
2040,0, 880, False, 0
2041,0, 880, False, 0
2042,0, 880, False, 0
2043,0, 880, False, 0
2044,0, 880, False, 0
2045,0, 880, False, 0
2046,0, 880, False, 0
2047,0, 880, False, 0
2048,0, 880, False, 0
2049,0, 880, False, 0
2050,0, 880, False, 0
2051,0, 880, False, 0
2052,0, 880, False, 0
2053,0, 880, False, 3
2054,0, 880, False, 3
2055,0, 880, False, 3
2056,0, 880, False, 3
2057,0, 880, False, 3
2058,0, 880, False, 3
2059,0, 880, False, 3
2060,0, 880, False, 3
2061,0, 880, False, 0
2062,0, 880, False, 0
2063,0, 880, False, 0
2064,0, 880, False, 0
2065,0, 880, False, 0
2066,0, 880, False, 0
2067,0, 880, False, 0
2068,0, 880, False, 0
2069,0, 880, False, 3
2070,0, 880, False, 3
2071,0, 880, False, 3
2072,0, 880, False, 3
2073,0, 880, False, 3
2074,0, 880, False, 3
2075,0, 880, False, 3
2076,0, 880, False, 3
2077,0, 880, False, 0
2078,0, 880, False, 0
2079,0, 880, False, 0
2080,0, 880, False, 0
2081,0, 880, False, 0
2082,0, 880, False, 0
2083,0, 880, False, 0
2084,0, 880, False, 3
2085,0, 880, False, 3
2086,0, 880, False, 3
2087,0, 880, False, 3
2088,0, 880, False, 3
2089,0, 880, False, 3
2090,0, 880, False, 3
2091,0, 880, False, 0
2092,0, 880, False, 0
2093,0, 880, False, 0
2094,0, 880, False, 0
2095,0, 880, False, 0
2096,0, 880, False, 0
2097,0, 880, False, 0
2098,0, 880, False, 0
2099,0, 880, False, 3
2100,0, 880, False, 3
2101,0, 880, False, 3
2102,0, 880, False, 3
2103,0, 880, False, 3
2104,0, 880, False, 3
2105,0, 880, False, 3
2106,0, 880, False, 3
2107,0, 880, False, 3
2108,0, 880, False, 0
2109,0, 880, False, 0
2110,0, 880, False, 0
2111,0, 880, False, 0
2112,10, 890, False, 0
2113,0, 890, False, 0
2114,0, 890, False, 3
2115,0, 890, False, 3
2116,0, 890, False, 3
2117,0, 890, False, 3
2118,0, 890, False, 3
2119,0, 890, False, 3
2120,0, 890, False, 3
2121,0, 890, False, 0
2122,0, 890, False, 0
2123,0, 890, False, 0
2124,10, 900, False, 0
2125,0, 900, False, 0
2126,0, 900, False, 0
2127,0, 900, False, 3
2128,0, 900, False, 3
2129,0, 900, False, 3
2130,0, 900, False, 3
2131,0, 900, False, 3
2132,0, 900, False, 3
2133,0, 900, False, 3
2134,0, 900, False, 3
2135,0, 900, False, 0
2136,0, 900, False, 0
2137,0, 900, False, 0
2138,10, 910, False, 0
2139,0, 910, False, 0
2140,0, 910, False, 0
2141,0, 910, False, 0
2142,0, 910, False, 0
2143,0, 910, False, 0
2144,0, 910, False, 0
2145,0, 910, False, 0
2146,0, 910, False, 0
2147,0, 910, False, 0
2148,0, 910, False, 0
2149,0, 910, False, 0
2150,0, 910, False, 0
2151,0, 910, False, 0
2152,10, 920, False, 0
2153,0, 920, False, 0
2154,0, 920, False, 0
2155,0, 920, False, 0
2156,0, 920, False, 0
2157,0, 920, False, 0
2158,0, 920, False, 0
2159,0, 920, False, 0
2160,0, 920, False, 0
2161,0, 920, False, 0
2162,0, 920, False, 0
2163,0, 920, False, 0
2164,10, 930, False, 0
2165,0, 930, False, 0
2166,0, 930, False, 0
2167,0, 930, False, 0
2168,0, 930, False, 0
2169,0, 930, False, 0
2170,0, 930, False, 0
2171,0, 930, False, 0
2172,0, 930, False, 0
2173,0, 930, False, 0
2174,0, 930, False, 0
2175,0, 930, False, 0
2176,0, 930, False, 0
2177,0, 930, False, 0
2178,10, 940, False, 5
2179,0, 940, False, 5
2180,0, 940, False, 5
2181,0, 940, False, 5
2182,0, 940, False, 5
2183,0, 940, False, 5
2184,0, 940, False, 5
2185,0, 940, False, 5
2186,0, 940, False, 0
2187,0, 940, False, 0
2188,0, 940, False, 0
2189,0, 940, False, 0
2190,0, 940, False, 0
2191,0, 940, False, 5
2192,10, 950, False, 5
2193,0, 950, False, 5
2194,0, 950, False, 5
2195,0, 950, False, 5
2196,0, 950, False, 5
2197,0, 950, False, 5
2198,0, 950, False, 5
2199,0, 950, False, 0
2200,0, 950, False, 0
2201,0, 950, False, 0
2202,0, 950, False, 0
2203,0, 950, False, 0
2204,0, 950, False, 0
2205,0, 950, False, 0
2206,10, 960, False, 0
2207,0, 960, False, 0
2208,0, 960, False, 0
2209,0, 960, False, 0
2210,0, 960, False, 0
2211,0, 960, False, 0
2212,0, 960, False, 0
2213,0, 960, False, 0
2214,0, 960, False, 0
2215,0, 960, False, 0
2216,0, 960, False, 0
2217,0, 960, False, 0
2218,0, 960, False, 0
2219,0, 960, False, 0
2220,10, 970, False, 0
2221,0, 970, False, 0
2222,0, 970, False, 0
2223,0, 970, False, 0
2224,0, 970, False, 0
2225,0, 970, False, 0
2226,0, 970, False, 0
2227,0, 970, False, 0
2228,0, 970, False, 0
2229,0, 970, False, 0
2230,0, 970, False, 0
2231,0, 970, False, 0
2232,0, 970, False, 0
2233,0, 970, False, 0
2234,10, 980, False, 0
2235,0, 980, False, 0
2236,0, 980, False, 0
2237,0, 980, False, 3
2238,0, 980, False, 3
2239,0, 980, False, 3
2240,0, 980, False, 3
2241,0, 980, False, 3
2242,0, 980, False, 3
2243,0, 980, False, 3
2244,0, 980, False, 3
2245,0, 980, False, 3
2246,0, 980, False, 3
2247,0, 980, False, 3
2248,10, 990, False, 0
2249,0, 990, False, 0
2250,0, 990, False, 0
2251,0, 990, False, 0
2252,0, 990, False, 0
2253,0, 990, False, 0
2254,0, 990, False, 0
2255,0, 990, False, 0
2256,0, 990, False, 3
2257,0, 990, False, 3
2258,0, 990, False, 3
2259,0, 990, False, 3
2260,0, 990, False, 3
2261,0, 990, False, 3
2262,0, 990, False, 3
2263,0, 990, False, 3
2264,10, 1000, False, 3
2265,0, 1000, False, 0
2266,0, 1000, False, 0
2267,0, 1000, False, 0
2268,0, 1000, False, 0
2269,0, 1000, False, 0
2270,0, 1000, False, 0
2271,0, 1000, False, 3
2272,0, 1000, False, 3
2273,0, 1000, False, 3
2274,0, 1000, False, 3
2275,0, 1000, False, 3
2276,0, 1000, False, 3
2277,0, 1000, False, 3
2278,10, 1010, False, 3
2279,0, 1010, False, 0
2280,0, 1010, False, 0
2281,0, 1010, False, 0
2282,0, 1010, False, 0
2283,0, 1010, False, 0
2284,0, 1010, False, 0
2285,0, 1010, False, 0
2286,0, 1010, False, 0
2287,0, 1010, False, 0
2288,0, 1010, False, 0
2289,0, 1010, False, 0
2290,0, 1010, False, 0
2291,0, 1010, False, 0
2292,10, 1020, False, 0
2293,0, 1020, False, 0
2294,0, 1020, False, 0
2295,0, 1020, False, 0
2296,0, 1020, False, 0
2297,0, 1020, False, 0
2298,0, 1020, False, 0
2299,0, 1020, False, 0
2300,0, 1020, False, 0
2301,0, 1020, False, 0
2302,0, 1020, False, 0
2303,0, 1020, False, 0
2304,0, 1020, False, 0
2305,0, 1020, False, 0
2306,0, 1020, False, 0
2307,0, 1020, False, 0
2308,0, 1020, False, 5
2309,0, 1020, False, 5
2310,0, 1020, False, 5
2311,0, 1020, False, 5
2312,0, 1020, False, 5
2313,0, 1020, False, 5
2314,0, 1020, False, 5
2315,0, 1020, False, 5
2316,0, 1020, False, 5
2317,0, 1020, False, 5
2318,0, 1020, False, 0
2319,0, 1020, False, 0
2320,0, 1020, False, 0
2321,0, 1020, False, 0
2322,0, 1020, False, 0
2323,0, 1020, False, 0
2324,0, 1020, False, 0
2325,0, 1020, False, 0
2326,0, 1020, False, 0
2327,0, 1020, False, 0
2328,0, 1020, False, 0
2329,0, 1020, False, 0
2330,0, 1020, False, 0
2331,0, 1020, False, 0
2332,0, 1020, False, 0
2333,0, 1020, False, 4
2334,0, 1020, False, 4
2335,0, 1020, False, 4
2336,0, 1020, False, 4
2337,0, 1020, False, 4
2338,0, 1020, False, 4
2339,0, 1020, False, 4
2340,0, 1020, False, 4
2341,0, 1020, False, 4
2342,0, 1020, False, 4
2343,0, 1020, False, 4
2344,0, 1020, False, 4
2345,0, 1020, False, 4
2346,0, 1020, False, 4
2347,0, 1020, False, 4
2348,0, 1020, False, 4
2349,0, 1020, False, 4
2350,0, 1020, False, 0
2351,0, 1020, False, 0
2352,0, 1020, False, 0
2353,0, 1020, False, 0
2354,0, 1020, False, 0
2355,0, 1020, False, 0
2356,0, 1020, False, 0
2357,0, 1020, False, 0
2358,0, 1020, False, 0
2359,0, 1020, False, 0
2360,0, 1020, False, 0
2361,0, 1020, False, 0
2362,0, 1020, False, 0
2363,0, 1020, False, 0
2364,0, 1020, False, 0
2365,0, 1020, False, 0
2366,0, 1020, False, 0
2367,0, 1020, False, 0
2368,0, 1020, False, 0
2369,0, 1020, False, 0
2370,0, 1020, False, 0
2371,0, 1020, False, 0
2372,0, 1020, False, 0
2373,0, 1020, False, 0
2374,0, 1020, False, 0
2375,0, 1020, False, 0
2376,0, 1020, False, 0
2377,0, 1020, False, 0
2378,0, 1020, False, 0
2379,0, 1020, False, 0
2380,0, 1020, False, 0
2381,0, 1020, False, 0
2382,0, 1020, False, 0
2383,0, 1020, False, 0
2384,0, 1020, False, 0
2385,0, 1020, False, 0
2386,0, 1020, False, 0
2387,0, 1020, False, 0
2388,0, 1020, False, 0
2389,0, 1020, False, 0
2390,0, 1020, False, 0
2391,0, 1020, False, 0
2392,0, 1020, False, 0
2393,0, 1020, False, 0
2394,0, 1020, False, 0
2395,0, 1020, False, 0
2396,0, 1020, False, 0
2397,0, 1020, False, 0
2398,0, 1020, False, 0
2399,0, 1020, False, 0
2400,0, 1020, False, 0
2401,0, 1020, False, 0
2402,0, 1020, False, 0
2403,0, 1020, False, 0
2404,0, 1020, False, 0
2405,0, 1020, False, 0
2406,0, 1020, False, 0
2407,0, 1020, False, 0
2408,0, 1020, False, 0
2409,0, 1020, False, 0
2410,0, 1020, False, 0
2411,0, 1020, False, 0
2412,0, 1020, True, 0
