db traj id : 1799
frame,reward,score,terminal, action
0,0, 0, False, 0
1,0, 0, False, 0
2,0, 0, False, 0
3,0, 0, False, 0
4,0, 0, False, 0
5,0, 0, False, 0
6,0, 0, False, 0
7,0, 0, False, 0
8,0, 0, False, 0
9,0, 0, False, 0
10,0, 0, False, 0
11,0, 0, False, 0
12,0, 0, False, 0
13,0, 0, False, 0
14,0, 0, False, 0
15,0, 0, False, 0
16,0, 0, False, 0
17,0, 0, False, 0
18,0, 0, False, 0
19,0, 0, False, 0
20,0, 0, False, 0
21,0, 0, False, 0
22,0, 0, False, 0
23,0, 0, False, 0
24,0, 0, False, 0
25,0, 0, False, 0
26,0, 0, False, 0
27,0, 0, False, 0
28,0, 0, False, 0
29,0, 0, False, 0
30,0, 0, False, 0
31,0, 0, False, 0
32,0, 0, False, 0
33,0, 0, False, 0
34,0, 0, False, 0
35,0, 0, False, 0
36,0, 0, False, 0
37,0, 0, False, 0
38,0, 0, False, 0
39,0, 0, False, 0
40,0, 0, False, 0
41,0, 0, False, 0
42,0, 0, False, 0
43,0, 0, False, 0
44,0, 0, False, 0
45,0, 0, False, 0
46,0, 0, False, 0
47,0, 0, False, 0
48,0, 0, False, 0
49,0, 0, False, 0
50,0, 0, False, 0
51,0, 0, False, 0
52,0, 0, False, 0
53,0, 0, False, 0
54,0, 0, False, 0
55,0, 0, False, 0
56,0, 0, False, 0
57,0, 0, False, 0
58,0, 0, False, 0
59,0, 0, False, 0
60,0, 0, False, 0
61,0, 0, False, 0
62,0, 0, False, 0
63,0, 0, False, 0
64,0, 0, False, 0
65,0, 0, False, 0
66,0, 0, False, 0
67,0, 0, False, 0
68,0, 0, False, 0
69,0, 0, False, 0
70,0, 0, False, 0
71,0, 0, False, 0
72,0, 0, False, 0
73,0, 0, False, 0
74,0, 0, False, 0
75,0, 0, False, 0
76,0, 0, False, 0
77,0, 0, False, 0
78,0, 0, False, 0
79,0, 0, False, 0
80,0, 0, False, 4
81,0, 0, False, 4
82,0, 0, False, 4
83,0, 0, False, 4
84,0, 0, False, 4
85,0, 0, False, 4
86,0, 0, False, 4
87,0, 0, False, 4
88,0, 0, False, 4
89,0, 0, False, 4
90,0, 0, False, 4
91,0, 0, False, 4
92,0, 0, False, 4
93,0, 0, False, 4
94,0, 0, False, 0
95,0, 0, False, 0
96,0, 0, False, 0
97,0, 0, False, 0
98,0, 0, False, 0
99,0, 0, False, 0
100,0, 0, False, 0
101,0, 0, False, 0
102,0, 0, False, 0
103,0, 0, False, 0
104,0, 0, False, 0
105,0, 0, False, 0
106,0, 0, False, 0
107,0, 0, False, 3
108,0, 0, False, 3
109,0, 0, False, 3
110,0, 0, False, 3
111,0, 0, False, 3
112,0, 0, False, 3
113,0, 0, False, 3
114,0, 0, False, 3
115,0, 0, False, 3
116,0, 0, False, 3
117,0, 0, False, 3
118,0, 0, False, 3
119,0, 0, False, 3
120,0, 0, False, 3
121,0, 0, False, 3
122,0, 0, False, 3
123,0, 0, False, 0
124,0, 0, False, 0
125,0, 0, False, 0
126,0, 0, False, 0
127,0, 0, False, 0
128,0, 0, False, 0
129,0, 0, False, 0
130,0, 0, False, 0
131,0, 0, False, 0
132,0, 0, False, 0
133,0, 0, False, 0
134,0, 0, False, 0
135,0, 0, False, 0
136,0, 0, False, 5
137,0, 0, False, 5
138,0, 0, False, 5
139,0, 0, False, 5
140,0, 0, False, 5
141,0, 0, False, 5
142,0, 0, False, 5
143,0, 0, False, 5
144,0, 0, False, 5
145,0, 0, False, 5
146,0, 0, False, 5
147,0, 0, False, 5
148,0, 0, False, 5
149,0, 0, False, 0
150,0, 0, False, 0
151,0, 0, False, 0
152,0, 0, False, 0
153,0, 0, False, 0
154,0, 0, False, 0
155,0, 0, False, 0
156,0, 0, False, 0
157,0, 0, False, 0
158,0, 0, False, 0
159,0, 0, False, 0
160,0, 0, False, 0
161,0, 0, False, 0
162,0, 0, False, 0
163,0, 0, False, 0
164,0, 0, False, 0
165,0, 0, False, 0
166,0, 0, False, 0
167,0, 0, False, 0
168,0, 0, False, 3
169,0, 0, False, 3
170,0, 0, False, 3
171,0, 0, False, 3
172,0, 0, False, 3
173,0, 0, False, 3
174,0, 0, False, 3
175,0, 0, False, 3
176,0, 0, False, 3
177,0, 0, False, 3
178,0, 0, False, 3
179,0, 0, False, 3
180,0, 0, False, 0
181,0, 0, False, 0
182,0, 0, False, 0
183,0, 0, False, 0
184,0, 0, False, 0
185,0, 0, False, 0
186,0, 0, False, 0
187,0, 0, False, 0
188,0, 0, False, 0
189,0, 0, False, 0
190,0, 0, False, 0
191,0, 0, False, 0
192,0, 0, False, 0
193,0, 0, False, 0
194,0, 0, False, 0
195,0, 0, False, 0
196,0, 0, False, 0
197,0, 0, False, 0
198,0, 0, False, 0
199,0, 0, False, 0
200,0, 0, False, 0
201,0, 0, False, 0
202,0, 0, False, 0
203,0, 0, False, 0
204,0, 0, False, 0
205,0, 0, False, 0
206,0, 0, False, 0
207,0, 0, False, 0
208,0, 0, False, 0
209,0, 0, False, 0
210,0, 0, False, 0
211,0, 0, False, 0
212,0, 0, False, 0
213,0, 0, False, 0
214,0, 0, False, 0
215,0, 0, False, 0
216,0, 0, False, 0
217,0, 0, False, 2
218,0, 0, False, 2
219,0, 0, False, 2
220,0, 0, False, 2
221,0, 0, False, 2
222,0, 0, False, 2
223,0, 0, False, 2
224,0, 0, False, 2
225,0, 0, False, 2
226,0, 0, False, 2
227,0, 0, False, 2
228,0, 0, False, 0
229,0, 0, False, 0
230,0, 0, False, 0
231,0, 0, False, 0
232,0, 0, False, 0
233,0, 0, False, 0
234,0, 0, False, 0
235,0, 0, False, 0
236,0, 0, False, 0
237,0, 0, False, 0
238,0, 0, False, 0
239,0, 0, False, 0
240,0, 0, False, 0
241,0, 0, False, 0
242,0, 0, False, 0
243,0, 0, False, 2
244,0, 0, False, 2
245,0, 0, False, 2
246,0, 0, False, 2
247,0, 0, False, 2
248,0, 0, False, 2
249,0, 0, False, 2
250,0, 0, False, 2
251,0, 0, False, 2
252,0, 0, False, 2
253,0, 0, False, 0
254,0, 0, False, 0
255,0, 0, False, 0
256,0, 0, False, 0
257,0, 0, False, 0
258,0, 0, False, 0
259,0, 0, False, 0
260,0, 0, False, 0
261,0, 0, False, 0
262,0, 0, False, 0
263,0, 0, False, 0
264,0, 0, False, 0
265,0, 0, False, 0
266,0, 0, False, 0
267,0, 0, False, 0
268,0, 0, False, 0
269,0, 0, False, 0
270,0, 0, False, 0
271,0, 0, False, 0
272,0, 0, False, 0
273,0, 0, False, 0
274,0, 0, False, 0
275,0, 0, False, 0
276,0, 0, False, 0
277,0, 0, False, 0
278,0, 0, False, 0
279,0, 0, False, 0
280,0, 0, False, 0
281,0, 0, False, 0
282,0, 0, False, 0
283,10, 10, False, 0
284,0, 10, False, 0
285,0, 10, False, 0
286,0, 10, False, 0
287,0, 10, False, 0
288,0, 10, False, 0
289,0, 10, False, 0
290,0, 10, False, 0
291,0, 10, False, 0
292,0, 10, False, 0
293,0, 10, False, 0
294,0, 10, False, 0
295,0, 10, False, 0
296,0, 10, False, 0
297,10, 20, False, 0
298,0, 20, False, 0
299,0, 20, False, 0
300,0, 20, False, 0
301,0, 20, False, 0
302,0, 20, False, 0
303,0, 20, False, 0
304,0, 20, False, 0
305,0, 20, False, 0
306,0, 20, False, 0
307,0, 20, False, 0
308,0, 20, False, 0
309,0, 20, False, 0
310,0, 20, False, 0
311,10, 30, False, 0
312,0, 30, False, 0
313,0, 30, False, 0
314,0, 30, False, 0
315,0, 30, False, 0
316,0, 30, False, 0
317,0, 30, False, 0
318,0, 30, False, 0
319,0, 30, False, 0
320,0, 30, False, 0
321,0, 30, False, 0
322,0, 30, False, 0
323,10, 40, False, 0
324,0, 40, False, 0
325,0, 40, False, 0
326,0, 40, False, 0
327,0, 40, False, 0
328,0, 40, False, 0
329,0, 40, False, 0
330,0, 40, False, 0
331,0, 40, False, 0
332,0, 40, False, 0
333,0, 40, False, 0
334,0, 40, False, 0
335,0, 40, False, 0
336,0, 40, False, 0
337,10, 50, False, 0
338,0, 50, False, 0
339,0, 50, False, 0
340,0, 50, False, 0
341,0, 50, False, 0
342,0, 50, False, 0
343,0, 50, False, 0
344,0, 50, False, 0
345,0, 50, False, 0
346,0, 50, False, 0
347,0, 50, False, 0
348,0, 50, False, 0
349,0, 50, False, 0
350,0, 50, False, 0
351,10, 60, False, 0
352,0, 60, False, 0
353,0, 60, False, 0
354,0, 60, False, 0
355,0, 60, False, 0
356,0, 60, False, 0
357,0, 60, False, 0
358,0, 60, False, 0
359,0, 60, False, 0
360,0, 60, False, 0
361,0, 60, False, 0
362,0, 60, False, 0
363,0, 60, False, 0
364,0, 60, False, 0
365,0, 60, False, 0
366,0, 60, False, 0
367,0, 60, False, 0
368,0, 60, False, 0
369,0, 60, False, 0
370,0, 60, False, 0
371,0, 60, False, 0
372,0, 60, False, 0
373,0, 60, False, 0
374,0, 60, False, 0
375,0, 60, False, 0
376,0, 60, False, 0
377,0, 60, False, 0
378,0, 60, False, 0
379,0, 60, False, 0
380,0, 60, False, 0
381,0, 60, False, 0
382,0, 60, False, 0
383,0, 60, False, 0
384,0, 60, False, 0
385,0, 60, False, 0
386,0, 60, False, 0
387,0, 60, False, 0
388,0, 60, False, 0
389,0, 60, False, 0
390,0, 60, False, 0
391,0, 60, False, 0
392,0, 60, False, 0
393,0, 60, False, 0
394,0, 60, False, 0
395,0, 60, False, 0
396,0, 60, False, 0
397,0, 60, False, 0
398,0, 60, False, 0
399,0, 60, False, 0
400,0, 60, False, 0
401,0, 60, False, 0
402,0, 60, False, 0
403,0, 60, False, 0
404,0, 60, False, 0
405,0, 60, False, 0
406,0, 60, False, 0
407,0, 60, False, 0
408,0, 60, False, 0
409,0, 60, False, 0
410,0, 60, False, 5
411,0, 60, False, 5
412,0, 60, False, 5
413,0, 60, False, 5
414,0, 60, False, 5
415,0, 60, False, 5
416,0, 60, False, 5
417,10, 70, False, 5
418,0, 70, False, 5
419,0, 70, False, 5
420,0, 70, False, 5
421,0, 70, False, 5
422,0, 70, False, 5
423,0, 70, False, 0
424,0, 70, False, 0
425,0, 70, False, 0
426,0, 70, False, 0
427,0, 70, False, 0
428,0, 70, False, 0
429,0, 70, False, 0
430,0, 70, False, 0
431,10, 80, False, 0
432,0, 80, False, 0
433,0, 80, False, 0
434,0, 80, False, 0
435,0, 80, False, 0
436,0, 80, False, 0
437,0, 80, False, 0
438,0, 80, False, 0
439,0, 80, False, 0
440,0, 80, False, 0
441,0, 80, False, 0
442,0, 80, False, 0
443,0, 80, False, 0
444,0, 80, False, 0
445,10, 90, False, 0
446,0, 90, False, 0
447,0, 90, False, 0
448,0, 90, False, 0
449,0, 90, False, 0
450,0, 90, False, 0
451,0, 90, False, 0
452,0, 90, False, 0
453,0, 90, False, 0
454,0, 90, False, 0
455,0, 90, False, 0
456,0, 90, False, 0
457,0, 90, False, 0
458,0, 90, False, 0
459,10, 100, False, 0
460,0, 100, False, 0
461,0, 100, False, 0
462,0, 100, False, 0
463,0, 100, False, 0
464,0, 100, False, 0
465,0, 100, False, 0
466,0, 100, False, 0
467,0, 100, False, 0
468,0, 100, False, 0
469,0, 100, False, 0
470,0, 100, False, 0
471,0, 100, False, 0
472,0, 100, False, 0
473,10, 110, False, 0
474,0, 110, False, 0
475,0, 110, False, 0
476,0, 110, False, 0
477,0, 110, False, 0
478,0, 110, False, 0
479,0, 110, False, 0
480,0, 110, False, 0
481,0, 110, False, 0
482,0, 110, False, 0
483,0, 110, False, 3
484,0, 110, False, 3
485,0, 110, False, 3
486,0, 110, False, 3
487,0, 110, False, 3
488,0, 110, False, 3
489,0, 110, False, 3
490,0, 110, False, 3
491,10, 120, False, 3
492,0, 120, False, 3
493,0, 120, False, 3
494,0, 120, False, 3
495,0, 120, False, 3
496,0, 120, False, 3
497,0, 120, False, 3
498,0, 120, False, 3
499,0, 120, False, 3
500,0, 120, False, 3
501,0, 120, False, 3
502,0, 120, False, 3
503,0, 120, False, 3
504,0, 120, False, 3
505,10, 130, False, 3
506,0, 130, False, 3
507,0, 130, False, 3
508,0, 130, False, 3
509,0, 130, False, 3
510,0, 130, False, 3
511,0, 130, False, 3
512,0, 130, False, 3
513,0, 130, False, 3
514,0, 130, False, 3
515,0, 130, False, 3
516,0, 130, False, 3
517,0, 130, False, 3
518,0, 130, False, 3
519,10, 140, False, 3
520,0, 140, False, 3
521,0, 140, False, 3
522,0, 140, False, 3
523,0, 140, False, 0
524,0, 140, False, 0
525,0, 140, False, 0
526,0, 140, False, 0
527,0, 140, False, 0
528,0, 140, False, 0
529,0, 140, False, 0
530,0, 140, False, 0
531,10, 150, False, 0
532,0, 150, False, 0
533,0, 150, False, 0
534,0, 150, False, 0
535,0, 150, False, 0
536,0, 150, False, 0
537,0, 150, False, 0
538,0, 150, False, 0
539,0, 150, False, 0
540,0, 150, False, 0
541,0, 150, False, 0
542,0, 150, False, 0
543,0, 150, False, 0
544,0, 150, False, 0
545,10, 160, False, 0
546,0, 160, False, 0
547,0, 160, False, 0
548,0, 160, False, 0
549,0, 160, False, 0
550,0, 160, False, 0
551,0, 160, False, 0
552,0, 160, False, 0
553,0, 160, False, 0
554,0, 160, False, 0
555,0, 160, False, 0
556,0, 160, False, 0
557,0, 160, False, 0
558,0, 160, False, 0
559,0, 160, False, 0
560,0, 160, False, 0
561,0, 160, False, 0
562,0, 160, False, 0
563,10, 170, False, 0
564,0, 170, False, 0
565,0, 170, False, 0
566,0, 170, False, 0
567,0, 170, False, 0
568,0, 170, False, 0
569,0, 170, False, 0
570,0, 170, False, 0
571,0, 170, False, 0
572,0, 170, False, 0
573,0, 170, False, 0
574,0, 170, False, 0
575,0, 170, False, 0
576,0, 170, False, 0
577,10, 180, False, 0
578,0, 180, False, 0
579,0, 180, False, 0
580,0, 180, False, 0
581,0, 180, False, 0
582,0, 180, False, 0
583,0, 180, False, 0
584,0, 180, False, 0
585,0, 180, False, 0
586,0, 180, False, 0
587,0, 180, False, 0
588,0, 180, False, 0
589,0, 180, False, 0
590,0, 180, False, 0
591,10, 190, False, 0
592,0, 190, False, 0
593,0, 190, False, 0
594,0, 190, False, 0
595,0, 190, False, 0
596,0, 190, False, 0
597,0, 190, False, 0
598,0, 190, False, 0
599,0, 190, False, 0
600,0, 190, False, 0
601,0, 190, False, 0
602,0, 190, False, 0
603,10, 200, False, 0
604,0, 200, False, 0
605,0, 200, False, 0
606,0, 200, False, 0
607,0, 200, False, 0
608,0, 200, False, 0
609,0, 200, False, 0
610,0, 200, False, 0
611,0, 200, False, 0
612,0, 200, False, 0
613,0, 200, False, 0
614,0, 200, False, 0
615,0, 200, False, 0
616,0, 200, False, 0
617,10, 210, False, 0
618,0, 210, False, 0
619,0, 210, False, 0
620,0, 210, False, 0
621,0, 210, False, 0
622,0, 210, False, 0
623,0, 210, False, 0
624,0, 210, False, 0
625,0, 210, False, 0
626,0, 210, False, 0
627,0, 210, False, 0
628,0, 210, False, 0
629,0, 210, False, 0
630,0, 210, False, 0
631,10, 220, False, 0
632,0, 220, False, 0
633,0, 220, False, 0
634,0, 220, False, 0
635,0, 220, False, 0
636,0, 220, False, 0
637,0, 220, False, 0
638,0, 220, False, 0
639,0, 220, False, 0
640,0, 220, False, 0
641,0, 220, False, 0
642,0, 220, False, 0
643,10, 230, False, 0
644,0, 230, False, 0
645,0, 230, False, 0
646,0, 230, False, 0
647,0, 230, False, 0
648,0, 230, False, 0
649,0, 230, False, 0
650,0, 230, False, 0
651,0, 230, False, 0
652,0, 230, False, 0
653,0, 230, False, 0
654,0, 230, False, 0
655,0, 230, False, 0
656,0, 230, False, 0
657,10, 240, False, 0
658,0, 240, False, 0
659,0, 240, False, 0
660,0, 240, False, 0
661,0, 240, False, 0
662,0, 240, False, 0
663,0, 240, False, 0
664,0, 240, False, 0
665,0, 240, False, 0
666,0, 240, False, 0
667,0, 240, False, 0
668,0, 240, False, 0
669,0, 240, False, 0
670,0, 240, False, 0
671,10, 250, False, 0
672,0, 250, False, 0
673,0, 250, False, 0
674,0, 250, False, 0
675,0, 250, False, 0
676,0, 250, False, 0
677,0, 250, False, 0
678,0, 250, False, 0
679,0, 250, False, 0
680,0, 250, False, 0
681,0, 250, False, 0
682,0, 250, False, 0
683,0, 250, False, 0
684,0, 250, False, 0
685,0, 250, False, 0
686,0, 250, False, 0
687,0, 250, False, 2
688,0, 250, False, 2
689,0, 250, False, 2
690,0, 250, False, 2
691,0, 250, False, 2
692,0, 250, False, 2
693,0, 250, False, 2
694,0, 250, False, 2
695,0, 250, False, 2
696,0, 250, False, 2
697,0, 250, False, 2
698,0, 250, False, 2
699,50, 300, False, 2
700,0, 300, False, 2
701,0, 300, False, 2
702,0, 300, False, 2
703,0, 300, False, 2
704,0, 300, False, 2
705,0, 300, False, 2
706,0, 300, False, 2
707,0, 300, False, 2
708,0, 300, False, 2
709,0, 300, False, 2
710,0, 300, False, 2
711,10, 310, False, 2
712,0, 310, False, 2
713,0, 310, False, 2
714,0, 310, False, 2
715,0, 310, False, 2
716,0, 310, False, 2
717,0, 310, False, 0
718,0, 310, False, 0
719,0, 310, False, 0
720,0, 310, False, 0
721,0, 310, False, 0
722,0, 310, False, 0
723,0, 310, False, 0
724,0, 310, False, 0
725,10, 320, False, 0
726,0, 320, False, 0
727,0, 320, False, 0
728,0, 320, False, 0
729,0, 320, False, 0
730,0, 320, False, 0
731,0, 320, False, 0
732,0, 320, False, 4
733,0, 320, False, 4
734,0, 320, False, 4
735,0, 320, False, 4
736,0, 320, False, 4
737,0, 320, False, 4
738,0, 320, False, 4
739,0, 320, False, 0
740,0, 320, False, 0
741,10, 330, False, 0
742,0, 330, False, 0
743,0, 330, False, 2
744,0, 330, False, 2
745,0, 330, False, 2
746,0, 330, False, 2
747,0, 330, False, 2
748,0, 330, False, 2
749,0, 330, False, 2
750,0, 330, False, 2
751,0, 330, False, 2
752,0, 330, False, 2
753,0, 330, False, 2
754,0, 330, False, 2
755,0, 330, False, 2
756,0, 330, False, 2
757,10, 340, False, 2
758,0, 340, False, 2
759,0, 340, False, 2
760,0, 340, False, 2
761,0, 340, False, 2
762,0, 340, False, 2
763,0, 340, False, 2
764,0, 340, False, 2
765,0, 340, False, 0
766,0, 340, False, 0
767,0, 340, False, 0
768,0, 340, False, 0
769,0, 340, False, 0
770,0, 340, False, 0
771,10, 350, False, 0
772,0, 350, False, 0
773,0, 350, False, 0
774,0, 350, False, 0
775,0, 350, False, 0
776,0, 350, False, 0
777,0, 350, False, 0
778,0, 350, False, 0
779,0, 350, False, 0
780,0, 350, False, 0
781,0, 350, False, 0
782,0, 350, False, 0
783,0, 350, False, 0
784,0, 350, False, 0
785,10, 360, False, 0
786,0, 360, False, 0
787,0, 360, False, 0
788,0, 360, False, 0
789,0, 360, False, 0
790,0, 360, False, 0
791,0, 360, False, 0
792,0, 360, False, 0
793,0, 360, False, 0
794,0, 360, False, 0
795,0, 360, False, 0
796,0, 360, False, 0
797,0, 360, False, 0
798,0, 360, False, 0
799,10, 370, False, 0
800,0, 370, False, 0
801,0, 370, False, 0
802,0, 370, False, 0
803,0, 370, False, 0
804,0, 370, False, 0
805,0, 370, False, 0
806,0, 370, False, 0
807,0, 370, False, 0
808,0, 370, False, 0
809,0, 370, False, 0
810,0, 370, False, 0
811,0, 370, False, 0
812,0, 370, False, 0
813,10, 380, False, 0
814,0, 380, False, 0
815,0, 380, False, 0
816,0, 380, False, 0
817,0, 380, False, 0
818,0, 380, False, 0
819,0, 380, False, 0
820,0, 380, False, 0
821,0, 380, False, 0
822,0, 380, False, 0
823,0, 380, False, 0
824,0, 380, False, 0
825,0, 380, False, 0
826,0, 380, False, 0
827,10, 390, False, 0
828,0, 390, False, 0
829,0, 390, False, 0
830,0, 390, False, 0
831,0, 390, False, 0
832,0, 390, False, 0
833,0, 390, False, 0
834,0, 390, False, 0
835,0, 390, False, 0
836,0, 390, False, 0
837,0, 390, False, 0
838,0, 390, False, 0
839,0, 390, False, 0
840,0, 390, False, 0
841,10, 400, False, 0
842,0, 400, False, 5
843,0, 400, False, 5
844,0, 400, False, 5
845,0, 400, False, 5
846,0, 400, False, 5
847,0, 400, False, 5
848,0, 400, False, 5
849,0, 400, False, 5
850,0, 400, False, 5
851,0, 400, False, 5
852,0, 400, False, 5
853,0, 400, False, 5
854,0, 400, False, 0
855,0, 400, False, 0
856,0, 400, False, 0
857,0, 400, False, 0
858,0, 400, False, 0
859,0, 400, False, 0
860,0, 400, False, 0
861,0, 400, False, 0
862,0, 400, False, 0
863,0, 400, False, 0
864,0, 400, False, 0
865,0, 400, False, 0
866,0, 400, False, 0
867,0, 400, False, 0
868,0, 400, False, 0
869,0, 400, False, 0
870,0, 400, False, 0
871,0, 400, False, 0
872,0, 400, False, 0
873,0, 400, False, 0
874,0, 400, False, 0
875,0, 400, False, 0
876,0, 400, False, 0
877,0, 400, False, 0
878,0, 400, False, 0
879,0, 400, False, 0
880,0, 400, False, 0
881,0, 400, False, 0
882,0, 400, False, 0
883,0, 400, False, 0
884,0, 400, False, 0
885,0, 400, False, 0
886,0, 400, False, 0
887,0, 400, False, 0
888,0, 400, False, 0
889,0, 400, False, 0
890,0, 400, False, 0
891,0, 400, False, 0
892,0, 400, False, 0
893,0, 400, False, 0
894,0, 400, False, 0
895,0, 400, False, 0
896,0, 400, False, 0
897,0, 400, False, 0
898,0, 400, False, 0
899,0, 400, False, 0
900,0, 400, False, 0
901,0, 400, False, 0
902,0, 400, False, 0
903,0, 400, False, 0
904,0, 400, False, 3
905,0, 400, False, 3
906,0, 400, False, 3
907,0, 400, False, 3
908,0, 400, False, 3
909,0, 400, False, 3
910,0, 400, False, 3
911,10, 410, False, 3
912,0, 410, False, 3
913,0, 410, False, 3
914,0, 410, False, 3
915,0, 410, False, 3
916,0, 410, False, 0
917,0, 410, False, 0
918,0, 410, False, 0
919,0, 410, False, 0
920,0, 410, False, 0
921,0, 410, False, 0
922,0, 410, False, 0
923,0, 410, False, 0
924,0, 410, False, 0
925,0, 410, False, 0
926,0, 410, False, 0
927,0, 410, False, 0
928,0, 410, False, 0
929,0, 410, False, 0
930,0, 410, False, 0
931,0, 410, False, 0
932,0, 410, False, 0
933,0, 410, False, 0
934,0, 410, False, 0
935,0, 410, False, 0
936,0, 410, False, 0
937,0, 410, False, 0
938,0, 410, False, 0
939,0, 410, False, 0
940,0, 410, False, 0
941,10, 420, False, 0
942,0, 420, False, 0
943,0, 420, False, 0
944,0, 420, False, 0
945,0, 420, False, 0
946,0, 420, False, 0
947,0, 420, False, 0
948,0, 420, False, 0
949,0, 420, False, 0
950,0, 420, False, 0
951,0, 420, False, 0
952,0, 420, False, 0
953,0, 420, False, 0
954,0, 420, False, 0
955,10, 430, False, 0
956,0, 430, False, 0
957,0, 430, False, 0
958,0, 430, False, 0
959,0, 430, False, 0
960,0, 430, False, 0
961,0, 430, False, 0
962,0, 430, False, 0
963,0, 430, False, 0
964,0, 430, False, 0
965,0, 430, False, 0
966,0, 430, False, 0
967,0, 430, False, 0
968,0, 430, False, 0
969,0, 430, False, 0
970,0, 430, False, 2
971,0, 430, False, 2
972,0, 430, False, 2
973,0, 430, False, 2
974,0, 430, False, 2
975,0, 430, False, 2
976,0, 430, False, 2
977,0, 430, False, 2
978,0, 430, False, 2
979,0, 430, False, 2
980,0, 430, False, 2
981,10, 440, False, 2
982,0, 440, False, 2
983,0, 440, False, 2
984,0, 440, False, 0
985,0, 440, False, 0
986,0, 440, False, 0
987,0, 440, False, 0
988,0, 440, False, 0
989,0, 440, False, 0
990,0, 440, False, 0
991,0, 440, False, 0
992,0, 440, False, 0
993,0, 440, False, 0
994,0, 440, False, 0
995,10, 450, False, 0
996,0, 450, False, 0
997,0, 450, False, 0
998,0, 450, False, 0
999,0, 450, False, 0
1000,0, 450, False, 0
1001,0, 450, False, 0
1002,0, 450, False, 0
1003,0, 450, False, 0
1004,0, 450, False, 0
1005,0, 450, False, 0
1006,0, 450, False, 0
1007,0, 450, False, 0
1008,0, 450, False, 0
1009,10, 460, False, 0
1010,0, 460, False, 0
1011,0, 460, False, 0
1012,0, 460, False, 0
1013,0, 460, False, 0
1014,0, 460, False, 0
1015,0, 460, False, 0
1016,0, 460, False, 0
1017,0, 460, False, 0
1018,0, 460, False, 0
1019,0, 460, False, 0
1020,0, 460, False, 0
1021,0, 460, False, 0
1022,0, 460, False, 0
1023,10, 470, False, 0
1024,0, 470, False, 0
1025,0, 470, False, 0
1026,0, 470, False, 0
1027,0, 470, False, 0
1028,0, 470, False, 0
1029,0, 470, False, 0
1030,0, 470, False, 0
1031,0, 470, False, 0
1032,0, 470, False, 0
1033,0, 470, False, 0
1034,0, 470, False, 0
1035,0, 470, False, 0
1036,0, 470, False, 0
1037,10, 480, False, 0
1038,0, 480, False, 0
1039,0, 480, False, 0
1040,0, 480, False, 0
1041,0, 480, False, 0
1042,0, 480, False, 0
1043,0, 480, False, 0
1044,0, 480, False, 0
1045,0, 480, False, 0
1046,0, 480, False, 0
1047,0, 480, False, 0
1048,0, 480, False, 0
1049,0, 480, False, 0
1050,0, 480, False, 0
1051,10, 490, False, 0
1052,0, 490, False, 4
1053,0, 490, False, 4
1054,0, 490, False, 4
1055,0, 490, False, 4
1056,0, 490, False, 4
1057,0, 490, False, 4
1058,0, 490, False, 4
1059,0, 490, False, 4
1060,0, 490, False, 4
1061,0, 490, False, 0
1062,0, 490, False, 0
1063,10, 500, False, 0
1064,0, 500, False, 0
1065,0, 500, False, 0
1066,0, 500, False, 0
1067,0, 500, False, 0
1068,0, 500, False, 2
1069,0, 500, False, 2
1070,0, 500, False, 2
1071,0, 500, False, 2
1072,0, 500, False, 2
1073,0, 500, False, 2
1074,0, 500, False, 2
1075,0, 500, False, 0
1076,0, 500, False, 0
1077,50, 550, False, 0
1078,0, 550, False, 0
1079,0, 550, False, 0
1080,0, 550, False, 0
1081,0, 550, False, 0
1082,0, 550, False, 0
1083,0, 550, False, 0
1084,0, 550, False, 0
1085,0, 550, False, 0
1086,0, 550, False, 0
1087,0, 550, False, 0
1088,0, 550, False, 0
1089,0, 550, False, 0
1090,0, 550, False, 0
1091,0, 550, False, 0
1092,0, 550, False, 0
1093,10, 560, False, 0
1094,0, 560, False, 0
1095,0, 560, False, 0
1096,0, 560, False, 3
1097,0, 560, False, 3
1098,0, 560, False, 3
1099,0, 560, False, 3
1100,0, 560, False, 3
1101,0, 560, False, 3
1102,0, 560, False, 3
1103,0, 560, False, 3
1104,0, 560, False, 3
1105,10, 570, False, 3
1106,0, 570, False, 3
1107,0, 570, False, 3
1108,0, 570, False, 3
1109,0, 570, False, 3
1110,0, 570, False, 3
1111,0, 570, False, 3
1112,0, 570, False, 3
1113,0, 570, False, 3
1114,0, 570, False, 0
1115,0, 570, False, 0
1116,0, 570, False, 0
1117,0, 570, False, 0
1118,0, 570, False, 0
1119,10, 580, False, 0
1120,0, 580, False, 0
1121,0, 580, False, 0
1122,0, 580, False, 0
1123,0, 580, False, 0
1124,0, 580, False, 0
1125,0, 580, False, 0
1126,0, 580, False, 0
1127,0, 580, False, 0
1128,0, 580, False, 0
1129,0, 580, False, 0
1130,0, 580, False, 0
1131,10, 590, False, 0
1132,0, 590, False, 0
1133,0, 590, False, 0
1134,0, 590, False, 0
1135,0, 590, False, 0
1136,0, 590, False, 0
1137,0, 590, False, 0
1138,0, 590, False, 0
1139,0, 590, False, 0
1140,0, 590, False, 0
1141,0, 590, False, 0
1142,0, 590, False, 0
1143,0, 590, False, 0
1144,0, 590, False, 0
1145,0, 590, False, 0
1146,0, 590, False, 5
1147,0, 590, False, 5
1148,0, 590, False, 5
1149,0, 590, False, 5
1150,0, 590, False, 5
1151,0, 590, False, 5
1152,0, 590, False, 5
1153,10, 600, False, 5
1154,0, 600, False, 0
1155,0, 600, False, 0
1156,0, 600, False, 0
1157,0, 600, False, 0
1158,0, 600, False, 0
1159,0, 600, False, 0
1160,0, 600, False, 0
1161,0, 600, False, 0
1162,0, 600, False, 0
1163,0, 600, False, 0
1164,0, 600, False, 0
1165,0, 600, False, 0
1166,0, 600, False, 0
1167,10, 610, False, 0
1168,0, 610, False, 4
1169,0, 610, False, 4
1170,0, 610, False, 4
1171,0, 610, False, 4
1172,0, 610, False, 4
1173,0, 610, False, 4
1174,0, 610, False, 4
1175,0, 610, False, 4
1176,0, 610, False, 4
1177,0, 610, False, 0
1178,0, 610, False, 0
1179,0, 610, False, 0
1180,0, 610, False, 0
1181,0, 610, False, 0
1182,0, 610, False, 0
1183,10, 620, False, 0
1184,0, 620, False, 0
1185,0, 620, False, 0
1186,0, 620, False, 0
1187,0, 620, False, 0
1188,0, 620, False, 0
1189,0, 620, False, 0
1190,0, 620, False, 0
1191,0, 620, False, 0
1192,0, 620, False, 0
1193,0, 620, False, 0
1194,0, 620, False, 0
1195,0, 620, False, 5
1196,0, 620, False, 5
1197,0, 620, False, 5
1198,0, 620, False, 5
1199,0, 620, False, 5
1200,0, 620, False, 5
1201,0, 620, False, 5
1202,0, 620, False, 0
1203,0, 620, False, 0
1204,0, 620, False, 0
1205,0, 620, False, 0
1206,0, 620, False, 0
1207,0, 620, False, 0
1208,0, 620, False, 0
1209,0, 620, False, 0
1210,0, 620, False, 0
1211,0, 620, False, 0
1212,0, 620, False, 0
1213,0, 620, False, 0
1214,0, 620, False, 0
1215,0, 620, False, 0
1216,0, 620, False, 0
1217,0, 620, False, 0
1218,0, 620, False, 4
1219,0, 620, False, 4
1220,0, 620, False, 4
1221,0, 620, False, 4
1222,0, 620, False, 4
1223,0, 620, False, 4
1224,0, 620, False, 4
1225,0, 620, False, 4
1226,0, 620, False, 4
1227,0, 620, False, 4
1228,0, 620, False, 0
1229,0, 620, False, 0
1230,0, 620, False, 0
1231,10, 630, False, 0
1232,0, 630, False, 0
1233,0, 630, False, 0
1234,0, 630, False, 0
1235,0, 630, False, 0
1236,0, 630, False, 0
1237,0, 630, False, 0
1238,0, 630, False, 0
1239,0, 630, False, 0
1240,0, 630, False, 0
1241,0, 630, False, 0
1242,0, 630, False, 0
1243,0, 630, False, 0
1244,0, 630, False, 0
1245,0, 630, False, 0
1246,0, 630, False, 0
1247,0, 630, False, 0
1248,0, 630, False, 0
1249,0, 630, False, 0
1250,0, 630, False, 0
1251,0, 630, False, 0
1252,0, 630, False, 0
1253,0, 630, False, 0
1254,0, 630, False, 0
1255,0, 630, False, 0
1256,0, 630, False, 0
1257,0, 630, False, 0
1258,0, 630, False, 0
1259,10, 640, False, 0
1260,0, 640, False, 0
1261,0, 640, False, 0
1262,0, 640, False, 0
1263,0, 640, False, 0
1264,0, 640, False, 0
1265,0, 640, False, 0
1266,0, 640, False, 0
1267,0, 640, False, 0
1268,0, 640, False, 0
1269,0, 640, False, 0
1270,0, 640, False, 0
1271,0, 640, False, 0
1272,0, 640, False, 0
1273,0, 640, False, 0
1274,0, 640, False, 0
1275,0, 640, False, 2
1276,0, 640, False, 2
1277,0, 640, False, 2
1278,0, 640, False, 2
1279,0, 640, False, 2
1280,0, 640, False, 2
1281,0, 640, False, 2
1282,0, 640, False, 2
1283,0, 640, False, 2
1284,0, 640, False, 2
1285,0, 640, False, 0
1286,0, 640, False, 0
1287,0, 640, False, 0
1288,0, 640, False, 0
1289,0, 640, False, 0
1290,0, 640, False, 0
1291,0, 640, False, 0
1292,0, 640, False, 0
1293,0, 640, False, 0
1294,0, 640, False, 0
1295,0, 640, False, 0
1296,0, 640, False, 0
1297,0, 640, False, 0
1298,0, 640, False, 0
1299,10, 650, False, 0
1300,0, 650, False, 0
1301,0, 650, False, 0
1302,0, 650, False, 0
1303,0, 650, False, 0
1304,0, 650, False, 3
1305,0, 650, False, 3
1306,0, 650, False, 3
1307,0, 650, False, 3
1308,0, 650, False, 3
1309,0, 650, False, 3
1310,0, 650, False, 3
1311,0, 650, False, 3
1312,0, 650, False, 3
1313,10, 660, False, 3
1314,0, 660, False, 0
1315,0, 660, False, 0
1316,0, 660, False, 0
1317,0, 660, False, 0
1318,0, 660, False, 0
1319,0, 660, False, 0
1320,0, 660, False, 0
1321,0, 660, False, 0
1322,0, 660, False, 0
1323,0, 660, False, 2
1324,0, 660, False, 2
1325,0, 660, False, 2
1326,0, 660, False, 2
1327,0, 660, False, 2
1328,0, 660, False, 2
1329,0, 660, False, 2
1330,0, 660, False, 2
1331,0, 660, False, 0
1332,0, 660, False, 0
1333,0, 660, False, 0
1334,0, 660, False, 0
1335,0, 660, False, 0
1336,0, 660, False, 0
1337,50, 710, False, 0
1338,0, 710, False, 0
1339,0, 710, False, 0
1340,0, 710, False, 0
1341,0, 710, False, 0
1342,0, 710, False, 0
1343,0, 710, False, 0
1344,0, 710, False, 0
1345,0, 710, False, 0
1346,0, 710, False, 0
1347,10, 720, False, 0
1348,0, 720, False, 0
1349,0, 720, False, 0
1350,0, 720, False, 0
1351,0, 720, False, 0
1352,0, 720, False, 4
1353,0, 720, False, 4
1354,0, 720, False, 4
1355,0, 720, False, 4
1356,0, 720, False, 4
1357,0, 720, False, 4
1358,0, 720, False, 4
1359,0, 720, False, 4
1360,0, 720, False, 4
1361,0, 720, False, 4
1362,0, 720, False, 4
1363,10, 730, False, 0
1364,0, 730, False, 0
1365,0, 730, False, 0
1366,0, 730, False, 0
1367,0, 730, False, 0
1368,0, 730, False, 0
1369,0, 730, False, 0
1370,0, 730, False, 0
1371,0, 730, False, 0
1372,0, 730, False, 0
1373,0, 730, False, 0
1374,0, 730, False, 0
1375,10, 740, False, 0
1376,0, 740, False, 0
1377,0, 740, False, 0
1378,0, 740, False, 0
1379,0, 740, False, 0
1380,0, 740, False, 0
1381,0, 740, False, 0
1382,0, 740, False, 0
1383,0, 740, False, 0
1384,0, 740, False, 0
1385,0, 740, False, 0
1386,0, 740, False, 0
1387,0, 740, False, 0
1388,0, 740, False, 0
1389,10, 750, False, 0
1390,0, 750, False, 0
1391,0, 750, False, 0
1392,0, 750, False, 0
1393,0, 750, False, 0
1394,0, 750, False, 0
1395,0, 750, False, 5
1396,0, 750, False, 5
1397,0, 750, False, 5
1398,0, 750, False, 5
1399,0, 750, False, 5
1400,0, 750, False, 5
1401,0, 750, False, 5
1402,0, 750, False, 0
1403,10, 760, False, 0
1404,0, 760, False, 0
1405,0, 760, False, 0
1406,0, 760, False, 0
1407,0, 760, False, 0
1408,0, 760, False, 0
1409,0, 760, False, 0
1410,0, 760, False, 0
1411,0, 760, False, 0
1412,0, 760, False, 0
1413,0, 760, False, 0
1414,0, 760, False, 0
1415,0, 760, False, 0
1416,0, 760, False, 3
1417,10, 770, False, 3
1418,0, 770, False, 3
1419,0, 770, False, 3
1420,0, 770, False, 3
1421,0, 770, False, 3
1422,0, 770, False, 3
1423,0, 770, False, 3
1424,0, 770, False, 3
1425,0, 770, False, 0
1426,0, 770, False, 0
1427,0, 770, False, 0
1428,0, 770, False, 0
1429,0, 770, False, 0
1430,0, 770, False, 0
1431,10, 780, False, 0
1432,0, 780, False, 0
1433,0, 780, False, 0
1434,0, 780, False, 0
1435,0, 780, False, 0
1436,0, 780, False, 0
1437,0, 780, False, 0
1438,0, 780, False, 0
1439,0, 780, False, 0
1440,0, 780, False, 0
1441,0, 780, False, 0
1442,0, 780, False, 0
1443,0, 780, False, 4
1444,0, 780, False, 4
1445,0, 780, False, 4
1446,0, 780, False, 4
1447,0, 780, False, 4
1448,0, 780, False, 4
1449,0, 780, False, 4
1450,0, 780, False, 4
1451,0, 780, False, 4
1452,0, 780, False, 0
1453,0, 780, False, 0
1454,0, 780, False, 0
1455,0, 780, False, 0
1456,0, 780, False, 0
1457,0, 780, False, 0
1458,0, 780, False, 0
1459,0, 780, False, 0
1460,0, 780, False, 0
1461,0, 780, False, 0
1462,0, 780, False, 0
1463,0, 780, False, 0
1464,0, 780, False, 0
1465,0, 780, False, 0
1466,0, 780, False, 0
1467,0, 780, False, 0
1468,0, 780, False, 0
1469,0, 780, False, 5
1470,0, 780, False, 5
1471,10, 790, False, 5
1472,0, 790, False, 5
1473,0, 790, False, 5
1474,0, 790, False, 5
1475,0, 790, False, 5
1476,0, 790, False, 5
1477,0, 790, False, 5
1478,0, 790, False, 0
1479,0, 790, False, 0
1480,0, 790, False, 0
1481,0, 790, False, 0
1482,0, 790, False, 0
1483,10, 800, False, 0
1484,0, 800, False, 0
1485,0, 800, False, 0
1486,0, 800, False, 0
1487,0, 800, False, 0
1488,0, 800, False, 0
1489,0, 800, False, 0
1490,0, 800, False, 0
1491,0, 800, False, 0
1492,0, 800, False, 0
1493,0, 800, False, 0
1494,0, 800, False, 0
1495,0, 800, False, 0
1496,0, 800, False, 0
1497,10, 810, False, 0
1498,0, 810, False, 0
1499,0, 810, False, 0
1500,0, 810, False, 0
1501,0, 810, False, 0
1502,0, 810, False, 0
1503,0, 810, False, 3
1504,0, 810, False, 3
1505,0, 810, False, 3
1506,0, 810, False, 3
1507,0, 810, False, 3
1508,0, 810, False, 3
1509,0, 810, False, 3
1510,0, 810, False, 3
1511,0, 810, False, 3
1512,0, 810, False, 3
1513,0, 810, False, 3
1514,0, 810, False, 3
1515,0, 810, False, 3
1516,0, 810, False, 3
1517,0, 810, False, 3
1518,0, 810, False, 3
1519,0, 810, False, 3
1520,0, 810, False, 3
1521,0, 810, False, 3
1522,0, 810, False, 3
1523,0, 810, False, 3
1524,0, 810, False, 3
1525,0, 810, False, 0
1526,0, 810, False, 0
1527,0, 810, False, 0
1528,0, 810, False, 0
1529,0, 810, False, 0
1530,0, 810, False, 0
1531,0, 810, False, 0
1532,0, 810, False, 0
1533,0, 810, False, 0
1534,0, 810, False, 0
1535,0, 810, False, 0
1536,0, 810, False, 0
1537,0, 810, False, 0
1538,0, 810, False, 0
1539,0, 810, False, 0
1540,0, 810, False, 0
1541,0, 810, False, 5
1542,0, 810, False, 5
1543,0, 810, False, 5
1544,0, 810, False, 5
1545,0, 810, False, 5
1546,0, 810, False, 5
1547,0, 810, False, 5
1548,0, 810, False, 5
1549,0, 810, False, 0
1550,0, 810, False, 0
1551,0, 810, False, 0
1552,0, 810, False, 0
1553,0, 810, False, 0
1554,0, 810, False, 0
1555,0, 810, False, 0
1556,0, 810, False, 0
1557,0, 810, False, 0
1558,0, 810, False, 0
1559,0, 810, False, 0
1560,0, 810, False, 0
1561,0, 810, False, 0
1562,0, 810, False, 0
1563,0, 810, False, 0
1564,0, 810, False, 0
1565,0, 810, False, 0
1566,0, 810, False, 0
1567,0, 810, False, 0
1568,0, 810, False, 0
1569,0, 810, False, 0
1570,0, 810, False, 0
1571,0, 810, False, 0
1572,0, 810, False, 0
1573,0, 810, False, 0
1574,0, 810, False, 4
1575,0, 810, False, 4
1576,0, 810, False, 4
1577,0, 810, False, 4
1578,0, 810, False, 4
1579,0, 810, False, 4
1580,0, 810, False, 4
1581,0, 810, False, 4
1582,0, 810, False, 4
1583,0, 810, False, 4
1584,0, 810, False, 4
1585,0, 810, False, 4
1586,0, 810, False, 0
1587,0, 810, False, 0
1588,0, 810, False, 0
1589,0, 810, False, 0
1590,0, 810, False, 0
1591,0, 810, False, 0
1592,0, 810, False, 0
1593,0, 810, False, 0
1594,0, 810, False, 0
1595,0, 810, False, 0
1596,0, 810, False, 0
1597,0, 810, False, 0
1598,0, 810, False, 0
1599,0, 810, False, 0
1600,0, 810, False, 0
1601,0, 810, False, 0
1602,0, 810, False, 0
1603,0, 810, False, 0
1604,0, 810, False, 0
1605,0, 810, False, 0
1606,0, 810, False, 0
1607,0, 810, False, 0
1608,0, 810, False, 0
1609,0, 810, False, 0
1610,0, 810, False, 0
1611,0, 810, False, 0
1612,0, 810, False, 0
1613,0, 810, False, 0
1614,0, 810, False, 0
1615,0, 810, False, 0
1616,0, 810, False, 0
1617,0, 810, False, 0
1618,0, 810, False, 0
1619,0, 810, False, 0
1620,0, 810, False, 0
1621,0, 810, False, 0
1622,0, 810, False, 0
1623,0, 810, False, 0
1624,0, 810, False, 0
1625,0, 810, False, 0
1626,0, 810, False, 0
1627,0, 810, False, 0
1628,0, 810, False, 0
1629,0, 810, False, 0
1630,0, 810, False, 0
1631,0, 810, False, 0
1632,0, 810, False, 0
1633,0, 810, False, 0
1634,0, 810, False, 0
1635,0, 810, False, 0
1636,0, 810, False, 0
1637,0, 810, False, 0
1638,0, 810, False, 0
1639,0, 810, False, 0
1640,0, 810, False, 0
1641,0, 810, False, 0
1642,0, 810, False, 0
1643,0, 810, False, 0
1644,0, 810, False, 0
1645,0, 810, False, 0
1646,0, 810, False, 0
1647,10, 820, False, 0
1648,0, 820, False, 0
1649,0, 820, False, 0
1650,0, 820, False, 0
1651,0, 820, False, 0
1652,0, 820, False, 0
1653,0, 820, False, 0
1654,0, 820, False, 0
1655,0, 820, False, 0
1656,0, 820, False, 0
1657,0, 820, False, 0
1658,0, 820, False, 0
1659,10, 830, False, 0
1660,0, 830, False, 0
1661,0, 830, False, 0
1662,0, 830, False, 0
1663,0, 830, False, 0
1664,0, 830, False, 0
1665,0, 830, False, 0
1666,0, 830, False, 0
1667,0, 830, False, 0
1668,0, 830, False, 0
1669,0, 830, False, 0
1670,0, 830, False, 0
1671,0, 830, False, 0
1672,0, 830, False, 0
1673,0, 830, False, 0
1674,0, 830, False, 0
1675,0, 830, False, 0
1676,0, 830, False, 0
1677,0, 830, False, 0
1678,0, 830, False, 0
1679,10, 840, False, 0
1680,0, 840, False, 0
1681,0, 840, False, 0
1682,0, 840, False, 0
1683,0, 840, False, 0
1684,0, 840, False, 0
1685,0, 840, False, 0
1686,0, 840, False, 0
1687,0, 840, False, 0
1688,0, 840, False, 0
1689,0, 840, False, 0
1690,0, 840, False, 0
1691,10, 850, False, 0
1692,0, 850, False, 0
1693,0, 850, False, 0
1694,0, 850, False, 0
1695,0, 850, False, 0
1696,0, 850, False, 0
1697,0, 850, False, 0
1698,0, 850, False, 0
1699,0, 850, False, 0
1700,0, 850, False, 0
1701,0, 850, False, 0
1702,0, 850, False, 0
1703,0, 850, False, 0
1704,0, 850, False, 0
1705,10, 860, False, 0
1706,0, 860, False, 0
1707,0, 860, False, 0
1708,0, 860, False, 0
1709,0, 860, False, 0
1710,0, 860, False, 0
1711,0, 860, False, 0
1712,0, 860, False, 0
1713,0, 860, False, 0
1714,0, 860, False, 0
1715,0, 860, False, 0
1716,0, 860, False, 0
1717,0, 860, False, 0
1718,0, 860, False, 0
1719,10, 870, False, 0
1720,0, 870, False, 0
1721,0, 870, False, 0
1722,0, 870, False, 0
1723,0, 870, False, 0
1724,0, 870, False, 0
1725,0, 870, False, 0
1726,0, 870, False, 0
1727,0, 870, False, 0
1728,0, 870, False, 0
1729,0, 870, False, 0
1730,0, 870, False, 0
1731,10, 880, False, 0
1732,0, 880, False, 0
1733,0, 880, False, 0
1734,0, 880, False, 0
1735,0, 880, False, 0
1736,0, 880, False, 3
1737,0, 880, False, 3
1738,0, 880, False, 3
1739,0, 880, False, 3
1740,0, 880, False, 3
1741,0, 880, False, 3
1742,0, 880, False, 3
1743,0, 880, False, 3
1744,0, 880, False, 3
1745,0, 880, False, 3
1746,0, 880, False, 0
1747,0, 880, False, 0
1748,0, 880, False, 0
1749,0, 880, False, 0
1750,0, 880, False, 0
1751,0, 880, False, 0
1752,0, 880, False, 0
1753,0, 880, False, 0
1754,0, 880, False, 0
1755,0, 880, False, 0
1756,0, 880, False, 0
1757,0, 880, False, 0
1758,0, 880, False, 0
1759,0, 880, False, 2
1760,0, 880, False, 2
1761,0, 880, False, 2
1762,0, 880, False, 2
1763,0, 880, False, 2
1764,0, 880, False, 2
1765,0, 880, False, 2
1766,0, 880, False, 2
1767,0, 880, False, 2
1768,0, 880, False, 2
1769,0, 880, False, 0
1770,0, 880, False, 0
1771,0, 880, False, 0
1772,0, 880, False, 0
1773,0, 880, False, 0
1774,0, 880, False, 0
1775,0, 880, False, 0
1776,0, 880, False, 0
1777,0, 880, False, 0
1778,0, 880, False, 0
1779,0, 880, False, 0
1780,0, 880, False, 0
1781,0, 880, False, 0
1782,0, 880, False, 0
1783,0, 880, False, 0
1784,0, 880, False, 0
1785,0, 880, False, 0
1786,0, 880, False, 0
1787,0, 880, False, 0
1788,0, 880, False, 0
1789,0, 880, False, 0
1790,0, 880, False, 0
1791,0, 880, False, 0
1792,0, 880, False, 0
1793,0, 880, False, 0
1794,0, 880, False, 0
1795,0, 880, False, 0
1796,0, 880, False, 0
1797,0, 880, False, 0
1798,0, 880, False, 0
1799,0, 880, False, 0
1800,0, 880, False, 0
1801,0, 880, False, 0
1802,0, 880, False, 0
1803,0, 880, False, 0
1804,0, 880, False, 0
1805,0, 880, False, 0
1806,0, 880, False, 0
1807,0, 880, False, 0
1808,0, 880, False, 0
1809,0, 880, False, 0
1810,0, 880, False, 0
1811,0, 880, False, 0
1812,0, 880, False, 0
1813,0, 880, False, 0
1814,0, 880, False, 0
1815,0, 880, False, 0
1816,0, 880, False, 5
1817,0, 880, False, 5
1818,0, 880, False, 5
1819,0, 880, False, 5
1820,0, 880, False, 5
1821,0, 880, False, 5
1822,0, 880, False, 5
1823,0, 880, False, 5
1824,0, 880, False, 0
1825,0, 880, False, 0
1826,0, 880, False, 0
1827,10, 890, False, 0
1828,0, 890, False, 0
1829,0, 890, False, 0
1830,0, 890, False, 0
1831,0, 890, False, 0
1832,0, 890, False, 0
1833,0, 890, False, 0
1834,0, 890, False, 0
1835,0, 890, False, 0
1836,0, 890, False, 0
1837,0, 890, False, 0
1838,0, 890, False, 0
1839,0, 890, False, 0
1840,0, 890, False, 0
1841,10, 900, False, 0
1842,0, 900, False, 0
1843,0, 900, False, 0
1844,0, 900, False, 0
1845,0, 900, False, 0
1846,0, 900, False, 0
1847,0, 900, False, 0
1848,0, 900, False, 0
1849,0, 900, False, 0
1850,0, 900, False, 0
1851,0, 900, False, 0
1852,0, 900, False, 0
1853,0, 900, False, 0
1854,0, 900, False, 0
1855,10, 910, False, 0
1856,0, 910, False, 0
1857,0, 910, False, 0
1858,0, 910, False, 0
1859,0, 910, False, 0
1860,0, 910, False, 0
1861,0, 910, False, 0
1862,0, 910, False, 0
1863,0, 910, False, 0
1864,0, 910, False, 0
1865,0, 910, False, 0
1866,0, 910, False, 0
1867,0, 910, False, 0
1868,0, 910, False, 0
1869,10, 920, False, 0
1870,0, 920, False, 0
1871,0, 920, False, 0
1872,0, 920, False, 0
1873,0, 920, False, 0
1874,0, 920, False, 0
1875,0, 920, False, 0
1876,0, 920, False, 0
1877,0, 920, False, 2
1878,0, 920, False, 2
1879,0, 920, False, 2
1880,0, 920, False, 2
1881,0, 920, False, 2
1882,0, 920, False, 2
1883,0, 920, False, 2
1884,0, 920, False, 2
1885,0, 920, False, 0
1886,0, 920, False, 0
1887,0, 920, False, 0
1888,0, 920, False, 0
1889,0, 920, False, 0
1890,0, 920, False, 0
1891,0, 920, False, 0
1892,0, 920, False, 0
1893,0, 920, False, 0
1894,0, 920, False, 0
1895,0, 920, False, 0
1896,0, 920, False, 0
1897,0, 920, False, 0
1898,0, 920, False, 0
1899,0, 920, False, 0
1900,0, 920, False, 4
1901,0, 920, False, 4
1902,0, 920, False, 4
1903,0, 920, False, 4
1904,0, 920, False, 4
1905,0, 920, False, 4
1906,0, 920, False, 4
1907,100, 1020, False, 4
1908,0, 1020, False, 0
1909,0, 1020, False, 0
1910,0, 1020, False, 0
1911,0, 1020, False, 0
1912,0, 1020, False, 0
1913,0, 1020, False, 0
1914,0, 1020, False, 0
1915,0, 1020, False, 0
1916,0, 1020, False, 0
1917,0, 1020, False, 0
1918,0, 1020, False, 0
1919,0, 1020, False, 0
1920,0, 1020, False, 0
1921,0, 1020, False, 0
1922,0, 1020, False, 0
1923,0, 1020, False, 0
1924,0, 1020, False, 0
1925,0, 1020, False, 0
1926,0, 1020, False, 0
1927,0, 1020, False, 0
1928,0, 1020, False, 0
1929,0, 1020, False, 0
1930,0, 1020, False, 0
1931,10, 1030, False, 0
1932,0, 1030, False, 0
1933,0, 1030, False, 0
1934,0, 1030, False, 0
1935,0, 1030, False, 0
1936,0, 1030, False, 0
1937,0, 1030, False, 0
1938,0, 1030, False, 0
1939,0, 1030, False, 0
1940,0, 1030, False, 0
1941,0, 1030, False, 0
1942,0, 1030, False, 0
1943,10, 1040, False, 0
1944,0, 1040, False, 0
1945,0, 1040, False, 0
1946,0, 1040, False, 0
1947,0, 1040, False, 0
1948,0, 1040, False, 0
1949,0, 1040, False, 0
1950,0, 1040, False, 0
1951,0, 1040, False, 0
1952,0, 1040, False, 0
1953,0, 1040, False, 0
1954,0, 1040, False, 0
1955,0, 1040, False, 0
1956,0, 1040, False, 0
1957,0, 1040, False, 0
1958,0, 1040, False, 0
1959,0, 1040, False, 0
1960,0, 1040, False, 0
1961,0, 1040, False, 0
1962,0, 1040, False, 0
1963,10, 1050, False, 0
1964,0, 1050, False, 0
1965,0, 1050, False, 0
1966,0, 1050, False, 0
1967,0, 1050, False, 0
1968,0, 1050, False, 0
1969,0, 1050, False, 0
1970,0, 1050, False, 0
1971,0, 1050, False, 0
1972,0, 1050, False, 0
1973,0, 1050, False, 0
1974,0, 1050, False, 0
1975,10, 1060, False, 0
1976,0, 1060, False, 0
1977,0, 1060, False, 0
1978,0, 1060, False, 0
1979,0, 1060, False, 0
1980,0, 1060, False, 0
1981,0, 1060, False, 0
1982,0, 1060, False, 0
1983,0, 1060, False, 0
1984,0, 1060, False, 0
1985,0, 1060, False, 0
1986,0, 1060, False, 0
1987,0, 1060, False, 0
1988,0, 1060, False, 0
1989,10, 1070, False, 0
1990,0, 1070, False, 0
1991,0, 1070, False, 2
1992,0, 1070, False, 2
1993,0, 1070, False, 2
1994,0, 1070, False, 2
1995,0, 1070, False, 2
1996,0, 1070, False, 2
1997,0, 1070, False, 2
1998,0, 1070, False, 2
1999,0, 1070, False, 0
2000,0, 1070, False, 0
2001,0, 1070, False, 0
2002,0, 1070, False, 0
2003,0, 1070, False, 0
2004,0, 1070, False, 0
2005,10, 1080, False, 0
2006,0, 1080, False, 0
2007,0, 1080, False, 0
2008,0, 1080, False, 0
2009,0, 1080, False, 0
2010,0, 1080, False, 0
2011,0, 1080, False, 0
2012,0, 1080, False, 0
2013,0, 1080, False, 0
2014,0, 1080, False, 0
2015,0, 1080, False, 0
2016,0, 1080, False, 4
2017,0, 1080, False, 4
2018,0, 1080, False, 4
2019,0, 1080, False, 4
2020,0, 1080, False, 4
2021,0, 1080, False, 4
2022,0, 1080, False, 4
2023,0, 1080, False, 4
2024,0, 1080, False, 4
2025,0, 1080, False, 0
2026,0, 1080, False, 0
2027,0, 1080, False, 0
2028,0, 1080, False, 0
2029,0, 1080, False, 0
2030,0, 1080, False, 0
2031,0, 1080, False, 0
2032,0, 1080, False, 0
2033,0, 1080, False, 0
2034,0, 1080, False, 0
2035,0, 1080, False, 0
2036,0, 1080, False, 2
2037,0, 1080, False, 2
2038,0, 1080, False, 2
2039,0, 1080, False, 2
2040,0, 1080, False, 2
2041,0, 1080, False, 2
2042,0, 1080, False, 2
2043,0, 1080, False, 0
2044,0, 1080, False, 0
2045,0, 1080, False, 0
2046,0, 1080, False, 0
2047,0, 1080, False, 0
2048,0, 1080, False, 0
2049,0, 1080, False, 0
2050,0, 1080, False, 0
2051,0, 1080, False, 0
2052,0, 1080, False, 0
2053,0, 1080, False, 0
2054,0, 1080, False, 0
2055,0, 1080, False, 0
2056,0, 1080, False, 0
2057,0, 1080, False, 0
2058,0, 1080, False, 0
2059,0, 1080, False, 0
2060,0, 1080, False, 0
2061,0, 1080, False, 0
2062,0, 1080, False, 0
2063,0, 1080, False, 0
2064,0, 1080, False, 0
2065,0, 1080, False, 0
2066,0, 1080, False, 0
2067,0, 1080, False, 0
2068,0, 1080, False, 0
2069,0, 1080, False, 0
2070,0, 1080, False, 0
2071,0, 1080, False, 0
2072,0, 1080, False, 0
2073,0, 1080, False, 0
2074,0, 1080, False, 0
2075,0, 1080, False, 0
2076,0, 1080, False, 0
2077,0, 1080, False, 0
2078,0, 1080, False, 0
2079,0, 1080, False, 0
2080,0, 1080, False, 0
2081,0, 1080, False, 0
2082,0, 1080, False, 0
2083,0, 1080, False, 0
2084,0, 1080, False, 0
2085,0, 1080, False, 0
2086,0, 1080, False, 0
2087,0, 1080, False, 0
2088,0, 1080, False, 0
2089,0, 1080, False, 0
2090,0, 1080, False, 0
2091,0, 1080, False, 0
2092,0, 1080, False, 0
2093,0, 1080, False, 0
2094,0, 1080, False, 0
2095,0, 1080, False, 0
2096,0, 1080, False, 0
2097,0, 1080, False, 0
2098,0, 1080, False, 0
2099,0, 1080, False, 0
2100,0, 1080, False, 0
2101,0, 1080, False, 0
2102,0, 1080, False, 0
2103,0, 1080, False, 0
2104,0, 1080, False, 0
2105,0, 1080, False, 0
2106,0, 1080, False, 0
2107,0, 1080, False, 0
2108,0, 1080, False, 0
2109,0, 1080, False, 0
2110,0, 1080, False, 0
2111,0, 1080, False, 0
2112,0, 1080, False, 0
2113,0, 1080, False, 0
2114,0, 1080, False, 0
2115,0, 1080, False, 0
2116,0, 1080, False, 0
2117,0, 1080, False, 0
2118,0, 1080, False, 0
2119,0, 1080, False, 0
2120,0, 1080, False, 0
2121,0, 1080, False, 0
2122,0, 1080, False, 0
2123,0, 1080, False, 2
2124,0, 1080, False, 2
2125,0, 1080, False, 2
2126,0, 1080, False, 2
2127,0, 1080, False, 2
2128,0, 1080, False, 2
2129,0, 1080, False, 2
2130,0, 1080, False, 2
2131,0, 1080, False, 2
2132,0, 1080, False, 2
2133,0, 1080, False, 2
2134,0, 1080, False, 0
2135,0, 1080, False, 0
2136,0, 1080, False, 0
2137,0, 1080, False, 0
2138,0, 1080, False, 0
2139,0, 1080, False, 0
2140,0, 1080, False, 0
2141,0, 1080, False, 0
2142,0, 1080, False, 0
2143,0, 1080, False, 0
2144,0, 1080, False, 3
2145,0, 1080, False, 3
2146,0, 1080, False, 3
2147,0, 1080, False, 3
2148,0, 1080, False, 3
2149,0, 1080, False, 3
2150,0, 1080, False, 3
2151,0, 1080, False, 3
2152,0, 1080, False, 3
2153,0, 1080, False, 3
2154,0, 1080, False, 3
2155,0, 1080, False, 3
2156,0, 1080, False, 3
2157,0, 1080, False, 3
2158,0, 1080, False, 3
2159,0, 1080, False, 3
2160,0, 1080, False, 0
2161,0, 1080, False, 0
2162,0, 1080, False, 0
2163,0, 1080, False, 0
2164,0, 1080, False, 0
2165,0, 1080, False, 0
2166,0, 1080, False, 0
2167,0, 1080, False, 0
2168,0, 1080, False, 0
2169,0, 1080, False, 0
2170,0, 1080, False, 0
2171,0, 1080, False, 0
2172,0, 1080, False, 0
2173,0, 1080, False, 0
2174,0, 1080, False, 0
2175,0, 1080, False, 0
2176,0, 1080, False, 0
2177,0, 1080, False, 0
2178,0, 1080, False, 0
2179,0, 1080, False, 0
2180,0, 1080, False, 5
2181,0, 1080, False, 5
2182,0, 1080, False, 5
2183,0, 1080, False, 5
2184,0, 1080, False, 5
2185,0, 1080, False, 5
2186,0, 1080, False, 5
2187,0, 1080, False, 5
2188,0, 1080, False, 5
2189,0, 1080, False, 5
2190,0, 1080, False, 0
2191,0, 1080, False, 0
2192,0, 1080, False, 0
2193,0, 1080, False, 0
2194,0, 1080, False, 0
2195,0, 1080, False, 0
2196,0, 1080, False, 0
2197,0, 1080, False, 0
2198,0, 1080, False, 0
2199,0, 1080, False, 0
2200,0, 1080, False, 0
2201,0, 1080, False, 0
2202,0, 1080, False, 0
2203,0, 1080, False, 0
2204,0, 1080, False, 0
2205,0, 1080, False, 0
2206,0, 1080, False, 0
2207,0, 1080, False, 0
2208,0, 1080, False, 0
2209,0, 1080, False, 0
2210,0, 1080, False, 0
2211,10, 1090, False, 0
2212,0, 1090, False, 0
2213,0, 1090, False, 0
2214,0, 1090, False, 0
2215,0, 1090, False, 0
2216,0, 1090, False, 0
2217,0, 1090, False, 0
2218,0, 1090, False, 0
2219,0, 1090, False, 0
2220,0, 1090, False, 0
2221,0, 1090, False, 0
2222,0, 1090, False, 0
2223,0, 1090, False, 0
2224,0, 1090, False, 0
2225,10, 1100, False, 0
2226,0, 1100, False, 0
2227,0, 1100, False, 3
2228,0, 1100, False, 3
2229,0, 1100, False, 3
2230,0, 1100, False, 3
2231,0, 1100, False, 3
2232,0, 1100, False, 3
2233,0, 1100, False, 3
2234,0, 1100, False, 3
2235,0, 1100, False, 3
2236,0, 1100, False, 3
2237,0, 1100, False, 3
2238,0, 1100, False, 0
2239,10, 1110, False, 0
2240,0, 1110, False, 0
2241,0, 1110, False, 0
2242,0, 1110, False, 0
2243,0, 1110, False, 0
2244,0, 1110, False, 0
2245,0, 1110, False, 0
2246,0, 1110, False, 0
2247,0, 1110, False, 0
2248,0, 1110, False, 0
2249,0, 1110, False, 0
2250,0, 1110, False, 0
2251,0, 1110, False, 0
2252,0, 1110, False, 0
2253,10, 1120, False, 0
2254,0, 1120, False, 0
2255,0, 1120, False, 0
2256,0, 1120, False, 0
2257,0, 1120, False, 0
2258,0, 1120, False, 0
2259,0, 1120, False, 0
2260,0, 1120, False, 0
2261,0, 1120, False, 0
2262,0, 1120, False, 0
2263,0, 1120, False, 0
2264,0, 1120, False, 0
2265,0, 1120, False, 0
2266,0, 1120, False, 0
2267,0, 1120, False, 0
2268,0, 1120, False, 5
2269,0, 1120, False, 5
2270,0, 1120, False, 5
2271,0, 1120, False, 5
2272,0, 1120, False, 5
2273,0, 1120, False, 5
2274,0, 1120, False, 5
2275,0, 1120, False, 5
2276,0, 1120, False, 5
2277,10, 1130, False, 5
2278,0, 1130, False, 0
2279,0, 1130, False, 0
2280,0, 1130, False, 0
2281,0, 1130, False, 0
2282,0, 1130, False, 0
2283,0, 1130, False, 0
2284,0, 1130, False, 0
2285,0, 1130, False, 0
2286,0, 1130, False, 0
2287,0, 1130, False, 0
2288,0, 1130, False, 0
2289,0, 1130, False, 4
2290,0, 1130, False, 4
2291,10, 1140, False, 0
2292,0, 1140, False, 0
2293,0, 1140, False, 0
2294,0, 1140, False, 0
2295,0, 1140, False, 0
2296,0, 1140, False, 0
2297,0, 1140, False, 0
2298,0, 1140, False, 0
2299,0, 1140, False, 0
2300,0, 1140, False, 0
2301,0, 1140, False, 0
2302,0, 1140, False, 0
2303,0, 1140, False, 0
2304,0, 1140, False, 0
2305,10, 1150, False, 0
2306,0, 1150, False, 0
2307,0, 1150, False, 0
2308,0, 1150, False, 0
2309,0, 1150, False, 0
2310,0, 1150, False, 0
2311,0, 1150, False, 0
2312,0, 1150, False, 0
2313,0, 1150, False, 0
2314,0, 1150, False, 0
2315,0, 1150, False, 0
2316,0, 1150, False, 0
2317,0, 1150, False, 0
2318,0, 1150, False, 0
2319,0, 1150, False, 0
2320,0, 1150, False, 0
2321,0, 1150, False, 0
2322,0, 1150, False, 0
2323,0, 1150, False, 0
2324,0, 1150, False, 0
2325,0, 1150, False, 0
2326,0, 1150, False, 0
2327,0, 1150, False, 0
2328,0, 1150, False, 0
2329,0, 1150, False, 0
2330,0, 1150, False, 0
2331,0, 1150, False, 0
2332,0, 1150, False, 0
2333,0, 1150, False, 0
2334,0, 1150, False, 0
2335,0, 1150, False, 0
2336,0, 1150, False, 0
2337,0, 1150, False, 0
2338,0, 1150, False, 0
2339,0, 1150, False, 0
2340,0, 1150, False, 0
2341,0, 1150, False, 0
2342,0, 1150, False, 0
2343,0, 1150, False, 0
2344,0, 1150, False, 0
2345,0, 1150, False, 0
2346,0, 1150, False, 0
2347,0, 1150, False, 0
2348,0, 1150, False, 0
2349,0, 1150, False, 0
2350,0, 1150, False, 0
2351,0, 1150, False, 0
2352,0, 1150, False, 0
2353,0, 1150, False, 0
2354,0, 1150, False, 0
2355,0, 1150, False, 4
2356,0, 1150, False, 4
2357,0, 1150, False, 4
2358,0, 1150, False, 4
2359,0, 1150, False, 4
2360,0, 1150, False, 4
2361,0, 1150, False, 4
2362,0, 1150, False, 4
2363,0, 1150, False, 4
2364,0, 1150, False, 4
2365,0, 1150, False, 0
2366,0, 1150, False, 0
2367,0, 1150, False, 0
2368,0, 1150, False, 0
2369,0, 1150, False, 0
2370,0, 1150, False, 5
2371,0, 1150, False, 5
2372,0, 1150, False, 0
2373,0, 1150, False, 5
2374,0, 1150, False, 5
2375,0, 1150, False, 5
2376,0, 1150, False, 5
2377,0, 1150, False, 0
2378,0, 1150, False, 0
2379,0, 1150, False, 0
2380,0, 1150, False, 0
2381,0, 1150, False, 0
2382,0, 1150, False, 0
2383,0, 1150, False, 0
2384,0, 1150, False, 0
2385,0, 1150, False, 0
2386,0, 1150, False, 0
2387,0, 1150, False, 0
2388,0, 1150, False, 0
2389,0, 1150, False, 0
2390,0, 1150, False, 0
2391,0, 1150, False, 0
2392,0, 1150, False, 0
2393,0, 1150, False, 0
2394,0, 1150, False, 0
2395,0, 1150, False, 0
2396,0, 1150, False, 0
2397,0, 1150, False, 0
2398,0, 1150, False, 0
2399,0, 1150, False, 0
2400,0, 1150, False, 0
2401,0, 1150, False, 0
2402,0, 1150, False, 0
2403,0, 1150, False, 0
2404,0, 1150, False, 0
2405,0, 1150, False, 0
2406,0, 1150, False, 0
2407,0, 1150, False, 0
2408,0, 1150, False, 0
2409,0, 1150, False, 0
2410,0, 1150, False, 0
2411,0, 1150, False, 0
2412,0, 1150, False, 0
2413,0, 1150, False, 0
2414,0, 1150, False, 0
2415,0, 1150, False, 0
2416,0, 1150, False, 0
2417,0, 1150, False, 0
2418,0, 1150, False, 0
2419,0, 1150, False, 0
2420,0, 1150, False, 0
2421,0, 1150, False, 0
2422,0, 1150, False, 0
2423,0, 1150, False, 0
2424,0, 1150, False, 0
2425,0, 1150, False, 0
2426,0, 1150, False, 0
2427,0, 1150, False, 0
2428,0, 1150, False, 0
2429,0, 1150, False, 0
2430,0, 1150, False, 0
2431,0, 1150, False, 0
2432,0, 1150, False, 0
2433,0, 1150, False, 0
2434,0, 1150, False, 0
2435,0, 1150, False, 0
2436,0, 1150, False, 0
2437,0, 1150, False, 0
2438,0, 1150, False, 0
2439,0, 1150, False, 0
2440,0, 1150, False, 0
2441,0, 1150, False, 0
2442,0, 1150, False, 0
2443,0, 1150, False, 0
2444,0, 1150, False, 0
2445,0, 1150, False, 0
2446,0, 1150, False, 0
2447,0, 1150, False, 0
2448,0, 1150, False, 0
2449,0, 1150, False, 0
2450,0, 1150, False, 0
2451,0, 1150, False, 0
2452,0, 1150, False, 0
2453,0, 1150, False, 0
2454,0, 1150, False, 0
2455,0, 1150, False, 0
2456,0, 1150, False, 0
2457,0, 1150, False, 0
2458,0, 1150, False, 0
2459,0, 1150, False, 0
2460,0, 1150, False, 0
2461,0, 1150, False, 0
2462,0, 1150, False, 0
2463,0, 1150, False, 0
2464,0, 1150, False, 0
2465,0, 1150, False, 0
2466,0, 1150, False, 0
2467,0, 1150, False, 0
2468,0, 1150, False, 0
2469,0, 1150, False, 0
2470,0, 1150, False, 0
2471,0, 1150, False, 0
2472,0, 1150, False, 0
2473,0, 1150, False, 0
2474,0, 1150, False, 0
2475,0, 1150, False, 0
2476,0, 1150, False, 0
2477,0, 1150, False, 0
2478,0, 1150, False, 0
2479,0, 1150, False, 0
2480,0, 1150, False, 0
2481,0, 1150, False, 0
2482,0, 1150, False, 0
2483,0, 1150, False, 0
2484,0, 1150, False, 0
2485,0, 1150, False, 0
2486,0, 1150, False, 0
2487,0, 1150, False, 0
2488,0, 1150, False, 0
2489,0, 1150, False, 0
2490,0, 1150, False, 0
2491,0, 1150, False, 0
2492,0, 1150, False, 0
2493,0, 1150, False, 0
2494,0, 1150, False, 0
2495,0, 1150, False, 0
2496,0, 1150, False, 0
2497,0, 1150, False, 0
2498,0, 1150, False, 0
2499,0, 1150, False, 0
2500,0, 1150, False, 0
2501,0, 1150, False, 0
2502,0, 1150, False, 0
2503,0, 1150, False, 0
2504,0, 1150, False, 0
2505,0, 1150, False, 0
2506,0, 1150, False, 0
2507,0, 1150, False, 0
2508,0, 1150, False, 0
2509,0, 1150, False, 0
2510,0, 1150, False, 0
2511,0, 1150, False, 0
2512,0, 1150, False, 0
2513,0, 1150, False, 0
2514,0, 1150, False, 0
2515,0, 1150, False, 0
2516,0, 1150, False, 0
2517,0, 1150, False, 0
2518,0, 1150, False, 0
2519,0, 1150, False, 0
2520,0, 1150, False, 0
2521,0, 1150, False, 0
2522,0, 1150, False, 0
2523,0, 1150, False, 0
2524,0, 1150, False, 0
2525,0, 1150, False, 0
2526,0, 1150, False, 0
2527,0, 1150, False, 0
2528,0, 1150, False, 0
2529,0, 1150, False, 0
2530,0, 1150, False, 0
2531,0, 1150, False, 0
2532,0, 1150, False, 0
2533,0, 1150, False, 0
2534,0, 1150, False, 0
2535,0, 1150, False, 0
2536,0, 1150, False, 0
2537,0, 1150, False, 0
2538,0, 1150, False, 0
2539,0, 1150, False, 0
2540,0, 1150, False, 0
2541,0, 1150, False, 0
2542,0, 1150, False, 0
2543,0, 1150, False, 0
2544,0, 1150, False, 0
2545,0, 1150, False, 0
2546,0, 1150, False, 0
2547,0, 1150, False, 0
2548,0, 1150, False, 0
2549,0, 1150, False, 0
2550,0, 1150, False, 0
2551,0, 1150, False, 0
2552,0, 1150, False, 0
2553,0, 1150, False, 0
2554,0, 1150, False, 0
2555,0, 1150, False, 0
2556,0, 1150, False, 0
2557,0, 1150, False, 0
2558,0, 1150, False, 0
2559,0, 1150, False, 0
2560,0, 1150, False, 0
2561,0, 1150, False, 0
2562,0, 1150, False, 0
2563,0, 1150, False, 0
