db traj id : 1901
frame,reward,score,terminal, action
0,0, 0, False, 0
1,0, 0, False, 0
2,0, 0, False, 0
3,0, 0, False, 3
4,0, 0, False, 3
5,0, 0, False, 3
6,0, 0, False, 3
7,0, 0, False, 3
8,0, 0, False, 3
9,0, 0, False, 3
10,0, 0, False, 3
11,0, 0, False, 3
12,0, 0, False, 3
13,0, 0, False, 3
14,0, 0, False, 3
15,0, 0, False, 3
16,0, 0, False, 3
17,0, 0, False, 3
18,0, 0, False, 3
19,0, 0, False, 3
20,0, 0, False, 0
21,0, 0, False, 0
22,0, 0, False, 0
23,0, 0, False, 0
24,0, 0, False, 0
25,0, 0, False, 0
26,0, 0, False, 0
27,0, 0, False, 4
28,0, 0, False, 4
29,0, 0, False, 4
30,0, 0, False, 4
31,0, 0, False, 4
32,0, 0, False, 4
33,0, 0, False, 4
34,0, 0, False, 4
35,0, 0, False, 4
36,0, 0, False, 4
37,0, 0, False, 4
38,0, 0, False, 4
39,0, 0, False, 4
40,0, 0, False, 4
41,0, 0, False, 4
42,0, 0, False, 4
43,0, 0, False, 4
44,0, 0, False, 4
45,0, 0, False, 4
46,0, 0, False, 4
47,0, 0, False, 4
48,0, 0, False, 4
49,0, 0, False, 4
50,0, 0, False, 4
51,0, 0, False, 4
52,0, 0, False, 4
53,0, 0, False, 4
54,0, 0, False, 4
55,0, 0, False, 4
56,0, 0, False, 4
57,0, 0, False, 4
58,0, 0, False, 4
59,0, 0, False, 4
60,0, 0, False, 4
61,0, 0, False, 4
62,0, 0, False, 4
63,0, 0, False, 4
64,0, 0, False, 4
65,0, 0, False, 4
66,0, 0, False, 4
67,0, 0, False, 4
68,0, 0, False, 4
69,0, 0, False, 4
70,0, 0, False, 4
71,0, 0, False, 4
72,0, 0, False, 4
73,0, 0, False, 4
74,0, 0, False, 4
75,0, 0, False, 4
76,0, 0, False, 4
77,0, 0, False, 4
78,0, 0, False, 4
79,0, 0, False, 4
80,0, 0, False, 4
81,0, 0, False, 4
82,0, 0, False, 4
83,0, 0, False, 4
84,0, 0, False, 4
85,0, 0, False, 4
86,0, 0, False, 4
87,0, 0, False, 4
88,0, 0, False, 4
89,0, 0, False, 4
90,0, 0, False, 4
91,0, 0, False, 4
92,0, 0, False, 4
93,0, 0, False, 4
94,0, 0, False, 4
95,0, 0, False, 4
96,0, 0, False, 4
97,0, 0, False, 4
98,0, 0, False, 4
99,0, 0, False, 4
100,0, 0, False, 4
101,0, 0, False, 0
102,0, 0, False, 0
103,0, 0, False, 0
104,0, 0, False, 0
105,0, 0, False, 0
106,0, 0, False, 0
107,0, 0, False, 0
108,0, 0, False, 4
109,0, 0, False, 4
110,0, 0, False, 4
111,0, 0, False, 4
112,0, 0, False, 4
113,0, 0, False, 4
114,0, 0, False, 4
115,0, 0, False, 4
116,0, 0, False, 4
117,0, 0, False, 4
118,0, 0, False, 4
119,0, 0, False, 4
120,0, 0, False, 4
121,0, 0, False, 4
122,0, 0, False, 4
123,0, 0, False, 4
124,0, 0, False, 4
125,0, 0, False, 4
126,0, 0, False, 4
127,0, 0, False, 4
128,0, 0, False, 4
129,0, 0, False, 4
130,0, 0, False, 4
131,0, 0, False, 4
132,0, 0, False, 4
133,0, 0, False, 4
134,0, 0, False, 4
135,0, 0, False, 4
136,0, 0, False, 4
137,0, 0, False, 4
138,0, 0, False, 4
139,0, 0, False, 4
140,0, 0, False, 4
141,0, 0, False, 4
142,0, 0, False, 4
143,0, 0, False, 0
144,0, 0, False, 0
145,0, 0, False, 0
146,0, 0, False, 0
147,0, 0, False, 0
148,0, 0, False, 0
149,0, 0, False, 0
150,0, 0, False, 0
151,0, 0, False, 0
152,0, 0, False, 0
153,0, 0, False, 0
154,0, 0, False, 0
155,0, 0, False, 0
156,0, 0, False, 0
157,0, 0, False, 0
158,0, 0, False, 0
159,0, 0, False, 0
160,0, 0, False, 0
161,0, 0, False, 1
162,0, 0, False, 1
163,0, 0, False, 1
164,0, 0, False, 1
165,0, 0, False, 1
166,0, 0, False, 1
167,0, 0, False, 1
168,0, 0, False, 1
169,0, 0, False, 0
170,0, 0, False, 0
171,0, 0, False, 0
172,0, 0, False, 0
173,0, 0, False, 0
174,0, 0, False, 0
175,0, 0, False, 0
176,0, 0, False, 0
177,0, 0, False, 0
178,0, 0, False, 0
179,0, 0, False, 0
180,0, 0, False, 0
181,0, 0, False, 0
182,0, 0, False, 0
183,0, 0, False, 0
184,0, 0, False, 0
185,0, 0, False, 0
186,0, 0, False, 0
187,0, 0, False, 0
188,0, 0, False, 0
189,0, 0, False, 0
190,0, 0, False, 0
191,0, 0, False, 0
192,0, 0, False, 0
193,0, 0, False, 0
194,0, 0, False, 0
195,0, 0, False, 0
196,0, 0, False, 0
197,0, 0, False, 0
198,0, 0, False, 0
199,0, 0, False, 1
200,0, 0, False, 1
201,0, 0, False, 1
202,0, 0, False, 1
203,0, 0, False, 1
204,0, 0, False, 1
205,0, 0, False, 12
206,0, 0, False, 12
207,0, 0, False, 12
208,0, 0, False, 12
209,0, 0, False, 4
210,0, 0, False, 4
211,0, 0, False, 4
212,0, 0, False, 0
213,0, 0, False, 0
214,0, 0, False, 0
215,0, 0, False, 0
216,0, 0, False, 0
217,0, 0, False, 0
218,0, 0, False, 0
219,0, 0, False, 0
220,0, 0, False, 0
221,0, 0, False, 0
222,0, 0, False, 4
223,0, 0, False, 4
224,0, 0, False, 4
225,0, 0, False, 4
226,0, 0, False, 4
227,0, 0, False, 4
228,0, 0, False, 4
229,0, 0, False, 4
230,0, 0, False, 4
231,0, 0, False, 4
232,0, 0, False, 4
233,0, 0, False, 4
234,0, 0, False, 4
235,0, 0, False, 4
236,0, 0, False, 4
237,0, 0, False, 0
238,0, 0, False, 0
239,0, 0, False, 0
240,0, 0, False, 3
241,0, 0, False, 3
242,0, 0, False, 3
243,0, 0, False, 3
244,0, 0, False, 8
245,0, 0, False, 8
246,0, 0, False, 8
247,0, 0, False, 5
248,0, 0, False, 5
249,0, 0, False, 5
250,0, 0, False, 9
251,0, 0, False, 9
252,0, 0, False, 4
253,0, 0, False, 4
254,0, 0, False, 4
255,0, 0, False, 4
256,0, 0, False, 4
257,0, 0, False, 4
258,0, 0, False, 4
259,0, 0, False, 4
260,0, 0, False, 4
261,0, 0, False, 4
262,0, 0, False, 4
263,0, 0, False, 4
264,0, 0, False, 4
265,0, 0, False, 4
266,0, 0, False, 4
267,0, 0, False, 4
268,0, 0, False, 4
269,0, 0, False, 4
270,0, 0, False, 4
271,0, 0, False, 4
272,0, 0, False, 4
273,0, 0, False, 4
274,0, 0, False, 4
275,10, 10, False, 4
276,0, 10, False, 4
277,0, 10, False, 0
278,0, 10, False, 2
279,0, 10, False, 2
280,0, 10, False, 2
281,0, 10, False, 2
282,0, 10, False, 2
283,0, 10, False, 2
284,0, 10, False, 6
285,0, 10, False, 6
286,0, 10, False, 6
287,0, 10, False, 6
288,0, 10, False, 6
289,0, 10, False, 6
290,0, 10, False, 3
291,0, 10, False, 3
292,0, 10, False, 3
293,0, 10, False, 3
294,0, 10, False, 3
295,0, 10, False, 3
296,0, 10, False, 3
297,0, 10, False, 3
298,0, 10, False, 3
299,0, 10, False, 3
300,0, 10, False, 3
301,10, 20, False, 3
302,0, 20, False, 3
303,0, 20, False, 3
304,0, 20, False, 3
305,0, 20, False, 3
306,0, 20, False, 3
307,0, 20, False, 3
308,0, 20, False, 3
309,0, 20, False, 0
310,0, 20, False, 0
311,0, 20, False, 3
312,0, 20, False, 3
313,0, 20, False, 3
314,0, 20, False, 3
315,10, 30, False, 3
316,0, 30, False, 3
317,0, 30, False, 3
318,0, 30, False, 3
319,0, 30, False, 3
320,0, 30, False, 3
321,0, 30, False, 3
322,0, 30, False, 3
323,0, 30, False, 3
324,0, 30, False, 3
325,0, 30, False, 3
326,0, 30, False, 3
327,10, 40, False, 3
328,0, 40, False, 3
329,0, 40, False, 3
330,0, 40, False, 3
331,0, 40, False, 3
332,0, 40, False, 3
333,0, 40, False, 3
334,0, 40, False, 3
335,0, 40, False, 3
336,0, 40, False, 3
337,0, 40, False, 3
338,0, 40, False, 3
339,0, 40, False, 3
340,0, 40, False, 3
341,10, 50, False, 3
342,0, 50, False, 3
343,0, 50, False, 3
344,0, 50, False, 3
345,0, 50, False, 3
346,0, 50, False, 3
347,0, 50, False, 3
348,0, 50, False, 3
349,0, 50, False, 3
350,0, 50, False, 3
351,0, 50, False, 3
352,0, 50, False, 3
353,0, 50, False, 3
354,0, 50, False, 3
355,10, 60, False, 3
356,0, 60, False, 3
357,0, 60, False, 3
358,0, 60, False, 3
359,0, 60, False, 3
360,0, 60, False, 3
361,0, 60, False, 3
362,0, 60, False, 3
363,0, 60, False, 3
364,0, 60, False, 3
365,0, 60, False, 3
366,0, 60, False, 3
367,10, 70, False, 3
368,0, 70, False, 3
369,0, 70, False, 8
370,0, 70, False, 8
371,0, 70, False, 8
372,0, 70, False, 8
373,0, 70, False, 8
374,0, 70, False, 5
375,0, 70, False, 5
376,0, 70, False, 5
377,0, 70, False, 5
378,0, 70, False, 5
379,0, 70, False, 5
380,0, 70, False, 0
381,10, 80, False, 0
382,0, 80, False, 0
383,0, 80, False, 0
384,0, 80, False, 0
385,0, 80, False, 0
386,0, 80, False, 0
387,0, 80, False, 0
388,0, 80, False, 0
389,0, 80, False, 0
390,0, 80, False, 0
391,0, 80, False, 0
392,0, 80, False, 0
393,0, 80, False, 3
394,0, 80, False, 3
395,10, 90, False, 3
396,0, 90, False, 3
397,0, 90, False, 3
398,0, 90, False, 3
399,0, 90, False, 3
400,0, 90, False, 0
401,0, 90, False, 0
402,0, 90, False, 0
403,0, 90, False, 0
404,0, 90, False, 0
405,0, 90, False, 0
406,0, 90, False, 0
407,0, 90, False, 0
408,0, 90, False, 0
409,10, 100, False, 0
410,0, 100, False, 0
411,0, 100, False, 0
412,0, 100, False, 0
413,0, 100, False, 0
414,0, 100, False, 0
415,0, 100, False, 3
416,0, 100, False, 3
417,0, 100, False, 3
418,0, 100, False, 3
419,0, 100, False, 3
420,0, 100, False, 3
421,0, 100, False, 3
422,0, 100, False, 3
423,10, 110, False, 3
424,0, 110, False, 0
425,0, 110, False, 0
426,0, 110, False, 0
427,0, 110, False, 0
428,0, 110, False, 0
429,0, 110, False, 0
430,0, 110, False, 0
431,0, 110, False, 0
432,0, 110, False, 0
433,0, 110, False, 0
434,0, 110, False, 0
435,0, 110, False, 0
436,0, 110, False, 0
437,10, 120, False, 0
438,0, 120, False, 0
439,0, 120, False, 0
440,0, 120, False, 0
441,0, 120, False, 0
442,0, 120, False, 0
443,0, 120, False, 0
444,0, 120, False, 0
445,0, 120, False, 0
446,0, 120, False, 0
447,0, 120, False, 0
448,0, 120, False, 3
449,0, 120, False, 3
450,0, 120, False, 3
451,0, 120, False, 3
452,0, 120, False, 3
453,0, 120, False, 3
454,0, 120, False, 3
455,10, 130, False, 3
456,0, 130, False, 0
457,0, 130, False, 0
458,0, 130, False, 0
459,0, 130, False, 0
460,0, 130, False, 0
461,0, 130, False, 0
462,0, 130, False, 0
463,0, 130, False, 0
464,0, 130, False, 0
465,0, 130, False, 0
466,0, 130, False, 0
467,0, 130, False, 0
468,0, 130, False, 0
469,10, 140, False, 0
470,0, 140, False, 0
471,0, 140, False, 0
472,0, 140, False, 0
473,0, 140, False, 0
474,0, 140, False, 0
475,0, 140, False, 0
476,0, 140, False, 0
477,0, 140, False, 0
478,0, 140, False, 0
479,0, 140, False, 0
480,0, 140, False, 0
481,0, 140, False, 0
482,0, 140, False, 0
483,10, 150, False, 0
484,0, 150, False, 0
485,0, 150, False, 0
486,0, 150, False, 0
487,0, 150, False, 0
488,0, 150, False, 0
489,0, 150, False, 2
490,0, 150, False, 2
491,0, 150, False, 2
492,0, 150, False, 2
493,0, 150, False, 2
494,0, 150, False, 2
495,0, 150, False, 2
496,0, 150, False, 2
497,0, 150, False, 2
498,0, 150, False, 2
499,0, 150, False, 2
500,0, 150, False, 0
501,0, 150, False, 0
502,0, 150, False, 0
503,0, 150, False, 0
504,0, 150, False, 0
505,50, 200, False, 0
506,0, 200, False, 0
507,0, 200, False, 0
508,0, 200, False, 0
509,0, 200, False, 0
510,0, 200, False, 0
511,0, 200, False, 0
512,0, 200, False, 0
513,0, 200, False, 0
514,0, 200, False, 0
515,10, 210, False, 0
516,0, 210, False, 0
517,0, 210, False, 0
518,0, 210, False, 0
519,0, 210, False, 0
520,0, 210, False, 0
521,0, 210, False, 0
522,0, 210, False, 0
523,0, 210, False, 4
524,0, 210, False, 4
525,0, 210, False, 4
526,0, 210, False, 4
527,0, 210, False, 4
528,0, 210, False, 4
529,10, 220, False, 4
530,0, 220, False, 4
531,0, 220, False, 0
532,0, 220, False, 0
533,0, 220, False, 0
534,0, 220, False, 0
535,0, 220, False, 0
536,0, 220, False, 0
537,0, 220, False, 0
538,0, 220, False, 0
539,10, 230, False, 0
540,0, 230, False, 0
541,0, 230, False, 0
542,0, 230, False, 0
543,0, 230, False, 0
544,0, 230, False, 2
545,0, 230, False, 2
546,0, 230, False, 2
547,0, 230, False, 2
548,0, 230, False, 2
549,0, 230, False, 2
550,0, 230, False, 2
551,0, 230, False, 2
552,0, 230, False, 0
553,10, 240, False, 0
554,0, 240, False, 0
555,0, 240, False, 0
556,0, 240, False, 0
557,0, 240, False, 0
558,0, 240, False, 0
559,0, 240, False, 0
560,0, 240, False, 0
561,0, 240, False, 5
562,0, 240, False, 5
563,0, 240, False, 5
564,0, 240, False, 5
565,0, 240, False, 5
566,0, 240, False, 5
567,0, 240, False, 5
568,0, 240, False, 5
569,0, 240, False, 5
570,0, 240, False, 5
571,0, 240, False, 0
572,0, 240, False, 0
573,0, 240, False, 0
574,0, 240, False, 0
575,0, 240, False, 0
576,0, 240, False, 0
577,0, 240, False, 0
578,0, 240, False, 0
579,0, 240, False, 0
580,0, 240, False, 0
581,0, 240, False, 0
582,0, 240, False, 0
583,0, 240, False, 0
584,0, 240, False, 5
585,0, 240, False, 5
586,0, 240, False, 5
587,0, 240, False, 5
588,0, 240, False, 5
589,0, 240, False, 5
590,0, 240, False, 5
591,0, 240, False, 5
592,0, 240, False, 0
593,0, 240, False, 0
594,0, 240, False, 0
595,0, 240, False, 0
596,0, 240, False, 0
597,0, 240, False, 0
598,0, 240, False, 0
599,0, 240, False, 0
600,0, 240, False, 4
601,0, 240, False, 4
602,0, 240, False, 4
603,0, 240, False, 4
604,0, 240, False, 4
605,0, 240, False, 4
606,0, 240, False, 4
607,0, 240, False, 4
608,0, 240, False, 0
609,0, 240, False, 0
610,0, 240, False, 0
611,0, 240, False, 0
612,0, 240, False, 0
613,10, 250, False, 0
614,0, 250, False, 0
615,0, 250, False, 0
616,0, 250, False, 0
617,0, 250, False, 0
618,0, 250, False, 0
619,0, 250, False, 0
620,0, 250, False, 0
621,0, 250, False, 0
622,0, 250, False, 0
623,0, 250, False, 0
624,0, 250, False, 0
625,0, 250, False, 0
626,0, 250, False, 0
627,10, 260, False, 0
628,0, 260, False, 0
629,0, 260, False, 0
630,0, 260, False, 0
631,0, 260, False, 0
632,0, 260, False, 0
633,0, 260, False, 0
634,0, 260, False, 0
635,0, 260, False, 0
636,0, 260, False, 0
637,0, 260, False, 0
638,0, 260, False, 0
639,10, 270, False, 0
640,0, 270, False, 0
641,0, 270, False, 0
642,0, 270, False, 0
643,0, 270, False, 0
644,0, 270, False, 0
645,0, 270, False, 0
646,0, 270, False, 0
647,0, 270, False, 0
648,0, 270, False, 0
649,0, 270, False, 0
650,0, 270, False, 0
651,0, 270, False, 0
652,0, 270, False, 0
653,10, 280, False, 0
654,0, 280, False, 0
655,0, 280, False, 0
656,0, 280, False, 0
657,0, 280, False, 0
658,0, 280, False, 0
659,0, 280, False, 0
660,0, 280, False, 0
661,0, 280, False, 0
662,0, 280, False, 0
663,0, 280, False, 0
664,0, 280, False, 0
665,0, 280, False, 0
666,0, 280, False, 0
667,10, 290, False, 0
668,0, 290, False, 0
669,0, 290, False, 0
670,0, 290, False, 0
671,0, 290, False, 0
672,0, 290, False, 0
673,0, 290, False, 0
674,0, 290, False, 0
675,0, 290, False, 0
676,0, 290, False, 0
677,0, 290, False, 0
678,0, 290, False, 0
679,0, 290, False, 0
680,0, 290, False, 0
681,0, 290, False, 0
682,0, 290, False, 0
683,0, 290, False, 0
684,0, 290, False, 0
685,10, 300, False, 0
686,0, 300, False, 0
687,0, 300, False, 0
688,0, 300, False, 0
689,0, 300, False, 0
690,0, 300, False, 0
691,0, 300, False, 0
692,0, 300, False, 0
693,0, 300, False, 0
694,0, 300, False, 0
695,0, 300, False, 0
696,0, 300, False, 0
697,0, 300, False, 0
698,0, 300, False, 0
699,10, 310, False, 0
700,0, 310, False, 0
701,0, 310, False, 0
702,0, 310, False, 0
703,0, 310, False, 0
704,0, 310, False, 0
705,0, 310, False, 0
706,0, 310, False, 0
707,0, 310, False, 0
708,0, 310, False, 0
709,0, 310, False, 0
710,0, 310, False, 0
711,10, 320, False, 0
712,0, 320, False, 0
713,0, 320, False, 0
714,0, 320, False, 0
715,0, 320, False, 0
716,0, 320, False, 0
717,0, 320, False, 0
718,0, 320, False, 0
719,0, 320, False, 0
720,0, 320, False, 0
721,0, 320, False, 0
722,0, 320, False, 0
723,0, 320, False, 0
724,0, 320, False, 0
725,10, 330, False, 0
726,0, 330, False, 0
727,0, 330, False, 0
728,0, 330, False, 0
729,0, 330, False, 0
730,0, 330, False, 0
731,0, 330, False, 0
732,0, 330, False, 0
733,0, 330, False, 0
734,0, 330, False, 0
735,0, 330, False, 0
736,0, 330, False, 0
737,0, 330, False, 0
738,0, 330, False, 0
739,10, 340, False, 0
740,0, 340, False, 0
741,0, 340, False, 0
742,0, 340, False, 0
743,0, 340, False, 0
744,0, 340, False, 0
745,0, 340, False, 0
746,0, 340, False, 0
747,0, 340, False, 0
748,0, 340, False, 0
749,0, 340, False, 0
750,0, 340, False, 0
751,10, 350, False, 0
752,0, 350, False, 0
753,0, 350, False, 0
754,0, 350, False, 0
755,0, 350, False, 0
756,0, 350, False, 0
757,0, 350, False, 0
758,0, 350, False, 0
759,0, 350, False, 0
760,0, 350, False, 0
761,0, 350, False, 0
762,0, 350, False, 0
763,0, 350, False, 0
764,0, 350, False, 0
765,10, 360, False, 0
766,0, 360, False, 0
767,0, 360, False, 0
768,0, 360, False, 0
769,0, 360, False, 0
770,0, 360, False, 0
771,0, 360, False, 0
772,0, 360, False, 0
773,0, 360, False, 0
774,0, 360, False, 0
775,0, 360, False, 0
776,0, 360, False, 0
777,0, 360, False, 0
778,0, 360, False, 0
779,10, 370, False, 0
780,0, 370, False, 0
781,0, 370, False, 0
782,0, 370, False, 0
783,0, 370, False, 0
784,0, 370, False, 0
785,0, 370, False, 0
786,0, 370, False, 0
787,0, 370, False, 0
788,0, 370, False, 0
789,0, 370, False, 0
790,0, 370, False, 0
791,10, 380, False, 0
792,0, 380, False, 0
793,0, 380, False, 0
794,0, 380, False, 0
795,0, 380, False, 0
796,0, 380, False, 0
797,0, 380, False, 0
798,0, 380, False, 0
799,0, 380, False, 0
800,0, 380, False, 0
801,0, 380, False, 0
802,0, 380, False, 0
803,0, 380, False, 0
804,0, 380, False, 0
805,0, 380, False, 2
806,0, 380, False, 2
807,0, 380, False, 2
808,0, 380, False, 2
809,0, 380, False, 2
810,0, 380, False, 2
811,0, 380, False, 2
812,0, 380, False, 2
813,0, 380, False, 2
814,0, 380, False, 2
815,0, 380, False, 0
816,0, 380, False, 0
817,50, 430, False, 0
818,0, 430, False, 0
819,0, 430, False, 0
820,0, 430, False, 0
821,0, 430, False, 0
822,0, 430, False, 0
823,0, 430, False, 0
824,0, 430, False, 0
825,0, 430, False, 0
826,0, 430, False, 0
827,0, 430, False, 0
828,0, 430, False, 0
829,10, 440, False, 0
830,0, 440, False, 0
831,0, 440, False, 0
832,0, 440, False, 0
833,0, 440, False, 0
834,0, 440, False, 0
835,0, 440, False, 0
836,0, 440, False, 0
837,0, 440, False, 0
838,0, 440, False, 0
839,0, 440, False, 0
840,0, 440, False, 0
841,0, 440, False, 0
842,0, 440, False, 3
843,10, 450, False, 3
844,0, 450, False, 3
845,0, 450, False, 3
846,0, 450, False, 3
847,0, 450, False, 3
848,0, 450, False, 3
849,0, 450, False, 3
850,0, 450, False, 0
851,0, 450, False, 0
852,0, 450, False, 0
853,0, 450, False, 0
854,0, 450, False, 0
855,10, 460, False, 0
856,0, 460, False, 0
857,0, 460, False, 0
858,0, 460, False, 0
859,0, 460, False, 0
860,0, 460, False, 0
861,0, 460, False, 0
862,0, 460, False, 0
863,0, 460, False, 0
864,0, 460, False, 0
865,0, 460, False, 0
866,0, 460, False, 0
867,10, 470, False, 0
868,0, 470, False, 0
869,0, 470, False, 0
870,0, 470, False, 0
871,0, 470, False, 0
872,0, 470, False, 0
873,0, 470, False, 0
874,0, 470, False, 0
875,0, 470, False, 0
876,0, 470, False, 0
877,0, 470, False, 0
878,0, 470, False, 0
879,0, 470, False, 0
880,0, 470, False, 0
881,10, 480, False, 0
882,0, 480, False, 0
883,0, 480, False, 0
884,0, 480, False, 0
885,0, 480, False, 0
886,0, 480, False, 0
887,0, 480, False, 2
888,0, 480, False, 2
889,0, 480, False, 2
890,0, 480, False, 2
891,0, 480, False, 2
892,0, 480, False, 2
893,0, 480, False, 2
894,0, 480, False, 2
895,0, 480, False, 0
896,0, 480, False, 0
897,0, 480, False, 0
898,0, 480, False, 0
899,10, 490, False, 0
900,0, 490, False, 0
901,0, 490, False, 0
902,0, 490, False, 0
903,0, 490, False, 0
904,0, 490, False, 0
905,0, 490, False, 0
906,0, 490, False, 0
907,0, 490, False, 0
908,0, 490, False, 3
909,0, 490, False, 3
910,0, 490, False, 3
911,0, 490, False, 3
912,0, 490, False, 3
913,10, 500, False, 3
914,0, 500, False, 3
915,0, 500, False, 3
916,0, 500, False, 3
917,0, 500, False, 3
918,0, 500, False, 3
919,0, 500, False, 0
920,0, 500, False, 0
921,0, 500, False, 0
922,0, 500, False, 0
923,10, 510, False, 0
924,0, 510, False, 0
925,0, 510, False, 0
926,0, 510, False, 0
927,0, 510, False, 0
928,0, 510, False, 0
929,0, 510, False, 0
930,0, 510, False, 0
931,0, 510, False, 0
932,0, 510, False, 0
933,0, 510, False, 0
934,0, 510, False, 0
935,0, 510, False, 0
936,0, 510, False, 0
937,10, 520, False, 0
938,0, 520, False, 0
939,0, 520, False, 0
940,0, 520, False, 0
941,0, 520, False, 0
942,0, 520, False, 0
943,0, 520, False, 0
944,0, 520, False, 0
945,0, 520, False, 0
946,0, 520, False, 0
947,0, 520, False, 0
948,0, 520, False, 0
949,0, 520, False, 0
950,0, 520, False, 0
951,10, 530, False, 0
952,0, 530, False, 0
953,0, 530, False, 0
954,0, 530, False, 0
955,0, 530, False, 0
956,0, 530, False, 2
957,0, 530, False, 2
958,0, 530, False, 2
959,0, 530, False, 2
960,0, 530, False, 2
961,0, 530, False, 2
962,0, 530, False, 2
963,10, 540, False, 2
964,0, 540, False, 2
965,0, 540, False, 2
966,0, 540, False, 0
967,0, 540, False, 0
968,0, 540, False, 0
969,0, 540, False, 0
970,0, 540, False, 0
971,0, 540, False, 0
972,0, 540, False, 0
973,0, 540, False, 0
974,0, 540, False, 0
975,0, 540, False, 0
976,0, 540, False, 0
977,0, 540, False, 0
978,0, 540, False, 0
979,0, 540, False, 0
980,0, 540, False, 0
981,0, 540, False, 0
982,0, 540, False, 0
983,0, 540, False, 0
984,0, 540, False, 0
985,0, 540, False, 0
986,0, 540, False, 0
987,0, 540, False, 0
988,0, 540, False, 0
989,0, 540, False, 0
990,0, 540, False, 0
991,0, 540, False, 0
992,0, 540, False, 0
993,0, 540, False, 0
994,0, 540, False, 0
995,0, 540, False, 0
996,0, 540, False, 0
997,0, 540, False, 0
998,0, 540, False, 0
999,0, 540, False, 0
1000,0, 540, False, 0
1001,0, 540, False, 0
1002,0, 540, False, 0
1003,0, 540, False, 0
1004,0, 540, False, 0
1005,0, 540, False, 0
1006,0, 540, False, 0
1007,0, 540, False, 0
1008,0, 540, False, 0
1009,0, 540, False, 0
1010,0, 540, False, 0
1011,0, 540, False, 0
1012,0, 540, False, 0
1013,0, 540, False, 2
1014,0, 540, False, 2
1015,0, 540, False, 2
1016,0, 540, False, 2
1017,0, 540, False, 2
1018,0, 540, False, 2
1019,0, 540, False, 2
1020,0, 540, False, 0
1021,0, 540, False, 0
1022,0, 540, False, 0
1023,0, 540, False, 0
1024,0, 540, False, 0
1025,0, 540, False, 0
1026,0, 540, False, 0
1027,0, 540, False, 0
1028,0, 540, False, 0
1029,10, 550, False, 0
1030,0, 550, False, 0
1031,0, 550, False, 0
1032,0, 550, False, 0
1033,0, 550, False, 0
1034,0, 550, False, 0
1035,0, 550, False, 0
1036,0, 550, False, 0
1037,0, 550, False, 0
1038,0, 550, False, 0
1039,0, 550, False, 0
1040,0, 550, False, 0
1041,0, 550, False, 0
1042,0, 550, False, 0
1043,10, 560, False, 0
1044,0, 560, False, 0
1045,0, 560, False, 0
1046,0, 560, False, 0
1047,0, 560, False, 0
1048,0, 560, False, 0
1049,0, 560, False, 0
1050,0, 560, False, 0
1051,0, 560, False, 0
1052,0, 560, False, 0
1053,0, 560, False, 0
1054,0, 560, False, 0
1055,0, 560, False, 0
1056,0, 560, False, 0
1057,10, 570, False, 0
1058,0, 570, False, 0
1059,0, 570, False, 0
1060,0, 570, False, 0
1061,0, 570, False, 0
1062,0, 570, False, 0
1063,0, 570, False, 0
1064,0, 570, False, 0
1065,0, 570, False, 3
1066,0, 570, False, 3
1067,0, 570, False, 3
1068,0, 570, False, 3
1069,0, 570, False, 3
1070,0, 570, False, 3
1071,10, 580, False, 3
1072,0, 580, False, 3
1073,0, 580, False, 3
1074,0, 580, False, 3
1075,0, 580, False, 0
1076,0, 580, False, 0
1077,0, 580, False, 0
1078,0, 580, False, 0
1079,0, 580, False, 0
1080,0, 580, False, 0
1081,0, 580, False, 0
1082,0, 580, False, 0
1083,10, 590, False, 0
1084,0, 590, False, 0
1085,0, 590, False, 0
1086,0, 590, False, 0
1087,0, 590, False, 0
1088,0, 590, False, 0
1089,0, 590, False, 0
1090,0, 590, False, 0
1091,0, 590, False, 0
1092,0, 590, False, 0
1093,0, 590, False, 0
1094,0, 590, False, 0
1095,10, 600, False, 0
1096,0, 600, False, 0
1097,0, 600, False, 0
1098,0, 600, False, 0
1099,0, 600, False, 0
1100,0, 600, False, 0
1101,0, 600, False, 0
1102,0, 600, False, 0
1103,0, 600, False, 0
1104,0, 600, False, 0
1105,0, 600, False, 0
1106,0, 600, False, 0
1107,0, 600, False, 0
1108,0, 600, False, 0
1109,10, 610, False, 0
1110,0, 610, False, 0
1111,0, 610, False, 0
1112,0, 610, False, 0
1113,0, 610, False, 0
1114,0, 610, False, 0
1115,0, 610, False, 2
1116,0, 610, False, 2
1117,0, 610, False, 2
1118,0, 610, False, 2
1119,0, 610, False, 2
1120,0, 610, False, 2
1121,0, 610, False, 2
1122,0, 610, False, 2
1123,0, 610, False, 2
1124,0, 610, False, 0
1125,0, 610, False, 0
1126,0, 610, False, 0
1127,10, 620, False, 0
1128,0, 620, False, 0
1129,0, 620, False, 0
1130,0, 620, False, 0
1131,0, 620, False, 0
1132,0, 620, False, 0
1133,0, 620, False, 0
1134,0, 620, False, 0
1135,0, 620, False, 0
1136,0, 620, False, 0
1137,0, 620, False, 0
1138,0, 620, False, 0
1139,0, 620, False, 0
1140,0, 620, False, 0
1141,10, 630, False, 0
1142,0, 630, False, 0
1143,0, 630, False, 0
1144,0, 630, False, 0
1145,0, 630, False, 0
1146,0, 630, False, 0
1147,0, 630, False, 0
1148,0, 630, False, 0
1149,0, 630, False, 0
1150,0, 630, False, 0
1151,0, 630, False, 0
1152,0, 630, False, 0
1153,0, 630, False, 0
1154,0, 630, False, 0
1155,10, 640, False, 0
1156,0, 640, False, 0
1157,0, 640, False, 0
1158,0, 640, False, 0
1159,0, 640, False, 0
1160,0, 640, False, 0
1161,0, 640, False, 0
1162,0, 640, False, 0
1163,0, 640, False, 0
1164,0, 640, False, 0
1165,0, 640, False, 3
1166,0, 640, False, 3
1167,0, 640, False, 3
1168,0, 640, False, 3
1169,10, 650, False, 3
1170,0, 650, False, 3
1171,0, 650, False, 3
1172,0, 650, False, 3
1173,0, 650, False, 3
1174,0, 650, False, 3
1175,0, 650, False, 0
1176,0, 650, False, 0
1177,0, 650, False, 0
1178,0, 650, False, 0
1179,10, 660, False, 0
1180,0, 660, False, 0
1181,0, 660, False, 0
1182,0, 660, False, 0
1183,0, 660, False, 0
1184,0, 660, False, 0
1185,0, 660, False, 0
1186,0, 660, False, 0
1187,0, 660, False, 0
1188,0, 660, False, 0
1189,0, 660, False, 0
1190,0, 660, False, 0
1191,0, 660, False, 0
1192,0, 660, False, 0
1193,10, 670, False, 0
1194,0, 670, False, 0
1195,0, 670, False, 0
1196,0, 670, False, 0
1197,0, 670, False, 0
1198,0, 670, False, 0
1199,0, 670, False, 0
1200,0, 670, False, 0
1201,0, 670, False, 0
1202,0, 670, False, 0
1203,0, 670, False, 5
1204,0, 670, False, 5
1205,0, 670, False, 5
1206,0, 670, False, 5
1207,10, 680, False, 5
1208,0, 680, False, 5
1209,0, 680, False, 5
1210,0, 680, False, 5
1211,0, 680, False, 5
1212,0, 680, False, 5
1213,0, 680, False, 5
1214,0, 680, False, 5
1215,50, 730, False, 0
1216,0, 730, False, 0
1217,0, 730, False, 0
1218,0, 730, False, 0
1219,0, 730, False, 0
1220,0, 730, False, 0
1221,0, 730, False, 0
1222,0, 730, False, 0
1223,0, 730, False, 0
1224,0, 730, False, 0
1225,0, 730, False, 0
1226,0, 730, False, 0
1227,0, 730, False, 0
1228,0, 730, False, 2
1229,0, 730, False, 2
1230,0, 730, False, 2
1231,0, 730, False, 2
1232,0, 730, False, 2
1233,0, 730, False, 2
1234,0, 730, False, 2
1235,0, 730, False, 2
1236,0, 730, False, 2
1237,0, 730, False, 2
1238,0, 730, False, 2
1239,0, 730, False, 2
1240,0, 730, False, 0
1241,0, 730, False, 0
1242,0, 730, False, 0
1243,0, 730, False, 0
1244,0, 730, False, 0
1245,0, 730, False, 0
1246,0, 730, False, 0
1247,0, 730, False, 0
1248,0, 730, False, 0
1249,0, 730, False, 0
1250,0, 730, False, 0
1251,0, 730, False, 0
1252,0, 730, False, 0
1253,0, 730, False, 0
1254,0, 730, False, 0
1255,0, 730, False, 0
1256,0, 730, False, 0
1257,0, 730, False, 0
1258,0, 730, False, 0
1259,0, 730, False, 4
1260,0, 730, False, 4
1261,0, 730, False, 4
1262,0, 730, False, 4
1263,0, 730, False, 4
1264,0, 730, False, 4
1265,0, 730, False, 0
1266,0, 730, False, 0
1267,0, 730, False, 0
1268,0, 730, False, 0
1269,0, 730, False, 0
1270,0, 730, False, 0
1271,0, 730, False, 0
1272,0, 730, False, 0
1273,0, 730, False, 0
1274,0, 730, False, 0
1275,0, 730, False, 0
1276,0, 730, False, 0
1277,0, 730, False, 0
1278,0, 730, False, 0
1279,0, 730, False, 0
1280,0, 730, False, 0
1281,0, 730, False, 0
1282,0, 730, False, 0
1283,0, 730, False, 0
1284,0, 730, False, 0
1285,0, 730, False, 0
1286,0, 730, False, 0
1287,0, 730, False, 0
1288,0, 730, False, 0
1289,0, 730, False, 0
1290,0, 730, False, 0
1291,0, 730, False, 0
1292,0, 730, False, 0
1293,0, 730, False, 0
1294,0, 730, False, 0
1295,0, 730, False, 0
1296,0, 730, False, 5
1297,0, 730, False, 5
1298,0, 730, False, 5
1299,0, 730, False, 5
1300,0, 730, False, 5
1301,0, 730, False, 5
1302,0, 730, False, 5
1303,0, 730, False, 5
1304,0, 730, False, 5
1305,0, 730, False, 5
1306,0, 730, False, 0
1307,0, 730, False, 0
1308,0, 730, False, 0
1309,0, 730, False, 0
1310,0, 730, False, 0
1311,0, 730, False, 0
1312,0, 730, False, 0
1313,0, 730, False, 0
1314,0, 730, False, 0
1315,0, 730, False, 0
1316,0, 730, False, 0
1317,0, 730, False, 0
1318,0, 730, False, 0
1319,0, 730, False, 0
1320,0, 730, False, 0
1321,0, 730, False, 0
1322,0, 730, False, 0
1323,0, 730, False, 0
1324,0, 730, False, 0
1325,0, 730, False, 0
1326,0, 730, False, 0
1327,0, 730, False, 4
1328,0, 730, False, 4
1329,0, 730, False, 4
1330,0, 730, False, 4
1331,0, 730, False, 0
1332,0, 730, False, 0
1333,0, 730, False, 0
1334,0, 730, False, 0
1335,0, 730, False, 0
1336,0, 730, False, 0
1337,0, 730, False, 0
1338,0, 730, False, 0
1339,0, 730, False, 0
1340,0, 730, False, 0
1341,0, 730, False, 0
1342,0, 730, False, 0
1343,0, 730, False, 0
1344,0, 730, False, 0
1345,0, 730, False, 0
1346,0, 730, False, 2
1347,0, 730, False, 2
1348,0, 730, False, 2
1349,0, 730, False, 2
1350,0, 730, False, 2
1351,0, 730, False, 2
1352,0, 730, False, 0
1353,0, 730, False, 0
1354,0, 730, False, 0
1355,0, 730, False, 0
1356,0, 730, False, 0
1357,0, 730, False, 0
1358,0, 730, False, 0
1359,0, 730, False, 0
1360,0, 730, False, 0
1361,0, 730, False, 0
1362,0, 730, False, 0
1363,0, 730, False, 0
1364,0, 730, False, 0
1365,0, 730, False, 0
1366,0, 730, False, 0
1367,0, 730, False, 0
1368,0, 730, False, 0
1369,0, 730, False, 0
1370,0, 730, False, 4
1371,0, 730, False, 4
1372,0, 730, False, 4
1373,0, 730, False, 4
1374,0, 730, False, 4
1375,0, 730, False, 4
1376,0, 730, False, 4
1377,0, 730, False, 4
1378,0, 730, False, 0
1379,10, 740, False, 0
1380,0, 740, False, 0
1381,0, 740, False, 0
1382,0, 740, False, 0
1383,0, 740, False, 0
1384,0, 740, False, 0
1385,0, 740, False, 0
1386,0, 740, False, 0
1387,0, 740, False, 0
1388,0, 740, False, 0
1389,0, 740, False, 0
1390,0, 740, False, 0
1391,10, 750, False, 0
1392,0, 750, False, 0
1393,0, 750, False, 0
1394,0, 750, False, 0
1395,0, 750, False, 0
1396,0, 750, False, 0
1397,0, 750, False, 0
1398,0, 750, False, 0
1399,0, 750, False, 0
1400,0, 750, False, 0
1401,0, 750, False, 5
1402,0, 750, False, 5
1403,0, 750, False, 5
1404,0, 750, False, 5
1405,10, 760, False, 5
1406,0, 760, False, 5
1407,0, 760, False, 5
1408,0, 760, False, 5
1409,0, 760, False, 5
1410,0, 760, False, 5
1411,0, 760, False, 5
1412,0, 760, False, 0
1413,0, 760, False, 0
1414,0, 760, False, 0
1415,0, 760, False, 0
1416,0, 760, False, 0
1417,10, 770, False, 0
1418,0, 770, False, 0
1419,0, 770, False, 0
1420,0, 770, False, 0
1421,0, 770, False, 0
1422,0, 770, False, 0
1423,0, 770, False, 0
1424,0, 770, False, 0
1425,0, 770, False, 0
1426,0, 770, False, 0
1427,0, 770, False, 0
1428,0, 770, False, 0
1429,0, 770, False, 0
1430,0, 770, False, 0
1431,0, 770, False, 0
1432,0, 770, False, 0
1433,0, 770, False, 0
1434,0, 770, False, 0
1435,0, 770, False, 0
1436,0, 770, False, 0
1437,0, 770, False, 0
1438,0, 770, False, 0
1439,0, 770, False, 0
1440,0, 770, False, 0
1441,100, 870, False, 0
1442,0, 870, False, 0
1443,0, 870, False, 0
1444,0, 870, False, 0
1445,0, 870, False, 0
1446,0, 870, False, 0
1447,0, 870, False, 0
1448,0, 870, False, 0
1449,0, 870, False, 0
1450,0, 870, False, 0
1451,0, 870, False, 0
1452,0, 870, False, 0
1453,0, 870, False, 0
1454,0, 870, False, 0
1455,0, 870, False, 0
1456,0, 870, False, 0
1457,0, 870, False, 0
1458,0, 870, False, 3
1459,0, 870, False, 3
1460,0, 870, False, 3
1461,0, 870, False, 3
1462,0, 870, False, 3
1463,0, 870, False, 3
1464,0, 870, False, 3
1465,0, 870, False, 0
1466,0, 870, False, 0
1467,0, 870, False, 0
1468,0, 870, False, 0
1469,0, 870, False, 0
1470,0, 870, False, 0
1471,0, 870, False, 0
1472,0, 870, False, 0
1473,0, 870, False, 0
1474,0, 870, False, 0
1475,0, 870, False, 0
1476,0, 870, False, 0
1477,0, 870, False, 0
1478,0, 870, False, 0
1479,0, 870, False, 0
1480,0, 870, False, 0
1481,0, 870, False, 0
1482,0, 870, False, 3
1483,0, 870, False, 3
1484,0, 870, False, 3
1485,0, 870, False, 3
1486,0, 870, False, 3
1487,0, 870, False, 3
1488,0, 870, False, 0
1489,0, 870, False, 0
1490,0, 870, False, 0
1491,0, 870, False, 0
1492,0, 870, False, 0
1493,0, 870, False, 0
1494,0, 870, False, 0
1495,0, 870, False, 0
1496,0, 870, False, 0
1497,0, 870, False, 0
1498,0, 870, False, 0
1499,0, 870, False, 0
1500,0, 870, False, 0
1501,0, 870, False, 0
1502,0, 870, False, 0
1503,0, 870, False, 0
1504,0, 870, False, 0
1505,0, 870, False, 0
1506,0, 870, False, 0
1507,0, 870, False, 4
1508,0, 870, False, 4
1509,0, 870, False, 4
1510,0, 870, False, 4
1511,0, 870, False, 4
1512,0, 870, False, 4
1513,0, 870, False, 4
1514,0, 870, False, 0
1515,0, 870, False, 0
1516,0, 870, False, 0
1517,0, 870, False, 0
1518,0, 870, False, 0
1519,0, 870, False, 0
1520,0, 870, False, 0
1521,0, 870, False, 0
1522,0, 870, False, 0
1523,0, 870, False, 0
1524,0, 870, False, 0
1525,0, 870, False, 0
1526,0, 870, False, 0
1527,0, 870, False, 0
1528,0, 870, False, 0
1529,0, 870, False, 0
1530,0, 870, False, 0
1531,0, 870, False, 0
1532,0, 870, False, 0
1533,0, 870, False, 0
1534,0, 870, False, 0
1535,0, 870, False, 0
1536,0, 870, False, 0
1537,0, 870, False, 0
1538,0, 870, False, 0
1539,0, 870, False, 0
1540,0, 870, False, 0
1541,0, 870, False, 0
1542,0, 870, False, 0
1543,0, 870, False, 0
1544,0, 870, False, 0
1545,0, 870, False, 0
1546,0, 870, False, 0
1547,0, 870, False, 0
1548,0, 870, False, 0
1549,0, 870, False, 0
1550,0, 870, False, 0
1551,0, 870, False, 0
1552,0, 870, False, 0
1553,0, 870, False, 0
1554,0, 870, False, 0
1555,0, 870, False, 0
1556,0, 870, False, 0
1557,0, 870, False, 0
1558,0, 870, False, 0
1559,0, 870, False, 0
1560,0, 870, False, 0
1561,0, 870, False, 0
1562,0, 870, False, 0
1563,0, 870, False, 0
1564,0, 870, False, 0
1565,0, 870, False, 0
1566,0, 870, False, 0
1567,0, 870, False, 0
1568,0, 870, False, 0
1569,0, 870, False, 0
1570,0, 870, False, 0
1571,0, 870, False, 0
1572,0, 870, False, 0
1573,0, 870, False, 0
1574,0, 870, False, 0
1575,0, 870, False, 0
1576,0, 870, False, 0
1577,0, 870, False, 0
1578,0, 870, False, 0
1579,0, 870, False, 0
1580,0, 870, False, 0
1581,0, 870, False, 0
1582,0, 870, False, 0
1583,0, 870, False, 0
1584,0, 870, False, 0
1585,0, 870, False, 0
1586,0, 870, False, 0
1587,0, 870, False, 0
1588,0, 870, False, 0
1589,0, 870, False, 0
1590,0, 870, False, 0
1591,0, 870, False, 0
1592,0, 870, False, 0
1593,0, 870, False, 0
1594,0, 870, False, 5
1595,0, 870, False, 5
1596,0, 870, False, 5
1597,0, 870, False, 5
1598,0, 870, False, 5
1599,0, 870, False, 5
1600,0, 870, False, 5
1601,0, 870, False, 5
1602,0, 870, False, 0
1603,0, 870, False, 0
1604,0, 870, False, 0
1605,0, 870, False, 0
1606,0, 870, False, 0
1607,0, 870, False, 0
1608,0, 870, False, 0
1609,0, 870, False, 0
1610,0, 870, False, 0
1611,0, 870, False, 0
1612,0, 870, False, 0
1613,0, 870, False, 0
1614,0, 870, False, 4
1615,0, 870, False, 4
1616,0, 870, False, 4
1617,0, 870, False, 4
1618,0, 870, False, 4
1619,0, 870, False, 0
1620,0, 870, False, 0
1621,0, 870, False, 0
1622,0, 870, False, 0
1623,0, 870, False, 0
1624,0, 870, False, 2
1625,0, 870, False, 2
1626,0, 870, False, 2
1627,0, 870, False, 2
1628,0, 870, False, 0
1629,0, 870, False, 0
1630,0, 870, False, 0
1631,0, 870, False, 0
1632,0, 870, False, 0
1633,0, 870, False, 0
1634,0, 870, False, 0
1635,0, 870, False, 0
1636,0, 870, False, 0
1637,0, 870, False, 0
1638,0, 870, False, 0
1639,0, 870, False, 0
1640,0, 870, False, 0
1641,0, 870, False, 0
1642,0, 870, False, 0
1643,0, 870, False, 0
1644,0, 870, False, 0
1645,0, 870, False, 0
1646,0, 870, False, 0
1647,0, 870, False, 0
1648,0, 870, False, 0
1649,0, 870, False, 0
1650,0, 870, False, 0
1651,0, 870, False, 0
1652,0, 870, False, 0
1653,0, 870, False, 0
1654,0, 870, False, 0
1655,0, 870, False, 0
1656,0, 870, False, 5
1657,0, 870, False, 5
1658,0, 870, False, 5
1659,0, 870, False, 5
1660,0, 870, False, 5
1661,0, 870, False, 5
1662,0, 870, False, 5
1663,0, 870, False, 5
1664,0, 870, False, 5
1665,0, 870, False, 0
1666,0, 870, False, 0
1667,0, 870, False, 0
1668,0, 870, False, 0
1669,0, 870, False, 0
1670,0, 870, False, 0
1671,0, 870, False, 0
1672,0, 870, False, 0
1673,0, 870, False, 0
1674,0, 870, False, 0
1675,0, 870, False, 0
1676,0, 870, False, 0
1677,0, 870, False, 0
1678,0, 870, False, 4
1679,0, 870, False, 4
1680,0, 870, False, 4
1681,0, 870, False, 4
1682,0, 870, False, 0
1683,0, 870, False, 0
1684,0, 870, False, 0
1685,0, 870, False, 0
1686,0, 870, False, 0
1687,0, 870, False, 0
1688,0, 870, False, 0
1689,0, 870, False, 0
1690,0, 870, False, 0
1691,0, 870, False, 0
1692,0, 870, False, 0
1693,0, 870, False, 0
1694,0, 870, False, 0
1695,0, 870, False, 0
1696,0, 870, False, 0
1697,0, 870, False, 0
1698,0, 870, False, 0
1699,0, 870, False, 0
1700,0, 870, False, 0
1701,0, 870, False, 0
1702,0, 870, False, 0
1703,0, 870, False, 0
1704,0, 870, False, 0
1705,0, 870, False, 2
1706,0, 870, False, 2
1707,0, 870, False, 2
1708,0, 870, False, 2
1709,0, 870, False, 2
1710,0, 870, False, 0
1711,0, 870, False, 0
1712,0, 870, False, 0
1713,0, 870, False, 0
1714,0, 870, False, 0
1715,0, 870, False, 0
1716,0, 870, False, 0
1717,0, 870, False, 0
1718,0, 870, False, 0
1719,0, 870, False, 0
1720,0, 870, False, 0
1721,0, 870, False, 0
1722,0, 870, False, 0
1723,0, 870, False, 0
1724,0, 870, False, 0
1725,0, 870, False, 0
1726,0, 870, False, 3
1727,0, 870, False, 3
1728,0, 870, False, 3
1729,0, 870, False, 3
1730,0, 870, False, 3
1731,0, 870, False, 3
1732,0, 870, False, 0
1733,0, 870, False, 0
1734,0, 870, False, 0
1735,0, 870, False, 0
1736,0, 870, False, 0
1737,0, 870, False, 0
1738,0, 870, False, 0
1739,0, 870, False, 0
1740,0, 870, False, 0
1741,0, 870, False, 2
1742,0, 870, False, 2
1743,0, 870, False, 2
1744,0, 870, False, 2
1745,0, 870, False, 2
1746,0, 870, False, 2
1747,0, 870, False, 2
1748,0, 870, False, 2
1749,0, 870, False, 0
1750,0, 870, False, 0
1751,0, 870, False, 0
1752,0, 870, False, 0
1753,0, 870, False, 0
1754,0, 870, False, 0
1755,0, 870, False, 0
1756,0, 870, False, 0
1757,0, 870, False, 0
1758,0, 870, False, 0
1759,0, 870, False, 0
1760,0, 870, False, 0
1761,0, 870, False, 0
1762,0, 870, False, 0
1763,0, 870, False, 0
1764,0, 870, False, 0
1765,0, 870, False, 0
1766,0, 870, False, 0
1767,0, 870, False, 0
1768,0, 870, False, 0
1769,0, 870, False, 0
1770,0, 870, False, 0
1771,0, 870, False, 0
1772,0, 870, False, 0
1773,0, 870, False, 0
1774,0, 870, False, 0
1775,0, 870, False, 0
1776,0, 870, False, 0
1777,0, 870, False, 0
1778,0, 870, False, 0
1779,0, 870, False, 0
1780,0, 870, False, 0
1781,0, 870, False, 0
1782,0, 870, False, 0
1783,0, 870, False, 0
1784,0, 870, False, 0
1785,0, 870, False, 0
1786,0, 870, False, 0
1787,0, 870, False, 0
1788,0, 870, False, 0
1789,0, 870, False, 0
1790,0, 870, False, 0
1791,0, 870, False, 0
1792,0, 870, False, 0
1793,0, 870, False, 0
1794,0, 870, False, 0
1795,0, 870, False, 0
1796,0, 870, False, 0
1797,0, 870, False, 0
1798,0, 870, False, 0
1799,0, 870, False, 0
1800,0, 870, False, 0
1801,0, 870, False, 0
1802,0, 870, False, 0
1803,0, 870, False, 0
1804,0, 870, False, 0
1805,0, 870, False, 0
1806,0, 870, False, 0
1807,0, 870, False, 0
1808,0, 870, False, 0
1809,0, 870, False, 0
1810,0, 870, False, 0
1811,0, 870, False, 0
1812,0, 870, False, 0
1813,0, 870, False, 0
1814,0, 870, False, 0
1815,0, 870, False, 0
1816,0, 870, False, 0
1817,0, 870, False, 0
1818,0, 870, False, 0
1819,0, 870, False, 0
1820,0, 870, False, 0
1821,0, 870, False, 0
1822,0, 870, False, 0
1823,0, 870, False, 0
1824,0, 870, False, 0
1825,0, 870, False, 0
1826,0, 870, False, 0
1827,0, 870, False, 0
1828,0, 870, False, 0
1829,0, 870, False, 0
1830,0, 870, False, 0
1831,0, 870, False, 0
1832,0, 870, False, 0
1833,0, 870, False, 0
1834,0, 870, False, 0
1835,0, 870, False, 0
1836,0, 870, False, 0
1837,0, 870, False, 0
1838,0, 870, False, 0
1839,0, 870, False, 0
1840,0, 870, False, 0
1841,0, 870, False, 0
1842,0, 870, False, 0
1843,0, 870, False, 0
1844,0, 870, False, 0
1845,0, 870, False, 0
1846,0, 870, False, 0
1847,0, 870, False, 0
1848,0, 870, False, 0
1849,0, 870, False, 0
1850,0, 870, False, 0
1851,0, 870, False, 0
1852,0, 870, False, 0
1853,0, 870, False, 0
1854,0, 870, False, 0
1855,0, 870, False, 0
1856,0, 870, False, 0
1857,0, 870, False, 0
1858,0, 870, False, 0
1859,0, 870, False, 0
1860,0, 870, False, 0
1861,0, 870, False, 0
1862,0, 870, False, 0
1863,0, 870, False, 0
1864,0, 870, False, 0
1865,0, 870, False, 0
1866,0, 870, False, 0
1867,0, 870, False, 0
1868,0, 870, False, 0
1869,0, 870, False, 0
1870,0, 870, False, 0
1871,0, 870, False, 0
1872,0, 870, False, 0
1873,0, 870, False, 0
1874,0, 870, False, 0
1875,0, 870, False, 0
1876,0, 870, False, 0
1877,0, 870, False, 0
1878,0, 870, False, 0
1879,0, 870, False, 0
1880,0, 870, False, 0
1881,0, 870, False, 0
1882,0, 870, False, 0
1883,0, 870, False, 0
1884,0, 870, False, 0
1885,0, 870, False, 0
1886,0, 870, False, 0
1887,0, 870, False, 0
1888,0, 870, False, 0
1889,0, 870, False, 0
1890,0, 870, False, 0
1891,0, 870, False, 0
1892,0, 870, False, 0
1893,0, 870, False, 0
1894,0, 870, False, 0
1895,0, 870, False, 0
1896,0, 870, False, 0
1897,0, 870, False, 0
1898,0, 870, False, 0
1899,0, 870, False, 0
1900,0, 870, False, 0
1901,0, 870, False, 0
1902,0, 870, False, 0
1903,0, 870, False, 0
1904,0, 870, False, 0
1905,0, 870, False, 0
1906,0, 870, False, 0
1907,0, 870, False, 0
1908,0, 870, False, 0
1909,0, 870, False, 0
1910,0, 870, False, 0
1911,0, 870, False, 0
1912,0, 870, False, 0
1913,0, 870, False, 0
1914,0, 870, False, 0
1915,0, 870, False, 0
1916,0, 870, False, 0
1917,0, 870, False, 0
1918,0, 870, False, 0
1919,0, 870, False, 0
1920,0, 870, False, 0
1921,0, 870, False, 0
1922,0, 870, False, 3
1923,0, 870, False, 3
1924,0, 870, False, 3
1925,0, 870, False, 3
1926,0, 870, False, 3
1927,0, 870, False, 3
1928,0, 870, False, 3
1929,0, 870, False, 3
1930,0, 870, False, 0
1931,0, 870, False, 0
1932,0, 870, False, 0
1933,0, 870, False, 0
1934,0, 870, False, 0
1935,0, 870, False, 0
1936,0, 870, False, 0
1937,0, 870, False, 0
1938,0, 870, False, 0
1939,0, 870, False, 0
1940,0, 870, False, 0
1941,0, 870, False, 0
1942,0, 870, False, 0
1943,0, 870, False, 0
1944,0, 870, False, 0
1945,0, 870, False, 0
1946,0, 870, False, 0
1947,0, 870, False, 0
1948,0, 870, False, 0
1949,0, 870, False, 0
1950,0, 870, False, 0
1951,0, 870, False, 0
1952,0, 870, False, 0
1953,0, 870, False, 0
1954,0, 870, False, 0
1955,0, 870, False, 0
1956,0, 870, False, 0
1957,0, 870, False, 0
1958,0, 870, False, 4
1959,0, 870, False, 4
1960,0, 870, False, 4
1961,0, 870, False, 4
1962,0, 870, False, 4
1963,0, 870, False, 4
1964,0, 870, False, 4
1965,0, 870, False, 4
1966,0, 870, False, 4
1967,0, 870, False, 4
1968,0, 870, False, 4
1969,0, 870, False, 0
1970,0, 870, False, 0
1971,0, 870, False, 0
1972,0, 870, False, 0
1973,0, 870, False, 0
1974,0, 870, False, 0
1975,0, 870, False, 0
1976,0, 870, False, 0
1977,0, 870, False, 0
1978,0, 870, False, 0
1979,0, 870, False, 0
1980,0, 870, False, 0
1981,0, 870, False, 0
1982,0, 870, False, 0
1983,0, 870, False, 0
1984,0, 870, False, 0
1985,0, 870, False, 0
1986,0, 870, False, 0
1987,0, 870, False, 0
1988,0, 870, False, 0
1989,0, 870, False, 0
1990,0, 870, False, 0
1991,0, 870, False, 0
1992,0, 870, False, 0
1993,0, 870, False, 0
1994,0, 870, False, 0
1995,0, 870, False, 0
1996,0, 870, False, 0
1997,0, 870, False, 5
1998,0, 870, False, 5
1999,0, 870, False, 5
2000,0, 870, False, 5
2001,0, 870, False, 5
2002,0, 870, False, 5
2003,0, 870, False, 5
2004,0, 870, False, 5
2005,0, 870, False, 0
2006,0, 870, False, 0
2007,0, 870, False, 0
2008,0, 870, False, 0
2009,0, 870, False, 0
2010,0, 870, False, 0
2011,0, 870, False, 0
2012,0, 870, False, 0
2013,0, 870, False, 0
2014,0, 870, False, 0
2015,0, 870, False, 0
2016,0, 870, False, 0
2017,0, 870, False, 0
2018,0, 870, False, 0
2019,0, 870, False, 5
2020,0, 870, False, 5
2021,0, 870, False, 5
2022,0, 870, False, 0
2023,0, 870, False, 0
2024,0, 870, False, 0
2025,0, 870, False, 0
2026,0, 870, False, 0
2027,0, 870, False, 0
2028,0, 870, False, 0
2029,0, 870, False, 4
2030,0, 870, False, 4
2031,0, 870, False, 4
2032,0, 870, False, 4
2033,0, 870, False, 4
2034,0, 870, False, 4
2035,10, 880, False, 4
2036,0, 880, False, 4
2037,0, 880, False, 0
2038,0, 880, False, 0
2039,0, 880, False, 0
2040,0, 880, False, 0
2041,0, 880, False, 0
2042,0, 880, False, 0
2043,0, 880, False, 0
2044,0, 880, False, 0
2045,0, 880, False, 0
2046,0, 880, False, 0
2047,0, 880, False, 0
2048,0, 880, False, 0
2049,10, 890, False, 0
2050,0, 890, False, 0
2051,0, 890, False, 0
2052,0, 890, False, 0
2053,0, 890, False, 0
2054,0, 890, False, 0
2055,0, 890, False, 0
2056,0, 890, False, 0
2057,0, 890, False, 0
2058,0, 890, False, 0
2059,0, 890, False, 0
2060,0, 890, False, 0
2061,0, 890, False, 0
2062,0, 890, False, 0
2063,0, 890, False, 0
2064,0, 890, False, 0
2065,0, 890, False, 0
2066,0, 890, False, 0
2067,0, 890, False, 0
2068,0, 890, False, 0
2069,0, 890, False, 0
2070,0, 890, False, 0
2071,0, 890, False, 0
2072,0, 890, False, 0
2073,0, 890, False, 0
2074,0, 890, False, 4
2075,0, 890, False, 4
2076,0, 890, False, 4
2077,0, 890, False, 4
2078,0, 890, False, 4
2079,0, 890, False, 4
2080,0, 890, False, 4
2081,0, 890, False, 4
2082,0, 890, False, 0
2083,0, 890, False, 0
2084,0, 890, False, 0
2085,0, 890, False, 0
2086,0, 890, False, 0
2087,0, 890, False, 0
2088,0, 890, False, 0
2089,0, 890, False, 0
2090,0, 890, False, 0
2091,0, 890, False, 0
2092,0, 890, False, 0
2093,0, 890, False, 0
2094,0, 890, False, 0
2095,0, 890, False, 0
2096,0, 890, False, 0
2097,0, 890, False, 0
2098,0, 890, False, 0
2099,0, 890, False, 0
2100,0, 890, False, 0
2101,0, 890, False, 0
2102,0, 890, False, 0
2103,0, 890, False, 0
2104,0, 890, False, 0
2105,0, 890, False, 0
2106,0, 890, False, 0
2107,0, 890, False, 0
2108,0, 890, False, 0
2109,0, 890, False, 0
2110,0, 890, False, 0
2111,0, 890, False, 0
2112,0, 890, False, 0
2113,0, 890, False, 0
2114,0, 890, False, 0
2115,0, 890, False, 0
2116,0, 890, False, 0
2117,0, 890, False, 0
2118,0, 890, False, 0
2119,0, 890, False, 0
2120,0, 890, False, 0
2121,0, 890, False, 0
2122,0, 890, False, 0
2123,0, 890, False, 0
2124,0, 890, False, 5
2125,0, 890, False, 5
2126,0, 890, False, 5
2127,0, 890, False, 5
2128,0, 890, False, 5
2129,0, 890, False, 0
2130,0, 890, False, 0
2131,0, 890, False, 3
2132,0, 890, False, 3
2133,0, 890, False, 3
2134,0, 890, False, 3
2135,0, 890, False, 3
2136,0, 890, False, 3
2137,0, 890, False, 3
2138,0, 890, False, 3
2139,0, 890, False, 0
2140,0, 890, False, 0
2141,0, 890, False, 0
2142,0, 890, False, 0
2143,0, 890, False, 0
2144,0, 890, False, 0
2145,0, 890, False, 0
2146,0, 890, False, 0
2147,0, 890, False, 0
2148,0, 890, False, 0
2149,0, 890, False, 0
2150,0, 890, False, 0
2151,0, 890, False, 0
2152,0, 890, False, 0
2153,0, 890, False, 0
2154,0, 890, False, 0
2155,0, 890, False, 0
2156,0, 890, False, 0
2157,0, 890, False, 0
2158,0, 890, False, 0
2159,0, 890, False, 2
2160,0, 890, False, 2
2161,0, 890, False, 2
2162,0, 890, False, 2
2163,0, 890, False, 2
2164,0, 890, False, 2
2165,0, 890, False, 2
2166,0, 890, False, 0
2167,0, 890, False, 0
2168,0, 890, False, 0
2169,0, 890, False, 0
2170,0, 890, False, 0
2171,0, 890, False, 0
2172,0, 890, False, 0
2173,0, 890, False, 0
2174,0, 890, False, 0
2175,0, 890, False, 0
2176,0, 890, False, 0
2177,0, 890, False, 0
2178,0, 890, False, 0
2179,0, 890, False, 0
2180,0, 890, False, 0
2181,0, 890, False, 0
2182,0, 890, False, 0
2183,0, 890, False, 4
2184,0, 890, False, 4
2185,0, 890, False, 4
2186,0, 890, False, 4
2187,0, 890, False, 4
2188,0, 890, False, 4
2189,0, 890, False, 4
2190,0, 890, False, 4
2191,0, 890, False, 0
2192,0, 890, False, 0
2193,0, 890, False, 0
2194,0, 890, False, 0
2195,0, 890, False, 0
2196,0, 890, False, 0
2197,0, 890, False, 0
2198,0, 890, False, 0
2199,0, 890, False, 0
2200,0, 890, False, 4
2201,0, 890, False, 4
2202,0, 890, False, 4
2203,0, 890, False, 4
2204,0, 890, False, 0
2205,0, 890, False, 0
2206,0, 890, False, 0
2207,0, 890, False, 0
2208,0, 890, False, 0
2209,0, 890, False, 0
2210,0, 890, False, 0
2211,0, 890, False, 0
2212,0, 890, False, 0
2213,0, 890, False, 0
2214,0, 890, False, 0
2215,0, 890, False, 0
2216,0, 890, False, 0
2217,0, 890, False, 0
2218,0, 890, False, 0
2219,0, 890, False, 0
2220,0, 890, False, 2
2221,0, 890, False, 2
2222,0, 890, False, 2
2223,0, 890, False, 2
2224,0, 890, False, 0
2225,0, 890, False, 0
2226,0, 890, False, 0
2227,0, 890, False, 0
2228,0, 890, False, 0
2229,0, 890, False, 0
2230,0, 890, False, 0
2231,0, 890, False, 0
2232,0, 890, False, 0
2233,10, 900, False, 0
2234,0, 900, False, 0
2235,0, 900, False, 0
2236,0, 900, False, 0
2237,0, 900, False, 0
2238,0, 900, False, 0
2239,0, 900, False, 0
2240,0, 900, False, 0
2241,0, 900, False, 0
2242,0, 900, False, 0
2243,0, 900, False, 0
2244,0, 900, False, 0
2245,0, 900, False, 0
2246,0, 900, False, 0
2247,10, 910, False, 0
2248,0, 910, False, 0
2249,0, 910, False, 0
2250,0, 910, False, 0
2251,0, 910, False, 0
2252,0, 910, False, 0
2253,0, 910, False, 0
2254,0, 910, False, 0
2255,0, 910, False, 0
2256,0, 910, False, 0
2257,0, 910, False, 0
2258,0, 910, False, 0
2259,0, 910, False, 0
2260,0, 910, False, 0
2261,10, 920, False, 0
2262,0, 920, False, 0
2263,0, 920, False, 0
2264,0, 920, False, 0
2265,0, 920, False, 0
2266,0, 920, False, 0
2267,0, 920, False, 0
2268,0, 920, False, 0
2269,0, 920, False, 0
2270,0, 920, False, 0
2271,0, 920, False, 0
2272,0, 920, False, 0
2273,0, 920, False, 0
2274,0, 920, False, 0
2275,10, 930, False, 0
2276,0, 930, False, 0
2277,0, 930, False, 0
2278,0, 930, False, 0
2279,0, 930, False, 0
2280,0, 930, False, 0
2281,0, 930, False, 0
2282,0, 930, False, 0
2283,0, 930, False, 0
2284,0, 930, False, 0
2285,0, 930, False, 0
2286,0, 930, False, 0
2287,0, 930, False, 0
2288,0, 930, False, 0
2289,10, 940, False, 0
2290,0, 940, False, 0
2291,0, 940, False, 0
2292,0, 940, False, 0
2293,0, 940, False, 0
2294,0, 940, False, 0
2295,0, 940, False, 0
2296,0, 940, False, 0
2297,0, 940, False, 0
2298,0, 940, False, 0
2299,0, 940, False, 0
2300,0, 940, False, 0
2301,0, 940, False, 0
2302,0, 940, False, 0
2303,10, 950, False, 0
2304,0, 950, False, 0
2305,0, 950, False, 0
2306,0, 950, False, 0
2307,0, 950, False, 0
2308,0, 950, False, 0
2309,0, 950, False, 0
2310,0, 950, False, 0
2311,0, 950, False, 0
2312,0, 950, False, 0
2313,0, 950, False, 0
2314,0, 950, False, 0
2315,0, 950, False, 0
2316,0, 950, False, 0
2317,10, 960, False, 0
2318,0, 960, False, 0
2319,0, 960, False, 0
2320,0, 960, False, 0
2321,0, 960, False, 0
2322,0, 960, False, 0
2323,0, 960, False, 0
2324,0, 960, False, 0
2325,0, 960, False, 0
2326,0, 960, False, 0
2327,0, 960, False, 0
2328,0, 960, False, 0
2329,0, 960, False, 0
2330,0, 960, False, 0
2331,10, 970, False, 0
2332,0, 970, False, 0
2333,0, 970, False, 0
2334,0, 970, False, 0
2335,0, 970, False, 0
2336,0, 970, False, 0
2337,0, 970, False, 0
2338,0, 970, False, 0
2339,0, 970, False, 0
2340,0, 970, False, 3
2341,0, 970, False, 3
2342,0, 970, False, 3
2343,0, 970, False, 3
2344,0, 970, False, 3
2345,0, 970, False, 3
2346,0, 970, False, 3
2347,10, 980, False, 3
2348,0, 980, False, 3
2349,0, 980, False, 3
2350,0, 980, False, 3
2351,0, 980, False, 0
2352,0, 980, False, 0
2353,0, 980, False, 0
2354,0, 980, False, 0
2355,0, 980, False, 0
2356,0, 980, False, 0
2357,0, 980, False, 0
2358,0, 980, False, 0
2359,0, 980, False, 0
2360,0, 980, False, 0
2361,10, 990, False, 0
2362,0, 990, False, 0
2363,0, 990, False, 0
2364,0, 990, False, 0
2365,0, 990, False, 0
2366,0, 990, False, 0
2367,0, 990, False, 0
2368,0, 990, False, 0
2369,0, 990, False, 0
2370,0, 990, False, 0
2371,0, 990, False, 0
2372,0, 990, False, 0
2373,0, 990, False, 0
2374,0, 990, False, 0
2375,10, 1000, False, 0
2376,0, 1000, False, 0
2377,0, 1000, False, 0
2378,0, 1000, False, 0
2379,0, 1000, False, 0
2380,0, 1000, False, 0
2381,0, 1000, False, 0
2382,0, 1000, False, 0
2383,0, 1000, False, 0
2384,0, 1000, False, 0
2385,0, 1000, False, 0
2386,0, 1000, False, 0
2387,10, 1010, False, 0
2388,0, 1010, False, 0
2389,0, 1010, False, 0
2390,0, 1010, False, 0
2391,0, 1010, False, 0
2392,0, 1010, False, 0
2393,0, 1010, False, 0
2394,0, 1010, False, 0
2395,0, 1010, False, 0
2396,0, 1010, False, 0
2397,0, 1010, False, 0
2398,0, 1010, False, 0
2399,0, 1010, False, 0
2400,0, 1010, False, 0
2401,10, 1020, False, 0
2402,0, 1020, False, 0
2403,0, 1020, False, 0
2404,0, 1020, False, 0
2405,0, 1020, False, 0
2406,0, 1020, False, 0
2407,0, 1020, False, 0
2408,0, 1020, False, 0
2409,0, 1020, False, 0
2410,0, 1020, False, 0
2411,0, 1020, False, 0
2412,0, 1020, False, 0
2413,0, 1020, False, 0
2414,0, 1020, False, 0
2415,10, 1030, False, 0
2416,0, 1030, False, 0
2417,0, 1030, False, 0
2418,0, 1030, False, 0
2419,0, 1030, False, 0
2420,0, 1030, False, 0
2421,0, 1030, False, 0
2422,0, 1030, False, 0
2423,0, 1030, False, 0
2424,0, 1030, False, 0
2425,0, 1030, False, 0
2426,0, 1030, False, 0
2427,10, 1040, False, 0
2428,0, 1040, False, 0
2429,0, 1040, False, 0
2430,0, 1040, False, 0
2431,0, 1040, False, 0
2432,0, 1040, False, 0
2433,0, 1040, False, 0
2434,0, 1040, False, 0
2435,0, 1040, False, 0
2436,0, 1040, False, 0
2437,0, 1040, False, 0
2438,0, 1040, False, 0
2439,0, 1040, False, 0
2440,0, 1040, False, 0
2441,0, 1040, False, 0
2442,0, 1040, False, 0
2443,0, 1040, False, 0
2444,0, 1040, False, 0
2445,0, 1040, False, 0
2446,0, 1040, False, 0
2447,10, 1050, False, 0
2448,0, 1050, False, 0
2449,0, 1050, False, 0
2450,0, 1050, False, 0
2451,0, 1050, False, 0
2452,0, 1050, False, 0
2453,0, 1050, False, 0
2454,0, 1050, False, 0
2455,0, 1050, False, 0
2456,0, 1050, False, 0
2457,0, 1050, False, 0
2458,0, 1050, False, 0
2459,10, 1060, False, 0
2460,0, 1060, False, 0
2461,0, 1060, False, 0
2462,0, 1060, False, 0
2463,0, 1060, False, 0
2464,0, 1060, False, 0
2465,0, 1060, False, 0
2466,0, 1060, False, 0
2467,0, 1060, False, 0
2468,0, 1060, False, 0
2469,0, 1060, False, 0
2470,0, 1060, False, 0
2471,0, 1060, False, 0
2472,0, 1060, False, 0
2473,0, 1060, False, 0
2474,0, 1060, False, 0
2475,0, 1060, False, 0
2476,0, 1060, False, 0
2477,0, 1060, False, 0
2478,0, 1060, False, 0
2479,0, 1060, False, 0
2480,0, 1060, False, 0
2481,0, 1060, False, 0
2482,0, 1060, False, 0
2483,0, 1060, False, 2
2484,0, 1060, False, 2
2485,0, 1060, False, 2
2486,0, 1060, False, 2
2487,0, 1060, False, 2
2488,0, 1060, False, 2
2489,0, 1060, False, 2
2490,0, 1060, False, 2
2491,0, 1060, False, 2
2492,0, 1060, False, 2
2493,0, 1060, False, 0
2494,0, 1060, False, 0
2495,0, 1060, False, 0
2496,0, 1060, False, 0
2497,0, 1060, False, 0
2498,0, 1060, False, 0
2499,10, 1070, False, 0
2500,0, 1070, False, 0
2501,0, 1070, False, 0
2502,0, 1070, False, 0
2503,0, 1070, False, 0
2504,0, 1070, False, 0
2505,0, 1070, False, 0
2506,0, 1070, False, 0
2507,0, 1070, False, 0
2508,0, 1070, False, 0
2509,0, 1070, False, 0
2510,0, 1070, False, 0
2511,0, 1070, False, 0
2512,0, 1070, False, 0
2513,10, 1080, False, 0
2514,0, 1080, False, 0
2515,0, 1080, False, 0
2516,0, 1080, False, 0
2517,0, 1080, False, 0
2518,0, 1080, False, 0
2519,0, 1080, False, 0
2520,0, 1080, False, 0
2521,0, 1080, False, 0
2522,0, 1080, False, 0
2523,0, 1080, False, 0
2524,0, 1080, False, 0
2525,0, 1080, False, 0
2526,0, 1080, False, 0
2527,0, 1080, False, 4
2528,0, 1080, False, 4
2529,0, 1080, False, 4
2530,0, 1080, False, 4
2531,0, 1080, False, 4
2532,0, 1080, False, 4
2533,0, 1080, False, 4
2534,0, 1080, False, 4
2535,0, 1080, False, 4
2536,0, 1080, False, 4
2537,10, 1090, False, 0
2538,0, 1090, False, 0
2539,0, 1090, False, 0
2540,0, 1090, False, 0
2541,0, 1090, False, 0
2542,0, 1090, False, 0
2543,0, 1090, False, 0
2544,0, 1090, False, 0
2545,0, 1090, False, 0
2546,0, 1090, False, 0
2547,0, 1090, False, 0
2548,0, 1090, False, 0
2549,0, 1090, False, 0
2550,0, 1090, False, 0
2551,10, 1100, False, 0
2552,0, 1100, False, 0
2553,0, 1100, False, 0
2554,0, 1100, False, 0
2555,0, 1100, False, 0
2556,0, 1100, False, 0
2557,0, 1100, False, 0
2558,0, 1100, False, 0
2559,0, 1100, False, 0
2560,0, 1100, False, 0
2561,0, 1100, False, 0
2562,0, 1100, False, 0
2563,10, 1110, False, 0
2564,0, 1110, False, 0
2565,0, 1110, False, 0
2566,0, 1110, False, 0
2567,0, 1110, False, 0
2568,0, 1110, False, 0
2569,0, 1110, False, 0
2570,0, 1110, False, 0
2571,0, 1110, False, 0
2572,0, 1110, False, 0
2573,0, 1110, False, 0
2574,0, 1110, False, 0
2575,0, 1110, False, 0
2576,0, 1110, False, 0
2577,0, 1110, False, 0
2578,0, 1110, False, 0
2579,0, 1110, False, 0
2580,0, 1110, False, 0
2581,0, 1110, False, 0
2582,0, 1110, False, 0
2583,10, 1120, False, 0
2584,0, 1120, False, 0
2585,0, 1120, False, 0
2586,0, 1120, False, 0
2587,0, 1120, False, 0
2588,0, 1120, False, 0
2589,0, 1120, False, 0
2590,0, 1120, False, 0
2591,0, 1120, False, 0
2592,0, 1120, False, 0
2593,0, 1120, False, 0
2594,0, 1120, False, 0
2595,10, 1130, False, 0
2596,0, 1130, False, 0
2597,0, 1130, False, 0
2598,0, 1130, False, 0
2599,0, 1130, False, 0
2600,0, 1130, False, 0
2601,0, 1130, False, 0
2602,0, 1130, False, 0
2603,0, 1130, False, 0
2604,0, 1130, False, 0
2605,0, 1130, False, 0
2606,0, 1130, False, 0
2607,0, 1130, False, 0
2608,0, 1130, False, 0
2609,10, 1140, False, 0
2610,0, 1140, False, 0
2611,0, 1140, False, 0
2612,0, 1140, False, 0
2613,0, 1140, False, 0
2614,0, 1140, False, 0
2615,0, 1140, False, 0
2616,0, 1140, False, 0
2617,0, 1140, False, 0
2618,0, 1140, False, 0
2619,0, 1140, False, 0
2620,0, 1140, False, 0
2621,0, 1140, False, 0
2622,0, 1140, False, 0
2623,10, 1150, False, 0
2624,0, 1150, False, 0
2625,0, 1150, False, 0
2626,0, 1150, False, 0
2627,0, 1150, False, 0
2628,0, 1150, False, 0
2629,0, 1150, False, 0
2630,0, 1150, False, 0
2631,0, 1150, False, 5
2632,0, 1150, False, 5
2633,0, 1150, False, 5
2634,0, 1150, False, 5
2635,0, 1150, False, 5
2636,0, 1150, False, 5
2637,0, 1150, False, 5
2638,0, 1150, False, 5
2639,10, 1160, False, 5
2640,0, 1160, False, 5
2641,0, 1160, False, 0
2642,0, 1160, False, 0
2643,0, 1160, False, 0
2644,0, 1160, False, 0
2645,0, 1160, False, 0
2646,0, 1160, False, 0
2647,0, 1160, False, 0
2648,0, 1160, False, 0
2649,0, 1160, False, 4
2650,0, 1160, False, 4
2651,0, 1160, False, 4
2652,0, 1160, False, 4
2653,0, 1160, False, 4
2654,0, 1160, False, 4
2655,0, 1160, False, 0
2656,0, 1160, False, 0
2657,0, 1160, False, 0
2658,0, 1160, False, 0
2659,0, 1160, False, 0
2660,0, 1160, False, 0
2661,0, 1160, False, 0
2662,0, 1160, False, 0
2663,0, 1160, False, 0
2664,0, 1160, False, 0
2665,0, 1160, False, 0
2666,0, 1160, False, 0
2667,0, 1160, False, 0
2668,0, 1160, False, 0
2669,0, 1160, False, 0
2670,0, 1160, False, 0
2671,0, 1160, False, 0
2672,0, 1160, False, 0
2673,0, 1160, False, 0
2674,0, 1160, False, 0
2675,0, 1160, False, 4
2676,0, 1160, False, 4
2677,0, 1160, False, 4
2678,0, 1160, False, 4
2679,0, 1160, False, 4
2680,0, 1160, False, 4
2681,0, 1160, False, 4
2682,0, 1160, False, 4
2683,0, 1160, False, 0
2684,0, 1160, False, 0
2685,0, 1160, False, 0
2686,0, 1160, False, 0
2687,0, 1160, False, 0
2688,0, 1160, False, 0
2689,0, 1160, False, 0
2690,0, 1160, False, 0
2691,0, 1160, False, 0
2692,0, 1160, False, 0
2693,0, 1160, False, 0
2694,0, 1160, False, 0
2695,0, 1160, False, 0
2696,0, 1160, False, 0
2697,0, 1160, False, 0
2698,0, 1160, False, 0
2699,0, 1160, False, 0
2700,0, 1160, False, 0
2701,0, 1160, False, 0
2702,0, 1160, False, 0
2703,0, 1160, False, 0
2704,0, 1160, False, 0
2705,0, 1160, False, 0
2706,0, 1160, False, 0
2707,0, 1160, False, 0
2708,0, 1160, False, 0
2709,0, 1160, False, 0
2710,0, 1160, False, 0
2711,0, 1160, False, 0
2712,0, 1160, False, 0
2713,0, 1160, False, 0
2714,0, 1160, False, 0
2715,0, 1160, False, 0
2716,0, 1160, False, 0
2717,0, 1160, False, 0
2718,0, 1160, False, 0
2719,0, 1160, False, 0
2720,0, 1160, False, 0
2721,0, 1160, False, 0
2722,0, 1160, False, 0
2723,0, 1160, False, 0
2724,0, 1160, False, 0
2725,0, 1160, False, 0
2726,0, 1160, False, 0
2727,10, 1170, False, 0
2728,0, 1170, False, 0
2729,0, 1170, False, 0
2730,0, 1170, False, 0
2731,0, 1170, False, 0
2732,0, 1170, False, 0
2733,0, 1170, False, 2
2734,0, 1170, False, 2
2735,0, 1170, False, 2
2736,0, 1170, False, 2
2737,0, 1170, False, 2
2738,0, 1170, False, 0
2739,0, 1170, False, 0
2740,0, 1170, False, 0
2741,0, 1170, False, 0
2742,0, 1170, False, 0
2743,50, 1220, False, 0
2744,0, 1220, False, 0
2745,0, 1220, False, 0
2746,0, 1220, False, 0
2747,0, 1220, False, 0
2748,0, 1220, False, 0
2749,0, 1220, False, 0
2750,0, 1220, False, 0
2751,0, 1220, False, 0
2752,0, 1220, False, 0
2753,0, 1220, False, 0
2754,0, 1220, False, 0
2755,0, 1220, False, 0
2756,0, 1220, False, 0
2757,0, 1220, False, 0
2758,0, 1220, False, 0
2759,10, 1230, False, 0
2760,0, 1230, False, 0
2761,0, 1230, False, 0
2762,0, 1230, False, 0
2763,0, 1230, False, 0
2764,0, 1230, False, 0
2765,0, 1230, False, 0
2766,0, 1230, False, 0
2767,0, 1230, False, 0
2768,0, 1230, False, 0
2769,0, 1230, False, 0
2770,0, 1230, False, 0
2771,0, 1230, False, 0
2772,0, 1230, False, 0
2773,0, 1230, False, 0
2774,0, 1230, False, 0
2775,0, 1230, False, 0
2776,0, 1230, False, 0
2777,0, 1230, False, 0
2778,0, 1230, False, 0
2779,0, 1230, False, 0
2780,0, 1230, False, 0
2781,0, 1230, False, 0
2782,0, 1230, False, 0
2783,0, 1230, False, 0
2784,0, 1230, False, 0
2785,0, 1230, False, 0
2786,0, 1230, False, 0
2787,0, 1230, False, 0
2788,0, 1230, False, 0
2789,0, 1230, False, 0
2790,0, 1230, False, 0
2791,0, 1230, False, 0
2792,0, 1230, False, 0
2793,0, 1230, False, 0
2794,0, 1230, False, 0
2795,0, 1230, False, 0
2796,0, 1230, False, 0
2797,0, 1230, False, 0
2798,0, 1230, False, 0
2799,0, 1230, False, 0
2800,0, 1230, False, 0
2801,0, 1230, False, 0
2802,0, 1230, False, 0
2803,0, 1230, False, 0
2804,0, 1230, False, 0
2805,0, 1230, False, 0
2806,0, 1230, False, 0
2807,0, 1230, False, 0
2808,0, 1230, False, 0
2809,0, 1230, False, 0
2810,0, 1230, False, 0
2811,0, 1230, False, 0
2812,0, 1230, False, 0
2813,0, 1230, False, 0
2814,0, 1230, False, 0
2815,0, 1230, False, 0
2816,0, 1230, False, 0
2817,0, 1230, False, 3
2818,0, 1230, False, 3
2819,0, 1230, False, 3
2820,0, 1230, False, 3
2821,0, 1230, False, 3
2822,0, 1230, False, 3
2823,0, 1230, False, 3
2824,0, 1230, False, 3
2825,10, 1240, False, 3
2826,0, 1240, False, 3
2827,0, 1240, False, 3
2828,0, 1240, False, 3
2829,0, 1240, False, 3
2830,0, 1240, False, 3
2831,0, 1240, False, 3
2832,0, 1240, False, 0
2833,0, 1240, False, 0
2834,0, 1240, False, 0
2835,0, 1240, False, 0
2836,0, 1240, False, 0
2837,0, 1240, False, 0
2838,0, 1240, False, 0
2839,10, 1250, False, 0
2840,0, 1250, False, 0
2841,0, 1250, False, 0
2842,0, 1250, False, 0
2843,0, 1250, False, 0
2844,0, 1250, False, 0
2845,0, 1250, False, 0
2846,0, 1250, False, 0
2847,0, 1250, False, 0
2848,0, 1250, False, 0
2849,0, 1250, False, 0
2850,0, 1250, False, 0
2851,10, 1260, False, 0
2852,0, 1260, False, 0
2853,0, 1260, False, 0
2854,0, 1260, False, 0
2855,0, 1260, False, 0
2856,0, 1260, False, 0
2857,0, 1260, False, 0
2858,0, 1260, False, 0
2859,0, 1260, False, 0
2860,0, 1260, False, 0
2861,0, 1260, False, 0
2862,0, 1260, False, 0
2863,0, 1260, False, 0
2864,0, 1260, False, 0
2865,0, 1260, False, 0
2866,0, 1260, False, 0
2867,0, 1260, False, 0
2868,0, 1260, False, 0
2869,0, 1260, False, 0
2870,0, 1260, False, 0
2871,0, 1260, False, 0
2872,0, 1260, False, 0
2873,0, 1260, False, 0
2874,0, 1260, False, 0
2875,0, 1260, False, 0
2876,0, 1260, False, 0
2877,0, 1260, False, 0
2878,0, 1260, False, 0
2879,0, 1260, False, 0
2880,0, 1260, False, 0
2881,0, 1260, False, 0
2882,0, 1260, False, 0
2883,0, 1260, False, 0
2884,0, 1260, False, 0
2885,0, 1260, False, 0
2886,0, 1260, False, 0
2887,0, 1260, False, 0
2888,0, 1260, False, 0
2889,0, 1260, False, 0
2890,0, 1260, False, 0
2891,0, 1260, False, 0
2892,0, 1260, False, 0
2893,0, 1260, False, 5
2894,0, 1260, False, 5
2895,0, 1260, False, 5
2896,0, 1260, False, 5
2897,0, 1260, False, 5
2898,0, 1260, False, 5
2899,0, 1260, False, 5
2900,0, 1260, False, 5
2901,10, 1270, False, 5
2902,0, 1270, False, 5
2903,0, 1270, False, 5
2904,0, 1270, False, 5
2905,0, 1270, False, 5
2906,0, 1270, False, 0
2907,0, 1270, False, 0
2908,0, 1270, False, 0
2909,0, 1270, False, 0
2910,0, 1270, False, 0
2911,0, 1270, False, 0
2912,0, 1270, False, 0
2913,0, 1270, False, 0
2914,0, 1270, False, 2
2915,0, 1270, False, 2
2916,0, 1270, False, 2
2917,0, 1270, False, 2
2918,0, 1270, False, 2
2919,0, 1270, False, 2
2920,0, 1270, False, 2
2921,0, 1270, False, 2
2922,0, 1270, False, 0
2923,0, 1270, False, 0
2924,0, 1270, False, 0
2925,0, 1270, False, 0
2926,0, 1270, False, 0
2927,0, 1270, False, 0
2928,0, 1270, False, 0
2929,0, 1270, False, 0
2930,0, 1270, False, 0
2931,0, 1270, False, 0
2932,0, 1270, False, 0
2933,0, 1270, False, 0
2934,0, 1270, False, 0
2935,0, 1270, False, 0
2936,0, 1270, False, 5
2937,0, 1270, False, 5
2938,0, 1270, False, 5
2939,0, 1270, False, 5
2940,0, 1270, False, 5
2941,0, 1270, False, 5
2942,0, 1270, False, 5
2943,0, 1270, False, 5
2944,0, 1270, False, 0
2945,0, 1270, False, 0
2946,0, 1270, False, 0
2947,0, 1270, False, 0
2948,0, 1270, False, 0
2949,0, 1270, False, 0
2950,0, 1270, False, 0
2951,0, 1270, False, 0
2952,0, 1270, False, 0
2953,0, 1270, False, 0
2954,0, 1270, False, 0
2955,0, 1270, False, 4
2956,0, 1270, False, 4
2957,0, 1270, False, 4
2958,0, 1270, False, 0
2959,0, 1270, False, 0
2960,0, 1270, False, 0
2961,0, 1270, False, 0
2962,0, 1270, False, 0
2963,0, 1270, False, 0
2964,0, 1270, False, 0
2965,0, 1270, False, 0
2966,0, 1270, False, 0
2967,10, 1280, False, 0
2968,0, 1280, False, 0
2969,0, 1280, False, 0
2970,0, 1280, False, 0
2971,0, 1280, False, 0
2972,0, 1280, False, 0
2973,0, 1280, False, 0
2974,0, 1280, False, 0
2975,0, 1280, False, 0
2976,0, 1280, False, 0
2977,0, 1280, False, 0
2978,0, 1280, False, 0
2979,0, 1280, False, 0
2980,0, 1280, False, 0
2981,10, 1290, False, 0
2982,0, 1290, False, 0
2983,0, 1290, False, 0
2984,0, 1290, False, 0
2985,0, 1290, False, 0
2986,0, 1290, False, 0
2987,0, 1290, False, 0
2988,0, 1290, False, 2
2989,0, 1290, False, 2
2990,0, 1290, False, 2
2991,0, 1290, False, 2
2992,0, 1290, False, 2
2993,0, 1290, False, 2
2994,0, 1290, False, 2
2995,0, 1290, False, 2
2996,0, 1290, False, 2
2997,0, 1290, False, 0
2998,0, 1290, False, 0
2999,0, 1290, False, 0
3000,0, 1290, False, 0
3001,0, 1290, False, 0
3002,0, 1290, False, 0
3003,0, 1290, False, 0
3004,0, 1290, False, 0
3005,0, 1290, False, 0
3006,0, 1290, False, 0
3007,0, 1290, False, 0
3008,0, 1290, False, 0
3009,0, 1290, False, 0
3010,0, 1290, False, 0
3011,0, 1290, False, 0
3012,0, 1290, False, 0
3013,0, 1290, False, 0
3014,0, 1290, False, 0
3015,0, 1290, False, 0
3016,0, 1290, False, 0
3017,0, 1290, False, 0
3018,0, 1290, False, 0
3019,0, 1290, False, 0
3020,0, 1290, False, 0
3021,0, 1290, False, 0
3022,0, 1290, False, 0
3023,0, 1290, False, 0
3024,0, 1290, False, 0
3025,0, 1290, False, 0
3026,0, 1290, False, 4
3027,0, 1290, False, 4
3028,0, 1290, False, 4
3029,0, 1290, False, 4
3030,0, 1290, False, 4
3031,0, 1290, False, 4
3032,0, 1290, False, 4
3033,0, 1290, False, 4
3034,0, 1290, False, 0
3035,0, 1290, False, 0
3036,0, 1290, False, 0
3037,0, 1290, False, 0
3038,0, 1290, False, 0
3039,0, 1290, False, 0
3040,0, 1290, False, 0
3041,0, 1290, False, 0
3042,0, 1290, False, 0
3043,0, 1290, False, 0
3044,0, 1290, False, 5
3045,0, 1290, False, 5
3046,0, 1290, False, 5
3047,0, 1290, False, 5
3048,0, 1290, False, 5
3049,0, 1290, False, 5
3050,0, 1290, False, 5
3051,0, 1290, False, 5
3052,0, 1290, False, 5
3053,0, 1290, False, 5
3054,0, 1290, False, 0
3055,0, 1290, False, 0
3056,0, 1290, False, 0
3057,0, 1290, False, 0
3058,0, 1290, False, 0
3059,0, 1290, False, 0
3060,0, 1290, False, 0
3061,0, 1290, False, 0
3062,0, 1290, False, 0
3063,0, 1290, False, 0
3064,0, 1290, False, 0
3065,0, 1290, False, 0
3066,0, 1290, False, 0
3067,0, 1290, False, 3
3068,0, 1290, False, 3
3069,0, 1290, False, 3
3070,0, 1290, False, 3
3071,0, 1290, False, 3
3072,0, 1290, False, 0
3073,0, 1290, False, 0
3074,0, 1290, False, 0
3075,0, 1290, False, 0
3076,0, 1290, False, 0
3077,0, 1290, False, 0
3078,0, 1290, False, 0
3079,0, 1290, False, 0
3080,0, 1290, False, 0
3081,0, 1290, False, 0
3082,0, 1290, False, 0
3083,0, 1290, False, 0
3084,0, 1290, False, 0
3085,0, 1290, False, 0
3086,0, 1290, False, 0
3087,0, 1290, False, 0
3088,0, 1290, False, 0
3089,0, 1290, False, 0
3090,0, 1290, False, 0
3091,0, 1290, False, 0
3092,0, 1290, False, 0
3093,0, 1290, False, 0
3094,0, 1290, False, 0
3095,0, 1290, False, 0
3096,0, 1290, False, 0
3097,0, 1290, False, 0
3098,0, 1290, False, 0
3099,0, 1290, False, 0
3100,0, 1290, False, 0
3101,0, 1290, False, 0
3102,0, 1290, False, 0
3103,0, 1290, False, 0
3104,0, 1290, False, 0
3105,0, 1290, False, 0
3106,0, 1290, False, 0
3107,0, 1290, False, 0
3108,0, 1290, False, 0
3109,0, 1290, False, 0
3110,0, 1290, False, 0
3111,0, 1290, False, 0
3112,0, 1290, False, 0
3113,0, 1290, False, 0
3114,0, 1290, False, 0
3115,0, 1290, False, 0
3116,0, 1290, False, 0
3117,0, 1290, False, 0
3118,0, 1290, False, 0
3119,0, 1290, False, 0
3120,0, 1290, False, 0
3121,0, 1290, False, 0
3122,0, 1290, False, 0
3123,0, 1290, False, 0
3124,0, 1290, False, 0
3125,0, 1290, False, 0
3126,0, 1290, False, 0
3127,0, 1290, False, 0
3128,0, 1290, False, 0
3129,0, 1290, False, 0
3130,0, 1290, False, 0
3131,0, 1290, False, 0
3132,0, 1290, False, 0
3133,0, 1290, False, 0
3134,0, 1290, False, 0
3135,0, 1290, False, 0
3136,0, 1290, False, 0
3137,0, 1290, False, 0
3138,0, 1290, False, 0
3139,0, 1290, False, 0
3140,0, 1290, False, 0
3141,0, 1290, False, 0
3142,0, 1290, False, 0
3143,0, 1290, False, 0
3144,0, 1290, False, 0
3145,0, 1290, False, 0
3146,0, 1290, False, 0
3147,0, 1290, False, 0
3148,0, 1290, False, 0
3149,0, 1290, False, 0
3150,0, 1290, False, 0
3151,0, 1290, False, 0
3152,0, 1290, False, 0
3153,0, 1290, False, 0
3154,0, 1290, False, 0
3155,0, 1290, False, 0
3156,0, 1290, False, 0
3157,0, 1290, False, 0
3158,0, 1290, False, 0
3159,0, 1290, False, 0
3160,0, 1290, False, 0
3161,0, 1290, False, 0
3162,0, 1290, False, 5
3163,0, 1290, False, 5
3164,0, 1290, False, 5
3165,0, 1290, False, 5
3166,0, 1290, False, 5
3167,0, 1290, False, 5
3168,0, 1290, False, 5
3169,0, 1290, False, 5
3170,0, 1290, False, 5
3171,0, 1290, False, 5
3172,0, 1290, False, 5
3173,0, 1290, False, 0
3174,0, 1290, False, 0
3175,0, 1290, False, 0
3176,0, 1290, False, 0
3177,0, 1290, False, 0
3178,0, 1290, False, 0
3179,0, 1290, False, 0
3180,0, 1290, False, 4
3181,0, 1290, False, 4
3182,0, 1290, False, 4
3183,0, 1290, False, 4
3184,0, 1290, False, 4
3185,0, 1290, False, 0
3186,0, 1290, False, 0
3187,0, 1290, False, 0
3188,0, 1290, False, 0
3189,0, 1290, False, 4
3190,0, 1290, False, 4
3191,0, 1290, False, 4
3192,0, 1290, False, 4
3193,0, 1290, False, 4
3194,0, 1290, False, 4
3195,0, 1290, False, 0
3196,0, 1290, False, 0
3197,0, 1290, False, 0
3198,0, 1290, False, 0
3199,0, 1290, False, 0
3200,0, 1290, False, 0
3201,0, 1290, False, 0
3202,0, 1290, False, 0
3203,0, 1290, False, 5
3204,0, 1290, False, 5
3205,0, 1290, False, 5
3206,0, 1290, False, 5
3207,0, 1290, False, 0
3208,0, 1290, False, 0
3209,0, 1290, False, 0
3210,0, 1290, False, 0
3211,0, 1290, False, 0
3212,0, 1290, False, 0
3213,0, 1290, False, 0
3214,0, 1290, False, 0
3215,0, 1290, False, 0
3216,0, 1290, False, 0
3217,0, 1290, False, 0
3218,0, 1290, False, 0
3219,0, 1290, False, 0
3220,0, 1290, False, 0
3221,0, 1290, False, 0
3222,0, 1290, False, 0
3223,0, 1290, False, 0
3224,0, 1290, False, 0
3225,0, 1290, False, 0
3226,0, 1290, False, 0
3227,0, 1290, False, 0
3228,0, 1290, False, 0
3229,0, 1290, False, 0
3230,0, 1290, False, 0
3231,0, 1290, False, 0
3232,0, 1290, False, 0
3233,0, 1290, False, 0
3234,0, 1290, False, 0
3235,0, 1290, False, 0
3236,0, 1290, False, 0
3237,0, 1290, False, 0
3238,0, 1290, False, 0
3239,0, 1290, False, 0
3240,0, 1290, False, 0
3241,0, 1290, False, 0
3242,0, 1290, False, 0
3243,0, 1290, False, 0
3244,0, 1290, False, 0
3245,0, 1290, False, 0
3246,0, 1290, False, 0
3247,0, 1290, False, 0
3248,0, 1290, False, 0
3249,0, 1290, False, 0
3250,0, 1290, False, 0
3251,0, 1290, False, 0
3252,0, 1290, False, 0
3253,0, 1290, False, 0
3254,0, 1290, False, 0
3255,0, 1290, False, 0
3256,0, 1290, False, 0
3257,0, 1290, False, 0
3258,0, 1290, False, 0
3259,0, 1290, False, 0
3260,0, 1290, False, 0
3261,0, 1290, False, 5
3262,0, 1290, False, 5
3263,0, 1290, False, 5
3264,0, 1290, False, 5
3265,0, 1290, False, 5
3266,0, 1290, False, 5
3267,0, 1290, False, 5
3268,0, 1290, False, 0
3269,0, 1290, False, 0
3270,0, 1290, False, 0
3271,0, 1290, False, 0
3272,0, 1290, False, 0
3273,0, 1290, False, 0
3274,0, 1290, False, 0
3275,0, 1290, False, 0
3276,0, 1290, False, 0
3277,0, 1290, False, 0
3278,0, 1290, False, 0
3279,0, 1290, False, 0
3280,0, 1290, False, 0
3281,0, 1290, False, 0
3282,0, 1290, False, 0
3283,0, 1290, False, 0
3284,0, 1290, False, 0
3285,0, 1290, False, 0
3286,0, 1290, False, 0
3287,0, 1290, False, 0
3288,0, 1290, False, 0
3289,0, 1290, False, 0
3290,0, 1290, False, 0
3291,0, 1290, False, 0
3292,0, 1290, False, 0
3293,0, 1290, False, 0
3294,0, 1290, False, 0
3295,0, 1290, False, 0
3296,0, 1290, False, 0
3297,0, 1290, False, 0
3298,0, 1290, False, 0
3299,0, 1290, False, 0
3300,0, 1290, False, 0
3301,0, 1290, False, 0
3302,0, 1290, False, 0
3303,0, 1290, False, 3
3304,0, 1290, False, 3
3305,0, 1290, False, 3
3306,0, 1290, False, 0
3307,0, 1290, False, 0
3308,0, 1290, False, 0
3309,0, 1290, False, 0
3310,0, 1290, False, 5
3311,0, 1290, False, 5
3312,0, 1290, False, 5
3313,0, 1290, False, 5
3314,0, 1290, False, 5
3315,0, 1290, False, 5
3316,0, 1290, False, 5
3317,0, 1290, False, 5
3318,0, 1290, False, 5
3319,0, 1290, False, 0
3320,0, 1290, False, 0
3321,0, 1290, False, 0
3322,0, 1290, False, 0
3323,0, 1290, False, 0
3324,0, 1290, False, 0
3325,0, 1290, False, 0
3326,0, 1290, False, 0
3327,0, 1290, False, 0
3328,0, 1290, False, 0
3329,0, 1290, False, 0
3330,0, 1290, False, 0
3331,0, 1290, False, 0
3332,0, 1290, False, 0
3333,0, 1290, False, 0
3334,0, 1290, False, 0
3335,0, 1290, False, 0
3336,0, 1290, False, 0
3337,0, 1290, False, 0
3338,0, 1290, False, 0
3339,0, 1290, False, 0
3340,0, 1290, False, 0
3341,0, 1290, False, 0
3342,0, 1290, False, 0
3343,0, 1290, False, 0
3344,0, 1290, False, 0
3345,0, 1290, False, 0
3346,0, 1290, False, 0
3347,0, 1290, False, 0
3348,0, 1290, False, 0
3349,0, 1290, False, 0
3350,0, 1290, False, 0
3351,0, 1290, False, 0
3352,0, 1290, False, 0
3353,0, 1290, False, 0
3354,0, 1290, False, 0
3355,0, 1290, False, 0
3356,0, 1290, False, 0
3357,0, 1290, False, 0
3358,0, 1290, False, 0
3359,0, 1290, False, 0
3360,0, 1290, False, 0
3361,0, 1290, False, 0
3362,0, 1290, False, 0
3363,0, 1290, False, 0
3364,0, 1290, False, 0
3365,0, 1290, False, 0
3366,0, 1290, False, 0
3367,0, 1290, False, 0
3368,0, 1290, False, 0
3369,0, 1290, False, 0
3370,0, 1290, False, 0
3371,0, 1290, False, 0
3372,0, 1290, False, 0
3373,0, 1290, False, 0
3374,0, 1290, False, 0
3375,0, 1290, False, 0
3376,0, 1290, False, 0
3377,0, 1290, False, 0
3378,0, 1290, False, 0
3379,0, 1290, False, 0
3380,0, 1290, False, 0
3381,0, 1290, False, 0
3382,0, 1290, False, 0
3383,0, 1290, False, 0
3384,0, 1290, False, 0
3385,0, 1290, False, 0
3386,0, 1290, False, 0
3387,0, 1290, False, 0
3388,0, 1290, False, 0
3389,0, 1290, False, 0
3390,0, 1290, False, 0
3391,0, 1290, False, 0
3392,0, 1290, False, 0
3393,0, 1290, False, 0
3394,0, 1290, False, 0
3395,0, 1290, False, 0
3396,0, 1290, False, 0
3397,0, 1290, False, 0
3398,0, 1290, False, 0
3399,0, 1290, False, 0
3400,0, 1290, False, 0
3401,0, 1290, False, 0
3402,0, 1290, False, 0
3403,0, 1290, False, 0
3404,0, 1290, False, 0
3405,0, 1290, False, 0
3406,0, 1290, False, 0
3407,0, 1290, False, 0
3408,0, 1290, False, 0
3409,0, 1290, False, 0
3410,0, 1290, False, 0
3411,0, 1290, False, 0
3412,0, 1290, False, 0
3413,0, 1290, False, 0
3414,0, 1290, False, 0
3415,0, 1290, False, 0
3416,0, 1290, False, 0
3417,0, 1290, False, 0
3418,0, 1290, False, 0
3419,0, 1290, False, 0
3420,0, 1290, False, 0
3421,0, 1290, False, 0
3422,0, 1290, False, 0
3423,0, 1290, False, 0
3424,0, 1290, False, 0
3425,0, 1290, False, 0
3426,0, 1290, False, 0
3427,0, 1290, False, 0
3428,0, 1290, False, 0
3429,0, 1290, False, 0
3430,0, 1290, False, 0
3431,0, 1290, False, 0
3432,0, 1290, False, 0
3433,0, 1290, False, 0
3434,0, 1290, False, 0
3435,0, 1290, False, 0
3436,0, 1290, False, 0
3437,0, 1290, False, 0
3438,0, 1290, False, 0
3439,0, 1290, False, 0
3440,0, 1290, False, 0
3441,0, 1290, False, 0
3442,0, 1290, False, 0
3443,0, 1290, False, 0
3444,0, 1290, False, 0
3445,0, 1290, False, 0
3446,0, 1290, False, 0
3447,0, 1290, False, 0
3448,0, 1290, False, 0
3449,0, 1290, False, 0
3450,0, 1290, False, 0
3451,0, 1290, False, 0
3452,0, 1290, False, 0
3453,0, 1290, False, 0
3454,0, 1290, False, 0
3455,0, 1290, False, 0
3456,0, 1290, False, 0
3457,0, 1290, False, 0
3458,0, 1290, False, 0
3459,0, 1290, False, 0
3460,0, 1290, False, 0
3461,0, 1290, False, 0
3462,0, 1290, False, 0
3463,0, 1290, False, 0
3464,0, 1290, False, 0
3465,0, 1290, False, 0
3466,0, 1290, False, 0
3467,0, 1290, False, 0
3468,0, 1290, False, 0
3469,0, 1290, False, 0
3470,0, 1290, False, 0
3471,0, 1290, False, 0
3472,0, 1290, False, 0
3473,0, 1290, False, 0
3474,0, 1290, False, 0
3475,0, 1290, False, 0
3476,0, 1290, False, 0
3477,0, 1290, False, 0
3478,0, 1290, False, 0
3479,0, 1290, False, 0
3480,0, 1290, False, 0
3481,0, 1290, False, 0
3482,0, 1290, False, 0
3483,0, 1290, False, 0
3484,0, 1290, False, 0
3485,0, 1290, False, 0
3486,0, 1290, False, 0
3487,0, 1290, False, 0
3488,0, 1290, False, 0
3489,0, 1290, False, 0
3490,0, 1290, False, 0
3491,0, 1290, False, 0
3492,0, 1290, False, 0
3493,0, 1290, False, 3
3494,0, 1290, False, 3
3495,0, 1290, False, 3
3496,0, 1290, False, 3
3497,0, 1290, False, 3
3498,0, 1290, False, 3
3499,0, 1290, False, 3
3500,0, 1290, False, 0
3501,0, 1290, False, 0
3502,0, 1290, False, 0
3503,0, 1290, False, 0
3504,0, 1290, False, 0
3505,0, 1290, False, 0
3506,0, 1290, False, 0
3507,0, 1290, False, 0
3508,0, 1290, False, 0
3509,0, 1290, False, 0
3510,0, 1290, False, 0
3511,0, 1290, False, 0
3512,0, 1290, False, 0
3513,0, 1290, False, 0
3514,0, 1290, False, 0
3515,0, 1290, False, 0
3516,0, 1290, False, 0
3517,0, 1290, False, 0
3518,0, 1290, False, 0
3519,0, 1290, False, 0
3520,0, 1290, False, 0
3521,0, 1290, False, 0
3522,0, 1290, False, 0
3523,0, 1290, False, 0
3524,0, 1290, False, 0
3525,0, 1290, False, 0
3526,0, 1290, False, 0
3527,0, 1290, False, 0
3528,0, 1290, False, 0
3529,0, 1290, False, 0
3530,0, 1290, False, 0
3531,0, 1290, False, 0
3532,0, 1290, False, 0
3533,0, 1290, False, 0
3534,0, 1290, False, 0
3535,0, 1290, False, 0
3536,0, 1290, False, 0
3537,0, 1290, False, 0
3538,0, 1290, False, 0
3539,0, 1290, False, 0
3540,0, 1290, False, 0
3541,0, 1290, False, 0
3542,0, 1290, False, 0
3543,0, 1290, False, 0
3544,0, 1290, False, 0
3545,0, 1290, False, 0
3546,0, 1290, False, 0
3547,0, 1290, False, 0
3548,0, 1290, False, 0
3549,0, 1290, False, 0
3550,0, 1290, False, 0
3551,0, 1290, False, 0
3552,0, 1290, False, 0
3553,0, 1290, False, 0
3554,0, 1290, False, 0
3555,0, 1290, False, 0
3556,0, 1290, False, 0
3557,0, 1290, False, 0
3558,0, 1290, False, 0
3559,0, 1290, False, 0
3560,0, 1290, False, 0
3561,0, 1290, False, 0
3562,0, 1290, False, 0
3563,0, 1290, False, 0
3564,0, 1290, False, 0
3565,0, 1290, False, 0
3566,0, 1290, False, 0
3567,0, 1290, False, 0
3568,0, 1290, False, 0
3569,0, 1290, False, 0
3570,0, 1290, False, 0
3571,0, 1290, False, 0
3572,0, 1290, False, 0
3573,0, 1290, False, 0
3574,0, 1290, False, 0
3575,0, 1290, False, 0
3576,0, 1290, False, 0
3577,0, 1290, False, 5
3578,0, 1290, False, 5
3579,0, 1290, False, 5
3580,0, 1290, False, 5
3581,0, 1290, False, 5
3582,0, 1290, False, 5
3583,0, 1290, False, 5
3584,0, 1290, False, 0
3585,0, 1290, False, 0
3586,0, 1290, False, 0
3587,0, 1290, False, 0
3588,0, 1290, False, 0
3589,0, 1290, False, 0
3590,0, 1290, False, 0
3591,0, 1290, False, 0
3592,0, 1290, False, 0
3593,0, 1290, False, 0
3594,0, 1290, False, 0
3595,0, 1290, False, 0
3596,0, 1290, False, 0
3597,0, 1290, False, 0
3598,0, 1290, False, 0
3599,0, 1290, False, 0
3600,0, 1290, False, 0
3601,0, 1290, False, 0
3602,0, 1290, False, 0
3603,0, 1290, False, 0
3604,0, 1290, False, 0
3605,0, 1290, False, 0
3606,0, 1290, False, 0
3607,0, 1290, False, 0
3608,0, 1290, False, 0
3609,0, 1290, False, 0
3610,0, 1290, False, 0
3611,0, 1290, False, 0
3612,0, 1290, False, 0
3613,0, 1290, False, 0
3614,0, 1290, False, 0
3615,0, 1290, False, 0
3616,0, 1290, False, 0
3617,0, 1290, False, 0
3618,0, 1290, False, 0
3619,0, 1290, False, 0
3620,0, 1290, False, 0
3621,0, 1290, False, 0
3622,0, 1290, False, 0
3623,0, 1290, False, 0
3624,0, 1290, False, 0
3625,0, 1290, False, 0
3626,0, 1290, False, 0
3627,0, 1290, False, 0
3628,0, 1290, False, 0
3629,0, 1290, False, 0
3630,0, 1290, False, 0
3631,0, 1290, False, 0
3632,0, 1290, False, 0
3633,0, 1290, False, 0
3634,0, 1290, False, 0
3635,0, 1290, False, 0
3636,0, 1290, False, 0
3637,0, 1290, False, 0
3638,0, 1290, False, 0
3639,0, 1290, False, 0
3640,0, 1290, False, 0
3641,0, 1290, False, 0
3642,0, 1290, False, 0
3643,0, 1290, False, 0
3644,0, 1290, False, 0
3645,0, 1290, False, 0
3646,0, 1290, False, 0
3647,0, 1290, False, 0
3648,0, 1290, False, 0
3649,0, 1290, False, 3
3650,0, 1290, False, 3
3651,0, 1290, False, 3
3652,0, 1290, False, 3
3653,0, 1290, False, 3
3654,0, 1290, False, 3
3655,0, 1290, False, 3
3656,0, 1290, False, 3
3657,0, 1290, False, 0
3658,0, 1290, False, 0
3659,0, 1290, False, 0
3660,0, 1290, False, 0
3661,0, 1290, False, 0
3662,0, 1290, False, 0
3663,0, 1290, False, 0
3664,0, 1290, False, 0
3665,0, 1290, False, 0
3666,0, 1290, False, 0
3667,0, 1290, False, 0
3668,0, 1290, False, 0
3669,0, 1290, False, 0
3670,0, 1290, False, 0
3671,0, 1290, False, 0
3672,0, 1290, False, 0
3673,0, 1290, False, 0
3674,0, 1290, False, 0
3675,0, 1290, False, 0
3676,0, 1290, False, 0
3677,0, 1290, False, 0
3678,0, 1290, False, 0
3679,0, 1290, False, 0
3680,0, 1290, False, 0
3681,0, 1290, False, 0
3682,0, 1290, False, 0
3683,0, 1290, False, 0
3684,0, 1290, False, 0
3685,0, 1290, False, 0
3686,0, 1290, False, 0
3687,0, 1290, False, 0
3688,0, 1290, False, 0
3689,0, 1290, False, 2
3690,0, 1290, False, 2
3691,0, 1290, False, 2
3692,0, 1290, False, 2
3693,0, 1290, False, 2
3694,0, 1290, False, 2
3695,0, 1290, False, 2
3696,0, 1290, False, 2
3697,0, 1290, False, 2
3698,0, 1290, False, 2
3699,0, 1290, False, 0
3700,0, 1290, False, 0
3701,0, 1290, False, 0
3702,0, 1290, False, 0
3703,10, 1300, False, 0
3704,0, 1300, False, 0
3705,0, 1300, False, 0
3706,0, 1300, False, 0
3707,0, 1300, False, 0
3708,0, 1300, False, 0
3709,0, 1300, False, 0
3710,0, 1300, False, 0
3711,0, 1300, False, 0
3712,0, 1300, False, 0
3713,0, 1300, False, 0
3714,0, 1300, False, 0
3715,0, 1300, False, 0
3716,0, 1300, False, 0
3717,10, 1310, False, 0
3718,0, 1310, False, 0
3719,0, 1310, False, 0
3720,0, 1310, False, 3
3721,0, 1310, False, 3
3722,0, 1310, False, 3
3723,0, 1310, False, 3
3724,0, 1310, False, 3
3725,0, 1310, False, 3
3726,0, 1310, False, 3
3727,0, 1310, False, 3
3728,0, 1310, False, 3
3729,0, 1310, False, 3
3730,0, 1310, False, 3
3731,10, 1320, False, 0
3732,0, 1320, False, 0
3733,0, 1320, False, 0
3734,0, 1320, False, 0
3735,0, 1320, False, 0
3736,0, 1320, False, 0
3737,0, 1320, False, 0
3738,0, 1320, False, 0
3739,0, 1320, False, 0
3740,0, 1320, False, 0
3741,0, 1320, False, 0
3742,0, 1320, False, 0
3743,0, 1320, False, 0
3744,0, 1320, False, 0
3745,10, 1330, False, 0
3746,0, 1330, False, 0
3747,0, 1330, False, 0
3748,0, 1330, False, 0
3749,0, 1330, False, 0
3750,0, 1330, False, 0
3751,0, 1330, False, 0
3752,0, 1330, False, 0
3753,0, 1330, False, 0
3754,0, 1330, False, 0
3755,0, 1330, False, 0
3756,0, 1330, False, 0
3757,0, 1330, False, 0
3758,0, 1330, False, 0
3759,0, 1330, False, 0
3760,0, 1330, False, 0
3761,0, 1330, False, 0
3762,0, 1330, False, 0
3763,0, 1330, False, 0
3764,0, 1330, False, 0
3765,0, 1330, False, 0
3766,0, 1330, False, 0
3767,0, 1330, False, 0
3768,0, 1330, False, 0
3769,0, 1330, False, 0
3770,0, 1330, False, 0
3771,0, 1330, False, 0
3772,0, 1330, False, 0
3773,0, 1330, False, 0
3774,0, 1330, False, 0
3775,0, 1330, False, 4
3776,0, 1330, False, 4
3777,0, 1330, False, 4
3778,0, 1330, False, 4
3779,0, 1330, False, 4
3780,0, 1330, False, 4
3781,0, 1330, False, 4
3782,0, 1330, False, 4
3783,0, 1330, False, 4
3784,0, 1330, False, 4
3785,0, 1330, False, 0
3786,0, 1330, False, 0
3787,0, 1330, False, 0
3788,0, 1330, False, 0
3789,0, 1330, False, 0
3790,0, 1330, False, 0
3791,0, 1330, False, 0
3792,0, 1330, False, 0
3793,0, 1330, False, 0
3794,0, 1330, False, 0
3795,0, 1330, False, 0
3796,0, 1330, False, 0
3797,0, 1330, False, 0
3798,0, 1330, False, 0
3799,0, 1330, False, 0
3800,0, 1330, False, 0
3801,0, 1330, False, 0
3802,0, 1330, False, 0
3803,0, 1330, False, 0
3804,0, 1330, False, 0
3805,0, 1330, False, 0
3806,0, 1330, False, 0
3807,0, 1330, False, 0
3808,0, 1330, False, 0
3809,0, 1330, False, 0
3810,0, 1330, False, 0
3811,0, 1330, False, 0
3812,0, 1330, False, 0
3813,0, 1330, False, 0
3814,0, 1330, False, 0
3815,0, 1330, False, 0
3816,0, 1330, False, 0
3817,0, 1330, False, 0
3818,0, 1330, False, 0
3819,0, 1330, False, 0
3820,0, 1330, False, 5
3821,0, 1330, False, 5
3822,0, 1330, False, 5
3823,0, 1330, False, 5
3824,0, 1330, False, 5
3825,0, 1330, False, 5
3826,0, 1330, False, 5
3827,0, 1330, False, 5
3828,0, 1330, False, 0
3829,0, 1330, False, 0
3830,0, 1330, False, 0
3831,0, 1330, False, 0
3832,0, 1330, False, 0
3833,0, 1330, False, 0
3834,0, 1330, False, 0
3835,0, 1330, False, 0
3836,0, 1330, False, 0
3837,0, 1330, False, 0
3838,0, 1330, False, 0
3839,0, 1330, False, 0
3840,0, 1330, False, 0
3841,0, 1330, False, 0
3842,0, 1330, False, 0
3843,0, 1330, False, 0
3844,0, 1330, False, 0
3845,0, 1330, False, 4
3846,0, 1330, False, 4
3847,0, 1330, False, 4
3848,0, 1330, False, 4
3849,0, 1330, False, 4
3850,0, 1330, False, 4
3851,0, 1330, False, 4
3852,0, 1330, False, 0
3853,0, 1330, False, 0
3854,0, 1330, False, 0
3855,0, 1330, False, 0
3856,0, 1330, False, 0
3857,0, 1330, False, 0
3858,0, 1330, False, 0
3859,0, 1330, False, 0
3860,0, 1330, False, 0
3861,0, 1330, False, 0
3862,0, 1330, False, 0
3863,0, 1330, False, 0
3864,0, 1330, False, 0
3865,0, 1330, False, 0
3866,0, 1330, False, 0
3867,0, 1330, False, 0
3868,0, 1330, False, 0
3869,0, 1330, False, 0
3870,0, 1330, False, 0
3871,0, 1330, False, 0
3872,0, 1330, False, 0
3873,0, 1330, False, 0
3874,0, 1330, False, 0
3875,0, 1330, False, 0
3876,0, 1330, False, 0
3877,0, 1330, False, 0
3878,0, 1330, False, 0
3879,0, 1330, False, 0
3880,0, 1330, False, 0
3881,0, 1330, False, 0
3882,0, 1330, False, 3
3883,0, 1330, False, 3
3884,0, 1330, False, 3
3885,0, 1330, False, 3
3886,0, 1330, False, 3
3887,0, 1330, False, 3
3888,0, 1330, False, 3
3889,0, 1330, False, 3
3890,0, 1330, False, 3
3891,0, 1330, False, 0
3892,0, 1330, False, 0
3893,0, 1330, False, 0
3894,0, 1330, False, 0
3895,0, 1330, False, 0
3896,0, 1330, False, 0
3897,0, 1330, False, 0
3898,0, 1330, False, 0
3899,0, 1330, False, 0
3900,0, 1330, False, 0
3901,0, 1330, False, 0
3902,0, 1330, False, 0
3903,0, 1330, False, 0
3904,0, 1330, False, 0
3905,0, 1330, False, 0
3906,0, 1330, False, 0
3907,0, 1330, False, 0
3908,0, 1330, False, 0
3909,0, 1330, False, 0
3910,0, 1330, False, 0
3911,0, 1330, False, 0
3912,0, 1330, False, 0
3913,0, 1330, False, 0
3914,0, 1330, False, 0
3915,0, 1330, False, 0
3916,0, 1330, False, 0
3917,0, 1330, False, 0
3918,0, 1330, False, 0
3919,0, 1330, False, 0
3920,0, 1330, False, 0
3921,0, 1330, False, 0
3922,0, 1330, False, 0
3923,0, 1330, False, 0
3924,0, 1330, False, 0
3925,0, 1330, False, 0
3926,0, 1330, False, 0
3927,0, 1330, False, 0
3928,0, 1330, False, 0
3929,0, 1330, False, 0
3930,0, 1330, False, 0
3931,0, 1330, False, 0
3932,0, 1330, False, 0
3933,0, 1330, False, 0
3934,0, 1330, False, 0
3935,0, 1330, False, 0
3936,0, 1330, False, 0
3937,0, 1330, False, 0
3938,0, 1330, False, 0
3939,0, 1330, False, 0
3940,0, 1330, False, 0
3941,0, 1330, False, 0
3942,0, 1330, False, 0
3943,0, 1330, False, 0
3944,0, 1330, False, 0
3945,0, 1330, False, 0
3946,0, 1330, False, 0
3947,0, 1330, False, 0
3948,0, 1330, False, 0
3949,0, 1330, False, 0
3950,0, 1330, False, 0
3951,0, 1330, False, 0
3952,0, 1330, False, 0
3953,0, 1330, False, 0
3954,0, 1330, False, 0
3955,0, 1330, False, 0
3956,0, 1330, False, 0
3957,0, 1330, False, 0
3958,0, 1330, False, 0
3959,0, 1330, False, 0
3960,0, 1330, False, 0
3961,0, 1330, False, 0
3962,0, 1330, False, 0
3963,0, 1330, False, 0
3964,0, 1330, False, 0
3965,0, 1330, False, 0
3966,0, 1330, False, 4
3967,0, 1330, False, 4
3968,0, 1330, False, 4
3969,0, 1330, False, 4
3970,0, 1330, False, 4
3971,0, 1330, False, 0
3972,0, 1330, False, 0
3973,0, 1330, False, 0
3974,0, 1330, False, 0
3975,0, 1330, False, 0
3976,0, 1330, False, 0
3977,0, 1330, False, 0
3978,0, 1330, False, 0
3979,0, 1330, False, 0
3980,0, 1330, False, 0
3981,0, 1330, False, 0
3982,0, 1330, False, 0
3983,0, 1330, False, 0
3984,0, 1330, False, 0
3985,0, 1330, False, 0
3986,0, 1330, False, 0
3987,0, 1330, False, 0
3988,0, 1330, False, 0
3989,0, 1330, False, 0
3990,0, 1330, False, 0
3991,0, 1330, False, 0
3992,0, 1330, False, 0
3993,0, 1330, False, 0
3994,0, 1330, False, 0
3995,0, 1330, False, 0
3996,0, 1330, False, 0
3997,0, 1330, False, 0
3998,0, 1330, False, 0
3999,0, 1330, False, 0
4000,0, 1330, False, 0
4001,0, 1330, False, 0
4002,0, 1330, False, 0
4003,0, 1330, False, 0
4004,0, 1330, False, 0
4005,0, 1330, False, 0
4006,0, 1330, False, 0
4007,0, 1330, False, 0
4008,0, 1330, False, 0
4009,0, 1330, False, 3
4010,0, 1330, False, 3
4011,0, 1330, False, 3
4012,0, 1330, False, 3
4013,0, 1330, False, 3
4014,0, 1330, False, 3
4015,0, 1330, False, 0
4016,0, 1330, False, 0
4017,0, 1330, False, 0
4018,0, 1330, False, 0
4019,0, 1330, False, 0
4020,0, 1330, False, 0
4021,0, 1330, False, 0
4022,0, 1330, False, 0
4023,0, 1330, False, 0
4024,0, 1330, False, 0
4025,0, 1330, False, 4
4026,0, 1330, False, 4
4027,0, 1330, False, 4
4028,0, 1330, False, 4
4029,0, 1330, False, 4
4030,0, 1330, False, 4
4031,0, 1330, False, 4
4032,0, 1330, False, 4
4033,0, 1330, False, 4
4034,0, 1330, False, 4
4035,0, 1330, False, 4
4036,0, 1330, False, 4
4037,0, 1330, False, 4
4038,0, 1330, False, 4
4039,0, 1330, False, 4
4040,0, 1330, False, 4
4041,0, 1330, False, 4
4042,0, 1330, False, 4
4043,0, 1330, False, 4
4044,0, 1330, False, 0
4045,0, 1330, False, 0
4046,0, 1330, False, 0
4047,0, 1330, False, 0
4048,0, 1330, False, 0
4049,0, 1330, False, 0
4050,0, 1330, False, 0
4051,0, 1330, False, 0
4052,0, 1330, False, 0
4053,0, 1330, False, 0
4054,0, 1330, False, 0
4055,0, 1330, False, 0
4056,0, 1330, False, 0
4057,0, 1330, False, 0
4058,0, 1330, False, 0
4059,0, 1330, False, 0
4060,0, 1330, False, 0
4061,0, 1330, False, 0
4062,0, 1330, False, 0
4063,0, 1330, False, 0
4064,0, 1330, False, 0
4065,0, 1330, False, 0
4066,0, 1330, False, 0
4067,0, 1330, False, 0
4068,0, 1330, False, 0
4069,0, 1330, False, 0
4070,0, 1330, False, 0
4071,0, 1330, False, 0
4072,0, 1330, False, 0
4073,0, 1330, False, 0
4074,0, 1330, False, 2
4075,0, 1330, False, 2
4076,0, 1330, False, 2
4077,0, 1330, False, 2
4078,0, 1330, False, 2
4079,0, 1330, False, 2
4080,0, 1330, False, 2
4081,0, 1330, False, 2
4082,0, 1330, False, 2
4083,0, 1330, False, 2
4084,0, 1330, False, 0
4085,0, 1330, False, 0
4086,0, 1330, False, 0
4087,0, 1330, False, 0
4088,0, 1330, False, 0
4089,0, 1330, False, 0
4090,0, 1330, False, 0
4091,0, 1330, False, 0
4092,0, 1330, False, 0
4093,0, 1330, False, 0
4094,0, 1330, False, 0
4095,0, 1330, False, 0
4096,0, 1330, False, 0
4097,0, 1330, False, 0
4098,0, 1330, False, 0
4099,0, 1330, False, 0
4100,0, 1330, False, 0
4101,0, 1330, False, 0
4102,0, 1330, False, 0
4103,0, 1330, False, 0
4104,0, 1330, False, 0
4105,0, 1330, False, 0
4106,0, 1330, False, 0
4107,0, 1330, False, 0
4108,0, 1330, False, 4
4109,0, 1330, False, 4
4110,0, 1330, False, 4
4111,0, 1330, False, 4
4112,0, 1330, False, 0
4113,0, 1330, False, 0
4114,0, 1330, False, 0
4115,0, 1330, False, 0
4116,0, 1330, False, 0
4117,0, 1330, False, 0
4118,0, 1330, False, 0
4119,0, 1330, False, 0
4120,0, 1330, False, 0
4121,0, 1330, False, 0
4122,0, 1330, False, 0
4123,0, 1330, False, 0
4124,0, 1330, False, 0
4125,0, 1330, False, 0
4126,0, 1330, False, 4
4127,0, 1330, False, 4
4128,0, 1330, False, 4
4129,0, 1330, False, 4
4130,0, 1330, False, 4
4131,0, 1330, False, 0
4132,0, 1330, False, 0
4133,0, 1330, False, 0
4134,0, 1330, False, 0
4135,0, 1330, False, 0
4136,0, 1330, False, 0
4137,0, 1330, False, 0
4138,0, 1330, False, 0
4139,0, 1330, False, 0
4140,0, 1330, False, 0
4141,0, 1330, False, 0
4142,0, 1330, False, 0
4143,0, 1330, False, 0
4144,0, 1330, False, 0
4145,0, 1330, False, 0
4146,0, 1330, False, 0
4147,0, 1330, False, 0
4148,0, 1330, False, 4
4149,0, 1330, False, 4
4150,0, 1330, False, 4
4151,0, 1330, False, 4
4152,0, 1330, False, 0
4153,0, 1330, False, 0
4154,0, 1330, False, 0
4155,0, 1330, False, 0
4156,0, 1330, False, 5
4157,0, 1330, False, 5
4158,0, 1330, False, 5
4159,0, 1330, False, 5
4160,0, 1330, False, 5
4161,0, 1330, False, 5
4162,0, 1330, False, 5
4163,0, 1330, False, 5
4164,0, 1330, False, 5
4165,0, 1330, False, 0
4166,0, 1330, False, 0
4167,0, 1330, False, 0
4168,0, 1330, False, 0
4169,0, 1330, False, 0
4170,0, 1330, False, 0
4171,0, 1330, False, 0
4172,0, 1330, False, 0
4173,0, 1330, False, 4
4174,0, 1330, False, 4
4175,0, 1330, False, 4
4176,0, 1330, False, 4
4177,0, 1330, False, 4
4178,0, 1330, False, 4
4179,0, 1330, False, 4
4180,0, 1330, False, 0
4181,0, 1330, False, 0
4182,0, 1330, False, 0
4183,0, 1330, False, 0
4184,0, 1330, False, 0
4185,0, 1330, False, 0
4186,0, 1330, False, 0
4187,0, 1330, False, 0
4188,0, 1330, False, 0
4189,0, 1330, False, 0
4190,0, 1330, False, 0
4191,0, 1330, False, 0
4192,0, 1330, False, 0
4193,0, 1330, False, 0
4194,0, 1330, False, 0
4195,0, 1330, False, 0
4196,0, 1330, False, 0
4197,0, 1330, False, 0
4198,0, 1330, False, 0
4199,0, 1330, False, 0
4200,0, 1330, False, 0
4201,0, 1330, False, 0
4202,0, 1330, False, 0
4203,0, 1330, False, 0
4204,0, 1330, False, 0
4205,0, 1330, False, 0
4206,0, 1330, False, 0
4207,0, 1330, False, 3
4208,0, 1330, False, 3
4209,0, 1330, False, 3
4210,0, 1330, False, 3
4211,0, 1330, False, 3
4212,0, 1330, False, 3
4213,0, 1330, False, 3
4214,0, 1330, False, 0
4215,0, 1330, False, 0
4216,0, 1330, False, 0
4217,0, 1330, False, 0
4218,0, 1330, False, 0
4219,0, 1330, False, 0
4220,0, 1330, False, 0
4221,0, 1330, False, 0
4222,0, 1330, False, 0
4223,0, 1330, False, 0
4224,0, 1330, False, 0
4225,0, 1330, False, 0
4226,0, 1330, False, 0
4227,0, 1330, False, 0
4228,0, 1330, False, 0
4229,0, 1330, False, 0
4230,0, 1330, False, 3
4231,0, 1330, False, 3
4232,0, 1330, False, 3
4233,0, 1330, False, 3
4234,0, 1330, False, 3
4235,0, 1330, False, 3
4236,0, 1330, False, 3
4237,0, 1330, False, 0
4238,0, 1330, False, 0
4239,0, 1330, False, 0
4240,0, 1330, False, 0
4241,0, 1330, False, 0
4242,0, 1330, False, 0
4243,0, 1330, False, 0
4244,0, 1330, False, 0
4245,0, 1330, False, 0
4246,0, 1330, False, 0
4247,0, 1330, False, 0
4248,0, 1330, False, 0
4249,0, 1330, False, 0
4250,0, 1330, False, 0
4251,0, 1330, False, 0
4252,0, 1330, False, 0
4253,0, 1330, False, 0
4254,0, 1330, False, 0
4255,0, 1330, False, 0
4256,0, 1330, False, 0
4257,0, 1330, False, 0
4258,0, 1330, False, 0
4259,0, 1330, False, 0
4260,0, 1330, False, 0
4261,0, 1330, False, 0
4262,0, 1330, False, 0
4263,0, 1330, False, 0
4264,0, 1330, False, 0
4265,0, 1330, False, 0
4266,0, 1330, False, 0
4267,0, 1330, False, 0
4268,0, 1330, False, 0
4269,0, 1330, False, 0
4270,0, 1330, False, 0
4271,0, 1330, False, 0
4272,0, 1330, False, 0
4273,0, 1330, False, 0
4274,0, 1330, False, 0
4275,0, 1330, False, 0
4276,0, 1330, False, 0
4277,0, 1330, False, 0
4278,0, 1330, False, 0
4279,0, 1330, False, 2
4280,0, 1330, False, 2
4281,0, 1330, False, 2
4282,0, 1330, False, 2
4283,0, 1330, False, 2
4284,0, 1330, False, 2
4285,0, 1330, False, 2
4286,0, 1330, False, 2
4287,0, 1330, False, 2
4288,0, 1330, False, 2
4289,0, 1330, False, 2
4290,0, 1330, False, 2
4291,0, 1330, False, 2
4292,0, 1330, False, 0
4293,0, 1330, False, 0
4294,0, 1330, False, 0
4295,0, 1330, False, 0
4296,0, 1330, False, 0
4297,0, 1330, False, 0
4298,0, 1330, False, 0
4299,0, 1330, False, 0
4300,0, 1330, False, 0
4301,0, 1330, False, 0
4302,0, 1330, False, 0
4303,0, 1330, False, 0
4304,0, 1330, False, 0
4305,0, 1330, False, 0
4306,0, 1330, False, 0
4307,0, 1330, False, 0
4308,0, 1330, False, 0
4309,0, 1330, False, 0
4310,0, 1330, False, 0
4311,0, 1330, False, 0
4312,0, 1330, False, 2
4313,0, 1330, False, 2
4314,0, 1330, False, 2
4315,0, 1330, False, 2
4316,0, 1330, False, 2
4317,0, 1330, False, 2
4318,0, 1330, False, 2
4319,0, 1330, False, 0
4320,0, 1330, False, 0
4321,0, 1330, False, 0
4322,0, 1330, False, 0
4323,0, 1330, False, 0
4324,0, 1330, False, 0
4325,0, 1330, False, 0
4326,0, 1330, False, 0
4327,0, 1330, False, 0
4328,0, 1330, False, 0
4329,0, 1330, False, 0
4330,0, 1330, False, 0
4331,0, 1330, False, 0
4332,0, 1330, False, 0
4333,0, 1330, False, 0
4334,0, 1330, False, 0
4335,0, 1330, False, 0
4336,0, 1330, False, 0
4337,0, 1330, False, 0
4338,0, 1330, False, 0
4339,0, 1330, False, 0
4340,0, 1330, False, 0
4341,0, 1330, False, 0
4342,0, 1330, False, 0
4343,0, 1330, False, 0
4344,0, 1330, False, 0
4345,0, 1330, False, 0
4346,0, 1330, False, 0
4347,0, 1330, False, 2
4348,0, 1330, False, 2
4349,0, 1330, False, 2
4350,0, 1330, False, 2
4351,0, 1330, False, 2
4352,0, 1330, False, 2
4353,0, 1330, False, 2
4354,0, 1330, False, 2
4355,0, 1330, False, 2
4356,0, 1330, False, 2
4357,0, 1330, False, 0
4358,0, 1330, False, 0
4359,0, 1330, False, 0
4360,0, 1330, False, 0
4361,0, 1330, False, 0
4362,0, 1330, False, 0
4363,0, 1330, False, 0
4364,0, 1330, False, 0
4365,0, 1330, False, 0
4366,0, 1330, False, 0
4367,0, 1330, False, 0
4368,0, 1330, False, 0
4369,0, 1330, False, 0
4370,0, 1330, False, 0
4371,0, 1330, False, 0
4372,0, 1330, False, 0
4373,0, 1330, False, 0
4374,0, 1330, False, 0
4375,0, 1330, False, 0
4376,0, 1330, False, 0
4377,0, 1330, False, 0
4378,0, 1330, False, 0
4379,0, 1330, False, 0
4380,0, 1330, False, 0
4381,0, 1330, False, 0
4382,0, 1330, False, 0
4383,0, 1330, False, 0
4384,0, 1330, False, 0
4385,0, 1330, False, 0
4386,0, 1330, False, 0
4387,0, 1330, False, 0
4388,0, 1330, False, 0
4389,0, 1330, False, 0
4390,0, 1330, False, 0
4391,0, 1330, False, 0
4392,0, 1330, False, 0
4393,0, 1330, False, 0
4394,0, 1330, False, 0
4395,0, 1330, False, 0
4396,0, 1330, False, 0
4397,0, 1330, False, 0
4398,0, 1330, False, 0
4399,0, 1330, False, 0
4400,0, 1330, False, 0
4401,0, 1330, False, 0
4402,0, 1330, False, 0
4403,0, 1330, False, 0
4404,0, 1330, False, 0
4405,0, 1330, False, 0
4406,0, 1330, False, 0
4407,0, 1330, False, 0
4408,0, 1330, False, 0
4409,0, 1330, False, 0
4410,0, 1330, False, 0
4411,0, 1330, False, 0
4412,0, 1330, False, 0
4413,0, 1330, False, 0
4414,0, 1330, False, 0
4415,0, 1330, False, 0
4416,0, 1330, False, 0
4417,0, 1330, False, 0
4418,0, 1330, False, 0
4419,0, 1330, False, 0
4420,0, 1330, False, 0
4421,0, 1330, False, 0
4422,0, 1330, False, 0
4423,0, 1330, False, 0
4424,0, 1330, False, 0
4425,0, 1330, False, 0
4426,0, 1330, False, 0
4427,0, 1330, False, 0
4428,0, 1330, False, 0
4429,0, 1330, False, 0
4430,0, 1330, False, 0
4431,0, 1330, True, 0
