db traj id : 1941
frame,reward,score,terminal, action
0,0, 0, False, 0
1,0, 0, False, 0
2,0, 0, False, 0
3,0, 0, False, 0
4,0, 0, False, 0
5,0, 0, False, 0
6,0, 0, False, 0
7,0, 0, False, 0
8,0, 0, False, 0
9,0, 0, False, 0
10,0, 0, False, 0
11,0, 0, False, 0
12,0, 0, False, 0
13,0, 0, False, 0
14,0, 0, False, 0
15,0, 0, False, 0
16,0, 0, False, 0
17,0, 0, False, 0
18,0, 0, False, 0
19,0, 0, False, 0
20,0, 0, False, 0
21,0, 0, False, 0
22,0, 0, False, 0
23,0, 0, False, 0
24,0, 0, False, 0
25,0, 0, False, 0
26,0, 0, False, 0
27,0, 0, False, 0
28,0, 0, False, 0
29,0, 0, False, 0
30,0, 0, False, 0
31,0, 0, False, 0
32,0, 0, False, 0
33,0, 0, False, 0
34,0, 0, False, 0
35,0, 0, False, 0
36,0, 0, False, 0
37,0, 0, False, 0
38,0, 0, False, 0
39,0, 0, False, 0
40,0, 0, False, 0
41,0, 0, False, 0
42,0, 0, False, 0
43,0, 0, False, 0
44,0, 0, False, 0
45,0, 0, False, 0
46,0, 0, False, 0
47,0, 0, False, 0
48,0, 0, False, 0
49,0, 0, False, 0
50,0, 0, False, 0
51,0, 0, False, 0
52,0, 0, False, 0
53,0, 0, False, 0
54,0, 0, False, 0
55,0, 0, False, 0
56,0, 0, False, 0
57,0, 0, False, 0
58,0, 0, False, 0
59,0, 0, False, 0
60,0, 0, False, 0
61,0, 0, False, 0
62,0, 0, False, 0
63,0, 0, False, 0
64,0, 0, False, 0
65,0, 0, False, 0
66,0, 0, False, 0
67,0, 0, False, 0
68,0, 0, False, 0
69,0, 0, False, 0
70,0, 0, False, 0
71,0, 0, False, 0
72,0, 0, False, 0
73,0, 0, False, 0
74,0, 0, False, 0
75,0, 0, False, 0
76,0, 0, False, 0
77,0, 0, False, 0
78,0, 0, False, 0
79,0, 0, False, 0
80,0, 0, False, 0
81,0, 0, False, 0
82,0, 0, False, 0
83,0, 0, False, 0
84,0, 0, False, 0
85,0, 0, False, 0
86,0, 0, False, 0
87,0, 0, False, 0
88,0, 0, False, 0
89,0, 0, False, 0
90,0, 0, False, 0
91,0, 0, False, 0
92,0, 0, False, 0
93,0, 0, False, 0
94,0, 0, False, 0
95,0, 0, False, 0
96,0, 0, False, 0
97,0, 0, False, 0
98,0, 0, False, 0
99,0, 0, False, 0
100,0, 0, False, 0
101,0, 0, False, 0
102,0, 0, False, 0
103,0, 0, False, 0
104,0, 0, False, 0
105,0, 0, False, 0
106,0, 0, False, 0
107,0, 0, False, 0
108,0, 0, False, 0
109,0, 0, False, 0
110,0, 0, False, 0
111,0, 0, False, 0
112,0, 0, False, 0
113,0, 0, False, 0
114,0, 0, False, 0
115,0, 0, False, 0
116,0, 0, False, 0
117,0, 0, False, 0
118,0, 0, False, 0
119,0, 0, False, 0
120,0, 0, False, 0
121,0, 0, False, 0
122,0, 0, False, 0
123,0, 0, False, 0
124,0, 0, False, 0
125,0, 0, False, 0
126,0, 0, False, 0
127,0, 0, False, 0
128,0, 0, False, 0
129,0, 0, False, 0
130,0, 0, False, 0
131,0, 0, False, 0
132,0, 0, False, 0
133,0, 0, False, 0
134,0, 0, False, 0
135,0, 0, False, 0
136,0, 0, False, 0
137,0, 0, False, 0
138,0, 0, False, 0
139,0, 0, False, 0
140,0, 0, False, 0
141,0, 0, False, 0
142,0, 0, False, 0
143,0, 0, False, 0
144,0, 0, False, 0
145,0, 0, False, 0
146,0, 0, False, 0
147,0, 0, False, 0
148,0, 0, False, 0
149,0, 0, False, 0
150,0, 0, False, 0
151,0, 0, False, 0
152,0, 0, False, 0
153,0, 0, False, 0
154,0, 0, False, 0
155,0, 0, False, 0
156,0, 0, False, 0
157,0, 0, False, 0
158,0, 0, False, 0
159,0, 0, False, 0
160,0, 0, False, 0
161,0, 0, False, 0
162,0, 0, False, 0
163,0, 0, False, 0
164,0, 0, False, 0
165,0, 0, False, 0
166,0, 0, False, 0
167,0, 0, False, 0
168,0, 0, False, 0
169,0, 0, False, 0
170,0, 0, False, 0
171,0, 0, False, 0
172,0, 0, False, 0
173,0, 0, False, 0
174,0, 0, False, 0
175,0, 0, False, 0
176,0, 0, False, 0
177,0, 0, False, 0
178,0, 0, False, 0
179,0, 0, False, 0
180,0, 0, False, 0
181,0, 0, False, 0
182,0, 0, False, 0
183,0, 0, False, 0
184,0, 0, False, 0
185,0, 0, False, 0
186,0, 0, False, 0
187,0, 0, False, 0
188,0, 0, False, 0
189,0, 0, False, 0
190,0, 0, False, 0
191,0, 0, False, 0
192,0, 0, False, 0
193,0, 0, False, 0
194,0, 0, False, 0
195,0, 0, False, 0
196,0, 0, False, 0
197,0, 0, False, 0
198,0, 0, False, 0
199,0, 0, False, 0
200,0, 0, False, 0
201,0, 0, False, 0
202,0, 0, False, 0
203,0, 0, False, 0
204,0, 0, False, 0
205,0, 0, False, 0
206,0, 0, False, 0
207,0, 0, False, 0
208,0, 0, False, 0
209,0, 0, False, 0
210,0, 0, False, 0
211,0, 0, False, 0
212,0, 0, False, 0
213,0, 0, False, 0
214,0, 0, False, 0
215,0, 0, False, 0
216,0, 0, False, 0
217,0, 0, False, 0
218,0, 0, False, 0
219,0, 0, False, 0
220,0, 0, False, 0
221,0, 0, False, 0
222,0, 0, False, 0
223,0, 0, False, 0
224,0, 0, False, 0
225,0, 0, False, 0
226,0, 0, False, 0
227,0, 0, False, 0
228,0, 0, False, 0
229,0, 0, False, 0
230,0, 0, False, 0
231,0, 0, False, 0
232,0, 0, False, 0
233,0, 0, False, 0
234,0, 0, False, 0
235,0, 0, False, 0
236,0, 0, False, 0
237,0, 0, False, 0
238,0, 0, False, 0
239,0, 0, False, 0
240,0, 0, False, 0
241,0, 0, False, 0
242,0, 0, False, 0
243,0, 0, False, 0
244,0, 0, False, 0
245,0, 0, False, 0
246,0, 0, False, 0
247,0, 0, False, 0
248,0, 0, False, 0
249,0, 0, False, 0
250,0, 0, False, 4
251,0, 0, False, 4
252,0, 0, False, 4
253,0, 0, False, 4
254,0, 0, False, 4
255,0, 0, False, 4
256,0, 0, False, 4
257,0, 0, False, 4
258,0, 0, False, 4
259,0, 0, False, 4
260,0, 0, False, 4
261,0, 0, False, 4
262,0, 0, False, 4
263,0, 0, False, 4
264,0, 0, False, 4
265,0, 0, False, 4
266,0, 0, False, 4
267,0, 0, False, 4
268,0, 0, False, 4
269,10, 10, False, 4
270,0, 10, False, 4
271,0, 10, False, 4
272,0, 10, False, 4
273,0, 10, False, 4
274,0, 10, False, 4
275,0, 10, False, 4
276,0, 10, False, 4
277,0, 10, False, 4
278,0, 10, False, 4
279,0, 10, False, 9
280,0, 10, False, 5
281,0, 10, False, 5
282,0, 10, False, 5
283,10, 20, False, 5
284,0, 20, False, 5
285,0, 20, False, 5
286,0, 20, False, 5
287,0, 20, False, 5
288,0, 20, False, 5
289,0, 20, False, 5
290,0, 20, False, 5
291,0, 20, False, 5
292,0, 20, False, 0
293,0, 20, False, 0
294,0, 20, False, 0
295,10, 30, False, 0
296,0, 30, False, 0
297,0, 30, False, 0
298,0, 30, False, 0
299,0, 30, False, 0
300,0, 30, False, 0
301,0, 30, False, 0
302,0, 30, False, 0
303,0, 30, False, 0
304,0, 30, False, 0
305,0, 30, False, 0
306,0, 30, False, 0
307,0, 30, False, 0
308,0, 30, False, 0
309,10, 40, False, 0
310,0, 40, False, 0
311,0, 40, False, 0
312,0, 40, False, 0
313,0, 40, False, 0
314,0, 40, False, 0
315,0, 40, False, 0
316,0, 40, False, 0
317,0, 40, False, 0
318,0, 40, False, 0
319,0, 40, False, 0
320,0, 40, False, 0
321,0, 40, False, 0
322,0, 40, False, 0
323,10, 50, False, 0
324,0, 50, False, 0
325,0, 50, False, 0
326,0, 50, False, 0
327,0, 50, False, 0
328,0, 50, False, 0
329,0, 50, False, 0
330,0, 50, False, 0
331,0, 50, False, 0
332,0, 50, False, 0
333,0, 50, False, 0
334,0, 50, False, 0
335,0, 50, False, 0
336,0, 50, False, 0
337,10, 60, False, 0
338,0, 60, False, 0
339,0, 60, False, 0
340,0, 60, False, 0
341,0, 60, False, 0
342,0, 60, False, 0
343,0, 60, False, 0
344,0, 60, False, 0
345,0, 60, False, 0
346,0, 60, False, 0
347,0, 60, False, 4
348,0, 60, False, 4
349,0, 60, False, 4
350,0, 60, False, 4
351,10, 70, False, 4
352,0, 70, False, 4
353,0, 70, False, 4
354,0, 70, False, 4
355,0, 70, False, 4
356,0, 70, False, 4
357,0, 70, False, 4
358,0, 70, False, 4
359,0, 70, False, 4
360,0, 70, False, 4
361,0, 70, False, 4
362,0, 70, False, 4
363,0, 70, False, 4
364,0, 70, False, 4
365,10, 80, False, 4
366,0, 80, False, 4
367,0, 80, False, 4
368,0, 80, False, 4
369,0, 80, False, 4
370,0, 80, False, 4
371,0, 80, False, 4
372,0, 80, False, 0
373,0, 80, False, 0
374,0, 80, False, 0
375,0, 80, False, 0
376,0, 80, False, 0
377,0, 80, False, 0
378,0, 80, False, 0
379,10, 90, False, 0
380,0, 90, False, 0
381,0, 90, False, 0
382,0, 90, False, 0
383,0, 90, False, 0
384,0, 90, False, 0
385,0, 90, False, 0
386,0, 90, False, 0
387,0, 90, False, 0
388,0, 90, False, 0
389,0, 90, False, 0
390,0, 90, False, 0
391,0, 90, False, 0
392,0, 90, False, 0
393,10, 100, False, 0
394,0, 100, False, 0
395,0, 100, False, 0
396,0, 100, False, 0
397,0, 100, False, 0
398,0, 100, False, 0
399,0, 100, False, 0
400,0, 100, False, 0
401,0, 100, False, 0
402,0, 100, False, 0
403,0, 100, False, 0
404,0, 100, False, 0
405,10, 110, False, 0
406,0, 110, False, 0
407,0, 110, False, 0
408,0, 110, False, 0
409,0, 110, False, 0
410,0, 110, False, 0
411,0, 110, False, 0
412,0, 110, False, 0
413,0, 110, False, 0
414,0, 110, False, 0
415,0, 110, False, 0
416,0, 110, False, 0
417,0, 110, False, 0
418,0, 110, False, 0
419,10, 120, False, 0
420,0, 120, False, 0
421,0, 120, False, 0
422,0, 120, False, 0
423,0, 120, False, 0
424,0, 120, False, 0
425,0, 120, False, 0
426,0, 120, False, 0
427,0, 120, False, 0
428,0, 120, False, 0
429,0, 120, False, 0
430,0, 120, False, 0
431,0, 120, False, 0
432,0, 120, False, 0
433,10, 130, False, 0
434,0, 130, False, 0
435,0, 130, False, 0
436,0, 130, False, 0
437,0, 130, False, 0
438,0, 130, False, 0
439,0, 130, False, 0
440,0, 130, False, 0
441,0, 130, False, 0
442,0, 130, False, 0
443,0, 130, False, 0
444,0, 130, False, 0
445,10, 140, False, 0
446,0, 140, False, 0
447,0, 140, False, 0
448,0, 140, False, 0
449,0, 140, False, 0
450,0, 140, False, 0
451,0, 140, False, 0
452,0, 140, False, 0
453,0, 140, False, 0
454,0, 140, False, 0
455,0, 140, False, 0
456,0, 140, False, 0
457,0, 140, False, 0
458,0, 140, False, 0
459,0, 140, False, 0
460,0, 140, False, 0
461,0, 140, False, 0
462,0, 140, False, 0
463,0, 140, False, 0
464,0, 140, False, 0
465,0, 140, False, 0
466,0, 140, False, 0
467,0, 140, False, 0
468,0, 140, False, 0
469,0, 140, False, 0
470,0, 140, False, 0
471,0, 140, False, 0
472,0, 140, False, 0
473,0, 140, False, 0
474,0, 140, False, 0
475,0, 140, False, 0
476,0, 140, False, 0
477,0, 140, False, 0
478,0, 140, False, 0
479,0, 140, False, 0
480,0, 140, False, 0
481,0, 140, False, 0
482,0, 140, False, 0
483,0, 140, False, 0
484,0, 140, False, 0
485,0, 140, False, 0
486,0, 140, False, 0
487,0, 140, False, 0
488,0, 140, False, 0
489,0, 140, False, 0
490,0, 140, False, 0
491,0, 140, False, 0
492,0, 140, False, 0
493,0, 140, False, 0
494,0, 140, False, 0
495,0, 140, False, 0
496,0, 140, False, 0
497,0, 140, False, 0
498,0, 140, False, 0
499,0, 140, False, 0
500,0, 140, False, 0
501,0, 140, False, 0
502,0, 140, False, 0
503,0, 140, False, 0
504,0, 140, False, 0
505,0, 140, False, 0
506,0, 140, False, 0
507,0, 140, False, 0
508,0, 140, False, 0
509,0, 140, False, 0
510,0, 140, False, 0
511,0, 140, False, 0
512,0, 140, False, 0
513,0, 140, False, 0
514,0, 140, False, 0
515,0, 140, False, 0
516,0, 140, False, 0
517,0, 140, False, 0
518,0, 140, False, 0
519,0, 140, False, 0
520,0, 140, False, 0
521,0, 140, False, 0
522,0, 140, False, 0
523,0, 140, False, 0
524,0, 140, False, 0
525,0, 140, False, 0
526,0, 140, False, 0
527,0, 140, False, 0
528,0, 140, False, 0
529,0, 140, False, 0
530,0, 140, False, 0
531,0, 140, False, 0
532,0, 140, False, 0
533,0, 140, False, 0
534,0, 140, False, 0
535,0, 140, False, 0
536,0, 140, False, 0
537,0, 140, False, 0
538,0, 140, False, 0
539,0, 140, False, 0
540,0, 140, False, 0
541,0, 140, False, 0
542,0, 140, False, 0
543,0, 140, False, 0
544,0, 140, False, 0
545,0, 140, False, 0
546,0, 140, False, 0
547,0, 140, False, 0
548,0, 140, False, 0
549,0, 140, False, 0
550,0, 140, False, 0
551,0, 140, False, 0
552,0, 140, False, 0
553,0, 140, False, 0
554,0, 140, False, 0
555,0, 140, False, 0
556,0, 140, False, 0
557,0, 140, False, 0
558,0, 140, False, 0
559,0, 140, False, 0
560,0, 140, False, 0
561,0, 140, False, 0
562,0, 140, False, 0
563,0, 140, False, 0
564,0, 140, False, 0
565,0, 140, False, 0
566,0, 140, False, 0
567,0, 140, False, 0
568,0, 140, False, 0
569,0, 140, False, 0
570,0, 140, False, 0
571,0, 140, False, 0
572,0, 140, False, 0
573,0, 140, False, 0
574,0, 140, False, 0
575,0, 140, False, 0
576,0, 140, False, 0
577,0, 140, False, 0
578,0, 140, False, 0
579,0, 140, False, 0
580,0, 140, False, 0
581,0, 140, False, 0
582,0, 140, False, 0
583,0, 140, False, 0
584,0, 140, False, 0
585,0, 140, False, 0
586,0, 140, False, 0
587,0, 140, False, 0
588,0, 140, False, 0
589,0, 140, False, 0
590,0, 140, False, 0
591,0, 140, False, 0
592,0, 140, False, 0
593,0, 140, False, 0
594,0, 140, False, 0
595,0, 140, False, 0
596,0, 140, False, 0
597,0, 140, False, 0
598,0, 140, False, 0
599,0, 140, False, 0
600,0, 140, False, 0
601,0, 140, False, 0
602,0, 140, False, 0
603,0, 140, False, 0
604,0, 140, False, 0
605,0, 140, False, 0
606,0, 140, False, 0
607,0, 140, False, 0
608,0, 140, False, 0
609,0, 140, False, 0
610,0, 140, False, 0
611,0, 140, False, 0
612,0, 140, False, 0
613,0, 140, False, 0
614,0, 140, False, 0
615,0, 140, False, 0
616,0, 140, False, 0
617,0, 140, False, 0
618,0, 140, False, 0
619,0, 140, False, 0
620,0, 140, False, 0
621,0, 140, False, 0
622,0, 140, False, 0
623,0, 140, False, 0
624,0, 140, False, 0
625,0, 140, False, 0
626,0, 140, False, 0
627,0, 140, False, 0
628,0, 140, False, 0
629,0, 140, False, 0
630,0, 140, False, 0
631,0, 140, False, 0
632,0, 140, False, 0
633,0, 140, False, 0
634,0, 140, False, 0
635,0, 140, False, 0
636,0, 140, False, 0
637,0, 140, False, 0
638,0, 140, False, 3
639,0, 140, False, 3
640,0, 140, False, 3
641,0, 140, False, 3
642,0, 140, False, 3
643,0, 140, False, 3
644,0, 140, False, 3
645,0, 140, False, 3
646,0, 140, False, 3
647,0, 140, False, 3
648,0, 140, False, 3
649,0, 140, False, 3
650,0, 140, False, 0
651,0, 140, False, 0
652,0, 140, False, 0
653,0, 140, False, 0
654,0, 140, False, 0
655,0, 140, False, 0
656,0, 140, False, 0
657,0, 140, False, 0
658,0, 140, False, 0
659,0, 140, False, 0
660,0, 140, False, 0
661,0, 140, False, 0
662,0, 140, False, 0
663,0, 140, False, 0
664,0, 140, False, 0
665,0, 140, False, 0
666,0, 140, False, 0
667,0, 140, False, 0
668,0, 140, False, 0
669,0, 140, False, 0
670,0, 140, False, 0
671,0, 140, False, 0
672,0, 140, False, 2
673,0, 140, False, 2
674,0, 140, False, 2
675,0, 140, False, 2
676,0, 140, False, 2
677,0, 140, False, 2
678,0, 140, False, 2
679,0, 140, False, 2
680,0, 140, False, 2
681,0, 140, False, 2
682,0, 140, False, 2
683,0, 140, False, 2
684,0, 140, False, 2
685,0, 140, False, 2
686,0, 140, False, 2
687,0, 140, False, 2
688,0, 140, False, 2
689,0, 140, False, 2
690,0, 140, False, 2
691,0, 140, False, 2
692,0, 140, False, 2
693,0, 140, False, 2
694,0, 140, False, 2
695,0, 140, False, 2
696,0, 140, False, 2
697,0, 140, False, 2
698,0, 140, False, 2
699,0, 140, False, 2
700,0, 140, False, 2
701,0, 140, False, 2
702,0, 140, False, 2
703,0, 140, False, 2
704,0, 140, False, 2
705,0, 140, False, 2
706,0, 140, False, 0
707,0, 140, False, 0
708,0, 140, False, 0
709,0, 140, False, 0
710,0, 140, False, 0
711,0, 140, False, 0
712,0, 140, False, 0
713,0, 140, False, 0
714,0, 140, False, 0
715,0, 140, False, 0
716,0, 140, False, 0
717,0, 140, False, 0
718,0, 140, False, 0
719,0, 140, False, 0
720,0, 140, False, 2
721,10, 150, False, 2
722,0, 150, False, 2
723,0, 150, False, 2
724,0, 150, False, 2
725,0, 150, False, 2
726,0, 150, False, 2
727,0, 150, False, 2
728,0, 150, False, 2
729,0, 150, False, 2
730,0, 150, False, 2
731,0, 150, False, 2
732,0, 150, False, 2
733,0, 150, False, 2
734,0, 150, False, 2
735,0, 150, False, 2
736,0, 150, False, 2
737,0, 150, False, 2
738,0, 150, False, 2
739,10, 160, False, 2
740,0, 160, False, 0
741,0, 160, False, 0
742,0, 160, False, 0
743,0, 160, False, 0
744,0, 160, False, 0
745,0, 160, False, 0
746,0, 160, False, 0
747,0, 160, False, 0
748,0, 160, False, 0
749,0, 160, False, 0
750,0, 160, False, 0
751,0, 160, False, 0
752,0, 160, False, 0
753,10, 170, False, 0
754,0, 170, False, 0
755,0, 170, False, 2
756,0, 170, False, 2
757,0, 170, False, 2
758,0, 170, False, 2
759,0, 170, False, 2
760,0, 170, False, 2
761,0, 170, False, 2
762,0, 170, False, 2
763,0, 170, False, 2
764,0, 170, False, 2
765,0, 170, False, 2
766,0, 170, False, 2
767,0, 170, False, 2
768,0, 170, False, 2
769,10, 180, False, 2
770,0, 180, False, 2
771,0, 180, False, 2
772,0, 180, False, 2
773,0, 180, False, 2
774,0, 180, False, 2
775,0, 180, False, 2
776,0, 180, False, 2
777,0, 180, False, 2
778,0, 180, False, 2
779,0, 180, False, 2
780,0, 180, False, 2
781,0, 180, False, 2
782,0, 180, False, 2
783,10, 190, False, 0
784,0, 190, False, 0
785,0, 190, False, 0
786,0, 190, False, 0
787,0, 190, False, 0
788,0, 190, False, 0
789,0, 190, False, 0
790,0, 190, False, 0
791,0, 190, False, 0
792,0, 190, False, 0
793,0, 190, False, 0
794,0, 190, False, 0
795,0, 190, False, 0
796,0, 190, False, 0
797,10, 200, False, 0
798,0, 200, False, 0
799,0, 200, False, 0
800,0, 200, False, 0
801,0, 200, False, 0
802,0, 200, False, 0
803,0, 200, False, 0
804,0, 200, False, 0
805,0, 200, False, 0
806,0, 200, False, 0
807,0, 200, False, 0
808,0, 200, False, 0
809,0, 200, False, 0
810,0, 200, False, 0
811,10, 210, False, 0
812,0, 210, False, 0
813,0, 210, False, 0
814,0, 210, False, 0
815,0, 210, False, 0
816,0, 210, False, 0
817,0, 210, False, 0
818,0, 210, False, 0
819,0, 210, False, 0
820,0, 210, False, 0
821,0, 210, False, 0
822,0, 210, False, 0
823,0, 210, False, 0
824,0, 210, False, 0
825,10, 220, False, 0
826,0, 220, False, 0
827,0, 220, False, 3
828,0, 220, False, 3
829,0, 220, False, 3
830,0, 220, False, 3
831,0, 220, False, 3
832,0, 220, False, 3
833,0, 220, False, 3
834,0, 220, False, 3
835,0, 220, False, 3
836,0, 220, False, 3
837,10, 230, False, 3
838,0, 230, False, 0
839,0, 230, False, 0
840,0, 230, False, 0
841,0, 230, False, 0
842,0, 230, False, 0
843,0, 230, False, 0
844,0, 230, False, 2
845,0, 230, False, 2
846,0, 230, False, 2
847,0, 230, False, 2
848,0, 230, False, 2
849,0, 230, False, 2
850,0, 230, False, 2
851,10, 240, False, 2
852,0, 240, False, 0
853,0, 240, False, 0
854,0, 240, False, 0
855,0, 240, False, 0
856,0, 240, False, 0
857,0, 240, False, 0
858,0, 240, False, 0
859,0, 240, False, 0
860,0, 240, False, 0
861,0, 240, False, 0
862,0, 240, False, 0
863,0, 240, False, 0
864,0, 240, False, 0
865,10, 250, False, 0
866,0, 250, False, 0
867,0, 250, False, 0
868,0, 250, False, 0
869,0, 250, False, 0
870,0, 250, False, 0
871,0, 250, False, 0
872,0, 250, False, 0
873,0, 250, False, 0
874,0, 250, False, 0
875,0, 250, False, 0
876,0, 250, False, 0
877,10, 260, False, 0
878,0, 260, False, 0
879,0, 260, False, 0
880,0, 260, False, 0
881,0, 260, False, 0
882,0, 260, False, 0
883,0, 260, False, 0
884,0, 260, False, 0
885,0, 260, False, 0
886,0, 260, False, 0
887,0, 260, False, 0
888,0, 260, False, 0
889,0, 260, False, 0
890,0, 260, False, 0
891,0, 260, False, 0
892,0, 260, False, 5
893,0, 260, False, 5
894,0, 260, False, 5
895,0, 260, False, 5
896,0, 260, False, 5
897,0, 260, False, 5
898,0, 260, False, 5
899,10, 270, False, 5
900,0, 270, False, 5
901,0, 270, False, 5
902,0, 270, False, 5
903,0, 270, False, 5
904,0, 270, False, 0
905,0, 270, False, 0
906,0, 270, False, 0
907,0, 270, False, 0
908,0, 270, False, 0
909,0, 270, False, 0
910,0, 270, False, 0
911,0, 270, False, 0
912,0, 270, False, 0
913,10, 280, False, 0
914,0, 280, False, 0
915,0, 280, False, 0
916,0, 280, False, 0
917,0, 280, False, 0
918,0, 280, False, 0
919,0, 280, False, 0
920,0, 280, False, 0
921,0, 280, False, 0
922,0, 280, False, 0
923,0, 280, False, 0
924,0, 280, False, 0
925,0, 280, False, 0
926,0, 280, False, 0
927,10, 290, False, 0
928,0, 290, False, 0
929,0, 290, False, 0
930,0, 290, False, 0
931,0, 290, False, 0
932,0, 290, False, 0
933,0, 290, False, 0
934,0, 290, False, 0
935,0, 290, False, 0
936,0, 290, False, 0
937,0, 290, False, 0
938,0, 290, False, 0
939,0, 290, False, 0
940,0, 290, False, 0
941,10, 300, False, 0
942,0, 300, False, 0
943,0, 300, False, 0
944,0, 300, False, 0
945,0, 300, False, 0
946,0, 300, False, 0
947,0, 300, False, 0
948,0, 300, False, 0
949,0, 300, False, 0
950,0, 300, False, 0
951,0, 300, False, 0
952,0, 300, False, 0
953,0, 300, False, 0
954,0, 300, False, 0
955,10, 310, False, 0
956,0, 310, False, 3
957,0, 310, False, 3
958,0, 310, False, 3
959,0, 310, False, 3
960,0, 310, False, 3
961,0, 310, False, 3
962,0, 310, False, 3
963,0, 310, False, 3
964,0, 310, False, 3
965,0, 310, False, 3
966,0, 310, False, 3
967,0, 310, False, 3
968,0, 310, False, 0
969,10, 320, False, 0
970,0, 320, False, 0
971,0, 320, False, 0
972,0, 320, False, 0
973,0, 320, False, 0
974,0, 320, False, 0
975,0, 320, False, 0
976,0, 320, False, 0
977,0, 320, False, 0
978,0, 320, False, 0
979,0, 320, False, 0
980,0, 320, False, 0
981,0, 320, False, 0
982,0, 320, False, 0
983,10, 330, False, 0
984,0, 330, False, 0
985,0, 330, False, 0
986,0, 330, False, 0
987,0, 330, False, 0
988,0, 330, False, 0
989,0, 330, False, 0
990,0, 330, False, 0
991,0, 330, False, 0
992,0, 330, False, 0
993,0, 330, False, 0
994,0, 330, False, 0
995,0, 330, False, 0
996,0, 330, False, 0
997,10, 340, False, 0
998,0, 340, False, 0
999,0, 340, False, 0
1000,0, 340, False, 0
1001,0, 340, False, 0
1002,0, 340, False, 0
1003,0, 340, False, 0
1004,0, 340, False, 0
1005,0, 340, False, 4
1006,0, 340, False, 4
1007,0, 340, False, 4
1008,0, 340, False, 4
1009,0, 340, False, 4
1010,0, 340, False, 4
1011,0, 340, False, 4
1012,0, 340, False, 4
1013,0, 340, False, 4
1014,0, 340, False, 4
1015,0, 340, False, 4
1016,0, 340, False, 4
1017,0, 340, False, 4
1018,0, 340, False, 4
1019,0, 340, False, 4
1020,0, 340, False, 4
1021,0, 340, False, 4
1022,0, 340, False, 4
1023,0, 340, False, 4
1024,0, 340, False, 4
1025,0, 340, False, 0
1026,0, 340, False, 0
1027,0, 340, False, 0
1028,0, 340, False, 0
1029,0, 340, False, 0
1030,0, 340, False, 0
1031,0, 340, False, 0
1032,0, 340, False, 0
1033,0, 340, False, 0
1034,0, 340, False, 0
1035,0, 340, False, 0
1036,0, 340, False, 0
1037,0, 340, False, 0
1038,0, 340, False, 0
1039,0, 340, False, 0
1040,0, 340, False, 0
1041,0, 340, False, 0
1042,0, 340, False, 0
1043,0, 340, False, 0
1044,0, 340, False, 0
1045,0, 340, False, 0
1046,0, 340, False, 0
1047,10, 350, False, 0
1048,0, 350, False, 0
1049,0, 350, False, 0
1050,0, 350, False, 0
1051,0, 350, False, 0
1052,0, 350, False, 0
1053,0, 350, False, 0
1054,0, 350, False, 0
1055,0, 350, False, 0
1056,0, 350, False, 0
1057,0, 350, False, 0
1058,0, 350, False, 0
1059,0, 350, False, 0
1060,0, 350, False, 0
1061,10, 360, False, 0
1062,0, 360, False, 0
1063,0, 360, False, 0
1064,0, 360, False, 0
1065,0, 360, False, 0
1066,0, 360, False, 0
1067,0, 360, False, 0
1068,0, 360, False, 0
1069,0, 360, False, 0
1070,0, 360, False, 0
1071,0, 360, False, 0
1072,0, 360, False, 0
1073,10, 370, False, 0
1074,0, 370, False, 0
1075,0, 370, False, 0
1076,0, 370, False, 0
1077,0, 370, False, 0
1078,0, 370, False, 0
1079,0, 370, False, 0
1080,0, 370, False, 0
1081,0, 370, False, 0
1082,0, 370, False, 0
1083,0, 370, False, 0
1084,0, 370, False, 0
1085,0, 370, False, 0
1086,0, 370, False, 0
1087,0, 370, False, 2
1088,0, 370, False, 2
1089,0, 370, False, 2
1090,0, 370, False, 2
1091,0, 370, False, 2
1092,0, 370, False, 2
1093,0, 370, False, 2
1094,0, 370, False, 2
1095,0, 370, False, 2
1096,0, 370, False, 2
1097,0, 370, False, 0
1098,0, 370, False, 0
1099,0, 370, False, 0
1100,0, 370, False, 0
1101,0, 370, False, 0
1102,0, 370, False, 0
1103,0, 370, False, 0
1104,0, 370, False, 0
1105,0, 370, False, 0
1106,0, 370, False, 0
1107,0, 370, False, 0
1108,0, 370, False, 0
1109,0, 370, False, 0
1110,0, 370, False, 0
1111,0, 370, False, 3
1112,0, 370, False, 3
1113,0, 370, False, 3
1114,0, 370, False, 3
1115,0, 370, False, 3
1116,0, 370, False, 3
1117,0, 370, False, 3
1118,0, 370, False, 3
1119,0, 370, False, 3
1120,0, 370, False, 3
1121,10, 380, False, 3
1122,0, 380, False, 3
1123,0, 380, False, 3
1124,0, 380, False, 3
1125,0, 380, False, 3
1126,0, 380, False, 3
1127,0, 380, False, 3
1128,0, 380, False, 3
1129,0, 380, False, 3
1130,0, 380, False, 3
1131,0, 380, False, 3
1132,0, 380, False, 0
1133,10, 390, False, 0
1134,0, 390, False, 0
1135,0, 390, False, 0
1136,0, 390, False, 0
1137,0, 390, False, 0
1138,0, 390, False, 0
1139,0, 390, False, 0
1140,0, 390, False, 0
1141,0, 390, False, 0
1142,0, 390, False, 2
1143,0, 390, False, 2
1144,0, 390, False, 2
1145,0, 390, False, 2
1146,0, 390, False, 2
1147,0, 390, False, 2
1148,0, 390, False, 2
1149,0, 390, False, 2
1150,0, 390, False, 2
1151,0, 390, False, 2
1152,0, 390, False, 2
1153,10, 400, False, 2
1154,0, 400, False, 2
1155,0, 400, False, 0
1156,0, 400, False, 0
1157,0, 400, False, 0
1158,0, 400, False, 0
1159,0, 400, False, 0
1160,0, 400, False, 0
1161,0, 400, False, 0
1162,0, 400, False, 0
1163,0, 400, False, 0
1164,0, 400, False, 0
1165,0, 400, False, 0
1166,0, 400, False, 0
1167,10, 410, False, 0
1168,0, 410, False, 0
1169,0, 410, False, 0
1170,0, 410, False, 0
1171,0, 410, False, 0
1172,0, 410, False, 0
1173,0, 410, False, 0
1174,0, 410, False, 4
1175,0, 410, False, 4
1176,0, 410, False, 4
1177,0, 410, False, 4
1178,0, 410, False, 4
1179,0, 410, False, 4
1180,0, 410, False, 4
1181,0, 410, False, 4
1182,0, 410, False, 4
1183,0, 410, False, 4
1184,0, 410, False, 4
1185,0, 410, False, 4
1186,0, 410, False, 0
1187,0, 410, False, 0
1188,0, 410, False, 0
1189,0, 410, False, 0
1190,0, 410, False, 0
1191,0, 410, False, 0
1192,0, 410, False, 0
1193,0, 410, False, 0
1194,0, 410, False, 0
1195,0, 410, False, 0
1196,0, 410, False, 2
1197,0, 410, False, 2
1198,0, 410, False, 2
1199,0, 410, False, 2
1200,0, 410, False, 2
1201,0, 410, False, 2
1202,0, 410, False, 2
1203,0, 410, False, 2
1204,0, 410, False, 2
1205,0, 410, False, 0
1206,0, 410, False, 0
1207,0, 410, False, 0
1208,0, 410, False, 0
1209,0, 410, False, 0
1210,0, 410, False, 0
1211,0, 410, False, 0
1212,0, 410, False, 0
1213,10, 420, False, 0
1214,0, 420, False, 0
1215,0, 420, False, 0
1216,0, 420, False, 0
1217,0, 420, False, 0
1218,0, 420, False, 0
1219,0, 420, False, 0
1220,0, 420, False, 0
1221,0, 420, False, 0
1222,0, 420, False, 0
1223,0, 420, False, 0
1224,0, 420, False, 0
1225,0, 420, False, 0
1226,0, 420, False, 0
1227,0, 420, False, 0
1228,0, 420, False, 0
1229,0, 420, False, 0
1230,0, 420, False, 0
1231,0, 420, False, 0
1232,0, 420, False, 0
1233,0, 420, False, 0
1234,0, 420, False, 0
1235,0, 420, False, 0
1236,0, 420, False, 0
1237,0, 420, False, 0
1238,0, 420, False, 0
1239,0, 420, False, 0
1240,0, 420, False, 0
1241,0, 420, False, 0
1242,0, 420, False, 0
1243,0, 420, False, 0
1244,0, 420, False, 0
1245,0, 420, False, 0
1246,0, 420, False, 0
1247,0, 420, False, 0
1248,0, 420, False, 0
1249,0, 420, False, 0
1250,0, 420, False, 0
1251,0, 420, False, 0
1252,0, 420, False, 0
1253,10, 430, False, 0
1254,0, 430, False, 0
1255,0, 430, False, 2
1256,0, 430, False, 2
1257,0, 430, False, 2
1258,0, 430, False, 2
1259,0, 430, False, 2
1260,0, 430, False, 2
1261,0, 430, False, 2
1262,0, 430, False, 2
1263,0, 430, False, 2
1264,0, 430, False, 2
1265,10, 440, False, 2
1266,0, 440, False, 2
1267,0, 440, False, 2
1268,0, 440, False, 2
1269,0, 440, False, 2
1270,0, 440, False, 2
1271,0, 440, False, 2
1272,0, 440, False, 0
1273,0, 440, False, 0
1274,0, 440, False, 0
1275,0, 440, False, 0
1276,0, 440, False, 0
1277,0, 440, False, 0
1278,0, 440, False, 0
1279,10, 450, False, 0
1280,0, 450, False, 0
1281,0, 450, False, 0
1282,0, 450, False, 0
1283,0, 450, False, 0
1284,0, 450, False, 0
1285,0, 450, False, 0
1286,0, 450, False, 0
1287,0, 450, False, 0
1288,0, 450, False, 0
1289,0, 450, False, 0
1290,0, 450, False, 0
1291,0, 450, False, 0
1292,0, 450, False, 0
1293,10, 460, False, 0
1294,0, 460, False, 0
1295,0, 460, False, 0
1296,0, 460, False, 0
1297,0, 460, False, 0
1298,0, 460, False, 0
1299,0, 460, False, 0
1300,0, 460, False, 0
1301,0, 460, False, 0
1302,0, 460, False, 0
1303,0, 460, False, 0
1304,0, 460, False, 0
1305,0, 460, False, 0
1306,0, 460, False, 0
1307,0, 460, False, 0
1308,0, 460, False, 0
1309,0, 460, False, 0
1310,0, 460, False, 0
1311,0, 460, False, 0
1312,0, 460, False, 0
1313,0, 460, False, 0
1314,0, 460, False, 0
1315,0, 460, False, 0
1316,0, 460, False, 0
1317,0, 460, False, 0
1318,0, 460, False, 5
1319,0, 460, False, 5
1320,0, 460, False, 5
1321,0, 460, False, 5
1322,0, 460, False, 5
1323,0, 460, False, 5
1324,0, 460, False, 5
1325,0, 460, False, 5
1326,0, 460, False, 5
1327,0, 460, False, 5
1328,0, 460, False, 5
1329,0, 460, False, 5
1330,0, 460, False, 5
1331,0, 460, False, 0
1332,0, 460, False, 0
1333,0, 460, False, 0
1334,0, 460, False, 0
1335,0, 460, False, 0
1336,0, 460, False, 0
1337,0, 460, False, 0
1338,0, 460, False, 0
1339,0, 460, False, 0
1340,0, 460, False, 0
1341,0, 460, False, 0
1342,0, 460, False, 0
1343,0, 460, False, 0
1344,0, 460, False, 0
1345,0, 460, False, 0
1346,0, 460, False, 0
1347,0, 460, False, 0
1348,0, 460, False, 0
1349,0, 460, False, 0
1350,0, 460, False, 0
1351,0, 460, False, 0
1352,0, 460, False, 0
1353,0, 460, False, 0
1354,0, 460, False, 0
1355,0, 460, False, 0
1356,0, 460, False, 0
1357,0, 460, False, 0
1358,0, 460, False, 0
1359,0, 460, False, 0
1360,0, 460, False, 0
1361,0, 460, False, 0
1362,0, 460, False, 0
1363,0, 460, False, 0
1364,0, 460, False, 0
1365,0, 460, False, 0
1366,0, 460, False, 0
1367,0, 460, False, 0
1368,0, 460, False, 0
1369,0, 460, False, 0
1370,0, 460, False, 0
1371,0, 460, False, 0
1372,0, 460, False, 0
1373,0, 460, False, 0
1374,0, 460, False, 0
1375,0, 460, False, 0
1376,0, 460, False, 0
1377,0, 460, False, 0
1378,0, 460, False, 0
1379,0, 460, False, 0
1380,0, 460, False, 0
1381,0, 460, False, 0
1382,0, 460, False, 0
1383,0, 460, False, 0
1384,0, 460, False, 0
1385,0, 460, False, 0
1386,0, 460, False, 0
1387,0, 460, False, 0
1388,0, 460, False, 0
1389,0, 460, False, 0
1390,0, 460, False, 0
1391,0, 460, False, 0
1392,0, 460, False, 0
1393,0, 460, False, 0
1394,0, 460, False, 0
1395,0, 460, False, 0
1396,0, 460, False, 0
1397,0, 460, False, 0
1398,0, 460, False, 0
1399,0, 460, False, 0
1400,0, 460, False, 0
1401,0, 460, False, 0
1402,0, 460, False, 0
1403,0, 460, False, 0
1404,0, 460, False, 0
1405,0, 460, False, 0
1406,0, 460, False, 0
1407,0, 460, False, 0
1408,0, 460, False, 0
1409,0, 460, False, 0
1410,0, 460, False, 0
1411,0, 460, False, 0
1412,0, 460, False, 0
1413,0, 460, False, 0
1414,0, 460, False, 0
1415,0, 460, False, 0
1416,0, 460, False, 0
1417,0, 460, False, 0
1418,0, 460, False, 0
1419,0, 460, False, 0
1420,0, 460, False, 0
1421,0, 460, False, 0
1422,0, 460, False, 0
1423,0, 460, False, 0
1424,0, 460, False, 0
1425,0, 460, False, 0
1426,0, 460, False, 0
1427,0, 460, False, 0
1428,0, 460, False, 0
1429,0, 460, False, 0
1430,0, 460, False, 0
1431,0, 460, False, 0
1432,0, 460, False, 0
1433,0, 460, False, 0
1434,0, 460, False, 0
1435,0, 460, False, 0
1436,0, 460, False, 0
1437,0, 460, False, 0
1438,0, 460, False, 0
1439,0, 460, False, 0
1440,0, 460, False, 0
1441,0, 460, False, 0
1442,0, 460, False, 0
1443,0, 460, False, 0
1444,0, 460, False, 0
1445,0, 460, False, 0
1446,0, 460, False, 0
1447,0, 460, False, 0
1448,0, 460, False, 0
1449,0, 460, False, 0
1450,0, 460, False, 0
1451,0, 460, False, 0
1452,0, 460, False, 0
1453,0, 460, False, 0
1454,0, 460, False, 0
1455,0, 460, False, 0
1456,0, 460, False, 0
1457,0, 460, False, 0
1458,0, 460, False, 0
1459,0, 460, False, 4
1460,0, 460, False, 4
1461,0, 460, False, 4
1462,0, 460, False, 4
1463,0, 460, False, 4
1464,0, 460, False, 4
1465,0, 460, False, 4
1466,0, 460, False, 4
1467,0, 460, False, 4
1468,0, 460, False, 4
1469,0, 460, False, 0
1470,0, 460, False, 0
1471,0, 460, False, 0
1472,0, 460, False, 0
1473,0, 460, False, 0
1474,0, 460, False, 0
1475,0, 460, False, 0
1476,0, 460, False, 0
1477,0, 460, False, 0
1478,0, 460, False, 0
1479,0, 460, False, 0
1480,0, 460, False, 0
1481,0, 460, False, 0
1482,0, 460, False, 0
1483,0, 460, False, 0
1484,0, 460, False, 0
1485,0, 460, False, 0
1486,0, 460, False, 0
1487,0, 460, False, 0
1488,0, 460, False, 0
1489,0, 460, False, 0
1490,0, 460, False, 0
1491,0, 460, False, 0
1492,0, 460, False, 0
1493,0, 460, False, 0
1494,0, 460, False, 4
1495,0, 460, False, 4
1496,0, 460, False, 4
1497,0, 460, False, 4
1498,0, 460, False, 4
1499,0, 460, False, 4
1500,0, 460, False, 4
1501,0, 460, False, 4
1502,0, 460, False, 4
1503,0, 460, False, 4
1504,0, 460, False, 4
1505,0, 460, False, 0
1506,0, 460, False, 0
1507,0, 460, False, 0
1508,0, 460, False, 0
1509,0, 460, False, 0
1510,0, 460, False, 0
1511,0, 460, False, 0
1512,0, 460, False, 0
1513,0, 460, False, 0
1514,0, 460, False, 0
1515,0, 460, False, 0
1516,0, 460, False, 0
1517,0, 460, False, 0
1518,0, 460, False, 0
1519,0, 460, False, 0
1520,0, 460, False, 0
1521,0, 460, False, 0
1522,0, 460, False, 0
1523,0, 460, False, 0
1524,0, 460, False, 0
1525,0, 460, False, 0
1526,0, 460, False, 0
1527,0, 460, False, 0
1528,0, 460, False, 4
1529,0, 460, False, 4
1530,0, 460, False, 4
1531,0, 460, False, 4
1532,0, 460, False, 4
1533,0, 460, False, 4
1534,0, 460, False, 4
1535,0, 460, False, 4
1536,0, 460, False, 4
1537,0, 460, False, 0
1538,0, 460, False, 0
1539,0, 460, False, 0
1540,0, 460, False, 0
1541,0, 460, False, 0
1542,0, 460, False, 0
1543,0, 460, False, 0
1544,0, 460, False, 0
1545,0, 460, False, 0
1546,0, 460, False, 0
1547,0, 460, False, 0
1548,0, 460, False, 0
1549,0, 460, False, 0
1550,0, 460, False, 0
1551,0, 460, False, 5
1552,0, 460, False, 5
1553,0, 460, False, 5
1554,0, 460, False, 5
1555,0, 460, False, 5
1556,0, 460, False, 5
1557,0, 460, False, 5
1558,0, 460, False, 5
1559,10, 470, False, 5
1560,0, 470, False, 5
1561,0, 470, False, 5
1562,0, 470, False, 5
1563,0, 470, False, 0
1564,0, 470, False, 0
1565,0, 470, False, 0
1566,0, 470, False, 0
1567,0, 470, False, 0
1568,0, 470, False, 0
1569,0, 470, False, 0
1570,0, 470, False, 0
1571,0, 470, False, 0
1572,0, 470, False, 0
1573,10, 480, False, 0
1574,0, 480, False, 0
1575,0, 480, False, 0
1576,0, 480, False, 0
1577,0, 480, False, 0
1578,0, 480, False, 0
1579,0, 480, False, 0
1580,0, 480, False, 0
1581,0, 480, False, 0
1582,0, 480, False, 0
1583,0, 480, False, 0
1584,0, 480, False, 3
1585,0, 480, False, 3
1586,0, 480, False, 3
1587,10, 490, False, 3
1588,0, 490, False, 3
1589,0, 490, False, 3
1590,0, 490, False, 3
1591,0, 490, False, 3
1592,0, 490, False, 3
1593,0, 490, False, 3
1594,0, 490, False, 3
1595,0, 490, False, 3
1596,0, 490, False, 3
1597,0, 490, False, 3
1598,0, 490, False, 3
1599,0, 490, False, 3
1600,0, 490, False, 3
1601,10, 500, False, 0
1602,0, 500, False, 0
1603,0, 500, False, 0
1604,0, 500, False, 0
1605,0, 500, False, 0
1606,0, 500, False, 0
1607,0, 500, False, 0
1608,0, 500, False, 0
1609,0, 500, False, 0
1610,0, 500, False, 0
1611,0, 500, False, 0
1612,0, 500, False, 0
1613,0, 500, False, 0
1614,0, 500, False, 0
1615,0, 500, False, 0
1616,0, 500, False, 0
1617,0, 500, False, 2
1618,0, 500, False, 2
1619,0, 500, False, 2
1620,0, 500, False, 2
1621,0, 500, False, 2
1622,0, 500, False, 2
1623,0, 500, False, 2
1624,0, 500, False, 2
1625,0, 500, False, 2
1626,0, 500, False, 2
1627,0, 500, False, 0
1628,0, 500, False, 0
1629,0, 500, False, 0
1630,0, 500, False, 0
1631,0, 500, False, 0
1632,0, 500, False, 3
1633,0, 500, False, 3
1634,0, 500, False, 3
1635,0, 500, False, 3
1636,0, 500, False, 3
1637,0, 500, False, 3
1638,0, 500, False, 3
1639,0, 500, False, 3
1640,0, 500, False, 3
1641,0, 500, False, 3
1642,0, 500, False, 3
1643,0, 500, False, 3
1644,0, 500, False, 0
1645,0, 500, False, 0
1646,0, 500, False, 0
1647,0, 500, False, 0
1648,0, 500, False, 0
1649,0, 500, False, 0
1650,0, 500, False, 0
1651,0, 500, False, 0
1652,0, 500, False, 0
1653,0, 500, False, 0
1654,0, 500, False, 0
1655,0, 500, False, 0
1656,0, 500, False, 0
1657,0, 500, False, 0
1658,0, 500, False, 0
1659,0, 500, False, 0
1660,0, 500, False, 0
1661,0, 500, False, 0
1662,0, 500, False, 0
1663,0, 500, False, 0
1664,0, 500, False, 0
1665,0, 500, False, 0
1666,0, 500, False, 5
1667,0, 500, False, 5
1668,0, 500, False, 5
1669,0, 500, False, 5
1670,0, 500, False, 5
1671,0, 500, False, 5
1672,0, 500, False, 5
1673,0, 500, False, 5
1674,0, 500, False, 5
1675,0, 500, False, 5
1676,0, 500, False, 5
1677,0, 500, False, 5
1678,0, 500, False, 5
1679,0, 500, False, 5
1680,0, 500, False, 0
1681,0, 500, False, 0
1682,0, 500, False, 0
1683,0, 500, False, 0
1684,0, 500, False, 0
1685,0, 500, False, 0
1686,0, 500, False, 0
1687,0, 500, False, 0
1688,0, 500, False, 0
1689,0, 500, False, 0
1690,0, 500, False, 0
1691,0, 500, False, 0
1692,0, 500, False, 0
1693,0, 500, False, 0
1694,0, 500, False, 3
1695,0, 500, False, 3
1696,0, 500, False, 3
1697,0, 500, False, 3
1698,0, 500, False, 3
1699,0, 500, False, 3
1700,0, 500, False, 3
1701,0, 500, False, 3
1702,0, 500, False, 3
1703,0, 500, False, 3
1704,0, 500, False, 3
1705,0, 500, False, 3
1706,0, 500, False, 3
1707,0, 500, False, 0
1708,0, 500, False, 0
1709,0, 500, False, 0
1710,0, 500, False, 0
1711,0, 500, False, 0
1712,0, 500, False, 0
1713,0, 500, False, 0
1714,0, 500, False, 0
1715,0, 500, False, 0
1716,0, 500, False, 0
1717,0, 500, False, 0
1718,0, 500, False, 0
1719,0, 500, False, 0
1720,0, 500, False, 0
1721,0, 500, False, 0
1722,0, 500, False, 2
1723,0, 500, False, 2
1724,0, 500, False, 2
1725,0, 500, False, 2
1726,0, 500, False, 2
1727,0, 500, False, 2
1728,0, 500, False, 2
1729,0, 500, False, 2
1730,0, 500, False, 2
1731,0, 500, False, 2
1732,0, 500, False, 2
1733,0, 500, False, 2
1734,0, 500, False, 2
1735,0, 500, False, 2
1736,0, 500, False, 2
1737,0, 500, False, 0
1738,0, 500, False, 0
1739,0, 500, False, 0
1740,0, 500, False, 0
1741,0, 500, False, 0
1742,0, 500, False, 0
1743,0, 500, False, 0
1744,0, 500, False, 0
1745,0, 500, False, 0
1746,0, 500, False, 0
1747,0, 500, False, 0
1748,0, 500, False, 0
1749,0, 500, False, 0
1750,0, 500, False, 0
1751,0, 500, False, 0
1752,0, 500, False, 0
1753,0, 500, False, 0
1754,0, 500, False, 0
1755,0, 500, False, 3
1756,0, 500, False, 3
1757,0, 500, False, 3
1758,0, 500, False, 3
1759,0, 500, False, 3
1760,0, 500, False, 3
1761,0, 500, False, 3
1762,0, 500, False, 3
1763,0, 500, False, 3
1764,0, 500, False, 3
1765,0, 500, False, 3
1766,0, 500, False, 3
1767,0, 500, False, 3
1768,0, 500, False, 3
1769,0, 500, False, 0
1770,0, 500, False, 0
1771,0, 500, False, 0
1772,0, 500, False, 0
1773,0, 500, False, 0
1774,0, 500, False, 0
1775,0, 500, False, 0
1776,0, 500, False, 0
1777,0, 500, False, 0
1778,0, 500, False, 0
1779,0, 500, False, 0
1780,0, 500, False, 0
1781,0, 500, False, 0
1782,0, 500, False, 0
1783,0, 500, False, 0
1784,0, 500, False, 0
1785,0, 500, False, 0
1786,0, 500, False, 0
1787,0, 500, False, 0
1788,0, 500, False, 5
1789,0, 500, False, 5
1790,0, 500, False, 5
1791,0, 500, False, 5
1792,0, 500, False, 5
1793,0, 500, False, 5
1794,0, 500, False, 5
1795,0, 500, False, 5
1796,0, 500, False, 5
1797,0, 500, False, 5
1798,0, 500, False, 5
1799,0, 500, False, 5
1800,0, 500, False, 5
1801,0, 500, False, 0
1802,0, 500, False, 0
1803,0, 500, False, 0
1804,0, 500, False, 0
1805,0, 500, False, 0
1806,0, 500, False, 0
1807,0, 500, False, 0
1808,0, 500, False, 0
1809,0, 500, False, 3
1810,0, 500, False, 3
1811,0, 500, False, 3
1812,0, 500, False, 3
1813,0, 500, False, 3
1814,0, 500, False, 3
1815,0, 500, False, 3
1816,0, 500, False, 3
1817,0, 500, False, 3
1818,0, 500, False, 3
1819,10, 510, False, 3
1820,0, 510, False, 3
1821,0, 510, False, 3
1822,0, 510, False, 3
1823,0, 510, False, 3
1824,0, 510, False, 3
1825,0, 510, False, 3
1826,0, 510, False, 0
1827,0, 510, False, 0
1828,0, 510, False, 0
1829,0, 510, False, 0
1830,0, 510, False, 0
1831,0, 510, False, 0
1832,0, 510, False, 0
1833,0, 510, False, 0
1834,0, 510, False, 0
1835,0, 510, False, 0
1836,0, 510, False, 0
1837,10, 520, False, 0
1838,0, 520, False, 0
1839,0, 520, False, 0
1840,0, 520, False, 0
1841,0, 520, False, 0
1842,0, 520, False, 0
1843,0, 520, False, 0
1844,0, 520, False, 0
1845,0, 520, False, 0
1846,0, 520, False, 0
1847,0, 520, False, 0
1848,0, 520, False, 0
1849,0, 520, False, 0
1850,0, 520, False, 0
1851,0, 520, False, 0
1852,0, 520, False, 0
1853,0, 520, False, 5
1854,0, 520, False, 5
1855,0, 520, False, 5
1856,0, 520, False, 5
1857,0, 520, False, 5
1858,0, 520, False, 5
1859,0, 520, False, 5
1860,0, 520, False, 5
1861,0, 520, False, 5
1862,0, 520, False, 5
1863,0, 520, False, 5
1864,0, 520, False, 5
1865,0, 520, False, 5
1866,0, 520, False, 5
1867,0, 520, False, 5
1868,0, 520, False, 5
1869,0, 520, False, 5
1870,0, 520, False, 0
1871,0, 520, False, 0
1872,0, 520, False, 0
1873,0, 520, False, 0
1874,0, 520, False, 0
1875,0, 520, False, 0
1876,0, 520, False, 0
1877,0, 520, False, 0
1878,0, 520, False, 0
1879,0, 520, False, 0
1880,0, 520, False, 0
1881,0, 520, False, 0
1882,0, 520, False, 0
1883,0, 520, False, 3
1884,0, 520, False, 3
1885,0, 520, False, 3
1886,0, 520, False, 3
1887,0, 520, False, 3
1888,0, 520, False, 3
1889,0, 520, False, 3
1890,0, 520, False, 3
1891,0, 520, False, 3
1892,0, 520, False, 3
1893,0, 520, False, 3
1894,0, 520, False, 3
1895,0, 520, False, 3
1896,0, 520, False, 3
1897,0, 520, False, 3
1898,0, 520, False, 3
1899,0, 520, False, 3
1900,0, 520, False, 3
1901,0, 520, False, 0
1902,0, 520, False, 0
1903,0, 520, False, 0
1904,0, 520, False, 0
1905,0, 520, False, 0
1906,0, 520, False, 0
1907,0, 520, False, 0
1908,0, 520, False, 0
1909,0, 520, False, 0
1910,0, 520, False, 0
1911,0, 520, False, 0
1912,0, 520, False, 0
1913,0, 520, False, 0
1914,0, 520, False, 0
1915,0, 520, False, 0
1916,0, 520, False, 4
1917,0, 520, False, 4
1918,0, 520, False, 4
1919,0, 520, False, 4
1920,0, 520, False, 4
1921,0, 520, False, 4
1922,0, 520, False, 4
1923,0, 520, False, 4
1924,0, 520, False, 4
1925,0, 520, False, 4
1926,0, 520, False, 4
1927,0, 520, False, 4
1928,0, 520, False, 4
1929,0, 520, False, 4
1930,0, 520, False, 4
1931,0, 520, False, 4
1932,0, 520, False, 4
1933,0, 520, False, 4
1934,0, 520, False, 4
1935,0, 520, False, 4
1936,0, 520, False, 4
1937,0, 520, False, 4
1938,0, 520, False, 0
1939,0, 520, False, 0
1940,0, 520, False, 0
1941,0, 520, False, 0
1942,0, 520, False, 0
1943,0, 520, False, 0
1944,0, 520, False, 0
1945,0, 520, False, 0
1946,0, 520, False, 0
1947,0, 520, False, 0
1948,0, 520, False, 0
1949,0, 520, False, 0
1950,0, 520, False, 0
1951,0, 520, False, 0
1952,0, 520, False, 0
1953,0, 520, False, 0
1954,0, 520, False, 0
1955,0, 520, False, 0
1956,0, 520, False, 0
1957,0, 520, False, 0
1958,0, 520, False, 0
1959,0, 520, False, 0
1960,0, 520, False, 0
1961,0, 520, False, 0
1962,0, 520, False, 0
1963,0, 520, False, 0
1964,0, 520, False, 0
1965,0, 520, False, 0
1966,0, 520, False, 0
1967,0, 520, False, 0
1968,0, 520, False, 0
1969,0, 520, False, 0
1970,0, 520, False, 0
1971,0, 520, False, 0
1972,0, 520, False, 0
1973,0, 520, False, 0
1974,0, 520, False, 0
1975,0, 520, False, 0
1976,0, 520, False, 0
1977,0, 520, False, 0
1978,0, 520, False, 2
1979,0, 520, False, 2
1980,0, 520, False, 2
1981,0, 520, False, 2
1982,0, 520, False, 2
1983,0, 520, False, 2
1984,0, 520, False, 2
1985,0, 520, False, 2
1986,0, 520, False, 2
1987,0, 520, False, 2
1988,0, 520, False, 2
1989,0, 520, False, 2
1990,0, 520, False, 2
1991,0, 520, False, 2
1992,0, 520, False, 2
1993,0, 520, False, 2
1994,0, 520, False, 2
1995,0, 520, False, 2
1996,0, 520, False, 2
1997,0, 520, False, 2
1998,0, 520, False, 2
1999,0, 520, False, 2
2000,0, 520, False, 2
2001,0, 520, False, 2
2002,0, 520, False, 0
2003,0, 520, False, 0
2004,0, 520, False, 0
2005,0, 520, False, 0
2006,0, 520, False, 0
2007,0, 520, False, 0
2008,0, 520, False, 0
2009,0, 520, False, 0
2010,0, 520, False, 0
2011,0, 520, False, 0
2012,0, 520, False, 0
2013,0, 520, False, 0
2014,0, 520, False, 0
2015,0, 520, False, 0
2016,0, 520, False, 0
2017,0, 520, False, 0
2018,0, 520, False, 0
2019,0, 520, False, 0
2020,0, 520, False, 0
2021,0, 520, False, 0
2022,0, 520, False, 0
2023,0, 520, False, 0
2024,0, 520, False, 0
2025,0, 520, False, 0
2026,0, 520, False, 0
2027,0, 520, False, 0
2028,0, 520, False, 0
2029,0, 520, False, 0
2030,0, 520, False, 0
2031,0, 520, False, 0
2032,0, 520, False, 0
2033,0, 520, False, 0
2034,0, 520, False, 4
2035,0, 520, False, 4
2036,0, 520, False, 4
2037,0, 520, False, 4
2038,0, 520, False, 4
2039,0, 520, False, 4
2040,0, 520, False, 4
2041,0, 520, False, 4
2042,0, 520, False, 4
2043,0, 520, False, 4
2044,0, 520, False, 4
2045,0, 520, False, 4
2046,0, 520, False, 4
2047,0, 520, False, 4
2048,0, 520, False, 4
2049,0, 520, False, 4
2050,0, 520, False, 4
2051,0, 520, False, 4
2052,0, 520, False, 4
2053,0, 520, False, 4
2054,0, 520, False, 4
2055,0, 520, False, 4
2056,0, 520, False, 4
2057,0, 520, False, 4
2058,0, 520, False, 0
2059,0, 520, False, 0
2060,0, 520, False, 0
2061,0, 520, False, 0
2062,0, 520, False, 0
2063,0, 520, False, 0
2064,0, 520, False, 0
2065,0, 520, False, 0
2066,0, 520, False, 0
2067,0, 520, False, 0
2068,0, 520, False, 0
2069,0, 520, False, 0
2070,0, 520, False, 0
2071,0, 520, False, 0
2072,0, 520, False, 0
2073,0, 520, False, 0
2074,0, 520, False, 0
2075,0, 520, False, 0
2076,0, 520, False, 0
2077,0, 520, False, 0
2078,0, 520, False, 0
2079,0, 520, False, 0
2080,0, 520, False, 0
2081,0, 520, False, 5
2082,0, 520, False, 5
2083,0, 520, False, 5
2084,0, 520, False, 5
2085,0, 520, False, 5
2086,0, 520, False, 5
2087,0, 520, False, 5
2088,0, 520, False, 5
2089,10, 530, False, 5
2090,0, 530, False, 5
2091,0, 530, False, 5
2092,0, 530, False, 5
2093,0, 530, False, 5
2094,0, 530, False, 5
2095,0, 530, False, 5
2096,0, 530, False, 5
2097,0, 530, False, 0
2098,0, 530, False, 0
2099,0, 530, False, 0
2100,0, 530, False, 0
2101,0, 530, False, 4
2102,0, 530, False, 4
2103,10, 540, False, 4
2104,0, 540, False, 4
2105,0, 540, False, 4
2106,0, 540, False, 4
2107,0, 540, False, 4
2108,0, 540, False, 4
2109,0, 540, False, 4
2110,0, 540, False, 4
2111,0, 540, False, 4
2112,0, 540, False, 4
2113,0, 540, False, 4
2114,0, 540, False, 4
2115,0, 540, False, 4
2116,0, 540, False, 4
2117,0, 540, False, 4
2118,0, 540, False, 4
2119,10, 550, False, 4
2120,0, 550, False, 4
2121,0, 550, False, 4
2122,0, 550, False, 0
2123,0, 550, False, 0
2124,0, 550, False, 0
2125,0, 550, False, 0
2126,0, 550, False, 0
2127,0, 550, False, 0
2128,0, 550, False, 0
2129,0, 550, False, 0
2130,0, 550, False, 0
2131,0, 550, False, 0
2132,0, 550, False, 0
2133,10, 560, False, 0
2134,0, 560, False, 0
2135,0, 560, False, 0
2136,0, 560, False, 0
2137,0, 560, False, 0
2138,0, 560, False, 0
2139,0, 560, False, 0
2140,0, 560, False, 0
2141,0, 560, False, 0
2142,0, 560, False, 0
2143,0, 560, False, 0
2144,0, 560, False, 0
2145,10, 570, False, 0
2146,0, 570, False, 0
2147,0, 570, False, 0
2148,0, 570, False, 0
2149,0, 570, False, 0
2150,0, 570, False, 0
2151,0, 570, False, 0
2152,0, 570, False, 0
2153,0, 570, False, 0
2154,0, 570, False, 0
2155,0, 570, False, 0
2156,0, 570, False, 0
2157,0, 570, False, 0
2158,0, 570, False, 0
2159,0, 570, False, 0
2160,0, 570, False, 0
2161,0, 570, False, 0
2162,0, 570, False, 0
2163,0, 570, False, 5
2164,0, 570, False, 5
2165,0, 570, False, 5
2166,0, 570, False, 5
2167,0, 570, False, 5
2168,0, 570, False, 5
2169,0, 570, False, 5
2170,0, 570, False, 5
2171,10, 580, False, 5
2172,0, 580, False, 5
2173,0, 580, False, 0
2174,0, 580, False, 0
2175,0, 580, False, 0
2176,0, 580, False, 0
2177,0, 580, False, 0
2178,0, 580, False, 0
2179,0, 580, False, 0
2180,0, 580, False, 0
2181,0, 580, False, 0
2182,0, 580, False, 0
2183,50, 630, False, 0
2184,0, 630, False, 0
2185,0, 630, False, 0
2186,0, 630, False, 0
2187,0, 630, False, 0
2188,0, 630, False, 0
2189,0, 630, False, 0
2190,0, 630, False, 0
2191,0, 630, False, 0
2192,0, 630, False, 0
2193,0, 630, False, 0
2194,0, 630, False, 0
2195,0, 630, False, 0
2196,0, 630, False, 0
2197,0, 630, False, 0
2198,0, 630, False, 0
2199,0, 630, False, 0
2200,0, 630, False, 0
2201,0, 630, False, 0
2202,0, 630, False, 0
2203,0, 630, False, 3
2204,0, 630, False, 3
2205,0, 630, False, 3
2206,0, 630, False, 3
2207,0, 630, False, 3
2208,0, 630, False, 3
2209,0, 630, False, 3
2210,0, 630, False, 3
2211,0, 630, False, 3
2212,0, 630, False, 3
2213,0, 630, False, 3
2214,0, 630, False, 3
2215,0, 630, False, 3
2216,0, 630, False, 3
2217,0, 630, False, 3
2218,0, 630, False, 3
2219,0, 630, False, 0
2220,0, 630, False, 0
2221,0, 630, False, 0
2222,0, 630, False, 0
2223,0, 630, False, 0
2224,0, 630, False, 0
2225,0, 630, False, 0
2226,0, 630, False, 0
2227,0, 630, False, 0
2228,0, 630, False, 0
2229,0, 630, False, 0
2230,0, 630, False, 0
2231,0, 630, False, 0
2232,0, 630, False, 0
2233,0, 630, False, 0
2234,0, 630, False, 2
2235,0, 630, False, 2
2236,0, 630, False, 2
2237,0, 630, False, 2
2238,0, 630, False, 2
2239,0, 630, False, 2
2240,0, 630, False, 2
2241,0, 630, False, 2
2242,0, 630, False, 2
2243,0, 630, False, 2
2244,0, 630, False, 2
2245,0, 630, False, 2
2246,0, 630, False, 2
2247,10, 640, False, 2
2248,0, 640, False, 2
2249,0, 640, False, 2
2250,0, 640, False, 2
2251,0, 640, False, 2
2252,0, 640, False, 2
2253,0, 640, False, 2
2254,0, 640, False, 2
2255,0, 640, False, 2
2256,0, 640, False, 2
2257,0, 640, False, 0
2258,0, 640, False, 0
2259,0, 640, False, 0
2260,0, 640, False, 0
2261,10, 650, False, 0
2262,0, 650, False, 0
2263,0, 650, False, 0
2264,0, 650, False, 4
2265,0, 650, False, 4
2266,0, 650, False, 4
2267,0, 650, False, 4
2268,0, 650, False, 4
2269,0, 650, False, 4
2270,0, 650, False, 4
2271,0, 650, False, 4
2272,0, 650, False, 4
2273,0, 650, False, 4
2274,0, 650, False, 4
2275,0, 650, False, 4
2276,0, 650, False, 4
2277,0, 650, False, 4
2278,0, 650, False, 4
2279,0, 650, False, 4
2280,0, 650, False, 4
2281,0, 650, False, 4
2282,0, 650, False, 0
2283,0, 650, False, 0
2284,0, 650, False, 0
2285,0, 650, False, 0
2286,0, 650, False, 0
2287,0, 650, False, 0
2288,0, 650, False, 0
2289,0, 650, False, 0
2290,0, 650, False, 0
2291,0, 650, False, 0
2292,0, 650, False, 0
2293,0, 650, False, 0
2294,0, 650, False, 0
2295,0, 650, False, 0
2296,0, 650, False, 0
2297,0, 650, False, 0
2298,0, 650, False, 0
2299,0, 650, False, 0
2300,0, 650, False, 2
2301,0, 650, False, 2
2302,0, 650, False, 2
2303,0, 650, False, 2
2304,0, 650, False, 2
2305,0, 650, False, 2
2306,0, 650, False, 2
2307,0, 650, False, 2
2308,0, 650, False, 2
2309,0, 650, False, 2
2310,0, 650, False, 2
2311,0, 650, False, 2
2312,0, 650, False, 2
2313,0, 650, False, 2
2314,0, 650, False, 2
2315,0, 650, False, 2
2316,0, 650, False, 0
2317,0, 650, False, 0
2318,0, 650, False, 0
2319,0, 650, False, 0
2320,0, 650, False, 0
2321,0, 650, False, 0
2322,0, 650, False, 0
2323,0, 650, False, 0
2324,0, 650, False, 0
2325,0, 650, False, 0
2326,0, 650, False, 0
2327,0, 650, False, 0
2328,0, 650, False, 0
2329,0, 650, False, 0
2330,0, 650, False, 0
2331,0, 650, False, 0
2332,0, 650, False, 0
2333,0, 650, False, 0
2334,0, 650, False, 0
2335,0, 650, False, 0
2336,0, 650, False, 3
2337,0, 650, False, 3
2338,0, 650, False, 3
2339,0, 650, False, 3
2340,0, 650, False, 3
2341,0, 650, False, 3
2342,0, 650, False, 3
2343,0, 650, False, 3
2344,0, 650, False, 3
2345,0, 650, False, 3
2346,0, 650, False, 3
2347,0, 650, False, 0
2348,0, 650, False, 0
2349,0, 650, False, 2
2350,0, 650, False, 2
2351,0, 650, False, 2
2352,0, 650, False, 2
2353,0, 650, False, 2
2354,0, 650, False, 2
2355,0, 650, False, 2
2356,0, 650, False, 2
2357,0, 650, False, 2
2358,0, 650, False, 2
2359,0, 650, False, 2
2360,0, 650, False, 2
2361,0, 650, False, 2
2362,0, 650, False, 0
2363,0, 650, False, 0
2364,0, 650, False, 0
2365,0, 650, False, 0
2366,0, 650, False, 0
2367,0, 650, False, 0
2368,0, 650, False, 0
2369,0, 650, False, 0
2370,0, 650, False, 0
2371,0, 650, False, 0
2372,0, 650, False, 0
2373,0, 650, False, 0
2374,0, 650, False, 0
2375,0, 650, False, 0
2376,0, 650, False, 0
2377,0, 650, False, 0
2378,0, 650, False, 0
2379,0, 650, False, 0
2380,0, 650, False, 0
2381,0, 650, False, 0
2382,0, 650, False, 0
2383,0, 650, False, 0
2384,0, 650, False, 0
2385,0, 650, False, 0
2386,0, 650, False, 0
2387,0, 650, False, 0
2388,0, 650, False, 0
2389,0, 650, False, 0
2390,0, 650, False, 0
2391,0, 650, False, 0
2392,0, 650, False, 0
2393,0, 650, False, 0
2394,0, 650, False, 0
2395,0, 650, False, 0
2396,0, 650, False, 0
2397,0, 650, False, 2
2398,0, 650, False, 2
2399,0, 650, False, 2
2400,0, 650, False, 2
2401,0, 650, False, 2
2402,0, 650, False, 2
2403,0, 650, False, 0
2404,0, 650, False, 0
2405,0, 650, False, 0
2406,0, 650, False, 0
2407,0, 650, False, 0
2408,0, 650, False, 0
2409,0, 650, False, 0
2410,0, 650, False, 0
2411,0, 650, False, 0
2412,0, 650, False, 4
2413,0, 650, False, 4
2414,0, 650, False, 4
2415,0, 650, False, 4
2416,0, 650, False, 4
2417,0, 650, False, 4
2418,0, 650, False, 4
2419,0, 650, False, 4
2420,0, 650, False, 0
2421,0, 650, False, 0
2422,0, 650, False, 0
2423,0, 650, False, 0
2424,0, 650, False, 0
2425,0, 650, False, 0
2426,0, 650, False, 0
2427,0, 650, False, 0
2428,0, 650, False, 0
2429,0, 650, False, 0
2430,0, 650, False, 0
2431,200, 850, False, 0
2432,0, 850, False, 0
2433,0, 850, False, 0
2434,0, 850, False, 0
2435,0, 850, False, 0
2436,0, 850, False, 0
2437,0, 850, False, 0
2438,0, 850, False, 0
2439,0, 850, False, 0
2440,0, 850, False, 0
2441,0, 850, False, 0
2442,0, 850, False, 0
2443,0, 850, False, 0
2444,0, 850, False, 0
2445,0, 850, False, 0
2446,0, 850, False, 0
2447,0, 850, False, 0
2448,0, 850, False, 5
2449,0, 850, False, 5
2450,0, 850, False, 5
2451,0, 850, False, 5
2452,0, 850, False, 5
2453,0, 850, False, 5
2454,0, 850, False, 5
2455,0, 850, False, 5
2456,0, 850, False, 0
2457,0, 850, False, 0
2458,0, 850, False, 0
2459,0, 850, False, 0
2460,0, 850, False, 0
2461,0, 850, False, 0
2462,0, 850, False, 0
2463,0, 850, False, 0
2464,0, 850, False, 0
2465,0, 850, False, 0
2466,0, 850, False, 0
2467,0, 850, False, 0
2468,0, 850, False, 0
2469,0, 850, False, 0
2470,0, 850, False, 0
2471,0, 850, False, 0
2472,0, 850, False, 0
2473,0, 850, False, 0
2474,0, 850, False, 0
2475,0, 850, False, 0
2476,0, 850, False, 0
2477,0, 850, False, 0
2478,0, 850, False, 4
2479,0, 850, False, 4
2480,0, 850, False, 4
2481,0, 850, False, 4
2482,0, 850, False, 4
2483,0, 850, False, 4
2484,0, 850, False, 4
2485,0, 850, False, 4
2486,0, 850, False, 4
2487,0, 850, False, 4
2488,0, 850, False, 0
2489,0, 850, False, 0
2490,0, 850, False, 0
2491,0, 850, False, 0
2492,0, 850, False, 0
2493,0, 850, False, 0
2494,0, 850, False, 0
2495,0, 850, False, 0
2496,0, 850, False, 0
2497,0, 850, False, 0
2498,0, 850, False, 0
2499,0, 850, False, 0
2500,0, 850, False, 0
2501,0, 850, False, 0
2502,0, 850, False, 0
2503,0, 850, False, 0
2504,0, 850, False, 0
2505,0, 850, False, 0
2506,0, 850, False, 0
2507,0, 850, False, 0
2508,0, 850, False, 0
2509,0, 850, False, 0
2510,0, 850, False, 0
2511,0, 850, False, 0
2512,0, 850, False, 0
2513,0, 850, False, 0
2514,0, 850, False, 0
2515,0, 850, False, 0
2516,0, 850, False, 0
2517,0, 850, False, 0
2518,0, 850, False, 0
2519,0, 850, False, 0
2520,0, 850, False, 0
2521,0, 850, False, 0
2522,0, 850, False, 0
2523,0, 850, False, 0
2524,0, 850, False, 0
2525,0, 850, False, 0
2526,0, 850, False, 0
2527,0, 850, False, 0
2528,0, 850, False, 0
2529,0, 850, False, 0
2530,0, 850, False, 0
2531,0, 850, False, 0
2532,0, 850, False, 4
2533,0, 850, False, 4
2534,0, 850, False, 4
2535,0, 850, False, 4
2536,0, 850, False, 4
2537,0, 850, False, 0
2538,0, 850, False, 0
2539,0, 850, False, 0
2540,0, 850, False, 0
2541,0, 850, False, 0
2542,0, 850, False, 0
2543,0, 850, False, 0
2544,0, 850, False, 0
2545,0, 850, False, 0
2546,0, 850, False, 0
2547,0, 850, False, 0
2548,0, 850, False, 0
2549,0, 850, False, 0
2550,0, 850, False, 0
2551,0, 850, False, 0
2552,0, 850, False, 0
2553,0, 850, False, 0
2554,0, 850, False, 0
2555,0, 850, False, 0
2556,0, 850, False, 0
2557,0, 850, False, 0
2558,0, 850, False, 0
2559,0, 850, False, 0
2560,0, 850, False, 0
2561,0, 850, False, 0
2562,0, 850, False, 0
2563,0, 850, False, 0
2564,0, 850, False, 0
2565,0, 850, False, 0
2566,0, 850, False, 0
2567,0, 850, False, 0
2568,0, 850, False, 0
2569,0, 850, False, 0
2570,0, 850, False, 0
2571,0, 850, False, 2
2572,0, 850, False, 2
2573,0, 850, False, 2
2574,0, 850, False, 2
2575,0, 850, False, 2
2576,0, 850, False, 2
2577,0, 850, False, 2
2578,0, 850, False, 2
2579,0, 850, False, 2
2580,0, 850, False, 0
2581,0, 850, False, 0
2582,0, 850, False, 0
2583,0, 850, False, 0
2584,0, 850, False, 0
2585,0, 850, False, 0
2586,0, 850, False, 0
2587,0, 850, False, 0
2588,0, 850, False, 0
2589,0, 850, False, 0
2590,0, 850, False, 0
2591,0, 850, False, 0
2592,0, 850, False, 0
2593,0, 850, False, 0
2594,0, 850, False, 0
2595,0, 850, False, 0
2596,0, 850, False, 0
2597,0, 850, False, 0
2598,0, 850, False, 0
2599,0, 850, False, 0
2600,0, 850, False, 0
2601,0, 850, False, 0
2602,0, 850, False, 0
2603,0, 850, False, 0
2604,0, 850, False, 0
2605,0, 850, False, 0
2606,0, 850, False, 0
2607,0, 850, False, 3
2608,0, 850, False, 3
2609,0, 850, False, 3
2610,0, 850, False, 3
2611,0, 850, False, 3
2612,0, 850, False, 3
2613,0, 850, False, 3
2614,0, 850, False, 3
2615,0, 850, False, 3
2616,0, 850, False, 0
2617,0, 850, False, 0
2618,0, 850, False, 0
2619,0, 850, False, 0
2620,0, 850, False, 0
2621,0, 850, False, 0
2622,0, 850, False, 0
2623,0, 850, False, 2
2624,0, 850, False, 2
2625,0, 850, False, 2
2626,0, 850, False, 2
2627,0, 850, False, 2
2628,0, 850, False, 2
2629,0, 850, False, 2
2630,0, 850, False, 2
2631,0, 850, False, 0
2632,0, 850, False, 0
2633,0, 850, False, 0
2634,0, 850, False, 0
2635,0, 850, False, 0
2636,0, 850, False, 0
2637,0, 850, False, 0
2638,0, 850, False, 0
2639,0, 850, False, 0
2640,0, 850, False, 0
2641,0, 850, False, 0
2642,0, 850, False, 0
2643,0, 850, False, 0
2644,0, 850, False, 0
2645,0, 850, False, 0
2646,0, 850, False, 0
2647,0, 850, False, 0
2648,0, 850, False, 0
2649,0, 850, False, 0
2650,0, 850, False, 0
2651,0, 850, False, 4
2652,0, 850, False, 4
2653,0, 850, False, 4
2654,0, 850, False, 4
2655,0, 850, False, 4
2656,0, 850, False, 4
2657,0, 850, False, 4
2658,0, 850, False, 4
2659,0, 850, False, 4
2660,0, 850, False, 4
2661,0, 850, False, 4
2662,0, 850, False, 4
2663,0, 850, False, 0
2664,0, 850, False, 0
2665,0, 850, False, 0
2666,0, 850, False, 0
2667,0, 850, False, 0
2668,0, 850, False, 0
2669,0, 850, False, 0
2670,0, 850, False, 0
2671,0, 850, False, 0
2672,0, 850, False, 0
2673,0, 850, False, 2
2674,0, 850, False, 2
2675,0, 850, False, 2
2676,0, 850, False, 2
2677,0, 850, False, 2
2678,0, 850, False, 2
2679,0, 850, False, 2
2680,0, 850, False, 2
2681,0, 850, False, 2
2682,0, 850, False, 0
2683,0, 850, False, 0
2684,0, 850, False, 0
2685,0, 850, False, 0
2686,0, 850, False, 0
2687,0, 850, False, 0
2688,0, 850, False, 0
2689,0, 850, False, 0
2690,0, 850, False, 0
2691,0, 850, False, 0
2692,0, 850, False, 0
2693,0, 850, False, 0
2694,0, 850, False, 0
2695,0, 850, False, 0
2696,0, 850, False, 0
2697,0, 850, False, 0
2698,0, 850, False, 0
2699,0, 850, False, 0
2700,0, 850, False, 0
2701,0, 850, False, 0
2702,0, 850, False, 0
2703,0, 850, False, 0
2704,0, 850, False, 0
2705,0, 850, False, 0
2706,0, 850, False, 0
2707,0, 850, False, 0
2708,0, 850, False, 3
2709,0, 850, False, 3
2710,0, 850, False, 3
2711,0, 850, False, 3
2712,0, 850, False, 3
2713,0, 850, False, 3
2714,0, 850, False, 3
2715,0, 850, False, 3
2716,0, 850, False, 0
2717,0, 850, False, 0
2718,0, 850, False, 0
2719,0, 850, False, 0
2720,0, 850, False, 0
2721,0, 850, False, 0
2722,0, 850, False, 0
2723,0, 850, False, 0
2724,0, 850, False, 0
2725,0, 850, False, 0
2726,0, 850, False, 0
2727,0, 850, False, 0
2728,0, 850, False, 0
2729,0, 850, False, 0
2730,0, 850, False, 0
2731,0, 850, False, 0
2732,0, 850, False, 2
2733,0, 850, False, 2
2734,0, 850, False, 2
2735,0, 850, False, 2
2736,0, 850, False, 2
2737,0, 850, False, 2
2738,0, 850, False, 2
2739,0, 850, False, 2
2740,0, 850, False, 2
2741,0, 850, False, 0
2742,0, 850, False, 0
2743,0, 850, False, 0
2744,0, 850, False, 0
2745,0, 850, False, 0
2746,0, 850, False, 0
2747,0, 850, False, 0
2748,0, 850, False, 0
2749,0, 850, False, 0
2750,0, 850, False, 0
2751,0, 850, False, 0
2752,0, 850, False, 0
2753,0, 850, False, 0
2754,0, 850, False, 0
2755,0, 850, False, 0
2756,0, 850, False, 0
2757,0, 850, False, 0
2758,0, 850, False, 0
2759,0, 850, False, 4
2760,0, 850, False, 4
2761,0, 850, False, 4
2762,0, 850, False, 4
2763,0, 850, False, 4
2764,0, 850, False, 4
2765,0, 850, False, 4
2766,0, 850, False, 0
2767,0, 850, False, 0
2768,0, 850, False, 0
2769,0, 850, False, 0
2770,0, 850, False, 0
2771,0, 850, False, 0
2772,0, 850, False, 0
2773,0, 850, False, 0
2774,0, 850, False, 0
2775,0, 850, False, 0
2776,0, 850, False, 0
2777,0, 850, False, 0
2778,0, 850, False, 0
2779,0, 850, False, 0
2780,0, 850, False, 0
2781,0, 850, False, 0
2782,0, 850, False, 0
2783,0, 850, False, 0
2784,0, 850, False, 5
2785,0, 850, False, 5
2786,0, 850, False, 5
2787,0, 850, False, 5
2788,0, 850, False, 5
2789,0, 850, False, 5
2790,0, 850, False, 5
2791,0, 850, False, 5
2792,0, 850, False, 5
2793,0, 850, False, 5
2794,0, 850, False, 0
2795,0, 850, False, 0
2796,0, 850, False, 0
2797,0, 850, False, 0
2798,0, 850, False, 0
2799,0, 850, False, 4
2800,0, 850, False, 4
2801,0, 850, False, 4
2802,0, 850, False, 4
2803,0, 850, False, 4
2804,0, 850, False, 4
2805,0, 850, False, 4
2806,0, 850, False, 4
2807,0, 850, False, 4
2808,0, 850, False, 0
2809,0, 850, False, 0
2810,0, 850, False, 0
2811,0, 850, False, 0
2812,0, 850, False, 0
2813,0, 850, False, 0
2814,0, 850, False, 0
2815,0, 850, False, 0
2816,0, 850, False, 0
2817,0, 850, False, 0
2818,0, 850, False, 0
2819,0, 850, False, 0
2820,0, 850, False, 0
2821,0, 850, False, 0
2822,0, 850, False, 0
2823,0, 850, False, 0
2824,0, 850, False, 0
2825,0, 850, False, 2
2826,0, 850, False, 2
2827,0, 850, False, 2
2828,0, 850, False, 2
2829,0, 850, False, 2
2830,0, 850, False, 2
2831,0, 850, False, 2
2832,0, 850, False, 2
2833,0, 850, False, 2
2834,0, 850, False, 2
2835,0, 850, False, 0
2836,0, 850, False, 0
2837,0, 850, False, 0
2838,0, 850, False, 0
2839,0, 850, False, 0
2840,0, 850, False, 0
2841,0, 850, False, 0
2842,0, 850, False, 0
2843,0, 850, False, 0
2844,0, 850, False, 0
2845,0, 850, False, 0
2846,0, 850, False, 0
2847,0, 850, False, 0
2848,0, 850, False, 0
2849,0, 850, False, 0
2850,0, 850, False, 0
2851,0, 850, False, 0
2852,0, 850, False, 0
2853,0, 850, False, 0
2854,0, 850, False, 0
2855,0, 850, False, 0
2856,0, 850, False, 0
2857,0, 850, False, 0
2858,0, 850, False, 0
2859,0, 850, False, 4
2860,0, 850, False, 4
2861,0, 850, False, 4
2862,0, 850, False, 4
2863,0, 850, False, 4
2864,0, 850, False, 4
2865,0, 850, False, 4
2866,0, 850, False, 4
2867,0, 850, False, 4
2868,0, 850, False, 4
2869,0, 850, False, 0
2870,0, 850, False, 0
2871,0, 850, False, 0
2872,0, 850, False, 0
2873,0, 850, False, 0
2874,0, 850, False, 0
2875,0, 850, False, 0
2876,0, 850, False, 0
2877,0, 850, False, 0
2878,0, 850, False, 0
2879,0, 850, False, 0
2880,0, 850, False, 0
2881,0, 850, False, 0
2882,0, 850, False, 0
2883,0, 850, False, 0
2884,0, 850, False, 0
2885,0, 850, False, 0
2886,0, 850, False, 0
2887,0, 850, False, 0
2888,0, 850, False, 0
2889,0, 850, False, 0
2890,0, 850, False, 0
2891,0, 850, False, 0
2892,0, 850, False, 0
2893,0, 850, False, 0
2894,0, 850, False, 0
2895,0, 850, False, 0
2896,0, 850, False, 0
2897,0, 850, False, 0
2898,0, 850, False, 0
2899,0, 850, False, 0
2900,0, 850, False, 0
2901,0, 850, False, 5
2902,0, 850, False, 5
2903,0, 850, False, 5
2904,0, 850, False, 5
2905,0, 850, False, 5
2906,0, 850, False, 5
2907,0, 850, False, 5
2908,0, 850, False, 5
2909,0, 850, False, 5
2910,0, 850, False, 0
2911,0, 850, False, 0
2912,0, 850, False, 0
2913,0, 850, False, 0
2914,0, 850, False, 0
2915,0, 850, False, 0
2916,0, 850, False, 0
2917,0, 850, False, 0
2918,0, 850, False, 0
2919,0, 850, False, 0
2920,0, 850, False, 4
2921,0, 850, False, 4
2922,0, 850, False, 4
2923,0, 850, False, 4
2924,0, 850, False, 4
2925,0, 850, False, 4
2926,0, 850, False, 4
2927,0, 850, False, 4
2928,0, 850, False, 4
2929,0, 850, False, 4
2930,0, 850, False, 4
2931,0, 850, False, 0
2932,0, 850, False, 0
2933,0, 850, False, 0
2934,0, 850, False, 0
2935,0, 850, False, 0
2936,0, 850, False, 0
2937,0, 850, False, 0
2938,0, 850, False, 0
2939,0, 850, False, 0
2940,0, 850, False, 0
2941,0, 850, False, 0
2942,0, 850, False, 0
2943,0, 850, False, 0
2944,0, 850, False, 0
2945,0, 850, False, 0
2946,0, 850, False, 0
2947,0, 850, False, 0
2948,0, 850, False, 0
2949,0, 850, False, 0
2950,0, 850, False, 0
2951,0, 850, False, 0
2952,0, 850, False, 0
2953,0, 850, False, 0
2954,0, 850, False, 0
2955,0, 850, False, 2
2956,0, 850, False, 2
2957,0, 850, False, 2
2958,0, 850, False, 2
2959,0, 850, False, 2
2960,0, 850, False, 2
2961,0, 850, False, 2
2962,0, 850, False, 2
2963,0, 850, False, 2
2964,0, 850, False, 2
2965,0, 850, False, 0
2966,0, 850, False, 0
2967,0, 850, False, 0
2968,0, 850, False, 0
2969,0, 850, False, 0
2970,0, 850, False, 0
2971,0, 850, False, 0
2972,0, 850, False, 0
2973,0, 850, False, 0
2974,0, 850, False, 0
2975,0, 850, False, 0
2976,0, 850, False, 0
2977,0, 850, False, 0
2978,0, 850, False, 0
2979,0, 850, False, 0
2980,0, 850, False, 0
2981,0, 850, False, 0
2982,0, 850, False, 0
2983,0, 850, False, 0
2984,0, 850, False, 0
2985,0, 850, False, 0
2986,0, 850, False, 0
2987,0, 850, False, 0
2988,0, 850, False, 0
2989,0, 850, False, 0
2990,0, 850, False, 0
2991,0, 850, False, 0
2992,0, 850, False, 0
2993,0, 850, False, 0
2994,0, 850, False, 0
2995,0, 850, False, 0
2996,0, 850, False, 0
2997,0, 850, False, 0
2998,0, 850, False, 0
2999,0, 850, False, 0
3000,0, 850, False, 0
3001,0, 850, False, 0
3002,0, 850, False, 0
3003,0, 850, False, 0
3004,0, 850, False, 0
3005,0, 850, False, 0
3006,0, 850, False, 0
3007,0, 850, False, 0
3008,0, 850, False, 0
3009,0, 850, False, 0
3010,0, 850, False, 0
3011,0, 850, False, 0
3012,0, 850, False, 0
3013,0, 850, False, 0
3014,0, 850, False, 0
3015,0, 850, False, 0
3016,0, 850, False, 0
3017,0, 850, False, 0
3018,0, 850, False, 0
3019,0, 850, False, 0
3020,0, 850, False, 0
3021,0, 850, False, 0
3022,0, 850, False, 0
3023,0, 850, False, 0
3024,0, 850, False, 0
3025,0, 850, False, 0
3026,0, 850, False, 0
3027,0, 850, False, 0
3028,0, 850, False, 0
3029,0, 850, False, 0
3030,0, 850, False, 0
3031,0, 850, False, 0
3032,0, 850, False, 0
3033,0, 850, False, 0
3034,0, 850, False, 0
3035,0, 850, False, 0
3036,0, 850, False, 0
3037,0, 850, False, 0
3038,0, 850, False, 0
3039,0, 850, False, 0
3040,0, 850, False, 0
3041,0, 850, False, 0
3042,0, 850, False, 0
3043,0, 850, False, 0
3044,0, 850, False, 0
3045,0, 850, False, 0
3046,0, 850, False, 0
3047,0, 850, False, 0
3048,0, 850, False, 0
3049,0, 850, False, 0
3050,0, 850, False, 0
3051,0, 850, False, 0
3052,0, 850, False, 0
3053,0, 850, False, 0
3054,0, 850, False, 0
3055,0, 850, False, 0
3056,0, 850, False, 0
3057,0, 850, False, 0
3058,0, 850, False, 0
3059,0, 850, False, 0
3060,0, 850, False, 0
3061,0, 850, False, 0
3062,0, 850, False, 0
3063,0, 850, False, 0
3064,0, 850, False, 0
3065,0, 850, False, 0
3066,0, 850, False, 0
3067,0, 850, False, 0
3068,0, 850, False, 0
3069,0, 850, False, 0
3070,0, 850, False, 0
3071,0, 850, False, 0
3072,0, 850, False, 0
3073,0, 850, False, 0
3074,0, 850, False, 0
3075,0, 850, False, 0
3076,0, 850, False, 0
3077,0, 850, False, 0
3078,0, 850, False, 0
3079,0, 850, False, 0
3080,0, 850, False, 0
3081,0, 850, False, 0
3082,0, 850, False, 0
3083,0, 850, False, 0
3084,0, 850, False, 0
3085,0, 850, False, 0
3086,0, 850, False, 0
3087,0, 850, False, 0
3088,0, 850, False, 0
3089,0, 850, False, 0
3090,0, 850, False, 0
3091,0, 850, False, 0
3092,0, 850, False, 0
3093,0, 850, False, 0
3094,0, 850, False, 0
3095,0, 850, False, 0
3096,0, 850, False, 0
3097,0, 850, False, 0
3098,0, 850, False, 0
3099,0, 850, False, 0
3100,0, 850, False, 0
3101,0, 850, False, 0
3102,0, 850, False, 0
3103,0, 850, False, 0
3104,0, 850, False, 0
3105,0, 850, False, 0
3106,0, 850, False, 0
3107,0, 850, False, 0
3108,0, 850, False, 0
3109,0, 850, False, 0
3110,0, 850, False, 0
3111,0, 850, False, 0
3112,0, 850, False, 0
3113,0, 850, False, 0
3114,0, 850, False, 0
3115,0, 850, False, 0
3116,0, 850, False, 0
3117,0, 850, False, 0
3118,0, 850, False, 0
3119,0, 850, False, 0
3120,0, 850, False, 0
3121,0, 850, False, 0
3122,0, 850, False, 0
3123,0, 850, False, 0
3124,0, 850, False, 0
3125,0, 850, False, 0
3126,0, 850, False, 0
3127,0, 850, False, 0
3128,0, 850, False, 0
3129,0, 850, False, 0
3130,0, 850, False, 0
3131,0, 850, False, 0
3132,0, 850, False, 0
3133,0, 850, False, 0
