db traj id : 2085
frame,reward,score,terminal, action
0,0, 0, False, 0
1,0, 0, False, 0
2,0, 0, False, 0
3,0, 0, False, 0
4,0, 0, False, 0
5,0, 0, False, 0
6,0, 0, False, 0
7,0, 0, False, 0
8,0, 0, False, 0
9,0, 0, False, 0
10,0, 0, False, 0
11,0, 0, False, 0
12,0, 0, False, 0
13,0, 0, False, 0
14,0, 0, False, 0
15,0, 0, False, 0
16,0, 0, False, 0
17,0, 0, False, 0
18,0, 0, False, 0
19,0, 0, False, 0
20,0, 0, False, 0
21,0, 0, False, 0
22,0, 0, False, 0
23,0, 0, False, 0
24,0, 0, False, 0
25,0, 0, False, 0
26,0, 0, False, 0
27,0, 0, False, 0
28,0, 0, False, 0
29,0, 0, False, 0
30,0, 0, False, 0
31,0, 0, False, 0
32,0, 0, False, 0
33,0, 0, False, 0
34,0, 0, False, 0
35,0, 0, False, 0
36,0, 0, False, 0
37,0, 0, False, 0
38,0, 0, False, 0
39,0, 0, False, 0
40,0, 0, False, 0
41,0, 0, False, 0
42,0, 0, False, 0
43,0, 0, False, 0
44,0, 0, False, 0
45,0, 0, False, 0
46,0, 0, False, 0
47,0, 0, False, 0
48,0, 0, False, 0
49,0, 0, False, 0
50,0, 0, False, 0
51,0, 0, False, 0
52,0, 0, False, 0
53,0, 0, False, 4
54,0, 0, False, 4
55,0, 0, False, 4
56,0, 0, False, 4
57,0, 0, False, 4
58,0, 0, False, 4
59,0, 0, False, 4
60,0, 0, False, 4
61,0, 0, False, 4
62,0, 0, False, 4
63,0, 0, False, 4
64,0, 0, False, 4
65,0, 0, False, 4
66,0, 0, False, 4
67,0, 0, False, 4
68,0, 0, False, 4
69,0, 0, False, 4
70,0, 0, False, 4
71,0, 0, False, 4
72,0, 0, False, 4
73,0, 0, False, 4
74,0, 0, False, 4
75,0, 0, False, 4
76,0, 0, False, 4
77,0, 0, False, 0
78,0, 0, False, 0
79,0, 0, False, 0
80,0, 0, False, 0
81,0, 0, False, 0
82,0, 0, False, 0
83,0, 0, False, 0
84,0, 0, False, 0
85,0, 0, False, 0
86,0, 0, False, 0
87,0, 0, False, 0
88,0, 0, False, 0
89,0, 0, False, 0
90,0, 0, False, 0
91,0, 0, False, 0
92,0, 0, False, 0
93,0, 0, False, 0
94,0, 0, False, 0
95,0, 0, False, 0
96,0, 0, False, 0
97,0, 0, False, 0
98,0, 0, False, 0
99,0, 0, False, 0
100,0, 0, False, 0
101,0, 0, False, 0
102,0, 0, False, 0
103,0, 0, False, 0
104,0, 0, False, 0
105,0, 0, False, 3
106,0, 0, False, 3
107,0, 0, False, 3
108,0, 0, False, 3
109,0, 0, False, 3
110,0, 0, False, 3
111,0, 0, False, 3
112,0, 0, False, 3
113,0, 0, False, 3
114,0, 0, False, 3
115,0, 0, False, 3
116,0, 0, False, 0
117,0, 0, False, 0
118,0, 0, False, 0
119,0, 0, False, 0
120,0, 0, False, 0
121,0, 0, False, 0
122,0, 0, False, 0
123,0, 0, False, 0
124,0, 0, False, 0
125,0, 0, False, 0
126,0, 0, False, 0
127,0, 0, False, 0
128,0, 0, False, 0
129,0, 0, False, 0
130,0, 0, False, 0
131,0, 0, False, 0
132,0, 0, False, 0
133,0, 0, False, 0
134,0, 0, False, 0
135,0, 0, False, 0
136,0, 0, False, 0
137,0, 0, False, 0
138,0, 0, False, 5
139,0, 0, False, 5
140,0, 0, False, 5
141,0, 0, False, 5
142,0, 0, False, 5
143,0, 0, False, 5
144,0, 0, False, 5
145,0, 0, False, 5
146,0, 0, False, 5
147,0, 0, False, 5
148,0, 0, False, 0
149,0, 0, False, 0
150,0, 0, False, 0
151,0, 0, False, 0
152,0, 0, False, 0
153,0, 0, False, 0
154,0, 0, False, 0
155,0, 0, False, 0
156,0, 0, False, 0
157,0, 0, False, 0
158,0, 0, False, 0
159,0, 0, False, 0
160,0, 0, False, 0
161,0, 0, False, 2
162,0, 0, False, 2
163,0, 0, False, 2
164,0, 0, False, 2
165,0, 0, False, 2
166,0, 0, False, 2
167,0, 0, False, 2
168,0, 0, False, 0
169,0, 0, False, 0
170,0, 0, False, 0
171,0, 0, False, 0
172,0, 0, False, 0
173,0, 0, False, 0
174,0, 0, False, 0
175,0, 0, False, 0
176,0, 0, False, 0
177,0, 0, False, 0
178,0, 0, False, 0
179,0, 0, False, 0
180,0, 0, False, 0
181,0, 0, False, 0
182,0, 0, False, 0
183,0, 0, False, 0
184,0, 0, False, 0
185,0, 0, False, 0
186,0, 0, False, 0
187,0, 0, False, 0
188,0, 0, False, 0
189,0, 0, False, 0
190,0, 0, False, 0
191,0, 0, False, 0
192,0, 0, False, 0
193,0, 0, False, 0
194,0, 0, False, 0
195,0, 0, False, 0
196,0, 0, False, 0
197,0, 0, False, 0
198,0, 0, False, 0
199,0, 0, False, 0
200,0, 0, False, 0
201,0, 0, False, 0
202,0, 0, False, 0
203,0, 0, False, 0
204,0, 0, False, 0
205,0, 0, False, 0
206,0, 0, False, 0
207,0, 0, False, 0
208,0, 0, False, 0
209,0, 0, False, 0
210,0, 0, False, 0
211,0, 0, False, 0
212,0, 0, False, 0
213,0, 0, False, 0
214,0, 0, False, 0
215,0, 0, False, 0
216,0, 0, False, 0
217,0, 0, False, 0
218,0, 0, False, 0
219,0, 0, False, 0
220,0, 0, False, 0
221,0, 0, False, 0
222,0, 0, False, 0
223,0, 0, False, 0
224,0, 0, False, 0
225,0, 0, False, 0
226,0, 0, False, 0
227,0, 0, False, 0
228,0, 0, False, 0
229,0, 0, False, 0
230,0, 0, False, 0
231,0, 0, False, 0
232,0, 0, False, 0
233,0, 0, False, 0
234,0, 0, False, 0
235,0, 0, False, 0
236,0, 0, False, 0
237,0, 0, False, 0
238,0, 0, False, 0
239,0, 0, False, 0
240,0, 0, False, 0
241,0, 0, False, 0
242,0, 0, False, 0
243,0, 0, False, 0
244,0, 0, False, 0
245,0, 0, False, 0
246,0, 0, False, 0
247,0, 0, False, 0
248,0, 0, False, 0
249,0, 0, False, 0
250,0, 0, False, 0
251,0, 0, False, 0
252,0, 0, False, 0
253,0, 0, False, 0
254,0, 0, False, 0
255,0, 0, False, 0
256,0, 0, False, 0
257,0, 0, False, 0
258,0, 0, False, 0
259,0, 0, False, 0
260,0, 0, False, 0
261,0, 0, False, 0
262,0, 0, False, 0
263,0, 0, False, 0
264,0, 0, False, 0
265,0, 0, False, 0
266,0, 0, False, 0
267,0, 0, False, 0
268,0, 0, False, 0
269,0, 0, False, 0
270,0, 0, False, 0
271,0, 0, False, 0
272,10, 10, False, 0
273,0, 10, False, 0
274,0, 10, False, 0
275,0, 10, False, 0
276,0, 10, False, 0
277,0, 10, False, 0
278,0, 10, False, 0
279,0, 10, False, 0
280,0, 10, False, 0
281,0, 10, False, 0
282,0, 10, False, 0
283,0, 10, False, 0
284,0, 10, False, 0
285,0, 10, False, 0
286,10, 20, False, 0
287,0, 20, False, 0
288,0, 20, False, 0
289,0, 20, False, 0
290,0, 20, False, 0
291,0, 20, False, 0
292,0, 20, False, 0
293,0, 20, False, 0
294,0, 20, False, 0
295,0, 20, False, 0
296,0, 20, False, 0
297,0, 20, False, 0
298,0, 20, False, 0
299,0, 20, False, 0
300,10, 30, False, 0
301,0, 30, False, 0
302,0, 30, False, 0
303,0, 30, False, 0
304,0, 30, False, 0
305,0, 30, False, 0
306,0, 30, False, 0
307,0, 30, False, 0
308,0, 30, False, 0
309,0, 30, False, 0
310,0, 30, False, 0
311,0, 30, False, 0
312,10, 40, False, 0
313,0, 40, False, 0
314,0, 40, False, 0
315,0, 40, False, 0
316,0, 40, False, 0
317,0, 40, False, 0
318,0, 40, False, 0
319,0, 40, False, 0
320,0, 40, False, 0
321,0, 40, False, 0
322,0, 40, False, 0
323,0, 40, False, 0
324,0, 40, False, 0
325,0, 40, False, 0
326,10, 50, False, 0
327,0, 50, False, 0
328,0, 50, False, 0
329,0, 50, False, 0
330,0, 50, False, 0
331,0, 50, False, 0
332,0, 50, False, 0
333,0, 50, False, 0
334,0, 50, False, 0
335,0, 50, False, 0
336,0, 50, False, 0
337,0, 50, False, 0
338,0, 50, False, 0
339,0, 50, False, 0
340,10, 60, False, 0
341,0, 60, False, 0
342,0, 60, False, 0
343,0, 60, False, 0
344,0, 60, False, 0
345,0, 60, False, 0
346,0, 60, False, 0
347,0, 60, False, 0
348,0, 60, False, 0
349,0, 60, False, 0
350,0, 60, False, 0
351,0, 60, False, 0
352,0, 60, False, 0
353,0, 60, False, 0
354,0, 60, False, 0
355,0, 60, False, 0
356,0, 60, False, 0
357,0, 60, False, 0
358,0, 60, False, 0
359,0, 60, False, 0
360,0, 60, False, 0
361,0, 60, False, 0
362,0, 60, False, 0
363,0, 60, False, 0
364,0, 60, False, 0
365,0, 60, False, 0
366,0, 60, False, 0
367,0, 60, False, 0
368,0, 60, False, 0
369,0, 60, False, 0
370,0, 60, False, 0
371,0, 60, False, 0
372,0, 60, False, 0
373,0, 60, False, 0
374,0, 60, False, 0
375,0, 60, False, 0
376,0, 60, False, 0
377,0, 60, False, 0
378,0, 60, False, 0
379,0, 60, False, 0
380,0, 60, False, 0
381,0, 60, False, 0
382,0, 60, False, 0
383,0, 60, False, 0
384,0, 60, False, 0
385,0, 60, False, 0
386,0, 60, False, 0
387,0, 60, False, 0
388,0, 60, False, 0
389,0, 60, False, 0
390,0, 60, False, 0
391,0, 60, False, 0
392,0, 60, False, 0
393,0, 60, False, 0
394,0, 60, False, 0
395,0, 60, False, 0
396,0, 60, False, 0
397,0, 60, False, 0
398,0, 60, False, 0
399,0, 60, False, 0
400,0, 60, False, 0
401,0, 60, False, 0
402,0, 60, False, 0
403,0, 60, False, 0
404,0, 60, False, 0
405,0, 60, False, 0
406,0, 60, False, 0
407,0, 60, False, 0
408,0, 60, False, 0
409,0, 60, False, 0
410,0, 60, False, 0
411,0, 60, False, 0
412,0, 60, False, 0
413,0, 60, False, 0
414,0, 60, False, 0
415,0, 60, False, 0
416,0, 60, False, 0
417,0, 60, False, 0
418,0, 60, False, 0
419,0, 60, False, 0
420,0, 60, False, 0
421,0, 60, False, 0
422,0, 60, False, 0
423,0, 60, False, 0
424,0, 60, False, 0
425,0, 60, False, 0
426,0, 60, False, 0
427,0, 60, False, 0
428,0, 60, False, 0
429,0, 60, False, 0
430,0, 60, False, 0
431,0, 60, False, 0
432,0, 60, False, 0
433,0, 60, False, 0
434,0, 60, False, 0
435,0, 60, False, 0
436,0, 60, False, 0
437,0, 60, False, 0
438,0, 60, False, 0
439,0, 60, False, 0
440,0, 60, False, 0
441,0, 60, False, 0
442,0, 60, False, 0
443,0, 60, False, 0
444,0, 60, False, 0
445,0, 60, False, 0
446,0, 60, False, 0
447,0, 60, False, 0
448,0, 60, False, 0
449,0, 60, False, 0
450,0, 60, False, 0
451,0, 60, False, 0
452,0, 60, False, 0
453,0, 60, False, 0
454,0, 60, False, 0
455,0, 60, False, 0
456,0, 60, False, 0
457,0, 60, False, 0
458,0, 60, False, 0
459,0, 60, False, 0
460,0, 60, False, 0
461,0, 60, False, 0
462,0, 60, False, 0
463,0, 60, False, 0
464,0, 60, False, 0
465,0, 60, False, 0
466,0, 60, False, 0
467,0, 60, False, 0
468,0, 60, False, 0
469,0, 60, False, 0
470,0, 60, False, 0
471,0, 60, False, 0
472,0, 60, False, 0
473,0, 60, False, 0
474,0, 60, False, 0
475,0, 60, False, 0
476,0, 60, False, 0
477,0, 60, False, 0
478,0, 60, False, 0
479,0, 60, False, 0
480,0, 60, False, 0
481,0, 60, False, 0
482,0, 60, False, 0
483,0, 60, False, 0
484,0, 60, False, 0
485,0, 60, False, 0
486,0, 60, False, 0
487,0, 60, False, 0
488,0, 60, False, 0
489,0, 60, False, 0
490,0, 60, False, 0
491,0, 60, False, 0
492,0, 60, False, 0
493,0, 60, False, 0
494,0, 60, False, 0
495,0, 60, False, 0
496,0, 60, False, 0
497,0, 60, False, 0
498,0, 60, False, 0
499,0, 60, False, 0
500,0, 60, False, 0
501,0, 60, False, 0
502,0, 60, False, 0
503,0, 60, False, 0
504,0, 60, False, 0
505,0, 60, False, 0
506,0, 60, False, 0
507,0, 60, False, 0
508,0, 60, False, 0
509,0, 60, False, 0
510,0, 60, False, 0
511,0, 60, False, 0
512,0, 60, False, 0
513,0, 60, False, 0
514,0, 60, False, 0
515,0, 60, False, 0
516,0, 60, False, 0
517,0, 60, False, 0
518,0, 60, False, 0
519,0, 60, False, 0
520,0, 60, False, 0
521,0, 60, False, 0
522,0, 60, False, 0
523,0, 60, False, 0
524,0, 60, False, 0
525,0, 60, False, 0
526,0, 60, False, 0
527,0, 60, False, 0
528,0, 60, False, 0
529,0, 60, False, 0
530,0, 60, False, 0
531,0, 60, False, 0
532,0, 60, False, 0
533,0, 60, False, 0
534,0, 60, False, 0
535,0, 60, False, 0
536,0, 60, False, 0
537,0, 60, False, 0
538,0, 60, False, 0
539,0, 60, False, 0
540,0, 60, False, 0
541,0, 60, False, 0
542,0, 60, False, 0
543,0, 60, False, 0
544,0, 60, False, 0
545,0, 60, False, 0
546,0, 60, False, 0
547,0, 60, False, 0
548,0, 60, False, 0
549,0, 60, False, 0
550,0, 60, False, 0
551,0, 60, False, 0
552,0, 60, False, 0
553,0, 60, False, 0
554,0, 60, False, 0
555,0, 60, False, 0
556,0, 60, False, 0
557,0, 60, False, 0
558,0, 60, False, 0
559,0, 60, False, 0
560,0, 60, False, 0
561,0, 60, False, 0
562,0, 60, False, 0
563,0, 60, False, 0
564,0, 60, False, 0
565,0, 60, False, 0
566,0, 60, False, 0
567,0, 60, False, 0
568,0, 60, False, 0
569,0, 60, False, 0
570,0, 60, False, 0
571,0, 60, False, 0
572,0, 60, False, 0
573,0, 60, False, 0
574,0, 60, False, 0
575,0, 60, False, 0
576,0, 60, False, 0
577,0, 60, False, 0
578,0, 60, False, 0
579,0, 60, False, 0
580,0, 60, False, 0
581,0, 60, False, 0
582,0, 60, False, 0
583,0, 60, False, 0
584,0, 60, False, 0
585,0, 60, False, 0
586,0, 60, False, 0
587,0, 60, False, 0
588,0, 60, False, 0
589,0, 60, False, 0
590,0, 60, False, 0
591,0, 60, False, 0
592,0, 60, False, 0
593,0, 60, False, 0
594,0, 60, False, 0
595,0, 60, False, 0
596,0, 60, False, 0
597,0, 60, False, 0
598,0, 60, False, 0
599,0, 60, False, 0
600,0, 60, False, 0
601,0, 60, False, 0
602,0, 60, False, 0
603,0, 60, False, 0
604,0, 60, False, 0
605,0, 60, False, 0
606,0, 60, False, 0
607,0, 60, False, 0
608,0, 60, False, 0
609,0, 60, False, 0
610,0, 60, False, 0
611,0, 60, False, 0
612,0, 60, False, 0
613,0, 60, False, 0
614,0, 60, False, 0
615,0, 60, False, 0
616,0, 60, False, 0
617,0, 60, False, 0
618,0, 60, False, 0
619,0, 60, False, 0
620,0, 60, False, 0
621,0, 60, False, 0
622,0, 60, False, 0
623,0, 60, False, 0
624,0, 60, False, 0
625,0, 60, False, 0
626,0, 60, False, 0
627,0, 60, False, 0
628,0, 60, False, 0
629,0, 60, False, 0
630,0, 60, False, 0
631,0, 60, False, 0
632,0, 60, False, 0
633,0, 60, False, 0
634,0, 60, False, 0
635,0, 60, False, 0
636,0, 60, False, 0
637,0, 60, False, 0
638,0, 60, False, 0
639,0, 60, False, 0
640,0, 60, False, 0
641,0, 60, False, 0
642,0, 60, False, 0
643,0, 60, False, 0
644,0, 60, False, 0
645,0, 60, False, 0
646,0, 60, False, 0
647,0, 60, False, 0
648,0, 60, False, 0
649,0, 60, False, 0
650,0, 60, False, 0
651,0, 60, False, 0
652,0, 60, False, 0
653,0, 60, False, 0
654,0, 60, False, 0
655,0, 60, False, 0
656,0, 60, False, 0
657,0, 60, False, 0
658,0, 60, False, 0
659,0, 60, False, 0
660,0, 60, False, 0
661,0, 60, False, 0
662,0, 60, False, 0
663,0, 60, False, 0
664,0, 60, False, 0
665,0, 60, False, 0
666,0, 60, False, 0
667,0, 60, False, 0
668,0, 60, False, 0
669,0, 60, False, 0
670,0, 60, False, 0
671,0, 60, False, 0
672,0, 60, False, 0
673,0, 60, False, 0
674,0, 60, False, 0
675,0, 60, False, 0
676,0, 60, False, 0
677,0, 60, False, 0
678,0, 60, False, 0
679,0, 60, False, 0
680,0, 60, False, 0
681,0, 60, False, 0
682,0, 60, False, 0
683,0, 60, False, 0
684,0, 60, False, 0
685,0, 60, False, 0
686,0, 60, False, 0
687,0, 60, False, 0
688,0, 60, False, 0
689,0, 60, False, 0
690,0, 60, False, 0
691,0, 60, False, 0
692,0, 60, False, 0
693,0, 60, False, 0
694,0, 60, False, 0
695,0, 60, False, 0
696,0, 60, False, 0
697,0, 60, False, 0
698,0, 60, False, 0
699,0, 60, False, 0
700,0, 60, False, 0
701,0, 60, False, 0
702,0, 60, False, 0
703,0, 60, False, 0
704,0, 60, False, 0
705,0, 60, False, 0
706,0, 60, False, 0
707,0, 60, False, 0
708,0, 60, False, 0
709,0, 60, False, 0
710,0, 60, False, 0
711,0, 60, False, 0
712,0, 60, False, 0
713,0, 60, False, 0
714,0, 60, False, 0
715,0, 60, False, 0
716,0, 60, False, 0
717,0, 60, False, 0
718,0, 60, False, 0
719,0, 60, False, 0
720,0, 60, False, 0
721,0, 60, False, 0
722,0, 60, False, 0
723,0, 60, False, 0
724,0, 60, False, 0
725,0, 60, False, 0
726,0, 60, False, 0
727,0, 60, False, 0
728,0, 60, False, 0
729,0, 60, False, 0
730,0, 60, False, 0
731,0, 60, False, 0
732,0, 60, False, 0
733,0, 60, False, 0
734,0, 60, False, 0
735,0, 60, False, 0
736,0, 60, False, 0
737,0, 60, False, 0
738,0, 60, False, 0
739,0, 60, False, 0
740,0, 60, False, 0
741,0, 60, False, 0
742,0, 60, False, 0
743,0, 60, False, 0
744,0, 60, False, 0
745,0, 60, False, 0
746,0, 60, False, 0
747,0, 60, False, 0
748,0, 60, False, 0
749,0, 60, False, 0
750,0, 60, False, 0
751,0, 60, False, 0
752,0, 60, False, 0
753,0, 60, False, 0
754,0, 60, False, 0
755,0, 60, False, 0
756,0, 60, False, 0
757,0, 60, False, 0
758,0, 60, False, 0
759,0, 60, False, 0
760,0, 60, False, 0
761,0, 60, False, 0
762,0, 60, False, 0
763,0, 60, False, 0
764,0, 60, False, 0
765,0, 60, False, 0
766,0, 60, False, 0
767,0, 60, False, 0
768,0, 60, False, 0
769,0, 60, False, 0
770,0, 60, False, 0
771,0, 60, False, 0
772,0, 60, False, 0
773,0, 60, False, 0
774,0, 60, False, 0
775,0, 60, False, 0
776,0, 60, False, 0
777,0, 60, False, 0
778,0, 60, False, 0
779,0, 60, False, 0
780,0, 60, False, 0
781,0, 60, False, 0
782,0, 60, False, 0
783,0, 60, False, 0
784,0, 60, False, 0
785,0, 60, False, 0
786,0, 60, False, 0
787,0, 60, False, 0
788,0, 60, False, 0
789,0, 60, False, 0
790,0, 60, False, 0
791,0, 60, False, 0
792,0, 60, False, 0
793,0, 60, False, 0
794,0, 60, False, 0
795,0, 60, False, 0
796,0, 60, False, 0
797,0, 60, False, 0
798,0, 60, False, 0
799,0, 60, False, 0
800,0, 60, False, 0
801,0, 60, False, 0
802,0, 60, False, 0
803,0, 60, False, 0
804,0, 60, False, 0
805,0, 60, False, 0
806,0, 60, False, 0
807,0, 60, False, 0
808,0, 60, False, 0
809,0, 60, False, 0
810,0, 60, False, 0
811,0, 60, False, 0
812,0, 60, False, 0
813,0, 60, False, 0
814,0, 60, False, 0
815,0, 60, False, 0
816,0, 60, False, 0
817,0, 60, False, 0
818,0, 60, False, 0
819,0, 60, False, 0
820,0, 60, False, 0
821,0, 60, False, 0
822,0, 60, False, 0
823,0, 60, False, 0
824,0, 60, False, 0
825,0, 60, False, 0
826,0, 60, False, 0
827,0, 60, False, 0
828,0, 60, False, 0
829,0, 60, False, 0
830,0, 60, False, 0
831,0, 60, False, 0
832,0, 60, False, 0
833,0, 60, False, 0
834,0, 60, False, 0
835,0, 60, False, 0
836,0, 60, False, 0
837,0, 60, False, 0
838,0, 60, False, 5
839,0, 60, False, 5
840,0, 60, False, 5
841,0, 60, False, 5
842,0, 60, False, 5
843,0, 60, False, 5
844,0, 60, False, 5
845,0, 60, False, 5
846,10, 70, False, 5
847,0, 70, False, 5
848,0, 70, False, 0
849,0, 70, False, 0
850,0, 70, False, 0
851,0, 70, False, 0
852,0, 70, False, 0
853,0, 70, False, 0
854,0, 70, False, 0
855,0, 70, False, 0
856,0, 70, False, 0
857,0, 70, False, 0
858,0, 70, False, 0
859,0, 70, False, 0
860,10, 80, False, 0
861,0, 80, False, 0
862,0, 80, False, 0
863,0, 80, False, 0
864,0, 80, False, 0
865,0, 80, False, 3
866,0, 80, False, 3
867,0, 80, False, 3
868,0, 80, False, 3
869,0, 80, False, 3
870,0, 80, False, 3
871,0, 80, False, 3
872,0, 80, False, 3
873,0, 80, False, 3
874,10, 90, False, 3
875,0, 90, False, 3
876,0, 90, False, 0
877,0, 90, False, 0
878,0, 90, False, 0
879,0, 90, False, 0
880,0, 90, False, 0
881,0, 90, False, 0
882,0, 90, False, 0
883,0, 90, False, 0
884,0, 90, False, 0
885,0, 90, False, 0
886,0, 90, False, 0
887,0, 90, False, 0
888,10, 100, False, 0
889,0, 100, False, 2
890,0, 100, False, 2
891,0, 100, False, 2
892,0, 100, False, 2
893,0, 100, False, 2
894,0, 100, False, 0
895,0, 100, False, 0
896,0, 100, False, 0
897,0, 100, False, 0
898,0, 100, False, 0
899,0, 100, False, 0
900,0, 100, False, 0
901,0, 100, False, 0
902,0, 100, False, 0
903,0, 100, False, 0
904,0, 100, False, 0
905,0, 100, False, 0
906,0, 100, False, 0
907,0, 100, False, 0
908,0, 100, False, 0
909,0, 100, False, 0
910,0, 100, False, 0
911,0, 100, False, 0
912,0, 100, False, 0
913,0, 100, False, 0
914,0, 100, False, 0
915,0, 100, False, 0
916,0, 100, False, 0
917,0, 100, False, 0
918,0, 100, False, 0
919,0, 100, False, 0
920,0, 100, False, 0
921,0, 100, False, 0
922,0, 100, False, 0
923,0, 100, False, 0
924,0, 100, False, 0
925,0, 100, False, 0
926,0, 100, False, 0
927,0, 100, False, 0
928,0, 100, False, 0
929,0, 100, False, 0
930,0, 100, False, 0
931,0, 100, False, 0
932,0, 100, False, 0
933,0, 100, False, 0
934,0, 100, False, 0
935,0, 100, False, 0
936,0, 100, False, 0
937,0, 100, False, 0
938,0, 100, False, 0
939,0, 100, False, 0
940,0, 100, False, 0
941,0, 100, False, 0
942,0, 100, False, 0
943,0, 100, False, 0
944,0, 100, False, 0
945,0, 100, False, 0
946,0, 100, False, 0
947,0, 100, False, 0
948,0, 100, False, 0
949,0, 100, False, 0
950,0, 100, False, 0
951,0, 100, False, 0
952,0, 100, False, 0
953,0, 100, False, 0
954,0, 100, False, 0
955,0, 100, False, 0
956,0, 100, False, 0
957,0, 100, False, 0
958,0, 100, False, 0
959,0, 100, False, 0
960,0, 100, False, 0
961,0, 100, False, 0
962,0, 100, False, 0
963,0, 100, False, 0
964,0, 100, False, 0
965,0, 100, False, 0
966,0, 100, False, 0
967,0, 100, False, 0
968,0, 100, False, 0
969,0, 100, False, 0
970,0, 100, False, 0
971,0, 100, False, 0
972,0, 100, False, 0
973,0, 100, False, 0
974,0, 100, False, 0
975,0, 100, False, 0
976,0, 100, False, 0
977,0, 100, False, 0
978,0, 100, False, 0
979,0, 100, False, 0
980,0, 100, False, 0
981,0, 100, False, 0
982,0, 100, False, 2
983,0, 100, False, 2
984,0, 100, False, 2
985,0, 100, False, 2
986,0, 100, False, 2
987,0, 100, False, 2
988,0, 100, False, 2
989,0, 100, False, 2
990,0, 100, False, 2
991,0, 100, False, 2
992,0, 100, False, 2
993,0, 100, False, 0
994,0, 100, False, 0
995,0, 100, False, 0
996,0, 100, False, 0
997,0, 100, False, 0
998,0, 100, False, 0
999,0, 100, False, 0
1000,0, 100, False, 0
1001,0, 100, False, 0
1002,0, 100, False, 0
1003,0, 100, False, 0
1004,0, 100, False, 0
1005,0, 100, False, 0
1006,0, 100, False, 0
1007,0, 100, False, 0
1008,0, 100, False, 0
1009,0, 100, False, 0
1010,0, 100, False, 0
1011,0, 100, False, 0
1012,0, 100, False, 0
1013,0, 100, False, 0
1014,0, 100, False, 0
1015,0, 100, False, 0
1016,0, 100, False, 0
1017,0, 100, False, 0
1018,0, 100, False, 0
1019,0, 100, False, 0
1020,0, 100, False, 0
1021,0, 100, False, 0
1022,0, 100, False, 0
1023,0, 100, False, 0
1024,0, 100, False, 0
1025,0, 100, False, 0
1026,0, 100, False, 0
1027,0, 100, False, 0
1028,0, 100, False, 0
1029,0, 100, False, 0
1030,0, 100, False, 0
1031,0, 100, False, 0
1032,0, 100, False, 0
1033,0, 100, False, 0
1034,0, 100, False, 0
1035,0, 100, False, 0
1036,0, 100, False, 0
1037,0, 100, False, 0
1038,0, 100, False, 0
1039,0, 100, False, 0
1040,0, 100, False, 0
1041,0, 100, False, 0
1042,0, 100, False, 0
1043,0, 100, False, 0
1044,0, 100, False, 0
1045,0, 100, False, 0
1046,0, 100, False, 0
1047,0, 100, False, 0
1048,0, 100, False, 0
1049,0, 100, False, 0
1050,0, 100, False, 0
1051,0, 100, False, 0
1052,0, 100, False, 0
1053,0, 100, False, 0
1054,0, 100, False, 0
1055,0, 100, False, 0
1056,0, 100, False, 0
1057,0, 100, False, 0
1058,0, 100, False, 0
1059,0, 100, False, 0
1060,0, 100, False, 0
1061,0, 100, False, 0
1062,0, 100, False, 0
1063,0, 100, False, 0
1064,0, 100, False, 0
1065,0, 100, False, 0
1066,0, 100, False, 0
1067,0, 100, False, 0
1068,0, 100, False, 0
1069,0, 100, False, 0
1070,0, 100, False, 0
1071,0, 100, False, 0
1072,0, 100, False, 0
1073,0, 100, False, 0
1074,0, 100, False, 0
1075,0, 100, False, 0
1076,0, 100, False, 0
1077,0, 100, False, 0
1078,0, 100, False, 0
1079,0, 100, False, 0
1080,0, 100, False, 0
1081,0, 100, False, 0
1082,0, 100, False, 0
1083,0, 100, False, 0
1084,0, 100, False, 0
1085,0, 100, False, 0
1086,0, 100, False, 0
1087,0, 100, False, 0
1088,0, 100, False, 0
1089,0, 100, False, 0
1090,0, 100, False, 0
1091,0, 100, False, 0
1092,0, 100, False, 0
1093,0, 100, False, 0
1094,0, 100, False, 0
1095,0, 100, False, 0
1096,0, 100, False, 0
1097,0, 100, False, 0
1098,0, 100, False, 0
1099,0, 100, False, 0
1100,0, 100, False, 0
1101,0, 100, False, 0
1102,0, 100, False, 0
1103,0, 100, False, 0
1104,0, 100, False, 0
1105,0, 100, False, 0
1106,0, 100, False, 0
1107,0, 100, False, 0
1108,0, 100, False, 0
1109,0, 100, False, 0
1110,0, 100, False, 0
1111,0, 100, False, 0
1112,0, 100, False, 0
1113,0, 100, False, 0
1114,0, 100, False, 0
1115,0, 100, False, 0
1116,0, 100, False, 0
1117,0, 100, False, 0
1118,0, 100, False, 0
1119,0, 100, False, 0
1120,0, 100, False, 0
1121,0, 100, False, 0
1122,0, 100, False, 0
1123,0, 100, False, 0
1124,0, 100, False, 0
1125,0, 100, False, 0
1126,0, 100, False, 0
1127,0, 100, False, 0
1128,0, 100, False, 0
1129,0, 100, False, 0
1130,0, 100, False, 0
1131,0, 100, False, 0
1132,0, 100, False, 0
1133,0, 100, False, 0
1134,0, 100, False, 0
1135,0, 100, False, 0
1136,0, 100, False, 0
1137,0, 100, False, 0
1138,0, 100, False, 0
1139,0, 100, False, 0
1140,0, 100, False, 0
1141,0, 100, False, 0
1142,0, 100, False, 0
1143,0, 100, False, 0
1144,0, 100, False, 0
1145,0, 100, False, 0
1146,0, 100, False, 0
1147,0, 100, False, 0
1148,0, 100, False, 0
1149,0, 100, False, 0
1150,0, 100, False, 0
1151,0, 100, False, 0
1152,0, 100, False, 3
1153,0, 100, False, 3
1154,0, 100, False, 3
1155,0, 100, False, 3
1156,0, 100, False, 3
1157,0, 100, False, 3
1158,0, 100, False, 3
1159,0, 100, False, 3
1160,0, 100, False, 3
1161,0, 100, False, 3
1162,0, 100, False, 3
1163,0, 100, False, 3
1164,10, 110, False, 3
1165,0, 110, False, 3
1166,0, 110, False, 3
1167,0, 110, False, 3
1168,0, 110, False, 3
1169,0, 110, False, 3
1170,0, 110, False, 3
1171,0, 110, False, 3
1172,0, 110, False, 3
1173,0, 110, False, 3
1174,0, 110, False, 3
1175,0, 110, False, 3
1176,0, 110, False, 3
1177,0, 110, False, 3
1178,10, 120, False, 3
1179,0, 120, False, 3
1180,0, 120, False, 3
1181,0, 120, False, 3
1182,0, 120, False, 3
1183,0, 120, False, 3
1184,0, 120, False, 3
1185,0, 120, False, 3
1186,0, 120, False, 3
1187,0, 120, False, 3
1188,0, 120, False, 3
1189,0, 120, False, 3
1190,0, 120, False, 3
1191,0, 120, False, 3
1192,10, 130, False, 3
1193,0, 130, False, 3
1194,0, 130, False, 0
1195,0, 130, False, 0
1196,0, 130, False, 0
1197,0, 130, False, 0
1198,0, 130, False, 0
1199,0, 130, False, 0
1200,0, 130, False, 0
1201,0, 130, False, 0
1202,0, 130, False, 0
1203,0, 130, False, 0
1204,10, 140, False, 0
1205,0, 140, False, 4
1206,0, 140, False, 4
1207,0, 140, False, 4
1208,0, 140, False, 4
1209,0, 140, False, 4
1210,0, 140, False, 4
1211,0, 140, False, 4
1212,0, 140, False, 4
1213,0, 140, False, 4
1214,0, 140, False, 4
1215,0, 140, False, 4
1216,0, 140, False, 4
1217,0, 140, False, 4
1218,0, 140, False, 4
1219,0, 140, False, 0
1220,0, 140, False, 0
1221,0, 140, False, 0
1222,0, 140, False, 0
1223,0, 140, False, 0
1224,0, 140, False, 0
1225,0, 140, False, 0
1226,0, 140, False, 0
1227,0, 140, False, 0
1228,0, 140, False, 0
1229,0, 140, False, 0
1230,0, 140, False, 0
1231,0, 140, False, 0
1232,0, 140, False, 2
1233,0, 140, False, 2
1234,0, 140, False, 2
1235,0, 140, False, 2
1236,0, 140, False, 2
1237,0, 140, False, 0
1238,0, 140, False, 0
1239,0, 140, False, 0
1240,0, 140, False, 0
1241,0, 140, False, 3
1242,0, 140, False, 3
1243,0, 140, False, 3
1244,0, 140, False, 3
1245,0, 140, False, 3
1246,0, 140, False, 3
1247,0, 140, False, 3
1248,0, 140, False, 3
1249,0, 140, False, 0
1250,0, 140, False, 0
1251,0, 140, False, 0
1252,0, 140, False, 0
1253,0, 140, False, 0
1254,0, 140, False, 0
1255,0, 140, False, 0
1256,0, 140, False, 0
1257,0, 140, False, 0
1258,0, 140, False, 0
1259,0, 140, False, 0
1260,0, 140, False, 0
1261,0, 140, False, 0
1262,0, 140, False, 0
1263,0, 140, False, 0
1264,0, 140, False, 5
1265,0, 140, False, 5
1266,0, 140, False, 5
1267,0, 140, False, 5
1268,0, 140, False, 5
1269,0, 140, False, 5
1270,0, 140, False, 5
1271,0, 140, False, 5
1272,0, 140, False, 5
1273,0, 140, False, 5
1274,0, 140, False, 5
1275,0, 140, False, 0
1276,0, 140, False, 0
1277,0, 140, False, 0
1278,0, 140, False, 0
1279,0, 140, False, 0
1280,0, 140, False, 0
1281,0, 140, False, 0
1282,0, 140, False, 0
1283,0, 140, False, 0
1284,10, 150, False, 0
1285,0, 150, False, 0
1286,0, 150, False, 0
1287,0, 150, False, 0
1288,0, 150, False, 0
1289,0, 150, False, 0
1290,0, 150, False, 0
1291,0, 150, False, 0
1292,0, 150, False, 0
1293,0, 150, False, 0
1294,0, 150, False, 4
1295,0, 150, False, 4
1296,0, 150, False, 4
1297,0, 150, False, 4
1298,0, 150, False, 4
1299,0, 150, False, 0
1300,0, 150, False, 0
1301,0, 150, False, 0
1302,0, 150, False, 0
1303,0, 150, False, 0
1304,0, 150, False, 0
1305,0, 150, False, 0
1306,0, 150, False, 0
1307,0, 150, False, 0
1308,0, 150, False, 0
1309,0, 150, False, 0
1310,0, 150, False, 0
1311,0, 150, False, 0
1312,0, 150, False, 0
1313,0, 150, False, 0
1314,0, 150, False, 0
1315,0, 150, False, 0
1316,0, 150, False, 0
1317,0, 150, False, 0
1318,0, 150, False, 0
1319,0, 150, False, 0
1320,0, 150, False, 3
1321,0, 150, False, 3
1322,0, 150, False, 3
1323,0, 150, False, 3
1324,0, 150, False, 3
1325,0, 150, False, 3
1326,0, 150, False, 3
1327,0, 150, False, 3
1328,0, 150, False, 3
1329,0, 150, False, 0
1330,0, 150, False, 0
1331,0, 150, False, 0
1332,0, 150, False, 0
1333,0, 150, False, 0
1334,0, 150, False, 0
1335,0, 150, False, 0
1336,0, 150, False, 0
1337,0, 150, False, 0
1338,0, 150, False, 0
1339,0, 150, False, 0
1340,0, 150, False, 0
1341,0, 150, False, 0
1342,0, 150, False, 0
1343,0, 150, False, 0
1344,0, 150, False, 0
1345,0, 150, False, 0
1346,0, 150, False, 0
1347,0, 150, False, 0
1348,0, 150, False, 0
1349,0, 150, False, 0
1350,0, 150, False, 0
1351,0, 150, False, 0
1352,10, 160, False, 0
1353,0, 160, False, 5
1354,0, 160, False, 5
1355,0, 160, False, 5
1356,0, 160, False, 5
1357,0, 160, False, 5
1358,0, 160, False, 5
1359,0, 160, False, 5
1360,0, 160, False, 5
1361,0, 160, False, 5
1362,0, 160, False, 5
1363,0, 160, False, 5
1364,10, 170, False, 0
1365,0, 170, False, 0
1366,0, 170, False, 0
1367,0, 170, False, 0
1368,0, 170, False, 0
1369,0, 170, False, 0
1370,0, 170, False, 0
1371,0, 170, False, 0
1372,0, 170, False, 0
1373,0, 170, False, 0
1374,0, 170, False, 0
1375,0, 170, False, 0
1376,0, 170, False, 0
1377,0, 170, False, 0
1378,10, 180, False, 0
1379,0, 180, False, 0
1380,0, 180, False, 0
1381,0, 180, False, 0
1382,0, 180, False, 0
1383,0, 180, False, 0
1384,0, 180, False, 0
1385,0, 180, False, 0
1386,0, 180, False, 0
1387,0, 180, False, 0
1388,0, 180, False, 0
1389,0, 180, False, 0
1390,0, 180, False, 0
1391,0, 180, False, 0
1392,10, 190, False, 0
1393,0, 190, False, 0
1394,0, 190, False, 0
1395,0, 190, False, 0
1396,0, 190, False, 0
1397,0, 190, False, 0
1398,0, 190, False, 0
1399,0, 190, False, 0
1400,0, 190, False, 0
1401,0, 190, False, 0
1402,0, 190, False, 0
1403,0, 190, False, 0
1404,0, 190, False, 0
1405,0, 190, False, 0
1406,10, 200, False, 0
1407,0, 200, False, 0
1408,0, 200, False, 0
1409,0, 200, False, 0
1410,0, 200, False, 0
1411,0, 200, False, 0
1412,0, 200, False, 0
1413,0, 200, False, 0
1414,0, 200, False, 0
1415,0, 200, False, 0
1416,0, 200, False, 0
1417,0, 200, False, 0
1418,0, 200, False, 0
1419,0, 200, False, 0
1420,10, 210, False, 0
1421,0, 210, False, 3
1422,0, 210, False, 3
1423,0, 210, False, 3
1424,0, 210, False, 3
1425,0, 210, False, 3
1426,0, 210, False, 3
1427,0, 210, False, 3
1428,0, 210, False, 3
1429,0, 210, False, 3
1430,0, 210, False, 3
1431,0, 210, False, 0
1432,0, 210, False, 0
1433,0, 210, False, 0
1434,10, 220, False, 0
1435,0, 220, False, 0
1436,0, 220, False, 0
1437,0, 220, False, 0
1438,0, 220, False, 0
1439,0, 220, False, 0
1440,0, 220, False, 0
1441,0, 220, False, 0
1442,0, 220, False, 0
1443,0, 220, False, 0
1444,0, 220, False, 0
1445,0, 220, False, 0
1446,0, 220, False, 0
1447,0, 220, False, 0
1448,10, 230, False, 0
1449,0, 230, False, 0
1450,0, 230, False, 0
1451,0, 230, False, 0
1452,0, 230, False, 0
1453,0, 230, False, 0
1454,0, 230, False, 0
1455,0, 230, False, 0
1456,0, 230, False, 0
1457,0, 230, False, 0
1458,0, 230, False, 0
1459,0, 230, False, 0
1460,10, 240, False, 0
1461,0, 240, False, 0
1462,0, 240, False, 0
1463,0, 240, False, 0
1464,0, 240, False, 0
1465,0, 240, False, 0
1466,0, 240, False, 0
1467,0, 240, False, 0
1468,0, 240, False, 2
1469,0, 240, False, 2
1470,0, 240, False, 2
1471,0, 240, False, 2
1472,0, 240, False, 2
1473,0, 240, False, 2
1474,0, 240, False, 2
1475,0, 240, False, 0
1476,0, 240, False, 0
1477,0, 240, False, 0
1478,0, 240, False, 0
1479,0, 240, False, 0
1480,0, 240, False, 0
1481,0, 240, False, 0
1482,0, 240, False, 0
1483,0, 240, False, 0
1484,0, 240, False, 0
1485,0, 240, False, 0
1486,50, 290, False, 0
1487,0, 290, False, 0
1488,0, 290, False, 0
1489,0, 290, False, 0
1490,0, 290, False, 0
1491,0, 290, False, 0
1492,10, 300, False, 0
1493,0, 300, False, 0
1494,0, 300, False, 0
1495,0, 300, False, 0
1496,0, 300, False, 0
1497,0, 300, False, 0
1498,0, 300, False, 0
1499,0, 300, False, 0
1500,0, 300, False, 0
1501,0, 300, False, 0
1502,0, 300, False, 0
1503,0, 300, False, 0
1504,0, 300, False, 0
1505,0, 300, False, 0
1506,10, 310, False, 0
1507,0, 310, False, 0
1508,0, 310, False, 4
1509,0, 310, False, 4
1510,0, 310, False, 4
1511,0, 310, False, 4
1512,0, 310, False, 4
1513,0, 310, False, 4
1514,0, 310, False, 0
1515,0, 310, False, 0
1516,0, 310, False, 0
1517,0, 310, False, 0
1518,0, 310, False, 0
1519,0, 310, False, 2
1520,10, 320, False, 2
1521,0, 320, False, 2
1522,0, 320, False, 2
1523,0, 320, False, 2
1524,0, 320, False, 2
1525,0, 320, False, 0
1526,0, 320, False, 0
1527,0, 320, False, 0
1528,0, 320, False, 0
1529,0, 320, False, 0
1530,0, 320, False, 0
1531,0, 320, False, 0
1532,0, 320, False, 0
1533,0, 320, False, 0
1534,10, 330, False, 0
1535,0, 330, False, 0
1536,0, 330, False, 0
1537,0, 330, False, 0
1538,0, 330, False, 0
1539,0, 330, False, 0
1540,0, 330, False, 0
1541,0, 330, False, 0
1542,0, 330, False, 0
1543,0, 330, False, 0
1544,0, 330, False, 0
1545,0, 330, False, 0
1546,0, 330, False, 0
1547,0, 330, False, 0
1548,10, 340, False, 0
1549,0, 340, False, 0
1550,0, 340, False, 0
1551,0, 340, False, 0
1552,0, 340, False, 0
1553,0, 340, False, 0
1554,0, 340, False, 0
1555,0, 340, False, 0
1556,0, 340, False, 0
1557,0, 340, False, 0
1558,0, 340, False, 0
1559,0, 340, False, 0
1560,0, 340, False, 0
1561,0, 340, False, 0
1562,10, 350, False, 0
1563,0, 350, False, 0
1564,0, 350, False, 0
1565,0, 350, False, 0
1566,0, 350, False, 0
1567,0, 350, False, 0
1568,0, 350, False, 0
1569,0, 350, False, 0
1570,0, 350, False, 4
1571,0, 350, False, 4
1572,0, 350, False, 4
1573,0, 350, False, 4
1574,0, 350, False, 4
1575,0, 350, False, 4
1576,10, 360, False, 4
1577,0, 360, False, 4
1578,0, 360, False, 0
1579,0, 360, False, 0
1580,0, 360, False, 0
1581,0, 360, False, 0
1582,0, 360, False, 0
1583,0, 360, False, 0
1584,0, 360, False, 0
1585,0, 360, False, 0
1586,0, 360, False, 0
1587,0, 360, False, 0
1588,10, 370, False, 0
1589,0, 370, False, 0
1590,0, 370, False, 0
1591,0, 370, False, 0
1592,0, 370, False, 0
1593,0, 370, False, 0
1594,0, 370, False, 0
1595,0, 370, False, 0
1596,0, 370, False, 0
1597,0, 370, False, 0
1598,0, 370, False, 0
1599,0, 370, False, 0
1600,0, 370, False, 0
1601,0, 370, False, 0
1602,10, 380, False, 0
1603,0, 380, False, 0
1604,0, 380, False, 0
1605,0, 380, False, 0
1606,0, 380, False, 0
1607,0, 380, False, 0
1608,0, 380, False, 0
1609,0, 380, False, 0
1610,0, 380, False, 0
1611,0, 380, False, 0
1612,0, 380, False, 0
1613,0, 380, False, 0
1614,0, 380, False, 0
1615,0, 380, False, 0
1616,10, 390, False, 0
1617,0, 390, False, 0
1618,0, 390, False, 0
1619,0, 390, False, 0
1620,0, 390, False, 0
1621,0, 390, False, 0
1622,0, 390, False, 0
1623,0, 390, False, 0
1624,0, 390, False, 0
1625,0, 390, False, 0
1626,0, 390, False, 0
1627,0, 390, False, 0
1628,10, 400, False, 0
1629,0, 400, False, 0
1630,0, 400, False, 0
1631,0, 400, False, 0
1632,0, 400, False, 0
1633,0, 400, False, 0
1634,0, 400, False, 0
1635,0, 400, False, 0
1636,0, 400, False, 0
1637,0, 400, False, 0
1638,0, 400, False, 0
1639,0, 400, False, 0
1640,0, 400, False, 2
1641,0, 400, False, 2
1642,10, 410, False, 2
1643,0, 410, False, 2
1644,0, 410, False, 2
1645,0, 410, False, 2
1646,0, 410, False, 0
1647,0, 410, False, 0
1648,200, 610, False, 0
1649,0, 610, False, 0
1650,0, 610, False, 0
1651,0, 610, False, 0
1652,0, 610, False, 0
1653,0, 610, False, 0
1654,0, 610, False, 0
1655,0, 610, False, 0
1656,0, 610, False, 0
1657,0, 610, False, 0
1658,0, 610, False, 0
1659,0, 610, False, 0
1660,0, 610, False, 0
1661,0, 610, False, 0
1662,0, 610, False, 0
1663,0, 610, False, 0
1664,0, 610, False, 0
1665,0, 610, False, 0
1666,0, 610, False, 0
1667,0, 610, False, 0
1668,0, 610, False, 0
1669,0, 610, False, 0
1670,0, 610, False, 0
1671,0, 610, False, 0
1672,0, 610, False, 0
1673,0, 610, False, 0
1674,0, 610, False, 0
1675,0, 610, False, 0
1676,10, 620, False, 0
1677,0, 620, False, 0
1678,0, 620, False, 0
1679,0, 620, False, 0
1680,0, 620, False, 0
1681,0, 620, False, 0
1682,0, 620, False, 0
1683,0, 620, False, 0
1684,0, 620, False, 0
1685,0, 620, False, 0
1686,0, 620, False, 0
1687,0, 620, False, 0
1688,0, 620, False, 0
1689,0, 620, False, 0
1690,10, 630, False, 0
1691,0, 630, False, 0
1692,0, 630, False, 0
1693,0, 630, False, 0
1694,0, 630, False, 0
1695,0, 630, False, 0
1696,0, 630, False, 0
1697,0, 630, False, 0
1698,0, 630, False, 0
1699,0, 630, False, 0
1700,0, 630, False, 0
1701,0, 630, False, 0
1702,0, 630, False, 0
1703,0, 630, False, 0
1704,10, 640, False, 0
1705,0, 640, False, 0
1706,0, 640, False, 0
1707,0, 640, False, 0
1708,0, 640, False, 0
1709,0, 640, False, 4
1710,0, 640, False, 4
1711,0, 640, False, 4
1712,0, 640, False, 4
1713,0, 640, False, 4
1714,0, 640, False, 4
1715,0, 640, False, 4
1716,0, 640, False, 4
1717,0, 640, False, 4
1718,10, 650, False, 0
1719,0, 650, False, 0
1720,0, 650, False, 0
1721,0, 650, False, 0
1722,0, 650, False, 0
1723,0, 650, False, 0
1724,0, 650, False, 0
1725,0, 650, False, 0
1726,0, 650, False, 0
1727,0, 650, False, 0
1728,10, 660, False, 0
1729,0, 660, False, 0
1730,0, 660, False, 0
1731,0, 660, False, 0
1732,0, 660, False, 0
1733,0, 660, False, 0
1734,0, 660, False, 0
1735,0, 660, False, 0
1736,0, 660, False, 0
1737,0, 660, False, 0
1738,0, 660, False, 0
1739,0, 660, False, 0
1740,0, 660, False, 0
1741,0, 660, False, 0
1742,10, 670, False, 0
1743,0, 670, False, 0
1744,0, 670, False, 0
1745,0, 670, False, 0
1746,0, 670, False, 0
1747,0, 670, False, 0
1748,0, 670, False, 0
1749,0, 670, False, 0
1750,0, 670, False, 0
1751,0, 670, False, 0
1752,0, 670, False, 0
1753,0, 670, False, 0
1754,0, 670, False, 0
1755,0, 670, False, 0
1756,0, 670, False, 0
1757,0, 670, False, 0
1758,0, 670, False, 0
1759,0, 670, False, 0
1760,10, 680, False, 0
1761,0, 680, False, 0
1762,0, 680, False, 0
1763,0, 680, False, 0
1764,0, 680, False, 0
1765,0, 680, False, 0
1766,0, 680, False, 0
1767,0, 680, False, 0
1768,0, 680, False, 0
1769,0, 680, False, 0
1770,0, 680, False, 0
1771,0, 680, False, 0
1772,0, 680, False, 0
1773,0, 680, False, 0
1774,10, 690, False, 0
1775,0, 690, False, 0
1776,0, 690, False, 0
1777,0, 690, False, 0
1778,0, 690, False, 0
1779,0, 690, False, 0
1780,0, 690, False, 0
1781,0, 690, False, 0
1782,0, 690, False, 0
1783,0, 690, False, 0
1784,0, 690, False, 5
1785,0, 690, False, 5
1786,0, 690, False, 5
1787,0, 690, False, 5
1788,10, 700, False, 5
1789,0, 700, False, 5
1790,0, 700, False, 5
1791,0, 700, False, 5
1792,0, 700, False, 0
1793,0, 700, False, 0
1794,0, 700, False, 0
1795,0, 700, False, 0
1796,0, 700, False, 0
1797,0, 700, False, 0
1798,10, 710, False, 0
1799,0, 710, False, 0
1800,0, 710, False, 0
1801,0, 710, False, 0
1802,0, 710, False, 0
1803,0, 710, False, 0
1804,0, 710, False, 0
1805,0, 710, False, 0
1806,0, 710, False, 0
1807,0, 710, False, 0
1808,0, 710, False, 0
1809,0, 710, False, 0
1810,0, 710, False, 0
1811,0, 710, False, 0
1812,10, 720, False, 0
1813,0, 720, False, 0
1814,0, 720, False, 0
1815,0, 720, False, 0
1816,0, 720, False, 0
1817,0, 720, False, 0
1818,0, 720, False, 0
1819,0, 720, False, 0
1820,0, 720, False, 0
1821,0, 720, False, 0
1822,0, 720, False, 0
1823,0, 720, False, 0
1824,0, 720, False, 0
1825,0, 720, False, 0
1826,10, 730, False, 0
1827,0, 730, False, 0
1828,0, 730, False, 0
1829,0, 730, False, 0
1830,0, 730, False, 0
1831,0, 730, False, 0
1832,0, 730, False, 0
1833,0, 730, False, 0
1834,0, 730, False, 0
1835,0, 730, False, 0
1836,0, 730, False, 0
1837,0, 730, False, 0
1838,0, 730, False, 0
1839,0, 730, False, 0
1840,10, 740, False, 0
1841,0, 740, False, 0
1842,0, 740, False, 0
1843,0, 740, False, 0
1844,0, 740, False, 0
1845,0, 740, False, 0
1846,0, 740, False, 0
1847,0, 740, False, 0
1848,0, 740, False, 0
1849,0, 740, False, 0
1850,0, 740, False, 0
1851,0, 740, False, 0
1852,0, 740, False, 0
1853,0, 740, False, 0
1854,10, 750, False, 0
1855,0, 750, False, 0
1856,0, 750, False, 0
1857,0, 750, False, 0
1858,0, 750, False, 0
1859,0, 750, False, 0
1860,0, 750, False, 0
1861,0, 750, False, 0
1862,0, 750, False, 0
1863,0, 750, False, 0
1864,0, 750, False, 0
1865,0, 750, False, 0
1866,0, 750, False, 0
1867,0, 750, False, 0
1868,0, 750, False, 0
1869,0, 750, False, 0
1870,0, 750, False, 4
1871,0, 750, False, 4
1872,0, 750, False, 4
1873,0, 750, False, 4
1874,0, 750, False, 4
1875,0, 750, False, 4
1876,0, 750, False, 4
1877,0, 750, False, 4
1878,0, 750, False, 4
1879,0, 750, False, 4
1880,0, 750, False, 0
1881,0, 750, False, 0
1882,0, 750, False, 0
1883,0, 750, False, 0
1884,0, 750, False, 0
1885,0, 750, False, 0
1886,0, 750, False, 0
1887,0, 750, False, 0
1888,0, 750, False, 0
1889,0, 750, False, 0
1890,0, 750, False, 0
1891,0, 750, False, 0
1892,0, 750, False, 0
1893,0, 750, False, 0
1894,0, 750, False, 0
1895,0, 750, False, 0
1896,0, 750, False, 0
1897,0, 750, False, 0
1898,0, 750, False, 0
1899,0, 750, False, 0
1900,0, 750, False, 0
1901,0, 750, False, 0
1902,0, 750, False, 0
1903,0, 750, False, 0
1904,0, 750, False, 0
1905,0, 750, False, 0
1906,0, 750, False, 0
1907,0, 750, False, 5
1908,0, 750, False, 5
1909,0, 750, False, 5
1910,0, 750, False, 5
1911,0, 750, False, 5
1912,0, 750, False, 5
1913,0, 750, False, 5
1914,0, 750, False, 5
1915,0, 750, False, 5
1916,0, 750, False, 5
1917,0, 750, False, 5
1918,0, 750, False, 5
1919,0, 750, False, 5
1920,0, 750, False, 0
1921,0, 750, False, 0
1922,0, 750, False, 0
1923,0, 750, False, 0
1924,0, 750, False, 0
1925,0, 750, False, 0
1926,0, 750, False, 0
1927,0, 750, False, 0
1928,0, 750, False, 0
1929,0, 750, False, 0
1930,0, 750, False, 0
1931,0, 750, False, 0
1932,0, 750, False, 0
1933,0, 750, False, 0
1934,0, 750, False, 0
1935,0, 750, False, 0
1936,0, 750, False, 0
1937,0, 750, False, 0
1938,0, 750, False, 0
1939,0, 750, False, 0
1940,0, 750, False, 0
1941,0, 750, False, 0
1942,0, 750, False, 0
1943,0, 750, False, 0
1944,0, 750, False, 0
1945,0, 750, False, 0
1946,0, 750, False, 0
1947,0, 750, False, 0
1948,0, 750, False, 0
1949,0, 750, False, 0
1950,0, 750, False, 0
1951,0, 750, False, 0
1952,0, 750, False, 0
1953,0, 750, False, 0
1954,0, 750, False, 0
1955,0, 750, False, 0
1956,0, 750, False, 0
1957,0, 750, False, 0
1958,0, 750, False, 0
1959,0, 750, False, 0
1960,0, 750, False, 0
1961,0, 750, False, 0
1962,10, 760, False, 0
1963,0, 760, False, 0
1964,0, 760, False, 0
1965,0, 760, False, 0
1966,0, 760, False, 0
1967,0, 760, False, 0
1968,0, 760, False, 0
1969,0, 760, False, 3
1970,0, 760, False, 3
1971,0, 760, False, 3
1972,0, 760, False, 3
1973,0, 760, False, 3
1974,0, 760, False, 3
1975,0, 760, False, 3
1976,10, 770, False, 3
1977,0, 770, False, 3
1978,0, 770, False, 0
1979,0, 770, False, 0
1980,0, 770, False, 0
1981,0, 770, False, 0
1982,0, 770, False, 0
1983,0, 770, False, 0
1984,0, 770, False, 0
1985,0, 770, False, 0
1986,0, 770, False, 0
1987,0, 770, False, 0
1988,0, 770, False, 0
1989,0, 770, False, 0
1990,10, 780, False, 0
1991,0, 780, False, 0
1992,0, 780, False, 0
1993,0, 780, False, 0
1994,0, 780, False, 0
1995,0, 780, False, 0
1996,0, 780, False, 0
1997,0, 780, False, 0
1998,0, 780, False, 0
1999,0, 780, False, 0
2000,0, 780, False, 0
2001,0, 780, False, 0
2002,0, 780, False, 0
2003,0, 780, False, 0
2004,10, 790, False, 0
2005,0, 790, False, 0
2006,0, 790, False, 0
2007,0, 790, False, 0
2008,0, 790, False, 0
2009,0, 790, False, 0
2010,0, 790, False, 0
2011,0, 790, False, 0
2012,0, 790, False, 0
2013,0, 790, False, 0
2014,0, 790, False, 0
2015,0, 790, False, 0
2016,10, 800, False, 0
2017,0, 800, False, 0
2018,0, 800, False, 0
2019,0, 800, False, 0
2020,0, 800, False, 0
2021,0, 800, False, 0
2022,0, 800, False, 0
2023,0, 800, False, 0
2024,0, 800, False, 0
2025,0, 800, False, 0
2026,0, 800, False, 0
2027,0, 800, False, 0
2028,0, 800, False, 0
2029,0, 800, False, 0
2030,10, 810, False, 0
2031,0, 810, False, 0
2032,0, 810, False, 0
2033,0, 810, False, 0
2034,0, 810, False, 0
2035,0, 810, False, 0
2036,0, 810, False, 0
2037,0, 810, False, 0
2038,0, 810, False, 0
2039,0, 810, False, 0
2040,0, 810, False, 0
2041,0, 810, False, 0
2042,0, 810, False, 0
2043,0, 810, False, 0
2044,0, 810, False, 0
2045,0, 810, False, 0
2046,0, 810, False, 0
2047,0, 810, False, 0
2048,10, 820, False, 0
2049,0, 820, False, 0
2050,0, 820, False, 0
2051,0, 820, False, 0
2052,0, 820, False, 0
2053,0, 820, False, 0
2054,0, 820, False, 0
2055,0, 820, False, 0
2056,0, 820, False, 0
2057,0, 820, False, 0
2058,0, 820, False, 0
2059,0, 820, False, 0
2060,0, 820, False, 0
2061,0, 820, False, 0
2062,10, 830, False, 0
2063,0, 830, False, 0
2064,0, 830, False, 2
2065,0, 830, False, 2
2066,0, 830, False, 2
2067,0, 830, False, 2
2068,0, 830, False, 2
2069,0, 830, False, 2
2070,0, 830, False, 2
2071,0, 830, False, 0
2072,0, 830, False, 0
2073,0, 830, False, 0
2074,0, 830, False, 0
2075,0, 830, False, 0
2076,0, 830, False, 0
2077,0, 830, False, 0
2078,0, 830, False, 0
2079,0, 830, False, 0
2080,10, 840, False, 0
2081,0, 840, False, 0
2082,0, 840, False, 0
2083,0, 840, False, 0
2084,0, 840, False, 0
2085,0, 840, False, 0
2086,0, 840, False, 0
2087,0, 840, False, 0
2088,0, 840, False, 0
2089,0, 840, False, 0
2090,0, 840, False, 3
2091,0, 840, False, 3
2092,0, 840, False, 3
2093,0, 840, False, 3
2094,10, 850, False, 3
2095,0, 850, False, 3
2096,0, 850, False, 3
2097,0, 850, False, 3
2098,0, 850, False, 0
2099,0, 850, False, 0
2100,0, 850, False, 0
2101,0, 850, False, 0
2102,0, 850, False, 0
2103,0, 850, False, 0
2104,10, 860, False, 0
2105,0, 860, False, 0
2106,0, 860, False, 0
2107,0, 860, False, 0
2108,0, 860, False, 0
2109,0, 860, False, 0
2110,0, 860, False, 0
2111,0, 860, False, 0
2112,0, 860, False, 0
2113,0, 860, False, 2
2114,0, 860, False, 2
2115,0, 860, False, 2
2116,10, 870, False, 2
2117,0, 870, False, 2
2118,0, 870, False, 2
2119,0, 870, False, 2
2120,0, 870, False, 0
2121,0, 870, False, 0
2122,0, 870, False, 0
2123,0, 870, False, 0
2124,0, 870, False, 0
2125,0, 870, False, 0
2126,0, 870, False, 0
2127,0, 870, False, 0
2128,0, 870, False, 0
2129,0, 870, False, 0
2130,0, 870, False, 0
2131,0, 870, False, 0
2132,0, 870, False, 0
2133,0, 870, False, 0
2134,0, 870, False, 0
2135,0, 870, False, 0
2136,0, 870, False, 0
2137,0, 870, False, 0
2138,0, 870, False, 0
2139,0, 870, False, 0
2140,0, 870, False, 0
2141,0, 870, False, 0
2142,0, 870, False, 0
2143,0, 870, False, 0
2144,0, 870, False, 0
2145,0, 870, False, 0
2146,0, 870, False, 0
2147,0, 870, False, 0
2148,0, 870, False, 0
2149,0, 870, False, 0
2150,0, 870, False, 0
2151,0, 870, False, 0
2152,0, 870, False, 0
2153,0, 870, False, 2
2154,0, 870, False, 2
2155,0, 870, False, 2
2156,0, 870, False, 2
2157,0, 870, False, 2
2158,0, 870, False, 2
2159,0, 870, False, 0
2160,0, 870, False, 0
2161,0, 870, False, 0
2162,0, 870, False, 0
2163,0, 870, False, 0
2164,10, 880, False, 0
2165,0, 880, False, 0
2166,0, 880, False, 0
2167,0, 880, False, 0
2168,0, 880, False, 0
2169,0, 880, False, 0
2170,0, 880, False, 0
2171,0, 880, False, 0
2172,0, 880, False, 0
2173,0, 880, False, 0
2174,0, 880, False, 0
2175,0, 880, False, 0
2176,0, 880, False, 0
2177,0, 880, False, 0
2178,10, 890, False, 0
2179,0, 890, False, 0
2180,0, 890, False, 0
2181,0, 890, False, 0
2182,0, 890, False, 0
2183,0, 890, False, 0
2184,0, 890, False, 0
2185,0, 890, False, 4
2186,0, 890, False, 4
2187,0, 890, False, 4
2188,0, 890, False, 4
2189,0, 890, False, 4
2190,0, 890, False, 4
2191,0, 890, False, 4
2192,0, 890, False, 4
2193,0, 890, False, 0
2194,0, 890, False, 0
2195,0, 890, False, 0
2196,0, 890, False, 0
2197,0, 890, False, 0
2198,0, 890, False, 0
2199,0, 890, False, 0
2200,0, 890, False, 0
2201,0, 890, False, 0
2202,0, 890, False, 0
2203,0, 890, False, 0
2204,0, 890, False, 0
2205,0, 890, False, 0
2206,0, 890, False, 0
2207,0, 890, False, 0
2208,0, 890, False, 0
2209,0, 890, False, 0
2210,0, 890, False, 0
2211,0, 890, False, 0
2212,0, 890, False, 0
2213,0, 890, False, 4
2214,0, 890, False, 4
2215,0, 890, False, 4
2216,0, 890, False, 4
2217,0, 890, False, 4
2218,0, 890, False, 0
2219,0, 890, False, 0
2220,0, 890, False, 0
2221,0, 890, False, 0
2222,0, 890, False, 0
2223,0, 890, False, 0
2224,0, 890, False, 0
2225,0, 890, False, 0
2226,0, 890, False, 0
2227,0, 890, False, 0
2228,0, 890, False, 0
2229,0, 890, False, 0
2230,0, 890, False, 0
2231,0, 890, False, 0
2232,0, 890, False, 0
2233,0, 890, False, 0
2234,0, 890, False, 0
2235,0, 890, False, 0
2236,0, 890, False, 0
2237,0, 890, False, 0
2238,0, 890, False, 0
2239,0, 890, False, 0
2240,0, 890, False, 0
2241,0, 890, False, 0
2242,0, 890, False, 0
2243,0, 890, False, 0
2244,0, 890, False, 0
2245,0, 890, False, 0
2246,0, 890, False, 0
2247,0, 890, False, 0
2248,0, 890, False, 0
2249,0, 890, False, 0
2250,0, 890, False, 0
2251,0, 890, False, 0
2252,0, 890, False, 0
2253,0, 890, False, 0
2254,0, 890, False, 0
2255,0, 890, False, 0
2256,0, 890, False, 0
2257,0, 890, False, 0
2258,0, 890, False, 0
2259,0, 890, False, 0
2260,0, 890, False, 0
2261,0, 890, False, 0
2262,0, 890, False, 0
2263,0, 890, False, 0
2264,0, 890, False, 0
2265,0, 890, False, 0
2266,0, 890, False, 0
2267,0, 890, False, 0
2268,0, 890, False, 0
2269,0, 890, False, 0
2270,0, 890, False, 0
2271,0, 890, False, 0
2272,0, 890, False, 0
2273,0, 890, False, 0
2274,0, 890, False, 0
2275,0, 890, False, 0
2276,0, 890, True, 0
