db traj id : 2171
frame,reward,score,terminal, action
0,0, 0, False, 0
1,0, 0, False, 0
2,0, 0, False, 0
3,0, 0, False, 0
4,0, 0, False, 0
5,0, 0, False, 0
6,0, 0, False, 0
7,0, 0, False, 0
8,0, 0, False, 0
9,0, 0, False, 0
10,0, 0, False, 0
11,0, 0, False, 0
12,0, 0, False, 0
13,0, 0, False, 0
14,0, 0, False, 0
15,0, 0, False, 0
16,0, 0, False, 0
17,0, 0, False, 0
18,0, 0, False, 0
19,0, 0, False, 0
20,0, 0, False, 0
21,0, 0, False, 0
22,0, 0, False, 0
23,0, 0, False, 0
24,0, 0, False, 0
25,0, 0, False, 0
26,0, 0, False, 0
27,0, 0, False, 0
28,0, 0, False, 0
29,0, 0, False, 3
30,0, 0, False, 3
31,0, 0, False, 3
32,0, 0, False, 3
33,0, 0, False, 3
34,0, 0, False, 3
35,0, 0, False, 3
36,0, 0, False, 3
37,0, 0, False, 3
38,0, 0, False, 3
39,0, 0, False, 3
40,0, 0, False, 3
41,0, 0, False, 3
42,0, 0, False, 3
43,0, 0, False, 3
44,0, 0, False, 3
45,0, 0, False, 3
46,0, 0, False, 3
47,0, 0, False, 3
48,0, 0, False, 3
49,0, 0, False, 3
50,0, 0, False, 3
51,0, 0, False, 3
52,0, 0, False, 3
53,0, 0, False, 0
54,0, 0, False, 0
55,0, 0, False, 0
56,0, 0, False, 0
57,0, 0, False, 0
58,0, 0, False, 0
59,0, 0, False, 0
60,0, 0, False, 5
61,0, 0, False, 5
62,0, 0, False, 5
63,0, 0, False, 5
64,0, 0, False, 0
65,0, 0, False, 0
66,0, 0, False, 0
67,0, 0, False, 0
68,0, 0, False, 0
69,0, 0, False, 0
70,0, 0, False, 5
71,0, 0, False, 5
72,0, 0, False, 5
73,0, 0, False, 5
74,0, 0, False, 5
75,0, 0, False, 0
76,0, 0, False, 0
77,0, 0, False, 0
78,0, 0, False, 0
79,0, 0, False, 0
80,0, 0, False, 0
81,0, 0, False, 0
82,0, 0, False, 5
83,0, 0, False, 5
84,0, 0, False, 5
85,0, 0, False, 5
86,0, 0, False, 0
87,0, 0, False, 0
88,0, 0, False, 0
89,0, 0, False, 0
90,0, 0, False, 0
91,0, 0, False, 0
92,0, 0, False, 0
93,0, 0, False, 0
94,0, 0, False, 5
95,0, 0, False, 5
96,0, 0, False, 5
97,0, 0, False, 5
98,0, 0, False, 0
99,0, 0, False, 0
100,0, 0, False, 0
101,0, 0, False, 0
102,0, 0, False, 0
103,0, 0, False, 0
104,0, 0, False, 5
105,0, 0, False, 5
106,0, 0, False, 5
107,0, 0, False, 5
108,0, 0, False, 0
109,0, 0, False, 0
110,0, 0, False, 0
111,0, 0, False, 0
112,0, 0, False, 0
113,0, 0, False, 0
114,0, 0, False, 5
115,0, 0, False, 5
116,0, 0, False, 5
117,0, 0, False, 5
118,0, 0, False, 0
119,0, 0, False, 0
120,0, 0, False, 0
121,0, 0, False, 0
122,0, 0, False, 0
123,0, 0, False, 0
124,0, 0, False, 5
125,0, 0, False, 5
126,0, 0, False, 5
127,0, 0, False, 5
128,0, 0, False, 5
129,0, 0, False, 0
130,0, 0, False, 0
131,0, 0, False, 0
132,0, 0, False, 0
133,0, 0, False, 0
134,0, 0, False, 0
135,0, 0, False, 5
136,0, 0, False, 5
137,0, 0, False, 5
138,0, 0, False, 5
139,0, 0, False, 5
140,0, 0, False, 5
141,0, 0, False, 5
142,0, 0, False, 0
143,0, 0, False, 0
144,0, 0, False, 0
145,0, 0, False, 0
146,0, 0, False, 0
147,0, 0, False, 5
148,0, 0, False, 5
149,0, 0, False, 5
150,0, 0, False, 5
151,0, 0, False, 5
152,0, 0, False, 5
153,0, 0, False, 5
154,0, 0, False, 5
155,0, 0, False, 0
156,0, 0, False, 0
157,0, 0, False, 0
158,0, 0, False, 0
159,0, 0, False, 0
160,0, 0, False, 0
161,0, 0, False, 0
162,0, 0, False, 5
163,0, 0, False, 5
164,0, 0, False, 5
165,0, 0, False, 5
166,0, 0, False, 5
167,0, 0, False, 0
168,0, 0, False, 0
169,0, 0, False, 0
170,0, 0, False, 0
171,0, 0, False, 0
172,0, 0, False, 0
173,0, 0, False, 0
174,0, 0, False, 0
175,0, 0, False, 5
176,0, 0, False, 5
177,0, 0, False, 5
178,0, 0, False, 5
179,0, 0, False, 0
180,0, 0, False, 0
181,0, 0, False, 0
182,0, 0, False, 0
183,0, 0, False, 0
184,0, 0, False, 0
185,0, 0, False, 0
186,0, 0, False, 5
187,0, 0, False, 5
188,0, 0, False, 5
189,0, 0, False, 5
190,0, 0, False, 5
191,0, 0, False, 0
192,0, 0, False, 0
193,0, 0, False, 0
194,0, 0, False, 0
195,0, 0, False, 0
196,0, 0, False, 0
197,0, 0, False, 0
198,0, 0, False, 0
199,0, 0, False, 5
200,0, 0, False, 5
201,0, 0, False, 5
202,0, 0, False, 5
203,0, 0, False, 5
204,0, 0, False, 5
205,0, 0, False, 0
206,0, 0, False, 0
207,0, 0, False, 0
208,0, 0, False, 0
209,0, 0, False, 0
210,0, 0, False, 1
211,0, 0, False, 1
212,0, 0, False, 1
213,0, 0, False, 1
214,0, 0, False, 1
215,0, 0, False, 1
216,0, 0, False, 1
217,0, 0, False, 1
218,0, 0, False, 1
219,0, 0, False, 1
220,0, 0, False, 1
221,0, 0, False, 1
222,0, 0, False, 0
223,0, 0, False, 0
224,0, 0, False, 0
225,0, 0, False, 0
226,0, 0, False, 0
227,0, 0, False, 0
228,0, 0, False, 0
229,0, 0, False, 0
230,0, 0, False, 0
231,0, 0, False, 0
232,0, 0, False, 0
233,0, 0, False, 0
234,0, 0, False, 0
235,0, 0, False, 0
236,0, 0, False, 0
237,0, 0, False, 0
238,0, 0, False, 0
239,0, 0, False, 5
240,0, 0, False, 5
241,0, 0, False, 5
242,0, 0, False, 5
243,0, 0, False, 0
244,0, 0, False, 0
245,0, 0, False, 0
246,0, 0, False, 0
247,0, 0, False, 0
248,0, 0, False, 0
249,0, 0, False, 0
250,0, 0, False, 0
251,0, 0, False, 0
252,0, 0, False, 5
253,0, 0, False, 5
254,0, 0, False, 5
255,0, 0, False, 5
256,0, 0, False, 0
257,0, 0, False, 0
258,0, 0, False, 0
259,0, 0, False, 0
260,0, 0, False, 0
261,0, 0, False, 0
262,0, 0, False, 0
263,0, 0, False, 0
264,0, 0, False, 0
265,0, 0, False, 0
266,0, 0, False, 5
267,0, 0, False, 5
268,0, 0, False, 5
269,0, 0, False, 0
270,0, 0, False, 0
271,0, 0, False, 0
272,10, 10, False, 0
273,0, 10, False, 0
274,0, 10, False, 0
275,0, 10, False, 0
276,0, 10, False, 0
277,0, 10, False, 0
278,0, 10, False, 0
279,0, 10, False, 0
280,0, 10, False, 0
281,0, 10, False, 0
282,0, 10, False, 0
283,0, 10, False, 0
284,0, 10, False, 0
285,0, 10, False, 0
286,10, 20, False, 0
287,0, 20, False, 0
288,0, 20, False, 0
289,0, 20, False, 0
290,0, 20, False, 0
291,0, 20, False, 0
292,0, 20, False, 0
293,0, 20, False, 0
294,0, 20, False, 0
295,0, 20, False, 0
296,0, 20, False, 0
297,0, 20, False, 0
298,0, 20, False, 0
299,0, 20, False, 0
300,10, 30, False, 0
301,0, 30, False, 0
302,0, 30, False, 0
303,0, 30, False, 0
304,0, 30, False, 0
305,0, 30, False, 0
306,0, 30, False, 0
307,0, 30, False, 0
308,0, 30, False, 0
309,0, 30, False, 0
310,0, 30, False, 0
311,0, 30, False, 0
312,10, 40, False, 0
313,0, 40, False, 0
314,0, 40, False, 5
315,0, 40, False, 5
316,0, 40, False, 5
317,0, 40, False, 5
318,0, 40, False, 5
319,0, 40, False, 5
320,0, 40, False, 5
321,0, 40, False, 5
322,0, 40, False, 5
323,0, 40, False, 5
324,10, 50, False, 0
325,0, 50, False, 0
326,0, 50, False, 0
327,0, 50, False, 0
328,0, 50, False, 0
329,0, 50, False, 0
330,0, 50, False, 0
331,0, 50, False, 5
332,0, 50, False, 5
333,0, 50, False, 5
334,0, 50, False, 0
335,0, 50, False, 0
336,0, 50, False, 0
337,0, 50, False, 0
338,10, 60, False, 0
339,0, 60, False, 0
340,0, 60, False, 0
341,0, 60, False, 0
342,0, 60, False, 0
343,0, 60, False, 0
344,0, 60, False, 0
345,0, 60, False, 0
346,0, 60, False, 0
347,0, 60, False, 0
348,0, 60, False, 0
349,0, 60, False, 0
350,0, 60, False, 0
351,0, 60, False, 5
352,10, 70, False, 5
353,0, 70, False, 5
354,0, 70, False, 5
355,0, 70, False, 5
356,0, 70, False, 5
357,0, 70, False, 0
358,0, 70, False, 0
359,0, 70, False, 0
360,0, 70, False, 0
361,0, 70, False, 0
362,0, 70, False, 0
363,0, 70, False, 0
364,0, 70, False, 0
365,0, 70, False, 0
366,0, 70, False, 0
367,0, 70, False, 0
368,0, 70, False, 0
369,0, 70, False, 4
370,0, 70, False, 4
371,0, 70, False, 4
372,0, 70, False, 4
373,0, 70, False, 0
374,0, 70, False, 0
375,0, 70, False, 0
376,0, 70, False, 3
377,0, 70, False, 3
378,0, 70, False, 3
379,0, 70, False, 3
380,0, 70, False, 3
381,0, 70, False, 3
382,0, 70, False, 3
383,0, 70, False, 3
384,10, 80, False, 3
385,0, 80, False, 3
386,0, 80, False, 3
387,0, 80, False, 3
388,0, 80, False, 3
389,0, 80, False, 3
390,0, 80, False, 0
391,0, 80, False, 0
392,0, 80, False, 0
393,0, 80, False, 0
394,0, 80, False, 0
395,0, 80, False, 0
396,0, 80, False, 0
397,0, 80, False, 0
398,10, 90, False, 0
399,0, 90, False, 0
400,0, 90, False, 0
401,0, 90, False, 0
402,0, 90, False, 0
403,0, 90, False, 0
404,0, 90, False, 0
405,0, 90, False, 0
406,0, 90, False, 0
407,0, 90, False, 0
408,0, 90, False, 0
409,0, 90, False, 0
410,0, 90, False, 0
411,0, 90, False, 0
412,0, 90, False, 0
413,0, 90, False, 0
414,0, 90, False, 0
415,0, 90, False, 0
416,0, 90, False, 0
417,0, 90, False, 0
418,0, 90, False, 2
419,0, 90, False, 2
420,0, 90, False, 2
421,0, 90, False, 2
422,0, 90, False, 2
423,0, 90, False, 2
424,0, 90, False, 2
425,0, 90, False, 0
426,0, 90, False, 0
427,0, 90, False, 0
428,0, 90, False, 0
429,0, 90, False, 0
430,10, 100, False, 0
431,0, 100, False, 0
432,0, 100, False, 0
433,0, 100, False, 0
434,0, 100, False, 0
435,0, 100, False, 0
436,0, 100, False, 0
437,0, 100, False, 0
438,0, 100, False, 0
439,0, 100, False, 0
440,0, 100, False, 0
441,0, 100, False, 0
442,0, 100, False, 0
443,0, 100, False, 0
444,10, 110, False, 0
445,0, 110, False, 3
446,0, 110, False, 3
447,0, 110, False, 3
448,0, 110, False, 3
449,0, 110, False, 3
450,0, 110, False, 3
451,0, 110, False, 3
452,0, 110, False, 3
453,0, 110, False, 3
454,0, 110, False, 3
455,0, 110, False, 3
456,0, 110, False, 3
457,0, 110, False, 3
458,0, 110, False, 3
459,0, 110, False, 3
460,0, 110, False, 3
461,0, 110, False, 3
462,0, 110, False, 3
463,0, 110, False, 3
464,0, 110, False, 3
465,0, 110, False, 3
466,0, 110, False, 0
467,0, 110, False, 0
468,0, 110, False, 0
469,0, 110, False, 0
470,0, 110, False, 0
471,0, 110, False, 0
472,0, 110, False, 0
473,0, 110, False, 0
474,0, 110, False, 0
475,0, 110, False, 0
476,0, 110, False, 0
477,0, 110, False, 0
478,0, 110, False, 0
479,0, 110, False, 0
480,0, 110, False, 0
481,0, 110, False, 0
482,10, 120, False, 0
483,0, 120, False, 0
484,0, 120, False, 0
485,0, 120, False, 0
486,0, 120, False, 0
487,0, 120, False, 0
488,0, 120, False, 0
489,0, 120, False, 0
490,0, 120, False, 0
491,0, 120, False, 0
492,0, 120, False, 0
493,0, 120, False, 0
494,0, 120, False, 0
495,0, 120, False, 0
496,10, 130, False, 0
497,0, 130, False, 0
498,0, 130, False, 0
499,0, 130, False, 0
500,0, 130, False, 0
501,0, 130, False, 0
502,0, 130, False, 0
503,0, 130, False, 0
504,0, 130, False, 0
505,0, 130, False, 0
506,0, 130, False, 0
507,0, 130, False, 0
508,10, 140, False, 0
509,0, 140, False, 0
510,0, 140, False, 0
511,0, 140, False, 0
512,0, 140, False, 0
513,0, 140, False, 0
514,0, 140, False, 0
515,0, 140, False, 0
516,0, 140, False, 0
517,0, 140, False, 0
518,0, 140, False, 0
519,0, 140, False, 0
520,0, 140, False, 0
521,0, 140, False, 0
522,10, 150, False, 0
523,0, 150, False, 0
524,0, 150, False, 0
525,0, 150, False, 0
526,0, 150, False, 0
527,0, 150, False, 0
528,0, 150, False, 0
529,0, 150, False, 0
530,0, 150, False, 0
531,0, 150, False, 0
532,0, 150, False, 0
533,0, 150, False, 0
534,0, 150, False, 0
535,0, 150, False, 0
536,10, 160, False, 0
537,0, 160, False, 0
538,0, 160, False, 0
539,0, 160, False, 0
540,0, 160, False, 0
541,0, 160, False, 0
542,0, 160, False, 0
543,0, 160, False, 0
544,0, 160, False, 0
545,0, 160, False, 0
546,0, 160, False, 0
547,0, 160, False, 0
548,10, 170, False, 0
549,0, 170, False, 0
550,0, 170, False, 0
551,0, 170, False, 0
552,0, 170, False, 0
553,0, 170, False, 0
554,0, 170, False, 0
555,0, 170, False, 0
556,0, 170, False, 0
557,0, 170, False, 5
558,0, 170, False, 5
559,0, 170, False, 5
560,0, 170, False, 5
561,0, 170, False, 5
562,0, 170, False, 5
563,0, 170, False, 5
564,10, 180, False, 5
565,0, 180, False, 5
566,0, 180, False, 5
567,0, 180, False, 0
568,0, 180, False, 0
569,0, 180, False, 0
570,0, 180, False, 0
571,0, 180, False, 0
572,0, 180, False, 0
573,0, 180, False, 0
574,0, 180, False, 0
575,0, 180, False, 0
576,0, 180, False, 0
577,0, 180, False, 0
578,10, 190, False, 0
579,0, 190, False, 0
580,0, 190, False, 0
581,0, 190, False, 0
582,0, 190, False, 0
583,0, 190, False, 0
584,0, 190, False, 0
585,0, 190, False, 0
586,0, 190, False, 0
587,0, 190, False, 0
588,0, 190, False, 0
589,0, 190, False, 0
590,0, 190, False, 0
591,0, 190, False, 0
592,10, 200, False, 0
593,0, 200, False, 0
594,0, 200, False, 0
595,0, 200, False, 0
596,0, 200, False, 0
597,0, 200, False, 0
598,0, 200, False, 0
599,0, 200, False, 0
600,0, 200, False, 0
601,0, 200, False, 0
602,0, 200, False, 0
603,0, 200, False, 0
604,0, 200, False, 0
605,0, 200, False, 0
606,10, 210, False, 0
607,0, 210, False, 0
608,0, 210, False, 0
609,0, 210, False, 0
610,0, 210, False, 0
611,0, 210, False, 0
612,0, 210, False, 0
613,0, 210, False, 0
614,0, 210, False, 0
615,0, 210, False, 0
616,0, 210, False, 0
617,0, 210, False, 0
618,0, 210, False, 0
619,0, 210, False, 0
620,10, 220, False, 0
621,0, 220, False, 0
622,0, 220, False, 0
623,0, 220, False, 0
624,0, 220, False, 0
625,0, 220, False, 0
626,0, 220, False, 0
627,0, 220, False, 0
628,0, 220, False, 3
629,0, 220, False, 3
630,0, 220, False, 3
631,0, 220, False, 3
632,0, 220, False, 3
633,0, 220, False, 3
634,0, 220, False, 3
635,0, 220, False, 3
636,10, 230, False, 3
637,0, 230, False, 0
638,0, 230, False, 0
639,0, 230, False, 0
640,0, 230, False, 0
641,0, 230, False, 0
642,0, 230, False, 0
643,0, 230, False, 0
644,0, 230, False, 0
645,0, 230, False, 0
646,0, 230, False, 0
647,0, 230, False, 0
648,0, 230, False, 0
649,0, 230, False, 0
650,10, 240, False, 0
651,0, 240, False, 0
652,0, 240, False, 0
653,0, 240, False, 0
654,0, 240, False, 0
655,0, 240, False, 0
656,0, 240, False, 0
657,0, 240, False, 0
658,0, 240, False, 0
659,0, 240, False, 0
660,0, 240, False, 0
661,0, 240, False, 0
662,0, 240, False, 0
663,0, 240, False, 0
664,10, 250, False, 0
665,0, 250, False, 0
666,0, 250, False, 0
667,0, 250, False, 2
668,0, 250, False, 2
669,0, 250, False, 2
670,0, 250, False, 2
671,0, 250, False, 2
672,0, 250, False, 2
673,0, 250, False, 2
674,0, 250, False, 0
675,0, 250, False, 0
676,0, 250, False, 0
677,0, 250, False, 0
678,0, 250, False, 0
679,0, 250, False, 0
680,0, 250, False, 0
681,0, 250, False, 0
682,0, 250, False, 0
683,0, 250, False, 0
684,0, 250, False, 0
685,0, 250, False, 0
686,50, 300, False, 0
687,0, 300, False, 0
688,0, 300, False, 0
689,0, 300, False, 0
690,0, 300, False, 0
691,0, 300, False, 0
692,10, 310, False, 0
693,0, 310, False, 0
694,0, 310, False, 0
695,0, 310, False, 0
696,0, 310, False, 0
697,0, 310, False, 0
698,0, 310, False, 0
699,0, 310, False, 0
700,0, 310, False, 0
701,0, 310, False, 0
702,0, 310, False, 4
703,0, 310, False, 4
704,0, 310, False, 4
705,0, 310, False, 4
706,10, 320, False, 4
707,0, 320, False, 4
708,0, 320, False, 4
709,0, 320, False, 4
710,0, 320, False, 4
711,0, 320, False, 0
712,0, 320, False, 0
713,0, 320, False, 0
714,0, 320, False, 0
715,0, 320, False, 0
716,0, 320, False, 0
717,0, 320, False, 0
718,10, 330, False, 0
719,0, 330, False, 0
720,0, 330, False, 0
721,0, 330, False, 0
722,0, 330, False, 0
723,0, 330, False, 0
724,0, 330, False, 0
725,0, 330, False, 0
726,0, 330, False, 0
727,0, 330, False, 0
728,0, 330, False, 0
729,0, 330, False, 0
730,0, 330, False, 0
731,0, 330, False, 0
732,10, 340, False, 0
733,0, 340, False, 0
734,0, 340, False, 0
735,0, 340, False, 0
736,0, 340, False, 0
737,0, 340, False, 0
738,0, 340, False, 0
739,0, 340, False, 0
740,0, 340, False, 0
741,0, 340, False, 0
742,0, 340, False, 0
743,0, 340, False, 0
744,0, 340, False, 0
745,0, 340, False, 0
746,0, 340, False, 0
747,0, 340, False, 0
748,0, 340, False, 0
749,0, 340, False, 0
750,0, 340, False, 0
751,0, 340, False, 2
752,0, 340, False, 2
753,0, 340, False, 2
754,0, 340, False, 2
755,0, 340, False, 2
756,0, 340, False, 2
757,0, 340, False, 2
758,0, 340, False, 2
759,0, 340, False, 0
760,0, 340, False, 0
761,0, 340, False, 0
762,0, 340, False, 0
763,0, 340, False, 0
764,0, 340, False, 0
765,0, 340, False, 0
766,0, 340, False, 0
767,0, 340, False, 0
768,0, 340, False, 0
769,0, 340, False, 0
770,0, 340, False, 0
771,0, 340, False, 0
772,0, 340, False, 0
773,0, 340, False, 0
774,0, 340, False, 0
775,0, 340, False, 0
776,0, 340, False, 0
777,0, 340, False, 4
778,0, 340, False, 4
779,0, 340, False, 4
780,0, 340, False, 4
781,0, 340, False, 4
782,0, 340, False, 4
783,0, 340, False, 4
784,0, 340, False, 4
785,0, 340, False, 0
786,0, 340, False, 0
787,0, 340, False, 0
788,0, 340, False, 0
789,0, 340, False, 0
790,0, 340, False, 0
791,0, 340, False, 0
792,0, 340, False, 0
793,0, 340, False, 0
794,0, 340, False, 0
795,0, 340, False, 0
796,0, 340, False, 0
797,0, 340, False, 0
798,0, 340, False, 0
799,0, 340, False, 0
800,0, 340, False, 0
801,0, 340, False, 0
802,0, 340, False, 5
803,0, 340, False, 5
804,0, 340, False, 5
805,0, 340, False, 5
806,0, 340, False, 5
807,0, 340, False, 5
808,0, 340, False, 5
809,0, 340, False, 5
810,0, 340, False, 0
811,0, 340, False, 0
812,0, 340, False, 0
813,0, 340, False, 0
814,0, 340, False, 0
815,0, 340, False, 0
816,0, 340, False, 0
817,0, 340, False, 0
818,0, 340, False, 0
819,0, 340, False, 0
820,0, 340, False, 0
821,0, 340, False, 0
822,0, 340, False, 0
823,0, 340, False, 0
824,0, 340, False, 0
825,0, 340, False, 0
826,0, 340, False, 0
827,0, 340, False, 0
828,0, 340, False, 0
829,0, 340, False, 0
830,0, 340, False, 0
831,0, 340, False, 0
832,0, 340, False, 0
833,0, 340, False, 0
834,0, 340, False, 0
835,0, 340, False, 0
836,0, 340, False, 0
837,0, 340, False, 0
838,0, 340, False, 0
839,0, 340, False, 0
840,0, 340, False, 0
841,0, 340, False, 0
842,0, 340, False, 0
843,0, 340, False, 0
844,0, 340, False, 0
845,0, 340, False, 0
846,0, 340, False, 0
847,0, 340, False, 0
848,0, 340, False, 0
849,0, 340, False, 0
850,0, 340, False, 0
851,0, 340, False, 0
852,0, 340, False, 0
853,0, 340, False, 0
854,0, 340, False, 0
855,0, 340, False, 0
856,0, 340, False, 0
857,0, 340, False, 0
858,0, 340, False, 0
859,0, 340, False, 0
860,0, 340, False, 0
861,0, 340, False, 0
862,0, 340, False, 0
863,0, 340, False, 0
864,0, 340, False, 0
865,0, 340, False, 0
866,0, 340, False, 0
867,0, 340, False, 0
868,0, 340, False, 0
869,0, 340, False, 2
870,0, 340, False, 2
871,0, 340, False, 2
872,0, 340, False, 2
873,0, 340, False, 2
874,0, 340, False, 2
875,0, 340, False, 2
876,0, 340, False, 2
877,0, 340, False, 0
878,0, 340, False, 0
879,0, 340, False, 0
880,0, 340, False, 0
881,0, 340, False, 0
882,0, 340, False, 0
883,0, 340, False, 0
884,0, 340, False, 0
885,0, 340, False, 0
886,0, 340, False, 0
887,0, 340, False, 0
888,10, 350, False, 0
889,0, 350, False, 0
890,0, 350, False, 0
891,0, 350, False, 0
892,0, 350, False, 0
893,0, 350, False, 0
894,0, 350, False, 0
895,0, 350, False, 0
896,0, 350, False, 0
897,0, 350, False, 0
898,0, 350, False, 0
899,0, 350, False, 0
900,10, 360, False, 0
901,0, 360, False, 0
902,0, 360, False, 0
903,0, 360, False, 0
904,0, 360, False, 0
905,0, 360, False, 0
906,0, 360, False, 0
907,0, 360, False, 0
908,0, 360, False, 0
909,0, 360, False, 5
910,0, 360, False, 5
911,0, 360, False, 5
912,0, 360, False, 5
913,0, 360, False, 5
914,0, 360, False, 5
915,0, 360, False, 5
916,10, 370, False, 5
917,0, 370, False, 0
918,0, 370, False, 0
919,0, 370, False, 0
920,0, 370, False, 0
921,0, 370, False, 0
922,0, 370, False, 0
923,0, 370, False, 0
924,0, 370, False, 0
925,0, 370, False, 0
926,0, 370, False, 0
927,0, 370, False, 0
928,0, 370, False, 0
929,0, 370, False, 0
930,10, 380, False, 0
931,0, 380, False, 0
932,0, 380, False, 0
933,0, 380, False, 0
934,0, 380, False, 4
935,0, 380, False, 4
936,0, 380, False, 4
937,0, 380, False, 4
938,0, 380, False, 4
939,0, 380, False, 4
940,0, 380, False, 4
941,0, 380, False, 4
942,0, 380, False, 4
943,0, 380, False, 0
944,0, 380, False, 0
945,0, 380, False, 0
946,10, 390, False, 0
947,0, 390, False, 0
948,0, 390, False, 0
949,0, 390, False, 0
950,0, 390, False, 0
951,0, 390, False, 0
952,0, 390, False, 0
953,0, 390, False, 0
954,0, 390, False, 0
955,0, 390, False, 0
956,0, 390, False, 0
957,0, 390, False, 0
958,0, 390, False, 0
959,0, 390, False, 0
960,10, 400, False, 0
961,0, 400, False, 0
962,0, 400, False, 0
963,0, 400, False, 0
964,0, 400, False, 2
965,0, 400, False, 2
966,0, 400, False, 2
967,0, 400, False, 2
968,0, 400, False, 2
969,0, 400, False, 2
970,0, 400, False, 2
971,0, 400, False, 2
972,10, 410, False, 0
973,0, 410, False, 0
974,0, 410, False, 0
975,0, 410, False, 0
976,0, 410, False, 0
977,0, 410, False, 0
978,0, 410, False, 0
979,0, 410, False, 0
980,0, 410, False, 0
981,0, 410, False, 0
982,0, 410, False, 0
983,0, 410, False, 0
984,0, 410, False, 0
985,0, 410, False, 0
986,0, 410, False, 0
987,0, 410, False, 0
988,0, 410, False, 0
989,0, 410, False, 0
990,0, 410, False, 0
991,0, 410, False, 0
992,0, 410, False, 0
993,0, 410, False, 0
994,0, 410, False, 0
995,0, 410, False, 0
996,0, 410, False, 0
997,0, 410, False, 0
998,0, 410, False, 0
999,0, 410, False, 0
1000,0, 410, False, 0
1001,0, 410, False, 0
1002,0, 410, False, 0
1003,0, 410, False, 0
1004,0, 410, False, 5
1005,0, 410, False, 5
1006,0, 410, False, 5
1007,0, 410, False, 5
1008,0, 410, False, 5
1009,0, 410, False, 5
1010,0, 410, False, 5
1011,0, 410, False, 5
1012,10, 420, False, 0
1013,0, 420, False, 0
1014,0, 420, False, 0
1015,0, 420, False, 0
1016,0, 420, False, 0
1017,0, 420, False, 0
1018,0, 420, False, 0
1019,0, 420, False, 0
1020,0, 420, False, 0
1021,0, 420, False, 0
1022,0, 420, False, 0
1023,0, 420, False, 0
1024,0, 420, False, 2
1025,0, 420, False, 2
1026,0, 420, False, 2
1027,0, 420, False, 2
1028,0, 420, False, 2
1029,0, 420, False, 2
1030,0, 420, False, 2
1031,0, 420, False, 2
1032,0, 420, False, 2
1033,0, 420, False, 2
1034,0, 420, False, 2
1035,0, 420, False, 2
1036,0, 420, False, 2
1037,0, 420, False, 2
1038,0, 420, False, 2
1039,0, 420, False, 2
1040,0, 420, False, 2
1041,0, 420, False, 2
1042,0, 420, False, 2
1043,0, 420, False, 2
1044,0, 420, False, 0
1045,0, 420, False, 0
1046,0, 420, False, 0
1047,0, 420, False, 0
1048,0, 420, False, 0
1049,0, 420, False, 0
1050,0, 420, False, 0
1051,0, 420, False, 0
1052,0, 420, False, 0
1053,0, 420, False, 0
1054,0, 420, False, 0
1055,0, 420, False, 3
1056,0, 420, False, 3
1057,0, 420, False, 3
1058,0, 420, False, 3
1059,0, 420, False, 3
1060,0, 420, False, 3
1061,0, 420, False, 3
1062,0, 420, False, 3
1063,0, 420, False, 3
1064,0, 420, False, 0
1065,0, 420, False, 0
1066,0, 420, False, 0
1067,0, 420, False, 0
1068,0, 420, False, 0
1069,0, 420, False, 0
1070,0, 420, False, 2
1071,0, 420, False, 2
1072,0, 420, False, 2
1073,0, 420, False, 2
1074,0, 420, False, 2
1075,0, 420, False, 2
1076,0, 420, False, 2
1077,0, 420, False, 2
1078,0, 420, False, 2
1079,0, 420, False, 2
1080,0, 420, False, 2
1081,0, 420, False, 2
1082,0, 420, False, 2
1083,0, 420, False, 2
1084,0, 420, False, 2
1085,0, 420, False, 2
1086,0, 420, False, 2
1087,0, 420, False, 2
1088,0, 420, False, 2
1089,0, 420, False, 2
1090,0, 420, False, 0
1091,0, 420, False, 0
1092,0, 420, False, 0
1093,0, 420, False, 0
1094,0, 420, False, 0
1095,0, 420, False, 0
1096,0, 420, False, 0
1097,0, 420, False, 0
1098,0, 420, False, 0
1099,0, 420, False, 0
1100,0, 420, False, 0
1101,0, 420, False, 0
1102,0, 420, False, 0
1103,0, 420, False, 0
1104,0, 420, False, 0
1105,0, 420, False, 0
1106,0, 420, False, 0
1107,0, 420, False, 0
1108,0, 420, False, 0
1109,0, 420, False, 0
1110,0, 420, False, 0
1111,0, 420, False, 0
1112,0, 420, False, 0
1113,0, 420, False, 0
1114,0, 420, False, 0
1115,0, 420, False, 0
1116,0, 420, False, 0
1117,0, 420, False, 0
1118,0, 420, False, 0
1119,0, 420, False, 0
1120,0, 420, False, 0
1121,0, 420, False, 0
1122,0, 420, False, 0
1123,0, 420, False, 0
1124,0, 420, False, 0
1125,0, 420, False, 3
1126,0, 420, False, 3
1127,0, 420, False, 3
1128,0, 420, False, 3
1129,0, 420, False, 3
1130,0, 420, False, 3
1131,0, 420, False, 3
1132,0, 420, False, 3
1133,0, 420, False, 0
1134,0, 420, False, 0
1135,0, 420, False, 0
1136,0, 420, False, 0
1137,0, 420, False, 0
1138,0, 420, False, 0
1139,0, 420, False, 0
1140,0, 420, False, 0
1141,0, 420, False, 0
1142,0, 420, False, 0
1143,0, 420, False, 0
1144,0, 420, False, 0
1145,0, 420, False, 0
1146,0, 420, False, 0
1147,0, 420, False, 0
1148,0, 420, False, 0
1149,0, 420, False, 0
1150,0, 420, False, 0
1151,0, 420, False, 0
1152,0, 420, False, 0
1153,0, 420, False, 0
1154,0, 420, False, 2
1155,0, 420, False, 2
1156,0, 420, False, 2
1157,0, 420, False, 2
1158,0, 420, False, 2
1159,0, 420, False, 0
1160,0, 420, False, 0
1161,0, 420, False, 0
1162,0, 420, False, 0
1163,0, 420, False, 0
1164,0, 420, False, 0
1165,0, 420, False, 0
1166,0, 420, False, 0
1167,0, 420, False, 0
1168,10, 430, False, 0
1169,0, 430, False, 0
1170,0, 430, False, 0
1171,0, 430, False, 0
1172,0, 430, False, 0
1173,0, 430, False, 0
1174,0, 430, False, 0
1175,0, 430, False, 0
1176,0, 430, False, 0
1177,0, 430, False, 0
1178,0, 430, False, 0
1179,0, 430, False, 0
1180,0, 430, False, 0
1181,0, 430, False, 0
1182,10, 440, False, 0
1183,0, 440, False, 0
1184,0, 440, False, 0
1185,0, 440, False, 0
1186,0, 440, False, 0
1187,0, 440, False, 0
1188,0, 440, False, 0
1189,0, 440, False, 0
1190,0, 440, False, 0
1191,0, 440, False, 0
1192,0, 440, False, 0
1193,0, 440, False, 0
1194,0, 440, False, 0
1195,0, 440, False, 0
1196,10, 450, False, 0
1197,0, 450, False, 0
1198,0, 450, False, 0
1199,0, 450, False, 0
1200,0, 450, False, 3
1201,0, 450, False, 3
1202,0, 450, False, 3
1203,0, 450, False, 3
1204,0, 450, False, 3
1205,0, 450, False, 3
1206,0, 450, False, 3
1207,0, 450, False, 3
1208,0, 450, False, 0
1209,0, 450, False, 0
1210,10, 460, False, 0
1211,0, 460, False, 0
1212,0, 460, False, 0
1213,0, 460, False, 0
1214,0, 460, False, 0
1215,0, 460, False, 0
1216,0, 460, False, 0
1217,0, 460, False, 0
1218,0, 460, False, 0
1219,0, 460, False, 0
1220,0, 460, False, 0
1221,0, 460, False, 0
1222,0, 460, False, 0
1223,0, 460, False, 0
1224,0, 460, False, 0
1225,0, 460, False, 0
1226,0, 460, False, 0
1227,0, 460, False, 0
1228,0, 460, False, 0
1229,0, 460, False, 0
1230,0, 460, False, 0
1231,0, 460, False, 0
1232,0, 460, False, 0
1233,0, 460, False, 0
1234,0, 460, False, 0
1235,0, 460, False, 0
1236,0, 460, False, 0
1237,0, 460, False, 0
1238,0, 460, False, 0
1239,0, 460, False, 0
1240,0, 460, False, 0
1241,0, 460, False, 0
1242,0, 460, False, 0
1243,0, 460, False, 0
1244,0, 460, False, 0
1245,0, 460, False, 0
1246,0, 460, False, 0
1247,0, 460, False, 0
1248,0, 460, False, 0
1249,0, 460, False, 0
1250,0, 460, False, 0
1251,0, 460, False, 0
1252,0, 460, False, 0
1253,0, 460, False, 0
1254,0, 460, False, 0
1255,0, 460, False, 0
1256,0, 460, False, 0
1257,0, 460, False, 0
1258,0, 460, False, 0
1259,0, 460, False, 0
1260,0, 460, False, 0
1261,0, 460, False, 0
1262,0, 460, False, 0
1263,0, 460, False, 0
1264,0, 460, False, 0
1265,0, 460, False, 0
1266,0, 460, False, 0
1267,0, 460, False, 0
1268,0, 460, False, 0
1269,0, 460, False, 0
1270,0, 460, False, 0
1271,0, 460, False, 0
1272,0, 460, False, 0
1273,0, 460, False, 0
1274,0, 460, False, 0
1275,0, 460, False, 0
1276,0, 460, False, 0
1277,0, 460, False, 0
1278,0, 460, False, 0
1279,0, 460, False, 0
1280,0, 460, False, 0
1281,0, 460, False, 0
1282,0, 460, False, 0
1283,0, 460, False, 0
1284,0, 460, False, 0
1285,0, 460, False, 0
1286,0, 460, False, 0
1287,0, 460, False, 0
1288,0, 460, False, 0
1289,0, 460, False, 0
1290,0, 460, False, 0
1291,0, 460, False, 0
1292,0, 460, False, 0
1293,0, 460, False, 0
1294,0, 460, False, 0
1295,0, 460, False, 0
1296,0, 460, False, 0
1297,0, 460, False, 0
1298,0, 460, False, 0
1299,0, 460, False, 0
1300,0, 460, False, 0
1301,0, 460, False, 0
1302,0, 460, False, 0
1303,0, 460, False, 0
1304,0, 460, False, 0
1305,0, 460, False, 0
1306,0, 460, False, 0
1307,0, 460, False, 0
1308,0, 460, False, 0
1309,0, 460, False, 0
1310,0, 460, False, 0
1311,0, 460, False, 0
1312,0, 460, False, 0
1313,0, 460, False, 0
1314,0, 460, False, 0
1315,0, 460, False, 0
1316,0, 460, False, 0
1317,0, 460, False, 0
1318,0, 460, False, 0
1319,0, 460, False, 0
1320,0, 460, False, 0
1321,0, 460, False, 0
1322,0, 460, False, 0
1323,0, 460, False, 0
1324,0, 460, False, 0
1325,0, 460, False, 0
1326,0, 460, False, 0
1327,0, 460, False, 0
1328,0, 460, False, 0
1329,0, 460, False, 0
1330,0, 460, False, 0
1331,0, 460, False, 0
1332,0, 460, False, 0
1333,0, 460, False, 0
1334,0, 460, False, 0
1335,0, 460, False, 0
1336,0, 460, False, 0
1337,0, 460, False, 0
1338,0, 460, False, 0
1339,0, 460, False, 0
1340,0, 460, False, 0
1341,0, 460, False, 0
1342,0, 460, False, 0
1343,0, 460, False, 0
1344,0, 460, False, 0
1345,0, 460, False, 0
1346,0, 460, False, 0
1347,0, 460, False, 0
1348,0, 460, False, 0
1349,0, 460, False, 0
1350,0, 460, False, 0
1351,0, 460, False, 0
1352,0, 460, False, 0
1353,0, 460, False, 0
1354,0, 460, False, 0
1355,0, 460, False, 0
1356,0, 460, False, 0
1357,0, 460, False, 0
1358,0, 460, False, 0
1359,0, 460, False, 0
1360,0, 460, False, 0
1361,0, 460, False, 0
1362,0, 460, False, 0
1363,0, 460, False, 0
1364,0, 460, False, 0
1365,0, 460, False, 0
1366,0, 460, False, 0
1367,0, 460, False, 0
1368,0, 460, False, 0
1369,0, 460, False, 0
1370,0, 460, False, 0
1371,0, 460, False, 0
1372,0, 460, False, 0
1373,0, 460, False, 0
1374,0, 460, False, 0
1375,0, 460, False, 0
1376,0, 460, False, 0
1377,0, 460, False, 0
1378,0, 460, False, 0
1379,0, 460, False, 0
1380,0, 460, False, 0
1381,0, 460, False, 0
1382,0, 460, False, 0
1383,0, 460, False, 0
1384,0, 460, False, 0
1385,0, 460, False, 0
1386,0, 460, False, 0
1387,0, 460, False, 0
1388,0, 460, False, 0
1389,0, 460, False, 0
1390,0, 460, False, 0
1391,0, 460, False, 0
1392,0, 460, False, 0
1393,0, 460, False, 0
1394,0, 460, False, 0
1395,0, 460, False, 0
1396,0, 460, False, 0
1397,0, 460, False, 0
1398,0, 460, False, 0
1399,0, 460, False, 0
1400,0, 460, False, 0
1401,0, 460, False, 0
1402,0, 460, False, 0
1403,0, 460, False, 0
1404,0, 460, False, 0
1405,0, 460, False, 0
1406,0, 460, False, 0
1407,0, 460, False, 0
1408,0, 460, False, 0
1409,0, 460, False, 0
1410,0, 460, False, 0
1411,0, 460, False, 0
1412,0, 460, False, 0
1413,0, 460, False, 0
1414,0, 460, False, 0
1415,0, 460, False, 0
1416,0, 460, False, 0
1417,0, 460, False, 0
1418,0, 460, False, 0
1419,0, 460, False, 0
1420,0, 460, False, 0
1421,0, 460, False, 0
1422,0, 460, False, 0
1423,0, 460, False, 0
1424,0, 460, False, 0
1425,0, 460, False, 0
1426,0, 460, False, 0
1427,0, 460, False, 0
1428,0, 460, False, 0
1429,0, 460, False, 0
1430,0, 460, False, 0
1431,0, 460, False, 0
1432,0, 460, False, 0
1433,0, 460, False, 0
1434,0, 460, False, 0
1435,0, 460, False, 0
1436,0, 460, False, 3
1437,0, 460, False, 3
1438,0, 460, False, 3
1439,0, 460, False, 3
1440,0, 460, False, 3
1441,0, 460, False, 3
1442,0, 460, False, 0
1443,0, 460, False, 0
1444,0, 460, False, 0
1445,0, 460, False, 0
1446,0, 460, False, 0
1447,0, 460, False, 0
1448,0, 460, False, 0
1449,0, 460, False, 0
1450,0, 460, False, 0
1451,0, 460, False, 0
1452,0, 460, False, 0
1453,0, 460, False, 0
1454,0, 460, False, 0
1455,0, 460, False, 0
1456,0, 460, False, 0
1457,0, 460, False, 0
1458,0, 460, False, 0
1459,0, 460, False, 0
1460,0, 460, False, 0
1461,0, 460, False, 0
1462,0, 460, False, 0
1463,0, 460, False, 0
1464,0, 460, False, 0
1465,0, 460, False, 0
1466,0, 460, False, 0
1467,0, 460, False, 0
1468,0, 460, False, 0
1469,0, 460, False, 0
1470,0, 460, False, 0
1471,0, 460, False, 0
1472,0, 460, False, 0
1473,0, 460, False, 0
1474,0, 460, False, 0
1475,0, 460, False, 0
1476,0, 460, False, 0
1477,0, 460, False, 0
1478,0, 460, False, 0
1479,0, 460, False, 0
1480,0, 460, False, 0
1481,0, 460, False, 0
1482,0, 460, False, 0
1483,0, 460, False, 0
1484,0, 460, False, 0
1485,0, 460, False, 0
1486,0, 460, False, 0
1487,0, 460, False, 0
1488,0, 460, False, 0
1489,0, 460, False, 0
1490,0, 460, False, 0
1491,0, 460, False, 0
1492,0, 460, False, 0
1493,0, 460, False, 0
1494,0, 460, False, 0
1495,0, 460, False, 0
1496,0, 460, False, 0
1497,0, 460, False, 0
1498,0, 460, False, 0
1499,0, 460, False, 0
1500,0, 460, False, 0
1501,0, 460, False, 0
1502,0, 460, False, 0
1503,0, 460, False, 0
1504,0, 460, False, 0
1505,0, 460, False, 0
1506,0, 460, False, 0
1507,0, 460, False, 0
1508,0, 460, False, 0
1509,0, 460, False, 0
1510,0, 460, False, 0
1511,0, 460, False, 0
1512,0, 460, False, 0
1513,0, 460, False, 0
1514,0, 460, False, 0
1515,0, 460, False, 0
1516,0, 460, False, 0
1517,0, 460, False, 0
1518,0, 460, False, 0
1519,0, 460, False, 0
1520,0, 460, False, 0
1521,0, 460, False, 0
1522,0, 460, False, 0
1523,0, 460, False, 0
1524,0, 460, False, 0
1525,0, 460, False, 0
1526,0, 460, False, 0
1527,0, 460, False, 5
1528,0, 460, False, 5
1529,0, 460, False, 5
1530,0, 460, False, 5
1531,0, 460, False, 5
1532,0, 460, False, 5
1533,0, 460, False, 5
1534,0, 460, False, 5
1535,0, 460, False, 0
1536,0, 460, False, 0
1537,0, 460, False, 0
1538,0, 460, False, 0
1539,0, 460, False, 0
1540,0, 460, False, 0
1541,0, 460, False, 0
1542,0, 460, False, 0
1543,0, 460, False, 0
1544,0, 460, False, 0
1545,0, 460, False, 0
1546,0, 460, False, 0
1547,0, 460, False, 0
1548,0, 460, False, 0
1549,0, 460, False, 0
1550,0, 460, False, 0
1551,0, 460, False, 0
1552,0, 460, False, 0
1553,0, 460, False, 0
1554,0, 460, False, 0
1555,0, 460, False, 0
1556,0, 460, False, 0
1557,0, 460, False, 0
1558,0, 460, False, 0
1559,0, 460, False, 0
1560,0, 460, False, 0
1561,0, 460, False, 0
1562,0, 460, False, 0
1563,0, 460, False, 0
1564,0, 460, False, 0
1565,0, 460, False, 0
1566,0, 460, False, 0
1567,0, 460, False, 0
1568,0, 460, False, 0
1569,0, 460, False, 0
1570,0, 460, False, 0
1571,0, 460, False, 0
1572,0, 460, False, 0
1573,0, 460, False, 0
1574,0, 460, False, 0
1575,0, 460, False, 0
1576,0, 460, False, 0
1577,0, 460, False, 0
1578,0, 460, False, 0
1579,0, 460, False, 0
1580,0, 460, False, 0
1581,0, 460, False, 0
1582,0, 460, False, 0
1583,0, 460, False, 0
1584,0, 460, False, 0
1585,0, 460, False, 0
1586,0, 460, False, 0
1587,0, 460, False, 0
1588,0, 460, False, 0
1589,0, 460, False, 4
1590,0, 460, False, 4
1591,0, 460, False, 4
1592,0, 460, False, 4
1593,0, 460, False, 4
1594,0, 460, False, 4
1595,0, 460, False, 4
1596,0, 460, False, 4
1597,0, 460, False, 4
1598,10, 470, False, 0
1599,0, 470, False, 0
1600,0, 470, False, 0
1601,0, 470, False, 0
1602,0, 470, False, 0
1603,0, 470, False, 0
1604,0, 470, False, 0
1605,0, 470, False, 0
1606,0, 470, False, 0
1607,0, 470, False, 0
1608,0, 470, False, 0
1609,0, 470, False, 0
1610,0, 470, False, 0
1611,0, 470, False, 0
1612,10, 480, False, 0
1613,0, 480, False, 0
1614,0, 480, False, 0
1615,0, 480, False, 0
1616,0, 480, False, 0
1617,0, 480, False, 0
1618,0, 480, False, 0
1619,0, 480, False, 0
1620,0, 480, False, 0
1621,0, 480, False, 0
1622,0, 480, False, 0
1623,0, 480, False, 0
1624,10, 490, False, 0
1625,0, 490, False, 0
1626,0, 490, False, 0
1627,0, 490, False, 0
1628,0, 490, False, 0
1629,0, 490, False, 0
1630,0, 490, False, 0
1631,0, 490, False, 0
1632,0, 490, False, 0
1633,0, 490, False, 0
1634,0, 490, False, 0
1635,0, 490, False, 0
1636,0, 490, False, 0
1637,0, 490, False, 0
1638,10, 500, False, 0
1639,0, 500, False, 0
1640,0, 500, False, 0
1641,0, 500, False, 0
1642,0, 500, False, 0
1643,0, 500, False, 0
1644,0, 500, False, 0
1645,0, 500, False, 0
1646,0, 500, False, 0
1647,0, 500, False, 0
1648,0, 500, False, 0
1649,0, 500, False, 0
1650,0, 500, False, 0
1651,0, 500, False, 0
1652,10, 510, False, 0
1653,0, 510, False, 0
1654,0, 510, False, 0
1655,0, 510, False, 0
1656,0, 510, False, 0
1657,0, 510, False, 0
1658,0, 510, False, 0
1659,0, 510, False, 0
1660,0, 510, False, 0
1661,0, 510, False, 0
1662,0, 510, False, 0
1663,0, 510, False, 0
1664,0, 510, False, 0
1665,0, 510, False, 0
1666,0, 510, False, 0
1667,0, 510, False, 0
1668,0, 510, False, 0
1669,0, 510, False, 0
1670,10, 520, False, 0
1671,0, 520, False, 0
1672,0, 520, False, 0
1673,0, 520, False, 0
1674,0, 520, False, 0
1675,0, 520, False, 0
1676,0, 520, False, 0
1677,0, 520, False, 0
1678,0, 520, False, 0
1679,0, 520, False, 0
1680,0, 520, False, 0
1681,0, 520, False, 0
1682,0, 520, False, 0
1683,0, 520, False, 0
1684,10, 530, False, 0
1685,0, 530, False, 0
1686,0, 530, False, 0
1687,0, 530, False, 0
1688,0, 530, False, 0
1689,0, 530, False, 0
1690,0, 530, False, 0
1691,0, 530, False, 0
1692,0, 530, False, 0
1693,0, 530, False, 0
1694,0, 530, False, 0
1695,0, 530, False, 0
1696,10, 540, False, 0
1697,0, 540, False, 0
1698,0, 540, False, 0
1699,0, 540, False, 0
1700,0, 540, False, 0
1701,0, 540, False, 0
1702,0, 540, False, 0
1703,0, 540, False, 0
1704,0, 540, False, 0
1705,0, 540, False, 0
1706,0, 540, False, 0
1707,0, 540, False, 0
1708,0, 540, False, 0
1709,0, 540, False, 0
1710,10, 550, False, 0
1711,0, 550, False, 0
1712,0, 550, False, 0
1713,0, 550, False, 0
1714,0, 550, False, 0
1715,0, 550, False, 0
1716,0, 550, False, 0
1717,0, 550, False, 0
1718,0, 550, False, 0
1719,0, 550, False, 0
1720,0, 550, False, 0
1721,0, 550, False, 0
1722,0, 550, False, 0
1723,0, 550, False, 0
1724,10, 560, False, 0
1725,0, 560, False, 0
1726,0, 560, False, 0
1727,0, 560, False, 0
1728,0, 560, False, 0
1729,0, 560, False, 0
1730,0, 560, False, 0
1731,0, 560, False, 0
1732,0, 560, False, 0
1733,0, 560, False, 0
1734,0, 560, False, 0
1735,0, 560, False, 0
1736,10, 570, False, 0
1737,0, 570, False, 0
1738,0, 570, False, 0
1739,0, 570, False, 0
1740,0, 570, False, 0
1741,0, 570, False, 0
1742,0, 570, False, 0
1743,0, 570, False, 0
1744,0, 570, False, 0
1745,0, 570, False, 0
1746,0, 570, False, 0
1747,0, 570, False, 0
1748,0, 570, False, 0
1749,0, 570, False, 0
1750,10, 580, False, 0
1751,0, 580, False, 0
1752,0, 580, False, 0
1753,0, 580, False, 0
1754,0, 580, False, 0
1755,0, 580, False, 0
1756,0, 580, False, 0
1757,0, 580, False, 0
1758,0, 580, False, 0
1759,0, 580, False, 0
1760,0, 580, False, 0
1761,0, 580, False, 0
1762,0, 580, False, 0
1763,0, 580, False, 0
1764,10, 590, False, 0
1765,0, 590, False, 0
1766,0, 590, False, 0
1767,0, 590, False, 0
1768,0, 590, False, 0
1769,0, 590, False, 0
1770,0, 590, False, 0
1771,0, 590, False, 0
1772,0, 590, False, 0
1773,0, 590, False, 0
1774,0, 590, False, 0
1775,0, 590, False, 0
1776,10, 600, False, 0
1777,0, 600, False, 0
1778,0, 600, False, 0
1779,0, 600, False, 0
1780,0, 600, False, 0
1781,0, 600, False, 0
1782,0, 600, False, 0
1783,0, 600, False, 2
1784,0, 600, False, 2
1785,0, 600, False, 2
1786,0, 600, False, 2
1787,0, 600, False, 2
1788,0, 600, False, 0
1789,0, 600, False, 0
1790,0, 600, False, 0
1791,0, 600, False, 0
1792,0, 600, False, 0
1793,0, 600, False, 0
1794,0, 600, False, 0
1795,0, 600, False, 0
1796,0, 600, False, 0
1797,0, 600, False, 0
1798,50, 650, False, 0
1799,0, 650, False, 0
1800,0, 650, False, 0
1801,0, 650, False, 0
1802,0, 650, False, 0
1803,0, 650, False, 0
1804,0, 650, False, 0
1805,0, 650, False, 0
1806,0, 650, False, 0
1807,0, 650, False, 0
1808,0, 650, False, 0
1809,0, 650, False, 0
1810,0, 650, False, 0
1811,0, 650, False, 0
1812,0, 650, False, 0
1813,0, 650, False, 0
1814,0, 650, False, 0
1815,0, 650, False, 0
1816,0, 650, False, 0
1817,0, 650, False, 0
1818,0, 650, False, 0
1819,0, 650, False, 0
1820,0, 650, False, 0
1821,0, 650, False, 0
1822,0, 650, False, 0
1823,0, 650, False, 0
1824,0, 650, False, 0
1825,0, 650, False, 3
1826,0, 650, False, 3
1827,0, 650, False, 3
1828,0, 650, False, 3
1829,0, 650, False, 3
1830,0, 650, False, 3
1831,0, 650, False, 0
1832,0, 650, False, 0
1833,0, 650, False, 0
1834,0, 650, False, 0
1835,0, 650, False, 0
1836,0, 650, False, 0
1837,0, 650, False, 0
1838,0, 650, False, 0
1839,0, 650, False, 2
1840,0, 650, False, 2
1841,0, 650, False, 2
1842,0, 650, False, 2
1843,0, 650, False, 0
1844,0, 650, False, 0
1845,0, 650, False, 0
1846,0, 650, False, 0
1847,0, 650, False, 0
1848,0, 650, False, 0
1849,0, 650, False, 0
1850,0, 650, False, 0
1851,0, 650, False, 0
1852,0, 650, False, 0
1853,0, 650, False, 0
1854,0, 650, False, 0
1855,0, 650, False, 0
1856,0, 650, False, 0
1857,0, 650, False, 0
1858,0, 650, False, 0
1859,0, 650, False, 0
1860,0, 650, False, 0
1861,0, 650, False, 0
1862,0, 650, False, 0
1863,0, 650, False, 0
1864,0, 650, False, 0
1865,0, 650, False, 0
1866,0, 650, False, 0
1867,0, 650, False, 0
1868,0, 650, False, 0
1869,0, 650, False, 0
1870,0, 650, False, 0
1871,0, 650, False, 0
1872,0, 650, False, 0
1873,0, 650, False, 0
1874,0, 650, False, 0
1875,0, 650, False, 0
1876,0, 650, False, 0
1877,0, 650, False, 0
1878,0, 650, False, 0
1879,0, 650, False, 0
1880,0, 650, False, 0
1881,0, 650, False, 0
1882,0, 650, False, 0
1883,0, 650, False, 0
1884,0, 650, False, 0
1885,0, 650, False, 0
1886,0, 650, False, 0
1887,0, 650, False, 5
1888,0, 650, False, 5
1889,0, 650, False, 5
1890,0, 650, False, 5
1891,0, 650, False, 5
1892,0, 650, False, 5
1893,0, 650, False, 5
1894,10, 660, False, 5
1895,0, 660, False, 5
1896,0, 660, False, 5
1897,0, 660, False, 0
1898,0, 660, False, 0
1899,0, 660, False, 0
1900,0, 660, False, 0
1901,0, 660, False, 0
1902,0, 660, False, 0
1903,0, 660, False, 0
1904,0, 660, False, 0
1905,0, 660, False, 0
1906,0, 660, False, 0
1907,0, 660, False, 0
1908,10, 670, False, 0
1909,0, 670, False, 0
1910,0, 670, False, 0
1911,0, 670, False, 0
1912,0, 670, False, 0
1913,0, 670, False, 0
1914,0, 670, False, 0
1915,0, 670, False, 0
1916,0, 670, False, 0
1917,0, 670, False, 0
1918,0, 670, False, 0
1919,0, 670, False, 0
1920,0, 670, False, 0
1921,0, 670, False, 0
1922,0, 670, False, 4
1923,0, 670, False, 4
1924,0, 670, False, 4
1925,0, 670, False, 4
1926,0, 670, False, 4
1927,0, 670, False, 4
1928,0, 670, False, 0
1929,0, 670, False, 0
1930,0, 670, False, 0
1931,0, 670, False, 0
1932,0, 670, False, 0
1933,0, 670, False, 0
1934,0, 670, False, 0
1935,0, 670, False, 0
1936,0, 670, False, 0
1937,0, 670, False, 0
1938,0, 670, False, 0
1939,0, 670, False, 0
1940,0, 670, False, 0
1941,0, 670, False, 0
1942,0, 670, False, 0
1943,0, 670, False, 0
1944,0, 670, False, 0
1945,0, 670, False, 0
1946,0, 670, False, 0
1947,0, 670, False, 0
1948,0, 670, False, 0
1949,0, 670, False, 0
1950,0, 670, False, 0
1951,0, 670, False, 0
1952,0, 670, False, 0
1953,0, 670, False, 0
1954,0, 670, False, 0
1955,0, 670, False, 0
1956,0, 670, False, 0
1957,0, 670, False, 0
1958,0, 670, False, 0
1959,0, 670, False, 0
1960,0, 670, False, 0
1961,0, 670, False, 0
1962,0, 670, False, 0
1963,0, 670, False, 0
1964,0, 670, False, 0
1965,0, 670, False, 0
1966,0, 670, False, 0
1967,0, 670, False, 0
1968,0, 670, False, 0
1969,0, 670, False, 2
1970,0, 670, False, 2
1971,0, 670, False, 2
1972,0, 670, False, 2
1973,0, 670, False, 0
1974,0, 670, False, 0
1975,0, 670, False, 0
1976,0, 670, False, 0
1977,0, 670, False, 0
1978,0, 670, False, 0
1979,0, 670, False, 0
1980,0, 670, False, 0
1981,0, 670, False, 0
1982,0, 670, False, 0
1983,0, 670, False, 0
1984,0, 670, False, 0
1985,0, 670, False, 0
1986,0, 670, False, 3
1987,0, 670, False, 3
1988,0, 670, False, 3
1989,0, 670, False, 0
1990,0, 670, False, 0
1991,0, 670, False, 0
1992,0, 670, False, 0
1993,0, 670, False, 0
1994,0, 670, False, 5
1995,0, 670, False, 5
1996,0, 670, False, 5
1997,0, 670, False, 5
1998,0, 670, False, 5
1999,0, 670, False, 5
2000,0, 670, False, 5
2001,0, 670, False, 5
2002,0, 670, False, 5
2003,0, 670, False, 5
2004,0, 670, False, 5
2005,0, 670, False, 5
2006,0, 670, False, 5
2007,0, 670, False, 5
2008,0, 670, False, 5
2009,0, 670, False, 5
2010,0, 670, False, 5
2011,0, 670, False, 5
2012,0, 670, False, 5
2013,0, 670, False, 5
2014,0, 670, False, 5
2015,0, 670, False, 5
2016,0, 670, False, 5
2017,0, 670, False, 0
2018,0, 670, False, 0
2019,0, 670, False, 0
2020,0, 670, False, 0
2021,0, 670, False, 0
2022,0, 670, False, 0
2023,0, 670, False, 0
2024,0, 670, False, 0
2025,0, 670, False, 0
2026,0, 670, False, 3
2027,0, 670, False, 3
2028,0, 670, False, 3
2029,0, 670, False, 3
2030,0, 670, False, 3
2031,0, 670, False, 3
2032,0, 670, False, 3
2033,0, 670, False, 3
2034,0, 670, False, 0
2035,0, 670, False, 0
2036,0, 670, False, 0
2037,0, 670, False, 0
2038,0, 670, False, 0
2039,0, 670, False, 0
2040,0, 670, False, 0
2041,0, 670, False, 0
2042,0, 670, False, 0
2043,0, 670, False, 0
2044,0, 670, False, 0
2045,0, 670, False, 0
2046,0, 670, False, 0
2047,0, 670, False, 0
2048,0, 670, False, 0
2049,0, 670, False, 0
2050,0, 670, False, 0
2051,0, 670, False, 0
2052,0, 670, False, 0
2053,0, 670, False, 0
2054,0, 670, False, 0
2055,0, 670, False, 0
2056,0, 670, False, 0
2057,0, 670, False, 0
2058,0, 670, False, 0
2059,0, 670, False, 0
2060,0, 670, False, 0
2061,0, 670, False, 0
2062,0, 670, False, 0
2063,0, 670, False, 0
2064,0, 670, False, 0
2065,0, 670, False, 0
2066,0, 670, False, 0
2067,0, 670, False, 0
2068,0, 670, False, 0
2069,0, 670, False, 0
2070,0, 670, False, 0
2071,0, 670, False, 0
2072,0, 670, False, 0
2073,0, 670, False, 0
2074,0, 670, False, 0
2075,0, 670, False, 0
2076,0, 670, False, 0
2077,0, 670, False, 0
2078,0, 670, False, 0
2079,0, 670, False, 0
2080,0, 670, False, 0
2081,0, 670, False, 0
2082,0, 670, False, 0
2083,0, 670, False, 0
2084,0, 670, False, 0
2085,0, 670, False, 0
2086,0, 670, False, 0
2087,0, 670, False, 0
2088,0, 670, False, 0
2089,0, 670, False, 0
2090,0, 670, False, 0
2091,0, 670, False, 0
2092,0, 670, False, 0
2093,0, 670, False, 0
2094,0, 670, False, 0
2095,0, 670, False, 0
2096,0, 670, False, 0
2097,0, 670, False, 0
2098,0, 670, False, 0
2099,0, 670, False, 0
2100,0, 670, False, 2
2101,0, 670, False, 2
2102,0, 670, False, 2
2103,0, 670, False, 2
2104,0, 670, False, 0
2105,0, 670, False, 0
2106,0, 670, False, 0
2107,0, 670, False, 0
2108,0, 670, False, 0
2109,0, 670, False, 0
2110,0, 670, False, 0
2111,0, 670, False, 0
2112,10, 680, False, 0
2113,0, 680, False, 0
2114,0, 680, False, 0
2115,0, 680, False, 0
2116,0, 680, False, 0
2117,0, 680, False, 0
2118,0, 680, False, 0
2119,0, 680, False, 0
2120,0, 680, False, 0
2121,0, 680, False, 5
2122,0, 680, False, 5
2123,0, 680, False, 5
2124,0, 680, False, 5
2125,0, 680, False, 5
2126,0, 680, False, 5
2127,0, 680, False, 5
2128,0, 680, False, 5
2129,0, 680, False, 5
2130,0, 680, False, 5
2131,0, 680, False, 0
2132,0, 680, False, 0
2133,0, 680, False, 0
2134,0, 680, False, 0
2135,0, 680, False, 0
2136,0, 680, False, 0
2137,0, 680, False, 0
2138,0, 680, False, 0
2139,0, 680, False, 0
2140,0, 680, False, 0
2141,0, 680, False, 0
2142,0, 680, False, 0
2143,0, 680, False, 0
2144,0, 680, False, 0
2145,0, 680, False, 0
2146,0, 680, False, 0
2147,0, 680, False, 0
2148,0, 680, False, 3
2149,0, 680, False, 3
2150,0, 680, False, 3
2151,0, 680, False, 3
2152,0, 680, False, 3
2153,0, 680, False, 3
2154,0, 680, False, 3
2155,0, 680, False, 0
2156,0, 680, False, 0
2157,0, 680, False, 0
2158,0, 680, False, 0
2159,0, 680, False, 0
2160,0, 680, False, 0
2161,0, 680, False, 0
2162,0, 680, False, 0
2163,0, 680, False, 0
2164,0, 680, False, 0
2165,0, 680, False, 0
2166,0, 680, False, 0
2167,0, 680, False, 0
2168,0, 680, False, 0
2169,0, 680, False, 0
2170,0, 680, False, 0
2171,0, 680, False, 0
2172,0, 680, False, 0
2173,0, 680, False, 0
2174,0, 680, False, 0
2175,0, 680, False, 0
2176,0, 680, False, 0
2177,0, 680, False, 0
2178,0, 680, False, 0
2179,0, 680, False, 0
2180,0, 680, False, 0
2181,0, 680, False, 0
2182,0, 680, False, 0
2183,0, 680, False, 0
2184,0, 680, False, 0
2185,0, 680, False, 0
2186,0, 680, False, 0
2187,0, 680, False, 0
2188,0, 680, False, 0
2189,0, 680, False, 0
2190,0, 680, False, 2
2191,0, 680, False, 2
2192,0, 680, False, 2
2193,0, 680, False, 2
2194,0, 680, False, 2
2195,0, 680, False, 2
2196,0, 680, False, 0
2197,0, 680, False, 0
2198,0, 680, False, 0
2199,0, 680, False, 0
2200,0, 680, False, 0
2201,0, 680, False, 0
2202,0, 680, False, 0
2203,0, 680, False, 0
2204,0, 680, False, 0
2205,0, 680, False, 0
2206,0, 680, False, 0
2207,0, 680, False, 0
2208,0, 680, False, 0
2209,0, 680, False, 0
2210,0, 680, False, 0
2211,0, 680, False, 0
2212,0, 680, False, 0
2213,0, 680, False, 0
2214,0, 680, False, 0
2215,0, 680, False, 0
2216,0, 680, False, 0
2217,0, 680, False, 0
2218,0, 680, False, 0
2219,0, 680, False, 0
2220,0, 680, False, 0
2221,0, 680, False, 0
2222,0, 680, False, 0
2223,0, 680, False, 0
2224,0, 680, False, 0
2225,0, 680, False, 0
2226,0, 680, False, 0
2227,0, 680, False, 0
2228,0, 680, False, 0
2229,0, 680, False, 0
2230,0, 680, False, 0
2231,0, 680, False, 0
2232,0, 680, False, 0
2233,0, 680, False, 0
2234,0, 680, False, 0
2235,0, 680, False, 0
2236,0, 680, False, 0
2237,0, 680, False, 0
2238,0, 680, False, 0
2239,0, 680, False, 0
2240,0, 680, False, 0
2241,0, 680, False, 0
2242,0, 680, False, 0
2243,0, 680, False, 0
2244,0, 680, False, 0
2245,0, 680, False, 0
2246,0, 680, False, 0
2247,0, 680, False, 0
2248,0, 680, False, 0
2249,0, 680, False, 0
2250,0, 680, False, 0
2251,0, 680, False, 0
2252,0, 680, False, 0
2253,0, 680, False, 0
2254,0, 680, False, 0
2255,0, 680, False, 0
2256,0, 680, False, 0
2257,0, 680, False, 0
2258,0, 680, False, 0
2259,0, 680, False, 0
2260,0, 680, False, 0
2261,0, 680, False, 0
2262,0, 680, False, 0
2263,0, 680, False, 0
2264,0, 680, False, 0
2265,0, 680, False, 0
2266,0, 680, False, 0
2267,0, 680, False, 0
2268,0, 680, False, 2
2269,0, 680, False, 2
2270,0, 680, False, 2
2271,0, 680, False, 0
2272,0, 680, False, 0
2273,0, 680, False, 0
2274,0, 680, False, 0
2275,0, 680, False, 0
2276,0, 680, False, 0
2277,0, 680, False, 0
2278,0, 680, False, 0
2279,0, 680, False, 0
2280,0, 680, False, 0
2281,0, 680, False, 0
2282,0, 680, False, 0
2283,0, 680, False, 0
2284,0, 680, False, 0
2285,0, 680, False, 0
2286,0, 680, False, 0
2287,0, 680, False, 0
2288,0, 680, False, 0
2289,0, 680, False, 0
2290,0, 680, False, 0
2291,0, 680, False, 0
2292,0, 680, False, 0
2293,0, 680, False, 0
2294,0, 680, False, 0
2295,0, 680, False, 0
2296,0, 680, False, 0
2297,0, 680, False, 0
2298,0, 680, False, 0
2299,0, 680, False, 0
2300,0, 680, False, 0
2301,0, 680, False, 0
2302,0, 680, False, 4
2303,0, 680, False, 4
2304,0, 680, False, 4
2305,0, 680, False, 4
2306,0, 680, False, 0
2307,0, 680, False, 0
2308,0, 680, False, 0
2309,0, 680, False, 0
2310,0, 680, False, 0
2311,0, 680, False, 0
2312,0, 680, False, 0
2313,0, 680, False, 0
2314,0, 680, False, 0
2315,0, 680, False, 0
2316,0, 680, False, 0
2317,0, 680, False, 0
2318,0, 680, False, 2
2319,0, 680, False, 2
2320,0, 680, False, 2
2321,0, 680, False, 2
2322,0, 680, False, 2
2323,0, 680, False, 0
2324,0, 680, False, 0
2325,0, 680, False, 0
2326,0, 680, False, 0
2327,0, 680, False, 0
2328,0, 680, False, 0
2329,0, 680, False, 0
2330,0, 680, False, 0
2331,0, 680, False, 0
2332,0, 680, False, 0
2333,0, 680, False, 0
2334,0, 680, False, 0
2335,0, 680, False, 0
2336,0, 680, False, 0
2337,0, 680, False, 0
2338,0, 680, False, 0
2339,0, 680, False, 0
2340,0, 680, False, 0
2341,0, 680, False, 0
2342,0, 680, False, 0
2343,0, 680, False, 0
2344,0, 680, False, 0
2345,0, 680, False, 0
2346,0, 680, False, 0
2347,0, 680, False, 0
2348,0, 680, False, 0
2349,0, 680, False, 0
2350,0, 680, False, 0
2351,0, 680, False, 0
2352,0, 680, False, 0
2353,0, 680, False, 5
2354,0, 680, False, 5
2355,0, 680, False, 5
2356,0, 680, False, 5
2357,0, 680, False, 5
2358,0, 680, False, 5
2359,0, 680, False, 5
2360,0, 680, False, 5
2361,0, 680, False, 0
2362,0, 680, False, 0
2363,0, 680, False, 0
2364,0, 680, False, 0
2365,0, 680, False, 0
2366,0, 680, False, 0
2367,0, 680, False, 0
2368,0, 680, False, 0
2369,0, 680, False, 0
2370,0, 680, False, 0
2371,0, 680, False, 0
2372,0, 680, False, 0
2373,0, 680, False, 0
2374,0, 680, False, 0
2375,0, 680, False, 0
2376,0, 680, False, 0
2377,0, 680, False, 0
2378,0, 680, False, 0
2379,0, 680, False, 0
2380,0, 680, False, 0
2381,0, 680, False, 0
2382,0, 680, False, 0
2383,0, 680, False, 0
2384,0, 680, False, 0
2385,0, 680, False, 0
2386,0, 680, False, 0
2387,0, 680, False, 0
2388,0, 680, False, 0
2389,0, 680, False, 0
2390,0, 680, False, 0
2391,0, 680, False, 0
2392,0, 680, False, 0
2393,0, 680, False, 0
2394,0, 680, False, 0
2395,0, 680, False, 0
2396,0, 680, False, 0
2397,0, 680, False, 0
2398,0, 680, False, 0
2399,0, 680, False, 0
2400,0, 680, False, 0
2401,0, 680, False, 0
2402,0, 680, False, 0
2403,0, 680, False, 0
2404,0, 680, False, 0
2405,0, 680, False, 0
2406,0, 680, False, 0
2407,0, 680, False, 0
2408,0, 680, False, 0
2409,0, 680, False, 0
2410,0, 680, False, 0
2411,0, 680, False, 0
2412,0, 680, False, 0
2413,0, 680, False, 0
2414,0, 680, False, 0
2415,0, 680, False, 0
2416,0, 680, False, 0
2417,0, 680, False, 0
2418,0, 680, False, 0
2419,0, 680, False, 0
2420,0, 680, False, 0
2421,0, 680, False, 0
2422,0, 680, False, 0
2423,0, 680, False, 0
2424,0, 680, False, 0
2425,0, 680, False, 0
2426,0, 680, False, 0
2427,0, 680, False, 0
2428,0, 680, False, 0
2429,0, 680, False, 0
2430,0, 680, False, 0
2431,0, 680, False, 0
2432,0, 680, False, 0
2433,0, 680, False, 0
2434,0, 680, False, 0
2435,0, 680, False, 0
2436,0, 680, False, 0
2437,0, 680, False, 0
2438,0, 680, False, 0
2439,0, 680, False, 0
2440,0, 680, False, 0
2441,0, 680, False, 0
2442,0, 680, False, 0
2443,0, 680, False, 0
2444,0, 680, False, 0
2445,0, 680, False, 0
2446,0, 680, False, 0
2447,0, 680, False, 0
2448,0, 680, False, 0
2449,0, 680, False, 0
2450,0, 680, False, 0
2451,0, 680, False, 0
2452,0, 680, False, 0
2453,0, 680, False, 0
2454,0, 680, False, 0
2455,0, 680, False, 0
2456,0, 680, False, 0
2457,0, 680, False, 0
2458,0, 680, False, 0
2459,0, 680, False, 0
2460,0, 680, False, 0
2461,0, 680, False, 0
2462,0, 680, False, 0
2463,0, 680, False, 0
2464,0, 680, False, 0
2465,0, 680, False, 0
2466,0, 680, False, 0
2467,0, 680, False, 0
2468,0, 680, False, 0
2469,0, 680, False, 0
2470,0, 680, False, 0
2471,0, 680, False, 0
2472,0, 680, False, 0
2473,0, 680, False, 0
2474,0, 680, False, 0
2475,0, 680, False, 0
2476,0, 680, False, 0
2477,0, 680, False, 0
2478,0, 680, False, 0
2479,0, 680, False, 0
2480,0, 680, False, 0
2481,0, 680, False, 0
2482,0, 680, False, 0
2483,0, 680, False, 0
2484,0, 680, False, 0
2485,0, 680, False, 0
2486,0, 680, False, 0
2487,0, 680, False, 0
2488,0, 680, False, 0
2489,0, 680, False, 0
2490,0, 680, False, 0
2491,0, 680, False, 0
2492,0, 680, False, 0
2493,0, 680, False, 0
2494,0, 680, False, 0
2495,0, 680, False, 0
2496,0, 680, False, 0
2497,0, 680, False, 0
2498,0, 680, False, 0
2499,0, 680, False, 0
2500,0, 680, False, 0
2501,0, 680, False, 0
2502,0, 680, False, 0
2503,0, 680, False, 0
2504,0, 680, False, 0
2505,0, 680, False, 0
2506,0, 680, False, 0
2507,0, 680, False, 0
2508,0, 680, False, 0
2509,0, 680, False, 0
2510,0, 680, False, 0
2511,0, 680, False, 0
2512,0, 680, False, 0
2513,0, 680, False, 0
2514,0, 680, False, 0
2515,0, 680, False, 0
2516,0, 680, False, 0
2517,0, 680, False, 0
2518,0, 680, False, 0
2519,0, 680, False, 0
2520,0, 680, False, 0
2521,0, 680, False, 0
2522,0, 680, False, 0
2523,0, 680, False, 0
2524,0, 680, False, 0
2525,0, 680, False, 0
2526,0, 680, False, 0
2527,0, 680, False, 0
2528,0, 680, False, 0
2529,0, 680, False, 0
2530,0, 680, False, 0
2531,0, 680, False, 0
2532,0, 680, False, 0
2533,0, 680, False, 0
2534,0, 680, False, 0
2535,0, 680, False, 0
2536,0, 680, False, 0
2537,0, 680, False, 0
2538,0, 680, False, 0
2539,0, 680, False, 0
2540,0, 680, False, 0
2541,0, 680, False, 0
2542,0, 680, False, 0
2543,0, 680, False, 0
2544,0, 680, False, 0
2545,0, 680, False, 0
2546,0, 680, False, 0
2547,0, 680, False, 0
2548,0, 680, False, 0
2549,0, 680, False, 0
2550,0, 680, False, 0
2551,0, 680, False, 0
2552,0, 680, False, 0
2553,0, 680, False, 0
2554,0, 680, False, 0
2555,0, 680, False, 0
2556,0, 680, False, 0
2557,0, 680, False, 0
2558,0, 680, False, 0
2559,0, 680, False, 0
2560,0, 680, False, 0
2561,0, 680, False, 0
2562,0, 680, False, 0
2563,0, 680, False, 0
2564,0, 680, False, 0
2565,0, 680, False, 0
2566,0, 680, False, 0
2567,0, 680, False, 0
2568,0, 680, False, 0
2569,0, 680, False, 0
2570,0, 680, False, 0
2571,0, 680, False, 0
2572,0, 680, False, 0
2573,0, 680, False, 0
2574,0, 680, False, 0
2575,0, 680, False, 0
2576,0, 680, False, 0
2577,0, 680, False, 0
2578,0, 680, False, 0
2579,0, 680, False, 0
2580,0, 680, False, 0
2581,0, 680, False, 0
2582,0, 680, False, 0
2583,0, 680, False, 0
2584,0, 680, False, 0
2585,0, 680, False, 0
2586,0, 680, False, 0
2587,0, 680, False, 0
2588,0, 680, False, 0
2589,0, 680, False, 0
2590,0, 680, False, 0
2591,0, 680, False, 0
2592,0, 680, False, 0
2593,0, 680, False, 0
2594,0, 680, False, 0
2595,0, 680, False, 0
2596,0, 680, False, 0
2597,0, 680, False, 0
2598,0, 680, False, 0
2599,0, 680, False, 0
2600,0, 680, False, 0
2601,0, 680, False, 0
2602,0, 680, False, 0
2603,0, 680, False, 0
2604,0, 680, False, 0
2605,0, 680, False, 0
2606,0, 680, False, 0
2607,0, 680, False, 0
2608,0, 680, False, 0
2609,0, 680, False, 0
2610,0, 680, False, 0
2611,0, 680, False, 0
2612,0, 680, False, 0
2613,0, 680, False, 0
2614,0, 680, False, 0
2615,0, 680, False, 0
2616,0, 680, False, 0
2617,0, 680, False, 0
2618,0, 680, False, 0
2619,0, 680, False, 0
2620,0, 680, False, 0
2621,0, 680, False, 0
2622,0, 680, False, 0
2623,0, 680, False, 0
2624,0, 680, False, 0
2625,0, 680, False, 0
2626,0, 680, False, 0
2627,0, 680, False, 0
2628,0, 680, False, 0
2629,0, 680, False, 0
2630,0, 680, False, 0
2631,0, 680, False, 0
2632,0, 680, False, 0
2633,0, 680, False, 0
2634,0, 680, False, 0
2635,0, 680, False, 0
2636,0, 680, False, 0
2637,0, 680, False, 0
2638,0, 680, False, 5
2639,0, 680, False, 5
2640,0, 680, False, 5
2641,0, 680, False, 5
2642,0, 680, False, 5
2643,0, 680, False, 5
2644,0, 680, False, 5
2645,0, 680, False, 5
2646,0, 680, False, 5
2647,0, 680, False, 5
2648,0, 680, False, 5
2649,0, 680, False, 5
2650,0, 680, False, 5
2651,0, 680, False, 5
2652,0, 680, False, 5
2653,0, 680, False, 5
2654,0, 680, False, 5
2655,0, 680, False, 5
2656,0, 680, False, 0
2657,0, 680, False, 0
2658,0, 680, False, 0
2659,0, 680, False, 0
2660,0, 680, False, 0
2661,0, 680, False, 0
2662,0, 680, False, 0
2663,0, 680, False, 0
2664,0, 680, False, 0
2665,0, 680, False, 0
2666,0, 680, False, 0
2667,0, 680, False, 0
2668,0, 680, False, 0
2669,0, 680, False, 0
2670,0, 680, False, 0
2671,0, 680, False, 0
2672,0, 680, False, 0
2673,0, 680, False, 0
2674,0, 680, False, 0
2675,0, 680, False, 0
2676,0, 680, False, 0
2677,0, 680, False, 0
2678,0, 680, False, 0
2679,0, 680, False, 0
2680,0, 680, False, 0
2681,0, 680, False, 0
2682,0, 680, False, 0
2683,0, 680, False, 0
2684,0, 680, False, 0
2685,0, 680, False, 0
2686,0, 680, False, 0
2687,0, 680, False, 0
2688,0, 680, False, 0
2689,0, 680, False, 0
2690,0, 680, False, 0
2691,0, 680, False, 0
2692,0, 680, False, 0
2693,0, 680, False, 0
2694,0, 680, False, 0
2695,0, 680, False, 0
2696,0, 680, False, 0
2697,0, 680, False, 0
2698,0, 680, False, 3
2699,0, 680, False, 3
2700,0, 680, False, 3
2701,0, 680, False, 3
2702,0, 680, False, 3
2703,0, 680, False, 3
2704,0, 680, False, 3
2705,0, 680, False, 3
2706,0, 680, False, 3
2707,0, 680, False, 3
2708,0, 680, False, 3
2709,0, 680, False, 3
2710,0, 680, False, 3
2711,0, 680, False, 3
2712,0, 680, False, 3
2713,0, 680, False, 3
2714,0, 680, False, 3
2715,0, 680, False, 3
2716,0, 680, False, 3
2717,0, 680, False, 3
2718,0, 680, False, 3
2719,0, 680, False, 3
2720,0, 680, False, 3
2721,0, 680, False, 0
2722,0, 680, False, 0
2723,0, 680, False, 0
2724,0, 680, False, 0
2725,0, 680, False, 0
2726,0, 680, False, 0
2727,0, 680, False, 0
2728,0, 680, False, 0
2729,0, 680, False, 0
2730,0, 680, False, 0
2731,0, 680, False, 0
2732,0, 680, False, 0
2733,0, 680, False, 0
2734,0, 680, False, 0
2735,0, 680, False, 0
2736,0, 680, False, 0
2737,0, 680, False, 0
2738,0, 680, False, 0
2739,0, 680, False, 0
2740,0, 680, False, 0
2741,0, 680, False, 0
2742,0, 680, False, 0
2743,0, 680, False, 0
2744,0, 680, False, 0
2745,0, 680, False, 0
2746,0, 680, False, 0
2747,0, 680, False, 0
2748,0, 680, False, 0
2749,0, 680, False, 0
2750,0, 680, False, 0
2751,0, 680, False, 0
2752,0, 680, False, 0
2753,0, 680, False, 0
2754,0, 680, False, 0
2755,0, 680, False, 0
2756,0, 680, False, 0
2757,0, 680, False, 0
2758,0, 680, False, 0
2759,0, 680, False, 0
2760,0, 680, False, 0
2761,0, 680, False, 0
2762,0, 680, False, 0
2763,0, 680, False, 0
2764,0, 680, False, 0
2765,0, 680, False, 0
2766,0, 680, False, 0
2767,0, 680, False, 0
2768,0, 680, False, 0
2769,0, 680, False, 0
2770,0, 680, False, 0
2771,0, 680, False, 0
2772,0, 680, False, 0
2773,0, 680, False, 0
2774,0, 680, False, 0
2775,0, 680, False, 0
2776,0, 680, False, 0
2777,0, 680, False, 0
2778,0, 680, False, 0
2779,0, 680, False, 0
2780,0, 680, False, 0
2781,0, 680, False, 0
2782,0, 680, False, 0
2783,0, 680, False, 0
2784,0, 680, False, 0
2785,0, 680, False, 0
2786,0, 680, False, 0
2787,0, 680, False, 0
2788,0, 680, False, 0
2789,0, 680, False, 0
2790,0, 680, False, 0
2791,0, 680, False, 0
2792,0, 680, False, 0
2793,0, 680, False, 0
2794,0, 680, False, 0
2795,0, 680, False, 0
2796,0, 680, False, 0
2797,0, 680, False, 0
2798,0, 680, False, 0
2799,0, 680, False, 0
2800,0, 680, False, 0
2801,0, 680, False, 0
2802,0, 680, False, 0
2803,0, 680, False, 0
2804,0, 680, False, 0
2805,0, 680, False, 0
2806,0, 680, False, 0
2807,0, 680, False, 0
2808,0, 680, False, 0
2809,0, 680, False, 0
2810,0, 680, False, 0
2811,0, 680, False, 0
2812,0, 680, False, 0
2813,0, 680, False, 0
2814,0, 680, False, 0
2815,0, 680, False, 0
2816,0, 680, False, 0
2817,0, 680, False, 0
2818,0, 680, False, 0
2819,0, 680, False, 0
2820,0, 680, False, 0
2821,0, 680, False, 0
2822,0, 680, False, 0
2823,0, 680, False, 0
2824,0, 680, False, 0
2825,0, 680, False, 0
2826,0, 680, False, 0
2827,0, 680, False, 0
2828,0, 680, False, 0
2829,0, 680, False, 0
2830,0, 680, False, 0
2831,0, 680, False, 0
2832,0, 680, False, 0
2833,0, 680, False, 0
2834,0, 680, False, 0
2835,0, 680, False, 0
2836,0, 680, False, 0
2837,0, 680, False, 0
2838,0, 680, False, 0
2839,0, 680, False, 0
2840,0, 680, False, 0
2841,0, 680, False, 0
2842,0, 680, False, 0
2843,0, 680, False, 0
2844,0, 680, False, 0
2845,0, 680, False, 0
2846,0, 680, False, 0
2847,0, 680, False, 0
2848,0, 680, False, 0
2849,0, 680, False, 0
2850,0, 680, False, 0
2851,0, 680, False, 0
2852,0, 680, False, 0
2853,0, 680, False, 0
2854,0, 680, False, 0
2855,0, 680, False, 4
2856,0, 680, False, 4
2857,0, 680, False, 4
2858,0, 680, False, 4
2859,0, 680, False, 4
2860,0, 680, False, 4
2861,0, 680, False, 4
2862,0, 680, False, 4
2863,0, 680, False, 4
2864,0, 680, False, 4
2865,0, 680, False, 4
2866,0, 680, False, 4
2867,0, 680, False, 4
2868,0, 680, False, 4
2869,0, 680, False, 4
2870,0, 680, False, 4
2871,0, 680, False, 4
2872,0, 680, False, 4
2873,0, 680, False, 4
2874,0, 680, False, 0
2875,0, 680, False, 0
2876,0, 680, False, 0
2877,0, 680, False, 0
2878,0, 680, False, 0
2879,0, 680, False, 0
2880,0, 680, False, 0
2881,0, 680, False, 2
2882,0, 680, False, 2
2883,0, 680, False, 2
2884,0, 680, False, 2
2885,0, 680, False, 2
2886,0, 680, False, 2
2887,0, 680, False, 2
2888,0, 680, False, 2
2889,0, 680, False, 2
2890,0, 680, False, 2
2891,0, 680, False, 2
2892,0, 680, False, 0
2893,0, 680, False, 0
2894,0, 680, False, 0
2895,0, 680, False, 0
2896,0, 680, False, 0
2897,0, 680, False, 0
2898,0, 680, False, 0
2899,0, 680, False, 0
2900,0, 680, False, 0
2901,0, 680, False, 0
2902,0, 680, False, 0
2903,0, 680, False, 0
2904,0, 680, False, 0
2905,0, 680, False, 0
2906,0, 680, False, 0
2907,0, 680, False, 0
2908,0, 680, False, 0
2909,0, 680, False, 0
2910,0, 680, False, 0
2911,0, 680, False, 0
2912,0, 680, False, 0
2913,0, 680, False, 0
2914,0, 680, False, 0
2915,0, 680, False, 0
2916,0, 680, False, 0
2917,0, 680, False, 0
2918,0, 680, False, 0
2919,0, 680, False, 0
2920,0, 680, False, 0
2921,0, 680, False, 0
2922,0, 680, False, 0
2923,0, 680, False, 0
2924,0, 680, False, 0
2925,0, 680, False, 0
2926,0, 680, False, 0
2927,0, 680, False, 0
2928,0, 680, False, 0
2929,0, 680, False, 0
2930,0, 680, False, 0
2931,0, 680, False, 0
2932,0, 680, False, 0
2933,0, 680, False, 0
2934,0, 680, False, 0
2935,0, 680, False, 0
2936,0, 680, False, 0
2937,0, 680, False, 0
2938,0, 680, False, 0
2939,0, 680, False, 0
2940,0, 680, False, 4
2941,0, 680, False, 4
2942,0, 680, False, 4
2943,0, 680, False, 4
2944,0, 680, False, 4
2945,0, 680, False, 4
2946,0, 680, False, 4
2947,0, 680, False, 4
2948,0, 680, False, 0
2949,0, 680, False, 0
2950,0, 680, False, 0
2951,0, 680, False, 0
2952,0, 680, False, 0
2953,0, 680, False, 0
2954,0, 680, False, 0
2955,0, 680, False, 0
2956,0, 680, False, 0
2957,0, 680, False, 0
2958,0, 680, False, 0
2959,0, 680, False, 0
2960,0, 680, False, 0
2961,0, 680, False, 0
2962,0, 680, False, 0
2963,0, 680, False, 2
2964,0, 680, False, 2
2965,0, 680, False, 2
2966,0, 680, False, 2
2967,0, 680, False, 2
2968,0, 680, False, 2
2969,0, 680, False, 2
2970,0, 680, False, 2
2971,0, 680, False, 0
2972,0, 680, False, 0
2973,0, 680, False, 0
2974,0, 680, False, 0
2975,0, 680, False, 0
2976,0, 680, False, 0
2977,0, 680, False, 0
2978,0, 680, False, 2
2979,0, 680, False, 2
2980,0, 680, False, 2
2981,0, 680, False, 2
2982,0, 680, False, 0
2983,0, 680, False, 0
2984,0, 680, False, 0
2985,0, 680, False, 0
2986,0, 680, False, 0
2987,0, 680, False, 2
2988,0, 680, False, 2
2989,0, 680, False, 2
2990,10, 690, False, 2
2991,0, 690, False, 0
2992,0, 690, False, 0
2993,0, 690, False, 0
2994,0, 690, False, 0
2995,0, 690, False, 0
2996,0, 690, False, 2
2997,0, 690, False, 2
2998,0, 690, False, 2
2999,0, 690, False, 2
3000,0, 690, False, 0
3001,0, 690, False, 0
3002,0, 690, False, 0
3003,0, 690, False, 0
3004,10, 700, False, 2
3005,0, 700, False, 2
3006,0, 700, False, 2
3007,0, 700, False, 2
3008,0, 700, False, 0
3009,0, 700, False, 0
3010,0, 700, False, 0
3011,0, 700, False, 0
3012,0, 700, False, 0
3013,0, 700, False, 0
3014,0, 700, False, 0
3015,0, 700, False, 2
3016,0, 700, False, 2
3017,0, 700, False, 2
3018,10, 710, False, 2
3019,0, 710, False, 0
3020,0, 710, False, 0
3021,0, 710, False, 0
3022,0, 710, False, 0
3023,0, 710, False, 0
3024,0, 710, False, 0
3025,0, 710, False, 0
3026,0, 710, False, 0
3027,0, 710, False, 0
3028,0, 710, False, 0
3029,0, 710, False, 0
3030,0, 710, False, 0
3031,0, 710, False, 0
3032,10, 720, False, 0
3033,0, 720, False, 0
3034,0, 720, False, 0
3035,0, 720, False, 0
3036,0, 720, False, 0
3037,0, 720, False, 0
3038,0, 720, False, 0
3039,0, 720, False, 0
3040,0, 720, False, 0
3041,0, 720, False, 0
3042,0, 720, False, 0
3043,0, 720, False, 0
3044,0, 720, False, 0
3045,0, 720, False, 0
3046,10, 730, False, 0
3047,0, 730, False, 0
3048,0, 730, False, 0
3049,0, 730, False, 0
3050,0, 730, False, 0
3051,0, 730, False, 0
3052,0, 730, False, 0
3053,0, 730, False, 0
3054,0, 730, False, 0
3055,0, 730, False, 0
3056,0, 730, False, 0
3057,0, 730, False, 0
3058,0, 730, False, 0
3059,0, 730, False, 0
3060,10, 740, False, 0
3061,0, 740, False, 3
3062,0, 740, False, 3
3063,0, 740, False, 3
3064,0, 740, False, 3
3065,0, 740, False, 0
3066,0, 740, False, 0
3067,0, 740, False, 0
3068,0, 740, False, 0
3069,0, 740, False, 3
3070,0, 740, False, 3
3071,0, 740, False, 3
3072,10, 750, False, 3
3073,0, 750, False, 3
3074,0, 750, False, 0
3075,0, 750, False, 0
3076,0, 750, False, 0
3077,0, 750, False, 0
3078,0, 750, False, 0
3079,0, 750, False, 3
3080,0, 750, False, 3
3081,0, 750, False, 3
3082,0, 750, False, 3
3083,0, 750, False, 0
3084,10, 760, False, 0
3085,0, 760, False, 0
3086,0, 760, False, 0
3087,0, 760, False, 0
3088,0, 760, False, 3
3089,0, 760, False, 3
3090,0, 760, False, 3
3091,0, 760, False, 3
3092,0, 760, False, 0
3093,0, 760, False, 0
3094,0, 760, False, 0
3095,0, 760, False, 0
3096,0, 760, False, 0
3097,0, 760, False, 3
3098,10, 770, False, 3
3099,0, 770, False, 3
3100,0, 770, False, 3
3101,0, 770, False, 0
3102,0, 770, False, 0
3103,0, 770, False, 0
3104,0, 770, False, 0
3105,0, 770, False, 0
3106,0, 770, False, 3
3107,0, 770, False, 3
3108,0, 770, False, 3
3109,0, 770, False, 3
3110,0, 770, False, 3
3111,0, 770, False, 0
3112,10, 780, False, 0
3113,0, 780, False, 0
3114,0, 780, False, 0
3115,0, 780, False, 0
3116,0, 780, False, 0
3117,0, 780, False, 0
3118,0, 780, False, 0
3119,0, 780, False, 0
3120,0, 780, False, 0
3121,0, 780, False, 0
3122,0, 780, False, 0
3123,0, 780, False, 0
3124,10, 790, False, 0
3125,0, 790, False, 0
3126,0, 790, False, 0
3127,0, 790, False, 0
3128,0, 790, False, 0
3129,0, 790, False, 0
3130,0, 790, False, 0
3131,0, 790, False, 0
3132,0, 790, False, 0
3133,0, 790, False, 0
3134,0, 790, False, 0
3135,0, 790, False, 0
3136,0, 790, False, 0
3137,0, 790, False, 0
3138,10, 800, False, 0
3139,0, 800, False, 0
3140,0, 800, False, 0
3141,0, 800, False, 0
3142,0, 800, False, 0
3143,0, 800, False, 0
3144,0, 800, False, 0
3145,0, 800, False, 0
3146,0, 800, False, 2
3147,0, 800, False, 2
3148,0, 800, False, 2
3149,0, 800, False, 2
3150,0, 800, False, 0
3151,0, 800, False, 0
3152,0, 800, False, 0
3153,0, 800, False, 0
3154,0, 800, False, 0
3155,0, 800, False, 2
3156,50, 850, False, 2
3157,0, 850, False, 2
3158,0, 850, False, 2
3159,0, 850, False, 0
3160,0, 850, False, 0
3161,0, 850, False, 0
3162,0, 850, False, 0
3163,0, 850, False, 0
3164,0, 850, False, 0
3165,0, 850, False, 2
3166,0, 850, False, 2
3167,0, 850, False, 2
3168,0, 850, False, 2
3169,0, 850, False, 0
3170,10, 860, False, 0
3171,0, 860, False, 0
3172,0, 860, False, 0
3173,0, 860, False, 0
3174,0, 860, False, 0
3175,0, 860, False, 0
3176,0, 860, False, 0
3177,0, 860, False, 0
3178,0, 860, False, 0
3179,0, 860, False, 0
3180,0, 860, False, 0
3181,0, 860, False, 4
3182,0, 860, False, 4
3183,0, 860, False, 4
3184,0, 860, False, 4
3185,0, 860, False, 0
3186,0, 860, False, 0
3187,0, 860, False, 0
3188,0, 860, False, 0
3189,0, 860, False, 0
3190,10, 870, False, 0
3191,0, 870, False, 4
3192,0, 870, False, 4
3193,0, 870, False, 4
3194,0, 870, False, 4
3195,0, 870, False, 0
3196,0, 870, False, 0
3197,0, 870, False, 0
3198,0, 870, False, 0
3199,0, 870, False, 0
3200,0, 870, False, 0
3201,0, 870, False, 0
3202,0, 870, False, 0
3203,0, 870, False, 0
3204,10, 880, False, 0
3205,0, 880, False, 0
3206,0, 880, False, 0
3207,0, 880, False, 0
3208,0, 880, False, 0
3209,0, 880, False, 0
3210,0, 880, False, 0
3211,0, 880, False, 0
3212,0, 880, False, 0
3213,0, 880, False, 0
3214,0, 880, False, 0
3215,0, 880, False, 0
3216,10, 890, False, 0
3217,0, 890, False, 0
3218,0, 890, False, 0
3219,0, 890, False, 0
3220,0, 890, False, 5
3221,0, 890, False, 5
3222,0, 890, False, 5
3223,0, 890, False, 0
3224,0, 890, False, 0
3225,0, 890, False, 0
3226,0, 890, False, 0
3227,0, 890, False, 0
3228,0, 890, False, 5
3229,0, 890, False, 5
3230,10, 900, False, 5
3231,0, 900, False, 5
3232,0, 900, False, 0
3233,0, 900, False, 0
3234,0, 900, False, 0
3235,0, 900, False, 0
3236,0, 900, False, 0
3237,0, 900, False, 0
3238,0, 900, False, 5
3239,0, 900, False, 5
3240,0, 900, False, 5
3241,0, 900, False, 0
3242,0, 900, False, 0
3243,0, 900, False, 0
3244,0, 900, False, 0
3245,0, 900, False, 0
3246,0, 900, False, 5
3247,0, 900, False, 5
3248,0, 900, False, 5
3249,0, 900, False, 5
3250,0, 900, False, 0
3251,0, 900, False, 0
3252,0, 900, False, 0
3253,0, 900, False, 0
3254,0, 900, False, 0
3255,0, 900, False, 0
3256,10, 910, False, 0
3257,0, 910, False, 0
3258,0, 910, False, 0
3259,0, 910, False, 0
3260,0, 910, False, 0
3261,0, 910, False, 0
3262,0, 910, False, 0
3263,0, 910, False, 0
3264,0, 910, False, 0
3265,0, 910, False, 0
3266,0, 910, False, 0
3267,0, 910, False, 0
3268,0, 910, False, 0
3269,0, 910, False, 0
3270,10, 920, False, 0
3271,0, 920, False, 0
3272,0, 920, False, 0
3273,0, 920, False, 0
3274,0, 920, False, 0
3275,0, 920, False, 0
3276,0, 920, False, 0
3277,0, 920, False, 0
3278,0, 920, False, 0
3279,0, 920, False, 0
3280,0, 920, False, 0
3281,0, 920, False, 0
3282,0, 920, False, 0
3283,0, 920, False, 0
3284,0, 920, False, 0
3285,0, 920, False, 4
3286,0, 920, False, 4
3287,0, 920, False, 4
3288,0, 920, False, 4
3289,0, 920, False, 0
3290,0, 920, False, 0
3291,0, 920, False, 0
3292,0, 920, False, 0
3293,0, 920, False, 0
3294,10, 930, False, 0
3295,0, 930, False, 4
3296,0, 930, False, 4
3297,0, 930, False, 4
3298,0, 930, False, 4
3299,0, 930, False, 0
3300,0, 930, False, 0
3301,0, 930, False, 0
3302,0, 930, False, 0
3303,0, 930, False, 0
3304,0, 930, False, 0
3305,0, 930, False, 0
3306,0, 930, False, 0
3307,0, 930, False, 0
3308,10, 940, False, 0
3309,0, 940, False, 0
3310,0, 940, False, 0
3311,0, 940, False, 0
3312,0, 940, False, 0
3313,0, 940, False, 0
3314,0, 940, False, 0
3315,0, 940, False, 0
3316,0, 940, False, 0
3317,0, 940, False, 0
3318,0, 940, False, 0
3319,0, 940, False, 0
3320,0, 940, False, 0
3321,0, 940, False, 0
3322,0, 940, False, 0
3323,0, 940, False, 0
3324,0, 940, False, 0
3325,0, 940, False, 2
3326,0, 940, False, 2
3327,0, 940, False, 2
3328,0, 940, False, 2
3329,0, 940, False, 2
3330,0, 940, False, 0
3331,0, 940, False, 0
3332,10, 950, False, 0
3333,0, 950, False, 0
3334,0, 950, False, 0
3335,0, 950, False, 2
3336,0, 950, False, 2
3337,0, 950, False, 2
3338,0, 950, False, 2
3339,0, 950, False, 2
3340,0, 950, False, 0
3341,0, 950, False, 0
3342,0, 950, False, 0
3343,0, 950, False, 0
3344,10, 960, False, 0
3345,0, 960, False, 0
3346,0, 960, False, 0
3347,0, 960, False, 0
3348,0, 960, False, 0
3349,0, 960, False, 0
3350,0, 960, False, 0
3351,0, 960, False, 0
3352,0, 960, False, 0
3353,0, 960, False, 0
3354,0, 960, False, 0
3355,0, 960, False, 0
3356,0, 960, False, 0
3357,0, 960, False, 0
3358,0, 960, False, 0
3359,0, 960, False, 0
3360,0, 960, False, 0
3361,0, 960, False, 0
3362,0, 960, False, 0
3363,0, 960, False, 0
3364,10, 970, False, 0
3365,0, 970, False, 0
3366,0, 970, False, 0
3367,0, 970, False, 0
3368,0, 970, False, 0
3369,0, 970, False, 0
3370,0, 970, False, 0
3371,0, 970, False, 0
3372,0, 970, False, 0
3373,0, 970, False, 0
3374,0, 970, False, 0
3375,0, 970, False, 0
3376,10, 980, False, 3
3377,0, 980, False, 3
3378,0, 980, False, 3
3379,0, 980, False, 3
3380,0, 980, False, 0
3381,0, 980, False, 0
3382,0, 980, False, 0
3383,0, 980, False, 0
3384,0, 980, False, 0
3385,0, 980, False, 0
3386,0, 980, False, 0
3387,0, 980, False, 3
3388,0, 980, False, 3
3389,0, 980, False, 3
3390,0, 980, False, 3
3391,0, 980, False, 0
3392,0, 980, False, 0
3393,0, 980, False, 0
3394,0, 980, False, 0
3395,0, 980, False, 0
3396,0, 980, False, 0
3397,0, 980, False, 3
3398,0, 980, False, 3
3399,0, 980, False, 3
3400,0, 980, False, 0
3401,0, 980, False, 0
3402,0, 980, False, 0
3403,0, 980, False, 0
3404,0, 980, False, 0
3405,0, 980, False, 0
3406,0, 980, False, 0
3407,0, 980, False, 0
3408,0, 980, False, 0
3409,0, 980, False, 3
3410,0, 980, False, 3
3411,0, 980, False, 0
3412,0, 980, False, 0
3413,0, 980, False, 0
3414,0, 980, False, 0
3415,0, 980, False, 0
3416,0, 980, False, 0
3417,0, 980, False, 0
3418,0, 980, False, 0
3419,0, 980, False, 0
3420,0, 980, False, 0
3421,0, 980, False, 0
3422,0, 980, False, 0
3423,0, 980, False, 2
3424,0, 980, False, 2
3425,0, 980, False, 2
3426,0, 980, False, 0
3427,0, 980, False, 0
3428,0, 980, False, 0
3429,0, 980, False, 0
3430,0, 980, False, 0
3431,0, 980, False, 2
3432,0, 980, False, 2
3433,0, 980, False, 2
3434,0, 980, False, 2
3435,0, 980, False, 2
3436,0, 980, False, 0
3437,0, 980, False, 0
3438,0, 980, False, 0
3439,0, 980, False, 0
3440,0, 980, False, 0
3441,0, 980, False, 0
3442,0, 980, False, 0
3443,0, 980, False, 0
3444,0, 980, False, 0
3445,0, 980, False, 0
3446,0, 980, False, 0
3447,0, 980, False, 0
3448,0, 980, False, 0
3449,0, 980, False, 0
3450,0, 980, False, 0
3451,0, 980, False, 0
3452,0, 980, False, 0
3453,0, 980, False, 0
3454,0, 980, False, 0
3455,0, 980, False, 0
3456,0, 980, False, 0
3457,0, 980, False, 0
3458,0, 980, False, 0
3459,0, 980, False, 0
3460,0, 980, False, 0
3461,0, 980, False, 0
3462,0, 980, False, 0
3463,0, 980, False, 0
3464,0, 980, False, 0
3465,0, 980, False, 0
3466,0, 980, False, 0
3467,0, 980, False, 0
3468,0, 980, False, 0
3469,0, 980, False, 4
3470,0, 980, False, 4
3471,0, 980, False, 4
3472,0, 980, False, 0
3473,0, 980, False, 0
3474,0, 980, False, 0
3475,0, 980, False, 0
3476,0, 980, False, 0
3477,0, 980, False, 0
3478,0, 980, False, 0
3479,0, 980, False, 0
3480,0, 980, False, 2
3481,0, 980, False, 2
3482,0, 980, False, 0
3483,0, 980, False, 0
3484,0, 980, False, 0
3485,0, 980, False, 0
3486,0, 980, False, 0
3487,0, 980, False, 0
3488,0, 980, False, 2
3489,0, 980, False, 2
3490,0, 980, False, 2
3491,0, 980, False, 2
3492,0, 980, False, 0
3493,0, 980, False, 0
3494,0, 980, False, 0
3495,0, 980, False, 0
3496,0, 980, False, 0
3497,0, 980, False, 0
3498,0, 980, False, 0
3499,0, 980, False, 0
3500,0, 980, False, 0
3501,0, 980, False, 2
3502,0, 980, False, 2
3503,0, 980, False, 0
3504,0, 980, False, 0
3505,0, 980, False, 0
3506,0, 980, False, 0
3507,0, 980, False, 0
3508,0, 980, False, 0
3509,0, 980, False, 2
3510,0, 980, False, 2
3511,0, 980, False, 2
3512,0, 980, False, 2
3513,0, 980, False, 0
3514,0, 980, False, 0
3515,0, 980, False, 0
3516,0, 980, False, 0
3517,0, 980, False, 0
3518,0, 980, False, 0
3519,0, 980, False, 2
3520,0, 980, False, 2
3521,0, 980, False, 2
3522,0, 980, False, 2
3523,0, 980, False, 0
3524,0, 980, False, 0
3525,0, 980, False, 0
3526,0, 980, False, 0
3527,0, 980, False, 0
3528,0, 980, False, 0
3529,0, 980, False, 0
3530,0, 980, False, 0
3531,0, 980, False, 2
3532,0, 980, False, 2
3533,0, 980, False, 2
3534,0, 980, False, 0
3535,0, 980, False, 0
3536,0, 980, False, 0
3537,0, 980, False, 0
3538,0, 980, False, 0
3539,0, 980, False, 0
3540,0, 980, False, 0
3541,0, 980, False, 0
3542,0, 980, False, 0
3543,0, 980, False, 3
3544,0, 980, False, 3
3545,0, 980, False, 3
3546,0, 980, False, 3
3547,0, 980, False, 0
3548,0, 980, False, 0
3549,0, 980, False, 0
3550,0, 980, False, 0
3551,0, 980, False, 0
3552,0, 980, False, 0
3553,0, 980, False, 0
3554,0, 980, False, 0
3555,0, 980, False, 0
3556,0, 980, False, 0
3557,0, 980, False, 0
3558,0, 980, False, 2
3559,0, 980, False, 2
3560,0, 980, False, 2
3561,0, 980, False, 2
3562,0, 980, False, 2
3563,0, 980, False, 2
3564,0, 980, False, 0
3565,0, 980, False, 0
3566,0, 980, False, 0
3567,0, 980, False, 0
3568,0, 980, False, 2
3569,0, 980, False, 2
3570,0, 980, False, 2
3571,0, 980, False, 2
3572,0, 980, False, 2
3573,0, 980, False, 2
3574,0, 980, False, 0
3575,0, 980, False, 0
3576,0, 980, False, 0
3577,0, 980, False, 0
3578,0, 980, False, 2
3579,0, 980, False, 2
3580,0, 980, False, 2
3581,0, 980, False, 2
3582,0, 980, False, 2
3583,0, 980, False, 2
3584,0, 980, False, 0
3585,0, 980, False, 0
3586,0, 980, False, 0
3587,0, 980, False, 0
3588,0, 980, False, 0
3589,0, 980, False, 4
3590,0, 980, False, 4
3591,0, 980, False, 4
3592,0, 980, False, 4
3593,0, 980, False, 4
3594,0, 980, False, 0
3595,0, 980, False, 0
3596,0, 980, False, 0
3597,0, 980, False, 0
3598,0, 980, False, 0
3599,0, 980, False, 0
3600,0, 980, False, 0
3601,0, 980, False, 2
3602,0, 980, False, 2
3603,0, 980, False, 2
3604,0, 980, False, 0
3605,0, 980, False, 0
3606,0, 980, False, 0
3607,0, 980, False, 0
3608,0, 980, False, 0
3609,0, 980, False, 0
3610,0, 980, False, 2
3611,0, 980, False, 2
3612,0, 980, False, 2
3613,0, 980, False, 2
3614,0, 980, False, 0
3615,0, 980, False, 0
3616,0, 980, False, 0
3617,0, 980, False, 0
3618,0, 980, False, 0
3619,0, 980, False, 0
3620,0, 980, False, 2
3621,0, 980, False, 2
3622,0, 980, False, 2
3623,0, 980, False, 2
3624,0, 980, False, 0
3625,0, 980, False, 0
3626,0, 980, False, 0
3627,0, 980, False, 0
3628,0, 980, False, 0
3629,0, 980, False, 0
3630,0, 980, False, 0
3631,0, 980, False, 2
3632,0, 980, False, 2
3633,0, 980, False, 0
3634,0, 980, False, 0
3635,0, 980, False, 0
3636,0, 980, False, 0
3637,0, 980, False, 0
3638,0, 980, False, 0
3639,0, 980, False, 4
3640,0, 980, False, 4
3641,0, 980, False, 4
3642,0, 980, False, 4
3643,0, 980, False, 4
3644,0, 980, False, 0
3645,0, 980, False, 0
3646,0, 980, False, 0
3647,0, 980, False, 0
3648,0, 980, False, 0
3649,0, 980, False, 0
3650,0, 980, False, 0
3651,0, 980, False, 5
3652,0, 980, False, 5
3653,0, 980, False, 5
3654,0, 980, False, 5
3655,0, 980, False, 0
3656,0, 980, False, 0
3657,0, 980, False, 0
3658,0, 980, False, 0
3659,0, 980, False, 0
3660,0, 980, False, 0
3661,0, 980, False, 0
3662,0, 980, False, 5
3663,0, 980, False, 5
3664,0, 980, False, 0
3665,0, 980, False, 0
3666,0, 980, False, 0
3667,0, 980, False, 0
3668,0, 980, False, 0
3669,0, 980, False, 0
3670,0, 980, False, 0
3671,0, 980, False, 0
3672,0, 980, False, 0
3673,0, 980, False, 0
3674,0, 980, False, 0
3675,0, 980, False, 0
3676,0, 980, False, 0
3677,0, 980, False, 0
3678,0, 980, False, 0
3679,0, 980, False, 0
3680,0, 980, False, 0
3681,0, 980, False, 0
3682,0, 980, False, 5
3683,0, 980, False, 5
3684,0, 980, False, 5
3685,0, 980, False, 5
3686,0, 980, False, 5
3687,0, 980, False, 0
3688,0, 980, False, 0
3689,0, 980, False, 0
3690,0, 980, False, 0
3691,0, 980, False, 0
3692,0, 980, False, 0
3693,0, 980, False, 0
3694,0, 980, False, 0
3695,0, 980, False, 0
3696,0, 980, False, 0
3697,0, 980, False, 0
3698,0, 980, False, 0
3699,0, 980, False, 0
3700,0, 980, False, 0
3701,0, 980, False, 0
3702,0, 980, False, 0
3703,0, 980, False, 0
3704,0, 980, False, 0
3705,0, 980, False, 0
3706,0, 980, False, 0
3707,0, 980, False, 0
3708,0, 980, False, 3
3709,0, 980, False, 3
3710,0, 980, False, 3
3711,0, 980, False, 3
3712,0, 980, False, 3
3713,0, 980, False, 3
3714,0, 980, False, 0
3715,0, 980, False, 0
3716,0, 980, False, 0
3717,0, 980, False, 0
3718,0, 980, False, 0
3719,0, 980, False, 0
3720,0, 980, False, 2
3721,0, 980, False, 2
3722,0, 980, False, 2
3723,0, 980, False, 2
3724,0, 980, False, 0
3725,0, 980, False, 0
3726,0, 980, False, 0
3727,0, 980, False, 0
3728,0, 980, False, 0
3729,0, 980, False, 0
3730,0, 980, False, 2
3731,0, 980, False, 2
3732,0, 980, False, 2
3733,0, 980, False, 2
3734,0, 980, False, 0
3735,0, 980, False, 0
3736,0, 980, False, 0
3737,0, 980, False, 0
3738,0, 980, False, 0
3739,0, 980, False, 0
3740,0, 980, False, 0
3741,0, 980, False, 0
3742,0, 980, False, 2
3743,0, 980, False, 2
3744,0, 980, False, 2
3745,0, 980, False, 0
3746,0, 980, False, 0
3747,0, 980, False, 0
3748,0, 980, False, 0
3749,0, 980, False, 0
3750,0, 980, False, 0
3751,0, 980, False, 0
3752,0, 980, False, 0
3753,0, 980, False, 0
3754,0, 980, False, 2
3755,0, 980, False, 2
3756,0, 980, False, 2
3757,0, 980, False, 0
3758,0, 980, False, 0
3759,0, 980, False, 0
3760,0, 980, False, 0
3761,0, 980, False, 0
3762,0, 980, False, 0
3763,0, 980, False, 0
3764,0, 980, False, 0
3765,0, 980, False, 0
3766,0, 980, False, 0
3767,0, 980, False, 0
3768,0, 980, False, 0
3769,0, 980, False, 0
3770,0, 980, False, 0
3771,0, 980, False, 0
3772,0, 980, False, 0
3773,0, 980, False, 0
3774,0, 980, False, 0
3775,0, 980, False, 0
3776,0, 980, False, 0
3777,0, 980, False, 0
3778,0, 980, False, 0
3779,0, 980, False, 0
3780,0, 980, False, 0
3781,0, 980, False, 0
3782,0, 980, False, 0
3783,0, 980, False, 0
3784,0, 980, False, 0
3785,0, 980, False, 0
3786,0, 980, False, 0
3787,0, 980, False, 0
3788,0, 980, False, 0
3789,0, 980, False, 0
3790,0, 980, False, 0
3791,0, 980, False, 0
3792,0, 980, False, 0
3793,0, 980, False, 0
3794,0, 980, False, 0
3795,0, 980, False, 0
3796,0, 980, False, 0
3797,0, 980, False, 0
3798,0, 980, False, 0
3799,0, 980, False, 0
3800,0, 980, False, 0
3801,0, 980, False, 0
3802,0, 980, False, 0
3803,0, 980, False, 0
3804,0, 980, False, 0
3805,0, 980, False, 0
3806,0, 980, False, 0
3807,0, 980, False, 0
3808,0, 980, False, 0
3809,0, 980, False, 0
3810,0, 980, False, 0
3811,0, 980, False, 0
3812,0, 980, False, 0
3813,0, 980, False, 0
3814,0, 980, False, 0
3815,0, 980, False, 0
3816,0, 980, False, 0
3817,0, 980, False, 0
3818,0, 980, False, 0
3819,0, 980, False, 0
3820,0, 980, True, 0
