db traj id : 2412
frame,reward,score,terminal, action
0,0, 0, False, 0
1,0, 0, False, 0
2,0, 0, False, 0
3,0, 0, False, 0
4,0, 0, False, 0
5,0, 0, False, 0
6,0, 0, False, 0
7,0, 0, False, 0
8,0, 0, False, 0
9,0, 0, False, 0
10,0, 0, False, 0
11,0, 0, False, 0
12,0, 0, False, 0
13,0, 0, False, 0
14,0, 0, False, 0
15,0, 0, False, 0
16,0, 0, False, 0
17,0, 0, False, 0
18,0, 0, False, 0
19,0, 0, False, 0
20,0, 0, False, 0
21,0, 0, False, 0
22,0, 0, False, 0
23,0, 0, False, 0
24,0, 0, False, 0
25,0, 0, False, 0
26,0, 0, False, 0
27,0, 0, False, 0
28,0, 0, False, 0
29,0, 0, False, 0
30,0, 0, False, 0
31,0, 0, False, 0
32,0, 0, False, 0
33,0, 0, False, 0
34,0, 0, False, 0
35,0, 0, False, 0
36,0, 0, False, 0
37,0, 0, False, 0
38,0, 0, False, 0
39,0, 0, False, 0
40,0, 0, False, 0
41,0, 0, False, 0
42,0, 0, False, 0
43,0, 0, False, 0
44,0, 0, False, 0
45,0, 0, False, 0
46,0, 0, False, 0
47,0, 0, False, 0
48,0, 0, False, 0
49,0, 0, False, 0
50,0, 0, False, 0
51,0, 0, False, 0
52,0, 0, False, 4
53,0, 0, False, 4
54,0, 0, False, 4
55,0, 0, False, 4
56,0, 0, False, 4
57,0, 0, False, 4
58,0, 0, False, 4
59,0, 0, False, 4
60,0, 0, False, 4
61,0, 0, False, 0
62,0, 0, False, 0
63,0, 0, False, 0
64,0, 0, False, 0
65,0, 0, False, 0
66,0, 0, False, 0
67,0, 0, False, 0
68,0, 0, False, 0
69,0, 0, False, 0
70,0, 0, False, 0
71,0, 0, False, 0
72,0, 0, False, 0
73,0, 0, False, 0
74,0, 0, False, 0
75,0, 0, False, 0
76,0, 0, False, 0
77,0, 0, False, 4
78,0, 0, False, 4
79,0, 0, False, 4
80,0, 0, False, 4
81,0, 0, False, 4
82,0, 0, False, 4
83,0, 0, False, 4
84,0, 0, False, 4
85,0, 0, False, 4
86,0, 0, False, 4
87,0, 0, False, 0
88,0, 0, False, 0
89,0, 0, False, 0
90,0, 0, False, 0
91,0, 0, False, 0
92,0, 0, False, 0
93,0, 0, False, 0
94,0, 0, False, 0
95,0, 0, False, 0
96,0, 0, False, 0
97,0, 0, False, 0
98,0, 0, False, 0
99,0, 0, False, 0
100,0, 0, False, 0
101,0, 0, False, 0
102,0, 0, False, 0
103,0, 0, False, 0
104,0, 0, False, 0
105,0, 0, False, 0
106,0, 0, False, 0
107,0, 0, False, 0
108,0, 0, False, 0
109,0, 0, False, 0
110,0, 0, False, 0
111,0, 0, False, 0
112,0, 0, False, 0
113,0, 0, False, 0
114,0, 0, False, 0
115,0, 0, False, 0
116,0, 0, False, 0
117,0, 0, False, 0
118,0, 0, False, 0
119,0, 0, False, 0
120,0, 0, False, 0
121,0, 0, False, 0
122,0, 0, False, 0
123,0, 0, False, 0
124,0, 0, False, 0
125,0, 0, False, 0
126,0, 0, False, 0
127,0, 0, False, 0
128,0, 0, False, 0
129,0, 0, False, 0
130,0, 0, False, 0
131,0, 0, False, 0
132,0, 0, False, 0
133,0, 0, False, 0
134,0, 0, False, 0
135,0, 0, False, 0
136,0, 0, False, 0
137,0, 0, False, 0
138,0, 0, False, 0
139,0, 0, False, 0
140,0, 0, False, 0
141,0, 0, False, 0
142,0, 0, False, 0
143,0, 0, False, 0
144,0, 0, False, 0
145,0, 0, False, 0
146,0, 0, False, 0
147,0, 0, False, 0
148,0, 0, False, 0
149,0, 0, False, 0
150,0, 0, False, 0
151,0, 0, False, 0
152,0, 0, False, 0
153,0, 0, False, 0
154,0, 0, False, 0
155,0, 0, False, 0
156,0, 0, False, 0
157,0, 0, False, 0
158,0, 0, False, 0
159,0, 0, False, 0
160,0, 0, False, 0
161,0, 0, False, 0
162,0, 0, False, 0
163,0, 0, False, 0
164,0, 0, False, 0
165,0, 0, False, 0
166,0, 0, False, 0
167,0, 0, False, 0
168,0, 0, False, 0
169,0, 0, False, 0
170,0, 0, False, 0
171,0, 0, False, 0
172,0, 0, False, 0
173,0, 0, False, 0
174,0, 0, False, 0
175,0, 0, False, 0
176,0, 0, False, 0
177,0, 0, False, 0
178,0, 0, False, 0
179,0, 0, False, 0
180,0, 0, False, 0
181,0, 0, False, 0
182,0, 0, False, 0
183,0, 0, False, 0
184,0, 0, False, 0
185,0, 0, False, 0
186,0, 0, False, 0
187,0, 0, False, 0
188,0, 0, False, 0
189,0, 0, False, 0
190,0, 0, False, 0
191,0, 0, False, 0
192,0, 0, False, 0
193,0, 0, False, 0
194,0, 0, False, 0
195,0, 0, False, 0
196,0, 0, False, 0
197,0, 0, False, 0
198,0, 0, False, 0
199,0, 0, False, 0
200,0, 0, False, 0
201,0, 0, False, 0
202,0, 0, False, 0
203,0, 0, False, 0
204,0, 0, False, 0
205,0, 0, False, 0
206,0, 0, False, 0
207,0, 0, False, 0
208,0, 0, False, 0
209,0, 0, False, 0
210,0, 0, False, 0
211,0, 0, False, 0
212,0, 0, False, 0
213,0, 0, False, 0
214,0, 0, False, 0
215,0, 0, False, 4
216,0, 0, False, 4
217,0, 0, False, 4
218,0, 0, False, 4
219,0, 0, False, 4
220,0, 0, False, 4
221,0, 0, False, 4
222,0, 0, False, 4
223,0, 0, False, 4
224,0, 0, False, 4
225,0, 0, False, 4
226,0, 0, False, 4
227,0, 0, False, 4
228,0, 0, False, 4
229,0, 0, False, 4
230,0, 0, False, 4
231,0, 0, False, 0
232,0, 0, False, 0
233,0, 0, False, 0
234,0, 0, False, 0
235,0, 0, False, 0
236,0, 0, False, 4
237,0, 0, False, 4
238,0, 0, False, 4
239,0, 0, False, 4
240,0, 0, False, 4
241,0, 0, False, 4
242,0, 0, False, 0
243,0, 0, False, 0
244,0, 0, False, 0
245,0, 0, False, 0
246,0, 0, False, 0
247,0, 0, False, 0
248,0, 0, False, 0
249,0, 0, False, 0
250,0, 0, False, 0
251,0, 0, False, 0
252,0, 0, False, 0
253,0, 0, False, 0
254,0, 0, False, 0
255,0, 0, False, 0
256,0, 0, False, 0
257,0, 0, False, 0
258,0, 0, False, 0
259,0, 0, False, 0
260,0, 0, False, 0
261,0, 0, False, 0
262,0, 0, False, 0
263,0, 0, False, 0
264,0, 0, False, 0
265,0, 0, False, 0
266,0, 0, False, 0
267,0, 0, False, 0
268,0, 0, False, 0
269,0, 0, False, 0
270,0, 0, False, 0
271,0, 0, False, 0
272,0, 0, False, 5
273,0, 0, False, 5
274,0, 0, False, 5
275,10, 10, False, 5
276,0, 10, False, 5
277,0, 10, False, 5
278,0, 10, False, 5
279,0, 10, False, 5
280,0, 10, False, 5
281,0, 10, False, 0
282,0, 10, False, 0
283,0, 10, False, 0
284,0, 10, False, 0
285,0, 10, False, 0
286,0, 10, False, 0
287,0, 10, False, 0
288,0, 10, False, 0
289,10, 20, False, 0
290,0, 20, False, 0
291,0, 20, False, 0
292,0, 20, False, 0
293,0, 20, False, 0
294,0, 20, False, 0
295,0, 20, False, 0
296,0, 20, False, 0
297,0, 20, False, 0
298,0, 20, False, 0
299,0, 20, False, 0
300,0, 20, False, 0
301,0, 20, False, 0
302,0, 20, False, 0
303,10, 30, False, 0
304,0, 30, False, 0
305,0, 30, False, 5
306,0, 30, False, 5
307,0, 30, False, 5
308,0, 30, False, 5
309,0, 30, False, 5
310,0, 30, False, 0
311,0, 30, False, 0
312,0, 30, False, 0
313,0, 30, False, 0
314,0, 30, False, 0
315,10, 40, False, 0
316,0, 40, False, 0
317,0, 40, False, 0
318,0, 40, False, 0
319,0, 40, False, 0
320,0, 40, False, 0
321,0, 40, False, 0
322,0, 40, False, 0
323,0, 40, False, 0
324,0, 40, False, 0
325,0, 40, False, 0
326,0, 40, False, 0
327,0, 40, False, 0
328,0, 40, False, 0
329,10, 50, False, 0
330,0, 50, False, 0
331,0, 50, False, 0
332,0, 50, False, 0
333,0, 50, False, 0
334,0, 50, False, 0
335,0, 50, False, 0
336,0, 50, False, 0
337,0, 50, False, 0
338,0, 50, False, 0
339,0, 50, False, 0
340,0, 50, False, 0
341,0, 50, False, 0
342,0, 50, False, 0
343,10, 60, False, 0
344,0, 60, False, 0
345,0, 60, False, 0
346,0, 60, False, 0
347,0, 60, False, 0
348,0, 60, False, 0
349,0, 60, False, 0
350,0, 60, False, 0
351,0, 60, False, 0
352,0, 60, False, 5
353,0, 60, False, 5
354,0, 60, False, 5
355,0, 60, False, 5
356,0, 60, False, 5
357,0, 60, False, 5
358,0, 60, False, 5
359,10, 70, False, 5
360,0, 70, False, 5
361,0, 70, False, 0
362,0, 70, False, 0
363,0, 70, False, 0
364,0, 70, False, 0
365,0, 70, False, 0
366,0, 70, False, 0
367,0, 70, False, 0
368,0, 70, False, 0
369,0, 70, False, 0
370,0, 70, False, 0
371,0, 70, False, 0
372,0, 70, False, 0
373,10, 80, False, 0
374,0, 80, False, 0
375,0, 80, False, 0
376,0, 80, False, 0
377,0, 80, False, 0
378,0, 80, False, 0
379,0, 80, False, 0
380,0, 80, False, 0
381,0, 80, False, 0
382,0, 80, False, 0
383,0, 80, False, 0
384,0, 80, False, 0
385,0, 80, False, 0
386,0, 80, False, 0
387,10, 90, False, 0
388,0, 90, False, 0
389,0, 90, False, 0
390,0, 90, False, 0
391,0, 90, False, 0
392,0, 90, False, 0
393,0, 90, False, 0
394,0, 90, False, 0
395,0, 90, False, 0
396,0, 90, False, 0
397,0, 90, False, 0
398,0, 90, False, 0
399,0, 90, False, 0
400,0, 90, False, 0
401,10, 100, False, 0
402,0, 100, False, 0
403,0, 100, False, 0
404,0, 100, False, 0
405,0, 100, False, 0
406,0, 100, False, 0
407,0, 100, False, 0
408,0, 100, False, 0
409,0, 100, False, 0
410,0, 100, False, 0
411,0, 100, False, 0
412,0, 100, False, 0
413,0, 100, False, 0
414,0, 100, False, 0
415,10, 110, False, 0
416,0, 110, False, 3
417,0, 110, False, 3
418,0, 110, False, 3
419,0, 110, False, 3
420,0, 110, False, 3
421,0, 110, False, 3
422,0, 110, False, 3
423,0, 110, False, 3
424,0, 110, False, 3
425,0, 110, False, 0
426,0, 110, False, 0
427,0, 110, False, 0
428,0, 110, False, 0
429,10, 120, False, 0
430,0, 120, False, 0
431,0, 120, False, 0
432,0, 120, False, 0
433,0, 120, False, 0
434,0, 120, False, 0
435,0, 120, False, 0
436,0, 120, False, 0
437,0, 120, False, 0
438,0, 120, False, 0
439,0, 120, False, 0
440,0, 120, False, 0
441,0, 120, False, 0
442,0, 120, False, 0
443,10, 130, False, 0
444,0, 130, False, 0
445,0, 130, False, 0
446,0, 130, False, 0
447,0, 130, False, 0
448,0, 130, False, 0
449,0, 130, False, 0
450,0, 130, False, 0
451,0, 130, False, 0
452,0, 130, False, 0
453,0, 130, False, 0
454,0, 130, False, 0
455,10, 140, False, 0
456,0, 140, False, 0
457,0, 140, False, 0
458,0, 140, False, 0
459,0, 140, False, 0
460,0, 140, False, 0
461,0, 140, False, 0
462,0, 140, False, 0
463,0, 140, False, 0
464,0, 140, False, 0
465,0, 140, False, 0
466,0, 140, False, 0
467,0, 140, False, 0
468,0, 140, False, 0
469,10, 150, False, 0
470,0, 150, False, 0
471,0, 150, False, 0
472,0, 150, False, 0
473,0, 150, False, 0
474,0, 150, False, 0
475,0, 150, False, 0
476,0, 150, False, 0
477,0, 150, False, 0
478,0, 150, False, 0
479,0, 150, False, 0
480,0, 150, False, 0
481,0, 150, False, 0
482,0, 150, False, 0
483,10, 160, False, 0
484,0, 160, False, 0
485,0, 160, False, 0
486,0, 160, False, 0
487,0, 160, False, 0
488,0, 160, False, 0
489,0, 160, False, 0
490,0, 160, False, 0
491,0, 160, False, 0
492,0, 160, False, 0
493,0, 160, False, 0
494,0, 160, False, 0
495,0, 160, False, 0
496,0, 160, False, 0
497,0, 160, False, 0
498,0, 160, False, 0
499,0, 160, False, 0
500,0, 160, False, 0
501,10, 170, False, 0
502,0, 170, False, 0
503,0, 170, False, 0
504,0, 170, False, 0
505,0, 170, False, 0
506,0, 170, False, 0
507,0, 170, False, 0
508,0, 170, False, 0
509,0, 170, False, 0
510,0, 170, False, 0
511,0, 170, False, 0
512,0, 170, False, 0
513,0, 170, False, 0
514,0, 170, False, 0
515,10, 180, False, 0
516,0, 180, False, 0
517,0, 180, False, 0
518,0, 180, False, 0
519,0, 180, False, 0
520,0, 180, False, 0
521,0, 180, False, 0
522,0, 180, False, 0
523,0, 180, False, 0
524,0, 180, False, 0
525,0, 180, False, 0
526,0, 180, False, 0
527,10, 190, False, 0
528,0, 190, False, 0
529,0, 190, False, 0
530,0, 190, False, 0
531,0, 190, False, 0
532,0, 190, False, 0
533,0, 190, False, 0
534,0, 190, False, 0
535,0, 190, False, 0
536,0, 190, False, 0
537,0, 190, False, 0
538,0, 190, False, 0
539,0, 190, False, 0
540,0, 190, False, 0
541,10, 200, False, 0
542,0, 200, False, 0
543,0, 200, False, 0
544,0, 200, False, 0
545,0, 200, False, 0
546,0, 200, False, 0
547,0, 200, False, 0
548,0, 200, False, 0
549,0, 200, False, 0
550,0, 200, False, 0
551,0, 200, False, 0
552,0, 200, False, 0
553,0, 200, False, 0
554,0, 200, False, 0
555,10, 210, False, 0
556,0, 210, False, 0
557,0, 210, False, 0
558,0, 210, False, 0
559,0, 210, False, 0
560,0, 210, False, 0
561,0, 210, False, 0
562,0, 210, False, 0
563,0, 210, False, 0
564,0, 210, False, 0
565,0, 210, False, 0
566,0, 210, False, 0
567,10, 220, False, 0
568,0, 220, False, 0
569,0, 220, False, 0
570,0, 220, False, 0
571,0, 220, False, 0
572,0, 220, False, 0
573,0, 220, False, 0
574,0, 220, False, 0
575,0, 220, False, 0
576,0, 220, False, 0
577,0, 220, False, 0
578,0, 220, False, 0
579,0, 220, False, 0
580,0, 220, False, 0
581,10, 230, False, 0
582,0, 230, False, 0
583,0, 230, False, 0
584,0, 230, False, 4
585,0, 230, False, 4
586,0, 230, False, 4
587,0, 230, False, 4
588,0, 230, False, 4
589,0, 230, False, 4
590,0, 230, False, 4
591,0, 230, False, 4
592,0, 230, False, 4
593,0, 230, False, 0
594,0, 230, False, 0
595,0, 230, False, 0
596,0, 230, False, 0
597,0, 230, False, 0
598,0, 230, False, 0
599,0, 230, False, 0
600,0, 230, False, 0
601,0, 230, False, 0
602,0, 230, False, 0
603,0, 230, False, 0
604,0, 230, False, 2
605,0, 230, False, 2
606,0, 230, False, 2
607,0, 230, False, 2
608,0, 230, False, 2
609,0, 230, False, 2
610,0, 230, False, 2
611,0, 230, False, 2
612,0, 230, False, 2
613,0, 230, False, 2
614,0, 230, False, 0
615,0, 230, False, 0
616,0, 230, False, 0
617,0, 230, False, 0
618,0, 230, False, 0
619,0, 230, False, 0
620,0, 230, False, 0
621,0, 230, False, 0
622,0, 230, False, 0
623,0, 230, False, 0
624,0, 230, False, 0
625,0, 230, False, 0
626,0, 230, False, 0
627,0, 230, False, 0
628,0, 230, False, 0
629,0, 230, False, 0
630,0, 230, False, 0
631,0, 230, False, 0
632,0, 230, False, 0
633,0, 230, False, 0
634,0, 230, False, 0
635,0, 230, False, 0
636,0, 230, False, 0
637,0, 230, False, 0
638,0, 230, False, 0
639,0, 230, False, 0
640,0, 230, False, 0
641,0, 230, False, 0
642,0, 230, False, 0
643,0, 230, False, 0
644,0, 230, False, 0
645,0, 230, False, 0
646,0, 230, False, 0
647,0, 230, False, 0
648,0, 230, False, 0
649,0, 230, False, 0
650,0, 230, False, 0
651,0, 230, False, 0
652,0, 230, False, 0
653,0, 230, False, 0
654,0, 230, False, 0
655,0, 230, False, 0
656,0, 230, False, 0
657,0, 230, False, 0
658,0, 230, False, 0
659,0, 230, False, 0
660,0, 230, False, 0
661,0, 230, False, 0
662,0, 230, False, 0
663,0, 230, False, 0
664,0, 230, False, 0
665,0, 230, False, 0
666,0, 230, False, 0
667,0, 230, False, 0
668,0, 230, False, 2
669,0, 230, False, 2
670,0, 230, False, 2
671,0, 230, False, 2
672,0, 230, False, 2
673,0, 230, False, 2
674,0, 230, False, 2
675,0, 230, False, 2
676,0, 230, False, 2
677,0, 230, False, 2
678,0, 230, False, 0
679,0, 230, False, 0
680,0, 230, False, 0
681,0, 230, False, 0
682,0, 230, False, 0
683,0, 230, False, 0
684,0, 230, False, 0
685,0, 230, False, 0
686,0, 230, False, 0
687,10, 240, False, 0
688,0, 240, False, 0
689,0, 240, False, 0
690,0, 240, False, 0
691,0, 240, False, 0
692,0, 240, False, 0
693,0, 240, False, 0
694,0, 240, False, 0
695,0, 240, False, 0
696,0, 240, False, 0
697,0, 240, False, 0
698,0, 240, False, 0
699,0, 240, False, 0
700,0, 240, False, 0
701,10, 250, False, 0
702,0, 250, False, 0
703,0, 250, False, 0
704,0, 250, False, 0
705,0, 250, False, 0
706,0, 250, False, 0
707,0, 250, False, 0
708,0, 250, False, 0
709,0, 250, False, 0
710,0, 250, False, 0
711,0, 250, False, 0
712,0, 250, False, 0
713,0, 250, False, 0
714,0, 250, False, 0
715,10, 260, False, 0
716,0, 260, False, 0
717,0, 260, False, 0
718,0, 260, False, 0
719,0, 260, False, 0
720,0, 260, False, 0
721,0, 260, False, 4
722,0, 260, False, 4
723,0, 260, False, 4
724,0, 260, False, 4
725,0, 260, False, 4
726,0, 260, False, 4
727,0, 260, False, 4
728,0, 260, False, 4
729,10, 270, False, 4
730,0, 270, False, 0
731,0, 270, False, 0
732,0, 270, False, 0
733,0, 270, False, 0
734,0, 270, False, 0
735,0, 270, False, 0
736,0, 270, False, 0
737,0, 270, False, 0
738,0, 270, False, 0
739,0, 270, False, 0
740,0, 270, False, 0
741,0, 270, False, 0
742,0, 270, False, 0
743,0, 270, False, 2
744,0, 270, False, 2
745,0, 270, False, 2
746,0, 270, False, 2
747,0, 270, False, 2
748,0, 270, False, 2
749,0, 270, False, 2
750,0, 270, False, 2
751,0, 270, False, 2
752,0, 270, False, 2
753,0, 270, False, 2
754,0, 270, False, 0
755,0, 270, False, 0
756,0, 270, False, 0
757,0, 270, False, 0
758,0, 270, False, 0
759,0, 270, False, 0
760,0, 270, False, 0
761,0, 270, False, 0
762,0, 270, False, 0
763,0, 270, False, 0
764,0, 270, False, 0
765,0, 270, False, 0
766,0, 270, False, 0
767,0, 270, False, 0
768,0, 270, False, 4
769,0, 270, False, 4
770,0, 270, False, 4
771,0, 270, False, 4
772,0, 270, False, 4
773,0, 270, False, 4
774,0, 270, False, 4
775,0, 270, False, 4
776,0, 270, False, 0
777,0, 270, False, 0
778,0, 270, False, 0
779,0, 270, False, 2
780,0, 270, False, 2
781,0, 270, False, 2
782,0, 270, False, 2
783,0, 270, False, 2
784,0, 270, False, 2
785,0, 270, False, 2
786,0, 270, False, 2
787,0, 270, False, 2
788,0, 270, False, 0
789,0, 270, False, 0
790,0, 270, False, 0
791,0, 270, False, 0
792,0, 270, False, 0
793,0, 270, False, 0
794,0, 270, False, 0
795,0, 270, False, 0
796,0, 270, False, 0
797,0, 270, False, 0
798,0, 270, False, 0
799,0, 270, False, 0
800,0, 270, False, 0
801,0, 270, False, 0
802,0, 270, False, 0
803,0, 270, False, 0
804,0, 270, False, 0
805,0, 270, False, 0
806,0, 270, False, 0
807,0, 270, False, 0
808,0, 270, False, 0
809,0, 270, False, 0
810,0, 270, False, 0
811,0, 270, False, 0
812,0, 270, False, 0
813,0, 270, False, 0
814,0, 270, False, 0
815,0, 270, False, 0
816,0, 270, False, 0
817,0, 270, False, 0
818,0, 270, False, 0
819,0, 270, False, 0
820,0, 270, False, 0
821,0, 270, False, 0
822,0, 270, False, 4
823,0, 270, False, 4
824,0, 270, False, 4
825,0, 270, False, 4
826,0, 270, False, 4
827,0, 270, False, 4
828,0, 270, False, 4
829,0, 270, False, 4
830,0, 270, False, 4
831,0, 270, False, 4
832,0, 270, False, 0
833,0, 270, False, 5
834,0, 270, False, 5
835,0, 270, False, 5
836,0, 270, False, 5
837,0, 270, False, 5
838,0, 270, False, 5
839,0, 270, False, 5
840,0, 270, False, 5
841,0, 270, False, 5
842,0, 270, False, 5
843,0, 270, False, 5
844,0, 270, False, 5
845,0, 270, False, 5
846,0, 270, False, 5
847,0, 270, False, 5
848,0, 270, False, 5
849,0, 270, False, 0
850,0, 270, False, 0
851,0, 270, False, 0
852,0, 270, False, 0
853,0, 270, False, 0
854,0, 270, False, 4
855,0, 270, False, 4
856,0, 270, False, 4
857,0, 270, False, 4
858,0, 270, False, 4
859,0, 270, False, 4
860,0, 270, False, 4
861,0, 270, False, 4
862,0, 270, False, 4
863,0, 270, False, 4
864,0, 270, False, 4
865,0, 270, False, 4
866,0, 270, False, 0
867,10, 280, False, 0
868,0, 280, False, 0
869,0, 280, False, 0
870,0, 280, False, 0
871,0, 280, False, 0
872,0, 280, False, 0
873,0, 280, False, 0
874,0, 280, False, 0
875,0, 280, False, 0
876,0, 280, False, 0
877,0, 280, False, 0
878,0, 280, False, 0
879,10, 290, False, 0
880,0, 290, False, 0
881,0, 290, False, 0
882,0, 290, False, 0
883,0, 290, False, 0
884,0, 290, False, 0
885,0, 290, False, 0
886,0, 290, False, 0
887,0, 290, False, 0
888,0, 290, False, 0
889,0, 290, False, 0
890,0, 290, False, 0
891,0, 290, False, 0
892,0, 290, False, 0
893,10, 300, False, 0
894,0, 300, False, 0
895,0, 300, False, 2
896,0, 300, False, 2
897,0, 300, False, 0
898,0, 300, False, 0
899,0, 300, False, 0
900,0, 300, False, 0
901,0, 300, False, 0
902,0, 300, False, 0
903,0, 300, False, 0
904,0, 300, False, 0
905,0, 300, False, 0
906,0, 300, False, 0
907,0, 300, False, 0
908,0, 300, False, 0
909,0, 300, False, 0
910,0, 300, False, 0
911,0, 300, False, 0
912,0, 300, False, 0
913,0, 300, False, 0
914,0, 300, False, 0
915,0, 300, False, 0
916,0, 300, False, 0
917,0, 300, False, 0
918,0, 300, False, 0
919,0, 300, False, 5
920,0, 300, False, 5
921,0, 300, False, 5
922,0, 300, False, 5
923,0, 300, False, 5
924,0, 300, False, 5
925,0, 300, False, 5
926,0, 300, False, 5
927,0, 300, False, 5
928,0, 300, False, 5
929,0, 300, False, 5
930,0, 300, False, 5
931,0, 300, False, 5
932,0, 300, False, 5
933,0, 300, False, 0
934,0, 300, False, 0
935,0, 300, False, 0
936,0, 300, False, 0
937,0, 300, False, 0
938,0, 300, False, 0
939,0, 300, False, 0
940,0, 300, False, 0
941,0, 300, False, 0
942,0, 300, False, 0
943,0, 300, False, 0
944,0, 300, False, 0
945,0, 300, False, 0
946,0, 300, False, 0
947,0, 300, False, 0
948,0, 300, False, 0
949,0, 300, False, 0
950,0, 300, False, 0
951,0, 300, False, 0
952,0, 300, False, 0
953,0, 300, False, 0
954,0, 300, False, 0
955,0, 300, False, 0
956,0, 300, False, 0
957,0, 300, False, 0
958,0, 300, False, 0
959,0, 300, False, 0
960,0, 300, False, 0
961,0, 300, False, 0
962,0, 300, False, 0
963,0, 300, False, 0
964,0, 300, False, 0
965,0, 300, False, 0
966,0, 300, False, 0
967,0, 300, False, 0
968,0, 300, False, 0
969,0, 300, False, 0
970,0, 300, False, 0
971,0, 300, False, 0
972,0, 300, False, 0
973,0, 300, False, 0
974,0, 300, False, 0
975,0, 300, False, 0
976,0, 300, False, 0
977,0, 300, False, 0
978,0, 300, False, 0
979,0, 300, False, 0
980,0, 300, False, 0
981,0, 300, False, 0
982,0, 300, False, 0
983,0, 300, False, 0
984,0, 300, False, 0
985,0, 300, False, 0
986,0, 300, False, 0
987,0, 300, False, 0
988,0, 300, False, 0
989,0, 300, False, 0
990,0, 300, False, 0
991,0, 300, False, 5
992,0, 300, False, 5
993,0, 300, False, 5
994,0, 300, False, 5
995,0, 300, False, 5
996,0, 300, False, 5
997,0, 300, False, 5
998,0, 300, False, 5
999,0, 300, False, 5
1000,0, 300, False, 5
1001,0, 300, False, 5
1002,0, 300, False, 5
1003,0, 300, False, 5
1004,0, 300, False, 5
1005,0, 300, False, 5
1006,0, 300, False, 5
1007,0, 300, False, 0
1008,0, 300, False, 0
1009,0, 300, False, 0
1010,0, 300, False, 0
1011,0, 300, False, 0
1012,0, 300, False, 0
1013,0, 300, False, 0
1014,0, 300, False, 0
1015,0, 300, False, 4
1016,0, 300, False, 4
1017,0, 300, False, 4
1018,0, 300, False, 4
1019,0, 300, False, 4
1020,0, 300, False, 4
1021,0, 300, False, 4
1022,0, 300, False, 4
1023,0, 300, False, 4
1024,0, 300, False, 4
1025,0, 300, False, 4
1026,0, 300, False, 4
1027,0, 300, False, 4
1028,0, 300, False, 4
1029,0, 300, False, 4
1030,0, 300, False, 4
1031,0, 300, False, 4
1032,0, 300, False, 4
1033,0, 300, False, 4
1034,0, 300, False, 4
1035,0, 300, False, 4
1036,0, 300, False, 0
1037,0, 300, False, 5
1038,0, 300, False, 5
1039,0, 300, False, 5
1040,0, 300, False, 5
1041,0, 300, False, 5
1042,0, 300, False, 5
1043,0, 300, False, 5
1044,0, 300, False, 5
1045,0, 300, False, 5
1046,0, 300, False, 5
1047,0, 300, False, 5
1048,0, 300, False, 5
1049,0, 300, False, 5
1050,0, 300, False, 5
1051,0, 300, False, 5
1052,0, 300, False, 5
1053,0, 300, False, 5
1054,0, 300, False, 5
1055,0, 300, False, 5
1056,0, 300, False, 5
1057,0, 300, False, 5
1058,0, 300, False, 5
1059,0, 300, False, 5
1060,0, 300, False, 5
1061,0, 300, False, 5
1062,0, 300, False, 5
1063,0, 300, False, 5
1064,0, 300, False, 5
1065,0, 300, False, 5
1066,0, 300, False, 5
1067,0, 300, False, 5
1068,0, 300, False, 5
1069,0, 300, False, 5
1070,0, 300, False, 5
1071,0, 300, False, 5
1072,0, 300, False, 5
1073,0, 300, False, 5
1074,0, 300, False, 5
1075,0, 300, False, 5
1076,0, 300, False, 5
1077,0, 300, False, 5
1078,0, 300, False, 5
1079,0, 300, False, 5
1080,0, 300, False, 5
1081,0, 300, False, 5
1082,0, 300, False, 5
1083,0, 300, False, 0
1084,0, 300, False, 0
1085,0, 300, False, 0
1086,0, 300, False, 0
1087,0, 300, False, 0
1088,0, 300, False, 0
1089,0, 300, False, 0
1090,0, 300, False, 0
1091,0, 300, False, 0
1092,0, 300, False, 0
1093,0, 300, False, 0
1094,0, 300, False, 0
1095,0, 300, False, 0
1096,0, 300, False, 0
1097,0, 300, False, 0
1098,0, 300, False, 5
1099,0, 300, False, 5
1100,0, 300, False, 5
1101,0, 300, False, 5
1102,0, 300, False, 5
1103,0, 300, False, 0
1104,0, 300, False, 4
1105,0, 300, False, 4
1106,0, 300, False, 4
1107,0, 300, False, 4
1108,0, 300, False, 4
1109,0, 300, False, 4
1110,0, 300, False, 4
1111,0, 300, False, 4
1112,0, 300, False, 4
1113,0, 300, False, 4
1114,0, 300, False, 4
1115,0, 300, False, 4
1116,0, 300, False, 4
1117,0, 300, False, 0
1118,0, 300, False, 0
1119,0, 300, False, 0
1120,0, 300, False, 0
1121,0, 300, False, 0
1122,0, 300, False, 0
1123,0, 300, False, 0
1124,0, 300, False, 0
1125,0, 300, False, 0
1126,0, 300, False, 0
1127,0, 300, False, 0
1128,0, 300, False, 0
1129,0, 300, False, 0
1130,0, 300, False, 0
1131,0, 300, False, 0
1132,0, 300, False, 0
1133,0, 300, False, 0
1134,0, 300, False, 0
1135,0, 300, False, 0
1136,0, 300, False, 0
1137,0, 300, False, 0
1138,0, 300, False, 0
1139,0, 300, False, 0
1140,0, 300, False, 0
1141,0, 300, False, 0
1142,0, 300, False, 0
1143,0, 300, False, 0
1144,0, 300, False, 0
1145,0, 300, False, 0
1146,0, 300, False, 0
1147,0, 300, False, 0
1148,0, 300, False, 0
1149,0, 300, False, 0
1150,0, 300, False, 0
1151,0, 300, False, 0
1152,0, 300, False, 0
1153,0, 300, False, 0
1154,0, 300, False, 0
1155,0, 300, False, 0
1156,0, 300, False, 0
1157,0, 300, False, 0
1158,0, 300, False, 0
1159,0, 300, False, 0
1160,0, 300, False, 0
1161,0, 300, False, 0
1162,0, 300, False, 0
1163,0, 300, False, 0
1164,0, 300, False, 0
1165,0, 300, False, 0
1166,0, 300, False, 0
1167,0, 300, False, 0
1168,0, 300, False, 0
1169,0, 300, False, 0
1170,0, 300, False, 0
1171,0, 300, False, 0
1172,0, 300, False, 0
1173,0, 300, False, 0
1174,0, 300, False, 0
1175,0, 300, False, 0
1176,0, 300, False, 0
1177,0, 300, False, 0
1178,0, 300, False, 0
1179,0, 300, False, 0
1180,0, 300, False, 0
1181,0, 300, False, 0
1182,0, 300, False, 4
1183,0, 300, False, 4
1184,0, 300, False, 4
1185,0, 300, False, 4
1186,0, 300, False, 4
1187,0, 300, False, 4
1188,0, 300, False, 4
1189,0, 300, False, 4
1190,0, 300, False, 4
1191,0, 300, False, 4
1192,0, 300, False, 4
1193,0, 300, False, 4
1194,0, 300, False, 0
1195,0, 300, False, 0
1196,0, 300, False, 0
1197,0, 300, False, 0
1198,0, 300, False, 0
1199,0, 300, False, 0
1200,0, 300, False, 4
1201,0, 300, False, 4
1202,0, 300, False, 4
1203,0, 300, False, 4
1204,0, 300, False, 4
1205,0, 300, False, 4
1206,0, 300, False, 4
1207,0, 300, False, 0
1208,0, 300, False, 0
1209,0, 300, False, 0
1210,0, 300, False, 0
1211,0, 300, False, 0
1212,0, 300, False, 0
1213,0, 300, False, 0
1214,0, 300, False, 4
1215,0, 300, False, 4
1216,0, 300, False, 4
1217,0, 300, False, 4
1218,0, 300, False, 4
1219,0, 300, False, 4
1220,0, 300, False, 4
1221,0, 300, False, 4
1222,0, 300, False, 0
1223,0, 300, False, 0
1224,0, 300, False, 0
1225,0, 300, False, 0
1226,0, 300, False, 0
1227,0, 300, False, 0
1228,0, 300, False, 0
1229,0, 300, False, 0
1230,0, 300, False, 0
1231,0, 300, False, 0
1232,0, 300, False, 0
1233,0, 300, False, 0
1234,0, 300, False, 0
1235,0, 300, False, 0
1236,0, 300, False, 0
1237,0, 300, False, 0
1238,0, 300, False, 0
1239,0, 300, False, 0
1240,0, 300, False, 0
1241,0, 300, False, 0
1242,0, 300, False, 0
1243,0, 300, False, 0
1244,0, 300, False, 0
1245,0, 300, False, 0
1246,0, 300, False, 0
1247,0, 300, False, 0
1248,0, 300, False, 0
1249,0, 300, False, 0
1250,0, 300, False, 0
1251,0, 300, False, 0
1252,0, 300, False, 0
1253,0, 300, False, 0
1254,0, 300, False, 0
1255,0, 300, False, 0
1256,0, 300, False, 0
1257,0, 300, False, 0
1258,0, 300, False, 0
1259,0, 300, False, 2
1260,0, 300, False, 2
1261,0, 300, False, 2
1262,0, 300, False, 2
1263,0, 300, False, 2
1264,0, 300, False, 2
1265,0, 300, False, 2
1266,0, 300, False, 2
1267,0, 300, False, 2
1268,0, 300, False, 0
1269,0, 300, False, 0
1270,0, 300, False, 0
1271,0, 300, False, 0
1272,0, 300, False, 0
1273,0, 300, False, 0
1274,0, 300, False, 0
1275,0, 300, False, 2
1276,0, 300, False, 2
1277,0, 300, False, 2
1278,0, 300, False, 2
1279,0, 300, False, 2
1280,0, 300, False, 2
1281,0, 300, False, 0
1282,0, 300, False, 0
1283,0, 300, False, 0
1284,0, 300, False, 0
1285,0, 300, False, 0
1286,0, 300, False, 0
1287,0, 300, False, 0
1288,0, 300, False, 0
1289,0, 300, False, 0
1290,0, 300, False, 0
1291,0, 300, False, 0
1292,0, 300, False, 0
1293,0, 300, False, 0
1294,0, 300, False, 3
1295,0, 300, False, 3
1296,0, 300, False, 3
1297,0, 300, False, 3
1298,0, 300, False, 3
1299,0, 300, False, 3
1300,0, 300, False, 3
1301,0, 300, False, 3
1302,0, 300, False, 3
1303,0, 300, False, 3
1304,0, 300, False, 0
1305,0, 300, False, 0
1306,0, 300, False, 0
1307,0, 300, False, 0
1308,0, 300, False, 0
1309,0, 300, False, 0
1310,0, 300, False, 0
1311,0, 300, False, 0
1312,0, 300, False, 0
1313,0, 300, False, 0
1314,0, 300, False, 3
1315,0, 300, False, 3
1316,0, 300, False, 3
1317,0, 300, False, 3
1318,0, 300, False, 3
1319,0, 300, False, 3
1320,0, 300, False, 0
1321,0, 300, False, 0
1322,0, 300, False, 0
1323,0, 300, False, 0
1324,0, 300, False, 0
1325,0, 300, False, 0
1326,0, 300, False, 0
1327,0, 300, False, 0
1328,0, 300, False, 0
1329,0, 300, False, 0
1330,0, 300, False, 0
1331,0, 300, False, 0
1332,0, 300, False, 0
1333,0, 300, False, 0
1334,0, 300, False, 0
1335,0, 300, False, 0
1336,0, 300, False, 0
1337,0, 300, False, 0
1338,0, 300, False, 0
1339,0, 300, False, 0
1340,0, 300, False, 0
1341,0, 300, False, 0
1342,0, 300, False, 0
1343,0, 300, False, 0
1344,0, 300, False, 0
1345,0, 300, False, 0
1346,0, 300, False, 0
1347,0, 300, False, 0
1348,0, 300, False, 0
1349,0, 300, False, 0
1350,0, 300, False, 0
1351,0, 300, False, 0
1352,0, 300, False, 3
1353,0, 300, False, 3
1354,0, 300, False, 3
1355,0, 300, False, 3
1356,0, 300, False, 3
1357,0, 300, False, 3
1358,0, 300, False, 3
1359,0, 300, False, 3
1360,0, 300, False, 3
1361,0, 300, False, 0
1362,0, 300, False, 0
1363,0, 300, False, 0
1364,0, 300, False, 0
1365,0, 300, False, 0
1366,0, 300, False, 0
1367,0, 300, False, 0
1368,0, 300, False, 0
1369,0, 300, False, 0
1370,0, 300, False, 0
1371,0, 300, False, 0
1372,0, 300, False, 0
1373,0, 300, False, 0
1374,0, 300, False, 0
1375,0, 300, False, 0
1376,0, 300, False, 0
1377,0, 300, False, 0
1378,0, 300, False, 0
1379,0, 300, False, 0
1380,0, 300, False, 0
1381,0, 300, False, 0
1382,0, 300, False, 0
1383,0, 300, False, 0
1384,0, 300, False, 0
1385,0, 300, False, 0
1386,0, 300, False, 0
1387,0, 300, False, 0
1388,0, 300, False, 0
1389,0, 300, False, 0
1390,0, 300, False, 0
1391,0, 300, False, 0
1392,0, 300, False, 0
1393,0, 300, False, 0
1394,0, 300, False, 0
1395,0, 300, False, 0
1396,0, 300, False, 0
1397,0, 300, False, 0
1398,0, 300, False, 0
1399,0, 300, False, 0
1400,0, 300, False, 0
1401,0, 300, False, 0
1402,0, 300, False, 0
1403,0, 300, False, 0
1404,0, 300, False, 0
1405,0, 300, False, 0
1406,0, 300, False, 0
1407,0, 300, False, 0
1408,0, 300, False, 0
1409,0, 300, False, 0
1410,0, 300, False, 0
1411,0, 300, False, 0
1412,0, 300, False, 0
1413,0, 300, False, 0
1414,0, 300, False, 0
1415,0, 300, False, 0
1416,0, 300, False, 0
1417,0, 300, False, 0
1418,0, 300, False, 0
1419,0, 300, False, 0
1420,0, 300, False, 0
1421,0, 300, False, 0
1422,0, 300, False, 0
1423,0, 300, False, 0
1424,0, 300, False, 0
1425,0, 300, False, 0
1426,0, 300, False, 0
1427,0, 300, False, 0
1428,0, 300, False, 0
1429,0, 300, False, 0
1430,0, 300, False, 0
1431,0, 300, False, 0
1432,0, 300, False, 0
1433,0, 300, False, 0
1434,0, 300, False, 0
1435,0, 300, False, 0
1436,0, 300, False, 0
1437,0, 300, False, 0
1438,0, 300, False, 0
1439,0, 300, False, 0
1440,0, 300, False, 0
1441,0, 300, False, 0
1442,0, 300, False, 0
1443,0, 300, False, 0
1444,0, 300, False, 0
1445,0, 300, False, 0
1446,0, 300, False, 0
1447,0, 300, False, 0
1448,0, 300, False, 0
1449,0, 300, False, 0
1450,0, 300, False, 0
1451,0, 300, False, 0
1452,0, 300, False, 0
1453,0, 300, False, 0
1454,0, 300, False, 0
1455,0, 300, False, 0
1456,0, 300, False, 0
1457,0, 300, False, 0
1458,0, 300, False, 0
1459,0, 300, False, 0
1460,0, 300, False, 0
1461,0, 300, False, 0
1462,0, 300, False, 0
1463,0, 300, False, 0
1464,0, 300, False, 0
1465,0, 300, False, 0
1466,0, 300, False, 0
1467,0, 300, False, 0
1468,0, 300, False, 0
1469,0, 300, False, 0
1470,0, 300, False, 0
1471,0, 300, False, 0
1472,0, 300, False, 0
1473,0, 300, False, 0
1474,0, 300, False, 0
1475,0, 300, False, 0
1476,0, 300, False, 0
1477,0, 300, False, 0
1478,0, 300, False, 0
1479,0, 300, False, 0
1480,0, 300, False, 0
1481,0, 300, False, 0
1482,0, 300, False, 0
1483,0, 300, False, 0
1484,0, 300, False, 0
1485,0, 300, False, 0
1486,0, 300, False, 0
1487,0, 300, False, 0
1488,0, 300, False, 0
1489,0, 300, False, 0
1490,0, 300, False, 0
1491,0, 300, False, 0
1492,0, 300, False, 0
1493,0, 300, False, 0
1494,0, 300, False, 0
1495,0, 300, False, 0
1496,0, 300, False, 0
1497,0, 300, False, 0
1498,0, 300, False, 0
1499,0, 300, False, 0
1500,0, 300, False, 0
1501,0, 300, False, 0
1502,0, 300, False, 0
1503,0, 300, False, 0
1504,0, 300, False, 0
1505,0, 300, False, 0
1506,0, 300, False, 0
1507,0, 300, False, 0
1508,0, 300, False, 0
1509,0, 300, False, 0
1510,0, 300, False, 0
1511,0, 300, False, 0
1512,0, 300, False, 0
1513,0, 300, False, 0
1514,0, 300, False, 0
1515,0, 300, False, 0
1516,0, 300, False, 0
1517,0, 300, False, 0
1518,0, 300, False, 0
1519,0, 300, False, 0
1520,0, 300, False, 0
1521,0, 300, False, 0
1522,0, 300, False, 0
1523,0, 300, False, 0
1524,0, 300, False, 0
1525,0, 300, False, 0
1526,0, 300, False, 0
1527,0, 300, False, 0
1528,0, 300, False, 0
1529,0, 300, False, 0
1530,0, 300, False, 0
1531,0, 300, False, 0
1532,0, 300, False, 0
1533,0, 300, False, 0
1534,0, 300, False, 0
1535,0, 300, False, 0
1536,0, 300, False, 0
1537,0, 300, False, 0
1538,0, 300, False, 0
1539,0, 300, False, 0
1540,0, 300, False, 0
1541,0, 300, False, 0
1542,0, 300, False, 0
1543,0, 300, False, 0
1544,0, 300, False, 0
1545,0, 300, False, 0
1546,0, 300, False, 0
1547,0, 300, False, 0
1548,0, 300, False, 0
1549,0, 300, False, 0
1550,0, 300, False, 0
1551,0, 300, False, 0
1552,0, 300, False, 0
1553,0, 300, False, 0
1554,0, 300, False, 0
1555,0, 300, False, 0
