db traj id : 2480
frame,reward,score,terminal, action
0,0, 0, False, 0
1,0, 0, False, 0
2,0, 0, False, 0
3,0, 0, False, 0
4,0, 0, False, 0
5,0, 0, False, 0
6,0, 0, False, 0
7,0, 0, False, 0
8,0, 0, False, 0
9,0, 0, False, 0
10,0, 0, False, 0
11,0, 0, False, 0
12,0, 0, False, 0
13,0, 0, False, 0
14,0, 0, False, 0
15,0, 0, False, 0
16,0, 0, False, 0
17,0, 0, False, 0
18,0, 0, False, 0
19,0, 0, False, 0
20,0, 0, False, 0
21,0, 0, False, 0
22,0, 0, False, 0
23,0, 0, False, 0
24,0, 0, False, 0
25,0, 0, False, 0
26,0, 0, False, 0
27,0, 0, False, 0
28,0, 0, False, 0
29,0, 0, False, 0
30,0, 0, False, 0
31,0, 0, False, 0
32,0, 0, False, 0
33,0, 0, False, 0
34,0, 0, False, 0
35,0, 0, False, 0
36,0, 0, False, 0
37,0, 0, False, 4
38,0, 0, False, 4
39,0, 0, False, 4
40,0, 0, False, 4
41,0, 0, False, 4
42,0, 0, False, 4
43,0, 0, False, 4
44,0, 0, False, 4
45,0, 0, False, 4
46,0, 0, False, 4
47,0, 0, False, 4
48,0, 0, False, 0
49,0, 0, False, 0
50,0, 0, False, 0
51,0, 0, False, 0
52,0, 0, False, 0
53,0, 0, False, 0
54,0, 0, False, 0
55,0, 0, False, 0
56,0, 0, False, 0
57,0, 0, False, 0
58,0, 0, False, 0
59,0, 0, False, 0
60,0, 0, False, 0
61,0, 0, False, 0
62,0, 0, False, 0
63,0, 0, False, 0
64,0, 0, False, 0
65,0, 0, False, 0
66,0, 0, False, 0
67,0, 0, False, 0
68,0, 0, False, 0
69,0, 0, False, 0
70,0, 0, False, 0
71,0, 0, False, 0
72,0, 0, False, 0
73,0, 0, False, 0
74,0, 0, False, 0
75,0, 0, False, 0
76,0, 0, False, 0
77,0, 0, False, 0
78,0, 0, False, 0
79,0, 0, False, 0
80,0, 0, False, 0
81,0, 0, False, 0
82,0, 0, False, 0
83,0, 0, False, 0
84,0, 0, False, 0
85,0, 0, False, 0
86,0, 0, False, 0
87,0, 0, False, 0
88,0, 0, False, 0
89,0, 0, False, 0
90,0, 0, False, 0
91,0, 0, False, 0
92,0, 0, False, 0
93,0, 0, False, 0
94,0, 0, False, 0
95,0, 0, False, 0
96,0, 0, False, 0
97,0, 0, False, 0
98,0, 0, False, 0
99,0, 0, False, 0
100,0, 0, False, 0
101,0, 0, False, 0
102,0, 0, False, 0
103,0, 0, False, 0
104,0, 0, False, 0
105,0, 0, False, 0
106,0, 0, False, 0
107,0, 0, False, 0
108,0, 0, False, 0
109,0, 0, False, 0
110,0, 0, False, 0
111,0, 0, False, 0
112,0, 0, False, 0
113,0, 0, False, 0
114,0, 0, False, 0
115,0, 0, False, 0
116,0, 0, False, 0
117,0, 0, False, 0
118,0, 0, False, 0
119,0, 0, False, 0
120,0, 0, False, 0
121,0, 0, False, 0
122,0, 0, False, 0
123,0, 0, False, 0
124,0, 0, False, 0
125,0, 0, False, 0
126,0, 0, False, 0
127,0, 0, False, 0
128,0, 0, False, 0
129,0, 0, False, 0
130,0, 0, False, 0
131,0, 0, False, 0
132,0, 0, False, 0
133,0, 0, False, 0
134,0, 0, False, 0
135,0, 0, False, 0
136,0, 0, False, 0
137,0, 0, False, 0
138,0, 0, False, 0
139,0, 0, False, 0
140,0, 0, False, 0
141,0, 0, False, 0
142,0, 0, False, 0
143,0, 0, False, 0
144,0, 0, False, 0
145,0, 0, False, 0
146,0, 0, False, 0
147,0, 0, False, 0
148,0, 0, False, 0
149,0, 0, False, 0
150,0, 0, False, 0
151,0, 0, False, 0
152,0, 0, False, 0
153,0, 0, False, 0
154,0, 0, False, 0
155,0, 0, False, 0
156,0, 0, False, 0
157,0, 0, False, 0
158,0, 0, False, 0
159,0, 0, False, 0
160,0, 0, False, 0
161,0, 0, False, 0
162,0, 0, False, 0
163,0, 0, False, 0
164,0, 0, False, 0
165,0, 0, False, 0
166,0, 0, False, 0
167,0, 0, False, 0
168,0, 0, False, 0
169,0, 0, False, 0
170,0, 0, False, 0
171,0, 0, False, 0
172,0, 0, False, 0
173,0, 0, False, 0
174,0, 0, False, 0
175,0, 0, False, 0
176,0, 0, False, 0
177,0, 0, False, 0
178,0, 0, False, 0
179,0, 0, False, 0
180,0, 0, False, 0
181,0, 0, False, 0
182,0, 0, False, 0
183,0, 0, False, 0
184,0, 0, False, 0
185,0, 0, False, 0
186,0, 0, False, 0
187,0, 0, False, 0
188,0, 0, False, 0
189,0, 0, False, 0
190,0, 0, False, 0
191,0, 0, False, 0
192,0, 0, False, 0
193,0, 0, False, 0
194,0, 0, False, 0
195,0, 0, False, 0
196,0, 0, False, 0
197,0, 0, False, 0
198,0, 0, False, 0
199,0, 0, False, 0
200,0, 0, False, 0
201,0, 0, False, 0
202,0, 0, False, 0
203,0, 0, False, 0
204,0, 0, False, 0
205,0, 0, False, 0
206,0, 0, False, 0
207,0, 0, False, 0
208,0, 0, False, 0
209,0, 0, False, 0
210,0, 0, False, 0
211,0, 0, False, 0
212,0, 0, False, 0
213,0, 0, False, 0
214,0, 0, False, 0
215,0, 0, False, 0
216,0, 0, False, 0
217,0, 0, False, 0
218,0, 0, False, 0
219,0, 0, False, 4
220,0, 0, False, 4
221,0, 0, False, 4
222,0, 0, False, 4
223,0, 0, False, 4
224,0, 0, False, 4
225,0, 0, False, 4
226,0, 0, False, 4
227,0, 0, False, 4
228,0, 0, False, 4
229,0, 0, False, 4
230,0, 0, False, 4
231,0, 0, False, 0
232,0, 0, False, 0
233,0, 0, False, 0
234,0, 0, False, 0
235,0, 0, False, 0
236,0, 0, False, 0
237,0, 0, False, 0
238,0, 0, False, 0
239,0, 0, False, 0
240,0, 0, False, 0
241,0, 0, False, 0
242,0, 0, False, 0
243,0, 0, False, 0
244,0, 0, False, 0
245,0, 0, False, 0
246,0, 0, False, 0
247,0, 0, False, 0
248,0, 0, False, 0
249,0, 0, False, 0
250,0, 0, False, 0
251,0, 0, False, 0
252,0, 0, False, 0
253,0, 0, False, 0
254,0, 0, False, 0
255,0, 0, False, 0
256,0, 0, False, 0
257,0, 0, False, 0
258,0, 0, False, 5
259,0, 0, False, 5
260,0, 0, False, 5
261,0, 0, False, 5
262,0, 0, False, 5
263,0, 0, False, 5
264,0, 0, False, 5
265,0, 0, False, 8
266,0, 0, False, 8
267,0, 0, False, 8
268,0, 0, False, 8
269,0, 0, False, 8
270,0, 0, False, 8
271,0, 0, False, 8
272,10, 10, False, 8
273,0, 10, False, 8
274,0, 10, False, 8
275,0, 10, False, 8
276,0, 10, False, 8
277,0, 10, False, 8
278,0, 10, False, 3
279,0, 10, False, 3
280,0, 10, False, 0
281,0, 10, False, 0
282,0, 10, False, 0
283,0, 10, False, 0
284,10, 20, False, 0
285,0, 20, False, 0
286,0, 20, False, 0
287,0, 20, False, 4
288,0, 20, False, 4
289,0, 20, False, 4
290,0, 20, False, 4
291,0, 20, False, 4
292,0, 20, False, 0
293,0, 20, False, 0
294,0, 20, False, 0
295,0, 20, False, 0
296,0, 20, False, 0
297,0, 20, False, 0
298,0, 20, False, 0
299,0, 20, False, 0
300,0, 20, False, 0
301,0, 20, False, 0
302,0, 20, False, 0
303,0, 20, False, 0
304,0, 20, False, 0
305,0, 20, False, 0
306,0, 20, False, 0
307,0, 20, False, 0
308,0, 20, False, 0
309,0, 20, False, 0
310,0, 20, False, 0
311,0, 20, False, 0
312,10, 30, False, 0
313,0, 30, False, 0
314,0, 30, False, 0
315,0, 30, False, 0
316,0, 30, False, 0
317,0, 30, False, 0
318,0, 30, False, 0
319,0, 30, False, 0
320,0, 30, False, 0
321,0, 30, False, 0
322,0, 30, False, 0
323,0, 30, False, 0
324,0, 30, False, 0
325,0, 30, False, 0
326,10, 40, False, 0
327,0, 40, False, 0
328,0, 40, False, 0
329,0, 40, False, 0
330,0, 40, False, 0
331,0, 40, False, 0
332,0, 40, False, 0
333,0, 40, False, 0
334,0, 40, False, 0
335,0, 40, False, 0
336,0, 40, False, 0
337,0, 40, False, 0
338,0, 40, False, 0
339,0, 40, False, 0
340,10, 50, False, 0
341,0, 50, False, 0
342,0, 50, False, 0
343,0, 50, False, 0
344,0, 50, False, 0
345,0, 50, False, 0
346,0, 50, False, 0
347,0, 50, False, 0
348,0, 50, False, 0
349,0, 50, False, 0
350,0, 50, False, 0
351,0, 50, False, 0
352,10, 60, False, 0
353,0, 60, False, 0
354,0, 60, False, 0
355,0, 60, False, 0
356,0, 60, False, 0
357,0, 60, False, 0
358,0, 60, False, 0
359,0, 60, False, 0
360,0, 60, False, 0
361,0, 60, False, 0
362,0, 60, False, 0
363,0, 60, False, 0
364,0, 60, False, 0
365,0, 60, False, 0
366,10, 70, False, 0
367,0, 70, False, 0
368,0, 70, False, 0
369,0, 70, False, 0
370,0, 70, False, 0
371,0, 70, False, 0
372,0, 70, False, 0
373,0, 70, False, 0
374,0, 70, False, 0
375,0, 70, False, 0
376,0, 70, False, 0
377,0, 70, False, 0
378,0, 70, False, 5
379,0, 70, False, 5
380,10, 80, False, 5
381,0, 80, False, 5
382,0, 80, False, 5
383,0, 80, False, 5
384,0, 80, False, 5
385,0, 80, False, 5
386,0, 80, False, 5
387,0, 80, False, 5
388,0, 80, False, 5
389,0, 80, False, 0
390,10, 90, False, 0
391,0, 90, False, 0
392,0, 90, False, 0
393,0, 90, False, 0
394,0, 90, False, 0
395,0, 90, False, 0
396,0, 90, False, 0
397,0, 90, False, 0
398,0, 90, False, 0
399,0, 90, False, 0
400,0, 90, False, 0
401,0, 90, False, 0
402,0, 90, False, 0
403,0, 90, False, 0
404,10, 100, False, 0
405,0, 100, False, 0
406,0, 100, False, 0
407,0, 100, False, 0
408,0, 100, False, 0
409,0, 100, False, 0
410,0, 100, False, 0
411,0, 100, False, 0
412,0, 100, False, 0
413,0, 100, False, 0
414,0, 100, False, 0
415,0, 100, False, 0
416,0, 100, False, 0
417,0, 100, False, 0
418,10, 110, False, 0
419,0, 110, False, 0
420,0, 110, False, 0
421,0, 110, False, 0
422,0, 110, False, 0
423,0, 110, False, 0
424,0, 110, False, 0
425,0, 110, False, 0
426,0, 110, False, 0
427,0, 110, False, 0
428,0, 110, False, 0
429,0, 110, False, 0
430,0, 110, False, 0
431,0, 110, False, 0
432,10, 120, False, 0
433,0, 120, False, 0
434,0, 120, False, 0
435,0, 120, False, 0
436,0, 120, False, 0
437,0, 120, False, 0
438,0, 120, False, 0
439,0, 120, False, 0
440,0, 120, False, 0
441,0, 120, False, 0
442,0, 120, False, 0
443,0, 120, False, 0
444,0, 120, False, 3
445,0, 120, False, 3
446,10, 130, False, 3
447,0, 130, False, 3
448,0, 130, False, 3
449,0, 130, False, 3
450,0, 130, False, 3
451,0, 130, False, 3
452,0, 130, False, 3
453,0, 130, False, 3
454,0, 130, False, 3
455,0, 130, False, 0
456,0, 130, False, 0
457,0, 130, False, 0
458,0, 130, False, 0
459,0, 130, False, 0
460,10, 140, False, 0
461,0, 140, False, 0
462,0, 140, False, 0
463,0, 140, False, 0
464,0, 140, False, 0
465,0, 140, False, 0
466,0, 140, False, 0
467,0, 140, False, 0
468,0, 140, False, 0
469,0, 140, False, 0
470,0, 140, False, 0
471,0, 140, False, 0
472,0, 140, False, 0
473,0, 140, False, 0
474,10, 150, False, 0
475,0, 150, False, 0
476,0, 150, False, 0
477,0, 150, False, 0
478,0, 150, False, 0
479,0, 150, False, 0
480,0, 150, False, 0
481,0, 150, False, 0
482,0, 150, False, 0
483,0, 150, False, 0
484,0, 150, False, 0
485,0, 150, False, 0
486,0, 150, False, 0
487,0, 150, False, 0
488,10, 160, False, 0
489,0, 160, False, 0
490,0, 160, False, 0
491,0, 160, False, 0
492,0, 160, False, 0
493,0, 160, False, 0
494,0, 160, False, 0
495,0, 160, False, 0
496,0, 160, False, 0
497,0, 160, False, 0
498,0, 160, False, 0
499,0, 160, False, 0
500,10, 170, False, 0
501,0, 170, False, 0
502,0, 170, False, 0
503,0, 170, False, 0
504,0, 170, False, 0
505,0, 170, False, 0
506,0, 170, False, 0
507,0, 170, False, 0
508,0, 170, False, 0
509,0, 170, False, 0
510,0, 170, False, 0
511,0, 170, False, 0
512,0, 170, False, 0
513,0, 170, False, 0
514,10, 180, False, 0
515,0, 180, False, 0
516,0, 180, False, 0
517,0, 180, False, 0
518,0, 180, False, 0
519,0, 180, False, 0
520,0, 180, False, 0
521,0, 180, False, 0
522,0, 180, False, 0
523,0, 180, False, 0
524,0, 180, False, 0
525,0, 180, False, 0
526,0, 180, False, 0
527,0, 180, False, 0
528,0, 180, False, 0
529,0, 180, False, 0
530,0, 180, False, 0
531,0, 180, False, 0
532,10, 190, False, 0
533,0, 190, False, 0
534,0, 190, False, 0
535,0, 190, False, 0
536,0, 190, False, 0
537,0, 190, False, 0
538,0, 190, False, 0
539,0, 190, False, 0
540,0, 190, False, 0
541,0, 190, False, 0
542,0, 190, False, 0
543,0, 190, False, 0
544,0, 190, False, 0
545,0, 190, False, 0
546,10, 200, False, 0
547,0, 200, False, 0
548,0, 200, False, 0
549,0, 200, False, 0
550,0, 200, False, 0
551,0, 200, False, 0
552,0, 200, False, 0
553,0, 200, False, 0
554,0, 200, False, 0
555,0, 200, False, 0
556,0, 200, False, 0
557,0, 200, False, 0
558,0, 200, False, 0
559,0, 200, False, 0
560,10, 210, False, 0
561,0, 210, False, 0
562,0, 210, False, 0
563,0, 210, False, 0
564,0, 210, False, 0
565,0, 210, False, 0
566,0, 210, False, 0
567,0, 210, False, 0
568,0, 210, False, 0
569,0, 210, False, 0
570,0, 210, False, 0
571,0, 210, False, 0
572,0, 210, False, 0
573,0, 210, False, 0
574,0, 210, False, 0
575,0, 210, False, 0
576,0, 210, False, 0
577,0, 210, False, 0
578,0, 210, False, 0
579,0, 210, False, 0
580,0, 210, False, 0
581,0, 210, False, 0
582,0, 210, False, 0
583,0, 210, False, 0
584,0, 210, False, 0
585,0, 210, False, 0
586,0, 210, False, 0
587,0, 210, False, 0
588,0, 210, False, 0
589,0, 210, False, 0
590,0, 210, False, 0
591,0, 210, False, 0
592,0, 210, False, 0
593,0, 210, False, 0
594,0, 210, False, 0
595,0, 210, False, 0
596,0, 210, False, 0
597,0, 210, False, 0
598,0, 210, False, 0
599,0, 210, False, 0
600,0, 210, False, 0
601,0, 210, False, 0
602,0, 210, False, 0
603,0, 210, False, 0
604,0, 210, False, 0
605,0, 210, False, 0
606,0, 210, False, 0
607,0, 210, False, 0
608,0, 210, False, 0
609,0, 210, False, 0
610,0, 210, False, 0
611,0, 210, False, 0
612,0, 210, False, 0
613,0, 210, False, 0
614,0, 210, False, 0
615,0, 210, False, 0
616,0, 210, False, 0
617,0, 210, False, 0
618,0, 210, False, 0
619,0, 210, False, 0
620,0, 210, False, 0
621,0, 210, False, 0
622,0, 210, False, 0
623,0, 210, False, 0
624,0, 210, False, 0
625,0, 210, False, 0
626,0, 210, False, 0
627,0, 210, False, 0
628,0, 210, False, 0
629,0, 210, False, 0
630,0, 210, False, 0
631,0, 210, False, 0
632,0, 210, False, 0
633,0, 210, False, 0
634,0, 210, False, 0
635,0, 210, False, 0
636,0, 210, False, 0
637,0, 210, False, 0
638,0, 210, False, 0
639,0, 210, False, 0
640,0, 210, False, 0
641,0, 210, False, 0
642,0, 210, False, 0
643,0, 210, False, 0
644,0, 210, False, 0
645,0, 210, False, 0
646,0, 210, False, 0
647,0, 210, False, 0
648,0, 210, False, 0
649,0, 210, False, 0
650,0, 210, False, 0
651,0, 210, False, 0
652,0, 210, False, 0
653,0, 210, False, 0
654,0, 210, False, 0
655,0, 210, False, 0
656,0, 210, False, 0
657,0, 210, False, 0
658,0, 210, False, 0
659,0, 210, False, 0
660,0, 210, False, 0
661,0, 210, False, 0
662,0, 210, False, 0
663,0, 210, False, 0
664,0, 210, False, 0
665,0, 210, False, 0
666,0, 210, False, 0
667,0, 210, False, 0
668,0, 210, False, 0
669,0, 210, False, 0
670,0, 210, False, 0
671,0, 210, False, 0
672,0, 210, False, 0
673,0, 210, False, 0
674,0, 210, False, 0
675,0, 210, False, 0
676,0, 210, False, 0
677,0, 210, False, 0
678,0, 210, False, 0
679,0, 210, False, 0
680,0, 210, False, 0
681,0, 210, False, 0
682,0, 210, False, 0
683,0, 210, False, 0
684,0, 210, False, 0
685,0, 210, False, 0
686,0, 210, False, 0
687,0, 210, False, 0
688,0, 210, False, 0
689,0, 210, False, 0
690,0, 210, False, 0
691,0, 210, False, 0
692,0, 210, False, 0
693,0, 210, False, 0
694,0, 210, False, 0
695,0, 210, False, 0
696,0, 210, False, 0
697,0, 210, False, 0
698,0, 210, False, 0
699,0, 210, False, 0
700,0, 210, False, 0
701,0, 210, False, 0
702,0, 210, False, 0
703,0, 210, False, 0
704,0, 210, False, 0
705,0, 210, False, 0
706,0, 210, False, 0
707,0, 210, False, 0
708,0, 210, False, 0
709,0, 210, False, 0
710,0, 210, False, 0
711,0, 210, False, 0
712,0, 210, False, 0
713,0, 210, False, 0
714,0, 210, False, 0
715,0, 210, False, 0
716,0, 210, False, 0
717,0, 210, False, 0
718,0, 210, False, 0
719,0, 210, False, 0
720,0, 210, False, 0
721,0, 210, False, 0
722,0, 210, False, 0
723,0, 210, False, 0
724,0, 210, False, 0
725,0, 210, False, 0
726,0, 210, False, 0
727,0, 210, False, 0
728,0, 210, False, 0
729,0, 210, False, 0
730,0, 210, False, 0
731,0, 210, False, 0
732,0, 210, False, 0
733,0, 210, False, 0
734,0, 210, False, 0
735,0, 210, False, 0
736,0, 210, False, 0
737,0, 210, False, 0
738,0, 210, False, 0
739,0, 210, False, 0
740,0, 210, False, 0
741,0, 210, False, 0
742,0, 210, False, 0
743,0, 210, False, 0
744,0, 210, False, 0
745,0, 210, False, 0
746,0, 210, False, 0
747,0, 210, False, 0
748,0, 210, False, 0
749,0, 210, False, 0
750,0, 210, False, 0
751,0, 210, False, 0
752,0, 210, False, 0
753,0, 210, False, 0
754,0, 210, False, 0
755,0, 210, False, 0
756,0, 210, False, 0
757,0, 210, False, 0
758,0, 210, False, 0
759,0, 210, False, 0
760,0, 210, False, 0
761,0, 210, False, 0
762,0, 210, False, 0
763,0, 210, False, 0
764,0, 210, False, 0
765,0, 210, False, 0
766,0, 210, False, 0
767,0, 210, False, 0
768,0, 210, False, 0
769,0, 210, False, 0
770,0, 210, False, 0
771,0, 210, False, 0
772,0, 210, False, 0
773,0, 210, False, 0
774,0, 210, False, 0
775,0, 210, False, 0
776,0, 210, False, 0
777,0, 210, False, 0
778,0, 210, False, 0
779,0, 210, False, 0
780,0, 210, False, 0
781,0, 210, False, 0
782,0, 210, False, 0
783,0, 210, False, 0
784,0, 210, False, 0
785,0, 210, False, 0
786,0, 210, False, 0
787,0, 210, False, 0
788,0, 210, False, 0
789,0, 210, False, 0
790,0, 210, False, 0
791,0, 210, False, 0
792,0, 210, False, 0
793,0, 210, False, 0
794,0, 210, False, 0
795,0, 210, False, 0
796,0, 210, False, 0
797,0, 210, False, 0
798,0, 210, False, 0
799,0, 210, False, 0
800,0, 210, False, 0
801,0, 210, False, 0
802,0, 210, False, 0
803,0, 210, False, 0
804,0, 210, False, 0
805,0, 210, False, 0
806,0, 210, False, 0
807,0, 210, False, 0
808,0, 210, False, 0
809,0, 210, False, 0
810,0, 210, False, 0
811,0, 210, False, 0
812,0, 210, False, 0
813,0, 210, False, 0
814,0, 210, False, 0
815,0, 210, False, 0
816,0, 210, False, 0
817,0, 210, False, 0
818,0, 210, False, 0
819,0, 210, False, 0
820,0, 210, False, 0
821,0, 210, False, 0
822,0, 210, False, 0
823,0, 210, False, 0
824,0, 210, False, 0
825,0, 210, False, 0
826,0, 210, False, 0
827,0, 210, False, 0
828,0, 210, False, 0
829,0, 210, False, 0
830,0, 210, False, 0
831,0, 210, False, 0
832,0, 210, False, 0
833,0, 210, False, 0
834,0, 210, False, 5
835,0, 210, False, 5
836,0, 210, False, 5
837,0, 210, False, 5
838,0, 210, False, 5
839,0, 210, False, 5
840,0, 210, False, 0
841,0, 210, False, 0
842,0, 210, False, 0
843,0, 210, False, 0
844,0, 210, False, 0
845,0, 210, False, 0
846,0, 210, False, 0
847,0, 210, False, 0
848,0, 210, False, 0
849,0, 210, False, 0
850,0, 210, False, 0
851,0, 210, False, 0
852,0, 210, False, 0
853,0, 210, False, 0
854,0, 210, False, 0
855,0, 210, False, 0
856,0, 210, False, 0
857,0, 210, False, 0
858,0, 210, False, 0
859,0, 210, False, 0
860,0, 210, False, 0
861,0, 210, False, 0
862,0, 210, False, 0
863,0, 210, False, 0
864,0, 210, False, 0
865,0, 210, False, 0
866,0, 210, False, 0
867,0, 210, False, 0
868,0, 210, False, 0
869,0, 210, False, 0
870,0, 210, False, 0
871,0, 210, False, 0
872,0, 210, False, 0
873,0, 210, False, 0
874,0, 210, False, 0
875,0, 210, False, 0
876,0, 210, False, 0
877,0, 210, False, 0
878,0, 210, False, 0
879,0, 210, False, 0
880,0, 210, False, 0
881,0, 210, False, 0
882,0, 210, False, 0
883,0, 210, False, 0
884,0, 210, False, 0
885,0, 210, False, 0
886,0, 210, False, 0
887,0, 210, False, 0
888,0, 210, False, 0
889,0, 210, False, 0
890,0, 210, False, 0
891,0, 210, False, 0
892,0, 210, False, 4
893,0, 210, False, 4
894,0, 210, False, 4
895,0, 210, False, 4
896,0, 210, False, 4
897,0, 210, False, 4
898,0, 210, False, 4
899,0, 210, False, 4
900,0, 210, False, 4
901,0, 210, False, 4
902,0, 210, False, 0
903,0, 210, False, 0
904,10, 220, False, 0
905,0, 220, False, 0
906,0, 220, False, 0
907,0, 220, False, 0
908,0, 220, False, 0
909,0, 220, False, 0
910,0, 220, False, 0
911,0, 220, False, 0
912,0, 220, False, 0
913,0, 220, False, 0
914,0, 220, False, 0
915,0, 220, False, 0
916,10, 230, False, 0
917,0, 230, False, 0
918,0, 230, False, 0
919,0, 230, False, 0
920,0, 230, False, 0
921,0, 230, False, 0
922,0, 230, False, 0
923,0, 230, False, 0
924,0, 230, False, 0
925,0, 230, False, 0
926,0, 230, False, 0
927,0, 230, False, 0
928,0, 230, False, 0
929,0, 230, False, 0
930,10, 240, False, 0
931,0, 240, False, 0
932,0, 240, False, 0
933,0, 240, False, 0
934,0, 240, False, 0
935,0, 240, False, 0
936,0, 240, False, 0
937,0, 240, False, 2
938,0, 240, False, 2
939,0, 240, False, 2
940,0, 240, False, 2
941,0, 240, False, 2
942,0, 240, False, 2
943,0, 240, False, 0
944,0, 240, False, 0
945,0, 240, False, 0
946,0, 240, False, 0
947,0, 240, False, 0
948,0, 240, False, 0
949,0, 240, False, 0
950,50, 290, False, 0
951,0, 290, False, 0
952,0, 290, False, 0
953,0, 290, False, 0
954,0, 290, False, 0
955,0, 290, False, 0
956,0, 290, False, 0
957,0, 290, False, 0
958,0, 290, False, 0
959,0, 290, False, 0
960,10, 300, False, 0
961,0, 300, False, 0
962,0, 300, False, 0
963,0, 300, False, 0
964,0, 300, False, 0
965,0, 300, False, 0
966,0, 300, False, 0
967,0, 300, False, 0
968,0, 300, False, 0
969,0, 300, False, 3
970,0, 300, False, 3
971,0, 300, False, 3
972,0, 300, False, 3
973,0, 300, False, 3
974,10, 310, False, 3
975,0, 310, False, 3
976,0, 310, False, 3
977,0, 310, False, 3
978,0, 310, False, 3
979,0, 310, False, 3
980,0, 310, False, 3
981,0, 310, False, 3
982,0, 310, False, 3
983,0, 310, False, 3
984,10, 320, False, 3
985,0, 320, False, 0
986,0, 320, False, 0
987,0, 320, False, 0
988,0, 320, False, 0
989,0, 320, False, 0
990,0, 320, False, 0
991,0, 320, False, 0
992,0, 320, False, 0
993,0, 320, False, 0
994,0, 320, False, 0
995,0, 320, False, 0
996,0, 320, False, 0
997,0, 320, False, 0
998,10, 330, False, 0
999,0, 330, False, 2
1000,0, 330, False, 2
1001,0, 330, False, 2
1002,0, 330, False, 2
1003,0, 330, False, 2
1004,0, 330, False, 2
1005,0, 330, False, 2
1006,0, 330, False, 2
1007,0, 330, False, 2
1008,0, 330, False, 0
1009,0, 330, False, 0
1010,0, 330, False, 0
1011,0, 330, False, 0
1012,0, 330, False, 0
1013,0, 330, False, 0
1014,0, 330, False, 0
1015,0, 330, False, 0
1016,0, 330, False, 0
1017,0, 330, False, 0
1018,0, 330, False, 0
1019,0, 330, False, 0
1020,0, 330, False, 0
1021,0, 330, False, 0
1022,0, 330, False, 0
1023,0, 330, False, 0
1024,0, 330, False, 0
1025,0, 330, False, 0
1026,0, 330, False, 0
1027,0, 330, False, 0
1028,0, 330, False, 0
1029,0, 330, False, 0
1030,0, 330, False, 0
1031,0, 330, False, 0
1032,0, 330, False, 0
1033,0, 330, False, 0
1034,0, 330, False, 0
1035,0, 330, False, 0
1036,0, 330, False, 0
1037,0, 330, False, 0
1038,0, 330, False, 0
1039,0, 330, False, 0
1040,0, 330, False, 4
1041,0, 330, False, 4
1042,0, 330, False, 4
1043,0, 330, False, 4
1044,0, 330, False, 4
1045,0, 330, False, 4
1046,0, 330, False, 4
1047,0, 330, False, 4
1048,0, 330, False, 4
1049,0, 330, False, 4
1050,0, 330, False, 4
1051,0, 330, False, 4
1052,0, 330, False, 4
1053,0, 330, False, 0
1054,0, 330, False, 0
1055,0, 330, False, 0
1056,0, 330, False, 0
1057,0, 330, False, 0
1058,0, 330, False, 0
1059,0, 330, False, 0
1060,0, 330, False, 0
1061,0, 330, False, 0
1062,0, 330, False, 2
1063,0, 330, False, 2
1064,0, 330, False, 2
1065,0, 330, False, 2
1066,0, 330, False, 2
1067,0, 330, False, 2
1068,0, 330, False, 2
1069,0, 330, False, 2
1070,0, 330, False, 2
1071,0, 330, False, 0
1072,0, 330, False, 0
1073,0, 330, False, 0
1074,10, 340, False, 0
1075,0, 340, False, 0
1076,0, 340, False, 0
1077,0, 340, False, 0
1078,0, 340, False, 0
1079,0, 340, False, 0
1080,0, 340, False, 0
1081,0, 340, False, 0
1082,0, 340, False, 0
1083,0, 340, False, 0
1084,0, 340, False, 0
1085,0, 340, False, 0
1086,0, 340, False, 0
1087,0, 340, False, 0
1088,10, 350, False, 0
1089,0, 350, False, 0
1090,0, 350, False, 0
1091,0, 350, False, 0
1092,0, 350, False, 0
1093,0, 350, False, 0
1094,0, 350, False, 0
1095,0, 350, False, 0
1096,0, 350, False, 0
1097,0, 350, False, 0
1098,0, 350, False, 0
1099,0, 350, False, 0
1100,0, 350, False, 0
1101,0, 350, False, 0
1102,10, 360, False, 0
1103,0, 360, False, 0
1104,0, 360, False, 0
1105,0, 360, False, 0
1106,0, 360, False, 0
1107,0, 360, False, 0
1108,0, 360, False, 0
1109,0, 360, False, 0
1110,0, 360, False, 0
1111,0, 360, False, 0
1112,0, 360, False, 0
1113,0, 360, False, 0
1114,0, 360, False, 0
1115,0, 360, False, 0
1116,10, 370, False, 0
1117,0, 370, False, 0
1118,0, 370, False, 0
1119,0, 370, False, 0
1120,0, 370, False, 0
1121,0, 370, False, 0
1122,0, 370, False, 0
1123,0, 370, False, 0
1124,0, 370, False, 0
1125,0, 370, False, 0
1126,0, 370, False, 0
1127,0, 370, False, 0
1128,0, 370, False, 0
1129,0, 370, False, 0
1130,10, 380, False, 0
1131,0, 380, False, 0
1132,0, 380, False, 0
1133,0, 380, False, 0
1134,0, 380, False, 0
1135,0, 380, False, 0
1136,0, 380, False, 0
1137,0, 380, False, 0
1138,0, 380, False, 0
1139,0, 380, False, 0
1140,0, 380, False, 0
1141,0, 380, False, 0
1142,0, 380, False, 0
1143,0, 380, False, 0
1144,10, 390, False, 0
1145,0, 390, False, 0
1146,0, 390, False, 0
1147,0, 390, False, 0
1148,0, 390, False, 0
1149,0, 390, False, 0
1150,0, 390, False, 0
1151,0, 390, False, 0
1152,0, 390, False, 0
1153,0, 390, False, 0
1154,0, 390, False, 0
1155,0, 390, False, 0
1156,0, 390, False, 0
1157,0, 390, False, 0
1158,10, 400, False, 0
1159,0, 400, False, 0
1160,0, 400, False, 0
1161,0, 400, False, 0
1162,0, 400, False, 0
1163,0, 400, False, 0
1164,0, 400, False, 0
1165,0, 400, False, 0
1166,0, 400, False, 0
1167,0, 400, False, 0
1168,0, 400, False, 0
1169,0, 400, False, 0
1170,0, 400, False, 0
1171,0, 400, False, 0
1172,10, 410, False, 0
1173,0, 410, False, 4
1174,0, 410, False, 4
1175,0, 410, False, 4
1176,0, 410, False, 4
1177,0, 410, False, 4
1178,0, 410, False, 4
1179,0, 410, False, 4
1180,0, 410, False, 4
1181,0, 410, False, 4
1182,0, 410, False, 4
1183,0, 410, False, 0
1184,10, 420, False, 0
1185,0, 420, False, 0
1186,0, 420, False, 0
1187,0, 420, False, 0
1188,0, 420, False, 0
1189,0, 420, False, 0
1190,0, 420, False, 0
1191,0, 420, False, 0
1192,0, 420, False, 0
1193,0, 420, False, 2
1194,0, 420, False, 2
1195,0, 420, False, 2
1196,0, 420, False, 2
1197,0, 420, False, 2
1198,0, 420, False, 2
1199,0, 420, False, 2
1200,0, 420, False, 2
1201,0, 420, False, 2
1202,0, 420, False, 0
1203,0, 420, False, 0
1204,0, 420, False, 0
1205,0, 420, False, 0
1206,50, 470, False, 0
1207,0, 470, False, 0
1208,0, 470, False, 0
1209,0, 470, False, 0
1210,0, 470, False, 0
1211,0, 470, False, 0
1212,0, 470, False, 0
1213,0, 470, False, 0
1214,0, 470, False, 0
1215,0, 470, False, 0
1216,10, 480, False, 0
1217,0, 480, False, 0
1218,0, 480, False, 0
1219,0, 480, False, 0
1220,0, 480, False, 0
1221,0, 480, False, 0
1222,0, 480, False, 0
1223,0, 480, False, 0
1224,0, 480, False, 3
1225,0, 480, False, 3
1226,0, 480, False, 3
1227,0, 480, False, 3
1228,0, 480, False, 3
1229,0, 480, False, 3
1230,0, 480, False, 3
1231,0, 480, False, 3
1232,10, 490, False, 3
1233,0, 490, False, 3
1234,0, 490, False, 3
1235,0, 490, False, 3
1236,0, 490, False, 3
1237,0, 490, False, 3
1238,0, 490, False, 3
1239,0, 490, False, 3
1240,0, 490, False, 3
1241,0, 490, False, 0
1242,0, 490, False, 0
1243,0, 490, False, 0
1244,0, 490, False, 0
1245,0, 490, False, 0
1246,10, 500, False, 0
1247,0, 500, False, 0
1248,0, 500, False, 0
1249,0, 500, False, 0
1250,0, 500, False, 0
1251,0, 500, False, 0
1252,0, 500, False, 0
1253,0, 500, False, 0
1254,0, 500, False, 0
1255,0, 500, False, 0
1256,0, 500, False, 0
1257,0, 500, False, 0
1258,0, 500, False, 0
1259,0, 500, False, 0
1260,10, 510, False, 5
1261,0, 510, False, 5
1262,0, 510, False, 5
1263,0, 510, False, 5
1264,0, 510, False, 5
1265,0, 510, False, 5
1266,0, 510, False, 5
1267,0, 510, False, 5
1268,0, 510, False, 5
1269,0, 510, False, 5
1270,0, 510, False, 5
1271,0, 510, False, 5
1272,10, 520, False, 0
1273,0, 520, False, 0
1274,0, 520, False, 0
1275,0, 520, False, 0
1276,0, 520, False, 0
1277,0, 520, False, 0
1278,0, 520, False, 0
1279,0, 520, False, 0
1280,0, 520, False, 0
1281,0, 520, False, 0
1282,0, 520, False, 0
1283,0, 520, False, 0
1284,0, 520, False, 0
1285,0, 520, False, 0
1286,10, 530, False, 0
1287,0, 530, False, 0
1288,0, 530, False, 3
1289,0, 530, False, 3
1290,0, 530, False, 3
1291,0, 530, False, 3
1292,0, 530, False, 3
1293,0, 530, False, 3
1294,0, 530, False, 3
1295,0, 530, False, 3
1296,0, 530, False, 3
1297,0, 530, False, 3
1298,0, 530, False, 3
1299,0, 530, False, 0
1300,10, 540, False, 0
1301,0, 540, False, 0
1302,0, 540, False, 0
1303,0, 540, False, 0
1304,0, 540, False, 0
1305,0, 540, False, 0
1306,0, 540, False, 0
1307,0, 540, False, 0
1308,0, 540, False, 0
1309,0, 540, False, 0
1310,0, 540, False, 0
1311,0, 540, False, 0
1312,0, 540, False, 0
1313,0, 540, False, 0
1314,10, 550, False, 0
1315,0, 550, False, 0
1316,0, 550, False, 0
1317,0, 550, False, 0
1318,0, 550, False, 0
1319,0, 550, False, 0
1320,0, 550, False, 0
1321,0, 550, False, 0
1322,0, 550, False, 0
1323,0, 550, False, 0
1324,0, 550, False, 0
1325,0, 550, False, 0
1326,0, 550, False, 0
1327,0, 550, False, 0
1328,10, 560, False, 0
1329,0, 560, False, 0
1330,0, 560, False, 0
1331,0, 560, False, 0
1332,0, 560, False, 0
1333,0, 560, False, 0
1334,0, 560, False, 0
1335,0, 560, False, 0
1336,0, 560, False, 0
1337,0, 560, False, 0
1338,0, 560, False, 0
1339,0, 560, False, 0
1340,10, 570, False, 0
1341,0, 570, False, 0
1342,0, 570, False, 0
1343,0, 570, False, 0
1344,0, 570, False, 0
1345,0, 570, False, 0
1346,0, 570, False, 0
1347,0, 570, False, 0
1348,0, 570, False, 0
1349,0, 570, False, 0
1350,0, 570, False, 0
1351,0, 570, False, 0
1352,0, 570, False, 0
1353,0, 570, False, 0
1354,10, 580, False, 0
1355,0, 580, False, 0
1356,0, 580, False, 0
1357,0, 580, False, 0
1358,0, 580, False, 0
1359,0, 580, False, 0
1360,0, 580, False, 0
1361,0, 580, False, 0
1362,0, 580, False, 0
1363,0, 580, False, 0
1364,200, 780, False, 0
1365,0, 780, False, 0
1366,0, 780, False, 0
1367,0, 780, False, 0
1368,0, 780, False, 0
1369,0, 780, False, 0
1370,0, 780, False, 0
1371,0, 780, False, 0
1372,0, 780, False, 0
1373,0, 780, False, 0
1374,0, 780, False, 0
1375,0, 780, False, 0
1376,0, 780, False, 0
1377,0, 780, False, 0
1378,0, 780, False, 0
1379,0, 780, False, 0
1380,0, 780, False, 0
1381,0, 780, False, 0
1382,0, 780, False, 0
1383,0, 780, False, 0
1384,0, 780, False, 0
1385,0, 780, False, 0
1386,0, 780, False, 0
1387,0, 780, False, 0
1388,0, 780, False, 0
1389,0, 780, False, 0
1390,0, 780, False, 0
1391,0, 780, False, 0
1392,0, 780, False, 0
1393,0, 780, False, 0
1394,10, 790, False, 0
1395,0, 790, False, 0
1396,0, 790, False, 0
1397,0, 790, False, 0
1398,0, 790, False, 0
1399,0, 790, False, 0
1400,0, 790, False, 0
1401,0, 790, False, 0
1402,0, 790, False, 0
1403,0, 790, False, 0
1404,0, 790, False, 0
1405,0, 790, False, 0
1406,0, 790, False, 0
1407,0, 790, False, 0
1408,10, 800, False, 0
1409,0, 800, False, 0
1410,0, 800, False, 0
1411,0, 800, False, 0
1412,0, 800, False, 0
1413,0, 800, False, 0
1414,0, 800, False, 0
1415,0, 800, False, 0
1416,0, 800, False, 0
1417,0, 800, False, 0
1418,0, 800, False, 0
1419,0, 800, False, 0
1420,10, 810, False, 0
1421,0, 810, False, 0
1422,0, 810, False, 0
1423,0, 810, False, 0
1424,0, 810, False, 0
1425,0, 810, False, 0
1426,0, 810, False, 0
1427,0, 810, False, 0
1428,0, 810, False, 0
1429,0, 810, False, 0
1430,0, 810, False, 0
1431,0, 810, False, 0
1432,0, 810, False, 0
1433,0, 810, False, 0
1434,10, 820, False, 0
1435,0, 820, False, 0
1436,0, 820, False, 0
1437,0, 820, False, 0
1438,0, 820, False, 0
1439,0, 820, False, 0
1440,0, 820, False, 0
1441,0, 820, False, 0
1442,0, 820, False, 0
1443,0, 820, False, 0
1444,0, 820, False, 0
1445,0, 820, False, 0
1446,0, 820, False, 0
1447,0, 820, False, 0
1448,10, 830, False, 0
1449,0, 830, False, 0
1450,0, 830, False, 0
1451,0, 830, False, 0
1452,0, 830, False, 0
1453,0, 830, False, 0
1454,0, 830, False, 0
1455,0, 830, False, 0
1456,0, 830, False, 0
1457,0, 830, False, 0
1458,0, 830, False, 0
1459,0, 830, False, 0
1460,10, 840, False, 0
1461,0, 840, False, 0
1462,0, 840, False, 0
1463,0, 840, False, 0
1464,0, 840, False, 0
1465,0, 840, False, 0
1466,0, 840, False, 0
1467,0, 840, False, 0
1468,0, 840, False, 0
1469,0, 840, False, 0
1470,0, 840, False, 0
1471,0, 840, False, 0
1472,0, 840, False, 0
1473,0, 840, False, 0
1474,10, 850, False, 0
1475,0, 850, False, 0
1476,0, 850, False, 0
1477,0, 850, False, 0
1478,0, 850, False, 0
1479,0, 850, False, 0
1480,0, 850, False, 0
1481,0, 850, False, 0
1482,0, 850, False, 0
1483,0, 850, False, 0
1484,0, 850, False, 0
1485,0, 850, False, 0
1486,0, 850, False, 0
1487,0, 850, False, 0
1488,10, 860, False, 0
1489,0, 860, False, 0
1490,0, 860, False, 0
1491,0, 860, False, 0
1492,0, 860, False, 0
1493,0, 860, False, 0
1494,0, 860, False, 0
1495,0, 860, False, 0
1496,0, 860, False, 0
1497,0, 860, False, 0
1498,0, 860, False, 0
1499,0, 860, False, 0
1500,10, 870, False, 0
1501,0, 870, False, 0
1502,0, 870, False, 0
1503,0, 870, False, 0
1504,0, 870, False, 0
1505,0, 870, False, 0
1506,0, 870, False, 0
1507,0, 870, False, 0
1508,0, 870, False, 0
1509,0, 870, False, 0
1510,0, 870, False, 2
1511,0, 870, False, 2
1512,0, 870, False, 2
1513,0, 870, False, 2
1514,0, 870, False, 2
1515,0, 870, False, 2
1516,0, 870, False, 2
1517,0, 870, False, 0
1518,0, 870, False, 0
1519,0, 870, False, 0
1520,0, 870, False, 0
1521,0, 870, False, 0
1522,50, 920, False, 0
1523,0, 920, False, 0
1524,0, 920, False, 0
1525,0, 920, False, 0
1526,0, 920, False, 0
1527,0, 920, False, 0
1528,0, 920, False, 0
1529,0, 920, False, 0
1530,0, 920, False, 0
1531,0, 920, False, 0
1532,0, 920, False, 0
1533,0, 920, False, 0
1534,10, 930, False, 0
1535,0, 930, False, 0
1536,0, 930, False, 0
1537,0, 930, False, 0
1538,0, 930, False, 0
1539,0, 930, False, 0
1540,0, 930, False, 4
1541,0, 930, False, 4
1542,0, 930, False, 4
1543,0, 930, False, 4
1544,0, 930, False, 4
1545,0, 930, False, 4
1546,0, 930, False, 4
1547,0, 930, False, 4
1548,0, 930, False, 4
1549,0, 930, False, 4
1550,10, 940, False, 4
1551,0, 940, False, 4
1552,0, 940, False, 0
1553,0, 940, False, 0
1554,0, 940, False, 0
1555,0, 940, False, 0
1556,0, 940, False, 0
1557,0, 940, False, 0
1558,0, 940, False, 0
1559,0, 940, False, 0
1560,0, 940, False, 0
1561,0, 940, False, 0
1562,0, 940, False, 0
1563,0, 940, False, 0
1564,10, 950, False, 0
1565,0, 950, False, 0
1566,0, 950, False, 0
1567,0, 950, False, 0
1568,0, 950, False, 0
1569,0, 950, False, 0
1570,0, 950, False, 0
1571,0, 950, False, 0
1572,0, 950, False, 0
1573,0, 950, False, 0
1574,0, 950, False, 0
1575,0, 950, False, 0
1576,10, 960, False, 0
1577,0, 960, False, 0
1578,0, 960, False, 0
1579,0, 960, False, 5
1580,0, 960, False, 5
1581,0, 960, False, 5
1582,0, 960, False, 5
1583,0, 960, False, 5
1584,0, 960, False, 5
1585,0, 960, False, 5
1586,0, 960, False, 0
1587,0, 960, False, 0
1588,10, 970, False, 0
1589,0, 970, False, 0
1590,0, 970, False, 0
1591,0, 970, False, 0
1592,0, 970, False, 0
1593,0, 970, False, 0
1594,0, 970, False, 0
1595,0, 970, False, 0
1596,0, 970, False, 0
1597,0, 970, False, 0
1598,0, 970, False, 0
1599,0, 970, False, 0
1600,0, 970, False, 0
1601,0, 970, False, 0
1602,0, 970, False, 0
1603,0, 970, False, 0
1604,0, 970, False, 0
1605,0, 970, False, 0
1606,0, 970, False, 0
1607,0, 970, False, 0
1608,0, 970, False, 0
1609,0, 970, False, 0
1610,0, 970, False, 0
1611,0, 970, False, 0
1612,0, 970, False, 0
1613,0, 970, False, 0
1614,10, 980, False, 0
1615,0, 980, False, 0
1616,0, 980, False, 0
1617,0, 980, False, 0
1618,0, 980, False, 0
1619,0, 980, False, 0
1620,0, 980, False, 0
1621,0, 980, False, 0
1622,0, 980, False, 0
1623,0, 980, False, 0
1624,0, 980, False, 0
1625,0, 980, False, 4
1626,0, 980, False, 4
1627,0, 980, False, 4
1628,10, 990, False, 4
1629,0, 990, False, 4
1630,0, 990, False, 4
1631,0, 990, False, 4
1632,0, 990, False, 4
1633,0, 990, False, 4
1634,0, 990, False, 4
1635,0, 990, False, 4
1636,0, 990, False, 0
1637,0, 990, False, 0
1638,0, 990, False, 0
1639,0, 990, False, 0
1640,0, 990, False, 0
1641,0, 990, False, 0
1642,0, 990, False, 0
1643,0, 990, False, 0
1644,10, 1000, False, 0
1645,0, 1000, False, 0
1646,0, 1000, False, 0
1647,0, 1000, False, 0
1648,0, 1000, False, 0
1649,0, 1000, False, 0
1650,0, 1000, False, 0
1651,0, 1000, False, 0
1652,0, 1000, False, 0
1653,0, 1000, False, 0
1654,0, 1000, False, 0
1655,0, 1000, False, 0
1656,10, 1010, False, 0
1657,0, 1010, False, 0
1658,0, 1010, False, 0
1659,0, 1010, False, 0
1660,0, 1010, False, 0
1661,0, 1010, False, 0
1662,0, 1010, False, 0
1663,0, 1010, False, 0
1664,0, 1010, False, 0
1665,0, 1010, False, 0
1666,0, 1010, False, 0
1667,0, 1010, False, 0
1668,0, 1010, False, 0
1669,0, 1010, False, 0
1670,10, 1020, False, 0
1671,0, 1020, False, 0
1672,0, 1020, False, 0
1673,0, 1020, False, 0
1674,0, 1020, False, 0
1675,0, 1020, False, 0
1676,0, 1020, False, 0
1677,0, 1020, False, 0
1678,0, 1020, False, 0
1679,0, 1020, False, 0
1680,0, 1020, False, 0
1681,0, 1020, False, 0
1682,0, 1020, False, 0
1683,0, 1020, False, 0
1684,10, 1030, False, 0
1685,0, 1030, False, 0
1686,0, 1030, False, 0
1687,0, 1030, False, 0
1688,0, 1030, False, 0
1689,0, 1030, False, 0
1690,0, 1030, False, 0
1691,0, 1030, False, 0
1692,0, 1030, False, 0
1693,0, 1030, False, 0
1694,0, 1030, False, 0
1695,0, 1030, False, 0
1696,10, 1040, False, 0
1697,0, 1040, False, 0
1698,0, 1040, False, 0
1699,0, 1040, False, 0
1700,0, 1040, False, 0
1701,0, 1040, False, 0
1702,0, 1040, False, 0
1703,0, 1040, False, 0
1704,0, 1040, False, 0
1705,0, 1040, False, 0
1706,0, 1040, False, 0
1707,0, 1040, False, 0
1708,0, 1040, False, 0
1709,0, 1040, False, 0
1710,0, 1040, False, 0
1711,0, 1040, False, 0
1712,0, 1040, False, 0
1713,0, 1040, False, 0
1714,0, 1040, False, 0
1715,0, 1040, False, 0
1716,10, 1050, False, 0
1717,0, 1050, False, 0
1718,0, 1050, False, 0
1719,0, 1050, False, 0
1720,0, 1050, False, 0
1721,0, 1050, False, 0
1722,0, 1050, False, 0
1723,0, 1050, False, 0
1724,0, 1050, False, 0
1725,0, 1050, False, 0
1726,0, 1050, False, 0
1727,0, 1050, False, 0
1728,10, 1060, False, 0
1729,0, 1060, False, 0
1730,0, 1060, False, 0
1731,0, 1060, False, 0
1732,100, 1160, False, 0
1733,0, 1160, False, 0
1734,0, 1160, False, 0
1735,0, 1160, False, 0
1736,0, 1160, False, 0
1737,0, 1160, False, 0
1738,0, 1160, False, 0
1739,0, 1160, False, 5
1740,0, 1160, False, 5
1741,0, 1160, False, 5
1742,0, 1160, False, 5
1743,0, 1160, False, 5
1744,0, 1160, False, 5
1745,0, 1160, False, 5
1746,0, 1160, False, 5
1747,0, 1160, False, 0
1748,0, 1160, False, 0
1749,0, 1160, False, 0
1750,0, 1160, False, 0
1751,0, 1160, False, 0
1752,0, 1160, False, 0
1753,0, 1160, False, 0
1754,0, 1160, False, 0
1755,0, 1160, False, 0
1756,0, 1160, False, 0
1757,0, 1160, False, 0
1758,0, 1160, False, 0
1759,0, 1160, False, 0
1760,0, 1160, False, 0
1761,0, 1160, False, 0
1762,0, 1160, False, 0
1763,0, 1160, False, 0
1764,10, 1170, False, 0
1765,0, 1170, False, 0
1766,0, 1170, False, 0
1767,0, 1170, False, 0
1768,0, 1170, False, 0
1769,0, 1170, False, 0
1770,0, 1170, False, 0
1771,0, 1170, False, 0
1772,0, 1170, False, 0
1773,0, 1170, False, 0
1774,0, 1170, False, 0
1775,0, 1170, False, 0
1776,10, 1180, False, 0
1777,0, 1180, False, 0
1778,0, 1180, False, 0
1779,0, 1180, False, 0
1780,0, 1180, False, 0
1781,0, 1180, False, 0
1782,0, 1180, False, 5
1783,0, 1180, False, 5
1784,0, 1180, False, 5
1785,0, 1180, False, 5
1786,0, 1180, False, 5
1787,0, 1180, False, 5
1788,0, 1180, False, 5
1789,0, 1180, False, 5
1790,10, 1190, False, 5
1791,0, 1190, False, 5
1792,0, 1190, False, 5
1793,0, 1190, False, 0
1794,0, 1190, False, 0
1795,0, 1190, False, 0
1796,0, 1190, False, 0
1797,0, 1190, False, 0
1798,0, 1190, False, 0
1799,0, 1190, False, 0
1800,0, 1190, False, 0
1801,0, 1190, False, 0
1802,0, 1190, False, 0
1803,0, 1190, False, 0
1804,10, 1200, False, 0
1805,0, 1200, False, 0
1806,0, 1200, False, 0
1807,0, 1200, False, 0
1808,0, 1200, False, 0
1809,0, 1200, False, 0
1810,0, 1200, False, 0
1811,0, 1200, False, 0
1812,0, 1200, False, 0
1813,0, 1200, False, 2
1814,0, 1200, False, 2
1815,0, 1200, False, 2
1816,0, 1200, False, 2
1817,0, 1200, False, 2
1818,0, 1200, False, 2
1819,0, 1200, False, 2
1820,0, 1200, False, 2
1821,0, 1200, False, 0
1822,0, 1200, False, 0
1823,0, 1200, False, 0
1824,10, 1210, False, 0
1825,0, 1210, False, 0
1826,0, 1210, False, 0
1827,0, 1210, False, 0
1828,0, 1210, False, 0
1829,0, 1210, False, 0
1830,0, 1210, False, 0
1831,0, 1210, False, 0
1832,0, 1210, False, 0
1833,0, 1210, False, 0
1834,0, 1210, False, 0
1835,0, 1210, False, 0
1836,0, 1210, False, 0
1837,0, 1210, False, 0
1838,0, 1210, False, 0
1839,0, 1210, False, 0
1840,0, 1210, False, 0
1841,0, 1210, False, 0
1842,0, 1210, False, 0
1843,0, 1210, False, 0
1844,0, 1210, False, 0
1845,0, 1210, False, 0
1846,0, 1210, False, 4
1847,0, 1210, False, 4
1848,0, 1210, False, 4
1849,0, 1210, False, 4
1850,0, 1210, False, 4
1851,0, 1210, False, 4
1852,0, 1210, False, 4
1853,0, 1210, False, 4
1854,0, 1210, False, 4
1855,0, 1210, False, 4
1856,0, 1210, False, 4
1857,0, 1210, False, 4
1858,0, 1210, False, 4
1859,0, 1210, False, 4
1860,0, 1210, False, 4
1861,0, 1210, False, 0
1862,0, 1210, False, 0
1863,0, 1210, False, 0
1864,0, 1210, False, 0
1865,0, 1210, False, 0
1866,0, 1210, False, 0
1867,0, 1210, False, 0
1868,0, 1210, False, 0
1869,0, 1210, False, 0
1870,0, 1210, False, 0
1871,0, 1210, False, 0
1872,0, 1210, False, 0
1873,0, 1210, False, 0
1874,0, 1210, False, 0
1875,0, 1210, False, 0
1876,0, 1210, False, 4
1877,0, 1210, False, 4
1878,0, 1210, False, 4
1879,0, 1210, False, 4
1880,0, 1210, False, 4
1881,0, 1210, False, 4
1882,0, 1210, False, 4
1883,0, 1210, False, 4
1884,0, 1210, False, 4
1885,0, 1210, False, 4
1886,0, 1210, False, 0
1887,0, 1210, False, 0
1888,0, 1210, False, 0
1889,0, 1210, False, 0
1890,0, 1210, False, 0
1891,0, 1210, False, 0
1892,0, 1210, False, 0
1893,0, 1210, False, 0
1894,0, 1210, False, 0
1895,0, 1210, False, 0
1896,0, 1210, False, 3
1897,0, 1210, False, 3
1898,0, 1210, False, 3
1899,0, 1210, False, 3
1900,0, 1210, False, 3
1901,0, 1210, False, 3
1902,0, 1210, False, 3
1903,0, 1210, False, 3
1904,0, 1210, False, 3
1905,0, 1210, False, 3
1906,0, 1210, False, 3
1907,0, 1210, False, 3
1908,0, 1210, False, 3
1909,0, 1210, False, 3
1910,0, 1210, False, 3
1911,0, 1210, False, 3
1912,0, 1210, False, 3
1913,0, 1210, False, 3
1914,0, 1210, False, 3
1915,0, 1210, False, 3
1916,0, 1210, False, 3
1917,0, 1210, False, 3
1918,0, 1210, False, 0
1919,0, 1210, False, 0
1920,0, 1210, False, 0
1921,0, 1210, False, 0
1922,0, 1210, False, 0
1923,0, 1210, False, 0
1924,0, 1210, False, 0
1925,0, 1210, False, 5
1926,0, 1210, False, 5
1927,0, 1210, False, 5
1928,0, 1210, False, 5
1929,0, 1210, False, 5
1930,0, 1210, False, 5
1931,0, 1210, False, 5
1932,0, 1210, False, 5
1933,0, 1210, False, 5
1934,0, 1210, False, 0
1935,0, 1210, False, 0
1936,0, 1210, False, 0
1937,0, 1210, False, 0
1938,0, 1210, False, 0
1939,0, 1210, False, 0
1940,0, 1210, False, 0
1941,0, 1210, False, 0
1942,0, 1210, False, 0
1943,0, 1210, False, 0
1944,0, 1210, False, 0
1945,0, 1210, False, 0
1946,0, 1210, False, 0
1947,0, 1210, False, 0
1948,0, 1210, False, 0
1949,0, 1210, False, 0
1950,0, 1210, False, 0
1951,0, 1210, False, 0
1952,0, 1210, False, 0
1953,0, 1210, False, 0
1954,0, 1210, False, 0
1955,0, 1210, False, 0
1956,0, 1210, False, 0
1957,0, 1210, False, 0
1958,0, 1210, False, 0
1959,0, 1210, False, 0
1960,0, 1210, False, 0
1961,0, 1210, False, 0
1962,0, 1210, False, 0
1963,0, 1210, False, 3
1964,0, 1210, False, 3
1965,0, 1210, False, 3
1966,0, 1210, False, 3
1967,0, 1210, False, 3
1968,0, 1210, False, 3
1969,0, 1210, False, 3
1970,0, 1210, False, 3
1971,0, 1210, False, 3
1972,0, 1210, False, 3
1973,0, 1210, False, 3
1974,0, 1210, False, 3
1975,0, 1210, False, 3
1976,0, 1210, False, 3
1977,0, 1210, False, 3
1978,0, 1210, False, 3
1979,0, 1210, False, 3
1980,0, 1210, False, 3
1981,0, 1210, False, 3
1982,0, 1210, False, 3
1983,0, 1210, False, 0
1984,0, 1210, False, 0
1985,0, 1210, False, 0
1986,0, 1210, False, 0
1987,0, 1210, False, 0
1988,0, 1210, False, 0
1989,0, 1210, False, 0
1990,0, 1210, False, 0
1991,0, 1210, False, 0
1992,0, 1210, False, 0
1993,0, 1210, False, 0
1994,0, 1210, False, 0
1995,0, 1210, False, 0
1996,0, 1210, False, 0
1997,0, 1210, False, 0
1998,0, 1210, False, 0
1999,0, 1210, False, 0
2000,0, 1210, False, 0
2001,0, 1210, False, 0
2002,0, 1210, False, 0
2003,0, 1210, False, 0
2004,0, 1210, False, 0
2005,0, 1210, False, 0
2006,0, 1210, False, 0
2007,0, 1210, False, 5
2008,0, 1210, False, 5
2009,0, 1210, False, 5
2010,0, 1210, False, 5
2011,0, 1210, False, 5
2012,0, 1210, False, 5
2013,0, 1210, False, 0
2014,0, 1210, False, 0
2015,0, 1210, False, 0
2016,0, 1210, False, 0
2017,0, 1210, False, 0
2018,0, 1210, False, 0
2019,0, 1210, False, 0
2020,0, 1210, False, 0
2021,0, 1210, False, 0
2022,0, 1210, False, 0
2023,0, 1210, False, 0
2024,0, 1210, False, 0
2025,0, 1210, False, 0
2026,0, 1210, False, 0
2027,0, 1210, False, 0
2028,0, 1210, False, 0
2029,0, 1210, False, 0
2030,0, 1210, False, 0
2031,0, 1210, False, 0
2032,0, 1210, False, 0
2033,0, 1210, False, 0
2034,0, 1210, False, 0
2035,0, 1210, False, 0
2036,0, 1210, False, 0
2037,0, 1210, False, 0
2038,0, 1210, False, 0
2039,0, 1210, False, 0
2040,0, 1210, False, 0
2041,0, 1210, False, 0
2042,0, 1210, False, 0
2043,0, 1210, False, 0
2044,0, 1210, False, 0
2045,0, 1210, False, 0
2046,0, 1210, False, 0
2047,0, 1210, False, 0
2048,0, 1210, False, 0
2049,0, 1210, False, 0
2050,0, 1210, False, 0
2051,0, 1210, False, 0
2052,0, 1210, False, 0
2053,0, 1210, False, 0
2054,0, 1210, False, 0
2055,0, 1210, False, 0
2056,0, 1210, False, 0
2057,0, 1210, False, 5
2058,0, 1210, False, 5
2059,0, 1210, False, 5
2060,0, 1210, False, 5
2061,0, 1210, False, 5
2062,0, 1210, False, 5
2063,0, 1210, False, 5
2064,0, 1210, False, 5
2065,0, 1210, False, 5
2066,0, 1210, False, 0
2067,0, 1210, False, 0
2068,0, 1210, False, 0
2069,0, 1210, False, 0
2070,0, 1210, False, 0
2071,0, 1210, False, 0
2072,10, 1220, False, 0
2073,0, 1220, False, 0
2074,0, 1220, False, 0
2075,0, 1220, False, 0
2076,0, 1220, False, 0
2077,0, 1220, False, 0
2078,0, 1220, False, 0
2079,0, 1220, False, 0
2080,0, 1220, False, 0
2081,0, 1220, False, 0
2082,0, 1220, False, 0
2083,0, 1220, False, 0
2084,0, 1220, False, 0
2085,0, 1220, False, 0
2086,10, 1230, False, 0
2087,0, 1230, False, 0
2088,0, 1230, False, 0
2089,0, 1230, False, 0
2090,0, 1230, False, 0
2091,0, 1230, False, 0
2092,0, 1230, False, 0
2093,0, 1230, False, 0
2094,0, 1230, False, 0
2095,0, 1230, False, 0
2096,0, 1230, False, 0
2097,0, 1230, False, 0
2098,0, 1230, False, 0
2099,0, 1230, False, 0
2100,10, 1240, False, 0
2101,0, 1240, False, 0
2102,0, 1240, False, 0
2103,0, 1240, False, 0
2104,0, 1240, False, 0
2105,0, 1240, False, 0
2106,0, 1240, False, 0
2107,0, 1240, False, 0
2108,0, 1240, False, 0
2109,0, 1240, False, 0
2110,0, 1240, False, 0
2111,0, 1240, False, 0
2112,0, 1240, False, 0
2113,0, 1240, False, 0
2114,10, 1250, False, 3
2115,0, 1250, False, 3
2116,0, 1250, False, 3
2117,0, 1250, False, 3
2118,0, 1250, False, 3
2119,0, 1250, False, 3
2120,0, 1250, False, 3
2121,0, 1250, False, 3
2122,0, 1250, False, 3
2123,0, 1250, False, 0
2124,0, 1250, False, 0
2125,0, 1250, False, 0
2126,0, 1250, False, 0
2127,0, 1250, False, 0
2128,10, 1260, False, 0
2129,0, 1260, False, 0
2130,0, 1260, False, 0
2131,0, 1260, False, 0
2132,0, 1260, False, 0
2133,0, 1260, False, 0
2134,0, 1260, False, 0
2135,0, 1260, False, 0
2136,0, 1260, False, 0
2137,0, 1260, False, 0
2138,0, 1260, False, 0
2139,0, 1260, False, 0
2140,10, 1270, False, 0
2141,0, 1270, False, 0
2142,0, 1270, False, 0
2143,0, 1270, False, 0
2144,0, 1270, False, 0
2145,0, 1270, False, 0
2146,0, 1270, False, 0
2147,0, 1270, False, 0
2148,0, 1270, False, 0
2149,0, 1270, False, 0
2150,0, 1270, False, 0
2151,0, 1270, False, 0
2152,0, 1270, False, 0
2153,0, 1270, False, 0
2154,10, 1280, False, 0
2155,0, 1280, False, 5
2156,0, 1280, False, 5
2157,0, 1280, False, 5
2158,0, 1280, False, 5
2159,0, 1280, False, 5
2160,0, 1280, False, 5
2161,0, 1280, False, 5
2162,0, 1280, False, 5
2163,0, 1280, False, 0
2164,0, 1280, False, 0
2165,0, 1280, False, 0
2166,0, 1280, False, 0
2167,0, 1280, False, 0
2168,10, 1290, False, 0
2169,0, 1290, False, 0
2170,0, 1290, False, 0
2171,0, 1290, False, 0
2172,0, 1290, False, 0
2173,0, 1290, False, 0
2174,0, 1290, False, 0
2175,0, 1290, False, 0
2176,0, 1290, False, 0
2177,0, 1290, False, 0
2178,0, 1290, False, 0
2179,0, 1290, False, 0
2180,0, 1290, False, 0
2181,0, 1290, False, 3
2182,10, 1300, False, 3
2183,0, 1300, False, 3
2184,0, 1300, False, 3
2185,0, 1300, False, 3
2186,0, 1300, False, 3
2187,0, 1300, False, 3
2188,0, 1300, False, 3
2189,0, 1300, False, 3
2190,0, 1300, False, 0
2191,0, 1300, False, 0
2192,0, 1300, False, 0
2193,0, 1300, False, 0
2194,0, 1300, False, 0
2195,0, 1300, False, 0
2196,10, 1310, False, 0
2197,0, 1310, False, 0
2198,0, 1310, False, 0
2199,0, 1310, False, 0
2200,0, 1310, False, 0
2201,0, 1310, False, 0
2202,0, 1310, False, 0
2203,0, 1310, False, 0
2204,0, 1310, False, 0
2205,0, 1310, False, 0
2206,0, 1310, False, 0
2207,0, 1310, False, 0
2208,10, 1320, False, 0
2209,0, 1320, False, 0
2210,0, 1320, False, 0
2211,0, 1320, False, 0
2212,0, 1320, False, 0
2213,0, 1320, False, 0
2214,0, 1320, False, 0
2215,0, 1320, False, 0
2216,0, 1320, False, 0
2217,0, 1320, False, 0
2218,0, 1320, False, 0
2219,0, 1320, False, 0
2220,0, 1320, False, 0
2221,0, 1320, False, 0
2222,10, 1330, False, 0
2223,0, 1330, False, 0
2224,0, 1330, False, 0
2225,0, 1330, False, 5
2226,0, 1330, False, 5
2227,0, 1330, False, 5
2228,0, 1330, False, 5
2229,0, 1330, False, 5
2230,0, 1330, False, 5
2231,0, 1330, False, 5
2232,0, 1330, False, 5
2233,0, 1330, False, 5
2234,0, 1330, False, 0
2235,0, 1330, False, 0
2236,10, 1340, False, 0
2237,0, 1340, False, 0
2238,0, 1340, False, 0
2239,0, 1340, False, 0
2240,0, 1340, False, 0
2241,0, 1340, False, 0
2242,0, 1340, False, 0
2243,0, 1340, False, 0
2244,0, 1340, False, 0
2245,0, 1340, False, 0
2246,0, 1340, False, 0
2247,0, 1340, False, 0
2248,0, 1340, False, 0
2249,0, 1340, False, 0
2250,0, 1340, False, 0
2251,0, 1340, False, 0
2252,0, 1340, False, 0
2253,0, 1340, False, 0
2254,50, 1390, False, 0
2255,0, 1390, False, 0
2256,0, 1390, False, 0
2257,0, 1390, False, 4
2258,0, 1390, False, 4
2259,0, 1390, False, 4
2260,0, 1390, False, 4
2261,0, 1390, False, 4
2262,10, 1400, False, 4
2263,0, 1400, False, 4
2264,0, 1400, False, 4
2265,0, 1400, False, 4
2266,0, 1400, False, 4
2267,0, 1400, False, 4
2268,0, 1400, False, 4
2269,0, 1400, False, 4
2270,0, 1400, False, 4
2271,0, 1400, False, 4
2272,0, 1400, False, 0
2273,0, 1400, False, 0
2274,0, 1400, False, 0
2275,0, 1400, False, 0
2276,10, 1410, False, 0
2277,0, 1410, False, 0
2278,0, 1410, False, 0
2279,0, 1410, False, 0
2280,0, 1410, False, 0
2281,0, 1410, False, 0
2282,0, 1410, False, 0
2283,0, 1410, False, 0
2284,0, 1410, False, 0
2285,0, 1410, False, 0
2286,0, 1410, False, 0
2287,0, 1410, False, 0
2288,0, 1410, False, 0
2289,0, 1410, False, 0
2290,10, 1420, False, 0
2291,0, 1420, False, 0
2292,0, 1420, False, 0
2293,0, 1420, False, 0
2294,0, 1420, False, 0
2295,0, 1420, False, 0
2296,0, 1420, False, 0
2297,0, 1420, False, 0
2298,0, 1420, False, 0
2299,0, 1420, False, 2
2300,0, 1420, False, 2
2301,0, 1420, False, 2
2302,0, 1420, False, 2
2303,0, 1420, False, 2
2304,10, 1430, False, 2
2305,0, 1430, False, 2
2306,0, 1430, False, 2
2307,0, 1430, False, 2
2308,0, 1430, False, 2
2309,0, 1430, False, 0
2310,0, 1430, False, 0
2311,0, 1430, False, 0
2312,0, 1430, False, 0
2313,0, 1430, False, 0
2314,0, 1430, False, 0
2315,0, 1430, False, 0
2316,0, 1430, False, 0
2317,0, 1430, False, 0
2318,10, 1440, False, 0
2319,0, 1440, False, 0
2320,0, 1440, False, 0
2321,0, 1440, False, 0
2322,0, 1440, False, 0
2323,0, 1440, False, 0
2324,0, 1440, False, 0
2325,0, 1440, False, 0
2326,0, 1440, False, 0
2327,0, 1440, False, 0
2328,0, 1440, False, 0
2329,0, 1440, False, 0
2330,0, 1440, False, 0
2331,0, 1440, False, 0
2332,10, 1450, False, 0
2333,0, 1450, False, 0
2334,0, 1450, False, 0
2335,0, 1450, False, 0
2336,0, 1450, False, 0
2337,0, 1450, False, 0
2338,0, 1450, False, 0
2339,0, 1450, False, 0
2340,0, 1450, False, 0
2341,0, 1450, False, 0
2342,0, 1450, False, 0
2343,0, 1450, False, 0
2344,0, 1450, False, 0
2345,0, 1450, False, 0
2346,0, 1450, False, 0
2347,0, 1450, False, 0
2348,0, 1450, False, 0
2349,0, 1450, False, 0
2350,0, 1450, False, 0
2351,0, 1450, False, 0
2352,0, 1450, False, 0
2353,0, 1450, False, 0
2354,0, 1450, False, 0
2355,0, 1450, False, 0
2356,0, 1450, False, 0
2357,0, 1450, False, 0
2358,0, 1450, False, 0
2359,0, 1450, False, 0
2360,0, 1450, False, 0
2361,0, 1450, False, 0
2362,0, 1450, False, 0
2363,0, 1450, False, 0
2364,0, 1450, False, 0
2365,0, 1450, False, 0
2366,0, 1450, False, 4
2367,0, 1450, False, 4
2368,0, 1450, False, 4
2369,0, 1450, False, 4
2370,0, 1450, False, 4
2371,0, 1450, False, 4
2372,0, 1450, False, 4
2373,0, 1450, False, 4
2374,0, 1450, False, 4
2375,0, 1450, False, 4
2376,0, 1450, False, 4
2377,0, 1450, False, 4
2378,0, 1450, False, 0
2379,0, 1450, False, 0
2380,0, 1450, False, 0
2381,0, 1450, False, 0
2382,0, 1450, False, 0
2383,0, 1450, False, 0
2384,0, 1450, False, 0
2385,0, 1450, False, 0
2386,0, 1450, False, 0
2387,0, 1450, False, 0
2388,0, 1450, False, 0
2389,0, 1450, False, 0
2390,0, 1450, False, 0
2391,0, 1450, False, 0
2392,0, 1450, False, 0
2393,0, 1450, False, 0
2394,0, 1450, False, 0
2395,0, 1450, False, 0
2396,0, 1450, False, 0
2397,0, 1450, False, 0
2398,0, 1450, False, 0
2399,0, 1450, False, 0
2400,0, 1450, False, 0
2401,0, 1450, False, 0
2402,0, 1450, False, 0
2403,0, 1450, False, 0
2404,0, 1450, False, 0
2405,0, 1450, False, 0
2406,0, 1450, False, 0
2407,0, 1450, False, 0
2408,0, 1450, False, 0
2409,0, 1450, False, 0
2410,0, 1450, False, 0
2411,0, 1450, False, 0
2412,0, 1450, False, 0
2413,0, 1450, False, 0
2414,0, 1450, False, 0
2415,0, 1450, False, 0
2416,0, 1450, False, 0
2417,0, 1450, False, 0
2418,0, 1450, False, 0
2419,0, 1450, False, 0
2420,200, 1650, False, 0
2421,0, 1650, False, 0
2422,0, 1650, False, 0
2423,0, 1650, False, 0
2424,0, 1650, False, 0
2425,0, 1650, False, 0
2426,0, 1650, False, 0
2427,0, 1650, False, 0
2428,0, 1650, False, 0
2429,0, 1650, False, 5
2430,0, 1650, False, 5
2431,0, 1650, False, 5
2432,0, 1650, False, 5
2433,0, 1650, False, 5
2434,0, 1650, False, 5
2435,0, 1650, False, 5
2436,0, 1650, False, 5
2437,0, 1650, False, 0
2438,0, 1650, False, 0
2439,0, 1650, False, 3
2440,0, 1650, False, 3
2441,0, 1650, False, 3
2442,0, 1650, False, 3
2443,0, 1650, False, 3
2444,0, 1650, False, 3
2445,0, 1650, False, 3
2446,0, 1650, False, 3
2447,0, 1650, False, 0
2448,0, 1650, False, 0
2449,0, 1650, False, 0
2450,0, 1650, False, 0
2451,0, 1650, False, 0
2452,0, 1650, False, 0
2453,0, 1650, False, 0
2454,0, 1650, False, 0
2455,0, 1650, False, 0
2456,0, 1650, False, 0
2457,0, 1650, False, 0
2458,0, 1650, False, 0
2459,0, 1650, False, 0
2460,0, 1650, False, 0
2461,0, 1650, False, 0
2462,0, 1650, False, 0
2463,0, 1650, False, 0
2464,0, 1650, False, 0
2465,0, 1650, False, 0
2466,0, 1650, False, 0
2467,0, 1650, False, 0
2468,0, 1650, False, 0
2469,0, 1650, False, 0
2470,0, 1650, False, 0
2471,0, 1650, False, 0
2472,0, 1650, False, 4
2473,0, 1650, False, 4
2474,0, 1650, False, 4
2475,0, 1650, False, 4
2476,0, 1650, False, 4
2477,0, 1650, False, 4
2478,0, 1650, False, 4
2479,0, 1650, False, 4
2480,0, 1650, False, 4
2481,0, 1650, False, 4
2482,0, 1650, False, 4
2483,0, 1650, False, 4
2484,400, 2050, False, 4
2485,0, 2050, False, 4
2486,0, 2050, False, 4
2487,0, 2050, False, 4
2488,0, 2050, False, 4
2489,0, 2050, False, 4
2490,0, 2050, False, 4
2491,0, 2050, False, 4
2492,0, 2050, False, 0
2493,0, 2050, False, 0
2494,0, 2050, False, 0
2495,0, 2050, False, 0
2496,0, 2050, False, 0
2497,0, 2050, False, 0
2498,0, 2050, False, 0
2499,0, 2050, False, 0
2500,0, 2050, False, 0
2501,0, 2050, False, 0
2502,0, 2050, False, 0
2503,0, 2050, False, 0
2504,0, 2050, False, 0
2505,0, 2050, False, 0
2506,0, 2050, False, 0
2507,0, 2050, False, 0
2508,0, 2050, False, 0
2509,0, 2050, False, 0
2510,0, 2050, False, 0
2511,0, 2050, False, 0
2512,0, 2050, False, 0
2513,0, 2050, False, 0
2514,0, 2050, False, 0
2515,0, 2050, False, 0
2516,0, 2050, False, 0
2517,0, 2050, False, 0
2518,0, 2050, False, 0
2519,0, 2050, False, 0
2520,0, 2050, False, 0
2521,0, 2050, False, 0
2522,0, 2050, False, 0
2523,0, 2050, False, 0
2524,0, 2050, False, 0
2525,0, 2050, False, 0
2526,0, 2050, False, 0
2527,0, 2050, False, 0
2528,0, 2050, False, 0
2529,0, 2050, False, 4
2530,0, 2050, False, 4
2531,0, 2050, False, 4
2532,0, 2050, False, 4
2533,0, 2050, False, 4
2534,0, 2050, False, 4
2535,0, 2050, False, 4
2536,0, 2050, False, 4
2537,0, 2050, False, 4
2538,0, 2050, False, 0
2539,0, 2050, False, 0
2540,0, 2050, False, 0
2541,0, 2050, False, 0
2542,0, 2050, False, 0
2543,0, 2050, False, 0
2544,0, 2050, False, 0
2545,0, 2050, False, 0
2546,0, 2050, False, 0
2547,0, 2050, False, 0
2548,0, 2050, False, 0
2549,0, 2050, False, 0
2550,0, 2050, False, 0
2551,0, 2050, False, 0
2552,0, 2050, False, 0
2553,0, 2050, False, 0
2554,0, 2050, False, 0
2555,0, 2050, False, 0
2556,0, 2050, False, 0
2557,0, 2050, False, 0
2558,0, 2050, False, 0
2559,0, 2050, False, 0
2560,0, 2050, False, 0
2561,0, 2050, False, 0
2562,0, 2050, False, 0
2563,0, 2050, False, 0
2564,0, 2050, False, 0
2565,0, 2050, False, 0
2566,0, 2050, False, 0
2567,0, 2050, False, 0
2568,0, 2050, False, 0
2569,0, 2050, False, 0
2570,0, 2050, False, 0
2571,0, 2050, False, 0
2572,0, 2050, False, 0
2573,0, 2050, False, 0
2574,0, 2050, False, 0
2575,0, 2050, False, 0
2576,0, 2050, False, 0
2577,0, 2050, False, 0
2578,0, 2050, False, 0
2579,0, 2050, False, 0
2580,0, 2050, False, 0
2581,0, 2050, False, 0
2582,0, 2050, False, 0
2583,0, 2050, False, 0
2584,0, 2050, False, 0
2585,0, 2050, False, 0
2586,800, 2850, False, 0
2587,0, 2850, False, 0
2588,0, 2850, False, 0
2589,0, 2850, False, 0
2590,0, 2850, False, 0
2591,0, 2850, False, 0
2592,0, 2850, False, 0
2593,0, 2850, False, 0
2594,0, 2850, False, 0
2595,0, 2850, False, 0
2596,0, 2850, False, 0
2597,0, 2850, False, 0
2598,0, 2850, False, 0
2599,0, 2850, False, 0
2600,0, 2850, False, 0
2601,0, 2850, False, 3
2602,0, 2850, False, 3
2603,0, 2850, False, 3
2604,0, 2850, False, 3
2605,0, 2850, False, 3
2606,0, 2850, False, 3
2607,0, 2850, False, 3
2608,0, 2850, False, 3
2609,0, 2850, False, 3
2610,0, 2850, False, 3
2611,0, 2850, False, 3
2612,0, 2850, False, 0
2613,0, 2850, False, 0
2614,0, 2850, False, 0
2615,0, 2850, False, 0
2616,0, 2850, False, 0
2617,0, 2850, False, 0
2618,0, 2850, False, 0
2619,0, 2850, False, 0
2620,0, 2850, False, 0
2621,0, 2850, False, 0
2622,0, 2850, False, 0
2623,0, 2850, False, 0
2624,0, 2850, False, 0
2625,0, 2850, False, 0
2626,0, 2850, False, 0
2627,0, 2850, False, 0
2628,0, 2850, False, 0
2629,0, 2850, False, 0
2630,0, 2850, False, 2
2631,0, 2850, False, 2
2632,0, 2850, False, 2
2633,0, 2850, False, 2
2634,0, 2850, False, 2
2635,0, 2850, False, 2
2636,0, 2850, False, 2
2637,0, 2850, False, 2
2638,0, 2850, False, 2
2639,0, 2850, False, 2
2640,0, 2850, False, 0
2641,0, 2850, False, 0
2642,0, 2850, False, 0
2643,0, 2850, False, 0
2644,0, 2850, False, 0
2645,0, 2850, False, 0
2646,0, 2850, False, 0
2647,0, 2850, False, 0
2648,0, 2850, False, 0
2649,0, 2850, False, 0
2650,0, 2850, False, 4
2651,0, 2850, False, 4
2652,0, 2850, False, 4
2653,0, 2850, False, 4
2654,0, 2850, False, 4
2655,0, 2850, False, 4
2656,0, 2850, False, 4
2657,0, 2850, False, 4
2658,0, 2850, False, 4
2659,0, 2850, False, 4
2660,0, 2850, False, 4
2661,0, 2850, False, 4
2662,0, 2850, False, 4
2663,0, 2850, False, 4
2664,0, 2850, False, 0
2665,0, 2850, False, 0
2666,0, 2850, False, 0
2667,0, 2850, False, 0
2668,0, 2850, False, 0
2669,0, 2850, False, 0
2670,0, 2850, False, 0
2671,0, 2850, False, 0
2672,0, 2850, False, 0
2673,0, 2850, False, 0
2674,0, 2850, False, 0
2675,0, 2850, False, 2
2676,0, 2850, False, 2
2677,0, 2850, False, 2
2678,0, 2850, False, 2
2679,0, 2850, False, 2
2680,0, 2850, False, 2
2681,0, 2850, False, 2
2682,0, 2850, False, 2
2683,0, 2850, False, 0
2684,0, 2850, False, 0
2685,0, 2850, False, 0
2686,0, 2850, False, 0
2687,0, 2850, False, 0
2688,10, 2860, False, 0
2689,0, 2860, False, 0
2690,0, 2860, False, 0
2691,0, 2860, False, 0
2692,0, 2860, False, 0
2693,0, 2860, False, 0
2694,0, 2860, False, 0
2695,0, 2860, False, 0
2696,0, 2860, False, 0
2697,0, 2860, False, 0
2698,0, 2860, False, 0
2699,0, 2860, False, 0
2700,0, 2860, False, 0
2701,0, 2860, False, 0
2702,10, 2870, False, 0
2703,0, 2870, False, 0
2704,0, 2870, False, 0
2705,0, 2870, False, 0
2706,0, 2870, False, 0
2707,0, 2870, False, 0
2708,0, 2870, False, 0
2709,0, 2870, False, 0
2710,0, 2870, False, 0
2711,0, 2870, False, 0
2712,0, 2870, False, 0
2713,0, 2870, False, 0
2714,0, 2870, False, 0
2715,0, 2870, False, 0
2716,10, 2880, False, 0
2717,0, 2880, False, 0
2718,0, 2880, False, 0
2719,0, 2880, False, 0
2720,0, 2880, False, 0
2721,0, 2880, False, 0
2722,0, 2880, False, 0
2723,0, 2880, False, 0
2724,0, 2880, False, 0
2725,0, 2880, False, 0
2726,0, 2880, False, 0
2727,0, 2880, False, 0
2728,0, 2880, False, 0
2729,0, 2880, False, 0
2730,0, 2880, False, 0
2731,0, 2880, False, 0
2732,0, 2880, False, 0
2733,0, 2880, False, 0
2734,0, 2880, False, 0
2735,0, 2880, False, 0
2736,0, 2880, False, 0
2737,0, 2880, False, 0
2738,0, 2880, False, 0
2739,0, 2880, False, 0
2740,0, 2880, False, 0
2741,0, 2880, False, 0
2742,10, 2890, False, 0
2743,0, 2890, False, 0
2744,0, 2890, False, 0
2745,0, 2890, False, 0
2746,0, 2890, False, 0
2747,0, 2890, False, 0
2748,0, 2890, False, 0
2749,0, 2890, False, 0
2750,0, 2890, False, 0
2751,0, 2890, False, 0
2752,0, 2890, False, 0
2753,0, 2890, False, 0
2754,0, 2890, False, 4
2755,0, 2890, False, 4
2756,0, 2890, False, 4
2757,0, 2890, False, 4
2758,0, 2890, False, 4
2759,0, 2890, False, 4
2760,0, 2890, False, 4
2761,0, 2890, False, 4
2762,0, 2890, False, 4
2763,0, 2890, False, 4
2764,0, 2890, False, 4
2765,0, 2890, False, 0
2766,0, 2890, False, 0
2767,0, 2890, False, 0
2768,0, 2890, False, 0
2769,0, 2890, False, 0
2770,0, 2890, False, 0
2771,0, 2890, False, 0
2772,0, 2890, False, 2
2773,0, 2890, False, 2
2774,0, 2890, False, 2
2775,0, 2890, False, 2
2776,0, 2890, False, 2
2777,0, 2890, False, 2
2778,0, 2890, False, 2
2779,0, 2890, False, 0
2780,0, 2890, False, 0
2781,0, 2890, False, 0
2782,0, 2890, False, 0
2783,0, 2890, False, 0
2784,0, 2890, False, 0
2785,0, 2890, False, 0
2786,0, 2890, False, 0
2787,0, 2890, False, 0
2788,0, 2890, False, 0
2789,0, 2890, False, 0
2790,0, 2890, False, 0
2791,0, 2890, False, 0
2792,0, 2890, False, 0
2793,0, 2890, False, 0
2794,0, 2890, False, 0
2795,0, 2890, False, 0
2796,0, 2890, False, 0
2797,0, 2890, False, 0
2798,10, 2900, False, 0
2799,0, 2900, False, 0
2800,0, 2900, False, 0
2801,0, 2900, False, 0
2802,0, 2900, False, 0
2803,0, 2900, False, 3
2804,0, 2900, False, 3
2805,0, 2900, False, 3
2806,0, 2900, False, 3
2807,0, 2900, False, 3
2808,0, 2900, False, 3
2809,0, 2900, False, 3
2810,0, 2900, False, 3
2811,0, 2900, False, 3
2812,0, 2900, False, 3
2813,0, 2900, False, 3
2814,0, 2900, False, 0
2815,0, 2900, False, 0
2816,0, 2900, False, 0
2817,0, 2900, False, 0
2818,0, 2900, False, 0
2819,0, 2900, False, 0
2820,0, 2900, False, 0
2821,0, 2900, False, 0
2822,0, 2900, False, 0
2823,0, 2900, False, 0
2824,0, 2900, False, 0
2825,0, 2900, False, 0
2826,0, 2900, False, 0
2827,0, 2900, False, 0
2828,0, 2900, False, 0
2829,0, 2900, False, 0
2830,0, 2900, False, 0
2831,0, 2900, False, 0
2832,0, 2900, False, 0
2833,0, 2900, False, 0
2834,0, 2900, False, 0
2835,0, 2900, False, 0
2836,0, 2900, False, 0
2837,0, 2900, False, 2
2838,0, 2900, False, 2
2839,0, 2900, False, 2
2840,0, 2900, False, 2
2841,0, 2900, False, 2
2842,0, 2900, False, 2
2843,0, 2900, False, 2
2844,0, 2900, False, 0
2845,0, 2900, False, 0
2846,0, 2900, False, 0
2847,0, 2900, False, 0
2848,10, 2910, False, 0
2849,0, 2910, False, 0
2850,0, 2910, False, 0
2851,0, 2910, False, 0
2852,0, 2910, False, 0
2853,0, 2910, False, 0
2854,0, 2910, False, 0
2855,0, 2910, False, 0
2856,0, 2910, False, 0
2857,0, 2910, False, 0
2858,0, 2910, False, 0
2859,0, 2910, False, 0
2860,0, 2910, False, 0
2861,0, 2910, False, 0
2862,10, 2920, False, 0
2863,0, 2920, False, 0
2864,0, 2920, False, 0
2865,0, 2920, False, 0
2866,0, 2920, False, 3
2867,0, 2920, False, 3
2868,0, 2920, False, 3
2869,0, 2920, False, 3
2870,0, 2920, False, 3
2871,0, 2920, False, 3
2872,0, 2920, False, 3
2873,0, 2920, False, 3
2874,0, 2920, False, 3
2875,0, 2920, False, 3
2876,10, 2930, False, 3
2877,0, 2930, False, 0
2878,0, 2930, False, 0
2879,0, 2930, False, 0
2880,0, 2930, False, 0
2881,0, 2930, False, 0
2882,0, 2930, False, 0
2883,0, 2930, False, 0
2884,0, 2930, False, 0
2885,0, 2930, False, 0
2886,0, 2930, False, 0
2887,0, 2930, False, 0
2888,10, 2940, False, 0
2889,0, 2940, False, 0
2890,0, 2940, False, 0
2891,0, 2940, False, 0
2892,0, 2940, False, 0
2893,0, 2940, False, 0
2894,0, 2940, False, 0
2895,0, 2940, False, 0
2896,0, 2940, False, 0
2897,0, 2940, False, 0
2898,0, 2940, False, 0
2899,0, 2940, False, 0
2900,0, 2940, False, 0
2901,0, 2940, False, 0
2902,10, 2950, False, 0
2903,0, 2950, False, 0
2904,0, 2950, False, 0
2905,0, 2950, False, 0
2906,0, 2950, False, 0
2907,0, 2950, False, 0
2908,0, 2950, False, 0
2909,0, 2950, False, 0
2910,0, 2950, False, 0
2911,0, 2950, False, 0
2912,0, 2950, False, 0
2913,0, 2950, False, 0
2914,0, 2950, False, 0
2915,0, 2950, False, 0
2916,0, 2950, False, 0
2917,0, 2950, False, 0
2918,0, 2950, False, 0
2919,0, 2950, False, 0
2920,10, 2960, False, 0
2921,0, 2960, False, 0
2922,0, 2960, False, 0
2923,0, 2960, False, 0
2924,0, 2960, False, 0
2925,0, 2960, False, 0
2926,0, 2960, False, 0
2927,0, 2960, False, 0
2928,0, 2960, False, 0
2929,0, 2960, False, 0
2930,0, 2960, False, 0
2931,0, 2960, False, 0
2932,0, 2960, False, 0
2933,0, 2960, False, 0
2934,10, 2970, False, 0
2935,0, 2970, False, 0
2936,0, 2970, False, 0
2937,0, 2970, False, 0
2938,0, 2970, False, 0
2939,0, 2970, False, 0
2940,0, 2970, False, 0
2941,0, 2970, False, 0
2942,0, 2970, False, 0
2943,0, 2970, False, 0
2944,0, 2970, False, 0
2945,0, 2970, False, 0
2946,0, 2970, False, 0
2947,0, 2970, False, 5
2948,10, 2980, False, 5
2949,0, 2980, False, 5
2950,0, 2980, False, 5
2951,0, 2980, False, 0
2952,0, 2980, False, 0
2953,0, 2980, False, 0
2954,0, 2980, False, 0
2955,0, 2980, False, 0
2956,0, 2980, False, 0
2957,0, 2980, False, 0
2958,0, 2980, False, 0
2959,0, 2980, False, 0
2960,10, 2990, False, 0
2961,0, 2990, False, 0
2962,0, 2990, False, 0
2963,0, 2990, False, 0
2964,0, 2990, False, 0
2965,0, 2990, False, 0
2966,0, 2990, False, 0
2967,0, 2990, False, 0
2968,0, 2990, False, 0
2969,0, 2990, False, 0
2970,0, 2990, False, 0
2971,0, 2990, False, 5
2972,0, 2990, False, 5
2973,0, 2990, False, 5
2974,0, 2990, False, 5
2975,0, 2990, False, 5
2976,0, 2990, False, 5
2977,0, 2990, False, 5
2978,10, 3000, False, 5
2979,0, 3000, False, 0
2980,0, 3000, False, 0
2981,0, 3000, False, 0
2982,0, 3000, False, 0
2983,0, 3000, False, 0
2984,0, 3000, False, 0
2985,0, 3000, False, 0
2986,0, 3000, False, 0
2987,0, 3000, False, 0
2988,0, 3000, False, 0
2989,0, 3000, False, 0
2990,0, 3000, False, 0
2991,0, 3000, False, 0
2992,0, 3000, False, 0
2993,0, 3000, False, 0
2994,0, 3000, False, 3
2995,0, 3000, False, 3
2996,0, 3000, False, 3
2997,0, 3000, False, 3
2998,0, 3000, False, 3
2999,0, 3000, False, 3
3000,0, 3000, False, 3
3001,0, 3000, False, 3
3002,0, 3000, False, 3
3003,0, 3000, False, 3
3004,0, 3000, False, 3
3005,0, 3000, False, 3
3006,0, 3000, False, 0
3007,0, 3000, False, 0
3008,0, 3000, False, 0
3009,0, 3000, False, 0
3010,0, 3000, False, 0
3011,0, 3000, False, 0
3012,0, 3000, False, 0
3013,0, 3000, False, 0
3014,0, 3000, False, 0
3015,0, 3000, False, 0
3016,0, 3000, False, 0
3017,0, 3000, False, 0
3018,0, 3000, False, 0
3019,0, 3000, False, 0
3020,0, 3000, False, 0
3021,0, 3000, False, 0
3022,0, 3000, False, 0
3023,0, 3000, False, 0
3024,0, 3000, False, 0
3025,0, 3000, False, 0
3026,0, 3000, False, 0
3027,0, 3000, False, 0
3028,0, 3000, False, 0
3029,0, 3000, False, 0
3030,0, 3000, False, 0
3031,0, 3000, False, 0
3032,0, 3000, False, 0
3033,0, 3000, False, 0
3034,0, 3000, False, 0
3035,0, 3000, False, 0
3036,0, 3000, False, 0
3037,0, 3000, False, 0
3038,0, 3000, False, 0
3039,0, 3000, False, 0
3040,0, 3000, False, 0
3041,0, 3000, False, 0
3042,0, 3000, False, 0
3043,0, 3000, False, 0
3044,0, 3000, False, 0
3045,0, 3000, False, 0
3046,0, 3000, False, 0
3047,0, 3000, False, 0
3048,0, 3000, False, 0
3049,0, 3000, False, 0
3050,0, 3000, False, 0
3051,0, 3000, False, 0
3052,0, 3000, False, 0
3053,0, 3000, False, 5
3054,0, 3000, False, 5
3055,0, 3000, False, 5
3056,0, 3000, False, 5
3057,0, 3000, False, 5
3058,0, 3000, False, 5
3059,0, 3000, False, 5
3060,0, 3000, False, 5
3061,0, 3000, False, 5
3062,0, 3000, False, 5
3063,0, 3000, False, 5
3064,0, 3000, False, 0
3065,0, 3000, False, 0
3066,0, 3000, False, 0
3067,0, 3000, False, 0
3068,0, 3000, False, 0
3069,0, 3000, False, 0
3070,0, 3000, False, 0
3071,0, 3000, False, 0
3072,0, 3000, False, 0
3073,0, 3000, False, 0
3074,0, 3000, False, 0
3075,0, 3000, False, 0
3076,0, 3000, False, 0
3077,0, 3000, False, 0
3078,0, 3000, False, 0
3079,0, 3000, False, 0
3080,0, 3000, False, 0
3081,0, 3000, False, 0
3082,0, 3000, False, 0
3083,0, 3000, False, 0
3084,0, 3000, False, 0
3085,0, 3000, False, 0
3086,0, 3000, False, 0
3087,0, 3000, False, 0
3088,0, 3000, False, 0
3089,0, 3000, False, 0
3090,0, 3000, False, 0
3091,0, 3000, False, 0
3092,0, 3000, False, 0
3093,0, 3000, False, 0
3094,0, 3000, False, 0
3095,0, 3000, False, 0
3096,0, 3000, False, 0
3097,0, 3000, False, 0
3098,0, 3000, False, 0
3099,0, 3000, False, 0
3100,0, 3000, False, 0
3101,0, 3000, False, 0
3102,0, 3000, False, 0
3103,0, 3000, False, 0
3104,0, 3000, False, 0
3105,0, 3000, False, 0
3106,0, 3000, False, 0
3107,0, 3000, False, 0
3108,0, 3000, False, 0
3109,0, 3000, False, 0
3110,0, 3000, False, 0
3111,0, 3000, False, 0
3112,0, 3000, False, 0
3113,0, 3000, False, 0
3114,0, 3000, False, 0
3115,0, 3000, False, 0
3116,0, 3000, False, 0
3117,0, 3000, False, 0
3118,0, 3000, False, 0
3119,0, 3000, False, 0
3120,0, 3000, False, 0
3121,0, 3000, False, 0
3122,0, 3000, False, 0
3123,0, 3000, False, 0
3124,0, 3000, False, 0
3125,0, 3000, False, 0
3126,0, 3000, False, 0
3127,0, 3000, False, 0
3128,0, 3000, False, 0
3129,0, 3000, False, 0
3130,0, 3000, False, 0
3131,0, 3000, False, 0
3132,0, 3000, False, 0
3133,0, 3000, False, 0
3134,0, 3000, False, 0
3135,0, 3000, False, 0
3136,0, 3000, False, 0
3137,0, 3000, False, 0
3138,0, 3000, False, 0
3139,0, 3000, False, 0
3140,0, 3000, False, 0
3141,0, 3000, False, 0
3142,0, 3000, False, 0
3143,0, 3000, False, 0
3144,0, 3000, False, 0
3145,0, 3000, False, 0
3146,0, 3000, False, 0
3147,0, 3000, False, 0
3148,0, 3000, False, 0
3149,0, 3000, False, 0
3150,0, 3000, False, 0
3151,0, 3000, False, 0
3152,0, 3000, False, 0
3153,0, 3000, False, 0
3154,0, 3000, False, 0
3155,0, 3000, False, 0
3156,0, 3000, False, 0
3157,0, 3000, False, 0
3158,0, 3000, False, 0
3159,0, 3000, False, 0
3160,0, 3000, False, 0
3161,0, 3000, False, 0
3162,0, 3000, False, 0
3163,0, 3000, False, 0
3164,0, 3000, False, 0
3165,0, 3000, False, 0
3166,0, 3000, False, 0
3167,0, 3000, False, 0
3168,0, 3000, False, 0
3169,0, 3000, False, 0
3170,0, 3000, False, 0
3171,0, 3000, False, 0
3172,0, 3000, False, 0
3173,0, 3000, False, 0
3174,0, 3000, False, 0
3175,0, 3000, False, 0
3176,0, 3000, False, 0
3177,0, 3000, False, 0
3178,0, 3000, False, 0
3179,0, 3000, False, 0
3180,0, 3000, False, 0
3181,0, 3000, False, 0
3182,0, 3000, False, 0
3183,0, 3000, False, 0
3184,0, 3000, False, 0
3185,0, 3000, False, 0
3186,0, 3000, False, 0
3187,0, 3000, False, 0
3188,0, 3000, False, 0
3189,0, 3000, False, 0
3190,0, 3000, False, 0
3191,0, 3000, False, 0
3192,0, 3000, False, 0
3193,0, 3000, False, 0
3194,0, 3000, False, 0
3195,0, 3000, False, 0
3196,0, 3000, False, 0
3197,0, 3000, False, 0
3198,0, 3000, False, 0
3199,0, 3000, False, 0
3200,0, 3000, False, 0
3201,0, 3000, False, 0
3202,0, 3000, False, 0
3203,0, 3000, False, 0
3204,0, 3000, False, 0
3205,0, 3000, False, 0
3206,0, 3000, False, 0
3207,0, 3000, False, 0
3208,0, 3000, False, 0
3209,0, 3000, False, 0
3210,0, 3000, False, 0
3211,0, 3000, False, 0
3212,0, 3000, False, 0
3213,0, 3000, False, 0
3214,0, 3000, False, 0
3215,0, 3000, False, 0
3216,0, 3000, False, 0
3217,0, 3000, False, 0
3218,0, 3000, False, 0
3219,0, 3000, False, 0
3220,0, 3000, False, 0
3221,0, 3000, False, 0
3222,0, 3000, False, 0
3223,0, 3000, False, 0
3224,0, 3000, False, 0
3225,0, 3000, False, 0
3226,0, 3000, False, 0
3227,0, 3000, False, 0
3228,0, 3000, False, 0
3229,0, 3000, False, 0
3230,0, 3000, False, 0
3231,0, 3000, False, 0
3232,0, 3000, False, 0
3233,0, 3000, False, 0
3234,0, 3000, False, 0
3235,0, 3000, False, 0
3236,0, 3000, False, 0
3237,0, 3000, False, 0
3238,0, 3000, False, 0
3239,0, 3000, False, 0
3240,0, 3000, False, 0
3241,0, 3000, False, 0
3242,0, 3000, False, 0
3243,0, 3000, False, 0
3244,0, 3000, False, 0
3245,0, 3000, False, 0
3246,0, 3000, False, 0
3247,0, 3000, False, 0
3248,0, 3000, False, 0
3249,0, 3000, False, 0
3250,0, 3000, False, 0
3251,0, 3000, False, 0
3252,0, 3000, False, 0
3253,0, 3000, False, 0
3254,0, 3000, False, 0
3255,0, 3000, False, 0
3256,0, 3000, False, 0
3257,0, 3000, False, 0
3258,0, 3000, False, 0
3259,0, 3000, False, 0
3260,0, 3000, False, 0
3261,0, 3000, False, 0
3262,0, 3000, False, 0
3263,0, 3000, False, 0
3264,0, 3000, False, 0
3265,0, 3000, False, 0
3266,0, 3000, False, 0
3267,0, 3000, False, 0
3268,0, 3000, False, 0
3269,0, 3000, False, 0
3270,0, 3000, False, 0
3271,0, 3000, False, 0
3272,0, 3000, False, 0
3273,0, 3000, False, 0
3274,0, 3000, False, 0
3275,0, 3000, False, 0
3276,0, 3000, False, 0
3277,0, 3000, False, 0
3278,0, 3000, False, 0
3279,0, 3000, False, 0
3280,0, 3000, False, 0
3281,0, 3000, False, 0
3282,0, 3000, False, 0
3283,0, 3000, False, 0
3284,0, 3000, False, 0
3285,0, 3000, False, 0
3286,0, 3000, False, 0
3287,0, 3000, False, 0
3288,0, 3000, False, 0
3289,0, 3000, False, 0
3290,0, 3000, False, 0
3291,0, 3000, False, 0
3292,0, 3000, False, 0
3293,0, 3000, False, 0
3294,0, 3000, False, 0
3295,0, 3000, False, 0
3296,0, 3000, False, 0
3297,0, 3000, False, 0
3298,0, 3000, False, 0
3299,0, 3000, False, 0
3300,0, 3000, False, 0
3301,0, 3000, False, 0
3302,0, 3000, False, 0
3303,0, 3000, False, 0
3304,0, 3000, False, 0
3305,0, 3000, False, 0
3306,0, 3000, False, 0
3307,0, 3000, False, 0
3308,0, 3000, False, 0
3309,0, 3000, False, 0
3310,0, 3000, False, 0
3311,0, 3000, False, 0
3312,0, 3000, False, 0
3313,0, 3000, False, 0
3314,0, 3000, False, 0
3315,0, 3000, False, 0
3316,0, 3000, False, 0
3317,0, 3000, False, 0
3318,0, 3000, False, 0
3319,0, 3000, False, 0
3320,0, 3000, False, 0
3321,0, 3000, False, 0
3322,0, 3000, False, 0
3323,0, 3000, False, 0
3324,0, 3000, False, 0
3325,0, 3000, False, 0
3326,0, 3000, False, 0
3327,0, 3000, False, 0
3328,0, 3000, False, 0
3329,0, 3000, False, 0
3330,0, 3000, False, 0
3331,0, 3000, False, 0
3332,0, 3000, False, 0
3333,0, 3000, False, 0
3334,0, 3000, False, 0
3335,0, 3000, False, 0
3336,0, 3000, False, 0
3337,0, 3000, False, 0
3338,0, 3000, False, 0
3339,0, 3000, False, 0
3340,0, 3000, False, 0
3341,0, 3000, False, 0
3342,0, 3000, False, 0
3343,0, 3000, False, 0
3344,0, 3000, False, 0
3345,0, 3000, False, 0
3346,0, 3000, False, 0
3347,0, 3000, False, 0
3348,0, 3000, False, 0
3349,0, 3000, False, 0
3350,0, 3000, False, 0
3351,0, 3000, False, 0
3352,0, 3000, False, 0
3353,0, 3000, False, 0
3354,0, 3000, False, 0
3355,0, 3000, False, 0
3356,0, 3000, False, 0
3357,0, 3000, False, 0
3358,0, 3000, False, 0
3359,0, 3000, False, 0
3360,0, 3000, False, 0
3361,0, 3000, False, 0
3362,0, 3000, False, 0
3363,0, 3000, False, 0
3364,0, 3000, False, 0
3365,0, 3000, False, 0
3366,0, 3000, False, 0
3367,0, 3000, False, 0
3368,0, 3000, False, 0
3369,0, 3000, False, 0
3370,0, 3000, False, 0
3371,0, 3000, False, 0
3372,0, 3000, False, 0
3373,0, 3000, False, 0
3374,0, 3000, False, 0
3375,0, 3000, False, 0
3376,0, 3000, False, 0
3377,0, 3000, False, 0
3378,0, 3000, False, 0
3379,0, 3000, False, 0
3380,0, 3000, False, 0
3381,0, 3000, False, 0
3382,0, 3000, False, 0
3383,0, 3000, False, 0
3384,0, 3000, False, 0
3385,0, 3000, False, 0
3386,0, 3000, False, 0
3387,0, 3000, False, 0
3388,0, 3000, False, 0
3389,0, 3000, False, 0
3390,0, 3000, False, 0
3391,0, 3000, False, 0
3392,0, 3000, False, 0
3393,0, 3000, False, 0
3394,0, 3000, False, 0
3395,0, 3000, False, 0
3396,0, 3000, False, 0
3397,0, 3000, False, 0
3398,0, 3000, False, 0
3399,0, 3000, False, 0
3400,0, 3000, False, 0
3401,0, 3000, False, 0
3402,0, 3000, False, 0
3403,0, 3000, False, 0
3404,0, 3000, False, 0
3405,0, 3000, False, 0
3406,0, 3000, False, 0
3407,0, 3000, False, 0
3408,0, 3000, False, 0
3409,0, 3000, False, 0
3410,0, 3000, False, 0
3411,0, 3000, False, 0
3412,0, 3000, False, 0
3413,0, 3000, False, 0
3414,0, 3000, False, 0
3415,0, 3000, False, 0
3416,0, 3000, False, 0
3417,0, 3000, False, 0
3418,0, 3000, False, 0
3419,0, 3000, False, 0
3420,0, 3000, False, 0
3421,0, 3000, False, 0
3422,0, 3000, False, 0
3423,0, 3000, False, 0
3424,0, 3000, False, 0
3425,0, 3000, False, 0
3426,0, 3000, False, 0
3427,0, 3000, False, 0
3428,0, 3000, False, 0
3429,0, 3000, False, 0
3430,0, 3000, False, 0
3431,0, 3000, False, 0
3432,0, 3000, False, 0
3433,0, 3000, False, 0
3434,0, 3000, False, 0
3435,0, 3000, False, 0
3436,0, 3000, False, 0
3437,0, 3000, False, 0
3438,0, 3000, False, 0
3439,0, 3000, False, 0
3440,0, 3000, False, 0
3441,0, 3000, False, 0
3442,0, 3000, False, 0
3443,0, 3000, False, 0
3444,0, 3000, False, 0
3445,0, 3000, False, 0
3446,0, 3000, False, 0
3447,0, 3000, False, 0
3448,0, 3000, False, 0
3449,0, 3000, False, 0
3450,0, 3000, False, 0
3451,0, 3000, False, 0
3452,0, 3000, False, 0
3453,0, 3000, False, 0
3454,0, 3000, False, 0
3455,0, 3000, False, 0
3456,0, 3000, False, 5
3457,0, 3000, False, 5
3458,0, 3000, False, 5
3459,0, 3000, False, 5
3460,0, 3000, False, 5
3461,0, 3000, False, 5
3462,0, 3000, False, 5
3463,0, 3000, False, 0
3464,0, 3000, False, 0
3465,0, 3000, False, 0
3466,0, 3000, False, 0
3467,0, 3000, False, 0
3468,0, 3000, False, 0
3469,0, 3000, False, 0
3470,0, 3000, False, 0
3471,0, 3000, False, 0
3472,0, 3000, False, 0
3473,0, 3000, False, 0
3474,0, 3000, False, 0
3475,0, 3000, False, 0
3476,0, 3000, False, 0
3477,0, 3000, False, 0
3478,0, 3000, False, 0
3479,0, 3000, False, 0
3480,0, 3000, False, 0
3481,0, 3000, False, 0
3482,0, 3000, False, 0
3483,0, 3000, False, 0
3484,0, 3000, False, 0
3485,0, 3000, False, 0
3486,0, 3000, False, 0
3487,0, 3000, False, 0
3488,0, 3000, False, 0
3489,0, 3000, False, 0
3490,0, 3000, False, 0
3491,0, 3000, False, 0
3492,0, 3000, False, 0
3493,0, 3000, False, 0
3494,0, 3000, False, 0
3495,0, 3000, False, 0
3496,0, 3000, False, 0
3497,0, 3000, False, 0
3498,0, 3000, False, 0
3499,0, 3000, False, 0
3500,0, 3000, False, 0
3501,0, 3000, False, 0
3502,0, 3000, False, 0
3503,0, 3000, False, 0
3504,0, 3000, False, 0
3505,0, 3000, False, 0
3506,0, 3000, False, 0
3507,0, 3000, False, 0
3508,0, 3000, False, 0
3509,0, 3000, False, 0
3510,0, 3000, False, 3
3511,0, 3000, False, 3
3512,0, 3000, False, 3
3513,0, 3000, False, 3
3514,0, 3000, False, 3
3515,0, 3000, False, 3
3516,0, 3000, False, 3
3517,0, 3000, False, 3
3518,0, 3000, False, 3
3519,0, 3000, False, 3
3520,0, 3000, False, 0
3521,0, 3000, False, 0
3522,0, 3000, False, 0
3523,0, 3000, False, 0
3524,0, 3000, False, 0
3525,0, 3000, False, 0
3526,0, 3000, False, 0
3527,0, 3000, False, 0
3528,0, 3000, False, 0
3529,0, 3000, False, 0
3530,0, 3000, False, 0
3531,0, 3000, False, 0
3532,0, 3000, False, 0
3533,0, 3000, False, 0
3534,0, 3000, False, 0
3535,0, 3000, False, 0
3536,0, 3000, False, 0
3537,0, 3000, False, 0
3538,0, 3000, False, 0
3539,0, 3000, False, 0
3540,0, 3000, False, 0
3541,0, 3000, False, 0
3542,0, 3000, False, 0
3543,0, 3000, False, 0
3544,0, 3000, False, 0
3545,0, 3000, False, 0
3546,0, 3000, False, 0
3547,0, 3000, False, 0
3548,0, 3000, False, 0
3549,0, 3000, False, 0
3550,0, 3000, False, 0
3551,0, 3000, False, 0
3552,0, 3000, False, 0
3553,0, 3000, False, 0
3554,0, 3000, False, 0
3555,0, 3000, False, 0
3556,0, 3000, False, 2
3557,0, 3000, False, 2
3558,0, 3000, False, 2
3559,0, 3000, False, 2
3560,0, 3000, False, 2
3561,0, 3000, False, 2
3562,0, 3000, False, 0
3563,0, 3000, False, 0
3564,0, 3000, False, 0
3565,0, 3000, False, 0
3566,0, 3000, False, 0
3567,0, 3000, False, 0
3568,0, 3000, False, 0
3569,0, 3000, False, 0
3570,0, 3000, False, 0
3571,0, 3000, False, 0
3572,10, 3010, False, 0
3573,0, 3010, False, 0
3574,0, 3010, False, 0
3575,0, 3010, False, 0
3576,0, 3010, False, 0
3577,0, 3010, False, 0
3578,0, 3010, False, 0
3579,0, 3010, False, 0
3580,0, 3010, False, 0
3581,0, 3010, False, 0
3582,0, 3010, False, 0
3583,0, 3010, False, 0
3584,0, 3010, False, 0
3585,0, 3010, False, 0
3586,10, 3020, False, 0
3587,0, 3020, False, 0
3588,0, 3020, False, 0
3589,0, 3020, False, 0
3590,0, 3020, False, 0
3591,0, 3020, False, 0
3592,0, 3020, False, 0
3593,0, 3020, False, 0
3594,0, 3020, False, 0
3595,0, 3020, False, 0
3596,0, 3020, False, 0
3597,0, 3020, False, 0
3598,0, 3020, False, 0
3599,0, 3020, False, 0
3600,10, 3030, False, 0
3601,0, 3030, False, 0
3602,0, 3030, False, 0
3603,0, 3030, False, 0
3604,0, 3030, False, 0
3605,0, 3030, False, 0
3606,0, 3030, False, 0
3607,0, 3030, False, 0
3608,0, 3030, False, 0
3609,0, 3030, False, 0
3610,0, 3030, False, 0
3611,0, 3030, False, 0
3612,0, 3030, False, 0
3613,0, 3030, False, 0
3614,10, 3040, False, 0
3615,0, 3040, False, 0
3616,0, 3040, False, 0
3617,0, 3040, False, 0
3618,0, 3040, False, 4
3619,0, 3040, False, 4
3620,0, 3040, False, 4
3621,0, 3040, False, 4
3622,0, 3040, False, 4
3623,0, 3040, False, 4
3624,0, 3040, False, 4
3625,0, 3040, False, 4
3626,0, 3040, False, 4
3627,0, 3040, False, 4
3628,0, 3040, False, 4
3629,0, 3040, False, 4
3630,0, 3040, False, 0
3631,0, 3040, False, 0
3632,0, 3040, False, 0
3633,0, 3040, False, 0
3634,0, 3040, False, 0
3635,0, 3040, False, 0
3636,0, 3040, False, 0
3637,0, 3040, False, 0
3638,0, 3040, False, 0
3639,0, 3040, False, 0
3640,0, 3040, False, 0
3641,0, 3040, False, 0
3642,0, 3040, False, 0
3643,0, 3040, False, 0
3644,0, 3040, False, 0
3645,0, 3040, False, 0
3646,0, 3040, False, 0
3647,0, 3040, False, 0
3648,0, 3040, False, 0
3649,0, 3040, False, 0
3650,0, 3040, False, 0
3651,0, 3040, False, 5
3652,0, 3040, False, 5
3653,0, 3040, False, 5
3654,0, 3040, False, 5
3655,0, 3040, False, 5
3656,0, 3040, False, 5
3657,0, 3040, False, 5
3658,0, 3040, False, 0
3659,0, 3040, False, 0
3660,0, 3040, False, 0
3661,0, 3040, False, 0
3662,0, 3040, False, 0
3663,0, 3040, False, 0
3664,0, 3040, False, 0
3665,0, 3040, False, 0
3666,0, 3040, False, 0
3667,0, 3040, False, 0
3668,0, 3040, False, 0
3669,0, 3040, False, 0
3670,0, 3040, False, 0
3671,0, 3040, False, 0
3672,0, 3040, False, 0
3673,0, 3040, False, 0
3674,0, 3040, False, 0
3675,0, 3040, False, 0
3676,0, 3040, False, 0
3677,0, 3040, False, 0
3678,0, 3040, False, 0
3679,0, 3040, False, 0
3680,0, 3040, False, 0
3681,0, 3040, False, 0
3682,0, 3040, False, 0
3683,0, 3040, False, 0
3684,0, 3040, False, 0
3685,0, 3040, False, 0
3686,0, 3040, False, 0
3687,0, 3040, False, 0
3688,0, 3040, False, 0
3689,0, 3040, False, 0
3690,0, 3040, False, 0
3691,0, 3040, False, 0
3692,0, 3040, False, 0
3693,0, 3040, False, 0
3694,0, 3040, False, 0
3695,0, 3040, False, 0
3696,0, 3040, False, 0
3697,0, 3040, False, 0
3698,0, 3040, False, 5
3699,0, 3040, False, 5
3700,0, 3040, False, 5
3701,0, 3040, False, 5
3702,0, 3040, False, 5
3703,0, 3040, False, 5
3704,0, 3040, False, 5
3705,0, 3040, False, 5
3706,0, 3040, False, 0
3707,0, 3040, False, 0
3708,0, 3040, False, 0
3709,0, 3040, False, 0
3710,0, 3040, False, 0
3711,0, 3040, False, 0
3712,0, 3040, False, 0
3713,0, 3040, False, 0
3714,0, 3040, False, 0
3715,0, 3040, False, 0
3716,0, 3040, False, 0
3717,0, 3040, False, 0
3718,0, 3040, False, 0
3719,0, 3040, False, 0
3720,0, 3040, False, 4
3721,0, 3040, False, 4
3722,0, 3040, False, 4
3723,0, 3040, False, 4
3724,0, 3040, False, 0
3725,0, 3040, False, 0
3726,0, 3040, False, 0
3727,0, 3040, False, 0
3728,0, 3040, False, 0
3729,0, 3040, False, 0
3730,0, 3040, False, 0
3731,0, 3040, False, 0
3732,0, 3040, False, 0
3733,0, 3040, False, 0
3734,0, 3040, False, 0
3735,0, 3040, False, 0
3736,0, 3040, False, 0
3737,0, 3040, False, 0
3738,0, 3040, False, 0
3739,0, 3040, False, 0
3740,0, 3040, False, 0
3741,0, 3040, False, 0
3742,0, 3040, False, 0
3743,0, 3040, False, 0
3744,0, 3040, False, 0
3745,0, 3040, False, 0
3746,0, 3040, False, 0
3747,0, 3040, False, 0
3748,0, 3040, False, 0
3749,0, 3040, False, 0
3750,0, 3040, False, 0
3751,0, 3040, False, 0
3752,0, 3040, False, 0
3753,0, 3040, False, 0
3754,0, 3040, False, 0
3755,0, 3040, False, 0
3756,0, 3040, False, 0
3757,0, 3040, False, 0
3758,0, 3040, False, 0
3759,0, 3040, False, 0
3760,0, 3040, False, 0
3761,0, 3040, False, 0
3762,0, 3040, False, 4
3763,0, 3040, False, 4
3764,0, 3040, False, 4
3765,0, 3040, False, 4
3766,0, 3040, False, 4
3767,0, 3040, False, 4
3768,0, 3040, False, 4
3769,0, 3040, False, 4
3770,0, 3040, False, 4
3771,0, 3040, False, 4
3772,0, 3040, False, 4
3773,0, 3040, False, 4
3774,0, 3040, False, 4
3775,0, 3040, False, 0
3776,0, 3040, False, 0
3777,0, 3040, False, 0
3778,0, 3040, False, 0
3779,0, 3040, False, 0
3780,0, 3040, False, 0
3781,0, 3040, False, 5
3782,0, 3040, False, 5
3783,0, 3040, False, 5
3784,0, 3040, False, 5
3785,0, 3040, False, 5
3786,0, 3040, False, 5
3787,0, 3040, False, 5
3788,0, 3040, False, 5
3789,0, 3040, False, 5
3790,0, 3040, False, 5
3791,0, 3040, False, 0
3792,0, 3040, False, 0
3793,0, 3040, False, 0
3794,0, 3040, False, 0
3795,0, 3040, False, 0
3796,0, 3040, False, 0
3797,0, 3040, False, 0
3798,0, 3040, False, 0
3799,0, 3040, False, 0
3800,0, 3040, False, 0
3801,0, 3040, False, 0
3802,0, 3040, False, 0
3803,0, 3040, False, 0
3804,0, 3040, False, 0
3805,0, 3040, False, 0
3806,0, 3040, False, 0
3807,0, 3040, False, 0
3808,0, 3040, False, 3
3809,0, 3040, False, 3
3810,0, 3040, False, 3
3811,0, 3040, False, 3
3812,0, 3040, False, 3
3813,0, 3040, False, 3
3814,0, 3040, False, 3
3815,0, 3040, False, 3
3816,0, 3040, False, 3
3817,0, 3040, False, 3
3818,0, 3040, False, 3
3819,0, 3040, False, 3
3820,0, 3040, False, 3
3821,0, 3040, False, 0
3822,0, 3040, False, 0
3823,0, 3040, False, 0
3824,0, 3040, False, 0
3825,0, 3040, False, 0
3826,0, 3040, False, 0
3827,0, 3040, False, 0
3828,0, 3040, False, 0
3829,0, 3040, False, 0
3830,0, 3040, False, 0
3831,0, 3040, False, 0
3832,0, 3040, False, 0
3833,0, 3040, False, 0
3834,0, 3040, False, 0
3835,0, 3040, False, 0
3836,0, 3040, False, 0
3837,0, 3040, False, 0
3838,0, 3040, False, 0
3839,0, 3040, False, 0
3840,0, 3040, False, 0
3841,0, 3040, False, 0
3842,0, 3040, False, 0
3843,0, 3040, False, 2
3844,0, 3040, False, 2
3845,0, 3040, False, 2
3846,0, 3040, False, 2
3847,0, 3040, False, 2
3848,0, 3040, False, 2
3849,0, 3040, False, 2
3850,0, 3040, False, 2
3851,0, 3040, False, 2
3852,0, 3040, False, 0
3853,0, 3040, False, 0
3854,0, 3040, False, 0
3855,0, 3040, False, 0
3856,0, 3040, False, 0
3857,0, 3040, False, 0
3858,0, 3040, False, 0
3859,0, 3040, False, 0
3860,0, 3040, False, 0
3861,0, 3040, False, 0
3862,0, 3040, False, 0
3863,0, 3040, False, 0
3864,0, 3040, False, 0
3865,0, 3040, False, 0
3866,0, 3040, False, 0
3867,0, 3040, False, 0
3868,0, 3040, False, 0
3869,0, 3040, False, 0
3870,0, 3040, False, 0
3871,0, 3040, False, 0
3872,0, 3040, False, 0
3873,0, 3040, False, 0
3874,0, 3040, False, 0
3875,0, 3040, False, 0
3876,0, 3040, False, 0
3877,0, 3040, False, 0
3878,0, 3040, False, 0
3879,0, 3040, False, 0
3880,0, 3040, False, 0
3881,0, 3040, False, 0
3882,0, 3040, False, 0
3883,0, 3040, False, 0
3884,0, 3040, False, 0
3885,0, 3040, False, 0
3886,0, 3040, False, 0
3887,0, 3040, False, 0
3888,0, 3040, False, 0
3889,0, 3040, False, 0
3890,0, 3040, False, 0
3891,0, 3040, False, 0
3892,0, 3040, False, 0
3893,0, 3040, False, 0
3894,0, 3040, False, 0
3895,0, 3040, False, 4
3896,0, 3040, False, 4
3897,0, 3040, False, 4
3898,0, 3040, False, 4
3899,0, 3040, False, 4
3900,0, 3040, False, 4
3901,0, 3040, False, 4
3902,0, 3040, False, 0
3903,0, 3040, False, 0
3904,0, 3040, False, 0
3905,0, 3040, False, 0
3906,0, 3040, False, 0
3907,0, 3040, False, 0
3908,0, 3040, False, 0
3909,0, 3040, False, 0
3910,0, 3040, False, 0
3911,0, 3040, False, 0
3912,0, 3040, False, 0
3913,0, 3040, False, 0
3914,0, 3040, False, 0
3915,0, 3040, False, 4
3916,0, 3040, False, 4
3917,0, 3040, False, 4
3918,0, 3040, False, 4
3919,0, 3040, False, 4
3920,0, 3040, False, 4
3921,0, 3040, False, 0
3922,0, 3040, False, 0
3923,0, 3040, False, 0
3924,0, 3040, False, 0
3925,0, 3040, False, 0
3926,0, 3040, False, 0
3927,0, 3040, False, 0
3928,0, 3040, False, 0
3929,0, 3040, False, 0
3930,0, 3040, False, 0
3931,0, 3040, False, 0
3932,0, 3040, False, 0
3933,0, 3040, False, 0
3934,0, 3040, False, 0
3935,0, 3040, False, 0
3936,0, 3040, False, 0
3937,0, 3040, False, 0
3938,0, 3040, False, 0
3939,0, 3040, False, 0
3940,0, 3040, False, 0
3941,0, 3040, False, 0
3942,0, 3040, False, 0
3943,0, 3040, False, 0
3944,0, 3040, False, 0
3945,0, 3040, False, 0
3946,0, 3040, False, 0
3947,0, 3040, False, 0
3948,0, 3040, False, 0
3949,0, 3040, False, 0
3950,0, 3040, False, 0
3951,0, 3040, False, 0
3952,0, 3040, False, 0
3953,0, 3040, False, 0
3954,0, 3040, False, 0
3955,0, 3040, False, 0
3956,0, 3040, False, 0
3957,0, 3040, False, 0
3958,0, 3040, False, 0
3959,0, 3040, False, 0
3960,0, 3040, False, 0
3961,0, 3040, False, 0
3962,0, 3040, False, 0
3963,0, 3040, False, 0
3964,0, 3040, False, 0
3965,0, 3040, False, 0
3966,0, 3040, False, 0
3967,0, 3040, False, 0
3968,0, 3040, False, 0
3969,0, 3040, False, 0
3970,0, 3040, False, 0
3971,0, 3040, False, 0
3972,0, 3040, False, 0
3973,0, 3040, False, 0
3974,0, 3040, False, 0
3975,0, 3040, False, 0
3976,0, 3040, False, 0
3977,0, 3040, False, 0
3978,0, 3040, False, 0
3979,0, 3040, False, 0
3980,0, 3040, False, 0
3981,0, 3040, False, 0
3982,0, 3040, False, 0
3983,0, 3040, False, 0
3984,0, 3040, False, 0
3985,0, 3040, False, 0
3986,0, 3040, False, 0
3987,0, 3040, False, 0
3988,0, 3040, True, 0
