db traj id : 2513
frame,reward,score,terminal, action
0,0, 0, False, 0
1,0, 0, False, 0
2,0, 0, False, 0
3,0, 0, False, 1
4,0, 0, False, 1
5,0, 0, False, 1
6,0, 0, False, 1
7,0, 0, False, 1
8,0, 0, False, 0
9,0, 0, False, 0
10,0, 0, False, 0
11,0, 0, False, 0
12,0, 0, False, 0
13,0, 0, False, 0
14,0, 0, False, 0
15,0, 0, False, 0
16,0, 0, False, 0
17,0, 0, False, 0
18,0, 0, False, 0
19,0, 0, False, 0
20,0, 0, False, 0
21,0, 0, False, 0
22,0, 0, False, 0
23,0, 0, False, 0
24,0, 0, False, 0
25,0, 0, False, 0
26,0, 0, False, 0
27,0, 0, False, 0
28,0, 0, False, 0
29,0, 0, False, 0
30,0, 0, False, 0
31,0, 0, False, 0
32,0, 0, False, 0
33,0, 0, False, 0
34,0, 0, False, 0
35,0, 0, False, 0
36,0, 0, False, 0
37,0, 0, False, 0
38,0, 0, False, 0
39,0, 0, False, 0
40,0, 0, False, 0
41,0, 0, False, 0
42,0, 0, False, 0
43,0, 0, False, 0
44,0, 0, False, 0
45,0, 0, False, 0
46,0, 0, False, 0
47,0, 0, False, 0
48,0, 0, False, 0
49,0, 0, False, 0
50,0, 0, False, 0
51,0, 0, False, 0
52,0, 0, False, 0
53,0, 0, False, 0
54,0, 0, False, 0
55,0, 0, False, 0
56,0, 0, False, 0
57,0, 0, False, 0
58,0, 0, False, 0
59,0, 0, False, 0
60,0, 0, False, 4
61,0, 0, False, 4
62,0, 0, False, 4
63,0, 0, False, 4
64,0, 0, False, 4
65,0, 0, False, 4
66,0, 0, False, 4
67,0, 0, False, 4
68,0, 0, False, 4
69,0, 0, False, 4
70,0, 0, False, 0
71,0, 0, False, 0
72,0, 0, False, 0
73,0, 0, False, 0
74,0, 0, False, 0
75,0, 0, False, 0
76,0, 0, False, 0
77,0, 0, False, 0
78,0, 0, False, 0
79,0, 0, False, 0
80,0, 0, False, 0
81,0, 0, False, 0
82,0, 0, False, 0
83,0, 0, False, 0
84,0, 0, False, 0
85,0, 0, False, 0
86,0, 0, False, 0
87,0, 0, False, 0
88,0, 0, False, 0
89,0, 0, False, 0
90,0, 0, False, 0
91,0, 0, False, 0
92,0, 0, False, 0
93,0, 0, False, 0
94,0, 0, False, 0
95,0, 0, False, 0
96,0, 0, False, 0
97,0, 0, False, 0
98,0, 0, False, 0
99,0, 0, False, 0
100,0, 0, False, 0
101,0, 0, False, 0
102,0, 0, False, 0
103,0, 0, False, 0
104,0, 0, False, 0
105,0, 0, False, 0
106,0, 0, False, 0
107,0, 0, False, 0
108,0, 0, False, 0
109,0, 0, False, 0
110,0, 0, False, 0
111,0, 0, False, 0
112,0, 0, False, 0
113,0, 0, False, 0
114,0, 0, False, 0
115,0, 0, False, 0
116,0, 0, False, 4
117,0, 0, False, 4
118,0, 0, False, 4
119,0, 0, False, 4
120,0, 0, False, 4
121,0, 0, False, 4
122,0, 0, False, 4
123,0, 0, False, 4
124,0, 0, False, 4
125,0, 0, False, 4
126,0, 0, False, 4
127,0, 0, False, 4
128,0, 0, False, 0
129,0, 0, False, 0
130,0, 0, False, 0
131,0, 0, False, 0
132,0, 0, False, 0
133,0, 0, False, 0
134,0, 0, False, 0
135,0, 0, False, 0
136,0, 0, False, 0
137,0, 0, False, 0
138,0, 0, False, 0
139,0, 0, False, 0
140,0, 0, False, 0
141,0, 0, False, 0
142,0, 0, False, 0
143,0, 0, False, 0
144,0, 0, False, 0
145,0, 0, False, 0
146,0, 0, False, 0
147,0, 0, False, 0
148,0, 0, False, 0
149,0, 0, False, 0
150,0, 0, False, 0
151,0, 0, False, 0
152,0, 0, False, 0
153,0, 0, False, 0
154,0, 0, False, 0
155,0, 0, False, 0
156,0, 0, False, 0
157,0, 0, False, 0
158,0, 0, False, 0
159,0, 0, False, 0
160,0, 0, False, 0
161,0, 0, False, 0
162,0, 0, False, 0
163,0, 0, False, 0
164,0, 0, False, 0
165,0, 0, False, 0
166,0, 0, False, 0
167,0, 0, False, 0
168,0, 0, False, 0
169,0, 0, False, 0
170,0, 0, False, 0
171,0, 0, False, 0
172,0, 0, False, 0
173,0, 0, False, 0
174,0, 0, False, 0
175,0, 0, False, 0
176,0, 0, False, 0
177,0, 0, False, 0
178,0, 0, False, 0
179,0, 0, False, 0
180,0, 0, False, 0
181,0, 0, False, 0
182,0, 0, False, 0
183,0, 0, False, 0
184,0, 0, False, 0
185,0, 0, False, 0
186,0, 0, False, 0
187,0, 0, False, 0
188,0, 0, False, 0
189,0, 0, False, 0
190,0, 0, False, 0
191,0, 0, False, 0
192,0, 0, False, 0
193,0, 0, False, 0
194,0, 0, False, 0
195,0, 0, False, 0
196,0, 0, False, 0
197,0, 0, False, 0
198,0, 0, False, 0
199,0, 0, False, 0
200,0, 0, False, 0
201,0, 0, False, 0
202,0, 0, False, 0
203,0, 0, False, 0
204,0, 0, False, 0
205,0, 0, False, 0
206,0, 0, False, 0
207,0, 0, False, 0
208,0, 0, False, 0
209,0, 0, False, 0
210,0, 0, False, 0
211,0, 0, False, 0
212,0, 0, False, 0
213,0, 0, False, 0
214,0, 0, False, 0
215,0, 0, False, 0
216,0, 0, False, 0
217,0, 0, False, 0
218,0, 0, False, 0
219,0, 0, False, 0
220,0, 0, False, 0
221,0, 0, False, 0
222,0, 0, False, 0
223,0, 0, False, 0
224,0, 0, False, 0
225,0, 0, False, 0
226,0, 0, False, 0
227,0, 0, False, 0
228,0, 0, False, 0
229,0, 0, False, 0
230,0, 0, False, 0
231,0, 0, False, 0
232,0, 0, False, 0
233,0, 0, False, 0
234,0, 0, False, 0
235,0, 0, False, 0
236,0, 0, False, 0
237,0, 0, False, 0
238,0, 0, False, 0
239,0, 0, False, 0
240,0, 0, False, 0
241,0, 0, False, 0
242,0, 0, False, 0
243,0, 0, False, 0
244,0, 0, False, 0
245,0, 0, False, 0
246,0, 0, False, 0
247,0, 0, False, 0
248,0, 0, False, 0
249,0, 0, False, 0
250,0, 0, False, 0
251,0, 0, False, 0
252,0, 0, False, 0
253,0, 0, False, 0
254,0, 0, False, 0
255,0, 0, False, 0
256,0, 0, False, 0
257,0, 0, False, 0
258,0, 0, False, 0
259,0, 0, False, 0
260,0, 0, False, 0
261,0, 0, False, 0
262,0, 0, False, 0
263,0, 0, False, 0
264,0, 0, False, 0
265,0, 0, False, 0
266,0, 0, False, 0
267,0, 0, False, 0
268,0, 0, False, 0
269,0, 0, False, 0
270,0, 0, False, 0
271,10, 10, False, 0
272,0, 10, False, 0
273,0, 10, False, 0
274,0, 10, False, 0
275,0, 10, False, 0
276,0, 10, False, 0
277,0, 10, False, 0
278,0, 10, False, 0
279,0, 10, False, 0
280,0, 10, False, 0
281,0, 10, False, 0
282,0, 10, False, 0
283,0, 10, False, 0
284,0, 10, False, 0
285,10, 20, False, 0
286,0, 20, False, 0
287,0, 20, False, 0
288,0, 20, False, 0
289,0, 20, False, 0
290,0, 20, False, 0
291,0, 20, False, 0
292,0, 20, False, 0
293,0, 20, False, 0
294,0, 20, False, 0
295,0, 20, False, 0
296,0, 20, False, 0
297,0, 20, False, 0
298,0, 20, False, 0
299,10, 30, False, 0
300,0, 30, False, 0
301,0, 30, False, 0
302,0, 30, False, 0
303,0, 30, False, 0
304,0, 30, False, 0
305,0, 30, False, 0
306,0, 30, False, 0
307,0, 30, False, 0
308,0, 30, False, 0
309,0, 30, False, 0
310,0, 30, False, 0
311,10, 40, False, 0
312,0, 40, False, 0
313,0, 40, False, 0
314,0, 40, False, 0
315,0, 40, False, 0
316,0, 40, False, 0
317,0, 40, False, 0
318,0, 40, False, 0
319,0, 40, False, 0
320,0, 40, False, 0
321,0, 40, False, 0
322,0, 40, False, 0
323,0, 40, False, 0
324,0, 40, False, 0
325,10, 50, False, 0
326,0, 50, False, 0
327,0, 50, False, 0
328,0, 50, False, 0
329,0, 50, False, 0
330,0, 50, False, 0
331,0, 50, False, 0
332,0, 50, False, 0
333,0, 50, False, 0
334,0, 50, False, 0
335,0, 50, False, 0
336,0, 50, False, 0
337,0, 50, False, 0
338,0, 50, False, 0
339,10, 60, False, 0
340,0, 60, False, 0
341,0, 60, False, 0
342,0, 60, False, 0
343,0, 60, False, 0
344,0, 60, False, 0
345,0, 60, False, 0
346,0, 60, False, 0
347,0, 60, False, 0
348,0, 60, False, 0
349,0, 60, False, 0
350,0, 60, False, 0
351,0, 60, False, 0
352,0, 60, False, 0
353,0, 60, False, 0
354,0, 60, False, 0
355,0, 60, False, 0
356,0, 60, False, 0
357,0, 60, False, 0
358,0, 60, False, 0
359,0, 60, False, 0
360,0, 60, False, 0
361,0, 60, False, 0
362,0, 60, False, 0
363,0, 60, False, 0
364,0, 60, False, 0
365,0, 60, False, 0
366,0, 60, False, 0
367,0, 60, False, 0
368,0, 60, False, 0
369,0, 60, False, 0
370,0, 60, False, 0
371,0, 60, False, 0
372,0, 60, False, 0
373,0, 60, False, 0
374,0, 60, False, 0
375,0, 60, False, 0
376,0, 60, False, 0
377,0, 60, False, 0
378,0, 60, False, 0
379,0, 60, False, 0
380,0, 60, False, 0
381,0, 60, False, 0
382,0, 60, False, 0
383,0, 60, False, 0
384,0, 60, False, 0
385,0, 60, False, 0
386,0, 60, False, 0
387,0, 60, False, 0
388,0, 60, False, 0
389,0, 60, False, 0
390,0, 60, False, 0
391,0, 60, False, 0
392,0, 60, False, 0
393,0, 60, False, 0
394,0, 60, False, 0
395,0, 60, False, 0
396,0, 60, False, 0
397,0, 60, False, 0
398,0, 60, False, 0
399,0, 60, False, 0
400,0, 60, False, 0
401,0, 60, False, 0
402,0, 60, False, 0
403,0, 60, False, 0
404,0, 60, False, 0
405,0, 60, False, 0
406,0, 60, False, 0
407,0, 60, False, 0
408,0, 60, False, 0
409,0, 60, False, 0
410,0, 60, False, 0
411,0, 60, False, 0
412,0, 60, False, 0
413,0, 60, False, 0
414,0, 60, False, 0
415,0, 60, False, 0
416,0, 60, False, 0
417,0, 60, False, 0
418,0, 60, False, 0
419,0, 60, False, 0
420,0, 60, False, 0
421,0, 60, False, 0
422,0, 60, False, 0
423,0, 60, False, 0
424,0, 60, False, 0
425,0, 60, False, 0
426,0, 60, False, 0
427,0, 60, False, 0
428,0, 60, False, 0
429,0, 60, False, 0
430,0, 60, False, 0
431,0, 60, False, 0
432,0, 60, False, 0
433,0, 60, False, 0
434,0, 60, False, 0
435,0, 60, False, 0
436,0, 60, False, 0
437,0, 60, False, 0
438,0, 60, False, 0
439,0, 60, False, 0
440,0, 60, False, 0
441,0, 60, False, 0
442,0, 60, False, 0
443,0, 60, False, 0
444,0, 60, False, 0
445,0, 60, False, 0
446,0, 60, False, 0
447,0, 60, False, 0
448,0, 60, False, 0
449,0, 60, False, 0
450,0, 60, False, 0
451,0, 60, False, 0
452,0, 60, False, 0
453,0, 60, False, 0
454,0, 60, False, 0
455,0, 60, False, 0
456,0, 60, False, 0
457,0, 60, False, 0
458,0, 60, False, 0
459,0, 60, False, 0
460,0, 60, False, 0
461,0, 60, False, 0
462,0, 60, False, 0
463,0, 60, False, 0
464,0, 60, False, 0
465,0, 60, False, 0
466,0, 60, False, 0
467,0, 60, False, 0
468,0, 60, False, 0
469,0, 60, False, 0
470,0, 60, False, 0
471,0, 60, False, 0
472,0, 60, False, 0
473,0, 60, False, 0
474,0, 60, False, 0
475,0, 60, False, 0
476,0, 60, False, 0
477,0, 60, False, 0
478,0, 60, False, 0
479,0, 60, False, 0
480,0, 60, False, 0
481,0, 60, False, 0
482,0, 60, False, 0
483,0, 60, False, 0
484,0, 60, False, 0
485,0, 60, False, 0
486,0, 60, False, 0
487,0, 60, False, 0
488,0, 60, False, 0
489,0, 60, False, 0
490,0, 60, False, 0
491,0, 60, False, 0
492,0, 60, False, 0
493,0, 60, False, 0
494,0, 60, False, 0
495,0, 60, False, 0
496,0, 60, False, 0
497,0, 60, False, 0
498,0, 60, False, 0
499,0, 60, False, 0
500,0, 60, False, 0
501,0, 60, False, 0
502,0, 60, False, 0
503,0, 60, False, 4
504,0, 60, False, 4
505,0, 60, False, 4
506,0, 60, False, 4
507,0, 60, False, 4
508,0, 60, False, 4
509,0, 60, False, 4
510,0, 60, False, 4
511,0, 60, False, 4
512,0, 60, False, 4
513,0, 60, False, 0
514,0, 60, False, 0
515,0, 60, False, 0
516,0, 60, False, 0
517,0, 60, False, 0
518,0, 60, False, 0
519,0, 60, False, 0
520,0, 60, False, 0
521,0, 60, False, 0
522,0, 60, False, 0
523,0, 60, False, 0
524,0, 60, False, 0
525,0, 60, False, 0
526,0, 60, False, 0
527,0, 60, False, 0
528,0, 60, False, 0
529,0, 60, False, 0
530,0, 60, False, 0
531,0, 60, False, 0
532,0, 60, False, 0
533,0, 60, False, 0
534,0, 60, False, 0
535,0, 60, False, 0
536,0, 60, False, 0
537,0, 60, False, 0
538,0, 60, False, 0
539,0, 60, False, 0
540,0, 60, False, 0
541,0, 60, False, 0
542,0, 60, False, 0
543,0, 60, False, 4
544,0, 60, False, 4
545,0, 60, False, 4
546,0, 60, False, 4
547,0, 60, False, 4
548,0, 60, False, 4
549,0, 60, False, 4
550,0, 60, False, 4
551,0, 60, False, 4
552,0, 60, False, 4
553,0, 60, False, 0
554,0, 60, False, 0
555,0, 60, False, 0
556,0, 60, False, 0
557,0, 60, False, 0
558,0, 60, False, 0
559,0, 60, False, 0
560,0, 60, False, 0
561,0, 60, False, 0
562,0, 60, False, 0
563,0, 60, False, 0
564,0, 60, False, 0
565,0, 60, False, 0
566,0, 60, False, 0
567,0, 60, False, 0
568,0, 60, False, 0
569,0, 60, False, 0
570,0, 60, False, 0
571,0, 60, False, 0
572,0, 60, False, 0
573,0, 60, False, 0
574,0, 60, False, 0
575,0, 60, False, 0
576,0, 60, False, 0
577,0, 60, False, 0
578,0, 60, False, 0
579,0, 60, False, 0
580,0, 60, False, 4
581,0, 60, False, 4
582,0, 60, False, 4
583,0, 60, False, 4
584,0, 60, False, 4
585,0, 60, False, 4
586,0, 60, False, 4
587,0, 60, False, 4
588,0, 60, False, 4
589,0, 60, False, 4
590,0, 60, False, 4
591,0, 60, False, 0
592,0, 60, False, 0
593,0, 60, False, 0
594,0, 60, False, 0
595,0, 60, False, 0
596,0, 60, False, 0
597,0, 60, False, 0
598,0, 60, False, 0
599,0, 60, False, 0
600,0, 60, False, 0
601,0, 60, False, 0
602,0, 60, False, 0
603,0, 60, False, 0
604,0, 60, False, 0
605,0, 60, False, 0
606,0, 60, False, 0
607,0, 60, False, 0
608,0, 60, False, 0
609,0, 60, False, 0
610,0, 60, False, 0
611,0, 60, False, 0
612,0, 60, False, 0
613,0, 60, False, 0
614,0, 60, False, 0
615,0, 60, False, 0
616,0, 60, False, 0
617,0, 60, False, 0
618,0, 60, False, 0
619,0, 60, False, 0
620,0, 60, False, 0
621,0, 60, False, 0
622,0, 60, False, 0
623,0, 60, False, 0
624,0, 60, False, 0
625,0, 60, False, 0
626,0, 60, False, 0
627,0, 60, False, 0
628,0, 60, False, 0
629,0, 60, False, 0
630,0, 60, False, 0
631,0, 60, False, 0
632,0, 60, False, 0
633,0, 60, False, 0
634,0, 60, False, 0
635,0, 60, False, 0
636,0, 60, False, 0
637,0, 60, False, 0
638,0, 60, False, 0
639,0, 60, False, 5
640,0, 60, False, 5
641,0, 60, False, 5
642,0, 60, False, 5
643,0, 60, False, 5
644,0, 60, False, 5
645,0, 60, False, 5
646,0, 60, False, 5
647,10, 70, False, 5
648,0, 70, False, 5
649,0, 70, False, 5
650,0, 70, False, 0
651,0, 70, False, 0
652,0, 70, False, 0
653,0, 70, False, 0
654,0, 70, False, 0
655,0, 70, False, 0
656,0, 70, False, 0
657,0, 70, False, 0
658,0, 70, False, 0
659,0, 70, False, 0
660,0, 70, False, 0
661,10, 80, False, 0
662,0, 80, False, 0
663,0, 80, False, 0
664,0, 80, False, 0
665,0, 80, False, 0
666,0, 80, False, 0
667,0, 80, False, 0
668,0, 80, False, 0
669,0, 80, False, 0
670,0, 80, False, 0
671,0, 80, False, 0
672,0, 80, False, 0
673,0, 80, False, 0
674,0, 80, False, 0
675,10, 90, False, 0
676,0, 90, False, 0
677,0, 90, False, 0
678,0, 90, False, 0
679,0, 90, False, 0
680,0, 90, False, 0
681,0, 90, False, 0
682,0, 90, False, 0
683,0, 90, False, 0
684,0, 90, False, 0
685,0, 90, False, 0
686,0, 90, False, 0
687,0, 90, False, 0
688,0, 90, False, 0
689,10, 100, False, 0
690,0, 100, False, 0
691,0, 100, False, 0
692,0, 100, False, 0
693,0, 100, False, 0
694,0, 100, False, 0
695,0, 100, False, 0
696,0, 100, False, 0
697,0, 100, False, 0
698,0, 100, False, 0
699,0, 100, False, 0
700,0, 100, False, 0
701,0, 100, False, 0
702,0, 100, False, 0
703,10, 110, False, 3
704,0, 110, False, 3
705,0, 110, False, 3
706,0, 110, False, 3
707,0, 110, False, 3
708,0, 110, False, 3
709,0, 110, False, 3
710,0, 110, False, 3
711,0, 110, False, 3
712,0, 110, False, 3
713,0, 110, False, 3
714,0, 110, False, 3
715,0, 110, False, 3
716,0, 110, False, 3
717,10, 120, False, 3
718,0, 120, False, 3
719,0, 120, False, 0
720,0, 120, False, 0
721,0, 120, False, 0
722,0, 120, False, 0
723,0, 120, False, 0
724,0, 120, False, 0
725,0, 120, False, 0
726,0, 120, False, 0
727,0, 120, False, 0
728,0, 120, False, 0
729,0, 120, False, 0
730,0, 120, False, 0
731,10, 130, False, 0
732,0, 130, False, 0
733,0, 130, False, 0
734,0, 130, False, 0
735,0, 130, False, 0
736,0, 130, False, 0
737,0, 130, False, 0
738,0, 130, False, 0
739,0, 130, False, 0
740,0, 130, False, 0
741,0, 130, False, 0
742,0, 130, False, 0
743,10, 140, False, 0
744,0, 140, False, 0
745,0, 140, False, 0
746,0, 140, False, 0
747,0, 140, False, 0
748,0, 140, False, 0
749,0, 140, False, 0
750,0, 140, False, 0
751,0, 140, False, 0
752,0, 140, False, 0
753,0, 140, False, 0
754,0, 140, False, 0
755,0, 140, False, 0
756,0, 140, False, 0
757,10, 150, False, 0
758,0, 150, False, 0
759,0, 150, False, 0
760,0, 150, False, 0
761,0, 150, False, 0
762,0, 150, False, 0
763,0, 150, False, 0
764,0, 150, False, 0
765,0, 150, False, 0
766,0, 150, False, 0
767,0, 150, False, 0
768,0, 150, False, 0
769,0, 150, False, 0
770,0, 150, False, 0
771,10, 160, False, 0
772,0, 160, False, 0
773,0, 160, False, 0
774,0, 160, False, 0
775,0, 160, False, 0
776,0, 160, False, 0
777,0, 160, False, 0
778,0, 160, False, 0
779,0, 160, False, 0
780,0, 160, False, 0
781,0, 160, False, 0
782,0, 160, False, 0
783,0, 160, False, 0
784,0, 160, False, 0
785,0, 160, False, 0
786,0, 160, False, 0
787,0, 160, False, 0
788,0, 160, False, 0
789,10, 170, False, 0
790,0, 170, False, 0
791,0, 170, False, 0
792,0, 170, False, 0
793,0, 170, False, 0
794,0, 170, False, 0
795,0, 170, False, 0
796,0, 170, False, 0
797,0, 170, False, 0
798,0, 170, False, 0
799,0, 170, False, 0
800,0, 170, False, 0
801,0, 170, False, 0
802,0, 170, False, 0
803,10, 180, False, 0
804,0, 180, False, 0
805,0, 180, False, 0
806,0, 180, False, 0
807,0, 180, False, 0
808,0, 180, False, 0
809,0, 180, False, 0
810,0, 180, False, 0
811,0, 180, False, 0
812,0, 180, False, 0
813,0, 180, False, 0
814,0, 180, False, 0
815,10, 190, False, 0
816,0, 190, False, 0
817,0, 190, False, 0
818,0, 190, False, 0
819,0, 190, False, 0
820,0, 190, False, 0
821,0, 190, False, 0
822,0, 190, False, 0
823,0, 190, False, 0
824,0, 190, False, 0
825,0, 190, False, 0
826,0, 190, False, 0
827,0, 190, False, 0
828,0, 190, False, 0
829,10, 200, False, 0
830,0, 200, False, 0
831,0, 200, False, 0
832,0, 200, False, 0
833,0, 200, False, 0
834,0, 200, False, 0
835,0, 200, False, 0
836,0, 200, False, 0
837,0, 200, False, 0
838,0, 200, False, 0
839,0, 200, False, 0
840,0, 200, False, 0
841,0, 200, False, 0
842,0, 200, False, 4
843,0, 200, False, 4
844,0, 200, False, 4
845,0, 200, False, 4
846,0, 200, False, 4
847,0, 200, False, 4
848,0, 200, False, 4
849,0, 200, False, 4
850,0, 200, False, 4
851,0, 200, False, 4
852,0, 200, False, 4
853,0, 200, False, 4
854,0, 200, False, 4
855,0, 200, False, 4
856,0, 200, False, 4
857,0, 200, False, 4
858,0, 200, False, 4
859,0, 200, False, 4
860,0, 200, False, 4
861,0, 200, False, 4
862,0, 200, False, 4
863,0, 200, False, 4
864,0, 200, False, 4
865,0, 200, False, 4
866,0, 200, False, 4
867,0, 200, False, 4
868,0, 200, False, 0
869,0, 200, False, 0
870,0, 200, False, 0
871,0, 200, False, 0
872,0, 200, False, 0
873,0, 200, False, 0
874,0, 200, False, 0
875,0, 200, False, 0
876,0, 200, False, 0
877,0, 200, False, 0
878,0, 200, False, 0
879,0, 200, False, 0
880,0, 200, False, 0
881,0, 200, False, 0
882,0, 200, False, 0
883,0, 200, False, 0
884,0, 200, False, 0
885,0, 200, False, 0
886,0, 200, False, 0
887,0, 200, False, 0
888,0, 200, False, 0
889,0, 200, False, 0
890,0, 200, False, 0
891,0, 200, False, 0
892,0, 200, False, 0
893,0, 200, False, 2
894,0, 200, False, 2
895,0, 200, False, 2
896,0, 200, False, 2
897,0, 200, False, 2
898,0, 200, False, 2
899,0, 200, False, 2
900,0, 200, False, 2
901,0, 200, False, 2
902,0, 200, False, 2
903,0, 200, False, 2
904,0, 200, False, 2
905,0, 200, False, 2
906,0, 200, False, 2
907,0, 200, False, 2
908,0, 200, False, 2
909,0, 200, False, 2
910,0, 200, False, 2
911,0, 200, False, 2
912,0, 200, False, 2
913,0, 200, False, 2
914,0, 200, False, 2
915,0, 200, False, 2
916,0, 200, False, 2
917,0, 200, False, 0
918,0, 200, False, 0
919,10, 210, False, 0
920,0, 210, False, 0
921,0, 210, False, 0
922,0, 210, False, 0
923,0, 210, False, 0
924,0, 210, False, 0
925,0, 210, False, 0
926,0, 210, False, 0
927,0, 210, False, 0
928,0, 210, False, 0
929,0, 210, False, 0
930,0, 210, False, 0
931,0, 210, False, 0
932,0, 210, False, 0
933,10, 220, False, 5
934,0, 220, False, 5
935,0, 220, False, 5
936,0, 220, False, 5
937,0, 220, False, 5
938,0, 220, False, 5
939,0, 220, False, 5
940,0, 220, False, 5
941,0, 220, False, 5
942,0, 220, False, 5
943,0, 220, False, 5
944,0, 220, False, 5
945,0, 220, False, 5
946,0, 220, False, 5
947,0, 220, False, 5
948,0, 220, False, 5
949,0, 220, False, 5
950,0, 220, False, 5
951,0, 220, False, 0
952,0, 220, False, 0
953,0, 220, False, 0
954,0, 220, False, 0
955,0, 220, False, 0
956,0, 220, False, 4
957,0, 220, False, 4
958,0, 220, False, 4
959,0, 220, False, 4
960,0, 220, False, 4
961,0, 220, False, 4
962,0, 220, False, 4
963,0, 220, False, 4
964,0, 220, False, 4
965,0, 220, False, 4
966,0, 220, False, 4
967,0, 220, False, 4
968,0, 220, False, 4
969,0, 220, False, 4
970,0, 220, False, 4
971,0, 220, False, 4
972,0, 220, False, 4
973,0, 220, False, 4
974,0, 220, False, 4
975,0, 220, False, 4
976,0, 220, False, 0
977,0, 220, False, 0
978,0, 220, False, 0
979,0, 220, False, 0
980,0, 220, False, 0
981,0, 220, False, 0
982,0, 220, False, 0
983,0, 220, False, 0
984,0, 220, False, 0
985,0, 220, False, 0
986,0, 220, False, 0
987,0, 220, False, 0
988,0, 220, False, 0
989,0, 220, False, 0
990,0, 220, False, 0
991,0, 220, False, 0
992,0, 220, False, 0
993,0, 220, False, 0
994,0, 220, False, 0
995,0, 220, False, 0
996,0, 220, False, 0
997,0, 220, False, 0
998,0, 220, False, 0
999,0, 220, False, 0
1000,0, 220, False, 0
1001,0, 220, False, 0
1002,0, 220, False, 0
1003,0, 220, False, 0
1004,0, 220, False, 0
1005,0, 220, False, 0
1006,0, 220, False, 0
1007,0, 220, False, 0
1008,0, 220, False, 0
1009,0, 220, False, 0
1010,0, 220, False, 0
1011,10, 230, False, 0
1012,0, 230, False, 0
1013,0, 230, False, 0
1014,0, 230, False, 0
1015,0, 230, False, 0
1016,0, 230, False, 0
1017,0, 230, False, 0
1018,0, 230, False, 0
1019,0, 230, False, 0
1020,0, 230, False, 0
1021,0, 230, False, 0
1022,0, 230, False, 0
1023,0, 230, False, 0
1024,0, 230, False, 0
1025,10, 240, False, 0
1026,0, 240, False, 0
1027,0, 240, False, 0
1028,0, 240, False, 0
1029,0, 240, False, 0
1030,0, 240, False, 0
1031,0, 240, False, 0
1032,0, 240, False, 0
1033,0, 240, False, 0
1034,0, 240, False, 0
1035,0, 240, False, 0
1036,0, 240, False, 0
1037,0, 240, False, 0
1038,0, 240, False, 2
1039,10, 250, False, 2
1040,0, 250, False, 2
1041,0, 250, False, 2
1042,0, 250, False, 2
1043,0, 250, False, 2
1044,0, 250, False, 2
1045,0, 250, False, 2
1046,0, 250, False, 2
1047,0, 250, False, 2
1048,0, 250, False, 2
1049,0, 250, False, 2
1050,0, 250, False, 2
1051,50, 300, False, 2
1052,0, 300, False, 2
1053,0, 300, False, 2
1054,0, 300, False, 0
1055,0, 300, False, 0
1056,0, 300, False, 0
1057,0, 300, False, 0
1058,0, 300, False, 0
1059,0, 300, False, 0
1060,0, 300, False, 0
1061,0, 300, False, 0
1062,0, 300, False, 0
1063,0, 300, False, 0
1064,0, 300, False, 0
1065,10, 310, False, 0
1066,0, 310, False, 0
1067,0, 310, False, 0
1068,0, 310, False, 0
1069,0, 310, False, 0
1070,0, 310, False, 0
1071,0, 310, False, 0
1072,0, 310, False, 0
1073,0, 310, False, 0
1074,0, 310, False, 0
1075,0, 310, False, 0
1076,0, 310, False, 0
1077,0, 310, False, 0
1078,0, 310, False, 0
1079,10, 320, False, 0
1080,0, 320, False, 0
1081,0, 320, False, 0
1082,0, 320, False, 0
1083,0, 320, False, 0
1084,0, 320, False, 0
1085,0, 320, False, 0
1086,0, 320, False, 3
1087,0, 320, False, 3
1088,0, 320, False, 3
1089,0, 320, False, 3
1090,0, 320, False, 3
1091,0, 320, False, 3
1092,0, 320, False, 3
1093,0, 320, False, 3
1094,0, 320, False, 3
1095,10, 330, False, 3
1096,0, 330, False, 3
1097,0, 330, False, 3
1098,0, 330, False, 0
1099,0, 330, False, 0
1100,0, 330, False, 0
1101,0, 330, False, 0
1102,0, 330, False, 0
1103,0, 330, False, 0
1104,0, 330, False, 0
1105,0, 330, False, 0
1106,0, 330, False, 0
1107,10, 340, False, 0
1108,0, 340, False, 0
1109,200, 540, False, 0
1110,0, 540, False, 0
1111,0, 540, False, 0
1112,0, 540, False, 0
1113,0, 540, False, 0
1114,0, 540, False, 0
1115,0, 540, False, 0
1116,0, 540, False, 0
1117,0, 540, False, 0
1118,0, 540, False, 0
1119,0, 540, False, 0
1120,0, 540, False, 0
1121,0, 540, False, 0
1122,0, 540, False, 0
1123,0, 540, False, 0
1124,0, 540, False, 0
1125,0, 540, False, 2
1126,0, 540, False, 2
1127,0, 540, False, 2
1128,0, 540, False, 2
1129,0, 540, False, 2
1130,0, 540, False, 2
1131,0, 540, False, 2
1132,0, 540, False, 2
1133,0, 540, False, 2
1134,0, 540, False, 2
1135,0, 540, False, 2
1136,0, 540, False, 2
1137,0, 540, False, 2
1138,0, 540, False, 2
1139,0, 540, False, 2
1140,0, 540, False, 2
1141,0, 540, False, 2
1142,0, 540, False, 2
1143,0, 540, False, 2
1144,0, 540, False, 2
1145,0, 540, False, 2
1146,0, 540, False, 2
1147,0, 540, False, 2
1148,0, 540, False, 2
1149,0, 540, False, 2
1150,0, 540, False, 2
1151,0, 540, False, 2
1152,0, 540, False, 2
1153,0, 540, False, 2
1154,0, 540, False, 2
1155,0, 540, False, 2
1156,0, 540, False, 2
1157,0, 540, False, 0
1158,0, 540, False, 0
1159,0, 540, False, 0
1160,0, 540, False, 0
1161,0, 540, False, 0
1162,0, 540, False, 0
1163,0, 540, False, 0
1164,0, 540, False, 0
1165,0, 540, False, 0
1166,0, 540, False, 0
1167,0, 540, False, 0
1168,0, 540, False, 0
1169,0, 540, False, 0
1170,0, 540, False, 0
1171,0, 540, False, 3
1172,0, 540, False, 3
1173,0, 540, False, 3
1174,0, 540, False, 3
1175,0, 540, False, 3
1176,0, 540, False, 3
1177,0, 540, False, 3
1178,0, 540, False, 3
1179,0, 540, False, 3
1180,0, 540, False, 3
1181,0, 540, False, 3
1182,0, 540, False, 0
1183,0, 540, False, 0
1184,0, 540, False, 0
1185,0, 540, False, 0
1186,0, 540, False, 0
1187,0, 540, False, 0
1188,0, 540, False, 0
1189,0, 540, False, 0
1190,0, 540, False, 5
1191,0, 540, False, 5
1192,0, 540, False, 5
1193,0, 540, False, 5
1194,0, 540, False, 5
1195,0, 540, False, 5
1196,0, 540, False, 5
1197,0, 540, False, 5
1198,0, 540, False, 5
1199,0, 540, False, 5
1200,0, 540, False, 5
1201,10, 550, False, 5
1202,0, 550, False, 5
1203,0, 550, False, 5
1204,0, 550, False, 5
1205,0, 550, False, 5
1206,0, 550, False, 5
1207,0, 550, False, 5
1208,0, 550, False, 5
1209,0, 550, False, 5
1210,0, 550, False, 5
1211,0, 550, False, 0
1212,0, 550, False, 0
1213,0, 550, False, 0
1214,0, 550, False, 0
1215,10, 560, False, 0
1216,0, 560, False, 0
1217,0, 560, False, 0
1218,0, 560, False, 0
1219,0, 560, False, 0
1220,0, 560, False, 0
1221,0, 560, False, 0
1222,0, 560, False, 0
1223,0, 560, False, 0
1224,0, 560, False, 0
1225,0, 560, False, 3
1226,0, 560, False, 3
1227,0, 560, False, 3
1228,0, 560, False, 3
1229,10, 570, False, 3
1230,0, 570, False, 3
1231,0, 570, False, 3
1232,0, 570, False, 3
1233,0, 570, False, 3
1234,0, 570, False, 3
1235,0, 570, False, 3
1236,0, 570, False, 3
1237,0, 570, False, 3
1238,0, 570, False, 3
1239,0, 570, False, 3
1240,0, 570, False, 3
1241,0, 570, False, 3
1242,0, 570, False, 3
1243,10, 580, False, 3
1244,0, 580, False, 0
1245,0, 580, False, 0
1246,0, 580, False, 0
1247,0, 580, False, 0
1248,0, 580, False, 0
1249,0, 580, False, 0
1250,0, 580, False, 0
1251,0, 580, False, 0
1252,0, 580, False, 2
1253,0, 580, False, 2
1254,0, 580, False, 2
1255,0, 580, False, 2
1256,0, 580, False, 2
1257,0, 580, False, 2
1258,0, 580, False, 2
1259,0, 580, False, 2
1260,0, 580, False, 2
1261,0, 580, False, 2
1262,0, 580, False, 2
1263,0, 580, False, 2
1264,0, 580, False, 2
1265,0, 580, False, 2
1266,0, 580, False, 2
1267,0, 580, False, 2
1268,0, 580, False, 2
1269,0, 580, False, 2
1270,0, 580, False, 2
1271,10, 590, False, 2
1272,0, 590, False, 2
1273,0, 590, False, 2
1274,0, 590, False, 2
1275,0, 590, False, 2
1276,0, 590, False, 2
1277,0, 590, False, 2
1278,0, 590, False, 0
1279,0, 590, False, 0
1280,0, 590, False, 0
1281,0, 590, False, 0
1282,0, 590, False, 0
1283,0, 590, False, 0
1284,0, 590, False, 0
1285,10, 600, False, 0
1286,0, 600, False, 0
1287,0, 600, False, 0
1288,0, 600, False, 0
1289,0, 600, False, 0
1290,0, 600, False, 0
1291,0, 600, False, 0
1292,0, 600, False, 0
1293,0, 600, False, 0
1294,0, 600, False, 5
1295,0, 600, False, 5
1296,0, 600, False, 5
1297,0, 600, False, 5
1298,0, 600, False, 5
1299,0, 600, False, 5
1300,0, 600, False, 5
1301,0, 600, False, 5
1302,0, 600, False, 5
1303,0, 600, False, 5
1304,0, 600, False, 5
1305,0, 600, False, 5
1306,0, 600, False, 0
1307,0, 600, False, 0
1308,0, 600, False, 0
1309,0, 600, False, 0
1310,0, 600, False, 3
1311,0, 600, False, 3
1312,0, 600, False, 3
1313,0, 600, False, 3
1314,0, 600, False, 3
1315,0, 600, False, 3
1316,0, 600, False, 3
1317,0, 600, False, 3
1318,0, 600, False, 3
1319,10, 610, False, 3
1320,0, 610, False, 3
1321,0, 610, False, 3
1322,0, 610, False, 3
1323,0, 610, False, 3
1324,0, 610, False, 3
1325,0, 610, False, 3
1326,0, 610, False, 3
1327,0, 610, False, 3
1328,0, 610, False, 3
1329,0, 610, False, 3
1330,0, 610, False, 3
1331,0, 610, False, 3
1332,0, 610, False, 3
1333,0, 610, False, 0
1334,0, 610, False, 0
1335,0, 610, False, 0
1336,0, 610, False, 0
1337,0, 610, False, 0
1338,0, 610, False, 0
1339,10, 620, False, 0
1340,0, 620, False, 0
1341,0, 620, False, 0
1342,0, 620, False, 0
1343,0, 620, False, 0
1344,0, 620, False, 0
1345,0, 620, False, 0
1346,0, 620, False, 0
1347,0, 620, False, 0
1348,0, 620, False, 0
1349,0, 620, False, 0
1350,0, 620, False, 0
1351,10, 630, False, 0
1352,0, 630, False, 0
1353,0, 630, False, 0
1354,0, 630, False, 0
1355,0, 630, False, 0
1356,0, 630, False, 0
1357,0, 630, False, 0
1358,0, 630, False, 5
1359,0, 630, False, 5
1360,0, 630, False, 5
1361,0, 630, False, 5
1362,0, 630, False, 5
1363,0, 630, False, 5
1364,0, 630, False, 5
1365,0, 630, False, 5
1366,0, 630, False, 5
1367,10, 640, False, 5
1368,0, 640, False, 5
1369,0, 640, False, 5
1370,0, 640, False, 5
1371,0, 640, False, 0
1372,0, 640, False, 0
1373,0, 640, False, 0
1374,0, 640, False, 0
1375,0, 640, False, 0
1376,0, 640, False, 0
1377,0, 640, False, 0
1378,0, 640, False, 0
1379,0, 640, False, 0
1380,0, 640, False, 0
1381,10, 650, False, 0
1382,0, 650, False, 3
1383,0, 650, False, 3
1384,0, 650, False, 3
1385,0, 650, False, 3
1386,0, 650, False, 3
1387,0, 650, False, 3
1388,0, 650, False, 3
1389,0, 650, False, 3
1390,0, 650, False, 3
1391,0, 650, False, 3
1392,0, 650, False, 3
1393,0, 650, False, 3
1394,0, 650, False, 3
1395,0, 650, False, 3
1396,0, 650, False, 3
1397,0, 650, False, 3
1398,0, 650, False, 3
1399,0, 650, False, 3
1400,0, 650, False, 3
1401,0, 650, False, 3
1402,0, 650, False, 3
1403,0, 650, False, 3
1404,0, 650, False, 3
1405,0, 650, False, 3
1406,0, 650, False, 3
1407,0, 650, False, 3
1408,0, 650, False, 3
1409,0, 650, False, 3
1410,0, 650, False, 3
1411,0, 650, False, 3
1412,0, 650, False, 3
1413,0, 650, False, 3
1414,0, 650, False, 3
1415,0, 650, False, 3
1416,0, 650, False, 3
1417,0, 650, False, 3
1418,0, 650, False, 3
1419,0, 650, False, 3
1420,0, 650, False, 3
1421,0, 650, False, 3
1422,0, 650, False, 0
1423,0, 650, False, 0
1424,0, 650, False, 0
1425,0, 650, False, 0
1426,0, 650, False, 0
1427,10, 660, False, 0
1428,0, 660, False, 0
1429,0, 660, False, 0
1430,0, 660, False, 0
1431,0, 660, False, 0
1432,0, 660, False, 0
1433,0, 660, False, 0
1434,0, 660, False, 0
1435,0, 660, False, 0
1436,0, 660, False, 0
1437,0, 660, False, 0
1438,0, 660, False, 0
1439,0, 660, False, 0
1440,0, 660, False, 0
1441,10, 670, False, 0
1442,0, 670, False, 2
1443,0, 670, False, 2
1444,0, 670, False, 2
1445,0, 670, False, 2
1446,0, 670, False, 2
1447,0, 670, False, 2
1448,0, 670, False, 2
1449,0, 670, False, 2
1450,0, 670, False, 2
1451,0, 670, False, 2
1452,0, 670, False, 2
1453,0, 670, False, 2
1454,0, 670, False, 2
1455,0, 670, False, 2
1456,0, 670, False, 2
1457,0, 670, False, 2
1458,0, 670, False, 2
1459,10, 680, False, 2
1460,0, 680, False, 2
1461,0, 680, False, 2
1462,0, 680, False, 2
1463,0, 680, False, 2
1464,0, 680, False, 0
1465,0, 680, False, 0
1466,0, 680, False, 0
1467,0, 680, False, 0
1468,0, 680, False, 0
1469,0, 680, False, 0
1470,0, 680, False, 0
1471,0, 680, False, 0
1472,0, 680, False, 0
1473,10, 690, False, 0
1474,0, 690, False, 0
1475,0, 690, False, 0
1476,0, 690, False, 0
1477,0, 690, False, 0
1478,0, 690, False, 0
1479,0, 690, False, 0
1480,0, 690, False, 0
1481,0, 690, False, 0
1482,0, 690, False, 0
1483,0, 690, False, 0
1484,0, 690, False, 0
1485,0, 690, False, 0
1486,0, 690, False, 0
1487,10, 700, False, 0
1488,0, 700, False, 0
1489,0, 700, False, 0
1490,0, 700, False, 0
1491,0, 700, False, 0
1492,0, 700, False, 0
1493,0, 700, False, 0
1494,0, 700, False, 0
1495,0, 700, False, 0
1496,0, 700, False, 0
1497,0, 700, False, 0
1498,0, 700, False, 0
1499,0, 700, False, 0
1500,0, 700, False, 0
1501,10, 710, False, 0
1502,0, 710, False, 0
1503,0, 710, False, 0
1504,0, 710, False, 0
1505,0, 710, False, 0
1506,0, 710, False, 0
1507,0, 710, False, 0
1508,0, 710, False, 0
1509,0, 710, False, 0
1510,0, 710, False, 0
1511,0, 710, False, 0
1512,0, 710, False, 0
1513,0, 710, False, 0
1514,0, 710, False, 0
1515,10, 720, False, 0
1516,0, 720, False, 0
1517,0, 720, False, 0
1518,0, 720, False, 0
1519,0, 720, False, 0
1520,0, 720, False, 5
1521,0, 720, False, 5
1522,0, 720, False, 5
1523,0, 720, False, 5
1524,0, 720, False, 5
1525,0, 720, False, 5
1526,0, 720, False, 5
1527,0, 720, False, 5
1528,0, 720, False, 5
1529,0, 720, False, 5
1530,0, 720, False, 0
1531,0, 720, False, 0
1532,0, 720, False, 0
1533,0, 720, False, 0
1534,0, 720, False, 0
1535,0, 720, False, 0
1536,0, 720, False, 0
1537,0, 720, False, 0
1538,0, 720, False, 3
1539,0, 720, False, 3
1540,0, 720, False, 3
1541,0, 720, False, 3
1542,0, 720, False, 3
1543,0, 720, False, 3
1544,0, 720, False, 3
1545,0, 720, False, 3
1546,0, 720, False, 3
1547,0, 720, False, 3
1548,0, 720, False, 3
1549,0, 720, False, 3
1550,0, 720, False, 3
1551,10, 730, False, 3
1552,0, 730, False, 3
1553,0, 730, False, 3
1554,0, 730, False, 3
1555,0, 730, False, 3
1556,0, 730, False, 3
1557,0, 730, False, 3
1558,0, 730, False, 3
1559,0, 730, False, 3
1560,0, 730, False, 3
1561,0, 730, False, 3
1562,0, 730, False, 3
1563,0, 730, False, 3
1564,0, 730, False, 3
1565,10, 740, False, 3
1566,0, 740, False, 3
1567,0, 740, False, 3
1568,0, 740, False, 0
1569,0, 740, False, 0
1570,0, 740, False, 0
1571,0, 740, False, 0
1572,0, 740, False, 0
1573,0, 740, False, 0
1574,0, 740, False, 0
1575,0, 740, False, 0
1576,0, 740, False, 0
1577,0, 740, False, 0
1578,0, 740, False, 0
1579,10, 750, False, 0
1580,0, 750, False, 0
1581,0, 750, False, 0
1582,0, 750, False, 0
1583,0, 750, False, 0
1584,0, 750, False, 0
1585,0, 750, False, 0
1586,0, 750, False, 0
1587,0, 750, False, 0
1588,0, 750, False, 5
1589,0, 750, False, 5
1590,0, 750, False, 5
1591,0, 750, False, 5
1592,0, 750, False, 5
1593,0, 750, False, 5
1594,0, 750, False, 5
1595,10, 760, False, 5
1596,0, 760, False, 5
1597,0, 760, False, 5
1598,0, 760, False, 5
1599,0, 760, False, 5
1600,0, 760, False, 5
1601,0, 760, False, 5
1602,0, 760, False, 5
1603,0, 760, False, 0
1604,0, 760, False, 0
1605,0, 760, False, 0
1606,0, 760, False, 0
1607,0, 760, False, 0
1608,0, 760, False, 0
1609,0, 760, False, 0
1610,0, 760, False, 0
1611,0, 760, False, 0
1612,0, 760, False, 0
1613,50, 810, False, 0
1614,0, 810, False, 0
1615,0, 810, False, 0
1616,0, 810, False, 0
1617,0, 810, False, 0
1618,0, 810, False, 0
1619,0, 810, False, 4
1620,0, 810, False, 4
1621,10, 820, False, 4
1622,0, 820, False, 4
1623,0, 820, False, 4
1624,0, 820, False, 4
1625,0, 820, False, 4
1626,0, 820, False, 4
1627,0, 820, False, 4
1628,0, 820, False, 4
1629,0, 820, False, 4
1630,0, 820, False, 4
1631,0, 820, False, 4
1632,0, 820, False, 4
1633,0, 820, False, 4
1634,0, 820, False, 4
1635,0, 820, False, 4
1636,0, 820, False, 4
1637,10, 830, False, 4
1638,0, 830, False, 4
1639,0, 830, False, 4
1640,0, 830, False, 4
1641,0, 830, False, 4
1642,0, 830, False, 4
1643,0, 830, False, 4
1644,0, 830, False, 4
1645,0, 830, False, 4
1646,0, 830, False, 4
1647,0, 830, False, 4
1648,0, 830, False, 4
1649,0, 830, False, 4
1650,0, 830, False, 4
1651,10, 840, False, 4
1652,0, 840, False, 4
1653,0, 840, False, 4
1654,0, 840, False, 4
1655,0, 840, False, 4
1656,0, 840, False, 0
1657,0, 840, False, 0
1658,0, 840, False, 0
1659,0, 840, False, 0
1660,0, 840, False, 0
1661,0, 840, False, 0
1662,0, 840, False, 0
1663,0, 840, False, 0
1664,0, 840, False, 2
1665,0, 840, False, 2
1666,0, 840, False, 2
1667,0, 840, False, 2
1668,0, 840, False, 2
1669,0, 840, False, 2
1670,0, 840, False, 2
1671,0, 840, False, 2
1672,0, 840, False, 2
1673,0, 840, False, 2
1674,0, 840, False, 2
1675,0, 840, False, 2
1676,0, 840, False, 2
1677,0, 840, False, 2
1678,0, 840, False, 2
1679,0, 840, False, 2
1680,0, 840, False, 2
1681,0, 840, False, 2
1682,0, 840, False, 2
1683,0, 840, False, 2
1684,0, 840, False, 2
1685,0, 840, False, 2
1686,0, 840, False, 2
1687,0, 840, False, 2
1688,0, 840, False, 2
1689,0, 840, False, 2
1690,0, 840, False, 2
1691,0, 840, False, 0
1692,0, 840, False, 0
1693,0, 840, False, 0
1694,0, 840, False, 0
1695,0, 840, False, 0
1696,0, 840, False, 0
1697,0, 840, False, 0
1698,0, 840, False, 0
1699,0, 840, False, 0
1700,0, 840, False, 0
1701,0, 840, False, 0
1702,0, 840, False, 0
1703,0, 840, False, 0
1704,0, 840, False, 0
1705,0, 840, False, 0
1706,0, 840, False, 0
1707,0, 840, False, 0
1708,0, 840, False, 0
1709,0, 840, False, 0
1710,0, 840, False, 0
1711,0, 840, False, 0
1712,0, 840, False, 0
1713,0, 840, False, 0
1714,0, 840, False, 0
1715,0, 840, False, 0
1716,0, 840, False, 0
1717,0, 840, False, 0
1718,0, 840, False, 0
1719,0, 840, False, 0
1720,0, 840, False, 0
1721,0, 840, False, 4
1722,0, 840, False, 4
1723,0, 840, False, 4
1724,0, 840, False, 4
1725,0, 840, False, 4
1726,0, 840, False, 4
1727,0, 840, False, 4
1728,0, 840, False, 4
1729,0, 840, False, 4
1730,0, 840, False, 4
1731,0, 840, False, 4
1732,0, 840, False, 4
1733,0, 840, False, 4
1734,0, 840, False, 4
1735,10, 850, False, 4
1736,0, 850, False, 4
1737,0, 850, False, 4
1738,0, 850, False, 4
1739,0, 850, False, 4
1740,0, 850, False, 4
1741,0, 850, False, 4
1742,0, 850, False, 4
1743,0, 850, False, 4
1744,0, 850, False, 0
1745,0, 850, False, 0
1746,0, 850, False, 0
1747,10, 860, False, 0
1748,0, 860, False, 0
1749,0, 860, False, 0
1750,0, 860, False, 0
1751,0, 860, False, 0
1752,0, 860, False, 0
1753,0, 860, False, 5
1754,0, 860, False, 5
1755,0, 860, False, 5
1756,0, 860, False, 5
1757,0, 860, False, 5
1758,0, 860, False, 5
1759,0, 860, False, 5
1760,0, 860, False, 5
1761,10, 870, False, 5
1762,0, 870, False, 5
1763,0, 870, False, 5
1764,0, 870, False, 5
1765,0, 870, False, 5
1766,0, 870, False, 5
1767,0, 870, False, 5
1768,0, 870, False, 5
1769,0, 870, False, 5
1770,0, 870, False, 5
1771,0, 870, False, 5
1772,0, 870, False, 5
1773,0, 870, False, 5
1774,0, 870, False, 5
1775,10, 880, False, 5
1776,0, 880, False, 5
1777,0, 880, False, 5
1778,0, 880, False, 0
1779,0, 880, False, 0
1780,0, 880, False, 0
1781,0, 880, False, 0
1782,0, 880, False, 0
1783,0, 880, False, 0
1784,0, 880, False, 0
1785,10, 890, False, 0
1786,0, 890, False, 0
1787,0, 890, False, 0
1788,0, 890, False, 0
1789,0, 890, False, 0
1790,0, 890, False, 5
1791,0, 890, False, 5
1792,0, 890, False, 5
1793,0, 890, False, 5
1794,0, 890, False, 5
1795,0, 890, False, 5
1796,0, 890, False, 5
1797,0, 890, False, 5
1798,0, 890, False, 5
1799,0, 890, False, 5
1800,0, 890, False, 5
1801,0, 890, False, 5
1802,0, 890, False, 5
1803,0, 890, False, 5
1804,0, 890, False, 5
1805,0, 890, False, 0
1806,0, 890, False, 0
1807,0, 890, False, 0
1808,0, 890, False, 0
1809,0, 890, False, 0
1810,0, 890, False, 0
1811,0, 890, False, 0
1812,0, 890, False, 0
1813,0, 890, False, 0
1814,0, 890, False, 0
1815,0, 890, False, 0
1816,0, 890, False, 0
1817,0, 890, False, 0
1818,0, 890, False, 0
1819,0, 890, False, 2
1820,0, 890, False, 2
1821,0, 890, False, 2
1822,0, 890, False, 2
1823,0, 890, False, 2
1824,0, 890, False, 2
1825,0, 890, False, 2
1826,0, 890, False, 2
1827,0, 890, False, 0
1828,0, 890, False, 3
1829,0, 890, False, 3
1830,0, 890, False, 3
1831,0, 890, False, 3
1832,0, 890, False, 3
1833,0, 890, False, 3
1834,0, 890, False, 3
1835,0, 890, False, 3
1836,0, 890, False, 3
1837,0, 890, False, 3
1838,0, 890, False, 3
1839,0, 890, False, 3
1840,0, 890, False, 3
1841,0, 890, False, 3
1842,0, 890, False, 3
1843,0, 890, False, 3
1844,0, 890, False, 3
1845,0, 890, False, 3
1846,0, 890, False, 3
1847,0, 890, False, 3
1848,0, 890, False, 3
1849,0, 890, False, 3
1850,0, 890, False, 3
1851,0, 890, False, 3
1852,0, 890, False, 3
1853,0, 890, False, 3
1854,0, 890, False, 3
1855,0, 890, False, 3
1856,0, 890, False, 3
1857,0, 890, False, 0
1858,0, 890, False, 0
1859,0, 890, False, 0
1860,0, 890, False, 0
1861,0, 890, False, 0
1862,0, 890, False, 0
1863,0, 890, False, 0
1864,0, 890, False, 0
1865,0, 890, False, 0
1866,0, 890, False, 0
1867,0, 890, False, 3
1868,0, 890, False, 3
1869,0, 890, False, 3
1870,0, 890, False, 3
1871,0, 890, False, 3
1872,0, 890, False, 3
1873,0, 890, False, 3
1874,0, 890, False, 3
1875,0, 890, False, 3
1876,0, 890, False, 3
1877,0, 890, False, 0
1878,0, 890, False, 0
1879,0, 890, False, 0
1880,0, 890, False, 0
1881,100, 990, False, 0
1882,0, 990, False, 0
1883,0, 990, False, 0
1884,0, 990, False, 0
1885,0, 990, False, 0
1886,0, 990, False, 0
1887,0, 990, False, 0
1888,0, 990, False, 0
1889,0, 990, False, 0
1890,0, 990, False, 0
1891,0, 990, False, 0
1892,0, 990, False, 0
1893,0, 990, False, 0
1894,0, 990, False, 0
1895,0, 990, False, 0
1896,0, 990, False, 0
1897,0, 990, False, 0
1898,0, 990, False, 0
1899,200, 1190, False, 0
1900,0, 1190, False, 0
1901,0, 1190, False, 0
1902,0, 1190, False, 0
1903,0, 1190, False, 0
1904,0, 1190, False, 0
1905,0, 1190, False, 0
1906,0, 1190, False, 0
1907,0, 1190, False, 0
1908,0, 1190, False, 0
1909,0, 1190, False, 0
1910,0, 1190, False, 0
1911,0, 1190, False, 0
1912,0, 1190, False, 0
1913,0, 1190, False, 0
1914,0, 1190, False, 0
1915,0, 1190, False, 0
1916,0, 1190, False, 0
1917,0, 1190, False, 0
1918,0, 1190, False, 0
1919,0, 1190, False, 0
1920,0, 1190, False, 0
1921,0, 1190, False, 0
1922,0, 1190, False, 0
1923,0, 1190, False, 0
1924,0, 1190, False, 0
1925,0, 1190, False, 0
1926,0, 1190, False, 0
1927,0, 1190, False, 0
1928,0, 1190, False, 0
1929,0, 1190, False, 0
1930,0, 1190, False, 0
1931,0, 1190, False, 0
1932,0, 1190, False, 0
1933,0, 1190, False, 0
1934,0, 1190, False, 0
1935,0, 1190, False, 0
1936,0, 1190, False, 0
1937,0, 1190, False, 0
1938,0, 1190, False, 0
1939,0, 1190, False, 0
1940,0, 1190, False, 0
1941,0, 1190, False, 0
1942,0, 1190, False, 0
1943,0, 1190, False, 0
1944,0, 1190, False, 0
1945,0, 1190, False, 0
1946,0, 1190, False, 0
1947,0, 1190, False, 0
1948,0, 1190, False, 0
1949,0, 1190, False, 0
1950,0, 1190, False, 0
1951,0, 1190, False, 0
1952,0, 1190, False, 5
1953,0, 1190, False, 5
1954,0, 1190, False, 5
1955,0, 1190, False, 5
1956,0, 1190, False, 5
1957,0, 1190, False, 5
1958,0, 1190, False, 5
1959,0, 1190, False, 5
1960,0, 1190, False, 5
1961,0, 1190, False, 5
1962,0, 1190, False, 5
1963,0, 1190, False, 0
1964,0, 1190, False, 0
1965,0, 1190, False, 0
1966,0, 1190, False, 0
1967,0, 1190, False, 0
1968,0, 1190, False, 0
1969,0, 1190, False, 3
1970,0, 1190, False, 3
1971,0, 1190, False, 3
1972,0, 1190, False, 3
1973,0, 1190, False, 3
1974,0, 1190, False, 3
1975,0, 1190, False, 3
1976,0, 1190, False, 3
1977,0, 1190, False, 3
1978,0, 1190, False, 3
1979,0, 1190, False, 3
1980,0, 1190, False, 3
1981,0, 1190, False, 3
1982,0, 1190, False, 3
1983,0, 1190, False, 3
1984,0, 1190, False, 0
1985,0, 1190, False, 0
1986,0, 1190, False, 0
1987,0, 1190, False, 0
1988,0, 1190, False, 0
1989,0, 1190, False, 0
1990,0, 1190, False, 0
1991,0, 1190, False, 2
1992,0, 1190, False, 2
1993,0, 1190, False, 2
1994,0, 1190, False, 2
1995,0, 1190, False, 2
1996,0, 1190, False, 2
1997,0, 1190, False, 2
1998,0, 1190, False, 2
1999,0, 1190, False, 2
2000,0, 1190, False, 2
2001,0, 1190, False, 2
2002,0, 1190, False, 2
2003,0, 1190, False, 2
2004,0, 1190, False, 2
2005,0, 1190, False, 0
2006,0, 1190, False, 0
2007,0, 1190, False, 0
2008,0, 1190, False, 0
2009,10, 1200, False, 0
2010,0, 1200, False, 0
2011,0, 1200, False, 0
2012,0, 1200, False, 0
2013,0, 1200, False, 0
2014,0, 1200, False, 0
2015,0, 1200, False, 0
2016,0, 1200, False, 0
2017,0, 1200, False, 0
2018,0, 1200, False, 0
2019,0, 1200, False, 0
2020,0, 1200, False, 0
2021,0, 1200, False, 0
2022,0, 1200, False, 0
2023,10, 1210, False, 0
2024,0, 1210, False, 0
2025,0, 1210, False, 3
2026,0, 1210, False, 3
2027,0, 1210, False, 3
2028,0, 1210, False, 3
2029,0, 1210, False, 3
2030,0, 1210, False, 3
2031,0, 1210, False, 3
2032,0, 1210, False, 3
2033,0, 1210, False, 3
2034,0, 1210, False, 3
2035,0, 1210, False, 3
2036,0, 1210, False, 3
2037,10, 1220, False, 3
2038,0, 1220, False, 3
2039,0, 1220, False, 3
2040,0, 1220, False, 3
2041,0, 1220, False, 3
2042,0, 1220, False, 0
2043,0, 1220, False, 0
2044,0, 1220, False, 0
2045,0, 1220, False, 4
2046,0, 1220, False, 4
2047,0, 1220, False, 4
2048,0, 1220, False, 4
2049,0, 1220, False, 4
2050,0, 1220, False, 4
2051,10, 1230, False, 4
2052,0, 1230, False, 4
2053,0, 1230, False, 4
2054,0, 1230, False, 0
2055,0, 1230, False, 0
2056,0, 1230, False, 0
2057,0, 1230, False, 0
2058,0, 1230, False, 0
2059,0, 1230, False, 0
2060,0, 1230, False, 0
2061,0, 1230, False, 0
2062,0, 1230, False, 0
2063,10, 1240, False, 0
2064,0, 1240, False, 0
2065,0, 1240, False, 0
2066,0, 1240, False, 0
2067,0, 1240, False, 0
2068,0, 1240, False, 0
2069,0, 1240, False, 0
2070,0, 1240, False, 0
2071,0, 1240, False, 0
2072,0, 1240, False, 0
2073,400, 1640, False, 0
2074,0, 1640, False, 0
2075,0, 1640, False, 0
2076,0, 1640, False, 0
2077,0, 1640, False, 0
2078,0, 1640, False, 0
2079,0, 1640, False, 0
2080,0, 1640, False, 0
2081,0, 1640, False, 0
2082,0, 1640, False, 0
2083,0, 1640, False, 0
2084,0, 1640, False, 0
2085,0, 1640, False, 0
2086,0, 1640, False, 0
2087,0, 1640, False, 0
2088,0, 1640, False, 0
2089,0, 1640, False, 0
2090,0, 1640, False, 0
2091,0, 1640, False, 0
2092,0, 1640, False, 0
2093,10, 1650, False, 0
2094,0, 1650, False, 0
2095,0, 1650, False, 0
2096,0, 1650, False, 0
2097,0, 1650, False, 0
2098,0, 1650, False, 0
2099,0, 1650, False, 0
2100,0, 1650, False, 0
2101,0, 1650, False, 0
2102,0, 1650, False, 0
2103,0, 1650, False, 0
2104,0, 1650, False, 0
2105,0, 1650, False, 0
2106,0, 1650, False, 0
2107,10, 1660, False, 0
2108,0, 1660, False, 0
2109,0, 1660, False, 0
2110,0, 1660, False, 0
2111,0, 1660, False, 0
2112,0, 1660, False, 0
2113,0, 1660, False, 0
2114,0, 1660, False, 0
2115,0, 1660, False, 0
2116,0, 1660, False, 0
2117,0, 1660, False, 0
2118,0, 1660, False, 0
2119,10, 1670, False, 0
2120,0, 1670, False, 0
2121,0, 1670, False, 0
2122,0, 1670, False, 0
2123,0, 1670, False, 0
2124,0, 1670, False, 0
2125,0, 1670, False, 0
2126,0, 1670, False, 0
2127,0, 1670, False, 0
2128,0, 1670, False, 0
2129,0, 1670, False, 0
2130,0, 1670, False, 0
2131,0, 1670, False, 0
2132,0, 1670, False, 0
2133,10, 1680, False, 0
2134,0, 1680, False, 0
2135,0, 1680, False, 0
2136,0, 1680, False, 2
2137,0, 1680, False, 2
2138,0, 1680, False, 2
2139,0, 1680, False, 2
2140,0, 1680, False, 2
2141,0, 1680, False, 2
2142,0, 1680, False, 2
2143,0, 1680, False, 2
2144,0, 1680, False, 2
2145,0, 1680, False, 2
2146,0, 1680, False, 2
2147,0, 1680, False, 2
2148,0, 1680, False, 2
2149,10, 1690, False, 2
2150,0, 1690, False, 2
2151,0, 1690, False, 0
2152,0, 1690, False, 0
2153,0, 1690, False, 0
2154,0, 1690, False, 0
2155,0, 1690, False, 0
2156,0, 1690, False, 0
2157,0, 1690, False, 0
2158,0, 1690, False, 0
2159,0, 1690, False, 0
2160,0, 1690, False, 0
2161,0, 1690, False, 0
2162,0, 1690, False, 0
2163,10, 1700, False, 0
2164,0, 1700, False, 0
2165,0, 1700, False, 0
2166,0, 1700, False, 4
2167,0, 1700, False, 4
2168,0, 1700, False, 4
2169,0, 1700, False, 4
2170,0, 1700, False, 4
2171,0, 1700, False, 4
2172,0, 1700, False, 4
2173,0, 1700, False, 4
2174,0, 1700, False, 4
2175,0, 1700, False, 4
2176,0, 1700, False, 4
2177,10, 1710, False, 4
2178,0, 1710, False, 4
2179,0, 1710, False, 4
2180,0, 1710, False, 4
2181,0, 1710, False, 4
2182,0, 1710, False, 4
2183,0, 1710, False, 4
2184,0, 1710, False, 4
2185,0, 1710, False, 0
2186,0, 1710, False, 0
2187,0, 1710, False, 0
2188,0, 1710, False, 0
2189,0, 1710, False, 0
2190,0, 1710, False, 0
2191,10, 1720, False, 0
2192,0, 1720, False, 0
2193,0, 1720, False, 0
2194,0, 1720, False, 0
2195,0, 1720, False, 0
2196,0, 1720, False, 0
2197,0, 1720, False, 0
2198,0, 1720, False, 0
2199,0, 1720, False, 0
2200,0, 1720, False, 0
2201,0, 1720, False, 0
2202,0, 1720, False, 0
2203,0, 1720, False, 0
2204,0, 1720, False, 0
2205,0, 1720, False, 0
2206,0, 1720, False, 0
2207,0, 1720, False, 0
2208,0, 1720, False, 0
2209,0, 1720, False, 0
2210,0, 1720, False, 0
2211,0, 1720, False, 0
2212,0, 1720, False, 0
2213,0, 1720, False, 0
2214,0, 1720, False, 0
2215,0, 1720, False, 0
2216,0, 1720, False, 4
2217,0, 1720, False, 4
2218,0, 1720, False, 4
2219,0, 1720, False, 4
2220,0, 1720, False, 4
2221,0, 1720, False, 4
2222,0, 1720, False, 4
2223,0, 1720, False, 4
2224,0, 1720, False, 4
2225,10, 1730, False, 4
2226,0, 1730, False, 4
2227,0, 1730, False, 4
2228,0, 1730, False, 4
2229,0, 1730, False, 4
2230,0, 1730, False, 0
2231,0, 1730, False, 0
2232,0, 1730, False, 0
2233,0, 1730, False, 0
2234,0, 1730, False, 0
2235,0, 1730, False, 0
2236,0, 1730, False, 0
2237,0, 1730, False, 0
2238,0, 1730, False, 0
2239,10, 1740, False, 0
2240,0, 1740, False, 0
2241,0, 1740, False, 0
2242,0, 1740, False, 0
2243,0, 1740, False, 0
2244,0, 1740, False, 0
2245,0, 1740, False, 0
2246,0, 1740, False, 0
2247,0, 1740, False, 0
2248,0, 1740, False, 0
2249,0, 1740, False, 0
2250,0, 1740, False, 0
2251,0, 1740, False, 0
2252,0, 1740, False, 0
2253,0, 1740, False, 0
2254,0, 1740, False, 0
2255,0, 1740, False, 0
2256,0, 1740, False, 0
2257,10, 1750, False, 0
2258,0, 1750, False, 0
2259,0, 1750, False, 0
2260,0, 1750, False, 0
2261,0, 1750, False, 0
2262,0, 1750, False, 0
2263,0, 1750, False, 0
2264,0, 1750, False, 0
2265,0, 1750, False, 0
2266,0, 1750, False, 0
2267,0, 1750, False, 0
2268,0, 1750, False, 0
2269,0, 1750, False, 0
2270,0, 1750, False, 0
2271,10, 1760, False, 0
2272,0, 1760, False, 0
2273,0, 1760, False, 0
2274,0, 1760, False, 0
2275,0, 1760, False, 0
2276,0, 1760, False, 0
2277,0, 1760, False, 0
2278,0, 1760, False, 0
2279,0, 1760, False, 0
2280,0, 1760, False, 0
2281,0, 1760, False, 0
2282,0, 1760, False, 0
2283,10, 1770, False, 0
2284,0, 1770, False, 0
2285,0, 1770, False, 0
2286,0, 1770, False, 0
2287,0, 1770, False, 0
2288,0, 1770, False, 0
2289,0, 1770, False, 0
2290,0, 1770, False, 0
2291,0, 1770, False, 0
2292,0, 1770, False, 0
2293,0, 1770, False, 0
2294,0, 1770, False, 0
2295,0, 1770, False, 0
2296,0, 1770, False, 0
2297,10, 1780, False, 0
2298,0, 1780, False, 0
2299,0, 1780, False, 0
2300,0, 1780, False, 0
2301,0, 1780, False, 0
2302,0, 1780, False, 0
2303,0, 1780, False, 0
2304,0, 1780, False, 0
2305,0, 1780, False, 0
2306,0, 1780, False, 0
2307,0, 1780, False, 0
2308,0, 1780, False, 0
2309,0, 1780, False, 0
2310,0, 1780, False, 0
2311,10, 1790, False, 0
2312,0, 1790, False, 0
2313,0, 1790, False, 0
2314,0, 1790, False, 0
2315,0, 1790, False, 0
2316,0, 1790, False, 0
2317,0, 1790, False, 0
2318,0, 1790, False, 0
2319,0, 1790, False, 0
2320,0, 1790, False, 0
2321,0, 1790, False, 0
2322,0, 1790, False, 0
2323,10, 1800, False, 0
2324,0, 1800, False, 0
2325,0, 1800, False, 0
2326,0, 1800, False, 0
2327,0, 1800, False, 0
2328,0, 1800, False, 0
2329,0, 1800, False, 0
2330,0, 1800, False, 0
2331,0, 1800, False, 0
2332,0, 1800, False, 2
2333,0, 1800, False, 2
2334,0, 1800, False, 2
2335,0, 1800, False, 2
2336,0, 1800, False, 2
2337,10, 1810, False, 2
2338,0, 1810, False, 2
2339,0, 1810, False, 2
2340,0, 1810, False, 2
2341,0, 1810, False, 2
2342,0, 1810, False, 2
2343,0, 1810, False, 2
2344,0, 1810, False, 2
2345,0, 1810, False, 2
2346,0, 1810, False, 2
2347,0, 1810, False, 2
2348,0, 1810, False, 2
2349,0, 1810, False, 2
2350,0, 1810, False, 2
2351,10, 1820, False, 0
2352,0, 1820, False, 0
2353,0, 1820, False, 0
2354,0, 1820, False, 0
2355,0, 1820, False, 0
2356,0, 1820, False, 0
2357,0, 1820, False, 0
2358,0, 1820, False, 0
2359,0, 1820, False, 0
2360,0, 1820, False, 0
2361,0, 1820, False, 0
2362,0, 1820, False, 0
2363,10, 1830, False, 0
2364,0, 1830, False, 0
2365,0, 1830, False, 0
2366,0, 1830, False, 0
2367,0, 1830, False, 0
2368,0, 1830, False, 0
2369,0, 1830, False, 0
2370,0, 1830, False, 0
2371,0, 1830, False, 0
2372,0, 1830, False, 0
2373,0, 1830, False, 0
2374,0, 1830, False, 0
2375,0, 1830, False, 0
2376,0, 1830, False, 0
2377,0, 1830, False, 0
2378,0, 1830, False, 0
2379,0, 1830, False, 0
2380,0, 1830, False, 0
2381,0, 1830, False, 0
2382,0, 1830, False, 0
2383,0, 1830, False, 0
2384,0, 1830, False, 0
2385,0, 1830, False, 0
2386,0, 1830, False, 0
2387,0, 1830, False, 0
2388,0, 1830, False, 0
2389,0, 1830, False, 0
2390,0, 1830, False, 0
2391,0, 1830, False, 0
2392,0, 1830, False, 0
2393,0, 1830, False, 0
2394,0, 1830, False, 0
2395,0, 1830, False, 0
2396,0, 1830, False, 0
2397,0, 1830, False, 0
2398,0, 1830, False, 0
2399,0, 1830, False, 0
2400,0, 1830, False, 0
2401,0, 1830, False, 0
2402,0, 1830, False, 0
2403,0, 1830, False, 0
2404,0, 1830, False, 0
2405,0, 1830, False, 0
2406,0, 1830, False, 0
2407,0, 1830, False, 0
2408,0, 1830, False, 0
2409,0, 1830, False, 0
2410,0, 1830, False, 0
2411,0, 1830, False, 0
2412,0, 1830, False, 0
2413,0, 1830, False, 0
2414,0, 1830, False, 0
2415,0, 1830, False, 0
2416,0, 1830, False, 2
2417,0, 1830, False, 2
2418,0, 1830, False, 2
2419,0, 1830, False, 2
2420,0, 1830, False, 2
2421,0, 1830, False, 2
2422,0, 1830, False, 2
2423,50, 1880, False, 2
2424,0, 1880, False, 2
2425,0, 1880, False, 2
2426,0, 1880, False, 2
2427,0, 1880, False, 2
2428,0, 1880, False, 0
2429,0, 1880, False, 0
2430,0, 1880, False, 0
2431,0, 1880, False, 0
2432,0, 1880, False, 0
2433,0, 1880, False, 0
2434,0, 1880, False, 0
2435,0, 1880, False, 0
2436,0, 1880, False, 0
2437,0, 1880, False, 0
2438,0, 1880, False, 3
2439,10, 1890, False, 3
2440,0, 1890, False, 3
2441,0, 1890, False, 3
2442,0, 1890, False, 3
2443,0, 1890, False, 3
2444,0, 1890, False, 3
2445,0, 1890, False, 3
2446,0, 1890, False, 3
2447,0, 1890, False, 3
2448,0, 1890, False, 3
2449,0, 1890, False, 3
2450,0, 1890, False, 3
2451,10, 1900, False, 3
2452,0, 1900, False, 3
2453,0, 1900, False, 3
2454,0, 1900, False, 3
2455,0, 1900, False, 3
2456,0, 1900, False, 0
2457,0, 1900, False, 0
2458,0, 1900, False, 0
2459,0, 1900, False, 0
2460,0, 1900, False, 0
2461,0, 1900, False, 0
2462,0, 1900, False, 0
2463,10, 1910, False, 0
2464,0, 1910, False, 0
2465,0, 1910, False, 0
2466,0, 1910, False, 0
2467,0, 1910, False, 0
2468,0, 1910, False, 0
2469,0, 1910, False, 0
2470,0, 1910, False, 0
2471,0, 1910, False, 0
2472,0, 1910, False, 0
2473,0, 1910, False, 0
2474,0, 1910, False, 0
2475,0, 1910, False, 0
2476,0, 1910, False, 0
2477,10, 1920, False, 0
2478,0, 1920, False, 0
2479,0, 1920, False, 0
2480,0, 1920, False, 0
2481,0, 1920, False, 0
2482,0, 1920, False, 5
2483,0, 1920, False, 5
2484,0, 1920, False, 5
2485,0, 1920, False, 5
2486,0, 1920, False, 5
2487,0, 1920, False, 5
2488,0, 1920, False, 5
2489,0, 1920, False, 5
2490,0, 1920, False, 5
2491,10, 1930, False, 5
2492,0, 1930, False, 5
2493,0, 1930, False, 5
2494,0, 1930, False, 5
2495,0, 1930, False, 5
2496,0, 1930, False, 5
2497,0, 1930, False, 5
2498,0, 1930, False, 5
2499,0, 1930, False, 5
2500,0, 1930, False, 5
2501,0, 1930, False, 5
2502,0, 1930, False, 5
2503,0, 1930, False, 5
2504,0, 1930, False, 5
2505,0, 1930, False, 0
2506,0, 1930, False, 0
2507,0, 1930, False, 0
2508,0, 1930, False, 0
2509,0, 1930, False, 0
2510,0, 1930, False, 0
2511,0, 1930, False, 0
2512,0, 1930, False, 0
2513,0, 1930, False, 0
2514,0, 1930, False, 0
2515,0, 1930, False, 0
2516,0, 1930, False, 0
2517,10, 1940, False, 0
2518,0, 1940, False, 0
2519,0, 1940, False, 0
2520,0, 1940, False, 0
2521,0, 1940, False, 0
2522,0, 1940, False, 0
2523,0, 1940, False, 0
2524,0, 1940, False, 0
2525,0, 1940, False, 0
2526,0, 1940, False, 0
2527,0, 1940, False, 0
2528,0, 1940, False, 0
2529,0, 1940, False, 3
2530,0, 1940, False, 3
2531,10, 1950, False, 3
2532,0, 1950, False, 3
2533,0, 1950, False, 3
2534,0, 1950, False, 3
2535,0, 1950, False, 3
2536,0, 1950, False, 3
2537,0, 1950, False, 3
2538,0, 1950, False, 3
2539,0, 1950, False, 3
2540,0, 1950, False, 3
2541,0, 1950, False, 3
2542,0, 1950, False, 3
2543,0, 1950, False, 3
2544,0, 1950, False, 3
2545,10, 1960, False, 3
2546,0, 1960, False, 3
2547,0, 1960, False, 3
2548,0, 1960, False, 3
2549,0, 1960, False, 3
2550,0, 1960, False, 3
2551,0, 1960, False, 0
2552,0, 1960, False, 0
2553,0, 1960, False, 0
2554,0, 1960, False, 0
2555,0, 1960, False, 0
2556,0, 1960, False, 0
2557,0, 1960, False, 0
2558,0, 1960, False, 0
2559,10, 1970, False, 0
2560,0, 1970, False, 0
2561,0, 1970, False, 0
2562,0, 1970, False, 0
2563,0, 1970, False, 0
2564,0, 1970, False, 0
2565,0, 1970, False, 0
2566,0, 1970, False, 0
2567,0, 1970, False, 0
2568,0, 1970, False, 0
2569,0, 1970, False, 0
2570,0, 1970, False, 0
2571,10, 1980, False, 0
2572,0, 1980, False, 0
2573,0, 1980, False, 0
2574,0, 1980, False, 0
2575,0, 1980, False, 0
2576,0, 1980, False, 0
2577,0, 1980, False, 2
2578,0, 1980, False, 2
2579,0, 1980, False, 2
2580,0, 1980, False, 2
2581,0, 1980, False, 2
2582,0, 1980, False, 2
2583,0, 1980, False, 2
2584,0, 1980, False, 2
2585,10, 1990, False, 2
2586,0, 1990, False, 2
2587,0, 1990, False, 2
2588,0, 1990, False, 2
2589,0, 1990, False, 2
2590,0, 1990, False, 2
2591,0, 1990, False, 0
2592,0, 1990, False, 0
2593,0, 1990, False, 0
2594,0, 1990, False, 0
2595,0, 1990, False, 0
2596,0, 1990, False, 0
2597,0, 1990, False, 0
2598,0, 1990, False, 5
2599,10, 2000, False, 5
2600,0, 2000, False, 5
2601,0, 2000, False, 5
2602,0, 2000, False, 5
2603,0, 2000, False, 5
2604,0, 2000, False, 5
2605,0, 2000, False, 5
2606,0, 2000, False, 5
2607,0, 2000, False, 5
2608,0, 2000, False, 5
2609,0, 2000, False, 5
2610,0, 2000, False, 5
2611,0, 2000, False, 0
2612,0, 2000, False, 0
2613,0, 2000, False, 0
2614,0, 2000, False, 0
2615,0, 2000, False, 0
2616,0, 2000, False, 0
2617,10, 2010, False, 0
2618,0, 2010, False, 0
2619,0, 2010, False, 0
2620,0, 2010, False, 0
2621,0, 2010, False, 0
2622,0, 2010, False, 0
2623,0, 2010, False, 0
2624,0, 2010, False, 0
2625,0, 2010, False, 0
2626,0, 2010, False, 0
2627,0, 2010, False, 0
2628,0, 2010, False, 0
2629,0, 2010, False, 0
2630,0, 2010, False, 0
2631,10, 2020, False, 0
2632,0, 2020, False, 0
2633,0, 2020, False, 0
2634,0, 2020, False, 0
2635,0, 2020, False, 0
2636,0, 2020, False, 0
2637,0, 2020, False, 0
2638,0, 2020, False, 0
2639,0, 2020, False, 0
2640,0, 2020, False, 0
2641,0, 2020, False, 0
2642,0, 2020, False, 0
2643,0, 2020, False, 0
2644,0, 2020, False, 0
2645,0, 2020, False, 0
2646,0, 2020, False, 0
2647,0, 2020, False, 0
2648,0, 2020, False, 0
2649,0, 2020, False, 0
2650,0, 2020, False, 0
2651,0, 2020, False, 0
2652,0, 2020, False, 0
2653,0, 2020, False, 0
2654,0, 2020, False, 0
2655,10, 2030, False, 0
2656,0, 2030, False, 0
2657,0, 2030, False, 0
2658,0, 2030, False, 0
2659,0, 2030, False, 0
2660,0, 2030, False, 0
2661,0, 2030, False, 0
2662,0, 2030, False, 0
2663,0, 2030, False, 0
2664,0, 2030, False, 0
2665,0, 2030, False, 0
2666,0, 2030, False, 0
2667,10, 2040, False, 0
2668,0, 2040, False, 0
2669,0, 2040, False, 0
2670,0, 2040, False, 0
2671,0, 2040, False, 0
2672,0, 2040, False, 0
2673,0, 2040, False, 0
2674,0, 2040, False, 0
2675,0, 2040, False, 0
2676,0, 2040, False, 0
2677,0, 2040, False, 0
2678,0, 2040, False, 0
2679,0, 2040, False, 0
2680,0, 2040, False, 0
2681,10, 2050, False, 0
2682,0, 2050, False, 0
2683,0, 2050, False, 0
2684,0, 2050, False, 0
2685,0, 2050, False, 4
2686,0, 2050, False, 4
2687,0, 2050, False, 4
2688,0, 2050, False, 4
2689,0, 2050, False, 4
2690,0, 2050, False, 4
2691,0, 2050, False, 4
2692,0, 2050, False, 4
2693,0, 2050, False, 4
2694,0, 2050, False, 4
2695,0, 2050, False, 4
2696,0, 2050, False, 4
2697,0, 2050, False, 4
2698,0, 2050, False, 4
2699,0, 2050, False, 4
2700,0, 2050, False, 4
2701,0, 2050, False, 4
2702,0, 2050, False, 4
2703,0, 2050, False, 4
2704,0, 2050, False, 4
2705,0, 2050, False, 4
2706,0, 2050, False, 4
2707,0, 2050, False, 4
2708,0, 2050, False, 4
2709,0, 2050, False, 4
2710,0, 2050, False, 4
2711,0, 2050, False, 4
2712,0, 2050, False, 4
2713,0, 2050, False, 4
2714,0, 2050, False, 4
2715,0, 2050, False, 4
2716,0, 2050, False, 4
2717,0, 2050, False, 4
2718,0, 2050, False, 4
2719,0, 2050, False, 4
2720,0, 2050, False, 4
2721,0, 2050, False, 4
2722,0, 2050, False, 4
2723,0, 2050, False, 0
2724,0, 2050, False, 0
2725,0, 2050, False, 0
2726,0, 2050, False, 0
2727,0, 2050, False, 0
2728,0, 2050, False, 0
2729,0, 2050, False, 0
2730,0, 2050, False, 0
2731,0, 2050, False, 0
2732,0, 2050, False, 0
2733,0, 2050, False, 0
2734,0, 2050, False, 0
2735,200, 2250, False, 0
2736,0, 2250, False, 0
2737,0, 2250, False, 0
2738,0, 2250, False, 0
2739,0, 2250, False, 0
2740,0, 2250, False, 0
2741,0, 2250, False, 0
2742,0, 2250, False, 0
2743,0, 2250, False, 0
2744,0, 2250, False, 0
2745,0, 2250, False, 0
2746,0, 2250, False, 0
2747,0, 2250, False, 0
2748,0, 2250, False, 0
2749,0, 2250, False, 0
2750,0, 2250, False, 0
2751,0, 2250, False, 0
2752,0, 2250, False, 0
2753,0, 2250, False, 0
2754,0, 2250, False, 0
2755,0, 2250, False, 0
2756,0, 2250, False, 0
2757,0, 2250, False, 0
2758,0, 2250, False, 0
2759,0, 2250, False, 0
2760,0, 2250, False, 0
2761,0, 2250, False, 0
2762,0, 2250, False, 0
2763,0, 2250, False, 0
2764,0, 2250, False, 0
2765,0, 2250, False, 0
2766,0, 2250, False, 0
2767,0, 2250, False, 0
2768,0, 2250, False, 0
2769,0, 2250, False, 0
2770,0, 2250, False, 0
2771,0, 2250, False, 0
2772,0, 2250, False, 0
2773,0, 2250, False, 0
2774,0, 2250, False, 0
2775,0, 2250, False, 0
2776,0, 2250, False, 0
2777,0, 2250, False, 0
2778,0, 2250, False, 0
2779,0, 2250, False, 0
2780,0, 2250, False, 0
2781,0, 2250, False, 0
2782,0, 2250, False, 0
2783,0, 2250, False, 5
2784,0, 2250, False, 5
2785,0, 2250, False, 5
2786,0, 2250, False, 5
2787,0, 2250, False, 5
2788,0, 2250, False, 5
2789,0, 2250, False, 5
2790,0, 2250, False, 5
2791,0, 2250, False, 5
2792,0, 2250, False, 5
2793,0, 2250, False, 5
2794,0, 2250, False, 5
2795,0, 2250, False, 5
2796,0, 2250, False, 5
2797,0, 2250, False, 5
2798,0, 2250, False, 5
2799,0, 2250, False, 5
2800,0, 2250, False, 5
2801,0, 2250, False, 5
2802,0, 2250, False, 5
2803,10, 2260, False, 5
2804,0, 2260, False, 5
2805,400, 2660, False, 5
2806,0, 2660, False, 5
2807,0, 2660, False, 5
2808,0, 2660, False, 5
2809,0, 2660, False, 5
2810,0, 2660, False, 0
2811,0, 2660, False, 0
2812,0, 2660, False, 0
2813,0, 2660, False, 0
2814,0, 2660, False, 0
2815,0, 2660, False, 0
2816,0, 2660, False, 0
2817,0, 2660, False, 0
2818,0, 2660, False, 0
2819,0, 2660, False, 4
2820,0, 2660, False, 4
2821,0, 2660, False, 4
2822,0, 2660, False, 4
2823,0, 2660, False, 4
2824,0, 2660, False, 4
2825,0, 2660, False, 4
2826,0, 2660, False, 4
2827,0, 2660, False, 4
2828,0, 2660, False, 4
2829,0, 2660, False, 4
2830,0, 2660, False, 4
2831,0, 2660, False, 4
2832,0, 2660, False, 4
2833,0, 2660, False, 4
2834,0, 2660, False, 4
2835,0, 2660, False, 4
2836,0, 2660, False, 4
2837,10, 2670, False, 4
2838,0, 2670, False, 4
2839,0, 2670, False, 4
2840,0, 2670, False, 4
2841,0, 2670, False, 4
2842,0, 2670, False, 4
2843,0, 2670, False, 4
2844,0, 2670, False, 4
2845,0, 2670, False, 4
2846,0, 2670, False, 4
2847,0, 2670, False, 4
2848,0, 2670, False, 4
2849,0, 2670, False, 4
2850,0, 2670, False, 4
2851,10, 2680, False, 4
2852,0, 2680, False, 4
2853,0, 2680, False, 4
2854,0, 2680, False, 4
2855,0, 2680, False, 4
2856,0, 2680, False, 4
2857,0, 2680, False, 4
2858,0, 2680, False, 4
2859,0, 2680, False, 4
2860,0, 2680, False, 4
2861,0, 2680, False, 4
2862,0, 2680, False, 4
2863,0, 2680, False, 4
2864,0, 2680, False, 4
2865,10, 2690, False, 4
2866,0, 2690, False, 4
2867,0, 2690, False, 4
2868,0, 2690, False, 4
2869,0, 2690, False, 0
2870,0, 2690, False, 0
2871,0, 2690, False, 0
2872,0, 2690, False, 0
2873,0, 2690, False, 0
2874,0, 2690, False, 0
2875,0, 2690, False, 0
2876,0, 2690, False, 0
2877,0, 2690, False, 0
2878,0, 2690, False, 0
2879,10, 2700, False, 0
2880,0, 2700, False, 0
2881,0, 2700, False, 0
2882,0, 2700, False, 0
2883,0, 2700, False, 0
2884,0, 2700, False, 0
2885,0, 2700, False, 0
2886,0, 2700, False, 0
2887,0, 2700, False, 0
2888,0, 2700, False, 0
2889,0, 2700, False, 0
2890,0, 2700, False, 0
2891,10, 2710, False, 0
2892,0, 2710, False, 0
2893,0, 2710, False, 0
2894,0, 2710, False, 0
2895,0, 2710, False, 0
2896,0, 2710, False, 0
2897,0, 2710, False, 0
2898,0, 2710, False, 0
2899,0, 2710, False, 0
2900,0, 2710, False, 0
2901,0, 2710, False, 0
2902,0, 2710, False, 0
2903,0, 2710, False, 0
2904,0, 2710, False, 5
2905,10, 2720, False, 5
2906,0, 2720, False, 5
2907,0, 2720, False, 5
2908,0, 2720, False, 5
2909,0, 2720, False, 5
2910,0, 2720, False, 5
2911,0, 2720, False, 5
2912,0, 2720, False, 5
2913,0, 2720, False, 5
2914,0, 2720, False, 5
2915,0, 2720, False, 5
2916,0, 2720, False, 5
2917,10, 2730, False, 5
2918,0, 2730, False, 0
2919,0, 2730, False, 0
2920,0, 2730, False, 0
2921,0, 2730, False, 0
2922,0, 2730, False, 0
2923,0, 2730, False, 0
2924,0, 2730, False, 0
2925,0, 2730, False, 0
2926,0, 2730, False, 0
2927,0, 2730, False, 0
2928,0, 2730, False, 0
2929,0, 2730, False, 0
2930,0, 2730, False, 0
2931,10, 2740, False, 0
2932,0, 2740, False, 0
2933,0, 2740, False, 0
2934,0, 2740, False, 0
2935,0, 2740, False, 0
2936,0, 2740, False, 0
2937,0, 2740, False, 0
2938,0, 2740, False, 0
2939,0, 2740, False, 4
2940,0, 2740, False, 4
2941,0, 2740, False, 4
2942,0, 2740, False, 4
2943,0, 2740, False, 4
2944,0, 2740, False, 4
2945,10, 2750, False, 4
2946,0, 2750, False, 4
2947,0, 2750, False, 4
2948,0, 2750, False, 4
2949,0, 2750, False, 4
2950,0, 2750, False, 4
2951,0, 2750, False, 4
2952,0, 2750, False, 4
2953,0, 2750, False, 4
2954,0, 2750, False, 4
2955,0, 2750, False, 4
2956,0, 2750, False, 4
2957,0, 2750, False, 4
2958,0, 2750, False, 4
2959,0, 2750, False, 4
2960,0, 2750, False, 4
2961,0, 2750, False, 4
2962,0, 2750, False, 4
2963,0, 2750, False, 4
2964,0, 2750, False, 4
2965,0, 2750, False, 0
2966,0, 2750, False, 0
2967,0, 2750, False, 0
2968,0, 2750, False, 0
2969,0, 2750, False, 0
2970,0, 2750, False, 0
2971,0, 2750, False, 0
2972,0, 2750, False, 0
2973,0, 2750, False, 0
2974,0, 2750, False, 0
2975,0, 2750, False, 0
2976,0, 2750, False, 0
2977,0, 2750, False, 0
2978,0, 2750, False, 0
2979,0, 2750, False, 0
2980,0, 2750, False, 0
2981,0, 2750, False, 0
2982,0, 2750, False, 0
2983,0, 2750, False, 0
2984,0, 2750, False, 0
2985,0, 2750, False, 0
2986,0, 2750, False, 0
2987,0, 2750, False, 0
2988,0, 2750, False, 0
2989,0, 2750, False, 0
2990,0, 2750, False, 0
2991,0, 2750, False, 0
2992,0, 2750, False, 0
2993,0, 2750, False, 0
2994,0, 2750, False, 0
2995,0, 2750, False, 3
2996,0, 2750, False, 3
2997,0, 2750, False, 3
2998,0, 2750, False, 3
2999,0, 2750, False, 3
3000,0, 2750, False, 3
3001,0, 2750, False, 3
3002,0, 2750, False, 3
3003,0, 2750, False, 3
3004,0, 2750, False, 3
3005,0, 2750, False, 3
3006,0, 2750, False, 0
3007,0, 2750, False, 0
3008,0, 2750, False, 0
3009,0, 2750, False, 0
3010,0, 2750, False, 2
3011,0, 2750, False, 2
3012,0, 2750, False, 2
3013,0, 2750, False, 2
3014,0, 2750, False, 2
3015,0, 2750, False, 2
3016,0, 2750, False, 2
3017,0, 2750, False, 2
3018,0, 2750, False, 2
3019,0, 2750, False, 2
3020,0, 2750, False, 2
3021,0, 2750, False, 2
3022,0, 2750, False, 2
3023,0, 2750, False, 0
3024,0, 2750, False, 0
3025,0, 2750, False, 0
3026,0, 2750, False, 0
3027,0, 2750, False, 0
3028,0, 2750, False, 0
3029,0, 2750, False, 0
3030,0, 2750, False, 0
3031,0, 2750, False, 0
3032,0, 2750, False, 0
3033,0, 2750, False, 0
3034,0, 2750, False, 0
3035,0, 2750, False, 4
3036,0, 2750, False, 4
3037,0, 2750, False, 4
3038,0, 2750, False, 4
3039,0, 2750, False, 4
3040,0, 2750, False, 4
3041,0, 2750, False, 4
3042,0, 2750, False, 4
3043,0, 2750, False, 4
3044,0, 2750, False, 4
3045,0, 2750, False, 4
3046,0, 2750, False, 4
3047,0, 2750, False, 4
3048,0, 2750, False, 4
3049,0, 2750, False, 4
3050,0, 2750, False, 4
3051,0, 2750, False, 4
3052,0, 2750, False, 0
3053,0, 2750, False, 0
3054,0, 2750, False, 0
3055,0, 2750, False, 0
3056,0, 2750, False, 0
3057,0, 2750, False, 0
3058,0, 2750, False, 0
3059,0, 2750, False, 0
3060,0, 2750, False, 0
3061,0, 2750, False, 2
3062,0, 2750, False, 2
3063,0, 2750, False, 2
3064,0, 2750, False, 2
3065,0, 2750, False, 2
3066,0, 2750, False, 2
3067,0, 2750, False, 2
3068,0, 2750, False, 2
3069,0, 2750, False, 2
3070,0, 2750, False, 2
3071,0, 2750, False, 2
3072,0, 2750, False, 2
3073,0, 2750, False, 2
3074,0, 2750, False, 0
3075,0, 2750, False, 0
3076,0, 2750, False, 0
3077,0, 2750, False, 0
3078,0, 2750, False, 0
3079,0, 2750, False, 0
3080,0, 2750, False, 0
3081,0, 2750, False, 0
3082,0, 2750, False, 0
3083,0, 2750, False, 0
3084,0, 2750, False, 0
3085,0, 2750, False, 0
3086,0, 2750, False, 0
3087,0, 2750, False, 0
3088,0, 2750, False, 0
3089,0, 2750, False, 0
3090,0, 2750, False, 3
3091,0, 2750, False, 3
3092,0, 2750, False, 3
3093,0, 2750, False, 3
3094,0, 2750, False, 3
3095,0, 2750, False, 3
3096,0, 2750, False, 3
3097,0, 2750, False, 3
3098,0, 2750, False, 3
3099,0, 2750, False, 3
3100,0, 2750, False, 0
3101,0, 2750, False, 0
3102,0, 2750, False, 0
3103,0, 2750, False, 0
3104,0, 2750, False, 2
3105,0, 2750, False, 2
3106,0, 2750, False, 2
3107,0, 2750, False, 2
3108,0, 2750, False, 2
3109,0, 2750, False, 2
3110,0, 2750, False, 2
3111,0, 2750, False, 2
3112,0, 2750, False, 2
3113,0, 2750, False, 2
3114,0, 2750, False, 2
3115,0, 2750, False, 2
3116,0, 2750, False, 2
3117,0, 2750, False, 2
3118,0, 2750, False, 2
3119,0, 2750, False, 0
3120,0, 2750, False, 0
3121,0, 2750, False, 0
3122,0, 2750, False, 0
3123,0, 2750, False, 0
3124,0, 2750, False, 0
3125,0, 2750, False, 0
3126,0, 2750, False, 0
3127,0, 2750, False, 0
3128,0, 2750, False, 0
3129,0, 2750, False, 4
3130,0, 2750, False, 4
3131,0, 2750, False, 4
3132,0, 2750, False, 4
3133,0, 2750, False, 4
3134,0, 2750, False, 4
3135,0, 2750, False, 4
3136,0, 2750, False, 4
3137,0, 2750, False, 4
3138,0, 2750, False, 4
3139,0, 2750, False, 4
3140,0, 2750, False, 4
3141,0, 2750, False, 4
3142,0, 2750, False, 4
3143,0, 2750, False, 4
3144,0, 2750, False, 4
3145,0, 2750, False, 4
3146,0, 2750, False, 4
3147,0, 2750, False, 4
3148,0, 2750, False, 4
3149,0, 2750, False, 4
3150,0, 2750, False, 4
3151,0, 2750, False, 0
3152,0, 2750, False, 0
3153,0, 2750, False, 0
3154,0, 2750, False, 0
3155,0, 2750, False, 0
3156,0, 2750, False, 0
3157,0, 2750, False, 2
3158,0, 2750, False, 2
3159,0, 2750, False, 2
3160,0, 2750, False, 2
3161,0, 2750, False, 2
3162,0, 2750, False, 2
3163,0, 2750, False, 2
3164,0, 2750, False, 2
3165,0, 2750, False, 2
3166,0, 2750, False, 2
3167,0, 2750, False, 2
3168,0, 2750, False, 2
3169,0, 2750, False, 2
3170,0, 2750, False, 2
3171,0, 2750, False, 2
3172,0, 2750, False, 2
3173,0, 2750, False, 2
3174,0, 2750, False, 2
3175,0, 2750, False, 2
3176,0, 2750, False, 2
3177,0, 2750, False, 2
3178,0, 2750, False, 2
3179,0, 2750, False, 0
3180,0, 2750, False, 0
3181,0, 2750, False, 0
3182,0, 2750, False, 0
3183,0, 2750, False, 0
3184,0, 2750, False, 0
3185,0, 2750, False, 0
3186,0, 2750, False, 0
3187,0, 2750, False, 0
3188,0, 2750, False, 0
3189,0, 2750, False, 0
3190,0, 2750, False, 0
3191,0, 2750, False, 0
3192,0, 2750, False, 0
3193,0, 2750, False, 0
3194,0, 2750, False, 0
3195,0, 2750, False, 0
3196,0, 2750, False, 0
3197,0, 2750, False, 0
3198,0, 2750, False, 0
3199,0, 2750, False, 0
3200,0, 2750, False, 0
3201,0, 2750, False, 0
3202,0, 2750, False, 0
3203,0, 2750, False, 0
3204,0, 2750, False, 0
3205,0, 2750, False, 0
3206,0, 2750, False, 0
3207,0, 2750, False, 0
3208,0, 2750, False, 0
3209,0, 2750, False, 0
3210,0, 2750, False, 0
3211,0, 2750, False, 0
3212,0, 2750, False, 0
3213,0, 2750, False, 0
3214,0, 2750, False, 0
3215,0, 2750, False, 0
3216,0, 2750, False, 0
3217,0, 2750, False, 0
3218,0, 2750, False, 0
3219,0, 2750, False, 0
3220,0, 2750, False, 0
3221,0, 2750, False, 0
3222,0, 2750, False, 0
3223,0, 2750, False, 0
3224,0, 2750, False, 0
3225,0, 2750, False, 0
3226,0, 2750, False, 0
3227,0, 2750, False, 0
3228,0, 2750, False, 0
3229,0, 2750, False, 0
3230,0, 2750, False, 0
3231,0, 2750, False, 0
3232,0, 2750, False, 0
3233,0, 2750, False, 0
3234,0, 2750, False, 0
3235,0, 2750, False, 0
3236,0, 2750, False, 0
3237,0, 2750, False, 0
3238,0, 2750, False, 0
3239,0, 2750, False, 0
3240,0, 2750, False, 0
3241,0, 2750, False, 0
3242,0, 2750, False, 0
3243,0, 2750, False, 0
3244,0, 2750, False, 0
3245,0, 2750, False, 0
3246,0, 2750, False, 0
3247,0, 2750, False, 0
3248,0, 2750, False, 0
3249,0, 2750, False, 0
3250,0, 2750, False, 0
3251,0, 2750, False, 0
3252,0, 2750, False, 0
3253,0, 2750, False, 0
3254,0, 2750, False, 0
3255,0, 2750, False, 0
3256,0, 2750, False, 0
3257,0, 2750, False, 0
3258,0, 2750, False, 0
3259,0, 2750, False, 0
3260,0, 2750, False, 0
3261,0, 2750, False, 0
3262,0, 2750, False, 0
3263,0, 2750, False, 0
3264,0, 2750, False, 0
3265,0, 2750, False, 0
3266,0, 2750, False, 0
3267,0, 2750, False, 0
3268,0, 2750, False, 0
3269,0, 2750, False, 0
3270,0, 2750, False, 0
3271,0, 2750, False, 0
3272,0, 2750, False, 0
3273,0, 2750, False, 0
3274,0, 2750, False, 0
3275,0, 2750, False, 0
3276,0, 2750, False, 0
3277,0, 2750, False, 0
3278,0, 2750, False, 0
3279,0, 2750, False, 0
3280,0, 2750, False, 0
3281,0, 2750, False, 0
3282,0, 2750, False, 0
3283,0, 2750, False, 0
3284,0, 2750, False, 0
3285,0, 2750, False, 0
3286,0, 2750, False, 0
3287,0, 2750, False, 0
3288,0, 2750, False, 0
3289,0, 2750, False, 0
3290,0, 2750, False, 0
3291,0, 2750, False, 0
3292,0, 2750, False, 0
3293,0, 2750, False, 0
3294,0, 2750, False, 0
3295,0, 2750, False, 0
3296,0, 2750, False, 0
3297,0, 2750, False, 0
3298,0, 2750, False, 0
3299,0, 2750, False, 0
3300,0, 2750, False, 0
3301,0, 2750, False, 0
3302,0, 2750, False, 0
3303,0, 2750, False, 0
3304,0, 2750, False, 0
3305,0, 2750, False, 0
3306,0, 2750, False, 0
3307,0, 2750, False, 0
3308,0, 2750, False, 0
3309,0, 2750, False, 0
3310,0, 2750, False, 0
3311,0, 2750, False, 0
3312,0, 2750, False, 0
3313,0, 2750, False, 0
3314,0, 2750, False, 0
3315,0, 2750, False, 0
3316,0, 2750, False, 0
3317,0, 2750, False, 0
3318,0, 2750, False, 0
3319,0, 2750, False, 0
3320,0, 2750, False, 0
3321,0, 2750, False, 3
3322,0, 2750, False, 3
3323,0, 2750, False, 3
3324,0, 2750, False, 3
3325,0, 2750, False, 3
3326,0, 2750, False, 3
3327,0, 2750, False, 3
3328,0, 2750, False, 3
3329,0, 2750, False, 3
3330,0, 2750, False, 3
3331,0, 2750, False, 3
3332,0, 2750, False, 3
3333,0, 2750, False, 3
3334,0, 2750, False, 3
3335,0, 2750, False, 3
3336,0, 2750, False, 3
3337,0, 2750, False, 3
3338,0, 2750, False, 3
3339,0, 2750, False, 3
3340,0, 2750, False, 3
3341,0, 2750, False, 3
3342,0, 2750, False, 3
3343,0, 2750, False, 3
3344,0, 2750, False, 3
3345,0, 2750, False, 3
3346,0, 2750, False, 3
3347,0, 2750, False, 3
3348,0, 2750, False, 3
3349,0, 2750, False, 3
3350,0, 2750, False, 3
3351,0, 2750, False, 3
3352,0, 2750, False, 3
3353,0, 2750, False, 3
3354,0, 2750, False, 3
3355,0, 2750, False, 3
3356,0, 2750, False, 3
3357,0, 2750, False, 3
3358,0, 2750, False, 3
3359,0, 2750, False, 3
3360,0, 2750, False, 3
3361,0, 2750, False, 3
3362,0, 2750, False, 3
3363,0, 2750, False, 3
3364,0, 2750, False, 3
3365,0, 2750, False, 3
3366,0, 2750, False, 3
3367,0, 2750, False, 3
3368,0, 2750, False, 3
3369,0, 2750, False, 0
3370,0, 2750, False, 0
3371,0, 2750, False, 0
3372,0, 2750, False, 0
3373,0, 2750, False, 0
3374,0, 2750, False, 0
3375,0, 2750, False, 0
3376,0, 2750, False, 0
3377,0, 2750, False, 0
3378,0, 2750, False, 0
3379,0, 2750, False, 0
3380,0, 2750, False, 0
3381,0, 2750, False, 0
3382,0, 2750, False, 0
3383,0, 2750, False, 0
3384,0, 2750, False, 0
3385,0, 2750, False, 0
3386,0, 2750, False, 0
3387,0, 2750, False, 0
3388,0, 2750, False, 0
3389,0, 2750, False, 0
3390,0, 2750, False, 0
3391,0, 2750, False, 0
3392,0, 2750, False, 3
3393,0, 2750, False, 3
3394,0, 2750, False, 3
3395,0, 2750, False, 3
3396,0, 2750, False, 3
3397,0, 2750, False, 3
3398,0, 2750, False, 3
3399,0, 2750, False, 3
3400,0, 2750, False, 3
3401,0, 2750, False, 3
3402,0, 2750, False, 3
3403,0, 2750, False, 3
3404,0, 2750, False, 3
3405,0, 2750, False, 3
3406,0, 2750, False, 3
3407,0, 2750, False, 3
3408,0, 2750, False, 3
3409,0, 2750, False, 3
3410,0, 2750, False, 3
3411,0, 2750, False, 3
3412,0, 2750, False, 3
3413,0, 2750, False, 3
3414,0, 2750, False, 3
3415,0, 2750, False, 3
3416,0, 2750, False, 3
3417,0, 2750, False, 3
3418,0, 2750, False, 3
3419,10, 2760, False, 3
3420,0, 2760, False, 3
3421,0, 2760, False, 0
3422,0, 2760, False, 0
3423,0, 2760, False, 0
3424,0, 2760, False, 0
3425,0, 2760, False, 0
3426,0, 2760, False, 0
3427,0, 2760, False, 0
3428,0, 2760, False, 0
3429,0, 2760, False, 0
3430,0, 2760, False, 0
3431,0, 2760, False, 0
3432,0, 2760, False, 0
3433,0, 2760, False, 0
3434,0, 2760, False, 0
3435,0, 2760, False, 0
3436,0, 2760, False, 0
3437,0, 2760, False, 0
3438,0, 2760, False, 0
3439,0, 2760, False, 0
3440,0, 2760, False, 0
3441,0, 2760, False, 0
3442,0, 2760, False, 0
3443,0, 2760, False, 0
3444,0, 2760, False, 0
3445,0, 2760, False, 0
3446,0, 2760, False, 0
3447,0, 2760, False, 0
3448,0, 2760, False, 0
3449,0, 2760, False, 0
3450,0, 2760, False, 0
3451,0, 2760, False, 0
3452,0, 2760, False, 0
3453,0, 2760, False, 0
3454,0, 2760, False, 0
3455,0, 2760, False, 0
3456,0, 2760, False, 0
3457,0, 2760, False, 0
3458,0, 2760, False, 0
3459,0, 2760, False, 0
3460,0, 2760, False, 0
3461,0, 2760, False, 0
3462,0, 2760, False, 0
3463,0, 2760, False, 0
3464,0, 2760, False, 0
3465,0, 2760, False, 0
3466,0, 2760, False, 5
3467,0, 2760, False, 5
3468,0, 2760, False, 5
3469,0, 2760, False, 5
3470,0, 2760, False, 5
3471,0, 2760, False, 5
3472,0, 2760, False, 5
3473,0, 2760, False, 5
3474,0, 2760, False, 5
3475,0, 2760, False, 5
3476,0, 2760, False, 5
3477,0, 2760, False, 5
3478,0, 2760, False, 5
3479,0, 2760, False, 5
3480,0, 2760, False, 5
3481,0, 2760, False, 5
3482,0, 2760, False, 5
3483,0, 2760, False, 5
3484,0, 2760, False, 5
3485,0, 2760, False, 5
3486,0, 2760, False, 5
3487,0, 2760, False, 5
3488,0, 2760, False, 5
3489,0, 2760, False, 5
3490,0, 2760, False, 5
3491,0, 2760, False, 5
3492,0, 2760, False, 5
3493,0, 2760, False, 5
3494,0, 2760, False, 5
3495,0, 2760, False, 5
3496,0, 2760, False, 5
3497,0, 2760, False, 5
3498,0, 2760, False, 5
3499,0, 2760, False, 5
3500,0, 2760, False, 5
3501,0, 2760, False, 5
3502,0, 2760, False, 5
3503,0, 2760, False, 5
3504,0, 2760, False, 5
3505,0, 2760, False, 5
3506,0, 2760, False, 9
3507,0, 2760, False, 4
3508,0, 2760, False, 4
3509,0, 2760, False, 4
3510,0, 2760, False, 4
3511,0, 2760, False, 4
3512,0, 2760, False, 4
3513,0, 2760, False, 4
3514,0, 2760, False, 4
3515,0, 2760, False, 4
3516,0, 2760, False, 4
3517,0, 2760, False, 4
3518,0, 2760, False, 4
3519,0, 2760, False, 4
3520,0, 2760, False, 4
3521,0, 2760, False, 4
3522,0, 2760, False, 4
3523,0, 2760, False, 4
3524,0, 2760, False, 4
3525,0, 2760, False, 4
3526,0, 2760, False, 4
3527,0, 2760, False, 4
3528,0, 2760, False, 4
3529,0, 2760, False, 4
3530,0, 2760, False, 4
3531,0, 2760, False, 4
3532,0, 2760, False, 4
3533,0, 2760, False, 4
3534,0, 2760, False, 4
3535,0, 2760, False, 4
3536,0, 2760, False, 4
3537,0, 2760, False, 4
3538,0, 2760, False, 4
3539,0, 2760, False, 4
3540,0, 2760, False, 4
3541,0, 2760, False, 4
3542,0, 2760, False, 4
3543,0, 2760, False, 4
3544,0, 2760, False, 4
3545,0, 2760, False, 4
3546,0, 2760, False, 4
3547,0, 2760, False, 4
3548,0, 2760, False, 4
3549,0, 2760, False, 4
3550,0, 2760, False, 4
3551,0, 2760, False, 4
3552,0, 2760, False, 4
3553,0, 2760, False, 4
3554,0, 2760, False, 4
3555,0, 2760, False, 4
3556,0, 2760, False, 4
3557,0, 2760, False, 0
3558,0, 2760, False, 0
3559,0, 2760, False, 0
3560,0, 2760, False, 0
3561,0, 2760, False, 0
3562,0, 2760, False, 0
3563,0, 2760, False, 0
3564,0, 2760, False, 0
3565,0, 2760, False, 0
3566,0, 2760, False, 0
3567,0, 2760, False, 0
3568,0, 2760, False, 0
3569,0, 2760, False, 0
3570,0, 2760, False, 0
3571,0, 2760, False, 0
3572,0, 2760, False, 0
3573,0, 2760, False, 0
3574,0, 2760, False, 0
3575,0, 2760, False, 0
3576,0, 2760, False, 0
3577,0, 2760, False, 0
3578,0, 2760, False, 0
3579,0, 2760, False, 0
3580,0, 2760, False, 0
3581,0, 2760, False, 0
3582,0, 2760, False, 0
3583,0, 2760, False, 2
3584,0, 2760, False, 2
3585,0, 2760, False, 2
3586,0, 2760, False, 2
3587,0, 2760, False, 2
3588,0, 2760, False, 2
3589,0, 2760, False, 2
3590,0, 2760, False, 2
3591,0, 2760, False, 2
3592,0, 2760, False, 2
3593,0, 2760, False, 2
3594,0, 2760, False, 2
3595,0, 2760, False, 2
3596,0, 2760, False, 2
3597,0, 2760, False, 2
3598,0, 2760, False, 2
3599,0, 2760, False, 2
3600,0, 2760, False, 2
3601,0, 2760, False, 2
3602,0, 2760, False, 2
3603,0, 2760, False, 2
3604,0, 2760, False, 2
3605,0, 2760, False, 0
3606,0, 2760, False, 0
3607,0, 2760, False, 0
3608,0, 2760, False, 0
3609,0, 2760, False, 0
3610,0, 2760, False, 0
3611,0, 2760, False, 0
3612,0, 2760, False, 0
3613,0, 2760, False, 0
3614,0, 2760, False, 0
3615,0, 2760, False, 0
3616,0, 2760, False, 0
3617,0, 2760, False, 0
3618,0, 2760, False, 0
3619,0, 2760, False, 0
3620,0, 2760, False, 0
3621,0, 2760, False, 0
3622,0, 2760, False, 0
3623,0, 2760, False, 2
3624,0, 2760, False, 2
3625,0, 2760, False, 2
3626,0, 2760, False, 2
3627,0, 2760, False, 2
3628,0, 2760, False, 2
3629,0, 2760, False, 2
3630,0, 2760, False, 2
3631,0, 2760, False, 2
3632,0, 2760, False, 2
3633,0, 2760, False, 2
3634,0, 2760, False, 2
3635,0, 2760, False, 2
3636,0, 2760, False, 0
3637,0, 2760, False, 0
3638,0, 2760, False, 0
3639,0, 2760, False, 0
3640,0, 2760, False, 0
3641,0, 2760, False, 0
3642,0, 2760, False, 0
3643,0, 2760, False, 0
3644,0, 2760, False, 0
3645,0, 2760, False, 0
3646,0, 2760, False, 0
3647,0, 2760, False, 0
3648,0, 2760, False, 0
3649,0, 2760, False, 0
3650,0, 2760, False, 0
3651,0, 2760, False, 0
3652,0, 2760, False, 0
3653,0, 2760, False, 0
3654,0, 2760, False, 0
3655,0, 2760, False, 0
3656,0, 2760, False, 0
3657,0, 2760, False, 0
3658,0, 2760, False, 0
3659,0, 2760, False, 0
3660,0, 2760, False, 0
3661,0, 2760, False, 0
3662,0, 2760, False, 0
3663,0, 2760, False, 0
3664,0, 2760, False, 0
3665,0, 2760, False, 0
3666,0, 2760, False, 0
3667,0, 2760, False, 2
3668,0, 2760, False, 2
3669,0, 2760, False, 2
3670,0, 2760, False, 2
3671,0, 2760, False, 2
3672,0, 2760, False, 2
3673,0, 2760, False, 2
3674,0, 2760, False, 2
3675,0, 2760, False, 2
3676,0, 2760, False, 2
3677,0, 2760, False, 2
3678,0, 2760, False, 2
3679,0, 2760, False, 2
3680,0, 2760, False, 2
3681,0, 2760, False, 2
3682,0, 2760, False, 2
3683,0, 2760, False, 2
3684,0, 2760, False, 2
3685,0, 2760, False, 2
3686,0, 2760, False, 2
3687,0, 2760, False, 2
3688,0, 2760, False, 2
3689,0, 2760, False, 2
3690,0, 2760, False, 2
3691,0, 2760, False, 2
3692,0, 2760, False, 2
3693,0, 2760, False, 2
3694,0, 2760, False, 2
3695,0, 2760, False, 2
3696,0, 2760, False, 2
3697,0, 2760, False, 2
3698,0, 2760, False, 2
3699,0, 2760, False, 2
3700,0, 2760, False, 2
3701,0, 2760, False, 2
3702,0, 2760, False, 2
3703,0, 2760, False, 2
3704,0, 2760, False, 2
3705,0, 2760, False, 2
3706,0, 2760, False, 2
3707,0, 2760, False, 2
3708,0, 2760, False, 2
3709,0, 2760, False, 2
3710,0, 2760, False, 2
3711,0, 2760, False, 2
3712,0, 2760, False, 2
3713,0, 2760, False, 2
3714,0, 2760, False, 0
3715,0, 2760, False, 0
3716,0, 2760, False, 0
3717,0, 2760, False, 0
3718,0, 2760, False, 0
3719,0, 2760, False, 0
3720,0, 2760, False, 0
3721,0, 2760, False, 0
3722,0, 2760, False, 0
3723,0, 2760, False, 3
3724,0, 2760, False, 3
3725,0, 2760, False, 3
3726,0, 2760, False, 3
3727,0, 2760, False, 3
3728,0, 2760, False, 3
3729,0, 2760, False, 3
3730,0, 2760, False, 3
3731,0, 2760, False, 3
3732,0, 2760, False, 3
3733,0, 2760, False, 3
3734,0, 2760, False, 3
3735,0, 2760, False, 0
3736,0, 2760, False, 0
3737,0, 2760, False, 0
3738,0, 2760, False, 0
3739,0, 2760, False, 0
3740,0, 2760, False, 2
3741,0, 2760, False, 2
3742,0, 2760, False, 2
3743,0, 2760, False, 2
3744,0, 2760, False, 2
3745,0, 2760, False, 2
3746,0, 2760, False, 2
3747,0, 2760, False, 2
3748,0, 2760, False, 2
3749,0, 2760, False, 2
3750,0, 2760, False, 2
3751,0, 2760, False, 2
3752,0, 2760, False, 2
3753,0, 2760, False, 2
3754,0, 2760, False, 2
3755,0, 2760, False, 7
3756,0, 2760, False, 7
3757,0, 2760, False, 7
3758,0, 2760, False, 7
3759,0, 2760, False, 7
3760,0, 2760, False, 7
3761,0, 2760, False, 7
3762,0, 2760, False, 7
3763,0, 2760, False, 7
3764,0, 2760, False, 7
3765,0, 2760, False, 4
3766,0, 2760, False, 4
3767,0, 2760, False, 4
3768,0, 2760, False, 4
3769,0, 2760, False, 4
3770,0, 2760, False, 4
3771,0, 2760, False, 4
3772,0, 2760, False, 4
3773,10, 2770, False, 4
3774,0, 2770, False, 4
3775,0, 2770, False, 4
3776,0, 2770, False, 4
3777,0, 2770, False, 4
3778,0, 2770, False, 4
3779,0, 2770, False, 4
3780,0, 2770, False, 4
3781,0, 2770, False, 4
3782,0, 2770, False, 4
3783,0, 2770, False, 4
3784,0, 2770, False, 4
3785,0, 2770, False, 4
3786,0, 2770, False, 4
3787,0, 2770, False, 4
3788,0, 2770, False, 4
3789,0, 2770, False, 4
3790,0, 2770, False, 4
3791,0, 2770, False, 4
3792,0, 2770, False, 4
3793,0, 2770, False, 0
3794,0, 2770, False, 0
3795,0, 2770, False, 0
3796,0, 2770, False, 0
3797,0, 2770, False, 0
3798,0, 2770, False, 0
3799,0, 2770, False, 0
3800,0, 2770, False, 0
3801,0, 2770, False, 0
3802,0, 2770, False, 0
3803,10, 2780, False, 0
3804,0, 2780, False, 0
3805,0, 2780, False, 0
3806,0, 2780, False, 0
3807,0, 2780, False, 0
3808,0, 2780, False, 0
3809,0, 2780, False, 0
3810,0, 2780, False, 0
3811,0, 2780, False, 0
3812,0, 2780, False, 0
3813,0, 2780, False, 0
3814,0, 2780, False, 0
3815,0, 2780, False, 0
3816,0, 2780, False, 0
3817,0, 2780, False, 0
3818,0, 2780, False, 0
3819,0, 2780, False, 0
3820,0, 2780, False, 0
3821,0, 2780, False, 0
3822,0, 2780, False, 0
3823,0, 2780, False, 0
3824,0, 2780, False, 0
3825,0, 2780, False, 0
3826,0, 2780, False, 2
3827,0, 2780, False, 2
3828,0, 2780, False, 2
3829,0, 2780, False, 2
3830,0, 2780, False, 2
3831,0, 2780, False, 2
3832,0, 2780, False, 2
3833,0, 2780, False, 2
3834,0, 2780, False, 0
3835,0, 2780, False, 0
3836,0, 2780, False, 0
3837,0, 2780, False, 0
3838,0, 2780, False, 0
3839,0, 2780, False, 0
3840,0, 2780, False, 0
3841,0, 2780, False, 0
3842,0, 2780, False, 0
3843,0, 2780, False, 0
3844,0, 2780, False, 0
3845,0, 2780, False, 0
3846,0, 2780, False, 0
3847,0, 2780, False, 3
3848,0, 2780, False, 3
3849,0, 2780, False, 3
3850,0, 2780, False, 3
3851,0, 2780, False, 3
3852,0, 2780, False, 3
3853,0, 2780, False, 3
3854,0, 2780, False, 3
3855,0, 2780, False, 3
3856,0, 2780, False, 3
3857,0, 2780, False, 3
3858,0, 2780, False, 3
3859,0, 2780, False, 3
3860,0, 2780, False, 3
3861,0, 2780, False, 3
3862,0, 2780, False, 3
3863,0, 2780, False, 3
3864,0, 2780, False, 0
3865,0, 2780, False, 0
3866,0, 2780, False, 0
3867,0, 2780, False, 0
3868,0, 2780, False, 0
3869,0, 2780, False, 0
3870,0, 2780, False, 0
3871,0, 2780, False, 0
3872,0, 2780, False, 0
3873,0, 2780, False, 0
3874,0, 2780, False, 0
3875,0, 2780, False, 0
3876,0, 2780, False, 0
3877,0, 2780, False, 0
3878,0, 2780, False, 0
3879,0, 2780, False, 0
3880,0, 2780, False, 0
3881,0, 2780, False, 0
3882,0, 2780, False, 0
3883,0, 2780, False, 0
3884,0, 2780, False, 0
3885,0, 2780, False, 0
3886,0, 2780, False, 0
3887,0, 2780, False, 0
3888,0, 2780, False, 0
3889,0, 2780, False, 0
3890,0, 2780, False, 0
3891,0, 2780, False, 0
3892,0, 2780, False, 0
3893,0, 2780, False, 0
3894,0, 2780, False, 0
3895,0, 2780, False, 0
3896,0, 2780, False, 0
3897,0, 2780, False, 0
3898,0, 2780, False, 0
3899,0, 2780, False, 0
3900,0, 2780, False, 0
3901,0, 2780, False, 0
3902,0, 2780, False, 0
3903,0, 2780, False, 0
3904,0, 2780, False, 0
3905,0, 2780, False, 0
3906,0, 2780, False, 0
3907,0, 2780, False, 0
3908,0, 2780, False, 0
3909,0, 2780, False, 0
3910,0, 2780, False, 0
3911,0, 2780, False, 0
3912,0, 2780, False, 0
3913,0, 2780, False, 0
3914,0, 2780, False, 0
3915,0, 2780, False, 0
3916,0, 2780, False, 0
3917,0, 2780, False, 0
3918,0, 2780, False, 0
3919,0, 2780, False, 0
3920,0, 2780, False, 0
3921,0, 2780, False, 0
3922,0, 2780, False, 0
3923,0, 2780, False, 0
3924,0, 2780, False, 0
3925,0, 2780, False, 0
3926,0, 2780, False, 0
3927,0, 2780, False, 0
3928,0, 2780, False, 0
3929,0, 2780, False, 0
3930,0, 2780, False, 0
3931,0, 2780, True, 0
