db traj id : 253
frame,reward,score,terminal, action
0,0, 0, False, 0
1,0, 0, False, 0
2,0, 0, False, 0
3,0, 0, False, 0
4,0, 0, False, 0
5,0, 0, False, 0
6,0, 0, False, 0
7,0, 0, False, 0
8,0, 0, False, 0
9,0, 0, False, 0
10,0, 0, False, 0
11,0, 0, False, 0
12,0, 0, False, 0
13,0, 0, False, 0
14,0, 0, False, 0
15,0, 0, False, 0
16,0, 0, False, 0
17,0, 0, False, 0
18,0, 0, False, 0
19,0, 0, False, 0
20,0, 0, False, 0
21,0, 0, False, 0
22,0, 0, False, 0
23,0, 0, False, 0
24,0, 0, False, 0
25,0, 0, False, 0
26,0, 0, False, 0
27,0, 0, False, 0
28,0, 0, False, 0
29,0, 0, False, 0
30,0, 0, False, 0
31,0, 0, False, 0
32,0, 0, False, 0
33,0, 0, False, 0
34,0, 0, False, 0
35,0, 0, False, 0
36,0, 0, False, 0
37,0, 0, False, 0
38,0, 0, False, 0
39,0, 0, False, 0
40,0, 0, False, 0
41,0, 0, False, 0
42,0, 0, False, 0
43,0, 0, False, 0
44,0, 0, False, 0
45,0, 0, False, 0
46,0, 0, False, 0
47,0, 0, False, 0
48,0, 0, False, 0
49,0, 0, False, 0
50,0, 0, False, 0
51,0, 0, False, 0
52,0, 0, False, 0
53,0, 0, False, 0
54,0, 0, False, 0
55,0, 0, False, 0
56,0, 0, False, 0
57,0, 0, False, 0
58,0, 0, False, 0
59,0, 0, False, 0
60,0, 0, False, 0
61,0, 0, False, 0
62,0, 0, False, 0
63,0, 0, False, 0
64,0, 0, False, 0
65,0, 0, False, 0
66,0, 0, False, 0
67,0, 0, False, 0
68,0, 0, False, 0
69,0, 0, False, 0
70,0, 0, False, 0
71,0, 0, False, 0
72,0, 0, False, 0
73,0, 0, False, 0
74,0, 0, False, 0
75,0, 0, False, 0
76,0, 0, False, 0
77,0, 0, False, 0
78,0, 0, False, 0
79,0, 0, False, 0
80,0, 0, False, 0
81,0, 0, False, 0
82,0, 0, False, 0
83,0, 0, False, 0
84,0, 0, False, 0
85,0, 0, False, 0
86,0, 0, False, 0
87,0, 0, False, 0
88,0, 0, False, 0
89,0, 0, False, 0
90,0, 0, False, 0
91,0, 0, False, 0
92,0, 0, False, 0
93,0, 0, False, 0
94,0, 0, False, 0
95,0, 0, False, 0
96,0, 0, False, 0
97,0, 0, False, 0
98,0, 0, False, 0
99,0, 0, False, 0
100,0, 0, False, 0
101,0, 0, False, 0
102,0, 0, False, 0
103,0, 0, False, 0
104,0, 0, False, 0
105,0, 0, False, 0
106,0, 0, False, 0
107,0, 0, False, 0
108,0, 0, False, 0
109,0, 0, False, 0
110,0, 0, False, 0
111,0, 0, False, 0
112,0, 0, False, 0
113,0, 0, False, 0
114,0, 0, False, 0
115,0, 0, False, 0
116,0, 0, False, 0
117,0, 0, False, 0
118,0, 0, False, 0
119,0, 0, False, 0
120,0, 0, False, 0
121,0, 0, False, 0
122,0, 0, False, 0
123,0, 0, False, 0
124,0, 0, False, 0
125,0, 0, False, 0
126,0, 0, False, 0
127,0, 0, False, 0
128,0, 0, False, 0
129,0, 0, False, 0
130,0, 0, False, 0
131,0, 0, False, 0
132,0, 0, False, 0
133,0, 0, False, 0
134,0, 0, False, 0
135,0, 0, False, 0
136,0, 0, False, 0
137,0, 0, False, 0
138,0, 0, False, 0
139,0, 0, False, 0
140,0, 0, False, 0
141,0, 0, False, 0
142,0, 0, False, 0
143,0, 0, False, 0
144,0, 0, False, 0
145,0, 0, False, 0
146,0, 0, False, 0
147,0, 0, False, 0
148,0, 0, False, 0
149,0, 0, False, 0
150,0, 0, False, 0
151,0, 0, False, 0
152,0, 0, False, 0
153,0, 0, False, 0
154,0, 0, False, 0
155,0, 0, False, 0
156,0, 0, False, 0
157,0, 0, False, 0
158,0, 0, False, 0
159,0, 0, False, 0
160,0, 0, False, 0
161,0, 0, False, 0
162,0, 0, False, 0
163,0, 0, False, 0
164,0, 0, False, 0
165,0, 0, False, 0
166,0, 0, False, 0
167,0, 0, False, 0
168,0, 0, False, 0
169,0, 0, False, 0
170,0, 0, False, 0
171,0, 0, False, 0
172,0, 0, False, 0
173,0, 0, False, 0
174,0, 0, False, 0
175,0, 0, False, 0
176,0, 0, False, 0
177,0, 0, False, 0
178,0, 0, False, 0
179,0, 0, False, 0
180,0, 0, False, 0
181,0, 0, False, 0
182,0, 0, False, 0
183,0, 0, False, 0
184,0, 0, False, 0
185,0, 0, False, 0
186,0, 0, False, 0
187,0, 0, False, 0
188,0, 0, False, 0
189,0, 0, False, 0
190,0, 0, False, 0
191,0, 0, False, 0
192,0, 0, False, 0
193,0, 0, False, 0
194,0, 0, False, 4
195,0, 0, False, 4
196,0, 0, False, 4
197,0, 0, False, 4
198,0, 0, False, 4
199,0, 0, False, 4
200,0, 0, False, 4
201,0, 0, False, 4
202,0, 0, False, 4
203,0, 0, False, 4
204,0, 0, False, 4
205,0, 0, False, 0
206,0, 0, False, 0
207,0, 0, False, 0
208,0, 0, False, 0
209,0, 0, False, 0
210,0, 0, False, 0
211,0, 0, False, 0
212,0, 0, False, 0
213,0, 0, False, 0
214,0, 0, False, 0
215,0, 0, False, 0
216,0, 0, False, 0
217,0, 0, False, 0
218,0, 0, False, 0
219,0, 0, False, 0
220,0, 0, False, 0
221,0, 0, False, 0
222,0, 0, False, 4
223,0, 0, False, 4
224,0, 0, False, 4
225,0, 0, False, 4
226,0, 0, False, 4
227,0, 0, False, 4
228,0, 0, False, 4
229,0, 0, False, 4
230,0, 0, False, 4
231,0, 0, False, 4
232,0, 0, False, 0
233,0, 0, False, 0
234,0, 0, False, 0
235,0, 0, False, 0
236,0, 0, False, 0
237,0, 0, False, 0
238,0, 0, False, 0
239,0, 0, False, 0
240,0, 0, False, 0
241,0, 0, False, 0
242,0, 0, False, 0
243,0, 0, False, 4
244,0, 0, False, 4
245,0, 0, False, 4
246,0, 0, False, 4
247,0, 0, False, 4
248,0, 0, False, 4
249,0, 0, False, 4
250,0, 0, False, 4
251,0, 0, False, 4
252,0, 0, False, 0
253,0, 0, False, 0
254,0, 0, False, 0
255,0, 0, False, 0
256,0, 0, False, 0
257,0, 0, False, 0
258,0, 0, False, 0
259,0, 0, False, 0
260,0, 0, False, 4
261,0, 0, False, 4
262,0, 0, False, 4
263,0, 0, False, 4
264,0, 0, False, 4
265,0, 0, False, 4
266,0, 0, False, 4
267,0, 0, False, 4
268,0, 0, False, 4
269,0, 0, False, 0
270,0, 0, False, 0
271,0, 0, False, 0
272,0, 0, False, 0
273,0, 0, False, 0
274,0, 0, False, 0
275,0, 0, False, 0
276,0, 0, False, 0
277,0, 0, False, 0
278,0, 0, False, 0
279,0, 0, False, 0
280,0, 0, False, 5
281,0, 0, False, 5
282,10, 10, False, 5
283,0, 10, False, 5
284,0, 10, False, 5
285,0, 10, False, 5
286,0, 10, False, 5
287,0, 10, False, 5
288,0, 10, False, 5
289,0, 10, False, 0
290,0, 10, False, 0
291,0, 10, False, 0
292,0, 10, False, 0
293,0, 10, False, 0
294,0, 10, False, 0
295,0, 10, False, 0
296,10, 20, False, 0
297,0, 20, False, 0
298,0, 20, False, 0
299,0, 20, False, 0
300,0, 20, False, 0
301,0, 20, False, 0
302,0, 20, False, 0
303,0, 20, False, 4
304,0, 20, False, 4
305,0, 20, False, 4
306,0, 20, False, 4
307,0, 20, False, 4
308,0, 20, False, 4
309,0, 20, False, 4
310,10, 30, False, 4
311,0, 30, False, 4
312,0, 30, False, 4
313,0, 30, False, 0
314,0, 30, False, 0
315,0, 30, False, 0
316,0, 30, False, 0
317,0, 30, False, 0
318,0, 30, False, 0
319,0, 30, False, 0
320,0, 30, False, 0
321,0, 30, False, 0
322,10, 40, False, 0
323,0, 40, False, 0
324,0, 40, False, 0
325,0, 40, False, 0
326,0, 40, False, 0
327,0, 40, False, 0
328,0, 40, False, 0
329,0, 40, False, 0
330,0, 40, False, 5
331,0, 40, False, 5
332,0, 40, False, 5
333,0, 40, False, 5
334,0, 40, False, 5
335,0, 40, False, 5
336,10, 50, False, 5
337,0, 50, False, 5
338,0, 50, False, 5
339,0, 50, False, 5
340,0, 50, False, 5
341,0, 50, False, 5
342,0, 50, False, 0
343,0, 50, False, 0
344,0, 50, False, 0
345,0, 50, False, 0
346,0, 50, False, 0
347,0, 50, False, 0
348,0, 50, False, 0
349,0, 50, False, 0
350,10, 60, False, 0
351,0, 60, False, 0
352,0, 60, False, 0
353,0, 60, False, 0
354,0, 60, False, 0
355,0, 60, False, 0
356,0, 60, False, 0
357,0, 60, False, 0
358,0, 60, False, 5
359,0, 60, False, 5
360,0, 60, False, 5
361,0, 60, False, 5
362,0, 60, False, 5
363,0, 60, False, 5
364,0, 60, False, 5
365,0, 60, False, 5
366,10, 70, False, 5
367,0, 70, False, 5
368,0, 70, False, 5
369,0, 70, False, 5
370,0, 70, False, 5
371,0, 70, False, 5
372,0, 70, False, 0
373,0, 70, False, 0
374,0, 70, False, 0
375,0, 70, False, 0
376,0, 70, False, 0
377,0, 70, False, 0
378,0, 70, False, 0
379,0, 70, False, 0
380,10, 80, False, 0
381,0, 80, False, 0
382,0, 80, False, 0
383,0, 80, False, 0
384,0, 80, False, 0
385,0, 80, False, 0
386,0, 80, False, 0
387,0, 80, False, 0
388,0, 80, False, 0
389,0, 80, False, 3
390,0, 80, False, 3
391,0, 80, False, 3
392,0, 80, False, 3
393,0, 80, False, 3
394,10, 90, False, 3
395,0, 90, False, 3
396,0, 90, False, 3
397,0, 90, False, 3
398,0, 90, False, 3
399,0, 90, False, 3
400,0, 90, False, 3
401,0, 90, False, 3
402,0, 90, False, 0
403,0, 90, False, 0
404,0, 90, False, 0
405,0, 90, False, 0
406,0, 90, False, 0
407,0, 90, False, 0
408,10, 100, False, 0
409,0, 100, False, 0
410,0, 100, False, 0
411,0, 100, False, 0
412,0, 100, False, 0
413,0, 100, False, 0
414,0, 100, False, 0
415,0, 100, False, 0
416,0, 100, False, 3
417,0, 100, False, 3
418,0, 100, False, 3
419,0, 100, False, 3
420,0, 100, False, 3
421,0, 100, False, 3
422,10, 110, False, 3
423,0, 110, False, 3
424,0, 110, False, 3
425,0, 110, False, 0
426,0, 110, False, 0
427,0, 110, False, 0
428,0, 110, False, 0
429,0, 110, False, 0
430,0, 110, False, 0
431,0, 110, False, 0
432,0, 110, False, 3
433,0, 110, False, 3
434,0, 110, False, 3
435,0, 110, False, 3
436,0, 110, False, 3
437,0, 110, False, 3
438,0, 110, False, 3
439,0, 110, False, 3
440,10, 120, False, 3
441,0, 120, False, 3
442,0, 120, False, 3
443,0, 120, False, 0
444,0, 120, False, 0
445,0, 120, False, 0
446,0, 120, False, 0
447,0, 120, False, 0
448,0, 120, False, 0
449,0, 120, False, 0
450,0, 120, False, 0
451,0, 120, False, 0
452,0, 120, False, 0
453,0, 120, False, 0
454,10, 130, False, 0
455,0, 130, False, 0
456,0, 130, False, 0
457,0, 130, False, 0
458,0, 130, False, 0
459,0, 130, False, 0
460,0, 130, False, 0
461,0, 130, False, 0
462,0, 130, False, 0
463,0, 130, False, 0
464,0, 130, False, 0
465,0, 130, False, 0
466,10, 140, False, 0
467,0, 140, False, 0
468,0, 140, False, 0
469,0, 140, False, 0
470,0, 140, False, 0
471,0, 140, False, 0
472,0, 140, False, 0
473,0, 140, False, 0
474,0, 140, False, 0
475,0, 140, False, 0
476,0, 140, False, 0
477,0, 140, False, 0
478,0, 140, False, 0
479,0, 140, False, 0
480,10, 150, False, 0
481,0, 150, False, 0
482,0, 150, False, 0
483,0, 150, False, 0
484,0, 150, False, 0
485,0, 150, False, 0
486,0, 150, False, 0
487,0, 150, False, 0
488,0, 150, False, 0
489,0, 150, False, 0
490,0, 150, False, 0
491,0, 150, False, 0
492,0, 150, False, 0
493,0, 150, False, 0
494,10, 160, False, 0
495,0, 160, False, 0
496,0, 160, False, 0
497,0, 160, False, 0
498,0, 160, False, 0
499,0, 160, False, 0
500,0, 160, False, 0
501,0, 160, False, 0
502,0, 160, False, 0
503,0, 160, False, 0
504,0, 160, False, 0
505,0, 160, False, 0
506,0, 160, False, 0
507,0, 160, False, 0
508,0, 160, False, 0
509,0, 160, False, 0
510,0, 160, False, 0
511,0, 160, False, 0
512,10, 170, False, 0
513,0, 170, False, 0
514,0, 170, False, 0
515,0, 170, False, 0
516,0, 170, False, 0
517,0, 170, False, 0
518,0, 170, False, 0
519,0, 170, False, 0
520,0, 170, False, 0
521,0, 170, False, 0
522,0, 170, False, 0
523,0, 170, False, 0
524,0, 170, False, 0
525,0, 170, False, 0
526,10, 180, False, 0
527,0, 180, False, 0
528,0, 180, False, 0
529,0, 180, False, 0
530,0, 180, False, 0
531,0, 180, False, 2
532,0, 180, False, 2
533,0, 180, False, 2
534,0, 180, False, 2
535,0, 180, False, 2
536,0, 180, False, 2
537,0, 180, False, 2
538,10, 190, False, 2
539,0, 190, False, 2
540,0, 190, False, 2
541,0, 190, False, 2
542,0, 190, False, 0
543,0, 190, False, 0
544,0, 190, False, 0
545,0, 190, False, 0
546,0, 190, False, 0
547,0, 190, False, 0
548,0, 190, False, 0
549,0, 190, False, 0
550,0, 190, False, 0
551,0, 190, False, 0
552,10, 200, False, 0
553,0, 200, False, 0
554,0, 200, False, 0
555,0, 200, False, 0
556,0, 200, False, 0
557,0, 200, False, 0
558,0, 200, False, 0
559,0, 200, False, 0
560,0, 200, False, 0
561,0, 200, False, 0
562,0, 200, False, 0
563,0, 200, False, 0
564,0, 200, False, 0
565,0, 200, False, 0
566,10, 210, False, 0
567,0, 210, False, 0
568,0, 210, False, 0
569,0, 210, False, 0
570,0, 210, False, 0
571,0, 210, False, 0
572,0, 210, False, 0
573,0, 210, False, 0
574,0, 210, False, 2
575,0, 210, False, 2
576,0, 210, False, 2
577,0, 210, False, 2
578,10, 220, False, 2
579,0, 220, False, 2
580,0, 220, False, 2
581,0, 220, False, 2
582,0, 220, False, 2
583,0, 220, False, 2
584,0, 220, False, 2
585,0, 220, False, 2
586,0, 220, False, 0
587,0, 220, False, 0
588,0, 220, False, 0
589,0, 220, False, 0
590,0, 220, False, 0
591,0, 220, False, 0
592,0, 220, False, 0
593,0, 220, False, 0
594,0, 220, False, 0
595,0, 220, False, 0
596,10, 230, False, 0
597,0, 230, False, 0
598,0, 230, False, 2
599,0, 230, False, 2
600,0, 230, False, 2
601,0, 230, False, 2
602,0, 230, False, 2
603,0, 230, False, 0
604,0, 230, False, 0
605,0, 230, False, 0
606,0, 230, False, 0
607,0, 230, False, 0
608,0, 230, False, 0
609,0, 230, False, 0
610,10, 240, False, 0
611,0, 240, False, 0
612,0, 240, False, 0
613,0, 240, False, 0
614,0, 240, False, 0
615,0, 240, False, 0
616,0, 240, False, 0
617,0, 240, False, 0
618,0, 240, False, 0
619,0, 240, False, 0
620,0, 240, False, 0
621,0, 240, False, 0
622,0, 240, False, 0
623,0, 240, False, 0
624,10, 250, False, 0
625,0, 250, False, 0
626,0, 250, False, 0
627,0, 250, False, 5
628,0, 250, False, 5
629,0, 250, False, 5
630,0, 250, False, 5
631,0, 250, False, 5
632,0, 250, False, 8
633,0, 250, False, 8
634,0, 250, False, 3
635,0, 250, False, 3
636,0, 250, False, 3
637,0, 250, False, 3
638,0, 250, False, 3
639,0, 250, False, 3
640,0, 250, False, 3
641,0, 250, False, 3
642,0, 250, False, 3
643,0, 250, False, 3
644,0, 250, False, 3
645,0, 250, False, 3
646,0, 250, False, 3
647,0, 250, False, 3
648,0, 250, False, 3
649,0, 250, False, 0
650,0, 250, False, 0
651,0, 250, False, 0
652,0, 250, False, 0
653,0, 250, False, 0
654,0, 250, False, 0
655,0, 250, False, 0
656,0, 250, False, 0
657,0, 250, False, 0
658,0, 250, False, 0
659,0, 250, False, 0
660,0, 250, False, 0
661,0, 250, False, 0
662,0, 250, False, 0
663,0, 250, False, 0
664,0, 250, False, 0
665,0, 250, False, 0
666,0, 250, False, 0
667,0, 250, False, 0
668,0, 250, False, 0
669,0, 250, False, 0
670,0, 250, False, 0
671,0, 250, False, 0
672,0, 250, False, 3
673,0, 250, False, 3
674,0, 250, False, 3
675,0, 250, False, 3
676,0, 250, False, 3
677,0, 250, False, 3
678,0, 250, False, 3
679,0, 250, False, 3
680,10, 260, False, 3
681,0, 260, False, 3
682,0, 260, False, 3
683,0, 260, False, 3
684,0, 260, False, 3
685,0, 260, False, 3
686,0, 260, False, 3
687,0, 260, False, 0
688,0, 260, False, 0
689,0, 260, False, 0
690,0, 260, False, 0
691,0, 260, False, 0
692,0, 260, False, 0
693,0, 260, False, 0
694,0, 260, False, 0
695,0, 260, False, 0
696,0, 260, False, 0
697,0, 260, False, 0
698,0, 260, False, 0
699,0, 260, False, 0
700,0, 260, False, 0
701,0, 260, False, 0
702,0, 260, False, 0
703,0, 260, False, 0
704,0, 260, False, 0
705,0, 260, False, 0
706,0, 260, False, 0
707,0, 260, False, 0
708,0, 260, False, 0
709,0, 260, False, 0
710,0, 260, False, 0
711,0, 260, False, 0
712,0, 260, False, 0
713,0, 260, False, 0
714,0, 260, False, 0
715,0, 260, False, 0
716,0, 260, False, 0
717,0, 260, False, 0
718,0, 260, False, 0
719,0, 260, False, 0
720,0, 260, False, 0
721,0, 260, False, 0
722,0, 260, False, 0
723,0, 260, False, 0
724,0, 260, False, 0
725,0, 260, False, 0
726,0, 260, False, 0
727,0, 260, False, 0
728,0, 260, False, 0
729,0, 260, False, 0
730,0, 260, False, 0
731,0, 260, False, 0
732,0, 260, False, 0
733,0, 260, False, 0
734,0, 260, False, 0
735,0, 260, False, 0
736,0, 260, False, 0
737,0, 260, False, 0
738,0, 260, False, 0
739,0, 260, False, 0
740,0, 260, False, 0
741,0, 260, False, 0
742,0, 260, False, 0
743,0, 260, False, 0
744,0, 260, False, 0
745,0, 260, False, 0
746,0, 260, False, 0
747,0, 260, False, 0
748,0, 260, False, 0
749,0, 260, False, 0
750,0, 260, False, 0
751,0, 260, False, 0
752,0, 260, False, 0
753,0, 260, False, 0
754,0, 260, False, 0
755,0, 260, False, 0
756,0, 260, False, 0
757,0, 260, False, 0
758,0, 260, False, 0
759,0, 260, False, 0
760,0, 260, False, 0
761,0, 260, False, 0
762,0, 260, False, 0
763,0, 260, False, 0
764,0, 260, False, 0
765,0, 260, False, 0
766,0, 260, False, 0
767,0, 260, False, 0
768,0, 260, False, 0
769,0, 260, False, 0
770,0, 260, False, 0
771,0, 260, False, 0
772,0, 260, False, 0
773,0, 260, False, 0
774,0, 260, False, 0
775,0, 260, False, 0
776,0, 260, False, 0
777,0, 260, False, 0
778,0, 260, False, 0
779,0, 260, False, 0
780,0, 260, False, 0
781,0, 260, False, 0
782,0, 260, False, 0
783,0, 260, False, 0
784,0, 260, False, 0
785,0, 260, False, 0
786,0, 260, False, 0
787,0, 260, False, 0
788,0, 260, False, 0
789,0, 260, False, 0
790,0, 260, False, 0
791,0, 260, False, 0
792,0, 260, False, 0
793,0, 260, False, 0
794,0, 260, False, 0
795,0, 260, False, 0
796,0, 260, False, 0
797,0, 260, False, 0
798,0, 260, False, 0
799,0, 260, False, 0
800,0, 260, False, 0
801,0, 260, False, 0
802,0, 260, False, 0
803,0, 260, False, 0
804,0, 260, False, 0
805,0, 260, False, 0
806,0, 260, False, 0
807,0, 260, False, 0
808,0, 260, False, 0
809,0, 260, False, 0
810,0, 260, False, 0
811,0, 260, False, 0
812,0, 260, False, 0
813,0, 260, False, 0
814,0, 260, False, 0
815,0, 260, False, 0
816,0, 260, False, 0
817,0, 260, False, 0
818,0, 260, False, 0
819,0, 260, False, 0
820,0, 260, False, 0
821,0, 260, False, 0
822,0, 260, False, 0
823,0, 260, False, 0
824,0, 260, False, 0
825,0, 260, False, 0
826,0, 260, False, 0
827,0, 260, False, 0
828,0, 260, False, 0
829,0, 260, False, 0
830,0, 260, False, 0
831,0, 260, False, 0
832,0, 260, False, 0
833,0, 260, False, 0
834,0, 260, False, 0
835,0, 260, False, 0
836,0, 260, False, 0
837,0, 260, False, 0
838,0, 260, False, 0
839,0, 260, False, 0
840,0, 260, False, 0
841,0, 260, False, 0
842,0, 260, False, 0
843,0, 260, False, 0
844,0, 260, False, 0
845,0, 260, False, 0
846,0, 260, False, 0
847,0, 260, False, 0
848,0, 260, False, 0
849,0, 260, False, 0
850,0, 260, False, 0
851,0, 260, False, 0
852,0, 260, False, 0
853,0, 260, False, 0
854,0, 260, False, 0
855,0, 260, False, 0
856,0, 260, False, 0
857,0, 260, False, 0
858,0, 260, False, 0
859,0, 260, False, 0
860,0, 260, False, 0
861,0, 260, False, 0
862,0, 260, False, 0
863,0, 260, False, 0
864,0, 260, False, 0
865,0, 260, False, 0
866,0, 260, False, 0
867,0, 260, False, 0
868,0, 260, False, 0
869,0, 260, False, 0
870,0, 260, False, 0
871,0, 260, False, 0
872,0, 260, False, 0
873,0, 260, False, 0
874,0, 260, False, 0
875,0, 260, False, 0
876,0, 260, False, 0
877,0, 260, False, 0
878,0, 260, False, 0
879,0, 260, False, 0
880,0, 260, False, 0
881,0, 260, False, 0
882,0, 260, False, 0
883,0, 260, False, 0
884,0, 260, False, 0
885,0, 260, False, 0
886,0, 260, False, 0
887,0, 260, False, 0
888,0, 260, False, 0
889,0, 260, False, 0
890,0, 260, False, 0
891,0, 260, False, 3
892,0, 260, False, 3
893,0, 260, False, 3
894,0, 260, False, 3
895,0, 260, False, 3
896,0, 260, False, 3
897,0, 260, False, 3
898,0, 260, False, 3
899,0, 260, False, 3
900,0, 260, False, 3
901,0, 260, False, 3
902,0, 260, False, 3
903,0, 260, False, 3
904,0, 260, False, 3
905,0, 260, False, 3
906,0, 260, False, 3
907,0, 260, False, 3
908,0, 260, False, 3
909,0, 260, False, 3
910,10, 270, False, 3
911,0, 270, False, 3
912,0, 270, False, 3
913,0, 270, False, 3
914,0, 270, False, 3
915,0, 270, False, 3
916,0, 270, False, 3
917,0, 270, False, 3
918,0, 270, False, 3
919,0, 270, False, 3
920,0, 270, False, 3
921,0, 270, False, 3
922,0, 270, False, 3
923,0, 270, False, 0
924,10, 280, False, 0
925,0, 280, False, 0
926,0, 280, False, 0
927,0, 280, False, 0
928,0, 280, False, 0
929,0, 280, False, 0
930,0, 280, False, 0
931,0, 280, False, 0
932,0, 280, False, 0
933,0, 280, False, 0
934,0, 280, False, 0
935,0, 280, False, 0
936,0, 280, False, 0
937,0, 280, False, 0
938,10, 290, False, 0
939,0, 290, False, 0
940,0, 290, False, 0
941,0, 290, False, 0
942,0, 290, False, 0
943,0, 290, False, 0
944,0, 290, False, 0
945,0, 290, False, 0
946,0, 290, False, 0
947,0, 290, False, 0
948,0, 290, False, 0
949,0, 290, False, 0
950,10, 300, False, 0
951,0, 300, False, 0
952,0, 300, False, 0
953,0, 300, False, 0
954,0, 300, False, 0
955,0, 300, False, 0
956,0, 300, False, 0
957,0, 300, False, 0
958,0, 300, False, 0
959,0, 300, False, 0
960,0, 300, False, 0
961,0, 300, False, 0
962,0, 300, False, 0
963,0, 300, False, 0
964,10, 310, False, 0
965,0, 310, False, 0
966,0, 310, False, 0
967,0, 310, False, 0
968,0, 310, False, 0
969,0, 310, False, 0
970,0, 310, False, 0
971,0, 310, False, 0
972,0, 310, False, 0
973,0, 310, False, 0
974,0, 310, False, 0
975,0, 310, False, 0
976,0, 310, False, 0
977,0, 310, False, 0
978,10, 320, False, 0
979,0, 320, False, 5
980,0, 320, False, 5
981,0, 320, False, 5
982,0, 320, False, 5
983,0, 320, False, 5
984,0, 320, False, 5
985,0, 320, False, 5
986,0, 320, False, 5
987,0, 320, False, 5
988,0, 320, False, 5
989,0, 320, False, 5
990,10, 330, False, 5
991,0, 330, False, 5
992,0, 330, False, 5
993,0, 330, False, 0
994,0, 330, False, 0
995,0, 330, False, 0
996,0, 330, False, 0
997,0, 330, False, 0
998,0, 330, False, 0
999,0, 330, False, 0
1000,0, 330, False, 0
1001,0, 330, False, 0
1002,0, 330, False, 0
1003,0, 330, False, 0
1004,0, 330, False, 0
1005,0, 330, False, 0
1006,0, 330, False, 0
1007,0, 330, False, 0
1008,0, 330, False, 0
1009,0, 330, False, 0
1010,0, 330, False, 0
1011,0, 330, False, 0
1012,0, 330, False, 0
1013,0, 330, False, 0
1014,0, 330, False, 0
1015,0, 330, False, 0
1016,0, 330, False, 0
1017,0, 330, False, 0
1018,0, 330, False, 0
1019,0, 330, False, 0
1020,0, 330, False, 0
1021,0, 330, False, 0
1022,0, 330, False, 0
1023,0, 330, False, 0
1024,0, 330, False, 0
1025,0, 330, False, 0
1026,0, 330, False, 3
1027,0, 330, False, 3
1028,0, 330, False, 3
1029,0, 330, False, 3
1030,0, 330, False, 3
1031,0, 330, False, 3
1032,0, 330, False, 3
1033,0, 330, False, 3
1034,0, 330, False, 3
1035,0, 330, False, 3
1036,0, 330, False, 3
1037,0, 330, False, 3
1038,0, 330, False, 3
1039,0, 330, False, 3
1040,0, 330, False, 3
1041,0, 330, False, 3
1042,0, 330, False, 3
1043,0, 330, False, 3
1044,0, 330, False, 3
1045,0, 330, False, 3
1046,0, 330, False, 3
1047,0, 330, False, 3
1048,0, 330, False, 3
1049,0, 330, False, 3
1050,0, 330, False, 3
1051,0, 330, False, 3
1052,0, 330, False, 3
1053,0, 330, False, 3
1054,0, 330, False, 3
1055,0, 330, False, 3
1056,0, 330, False, 3
1057,0, 330, False, 3
1058,0, 330, False, 3
1059,0, 330, False, 3
1060,0, 330, False, 3
1061,0, 330, False, 3
1062,10, 340, False, 3
1063,0, 340, False, 3
1064,0, 340, False, 3
1065,0, 340, False, 3
1066,0, 340, False, 3
1067,0, 340, False, 3
1068,0, 340, False, 3
1069,0, 340, False, 3
1070,0, 340, False, 3
1071,0, 340, False, 3
1072,0, 340, False, 0
1073,0, 340, False, 0
1074,0, 340, False, 0
1075,0, 340, False, 0
1076,10, 350, False, 0
1077,0, 350, False, 0
1078,0, 350, False, 0
1079,0, 350, False, 2
1080,0, 350, False, 2
1081,0, 350, False, 2
1082,0, 350, False, 2
1083,0, 350, False, 2
1084,0, 350, False, 2
1085,0, 350, False, 2
1086,0, 350, False, 2
1087,0, 350, False, 2
1088,0, 350, False, 2
1089,0, 350, False, 2
1090,0, 350, False, 2
1091,0, 350, False, 2
1092,0, 350, False, 2
1093,0, 350, False, 2
1094,0, 350, False, 2
1095,0, 350, False, 2
1096,0, 350, False, 2
1097,0, 350, False, 2
1098,0, 350, False, 2
1099,0, 350, False, 2
1100,0, 350, False, 2
1101,0, 350, False, 0
1102,0, 350, False, 0
1103,0, 350, False, 0
1104,0, 350, False, 0
1105,0, 350, False, 0
1106,0, 350, False, 0
1107,0, 350, False, 0
1108,0, 350, False, 0
1109,0, 350, False, 0
1110,0, 350, False, 0
1111,0, 350, False, 0
1112,0, 350, False, 0
1113,0, 350, False, 0
1114,0, 350, False, 0
1115,0, 350, False, 0
1116,0, 350, False, 0
1117,0, 350, False, 0
1118,0, 350, False, 0
1119,0, 350, False, 0
1120,0, 350, False, 0
1121,0, 350, False, 0
1122,0, 350, False, 0
1123,0, 350, False, 0
1124,0, 350, False, 0
1125,0, 350, False, 0
1126,0, 350, False, 0
1127,0, 350, False, 0
1128,0, 350, False, 0
1129,0, 350, False, 0
1130,0, 350, False, 0
1131,0, 350, False, 0
1132,0, 350, False, 0
1133,0, 350, False, 0
1134,0, 350, False, 0
1135,0, 350, False, 0
1136,0, 350, False, 0
1137,0, 350, False, 0
1138,0, 350, False, 0
1139,0, 350, False, 0
1140,0, 350, False, 0
1141,0, 350, False, 0
1142,0, 350, False, 0
1143,0, 350, False, 0
1144,0, 350, False, 0
1145,0, 350, False, 0
1146,0, 350, False, 0
1147,0, 350, False, 0
1148,0, 350, False, 0
1149,0, 350, False, 0
1150,0, 350, False, 0
1151,0, 350, False, 0
1152,0, 350, False, 0
1153,0, 350, False, 0
1154,0, 350, False, 0
1155,0, 350, False, 0
1156,0, 350, False, 0
1157,0, 350, False, 0
1158,0, 350, False, 0
1159,0, 350, False, 0
1160,0, 350, False, 0
1161,0, 350, False, 0
1162,0, 350, False, 0
1163,0, 350, False, 0
1164,0, 350, False, 0
1165,0, 350, False, 0
1166,0, 350, False, 0
1167,0, 350, False, 0
1168,0, 350, False, 0
1169,0, 350, False, 0
1170,0, 350, False, 0
1171,0, 350, False, 0
1172,0, 350, False, 0
1173,0, 350, False, 0
1174,0, 350, False, 0
1175,0, 350, False, 0
1176,0, 350, False, 0
1177,0, 350, False, 0
1178,0, 350, False, 0
1179,0, 350, False, 0
1180,0, 350, False, 0
1181,0, 350, False, 0
1182,0, 350, False, 0
1183,0, 350, False, 0
1184,0, 350, False, 0
1185,0, 350, False, 0
1186,0, 350, False, 0
1187,0, 350, False, 0
1188,0, 350, False, 0
1189,0, 350, False, 0
1190,0, 350, False, 0
1191,0, 350, False, 0
1192,0, 350, False, 0
1193,0, 350, False, 0
1194,0, 350, False, 0
1195,0, 350, False, 0
1196,0, 350, False, 0
1197,0, 350, False, 0
1198,0, 350, False, 0
1199,0, 350, False, 0
1200,0, 350, False, 0
1201,0, 350, False, 0
1202,0, 350, False, 0
1203,0, 350, False, 0
1204,0, 350, False, 0
1205,0, 350, False, 0
1206,0, 350, False, 0
1207,0, 350, False, 0
1208,0, 350, False, 0
1209,0, 350, False, 0
1210,0, 350, False, 0
1211,0, 350, False, 0
1212,0, 350, False, 0
1213,0, 350, False, 3
1214,0, 350, False, 3
1215,0, 350, False, 3
1216,0, 350, False, 3
1217,0, 350, False, 3
1218,0, 350, False, 3
1219,0, 350, False, 3
1220,0, 350, False, 3
1221,0, 350, False, 3
1222,0, 350, False, 3
1223,0, 350, False, 3
1224,0, 350, False, 3
1225,0, 350, False, 3
1226,0, 350, False, 3
1227,0, 350, False, 3
1228,0, 350, False, 3
1229,0, 350, False, 3
1230,0, 350, False, 3
1231,0, 350, False, 3
1232,0, 350, False, 3
1233,0, 350, False, 3
1234,0, 350, False, 3
1235,0, 350, False, 3
1236,0, 350, False, 3
1237,0, 350, False, 3
1238,0, 350, False, 0
1239,0, 350, False, 0
1240,0, 350, False, 0
1241,0, 350, False, 0
1242,0, 350, False, 0
1243,0, 350, False, 0
1244,0, 350, False, 0
1245,0, 350, False, 0
1246,0, 350, False, 0
1247,0, 350, False, 0
1248,0, 350, False, 0
1249,0, 350, False, 0
1250,0, 350, False, 0
1251,0, 350, False, 0
1252,0, 350, False, 0
1253,0, 350, False, 0
1254,0, 350, False, 0
1255,0, 350, False, 0
1256,0, 350, False, 0
1257,0, 350, False, 0
1258,0, 350, False, 0
1259,0, 350, False, 0
1260,0, 350, False, 0
1261,0, 350, False, 0
1262,0, 350, False, 0
1263,0, 350, False, 0
1264,0, 350, False, 3
1265,0, 350, False, 3
1266,0, 350, False, 3
1267,0, 350, False, 3
1268,0, 350, False, 3
1269,0, 350, False, 3
1270,0, 350, False, 3
1271,0, 350, False, 3
1272,0, 350, False, 3
1273,0, 350, False, 3
1274,0, 350, False, 0
1275,0, 350, False, 0
1276,0, 350, False, 0
1277,0, 350, False, 0
1278,0, 350, False, 0
1279,0, 350, False, 0
1280,0, 350, False, 0
1281,0, 350, False, 0
1282,0, 350, False, 0
1283,0, 350, False, 0
1284,0, 350, False, 0
1285,0, 350, False, 0
1286,0, 350, False, 0
1287,0, 350, False, 0
1288,0, 350, False, 0
1289,0, 350, False, 3
1290,0, 350, False, 3
1291,0, 350, False, 3
1292,0, 350, False, 3
1293,0, 350, False, 3
1294,0, 350, False, 3
1295,0, 350, False, 3
1296,0, 350, False, 3
1297,0, 350, False, 3
1298,0, 350, False, 3
1299,0, 350, False, 3
1300,0, 350, False, 3
1301,0, 350, False, 3
1302,0, 350, False, 3
1303,0, 350, False, 3
1304,0, 350, False, 3
1305,0, 350, False, 0
1306,0, 350, False, 0
1307,0, 350, False, 0
1308,0, 350, False, 0
1309,0, 350, False, 0
1310,0, 350, False, 0
1311,0, 350, False, 0
1312,0, 350, False, 0
1313,0, 350, False, 0
1314,0, 350, False, 0
1315,0, 350, False, 0
1316,0, 350, False, 0
1317,0, 350, False, 0
1318,0, 350, False, 0
1319,0, 350, False, 0
1320,0, 350, False, 0
1321,0, 350, False, 2
1322,0, 350, False, 2
1323,0, 350, False, 2
1324,0, 350, False, 2
1325,0, 350, False, 2
1326,0, 350, False, 2
1327,0, 350, False, 2
1328,0, 350, False, 2
1329,0, 350, False, 2
1330,0, 350, False, 2
1331,0, 350, False, 2
1332,0, 350, False, 0
1333,0, 350, False, 0
1334,10, 360, False, 0
1335,0, 360, False, 0
1336,0, 360, False, 0
1337,0, 360, False, 0
1338,0, 360, False, 0
1339,0, 360, False, 0
1340,0, 360, False, 0
1341,0, 360, False, 0
1342,0, 360, False, 0
1343,0, 360, False, 0
1344,0, 360, False, 0
1345,0, 360, False, 0
1346,0, 360, False, 0
1347,0, 360, False, 0
1348,10, 370, False, 0
1349,0, 370, False, 0
1350,0, 370, False, 0
1351,0, 370, False, 0
1352,0, 370, False, 0
1353,0, 370, False, 0
1354,0, 370, False, 0
1355,0, 370, False, 0
1356,0, 370, False, 0
1357,0, 370, False, 0
1358,0, 370, False, 0
1359,0, 370, False, 0
1360,0, 370, False, 0
1361,0, 370, False, 0
1362,10, 380, False, 0
1363,0, 380, False, 0
1364,0, 380, False, 0
1365,0, 380, False, 0
1366,0, 380, False, 0
1367,0, 380, False, 0
1368,0, 380, False, 0
1369,0, 380, False, 0
1370,0, 380, False, 0
1371,0, 380, False, 0
1372,0, 380, False, 0
1373,0, 380, False, 0
1374,0, 380, False, 0
1375,0, 380, False, 0
1376,10, 390, False, 0
1377,0, 390, False, 0
1378,0, 390, False, 0
1379,0, 390, False, 0
1380,0, 390, False, 0
1381,0, 390, False, 0
1382,0, 390, False, 0
1383,0, 390, False, 0
1384,0, 390, False, 0
1385,0, 390, False, 0
1386,0, 390, False, 0
1387,0, 390, False, 0
1388,0, 390, False, 0
1389,0, 390, False, 0
1390,10, 400, False, 0
1391,0, 400, False, 0
1392,0, 400, False, 0
1393,0, 400, False, 0
1394,0, 400, False, 0
1395,0, 400, False, 0
1396,0, 400, False, 0
1397,0, 400, False, 0
1398,0, 400, False, 0
1399,0, 400, False, 3
1400,0, 400, False, 3
1401,0, 400, False, 3
1402,0, 400, False, 3
1403,0, 400, False, 3
1404,10, 410, False, 3
1405,0, 410, False, 3
1406,0, 410, False, 3
1407,0, 410, False, 3
1408,0, 410, False, 3
1409,0, 410, False, 3
1410,0, 410, False, 3
1411,0, 410, False, 3
1412,0, 410, False, 3
1413,0, 410, False, 3
1414,10, 420, False, 0
1415,0, 420, False, 0
1416,0, 420, False, 0
1417,0, 420, False, 0
1418,0, 420, False, 0
1419,0, 420, False, 0
1420,0, 420, False, 0
1421,0, 420, False, 0
1422,0, 420, False, 0
1423,0, 420, False, 0
1424,0, 420, False, 0
1425,0, 420, False, 0
1426,10, 430, False, 0
1427,0, 430, False, 0
1428,0, 430, False, 0
1429,0, 430, False, 0
1430,0, 430, False, 0
1431,0, 430, False, 0
1432,0, 430, False, 0
1433,0, 430, False, 0
1434,0, 430, False, 0
1435,0, 430, False, 0
1436,0, 430, False, 0
1437,0, 430, False, 0
1438,0, 430, False, 0
1439,0, 430, False, 0
1440,10, 440, False, 0
1441,0, 440, False, 0
1442,0, 440, False, 0
1443,0, 440, False, 0
1444,0, 440, False, 0
1445,0, 440, False, 0
1446,0, 440, False, 0
1447,0, 440, False, 0
1448,0, 440, False, 0
1449,0, 440, False, 0
1450,0, 440, False, 0
1451,0, 440, False, 0
1452,0, 440, False, 0
1453,0, 440, False, 0
1454,10, 450, False, 0
1455,0, 450, False, 0
1456,0, 450, False, 0
1457,0, 450, False, 0
1458,0, 450, False, 0
1459,0, 450, False, 0
1460,0, 450, False, 0
1461,0, 450, False, 0
1462,0, 450, False, 0
1463,0, 450, False, 0
1464,0, 450, False, 0
1465,0, 450, False, 0
1466,10, 460, False, 0
1467,0, 460, False, 0
1468,0, 460, False, 0
1469,0, 460, False, 5
1470,0, 460, False, 5
1471,0, 460, False, 5
1472,0, 460, False, 5
1473,0, 460, False, 5
1474,0, 460, False, 5
1475,0, 460, False, 5
1476,0, 460, False, 5
1477,0, 460, False, 5
1478,0, 460, False, 5
1479,0, 460, False, 5
1480,10, 470, False, 5
1481,0, 470, False, 5
1482,0, 470, False, 5
1483,0, 470, False, 5
1484,0, 470, False, 5
1485,0, 470, False, 5
1486,0, 470, False, 0
1487,0, 470, False, 0
1488,0, 470, False, 0
1489,0, 470, False, 0
1490,0, 470, False, 0
1491,0, 470, False, 0
1492,0, 470, False, 0
1493,0, 470, False, 0
1494,10, 480, False, 0
1495,0, 480, False, 0
1496,0, 480, False, 0
1497,0, 480, False, 0
1498,0, 480, False, 0
1499,0, 480, False, 0
1500,0, 480, False, 0
1501,0, 480, False, 0
1502,0, 480, False, 0
1503,0, 480, False, 0
1504,0, 480, False, 0
1505,0, 480, False, 0
1506,0, 480, False, 0
1507,0, 480, False, 0
1508,10, 490, False, 0
1509,0, 490, False, 0
1510,0, 490, False, 0
1511,0, 490, False, 0
1512,0, 490, False, 0
1513,0, 490, False, 0
1514,0, 490, False, 0
1515,0, 490, False, 0
1516,0, 490, False, 0
1517,0, 490, False, 0
1518,0, 490, False, 0
1519,0, 490, False, 0
1520,0, 490, False, 0
1521,0, 490, False, 0
1522,10, 500, False, 0
1523,0, 500, False, 0
1524,0, 500, False, 0
1525,0, 500, False, 0
1526,0, 500, False, 0
1527,0, 500, False, 0
1528,0, 500, False, 0
1529,0, 500, False, 0
1530,0, 500, False, 0
1531,0, 500, False, 0
1532,0, 500, False, 0
1533,0, 500, False, 0
1534,0, 500, False, 0
1535,0, 500, False, 0
1536,10, 510, False, 0
1537,0, 510, False, 0
1538,0, 510, False, 0
1539,0, 510, False, 0
1540,0, 510, False, 0
1541,0, 510, False, 0
1542,0, 510, False, 0
1543,0, 510, False, 0
1544,0, 510, False, 0
1545,0, 510, False, 0
1546,0, 510, False, 0
1547,0, 510, False, 0
1548,0, 510, False, 0
1549,0, 510, False, 0
1550,10, 520, False, 0
1551,0, 520, False, 0
1552,0, 520, False, 0
1553,0, 520, False, 0
1554,0, 520, False, 0
1555,0, 520, False, 0
1556,0, 520, False, 0
1557,0, 520, False, 0
1558,0, 520, False, 0
1559,0, 520, False, 0
1560,0, 520, False, 0
1561,0, 520, False, 0
1562,0, 520, False, 0
1563,0, 520, False, 0
1564,10, 530, False, 0
1565,0, 530, False, 0
1566,0, 530, False, 0
1567,0, 530, False, 0
1568,0, 530, False, 0
1569,0, 530, False, 0
1570,0, 530, False, 0
1571,0, 530, False, 0
1572,0, 530, False, 0
1573,0, 530, False, 0
1574,0, 530, False, 0
1575,0, 530, False, 0
1576,0, 530, False, 0
1577,0, 530, False, 0
1578,10, 540, False, 0
1579,0, 540, False, 0
1580,0, 540, False, 0
1581,0, 540, False, 0
1582,0, 540, False, 0
1583,0, 540, False, 0
1584,0, 540, False, 0
1585,0, 540, False, 0
1586,0, 540, False, 0
1587,0, 540, False, 0
1588,0, 540, False, 0
1589,0, 540, False, 0
1590,0, 540, False, 0
1591,0, 540, False, 0
1592,0, 540, False, 0
1593,0, 540, False, 0
1594,0, 540, False, 0
1595,0, 540, False, 0
1596,0, 540, False, 0
1597,0, 540, False, 0
1598,0, 540, False, 0
1599,0, 540, False, 0
1600,0, 540, False, 0
1601,0, 540, False, 0
1602,0, 540, False, 0
1603,0, 540, False, 0
1604,0, 540, False, 0
1605,0, 540, False, 0
1606,0, 540, False, 0
1607,0, 540, False, 0
1608,0, 540, False, 0
1609,0, 540, False, 0
1610,0, 540, False, 0
1611,0, 540, False, 0
1612,0, 540, False, 0
1613,0, 540, False, 0
1614,0, 540, False, 0
1615,0, 540, False, 0
1616,0, 540, False, 0
1617,0, 540, False, 0
1618,0, 540, False, 0
1619,0, 540, False, 0
1620,0, 540, False, 0
1621,0, 540, False, 0
1622,0, 540, False, 0
1623,0, 540, False, 0
1624,0, 540, False, 0
1625,0, 540, False, 0
1626,0, 540, False, 0
1627,0, 540, False, 0
1628,0, 540, False, 0
1629,0, 540, False, 0
1630,0, 540, False, 0
1631,0, 540, False, 0
1632,0, 540, False, 0
1633,0, 540, False, 0
1634,0, 540, False, 0
1635,0, 540, False, 0
1636,0, 540, False, 0
1637,0, 540, False, 0
1638,0, 540, False, 0
1639,0, 540, False, 0
1640,0, 540, False, 0
1641,0, 540, False, 0
1642,0, 540, False, 0
1643,0, 540, False, 0
1644,0, 540, False, 0
1645,0, 540, False, 0
1646,0, 540, False, 0
1647,0, 540, False, 0
1648,0, 540, False, 0
1649,0, 540, False, 0
1650,0, 540, False, 0
1651,0, 540, False, 0
1652,0, 540, False, 0
1653,0, 540, False, 0
1654,0, 540, True, 0
