db traj id : 269
frame,reward,score,terminal, action
0,0, 0, False, 0
1,0, 0, False, 0
2,0, 0, False, 0
3,0, 0, False, 0
4,0, 0, False, 0
5,0, 0, False, 0
6,0, 0, False, 0
7,0, 0, False, 0
8,0, 0, False, 0
9,0, 0, False, 0
10,0, 0, False, 0
11,0, 0, False, 0
12,0, 0, False, 0
13,0, 0, False, 0
14,0, 0, False, 0
15,0, 0, False, 0
16,0, 0, False, 0
17,0, 0, False, 0
18,0, 0, False, 0
19,0, 0, False, 4
20,0, 0, False, 4
21,0, 0, False, 4
22,0, 0, False, 4
23,0, 0, False, 4
24,0, 0, False, 4
25,0, 0, False, 4
26,0, 0, False, 4
27,0, 0, False, 4
28,0, 0, False, 4
29,0, 0, False, 4
30,0, 0, False, 4
31,0, 0, False, 4
32,0, 0, False, 4
33,0, 0, False, 4
34,0, 0, False, 4
35,0, 0, False, 4
36,0, 0, False, 4
37,0, 0, False, 4
38,0, 0, False, 4
39,0, 0, False, 4
40,0, 0, False, 4
41,0, 0, False, 4
42,0, 0, False, 4
43,0, 0, False, 4
44,0, 0, False, 4
45,0, 0, False, 4
46,0, 0, False, 4
47,0, 0, False, 4
48,0, 0, False, 4
49,0, 0, False, 4
50,0, 0, False, 4
51,0, 0, False, 4
52,0, 0, False, 4
53,0, 0, False, 0
54,0, 0, False, 0
55,0, 0, False, 0
56,0, 0, False, 0
57,0, 0, False, 0
58,0, 0, False, 0
59,0, 0, False, 0
60,0, 0, False, 3
61,0, 0, False, 3
62,0, 0, False, 3
63,0, 0, False, 3
64,0, 0, False, 3
65,0, 0, False, 3
66,0, 0, False, 3
67,0, 0, False, 3
68,0, 0, False, 3
69,0, 0, False, 3
70,0, 0, False, 8
71,0, 0, False, 8
72,0, 0, False, 8
73,0, 0, False, 8
74,0, 0, False, 3
75,0, 0, False, 3
76,0, 0, False, 3
77,0, 0, False, 3
78,0, 0, False, 3
79,0, 0, False, 3
80,0, 0, False, 3
81,0, 0, False, 3
82,0, 0, False, 3
83,0, 0, False, 3
84,0, 0, False, 3
85,0, 0, False, 3
86,0, 0, False, 3
87,0, 0, False, 3
88,0, 0, False, 0
89,0, 0, False, 0
90,0, 0, False, 0
91,0, 0, False, 0
92,0, 0, False, 0
93,0, 0, False, 0
94,0, 0, False, 0
95,0, 0, False, 0
96,0, 0, False, 4
97,0, 0, False, 4
98,0, 0, False, 4
99,0, 0, False, 0
100,0, 0, False, 0
101,0, 0, False, 0
102,0, 0, False, 0
103,0, 0, False, 2
104,0, 0, False, 2
105,0, 0, False, 2
106,0, 0, False, 2
107,0, 0, False, 2
108,0, 0, False, 2
109,0, 0, False, 7
110,0, 0, False, 7
111,0, 0, False, 7
112,0, 0, False, 7
113,0, 0, False, 7
114,0, 0, False, 7
115,0, 0, False, 7
116,0, 0, False, 4
117,0, 0, False, 4
118,0, 0, False, 4
119,0, 0, False, 4
120,0, 0, False, 4
121,0, 0, False, 4
122,0, 0, False, 0
123,0, 0, False, 0
124,0, 0, False, 0
125,0, 0, False, 0
126,0, 0, False, 8
127,0, 0, False, 8
128,0, 0, False, 8
129,0, 0, False, 8
130,0, 0, False, 8
131,0, 0, False, 8
132,0, 0, False, 8
133,0, 0, False, 8
134,0, 0, False, 8
135,0, 0, False, 8
136,0, 0, False, 8
137,0, 0, False, 8
138,0, 0, False, 5
139,0, 0, False, 5
140,0, 0, False, 5
141,0, 0, False, 5
142,0, 0, False, 5
143,0, 0, False, 5
144,0, 0, False, 0
145,0, 0, False, 4
146,0, 0, False, 4
147,0, 0, False, 4
148,0, 0, False, 4
149,0, 0, False, 4
150,0, 0, False, 4
151,0, 0, False, 4
152,0, 0, False, 4
153,0, 0, False, 7
154,0, 0, False, 7
155,0, 0, False, 7
156,0, 0, False, 7
157,0, 0, False, 7
158,0, 0, False, 7
159,0, 0, False, 7
160,0, 0, False, 7
161,0, 0, False, 7
162,0, 0, False, 7
163,0, 0, False, 7
164,0, 0, False, 7
165,0, 0, False, 0
166,0, 0, False, 3
167,0, 0, False, 3
168,0, 0, False, 3
169,0, 0, False, 3
170,0, 0, False, 3
171,0, 0, False, 3
172,0, 0, False, 3
173,0, 0, False, 8
174,0, 0, False, 8
175,0, 0, False, 3
176,0, 0, False, 3
177,0, 0, False, 3
178,0, 0, False, 3
179,0, 0, False, 3
180,0, 0, False, 3
181,0, 0, False, 3
182,0, 0, False, 3
183,0, 0, False, 3
184,0, 0, False, 0
185,0, 0, False, 0
186,0, 0, False, 0
187,0, 0, False, 0
188,0, 0, False, 4
189,0, 0, False, 4
190,0, 0, False, 4
191,0, 0, False, 4
192,0, 0, False, 4
193,0, 0, False, 4
194,0, 0, False, 4
195,0, 0, False, 4
196,0, 0, False, 4
197,0, 0, False, 4
198,0, 0, False, 4
199,0, 0, False, 9
200,0, 0, False, 9
201,0, 0, False, 9
202,0, 0, False, 9
203,0, 0, False, 9
204,0, 0, False, 9
205,0, 0, False, 9
206,0, 0, False, 9
207,0, 0, False, 9
208,0, 0, False, 9
209,0, 0, False, 9
210,0, 0, False, 4
211,0, 0, False, 0
212,0, 0, False, 0
213,0, 0, False, 0
214,0, 0, False, 0
215,0, 0, False, 0
216,0, 0, False, 0
217,0, 0, False, 0
218,0, 0, False, 0
219,0, 0, False, 0
220,0, 0, False, 0
221,0, 0, False, 0
222,0, 0, False, 0
223,0, 0, False, 0
224,0, 0, False, 0
225,0, 0, False, 0
226,0, 0, False, 0
227,0, 0, False, 0
228,0, 0, False, 2
229,0, 0, False, 2
230,0, 0, False, 2
231,0, 0, False, 2
232,0, 0, False, 2
233,0, 0, False, 2
234,0, 0, False, 2
235,0, 0, False, 2
236,0, 0, False, 0
237,0, 0, False, 0
238,0, 0, False, 0
239,0, 0, False, 0
240,0, 0, False, 0
241,0, 0, False, 0
242,0, 0, False, 0
243,0, 0, False, 0
244,0, 0, False, 0
245,0, 0, False, 0
246,0, 0, False, 0
247,0, 0, False, 0
248,0, 0, False, 0
249,0, 0, False, 0
250,0, 0, False, 0
251,0, 0, False, 0
252,0, 0, False, 0
253,0, 0, False, 0
254,0, 0, False, 0
255,0, 0, False, 5
256,0, 0, False, 5
257,0, 0, False, 5
258,0, 0, False, 5
259,0, 0, False, 5
260,0, 0, False, 5
261,0, 0, False, 5
262,0, 0, False, 5
263,0, 0, False, 5
264,0, 0, False, 5
265,0, 0, False, 5
266,0, 0, False, 0
267,0, 0, False, 0
268,0, 0, False, 0
269,0, 0, False, 0
270,0, 0, False, 0
271,0, 0, False, 0
272,0, 0, False, 0
273,0, 0, False, 0
274,0, 0, False, 0
275,10, 10, False, 0
276,0, 10, False, 0
277,0, 10, False, 0
278,0, 10, False, 0
279,0, 10, False, 0
280,0, 10, False, 0
281,0, 10, False, 0
282,0, 10, False, 0
283,0, 10, False, 5
284,0, 10, False, 5
285,0, 10, False, 5
286,0, 10, False, 5
287,0, 10, False, 5
288,0, 10, False, 5
289,10, 20, False, 5
290,0, 20, False, 5
291,0, 20, False, 5
292,0, 20, False, 5
293,0, 20, False, 5
294,0, 20, False, 5
295,0, 20, False, 5
296,0, 20, False, 5
297,0, 20, False, 5
298,0, 20, False, 5
299,0, 20, False, 5
300,0, 20, False, 5
301,10, 30, False, 5
302,0, 30, False, 5
303,0, 30, False, 5
304,0, 30, False, 5
305,0, 30, False, 5
306,0, 30, False, 5
307,0, 30, False, 5
308,0, 30, False, 5
309,0, 30, False, 5
310,0, 30, False, 5
311,0, 30, False, 5
312,0, 30, False, 0
313,0, 30, False, 0
314,0, 30, False, 0
315,10, 40, False, 0
316,0, 40, False, 0
317,0, 40, False, 0
318,0, 40, False, 0
319,0, 40, False, 0
320,0, 40, False, 0
321,0, 40, False, 0
322,0, 40, False, 0
323,0, 40, False, 0
324,0, 40, False, 0
325,0, 40, False, 0
326,0, 40, False, 0
327,0, 40, False, 0
328,0, 40, False, 0
329,10, 50, False, 0
330,0, 50, False, 0
331,0, 50, False, 0
332,0, 50, False, 0
333,0, 50, False, 0
334,0, 50, False, 0
335,0, 50, False, 0
336,0, 50, False, 0
337,0, 50, False, 0
338,0, 50, False, 0
339,0, 50, False, 0
340,0, 50, False, 0
341,0, 50, False, 0
342,0, 50, False, 0
343,10, 60, False, 0
344,0, 60, False, 0
345,0, 60, False, 0
346,0, 60, False, 0
347,0, 60, False, 0
348,0, 60, False, 0
349,0, 60, False, 0
350,0, 60, False, 0
351,0, 60, False, 0
352,0, 60, False, 0
353,0, 60, False, 0
354,0, 60, False, 0
355,0, 60, False, 0
356,0, 60, False, 4
357,10, 70, False, 4
358,0, 70, False, 4
359,0, 70, False, 4
360,0, 70, False, 4
361,0, 70, False, 4
362,0, 70, False, 4
363,0, 70, False, 4
364,0, 70, False, 4
365,0, 70, False, 4
366,0, 70, False, 4
367,0, 70, False, 4
368,0, 70, False, 4
369,0, 70, False, 4
370,0, 70, False, 4
371,10, 80, False, 4
372,0, 80, False, 4
373,0, 80, False, 4
374,0, 80, False, 4
375,0, 80, False, 4
376,0, 80, False, 4
377,0, 80, False, 4
378,0, 80, False, 4
379,0, 80, False, 4
380,0, 80, False, 4
381,0, 80, False, 4
382,0, 80, False, 4
383,0, 80, False, 4
384,0, 80, False, 4
385,10, 90, False, 4
386,0, 90, False, 4
387,0, 90, False, 4
388,0, 90, False, 4
389,0, 90, False, 4
390,0, 90, False, 4
391,0, 90, False, 4
392,0, 90, False, 4
393,0, 90, False, 4
394,0, 90, False, 4
395,0, 90, False, 4
396,0, 90, False, 4
397,0, 90, False, 4
398,0, 90, False, 4
399,10, 100, False, 4
400,0, 100, False, 4
401,0, 100, False, 4
402,0, 100, False, 4
403,0, 100, False, 4
404,0, 100, False, 4
405,0, 100, False, 4
406,0, 100, False, 4
407,0, 100, False, 4
408,0, 100, False, 4
409,0, 100, False, 4
410,0, 100, False, 4
411,10, 110, False, 4
412,0, 110, False, 4
413,0, 110, False, 4
414,0, 110, False, 4
415,0, 110, False, 4
416,0, 110, False, 4
417,0, 110, False, 4
418,0, 110, False, 4
419,0, 110, False, 4
420,0, 110, False, 0
421,0, 110, False, 0
422,0, 110, False, 3
423,0, 110, False, 3
424,0, 110, False, 3
425,0, 110, False, 3
426,0, 110, False, 3
427,0, 110, False, 3
428,0, 110, False, 3
429,0, 110, False, 3
430,0, 110, False, 3
431,0, 110, False, 3
432,0, 110, False, 3
433,0, 110, False, 3
434,0, 110, False, 3
435,0, 110, False, 3
436,0, 110, False, 3
437,0, 110, False, 3
438,0, 110, False, 3
439,0, 110, False, 3
440,0, 110, False, 3
441,0, 110, False, 3
442,0, 110, False, 3
443,0, 110, False, 3
444,0, 110, False, 3
445,0, 110, False, 3
446,0, 110, False, 3
447,0, 110, False, 3
448,0, 110, False, 3
449,0, 110, False, 3
450,0, 110, False, 3
451,0, 110, False, 3
452,0, 110, False, 3
453,0, 110, False, 3
454,0, 110, False, 3
455,0, 110, False, 3
456,0, 110, False, 3
457,0, 110, False, 3
458,0, 110, False, 3
459,0, 110, False, 3
460,0, 110, False, 3
461,0, 110, False, 3
462,0, 110, False, 3
463,0, 110, False, 3
464,0, 110, False, 3
465,0, 110, False, 3
466,0, 110, False, 3
467,0, 110, False, 3
468,0, 110, False, 3
469,0, 110, False, 3
470,0, 110, False, 3
471,0, 110, False, 3
472,0, 110, False, 3
473,0, 110, False, 3
474,0, 110, False, 3
475,0, 110, False, 3
476,0, 110, False, 3
477,10, 120, False, 3
478,0, 120, False, 3
479,0, 120, False, 3
480,0, 120, False, 3
481,0, 120, False, 3
482,0, 120, False, 3
483,0, 120, False, 3
484,0, 120, False, 3
485,0, 120, False, 3
486,0, 120, False, 3
487,0, 120, False, 3
488,0, 120, False, 3
489,0, 120, False, 3
490,0, 120, False, 3
491,0, 120, False, 3
492,0, 120, False, 3
493,0, 120, False, 3
494,0, 120, False, 3
495,10, 130, False, 3
496,0, 130, False, 3
497,0, 130, False, 3
498,0, 130, False, 3
499,0, 130, False, 3
500,0, 130, False, 3
501,0, 130, False, 3
502,0, 130, False, 3
503,0, 130, False, 3
504,0, 130, False, 3
505,0, 130, False, 3
506,0, 130, False, 3
507,0, 130, False, 3
508,0, 130, False, 3
509,10, 140, False, 3
510,0, 140, False, 6
511,0, 140, False, 6
512,0, 140, False, 6
513,0, 140, False, 2
514,0, 140, False, 2
515,0, 140, False, 2
516,0, 140, False, 2
517,0, 140, False, 2
518,0, 140, False, 2
519,0, 140, False, 2
520,0, 140, False, 2
521,0, 140, False, 2
522,0, 140, False, 2
523,0, 140, False, 2
524,0, 140, False, 2
525,0, 140, False, 2
526,0, 140, False, 2
527,10, 150, False, 2
528,0, 150, False, 2
529,0, 150, False, 2
530,0, 150, False, 2
531,0, 150, False, 2
532,0, 150, False, 2
533,0, 150, False, 2
534,0, 150, False, 2
535,0, 150, False, 2
536,0, 150, False, 2
537,0, 150, False, 2
538,0, 150, False, 2
539,0, 150, False, 2
540,0, 150, False, 2
541,10, 160, False, 2
542,0, 160, False, 2
543,0, 160, False, 2
544,0, 160, False, 2
545,0, 160, False, 2
546,0, 160, False, 2
547,0, 160, False, 2
548,0, 160, False, 2
549,0, 160, False, 2
550,0, 160, False, 2
551,0, 160, False, 2
552,0, 160, False, 2
553,0, 160, False, 2
554,0, 160, False, 2
555,10, 170, False, 2
556,0, 170, False, 2
557,0, 170, False, 2
558,0, 170, False, 2
559,0, 170, False, 2
560,0, 170, False, 2
561,0, 170, False, 2
562,0, 170, False, 2
563,0, 170, False, 2
564,0, 170, False, 2
565,0, 170, False, 2
566,0, 170, False, 2
567,0, 170, False, 2
568,0, 170, False, 2
569,10, 180, False, 2
570,0, 180, False, 2
571,0, 180, False, 2
572,0, 180, False, 2
573,0, 180, False, 2
574,0, 180, False, 2
575,0, 180, False, 2
576,0, 180, False, 2
577,0, 180, False, 2
578,0, 180, False, 2
579,0, 180, False, 2
580,0, 180, False, 6
581,0, 180, False, 6
582,0, 180, False, 6
583,10, 190, False, 6
584,0, 190, False, 6
585,0, 190, False, 6
586,0, 190, False, 3
587,0, 190, False, 3
588,0, 190, False, 3
589,0, 190, False, 3
590,0, 190, False, 3
591,0, 190, False, 3
592,0, 190, False, 3
593,10, 200, False, 3
594,0, 200, False, 3
595,0, 200, False, 3
596,0, 200, False, 3
597,0, 200, False, 3
598,0, 200, False, 3
599,0, 200, False, 3
600,0, 200, False, 3
601,0, 200, False, 3
602,0, 200, False, 3
603,0, 200, False, 3
604,0, 200, False, 3
605,0, 200, False, 3
606,0, 200, False, 3
607,10, 210, False, 3
608,0, 210, False, 3
609,0, 210, False, 3
610,0, 210, False, 3
611,0, 210, False, 3
612,0, 210, False, 3
613,0, 210, False, 3
614,0, 210, False, 3
615,0, 210, False, 3
616,0, 210, False, 3
617,0, 210, False, 3
618,0, 210, False, 3
619,10, 220, False, 3
620,0, 220, False, 3
621,0, 220, False, 3
622,0, 220, False, 3
623,0, 220, False, 3
624,0, 220, False, 3
625,0, 220, False, 3
626,0, 220, False, 3
627,0, 220, False, 3
628,0, 220, False, 3
629,0, 220, False, 3
630,0, 220, False, 3
631,0, 220, False, 3
632,0, 220, False, 3
633,10, 230, False, 3
634,0, 230, False, 3
635,0, 230, False, 3
636,0, 230, False, 3
637,0, 230, False, 3
638,0, 230, False, 3
639,0, 230, False, 3
640,0, 230, False, 3
641,0, 230, False, 8
642,0, 230, False, 8
643,0, 230, False, 8
644,0, 230, False, 8
645,0, 230, False, 8
646,0, 230, False, 8
647,0, 230, False, 5
648,0, 230, False, 5
649,10, 240, False, 5
650,0, 240, False, 5
651,0, 240, False, 5
652,0, 240, False, 5
653,0, 240, False, 5
654,0, 240, False, 5
655,0, 240, False, 5
656,0, 240, False, 5
657,0, 240, False, 5
658,0, 240, False, 5
659,0, 240, False, 5
660,0, 240, False, 5
661,0, 240, False, 5
662,0, 240, False, 5
663,10, 250, False, 5
664,0, 250, False, 5
665,0, 250, False, 5
666,0, 250, False, 5
667,0, 250, False, 5
668,0, 250, False, 5
669,0, 250, False, 5
670,0, 250, False, 5
671,0, 250, False, 5
672,0, 250, False, 5
673,0, 250, False, 5
674,0, 250, False, 5
675,0, 250, False, 5
676,0, 250, False, 5
677,10, 260, False, 5
678,0, 260, False, 5
679,0, 260, False, 5
680,0, 260, False, 5
681,0, 260, False, 5
682,0, 260, False, 5
683,0, 260, False, 5
684,0, 260, False, 5
685,0, 260, False, 5
686,0, 260, False, 5
687,0, 260, False, 5
688,0, 260, False, 5
689,0, 260, False, 5
690,0, 260, False, 5
691,10, 270, False, 5
692,0, 270, False, 5
693,0, 270, False, 5
694,0, 270, False, 5
695,0, 270, False, 5
696,0, 270, False, 5
697,0, 270, False, 5
698,0, 270, False, 5
699,0, 270, False, 5
700,0, 270, False, 5
701,0, 270, False, 5
702,0, 270, False, 5
703,0, 270, False, 5
704,0, 270, False, 5
705,10, 280, False, 5
706,0, 280, False, 5
707,0, 280, False, 5
708,0, 280, False, 5
709,0, 280, False, 5
710,0, 280, False, 5
711,0, 280, False, 5
712,0, 280, False, 8
713,0, 280, False, 8
714,0, 280, False, 8
715,0, 280, False, 8
716,0, 280, False, 8
717,0, 280, False, 8
718,0, 280, False, 8
719,0, 280, False, 3
720,0, 280, False, 3
721,0, 280, False, 3
722,0, 280, False, 3
723,0, 280, False, 3
724,0, 280, False, 3
725,0, 280, False, 3
726,0, 280, False, 3
727,0, 280, False, 3
728,0, 280, False, 3
729,0, 280, False, 3
730,0, 280, False, 3
731,0, 280, False, 3
732,0, 280, False, 3
733,0, 280, False, 3
734,0, 280, False, 3
735,0, 280, False, 3
736,0, 280, False, 3
737,0, 280, False, 3
738,0, 280, False, 3
739,0, 280, False, 3
740,0, 280, False, 3
741,0, 280, False, 3
742,0, 280, False, 3
743,0, 280, False, 3
744,0, 280, False, 3
745,0, 280, False, 3
746,0, 280, False, 3
747,0, 280, False, 3
748,0, 280, False, 3
749,0, 280, False, 3
750,0, 280, False, 3
751,0, 280, False, 3
752,0, 280, False, 3
753,0, 280, False, 3
754,0, 280, False, 3
755,0, 280, False, 3
756,0, 280, False, 3
757,0, 280, False, 3
758,0, 280, False, 3
759,0, 280, False, 3
760,0, 280, False, 3
761,0, 280, False, 3
762,0, 280, False, 3
763,0, 280, False, 3
764,0, 280, False, 3
765,0, 280, False, 3
766,0, 280, False, 3
767,0, 280, False, 3
768,0, 280, False, 3
769,0, 280, False, 3
770,0, 280, False, 3
771,0, 280, False, 3
772,0, 280, False, 3
773,0, 280, False, 3
774,0, 280, False, 3
775,0, 280, False, 3
776,0, 280, False, 3
777,0, 280, False, 3
778,0, 280, False, 3
779,0, 280, False, 3
780,0, 280, False, 3
781,0, 280, False, 3
782,0, 280, False, 3
783,0, 280, False, 3
784,0, 280, False, 0
785,0, 280, False, 0
786,0, 280, False, 0
787,0, 280, False, 0
788,0, 280, False, 0
789,0, 280, False, 0
790,0, 280, False, 0
791,0, 280, False, 0
792,0, 280, False, 0
793,0, 280, False, 0
794,0, 280, False, 0
795,0, 280, False, 0
796,0, 280, False, 0
797,0, 280, False, 0
798,0, 280, False, 0
799,0, 280, False, 0
800,0, 280, False, 0
801,0, 280, False, 0
802,0, 280, False, 0
803,0, 280, False, 0
804,0, 280, False, 0
805,0, 280, False, 0
806,0, 280, False, 0
807,0, 280, False, 0
808,0, 280, False, 0
809,0, 280, False, 0
810,0, 280, False, 0
811,0, 280, False, 0
812,0, 280, False, 0
813,0, 280, False, 0
814,0, 280, False, 0
815,0, 280, False, 0
816,0, 280, False, 0
817,0, 280, False, 0
818,0, 280, False, 0
819,0, 280, False, 0
820,0, 280, False, 0
821,0, 280, False, 0
822,0, 280, False, 0
823,0, 280, False, 0
824,0, 280, False, 0
825,0, 280, False, 0
826,0, 280, False, 0
827,0, 280, False, 0
828,0, 280, False, 0
829,0, 280, False, 0
830,0, 280, False, 0
831,0, 280, False, 0
832,0, 280, False, 0
833,0, 280, False, 0
834,0, 280, False, 0
835,0, 280, False, 0
836,0, 280, False, 0
837,0, 280, False, 0
838,0, 280, False, 0
839,0, 280, False, 0
840,0, 280, False, 0
841,0, 280, False, 0
842,0, 280, False, 0
843,0, 280, False, 0
844,0, 280, False, 0
845,0, 280, False, 0
846,0, 280, False, 0
847,0, 280, False, 0
848,0, 280, False, 0
849,0, 280, False, 0
850,0, 280, False, 0
851,0, 280, False, 0
852,0, 280, False, 0
853,0, 280, False, 0
854,0, 280, False, 0
855,0, 280, False, 0
856,0, 280, False, 0
857,0, 280, False, 0
858,0, 280, False, 0
859,0, 280, False, 0
860,0, 280, False, 0
861,0, 280, False, 0
862,0, 280, False, 0
863,0, 280, False, 0
864,0, 280, False, 0
865,0, 280, False, 0
866,0, 280, False, 0
867,0, 280, False, 0
868,0, 280, False, 0
869,0, 280, False, 0
870,0, 280, False, 0
871,0, 280, False, 0
872,0, 280, False, 0
873,0, 280, False, 0
874,0, 280, False, 0
875,0, 280, False, 0
876,0, 280, False, 0
877,0, 280, False, 0
878,0, 280, False, 0
879,0, 280, False, 0
880,0, 280, False, 0
881,0, 280, False, 0
882,0, 280, False, 0
883,0, 280, False, 0
884,0, 280, False, 0
885,0, 280, False, 0
886,0, 280, False, 0
887,0, 280, False, 0
888,0, 280, False, 0
889,0, 280, False, 0
890,0, 280, False, 0
891,0, 280, False, 0
892,0, 280, False, 0
893,0, 280, False, 0
894,0, 280, False, 0
895,0, 280, False, 0
896,0, 280, False, 0
897,0, 280, False, 0
898,0, 280, False, 0
899,0, 280, False, 0
900,0, 280, False, 0
901,0, 280, False, 0
902,0, 280, False, 0
903,0, 280, False, 0
904,0, 280, False, 0
905,0, 280, False, 4
906,0, 280, False, 4
907,0, 280, False, 4
908,0, 280, False, 4
909,0, 280, False, 4
910,0, 280, False, 4
911,0, 280, False, 4
912,0, 280, False, 4
913,0, 280, False, 4
914,0, 280, False, 4
915,0, 280, False, 4
916,0, 280, False, 4
917,0, 280, False, 4
918,0, 280, False, 4
919,0, 280, False, 4
920,0, 280, False, 4
921,0, 280, False, 4
922,0, 280, False, 4
923,0, 280, False, 4
924,0, 280, False, 4
925,0, 280, False, 4
926,0, 280, False, 4
927,0, 280, False, 4
928,0, 280, False, 4
929,0, 280, False, 4
930,0, 280, False, 4
931,0, 280, False, 4
932,0, 280, False, 4
933,0, 280, False, 4
934,0, 280, False, 4
935,0, 280, False, 4
936,0, 280, False, 4
937,10, 290, False, 4
938,0, 290, False, 4
939,0, 290, False, 4
940,0, 290, False, 4
941,0, 290, False, 4
942,0, 290, False, 4
943,0, 290, False, 4
944,0, 290, False, 4
945,0, 290, False, 4
946,0, 290, False, 4
947,0, 290, False, 4
948,0, 290, False, 4
949,0, 290, False, 4
950,0, 290, False, 4
951,10, 300, False, 4
952,0, 300, False, 4
953,0, 300, False, 4
954,0, 300, False, 4
955,0, 300, False, 4
956,0, 300, False, 4
957,0, 300, False, 4
958,0, 300, False, 4
959,0, 300, False, 4
960,0, 300, False, 4
961,0, 300, False, 4
962,0, 300, False, 4
963,10, 310, False, 4
964,0, 310, False, 4
965,0, 310, False, 4
966,0, 310, False, 4
967,0, 310, False, 4
968,0, 310, False, 4
969,0, 310, False, 4
970,0, 310, False, 4
971,0, 310, False, 4
972,0, 310, False, 4
973,0, 310, False, 4
974,0, 310, False, 4
975,0, 310, False, 4
976,0, 310, False, 4
977,10, 320, False, 4
978,0, 320, False, 4
979,0, 320, False, 4
980,0, 320, False, 4
981,0, 320, False, 4
982,0, 320, False, 4
983,0, 320, False, 4
984,0, 320, False, 4
985,0, 320, False, 4
986,0, 320, False, 4
987,0, 320, False, 4
988,0, 320, False, 4
989,0, 320, False, 4
990,0, 320, False, 4
991,0, 320, False, 4
992,0, 320, False, 4
993,0, 320, False, 9
994,0, 320, False, 9
995,0, 320, False, 5
996,0, 320, False, 5
997,0, 320, False, 5
998,0, 320, False, 5
999,0, 320, False, 5
1000,0, 320, False, 5
1001,10, 330, False, 5
1002,0, 330, False, 5
1003,0, 330, False, 5
1004,0, 330, False, 5
1005,0, 330, False, 5
1006,0, 330, False, 5
1007,0, 330, False, 5
1008,0, 330, False, 5
1009,0, 330, False, 5
1010,0, 330, False, 5
1011,0, 330, False, 5
1012,0, 330, False, 5
1013,0, 330, False, 5
1014,0, 330, False, 5
1015,10, 340, False, 5
1016,0, 340, False, 5
1017,0, 340, False, 9
1018,0, 340, False, 9
1019,0, 340, False, 9
1020,0, 340, False, 9
1021,0, 340, False, 9
1022,0, 340, False, 4
1023,0, 340, False, 4
1024,0, 340, False, 4
1025,0, 340, False, 4
1026,0, 340, False, 4
1027,0, 340, False, 4
1028,0, 340, False, 4
1029,0, 340, False, 4
1030,0, 340, False, 4
1031,10, 350, False, 4
1032,0, 350, False, 4
1033,0, 350, False, 4
1034,0, 350, False, 4
1035,0, 350, False, 4
1036,0, 350, False, 4
1037,0, 350, False, 4
1038,0, 350, False, 4
1039,0, 350, False, 4
1040,0, 350, False, 4
1041,0, 350, False, 4
1042,0, 350, False, 4
1043,10, 360, False, 4
1044,0, 360, False, 4
1045,0, 360, False, 7
1046,0, 360, False, 7
1047,0, 360, False, 2
1048,0, 360, False, 2
1049,0, 360, False, 2
1050,0, 360, False, 2
1051,0, 360, False, 2
1052,0, 360, False, 2
1053,0, 360, False, 2
1054,0, 360, False, 2
1055,0, 360, False, 2
1056,0, 360, False, 2
1057,0, 360, False, 2
1058,0, 360, False, 2
1059,10, 370, False, 2
1060,0, 370, False, 2
1061,0, 370, False, 2
1062,0, 370, False, 2
1063,0, 370, False, 2
1064,0, 370, False, 2
1065,0, 370, False, 2
1066,0, 370, False, 2
1067,0, 370, False, 2
1068,0, 370, False, 2
1069,0, 370, False, 2
1070,0, 370, False, 2
1071,0, 370, False, 2
1072,0, 370, False, 2
1073,10, 380, False, 2
1074,0, 380, False, 2
1075,0, 380, False, 2
1076,0, 380, False, 2
1077,0, 380, False, 2
1078,0, 380, False, 2
1079,0, 380, False, 2
1080,0, 380, False, 2
1081,0, 380, False, 2
1082,0, 380, False, 2
1083,0, 380, False, 2
1084,0, 380, False, 2
1085,0, 380, False, 2
1086,0, 380, False, 2
1087,10, 390, False, 2
1088,0, 390, False, 2
1089,0, 390, False, 2
1090,0, 390, False, 2
1091,0, 390, False, 2
1092,0, 390, False, 2
1093,0, 390, False, 2
1094,0, 390, False, 2
1095,0, 390, False, 2
1096,0, 390, False, 2
1097,0, 390, False, 2
1098,0, 390, False, 2
1099,0, 390, False, 2
1100,0, 390, False, 2
1101,10, 400, False, 2
1102,0, 400, False, 2
1103,0, 400, False, 2
1104,0, 400, False, 2
1105,0, 400, False, 2
1106,0, 400, False, 2
1107,0, 400, False, 2
1108,0, 400, False, 2
1109,0, 400, False, 2
1110,0, 400, False, 2
1111,0, 400, False, 2
1112,0, 400, False, 2
1113,0, 400, False, 2
1114,0, 400, False, 2
1115,10, 410, False, 2
1116,0, 410, False, 2
1117,0, 410, False, 2
1118,0, 410, False, 2
1119,0, 410, False, 2
1120,0, 410, False, 2
1121,0, 410, False, 2
1122,0, 410, False, 2
1123,0, 410, False, 2
1124,0, 410, False, 2
1125,0, 410, False, 2
1126,0, 410, False, 2
1127,0, 410, False, 2
1128,0, 410, False, 2
1129,10, 420, False, 2
1130,0, 420, False, 2
1131,0, 420, False, 2
1132,0, 420, False, 2
1133,0, 420, False, 2
1134,0, 420, False, 2
1135,0, 420, False, 2
1136,0, 420, False, 2
1137,0, 420, False, 2
1138,0, 420, False, 2
1139,0, 420, False, 2
1140,0, 420, False, 2
1141,0, 420, False, 2
1142,0, 420, False, 2
1143,10, 430, False, 2
1144,0, 430, False, 2
1145,0, 430, False, 2
1146,0, 430, False, 2
1147,0, 430, False, 6
1148,0, 430, False, 6
1149,0, 430, False, 6
1150,0, 430, False, 6
1151,0, 430, False, 6
1152,0, 430, False, 6
1153,0, 430, False, 6
1154,0, 430, False, 6
1155,0, 430, False, 6
1156,0, 430, False, 6
1157,10, 440, False, 6
1158,0, 440, False, 6
1159,0, 440, False, 6
1160,0, 440, False, 6
1161,0, 440, False, 6
1162,0, 440, False, 6
1163,0, 440, False, 3
1164,0, 440, False, 3
1165,0, 440, False, 3
1166,0, 440, False, 3
1167,10, 450, False, 3
1168,0, 450, False, 3
1169,0, 450, False, 3
1170,0, 450, False, 3
1171,0, 450, False, 3
1172,0, 450, False, 3
1173,0, 450, False, 3
1174,0, 450, False, 3
1175,0, 450, False, 3
1176,0, 450, False, 3
1177,0, 450, False, 3
1178,0, 450, False, 3
1179,0, 450, False, 3
1180,0, 450, False, 3
1181,10, 460, False, 3
1182,0, 460, False, 3
1183,0, 460, False, 3
1184,0, 460, False, 3
1185,0, 460, False, 3
1186,0, 460, False, 3
1187,0, 460, False, 3
1188,0, 460, False, 3
1189,0, 460, False, 3
1190,0, 460, False, 3
1191,0, 460, False, 3
1192,0, 460, False, 6
1193,0, 460, False, 6
1194,0, 460, False, 6
1195,10, 470, False, 6
1196,0, 470, False, 6
1197,0, 470, False, 2
1198,0, 470, False, 2
1199,0, 470, False, 2
1200,0, 470, False, 2
1201,0, 470, False, 2
1202,0, 470, False, 2
1203,0, 470, False, 2
1204,0, 470, False, 2
1205,0, 470, False, 2
1206,0, 470, False, 2
1207,10, 480, False, 2
1208,0, 480, False, 2
1209,0, 480, False, 2
1210,0, 480, False, 2
1211,0, 480, False, 2
1212,0, 480, False, 2
1213,0, 480, False, 2
1214,0, 480, False, 2
1215,0, 480, False, 2
1216,0, 480, False, 2
1217,0, 480, False, 2
1218,0, 480, False, 2
1219,0, 480, False, 2
1220,0, 480, False, 0
1221,0, 480, False, 0
1222,0, 480, False, 0
1223,0, 480, False, 0
1224,0, 480, False, 0
1225,10, 490, False, 0
1226,0, 490, False, 4
1227,0, 490, False, 4
1228,0, 490, False, 4
1229,0, 490, False, 4
1230,0, 490, False, 4
1231,0, 490, False, 4
1232,0, 490, False, 4
1233,0, 490, False, 4
1234,0, 490, False, 4
1235,0, 490, False, 4
1236,0, 490, False, 4
1237,0, 490, False, 4
1238,0, 490, False, 4
1239,10, 500, False, 4
1240,0, 500, False, 4
1241,0, 500, False, 4
1242,0, 500, False, 4
1243,0, 500, False, 4
1244,0, 500, False, 4
1245,0, 500, False, 4
1246,0, 500, False, 4
1247,0, 500, False, 4
1248,0, 500, False, 4
1249,0, 500, False, 4
1250,0, 500, False, 4
1251,0, 500, False, 4
1252,0, 500, False, 4
1253,0, 500, False, 4
1254,0, 500, False, 4
1255,0, 500, False, 4
1256,0, 500, False, 4
1257,0, 500, False, 4
1258,0, 500, False, 4
1259,0, 500, False, 4
1260,0, 500, False, 4
1261,0, 500, False, 5
1262,0, 500, False, 5
1263,0, 500, False, 5
1264,0, 500, False, 5
1265,0, 500, False, 5
1266,0, 500, False, 5
1267,0, 500, False, 5
1268,0, 500, False, 5
1269,0, 500, False, 5
1270,0, 500, False, 5
1271,0, 500, False, 5
1272,0, 500, False, 5
1273,0, 500, False, 5
1274,0, 500, False, 5
1275,0, 500, False, 5
1276,0, 500, False, 5
1277,0, 500, False, 5
1278,0, 500, False, 5
1279,0, 500, False, 5
1280,0, 500, False, 5
1281,0, 500, False, 5
1282,0, 500, False, 5
1283,0, 500, False, 5
1284,0, 500, False, 5
1285,0, 500, False, 5
1286,0, 500, False, 5
1287,0, 500, False, 5
1288,0, 500, False, 5
1289,0, 500, False, 5
1290,0, 500, False, 8
1291,0, 500, False, 8
1292,0, 500, False, 8
1293,0, 500, False, 8
1294,0, 500, False, 8
1295,0, 500, False, 8
1296,0, 500, False, 3
1297,10, 510, False, 3
1298,0, 510, False, 3
1299,0, 510, False, 3
1300,0, 510, False, 3
1301,0, 510, False, 3
1302,0, 510, False, 3
1303,0, 510, False, 3
1304,0, 510, False, 3
1305,0, 510, False, 3
1306,0, 510, False, 3
1307,0, 510, False, 3
1308,0, 510, False, 3
1309,0, 510, False, 3
1310,0, 510, False, 3
1311,10, 520, False, 3
1312,0, 520, False, 3
1313,0, 520, False, 8
1314,0, 520, False, 8
1315,0, 520, False, 8
1316,0, 520, False, 8
1317,0, 520, False, 8
1318,0, 520, False, 5
1319,0, 520, False, 5
1320,0, 520, False, 5
1321,0, 520, False, 5
1322,0, 520, False, 5
1323,10, 530, False, 5
1324,0, 530, False, 5
1325,0, 530, False, 5
1326,0, 530, False, 5
1327,0, 530, False, 5
1328,0, 530, False, 5
1329,0, 530, False, 5
1330,0, 530, False, 5
1331,0, 530, False, 5
1332,0, 530, False, 5
1333,0, 530, False, 5
1334,0, 530, False, 5
1335,0, 530, False, 5
1336,0, 530, False, 5
1337,0, 530, False, 5
1338,0, 530, False, 5
1339,0, 530, False, 5
1340,0, 530, False, 5
1341,0, 530, False, 8
1342,0, 530, False, 3
1343,10, 540, False, 3
1344,0, 540, False, 3
1345,0, 540, False, 3
1346,0, 540, False, 3
1347,0, 540, False, 3
1348,0, 540, False, 3
1349,0, 540, False, 3
1350,0, 540, False, 3
1351,0, 540, False, 3
1352,0, 540, False, 3
1353,0, 540, False, 3
1354,0, 540, False, 3
1355,10, 550, False, 3
1356,0, 550, False, 3
1357,0, 550, False, 3
1358,0, 550, False, 3
1359,0, 550, False, 3
1360,0, 550, False, 3
1361,0, 550, False, 3
1362,0, 550, False, 3
1363,0, 550, False, 3
1364,0, 550, False, 3
1365,0, 550, False, 3
1366,0, 550, False, 3
1367,0, 550, False, 3
1368,0, 550, False, 3
1369,10, 560, False, 3
1370,0, 560, False, 3
1371,0, 560, False, 3
1372,0, 560, False, 3
1373,0, 560, False, 3
1374,0, 560, False, 3
1375,0, 560, False, 3
1376,0, 560, False, 3
1377,0, 560, False, 3
1378,0, 560, False, 3
1379,0, 560, False, 3
1380,0, 560, False, 3
1381,0, 560, False, 3
1382,0, 560, False, 3
1383,10, 570, False, 3
1384,0, 570, False, 3
1385,0, 570, False, 3
1386,0, 570, False, 3
1387,0, 570, False, 3
1388,0, 570, False, 3
1389,0, 570, False, 3
1390,0, 570, False, 3
1391,0, 570, False, 3
1392,0, 570, False, 3
1393,0, 570, False, 3
1394,0, 570, False, 3
1395,10, 580, False, 3
1396,0, 580, False, 3
1397,0, 580, False, 3
1398,0, 580, False, 3
1399,0, 580, False, 3
1400,0, 580, False, 3
1401,0, 580, False, 3
1402,0, 580, False, 3
1403,0, 580, False, 3
1404,0, 580, False, 3
1405,0, 580, False, 3
1406,0, 580, False, 3
1407,0, 580, False, 3
1408,0, 580, False, 3
1409,10, 590, False, 3
1410,0, 590, False, 3
1411,0, 590, False, 3
1412,0, 590, False, 3
1413,0, 590, False, 3
1414,0, 590, False, 3
1415,0, 590, False, 3
1416,0, 590, False, 3
1417,0, 590, False, 3
1418,0, 590, False, 3
1419,0, 590, False, 3
1420,0, 590, False, 3
1421,0, 590, False, 3
1422,0, 590, False, 3
1423,10, 600, False, 3
1424,0, 600, False, 3
1425,0, 600, False, 3
1426,0, 600, False, 3
1427,0, 600, False, 3
1428,0, 600, False, 3
1429,0, 600, False, 3
1430,0, 600, False, 3
1431,0, 600, False, 3
1432,0, 600, False, 3
1433,0, 600, False, 3
1434,0, 600, False, 3
1435,10, 610, False, 8
1436,0, 610, False, 8
1437,0, 610, False, 8
1438,0, 610, False, 8
1439,0, 610, False, 8
1440,0, 610, False, 5
1441,0, 610, False, 5
1442,0, 610, False, 5
1443,0, 610, False, 5
1444,0, 610, False, 5
1445,0, 610, False, 5
1446,0, 610, False, 5
1447,0, 610, False, 5
1448,0, 610, False, 5
1449,10, 620, False, 5
1450,0, 620, False, 5
1451,0, 620, False, 5
1452,0, 620, False, 5
1453,0, 620, False, 5
1454,0, 620, False, 5
1455,0, 620, False, 5
1456,0, 620, False, 5
1457,0, 620, False, 5
1458,0, 620, False, 5
1459,0, 620, False, 5
1460,0, 620, False, 5
1461,0, 620, False, 5
1462,0, 620, False, 5
1463,10, 630, False, 5
1464,0, 630, False, 5
1465,0, 630, False, 5
1466,0, 630, False, 5
1467,0, 630, False, 5
1468,0, 630, False, 5
1469,0, 630, False, 5
1470,0, 630, False, 5
1471,0, 630, False, 5
1472,0, 630, False, 5
1473,0, 630, False, 5
1474,0, 630, False, 5
1475,0, 630, False, 5
1476,0, 630, False, 5
1477,10, 640, False, 5
1478,0, 640, False, 5
1479,0, 640, False, 5
1480,0, 640, False, 5
1481,0, 640, False, 5
1482,0, 640, False, 5
1483,0, 640, False, 5
1484,0, 640, False, 5
1485,0, 640, False, 5
1486,0, 640, False, 5
1487,0, 640, False, 5
1488,0, 640, False, 5
1489,0, 640, False, 5
1490,0, 640, False, 5
1491,10, 650, False, 5
1492,0, 650, False, 5
1493,0, 650, False, 5
1494,0, 650, False, 5
1495,0, 650, False, 5
1496,0, 650, False, 5
1497,0, 650, False, 5
1498,0, 650, False, 5
1499,0, 650, False, 5
1500,0, 650, False, 5
1501,0, 650, False, 5
1502,0, 650, False, 5
1503,0, 650, False, 5
1504,0, 650, False, 5
1505,10, 660, False, 5
1506,0, 660, False, 5
1507,0, 660, False, 5
1508,0, 660, False, 5
1509,0, 660, False, 5
1510,0, 660, False, 5
1511,0, 660, False, 5
1512,0, 660, False, 5
1513,0, 660, False, 5
1514,0, 660, False, 5
1515,0, 660, False, 5
1516,0, 660, False, 5
1517,0, 660, False, 5
1518,0, 660, False, 5
1519,10, 670, False, 5
1520,0, 670, False, 5
1521,0, 670, False, 5
1522,0, 670, False, 5
1523,0, 670, False, 5
1524,0, 670, False, 5
1525,0, 670, False, 5
1526,0, 670, False, 5
1527,0, 670, False, 5
1528,0, 670, False, 5
1529,0, 670, False, 5
1530,0, 670, False, 5
1531,0, 670, False, 5
1532,0, 670, False, 5
1533,10, 680, False, 5
1534,0, 680, False, 5
1535,0, 680, False, 5
1536,0, 680, False, 5
1537,0, 680, False, 5
1538,0, 680, False, 5
1539,0, 680, False, 5
1540,0, 680, False, 5
1541,0, 680, False, 5
1542,0, 680, False, 5
1543,0, 680, False, 5
1544,0, 680, False, 5
1545,0, 680, False, 5
1546,0, 680, False, 5
1547,10, 690, False, 5
1548,0, 690, False, 5
1549,0, 690, False, 5
1550,0, 690, False, 8
1551,0, 690, False, 8
1552,0, 690, False, 8
1553,0, 690, False, 8
1554,0, 690, False, 8
1555,0, 690, False, 8
1556,0, 690, False, 8
1557,0, 690, False, 8
1558,0, 690, False, 3
1559,0, 690, False, 3
1560,0, 690, False, 3
1561,10, 700, False, 3
1562,0, 700, False, 3
1563,0, 700, False, 3
1564,0, 700, False, 3
1565,0, 700, False, 3
1566,0, 700, False, 3
1567,0, 700, False, 3
1568,0, 700, False, 3
1569,0, 700, False, 3
1570,0, 700, False, 3
1571,0, 700, False, 3
1572,0, 700, False, 3
1573,0, 700, False, 3
1574,0, 700, False, 8
1575,0, 700, False, 8
1576,0, 700, False, 8
1577,0, 700, False, 8
1578,0, 700, False, 8
1579,0, 700, False, 8
1580,0, 700, False, 5
1581,10, 710, False, 5
1582,0, 710, False, 5
1583,0, 710, False, 5
1584,0, 710, False, 5
1585,0, 710, False, 5
1586,0, 710, False, 5
1587,0, 710, False, 5
1588,0, 710, False, 5
1589,0, 710, False, 5
1590,0, 710, False, 5
1591,0, 710, False, 5
1592,0, 710, False, 5
1593,0, 710, False, 5
1594,0, 710, False, 5
1595,0, 710, False, 5
1596,0, 710, False, 5
1597,0, 710, False, 5
1598,0, 710, False, 5
1599,0, 710, False, 5
1600,0, 710, False, 5
1601,50, 760, False, 5
1602,0, 760, False, 5
1603,0, 760, False, 5
1604,0, 760, False, 5
1605,0, 760, False, 5
1606,0, 760, False, 5
1607,10, 770, False, 5
1608,0, 770, False, 5
1609,0, 770, False, 5
1610,0, 770, False, 5
1611,0, 770, False, 5
1612,0, 770, False, 5
1613,0, 770, False, 9
1614,0, 770, False, 9
1615,0, 770, False, 9
1616,0, 770, False, 9
1617,0, 770, False, 9
1618,0, 770, False, 9
1619,0, 770, False, 9
1620,0, 770, False, 4
1621,0, 770, False, 4
1622,0, 770, False, 4
1623,10, 780, False, 4
1624,0, 780, False, 4
1625,0, 780, False, 4
1626,0, 780, False, 4
1627,0, 780, False, 4
1628,0, 780, False, 4
1629,0, 780, False, 4
1630,0, 780, False, 4
1631,0, 780, False, 4
1632,0, 780, False, 4
1633,0, 780, False, 4
1634,0, 780, False, 4
1635,0, 780, False, 4
1636,0, 780, False, 4
1637,10, 790, False, 4
1638,0, 790, False, 4
1639,0, 790, False, 4
1640,0, 790, False, 4
1641,0, 790, False, 4
1642,0, 790, False, 4
1643,0, 790, False, 4
1644,0, 790, False, 4
1645,0, 790, False, 4
1646,0, 790, False, 4
1647,0, 790, False, 4
1648,0, 790, False, 4
1649,0, 790, False, 4
1650,0, 790, False, 4
1651,0, 790, False, 4
1652,0, 790, False, 4
1653,0, 790, False, 4
1654,0, 790, False, 4
1655,0, 790, False, 4
1656,0, 790, False, 4
1657,0, 790, False, 4
1658,0, 790, False, 4
1659,0, 790, False, 4
1660,0, 790, False, 4
1661,10, 800, False, 4
1662,0, 800, False, 4
1663,0, 800, False, 4
1664,0, 800, False, 4
1665,0, 800, False, 4
1666,0, 800, False, 4
1667,0, 800, False, 4
1668,0, 800, False, 4
1669,0, 800, False, 4
1670,0, 800, False, 4
1671,0, 800, False, 4
1672,0, 800, False, 4
1673,0, 800, False, 4
1674,0, 800, False, 4
1675,10, 810, False, 4
1676,0, 810, False, 4
1677,0, 810, False, 4
1678,0, 810, False, 4
1679,0, 810, False, 4
1680,0, 810, False, 4
1681,0, 810, False, 4
1682,0, 810, False, 4
1683,0, 810, False, 4
1684,0, 810, False, 4
1685,0, 810, False, 4
1686,0, 810, False, 4
1687,10, 820, False, 4
1688,0, 820, False, 4
1689,0, 820, False, 4
1690,0, 820, False, 4
1691,0, 820, False, 4
1692,0, 820, False, 4
1693,0, 820, False, 4
1694,0, 820, False, 4
1695,0, 820, False, 4
1696,0, 820, False, 4
1697,0, 820, False, 7
1698,0, 820, False, 7
1699,0, 820, False, 7
1700,0, 820, False, 7
1701,0, 820, False, 2
1702,0, 820, False, 2
1703,0, 820, False, 2
1704,0, 820, False, 2
1705,0, 820, False, 2
1706,0, 820, False, 2
1707,0, 820, False, 2
1708,0, 820, False, 2
1709,0, 820, False, 2
1710,0, 820, False, 2
1711,0, 820, False, 2
1712,0, 820, False, 2
1713,0, 820, False, 2
1714,0, 820, False, 2
1715,0, 820, False, 2
1716,0, 820, False, 2
1717,0, 820, False, 2
1718,0, 820, False, 2
1719,0, 820, False, 2
1720,0, 820, False, 2
1721,0, 820, False, 2
1722,0, 820, False, 2
1723,0, 820, False, 2
1724,0, 820, False, 2
1725,0, 820, False, 2
1726,0, 820, False, 2
1727,0, 820, False, 2
1728,0, 820, False, 2
1729,0, 820, False, 2
1730,0, 820, False, 2
1731,0, 820, False, 2
1732,0, 820, False, 2
1733,0, 820, False, 2
1734,0, 820, False, 2
1735,0, 820, False, 2
1736,0, 820, False, 2
1737,0, 820, False, 2
1738,0, 820, False, 2
1739,0, 820, False, 2
1740,0, 820, False, 2
1741,0, 820, False, 2
1742,0, 820, False, 2
1743,0, 820, False, 2
1744,0, 820, False, 2
1745,0, 820, False, 2
1746,0, 820, False, 2
1747,0, 820, False, 2
1748,0, 820, False, 2
1749,0, 820, False, 2
1750,0, 820, False, 2
1751,0, 820, False, 2
1752,0, 820, False, 2
1753,0, 820, False, 2
1754,0, 820, False, 2
1755,0, 820, False, 2
1756,0, 820, False, 2
1757,0, 820, False, 2
1758,0, 820, False, 2
1759,0, 820, False, 2
1760,0, 820, False, 2
1761,0, 820, False, 2
1762,0, 820, False, 2
1763,0, 820, False, 2
1764,0, 820, False, 2
1765,0, 820, False, 7
1766,0, 820, False, 7
1767,0, 820, False, 7
1768,0, 820, False, 7
1769,0, 820, False, 4
1770,0, 820, False, 4
1771,0, 820, False, 4
1772,0, 820, False, 4
1773,0, 820, False, 4
1774,0, 820, False, 4
1775,10, 830, False, 4
1776,0, 830, False, 4
1777,0, 830, False, 4
1778,0, 830, False, 4
1779,0, 830, False, 4
1780,0, 830, False, 4
1781,0, 830, False, 4
1782,0, 830, False, 4
1783,0, 830, False, 4
1784,0, 830, False, 4
1785,0, 830, False, 4
1786,0, 830, False, 4
1787,0, 830, False, 4
1788,0, 830, False, 4
1789,0, 830, False, 4
1790,0, 830, False, 4
1791,0, 830, False, 4
1792,0, 830, False, 4
1793,0, 830, False, 4
1794,0, 830, False, 4
1795,0, 830, False, 4
1796,0, 830, False, 4
1797,0, 830, False, 4
1798,0, 830, False, 4
1799,0, 830, False, 4
1800,0, 830, False, 4
1801,0, 830, False, 4
1802,0, 830, False, 4
1803,0, 830, False, 4
1804,0, 830, False, 4
1805,0, 830, False, 4
1806,0, 830, False, 4
1807,0, 830, False, 4
1808,0, 830, False, 4
1809,0, 830, False, 4
1810,0, 830, False, 4
1811,0, 830, False, 4
1812,0, 830, False, 4
1813,0, 830, False, 4
1814,0, 830, False, 4
1815,0, 830, False, 4
1816,0, 830, False, 4
1817,0, 830, False, 4
1818,0, 830, False, 4
1819,0, 830, False, 4
1820,0, 830, False, 4
1821,0, 830, False, 4
1822,0, 830, False, 9
1823,0, 830, False, 9
1824,0, 830, False, 9
1825,0, 830, False, 9
1826,0, 830, False, 9
1827,0, 830, False, 9
1828,0, 830, False, 9
1829,0, 830, False, 9
1830,0, 830, False, 5
1831,0, 830, False, 5
1832,0, 830, False, 5
1833,0, 830, False, 5
1834,0, 830, False, 5
1835,10, 840, False, 5
1836,0, 840, False, 5
1837,0, 840, False, 5
1838,0, 840, False, 5
1839,0, 840, False, 5
1840,0, 840, False, 5
1841,0, 840, False, 5
1842,0, 840, False, 5
1843,0, 840, False, 5
1844,0, 840, False, 5
1845,0, 840, False, 5
1846,0, 840, False, 5
1847,0, 840, False, 5
1848,0, 840, False, 5
1849,10, 850, False, 5
1850,0, 850, False, 5
1851,0, 850, False, 5
1852,0, 850, False, 5
1853,0, 850, False, 5
1854,0, 850, False, 5
1855,0, 850, False, 5
1856,0, 850, False, 5
1857,0, 850, False, 5
1858,0, 850, False, 5
1859,0, 850, False, 5
1860,0, 850, False, 5
1861,0, 850, False, 5
1862,0, 850, False, 5
1863,10, 860, False, 5
1864,0, 860, False, 5
1865,0, 860, False, 5
1866,0, 860, False, 5
1867,0, 860, False, 5
1868,0, 860, False, 5
1869,0, 860, False, 5
1870,0, 860, False, 5
1871,0, 860, False, 8
1872,0, 860, False, 8
1873,0, 860, False, 8
1874,0, 860, False, 8
1875,0, 860, False, 8
1876,0, 860, False, 8
1877,0, 860, False, 8
1878,0, 860, False, 8
1879,10, 870, False, 8
1880,0, 870, False, 8
1881,0, 870, False, 3
1882,0, 870, False, 3
1883,0, 870, False, 3
1884,0, 870, False, 3
1885,0, 870, False, 3
1886,0, 870, False, 3
1887,0, 870, False, 3
1888,0, 870, False, 3
1889,0, 870, False, 3
1890,0, 870, False, 3
1891,0, 870, False, 3
1892,0, 870, False, 3
1893,0, 870, False, 3
1894,0, 870, False, 3
1895,0, 870, False, 3
1896,0, 870, False, 3
1897,0, 870, False, 3
1898,0, 870, False, 6
1899,0, 870, False, 6
1900,0, 870, False, 6
1901,0, 870, False, 6
1902,0, 870, False, 6
1903,0, 870, False, 2
1904,0, 870, False, 2
1905,0, 870, False, 2
1906,0, 870, False, 2
1907,0, 870, False, 2
1908,0, 870, False, 2
1909,0, 870, False, 2
1910,0, 870, False, 2
1911,0, 870, False, 2
1912,0, 870, False, 2
1913,0, 870, False, 2
1914,0, 870, False, 2
1915,0, 870, False, 2
1916,0, 870, False, 2
1917,0, 870, False, 2
1918,0, 870, False, 2
1919,0, 870, False, 2
1920,0, 870, False, 2
1921,0, 870, False, 2
1922,0, 870, False, 2
1923,0, 870, False, 2
1924,0, 870, False, 2
1925,0, 870, False, 2
1926,0, 870, False, 2
1927,0, 870, False, 2
1928,0, 870, False, 2
1929,0, 870, False, 2
1930,0, 870, False, 2
1931,0, 870, False, 2
1932,0, 870, False, 2
1933,0, 870, False, 2
1934,0, 870, False, 2
1935,0, 870, False, 2
1936,0, 870, False, 2
1937,0, 870, False, 2
1938,0, 870, False, 2
1939,0, 870, False, 2
1940,0, 870, False, 7
1941,0, 870, False, 7
1942,0, 870, False, 7
1943,0, 870, False, 7
1944,0, 870, False, 7
1945,0, 870, False, 7
1946,0, 870, False, 7
1947,0, 870, False, 7
1948,0, 870, False, 4
1949,0, 870, False, 4
1950,0, 870, False, 4
1951,0, 870, False, 4
1952,0, 870, False, 4
1953,0, 870, False, 4
1954,0, 870, False, 4
1955,0, 870, False, 0
1956,0, 870, False, 3
1957,0, 870, False, 3
1958,0, 870, False, 3
1959,0, 870, False, 3
1960,0, 870, False, 3
1961,0, 870, False, 3
1962,0, 870, False, 3
1963,0, 870, False, 3
1964,0, 870, False, 3
1965,0, 870, False, 3
1966,0, 870, False, 3
1967,0, 870, False, 3
1968,0, 870, False, 3
1969,0, 870, False, 3
1970,0, 870, False, 3
1971,0, 870, False, 3
1972,0, 870, False, 3
1973,0, 870, False, 3
1974,0, 870, False, 3
1975,0, 870, False, 3
1976,0, 870, False, 3
1977,0, 870, False, 3
1978,0, 870, False, 3
1979,0, 870, False, 3
1980,0, 870, False, 3
1981,0, 870, False, 3
1982,0, 870, False, 3
1983,0, 870, False, 3
1984,0, 870, False, 3
1985,0, 870, False, 3
1986,0, 870, False, 3
1987,0, 870, False, 3
1988,0, 870, False, 3
1989,0, 870, False, 3
1990,0, 870, False, 3
1991,0, 870, False, 3
1992,0, 870, False, 3
1993,0, 870, False, 3
1994,0, 870, False, 3
1995,0, 870, False, 3
1996,0, 870, False, 3
1997,0, 870, False, 3
1998,0, 870, False, 3
1999,0, 870, False, 3
2000,0, 870, False, 3
2001,0, 870, False, 3
2002,0, 870, False, 3
2003,0, 870, False, 3
2004,0, 870, False, 3
2005,0, 870, False, 3
2006,0, 870, False, 3
2007,0, 870, False, 3
2008,0, 870, False, 3
2009,0, 870, False, 3
2010,0, 870, False, 3
2011,0, 870, False, 3
2012,0, 870, False, 3
2013,0, 870, False, 3
2014,0, 870, False, 3
2015,0, 870, False, 3
2016,0, 870, False, 3
2017,0, 870, False, 3
2018,0, 870, False, 3
2019,0, 870, False, 3
2020,0, 870, False, 3
2021,0, 870, False, 3
2022,0, 870, False, 3
2023,0, 870, False, 3
2024,0, 870, False, 3
2025,0, 870, False, 3
2026,0, 870, False, 3
2027,0, 870, False, 3
2028,0, 870, False, 3
2029,0, 870, False, 3
2030,0, 870, False, 3
2031,0, 870, False, 3
2032,0, 870, False, 3
2033,0, 870, False, 3
2034,0, 870, False, 3
2035,0, 870, False, 3
2036,0, 870, False, 3
2037,0, 870, False, 3
2038,0, 870, False, 3
2039,0, 870, False, 3
2040,0, 870, False, 3
2041,0, 870, False, 3
2042,0, 870, False, 3
2043,0, 870, False, 3
2044,0, 870, False, 3
2045,0, 870, False, 3
2046,0, 870, False, 3
2047,0, 870, False, 3
2048,0, 870, False, 3
2049,0, 870, False, 3
2050,0, 870, False, 3
2051,0, 870, False, 3
2052,0, 870, False, 3
2053,0, 870, False, 3
2054,0, 870, False, 3
2055,0, 870, False, 3
2056,0, 870, False, 8
2057,0, 870, False, 8
2058,0, 870, False, 8
2059,0, 870, False, 8
2060,0, 870, False, 8
2061,0, 870, False, 8
2062,0, 870, False, 8
2063,0, 870, False, 8
2064,0, 870, False, 8
2065,0, 870, False, 5
2066,0, 870, False, 5
2067,0, 870, False, 5
2068,0, 870, False, 5
2069,0, 870, False, 5
2070,0, 870, False, 5
2071,0, 870, False, 5
2072,0, 870, False, 5
2073,100, 970, False, 5
2074,0, 970, False, 5
2075,0, 970, False, 5
2076,0, 970, False, 5
2077,0, 970, False, 5
2078,0, 970, False, 5
2079,0, 970, False, 5
2080,0, 970, False, 5
2081,0, 970, False, 5
2082,0, 970, False, 5
2083,0, 970, False, 5
2084,0, 970, False, 5
2085,0, 970, False, 5
2086,0, 970, False, 5
2087,0, 970, False, 5
2088,0, 970, False, 5
2089,0, 970, False, 5
2090,0, 970, False, 5
2091,0, 970, False, 5
2092,0, 970, False, 5
2093,0, 970, False, 5
2094,0, 970, False, 5
2095,0, 970, False, 5
2096,0, 970, False, 5
2097,0, 970, False, 0
2098,0, 970, False, 0
2099,0, 970, False, 0
2100,0, 970, False, 0
2101,0, 970, False, 0
2102,0, 970, False, 0
2103,0, 970, False, 0
2104,0, 970, False, 0
2105,0, 970, False, 0
2106,0, 970, False, 0
2107,0, 970, False, 0
2108,0, 970, False, 0
2109,0, 970, False, 0
2110,0, 970, False, 0
2111,0, 970, False, 0
2112,0, 970, False, 0
2113,0, 970, False, 0
2114,0, 970, False, 0
2115,0, 970, False, 0
2116,0, 970, False, 0
2117,0, 970, False, 2
2118,0, 970, False, 2
2119,0, 970, False, 2
2120,0, 970, False, 2
2121,0, 970, False, 2
2122,0, 970, False, 2
2123,0, 970, False, 2
2124,0, 970, False, 2
2125,0, 970, False, 2
2126,0, 970, False, 2
2127,0, 970, False, 2
2128,0, 970, False, 2
2129,0, 970, False, 2
2130,0, 970, False, 2
2131,0, 970, False, 2
2132,0, 970, False, 2
2133,0, 970, False, 2
2134,0, 970, False, 2
2135,0, 970, False, 2
2136,0, 970, False, 2
2137,0, 970, False, 2
2138,0, 970, False, 2
2139,0, 970, False, 2
2140,0, 970, False, 2
2141,0, 970, False, 2
2142,0, 970, False, 2
2143,0, 970, False, 2
2144,0, 970, False, 2
2145,0, 970, False, 2
2146,0, 970, False, 0
2147,0, 970, False, 0
2148,0, 970, False, 0
2149,0, 970, False, 0
2150,0, 970, False, 0
2151,0, 970, False, 0
2152,0, 970, False, 0
2153,0, 970, False, 0
2154,0, 970, False, 0
2155,0, 970, False, 0
2156,0, 970, False, 0
2157,0, 970, False, 5
2158,0, 970, False, 5
2159,0, 970, False, 5
2160,0, 970, False, 5
2161,0, 970, False, 5
2162,0, 970, False, 5
2163,0, 970, False, 5
2164,0, 970, False, 5
2165,0, 970, False, 5
2166,0, 970, False, 5
2167,0, 970, False, 5
2168,0, 970, False, 5
2169,0, 970, False, 5
2170,0, 970, False, 5
2171,0, 970, False, 5
2172,0, 970, False, 5
2173,0, 970, False, 5
2174,0, 970, False, 0
2175,0, 970, False, 0
2176,0, 970, False, 0
2177,0, 970, False, 0
2178,0, 970, False, 0
2179,0, 970, False, 3
2180,0, 970, False, 3
2181,0, 970, False, 3
2182,0, 970, False, 3
2183,0, 970, False, 3
2184,0, 970, False, 3
2185,0, 970, False, 3
2186,0, 970, False, 3
2187,10, 980, False, 3
2188,0, 980, False, 3
2189,0, 980, False, 3
2190,0, 980, False, 3
2191,0, 980, False, 3
2192,0, 980, False, 3
2193,0, 980, False, 3
2194,0, 980, False, 3
2195,0, 980, False, 3
2196,0, 980, False, 3
2197,0, 980, False, 3
2198,0, 980, False, 3
2199,0, 980, False, 3
2200,0, 980, False, 0
2201,0, 980, False, 0
2202,0, 980, False, 0
2203,0, 980, False, 0
2204,0, 980, False, 0
2205,0, 980, False, 0
2206,0, 980, False, 2
2207,0, 980, False, 2
2208,0, 980, False, 2
2209,0, 980, False, 2
2210,0, 980, False, 2
2211,0, 980, False, 2
2212,0, 980, False, 2
2213,0, 980, False, 2
2214,0, 980, False, 2
2215,0, 980, False, 2
2216,0, 980, False, 2
2217,0, 980, False, 2
2218,0, 980, False, 2
2219,0, 980, False, 2
2220,0, 980, False, 2
2221,0, 980, False, 2
2222,0, 980, False, 2
2223,0, 980, False, 2
2224,0, 980, False, 2
2225,0, 980, False, 2
2226,0, 980, False, 0
2227,0, 980, False, 0
2228,0, 980, False, 0
2229,0, 980, False, 0
2230,0, 980, False, 0
2231,0, 980, False, 0
2232,0, 980, False, 0
2233,0, 980, False, 0
2234,0, 980, False, 0
2235,0, 980, False, 0
2236,0, 980, False, 0
2237,0, 980, False, 0
2238,0, 980, False, 0
2239,0, 980, False, 4
2240,0, 980, False, 4
2241,0, 980, False, 4
2242,0, 980, False, 4
2243,0, 980, False, 4
2244,0, 980, False, 4
2245,0, 980, False, 4
2246,0, 980, False, 4
2247,0, 980, False, 4
2248,0, 980, False, 4
2249,0, 980, False, 4
2250,0, 980, False, 4
2251,0, 980, False, 4
2252,0, 980, False, 0
2253,0, 980, False, 0
2254,0, 980, False, 0
2255,0, 980, False, 0
2256,0, 980, False, 0
2257,0, 980, False, 0
2258,0, 980, False, 0
2259,0, 980, False, 0
2260,0, 980, False, 0
2261,0, 980, False, 0
2262,0, 980, False, 0
2263,0, 980, False, 0
2264,0, 980, False, 0
2265,0, 980, False, 0
2266,0, 980, False, 0
2267,0, 980, False, 0
2268,0, 980, False, 0
2269,0, 980, False, 0
2270,0, 980, False, 4
2271,0, 980, False, 4
2272,0, 980, False, 4
2273,0, 980, False, 4
2274,0, 980, False, 4
2275,0, 980, False, 4
2276,0, 980, False, 4
2277,0, 980, False, 4
2278,0, 980, False, 4
2279,0, 980, False, 4
2280,0, 980, False, 4
2281,0, 980, False, 4
2282,0, 980, False, 4
2283,0, 980, False, 4
2284,0, 980, False, 4
2285,0, 980, False, 0
2286,0, 980, False, 2
2287,0, 980, False, 2
2288,0, 980, False, 2
2289,0, 980, False, 2
2290,0, 980, False, 2
2291,0, 980, False, 2
2292,0, 980, False, 2
2293,0, 980, False, 2
2294,0, 980, False, 2
2295,0, 980, False, 2
2296,0, 980, False, 2
2297,0, 980, False, 2
2298,0, 980, False, 2
2299,0, 980, False, 2
2300,0, 980, False, 2
2301,0, 980, False, 2
2302,0, 980, False, 2
2303,0, 980, False, 2
2304,0, 980, False, 2
2305,0, 980, False, 2
2306,0, 980, False, 2
2307,0, 980, False, 2
2308,0, 980, False, 0
2309,0, 980, False, 0
2310,0, 980, False, 0
2311,0, 980, False, 4
2312,0, 980, False, 4
2313,0, 980, False, 4
2314,0, 980, False, 4
2315,0, 980, False, 4
2316,0, 980, False, 4
2317,0, 980, False, 4
2318,0, 980, False, 4
2319,0, 980, False, 4
2320,0, 980, False, 4
2321,0, 980, False, 4
2322,0, 980, False, 4
2323,0, 980, False, 4
2324,0, 980, False, 4
2325,0, 980, False, 4
2326,0, 980, False, 4
2327,0, 980, False, 4
2328,0, 980, False, 4
2329,0, 980, False, 4
2330,0, 980, False, 4
2331,0, 980, False, 4
2332,0, 980, False, 4
2333,0, 980, False, 9
2334,0, 980, False, 9
2335,0, 980, False, 5
2336,0, 980, False, 5
2337,0, 980, False, 5
2338,0, 980, False, 5
2339,0, 980, False, 5
2340,0, 980, False, 5
2341,10, 990, False, 5
2342,0, 990, False, 5
2343,0, 990, False, 5
2344,0, 990, False, 5
2345,0, 990, False, 5
2346,0, 990, False, 5
2347,0, 990, False, 5
2348,0, 990, False, 5
2349,0, 990, False, 5
2350,0, 990, False, 5
2351,0, 990, False, 5
2352,0, 990, False, 5
2353,0, 990, False, 5
2354,0, 990, False, 5
2355,10, 1000, False, 5
2356,0, 1000, False, 5
2357,0, 1000, False, 5
2358,0, 1000, False, 5
2359,0, 1000, False, 5
2360,0, 1000, False, 5
2361,0, 1000, False, 5
2362,0, 1000, False, 5
2363,0, 1000, False, 5
2364,0, 1000, False, 9
2365,0, 1000, False, 9
2366,0, 1000, False, 9
2367,0, 1000, False, 9
2368,0, 1000, False, 9
2369,10, 1010, False, 4
2370,0, 1010, False, 4
2371,0, 1010, False, 4
2372,0, 1010, False, 4
2373,0, 1010, False, 4
2374,0, 1010, False, 4
2375,0, 1010, False, 4
2376,0, 1010, False, 4
2377,0, 1010, False, 4
2378,0, 1010, False, 4
2379,0, 1010, False, 4
2380,0, 1010, False, 4
2381,0, 1010, False, 4
2382,0, 1010, False, 4
2383,0, 1010, False, 4
2384,0, 1010, False, 4
2385,10, 1020, False, 4
2386,0, 1020, False, 4
2387,0, 1020, False, 0
2388,0, 1020, False, 0
2389,0, 1020, False, 0
2390,0, 1020, False, 0
2391,0, 1020, False, 0
2392,0, 1020, False, 0
2393,0, 1020, False, 0
2394,0, 1020, False, 0
2395,0, 1020, False, 0
2396,0, 1020, False, 0
2397,0, 1020, False, 0
2398,0, 1020, False, 0
2399,0, 1020, False, 0
2400,0, 1020, False, 0
2401,0, 1020, False, 0
2402,0, 1020, False, 0
2403,0, 1020, False, 0
2404,0, 1020, False, 0
2405,0, 1020, False, 0
2406,0, 1020, False, 0
2407,0, 1020, False, 0
2408,0, 1020, False, 0
2409,0, 1020, False, 0
2410,0, 1020, False, 0
2411,0, 1020, False, 2
2412,0, 1020, False, 2
2413,0, 1020, False, 2
2414,0, 1020, False, 2
2415,0, 1020, False, 2
2416,0, 1020, False, 2
2417,0, 1020, False, 2
2418,0, 1020, False, 2
2419,0, 1020, False, 2
2420,0, 1020, False, 2
2421,0, 1020, False, 2
2422,0, 1020, False, 2
2423,0, 1020, False, 2
2424,0, 1020, False, 2
2425,0, 1020, False, 2
2426,0, 1020, False, 2
2427,0, 1020, False, 2
2428,0, 1020, False, 2
2429,0, 1020, False, 2
2430,0, 1020, False, 2
2431,0, 1020, False, 2
2432,0, 1020, False, 2
2433,0, 1020, False, 2
2434,0, 1020, False, 2
2435,0, 1020, False, 2
2436,0, 1020, False, 2
2437,0, 1020, False, 0
2438,0, 1020, False, 0
2439,0, 1020, False, 0
2440,0, 1020, False, 0
2441,0, 1020, False, 3
2442,0, 1020, False, 3
2443,0, 1020, False, 3
2444,0, 1020, False, 3
2445,0, 1020, False, 3
2446,0, 1020, False, 3
2447,0, 1020, False, 3
2448,0, 1020, False, 3
2449,0, 1020, False, 3
2450,0, 1020, False, 3
2451,0, 1020, False, 3
2452,0, 1020, False, 3
2453,0, 1020, False, 3
2454,0, 1020, False, 3
2455,0, 1020, False, 3
2456,0, 1020, False, 3
2457,0, 1020, False, 3
2458,0, 1020, False, 3
2459,0, 1020, False, 6
2460,0, 1020, False, 6
2461,0, 1020, False, 2
2462,0, 1020, False, 2
2463,0, 1020, False, 2
2464,0, 1020, False, 2
2465,0, 1020, False, 2
2466,0, 1020, False, 2
2467,0, 1020, False, 2
2468,0, 1020, False, 2
2469,0, 1020, False, 2
2470,0, 1020, False, 2
2471,0, 1020, False, 2
2472,0, 1020, False, 2
2473,0, 1020, False, 2
2474,0, 1020, False, 2
2475,0, 1020, False, 6
2476,0, 1020, False, 6
2477,0, 1020, False, 3
2478,0, 1020, False, 3
2479,0, 1020, False, 3
2480,0, 1020, False, 3
2481,0, 1020, False, 3
2482,0, 1020, False, 3
2483,0, 1020, False, 3
2484,0, 1020, False, 0
2485,0, 1020, False, 0
2486,0, 1020, False, 0
2487,0, 1020, False, 0
2488,0, 1020, False, 0
2489,0, 1020, False, 0
2490,0, 1020, False, 0
2491,0, 1020, False, 0
2492,0, 1020, False, 0
2493,0, 1020, False, 0
2494,0, 1020, False, 0
2495,0, 1020, False, 0
2496,0, 1020, False, 4
2497,0, 1020, False, 4
2498,0, 1020, False, 4
2499,0, 1020, False, 4
2500,0, 1020, False, 4
2501,0, 1020, False, 4
2502,0, 1020, False, 4
2503,0, 1020, False, 4
2504,0, 1020, False, 4
2505,0, 1020, False, 4
2506,0, 1020, False, 4
2507,0, 1020, False, 4
2508,0, 1020, False, 4
2509,0, 1020, False, 4
2510,0, 1020, False, 4
2511,0, 1020, False, 4
2512,0, 1020, False, 4
2513,0, 1020, False, 4
2514,0, 1020, False, 4
2515,0, 1020, False, 4
2516,0, 1020, False, 4
2517,0, 1020, False, 4
2518,0, 1020, False, 4
2519,0, 1020, False, 4
2520,0, 1020, False, 4
2521,0, 1020, False, 4
2522,0, 1020, False, 4
2523,0, 1020, False, 4
2524,0, 1020, False, 4
2525,0, 1020, False, 4
2526,0, 1020, False, 4
2527,0, 1020, False, 4
2528,0, 1020, False, 4
2529,0, 1020, False, 0
2530,0, 1020, False, 2
2531,0, 1020, False, 2
2532,0, 1020, False, 2
2533,0, 1020, False, 2
2534,0, 1020, False, 2
2535,0, 1020, False, 2
2536,0, 1020, False, 2
2537,0, 1020, False, 2
2538,0, 1020, False, 2
2539,0, 1020, False, 2
2540,0, 1020, False, 2
2541,0, 1020, False, 2
2542,0, 1020, False, 2
2543,0, 1020, False, 0
2544,0, 1020, False, 0
2545,0, 1020, False, 0
2546,0, 1020, False, 0
2547,0, 1020, False, 0
2548,0, 1020, False, 0
2549,0, 1020, False, 0
2550,0, 1020, False, 0
2551,0, 1020, False, 0
2552,0, 1020, False, 0
2553,0, 1020, False, 0
2554,0, 1020, False, 0
2555,0, 1020, False, 0
2556,0, 1020, False, 0
2557,0, 1020, False, 0
2558,0, 1020, False, 0
2559,0, 1020, False, 0
2560,0, 1020, False, 0
2561,0, 1020, False, 0
2562,0, 1020, False, 0
2563,0, 1020, False, 0
2564,0, 1020, False, 0
2565,0, 1020, False, 0
2566,0, 1020, False, 0
2567,0, 1020, False, 0
2568,0, 1020, False, 0
2569,0, 1020, False, 0
2570,0, 1020, False, 0
2571,0, 1020, False, 0
2572,0, 1020, False, 0
2573,0, 1020, False, 0
2574,0, 1020, False, 0
2575,0, 1020, False, 0
2576,0, 1020, False, 0
2577,0, 1020, False, 0
2578,0, 1020, False, 0
2579,0, 1020, False, 0
2580,0, 1020, False, 0
2581,0, 1020, False, 0
2582,0, 1020, False, 0
2583,0, 1020, False, 0
2584,0, 1020, False, 0
2585,0, 1020, False, 0
2586,0, 1020, False, 0
2587,0, 1020, False, 0
2588,0, 1020, False, 0
2589,0, 1020, False, 0
2590,0, 1020, False, 0
2591,0, 1020, False, 0
2592,0, 1020, False, 0
2593,0, 1020, False, 0
2594,0, 1020, False, 0
2595,0, 1020, False, 0
2596,0, 1020, False, 0
2597,0, 1020, False, 0
2598,0, 1020, False, 0
2599,0, 1020, False, 0
2600,0, 1020, False, 0
2601,0, 1020, False, 0
2602,0, 1020, False, 0
2603,0, 1020, False, 0
2604,0, 1020, False, 0
2605,0, 1020, False, 0
2606,0, 1020, False, 0
2607,0, 1020, False, 0
2608,0, 1020, False, 0
2609,0, 1020, False, 0
2610,0, 1020, False, 0
2611,0, 1020, False, 0
2612,0, 1020, False, 0
2613,0, 1020, False, 0
2614,0, 1020, False, 0
2615,0, 1020, False, 0
2616,0, 1020, False, 0
2617,0, 1020, False, 0
2618,0, 1020, False, 0
2619,0, 1020, False, 0
2620,0, 1020, False, 0
2621,0, 1020, False, 0
2622,0, 1020, False, 0
2623,0, 1020, False, 0
2624,0, 1020, False, 0
2625,0, 1020, False, 0
2626,0, 1020, False, 0
2627,0, 1020, False, 0
2628,0, 1020, False, 0
2629,0, 1020, False, 0
2630,0, 1020, False, 0
2631,0, 1020, False, 0
2632,0, 1020, False, 0
2633,0, 1020, False, 0
2634,0, 1020, False, 0
2635,0, 1020, False, 0
2636,0, 1020, False, 0
2637,0, 1020, False, 0
2638,0, 1020, False, 0
2639,0, 1020, False, 0
2640,0, 1020, False, 0
2641,0, 1020, False, 0
2642,0, 1020, False, 0
2643,0, 1020, False, 0
2644,0, 1020, False, 0
2645,0, 1020, False, 0
2646,0, 1020, False, 0
2647,0, 1020, False, 0
2648,0, 1020, False, 0
2649,0, 1020, False, 0
2650,0, 1020, False, 0
2651,0, 1020, False, 0
2652,0, 1020, False, 0
2653,0, 1020, False, 0
2654,0, 1020, False, 0
2655,0, 1020, False, 0
2656,0, 1020, False, 0
2657,0, 1020, False, 0
2658,0, 1020, False, 0
2659,0, 1020, False, 0
2660,0, 1020, False, 0
2661,0, 1020, False, 0
2662,0, 1020, False, 0
2663,0, 1020, False, 0
2664,0, 1020, False, 0
2665,0, 1020, False, 0
2666,0, 1020, False, 0
2667,0, 1020, False, 0
2668,0, 1020, False, 0
2669,0, 1020, False, 0
2670,0, 1020, False, 0
2671,0, 1020, False, 0
2672,0, 1020, False, 0
2673,0, 1020, False, 0
2674,0, 1020, False, 0
2675,0, 1020, False, 0
2676,0, 1020, False, 0
2677,0, 1020, False, 0
2678,0, 1020, False, 0
2679,0, 1020, False, 0
2680,0, 1020, False, 0
2681,0, 1020, False, 0
2682,0, 1020, False, 0
2683,0, 1020, False, 0
2684,0, 1020, False, 0
2685,0, 1020, False, 0
2686,0, 1020, False, 0
2687,0, 1020, False, 0
2688,0, 1020, False, 0
2689,0, 1020, False, 0
2690,0, 1020, False, 0
2691,0, 1020, False, 0
2692,0, 1020, False, 0
2693,0, 1020, False, 0
