db traj id : 2685
frame,reward,score,terminal, action
0,0, 0, False, 0
1,0, 0, False, 0
2,0, 0, False, 0
3,0, 0, False, 0
4,0, 0, False, 0
5,0, 0, False, 0
6,0, 0, False, 0
7,0, 0, False, 0
8,0, 0, False, 0
9,0, 0, False, 0
10,0, 0, False, 0
11,0, 0, False, 0
12,0, 0, False, 0
13,0, 0, False, 0
14,0, 0, False, 0
15,0, 0, False, 0
16,0, 0, False, 0
17,0, 0, False, 0
18,0, 0, False, 0
19,0, 0, False, 0
20,0, 0, False, 0
21,0, 0, False, 0
22,0, 0, False, 0
23,0, 0, False, 0
24,0, 0, False, 0
25,0, 0, False, 0
26,0, 0, False, 0
27,0, 0, False, 4
28,0, 0, False, 4
29,0, 0, False, 4
30,0, 0, False, 4
31,0, 0, False, 4
32,0, 0, False, 4
33,0, 0, False, 4
34,0, 0, False, 4
35,0, 0, False, 4
36,0, 0, False, 4
37,0, 0, False, 4
38,0, 0, False, 0
39,0, 0, False, 0
40,0, 0, False, 0
41,0, 0, False, 0
42,0, 0, False, 0
43,0, 0, False, 0
44,0, 0, False, 0
45,0, 0, False, 0
46,0, 0, False, 0
47,0, 0, False, 0
48,0, 0, False, 0
49,0, 0, False, 0
50,0, 0, False, 0
51,0, 0, False, 0
52,0, 0, False, 0
53,0, 0, False, 0
54,0, 0, False, 0
55,0, 0, False, 0
56,0, 0, False, 0
57,0, 0, False, 0
58,0, 0, False, 0
59,0, 0, False, 0
60,0, 0, False, 0
61,0, 0, False, 0
62,0, 0, False, 0
63,0, 0, False, 0
64,0, 0, False, 0
65,0, 0, False, 0
66,0, 0, False, 0
67,0, 0, False, 0
68,0, 0, False, 0
69,0, 0, False, 0
70,0, 0, False, 0
71,0, 0, False, 0
72,0, 0, False, 0
73,0, 0, False, 0
74,0, 0, False, 0
75,0, 0, False, 0
76,0, 0, False, 0
77,0, 0, False, 0
78,0, 0, False, 0
79,0, 0, False, 0
80,0, 0, False, 0
81,0, 0, False, 0
82,0, 0, False, 0
83,0, 0, False, 0
84,0, 0, False, 0
85,0, 0, False, 0
86,0, 0, False, 0
87,0, 0, False, 0
88,0, 0, False, 0
89,0, 0, False, 0
90,0, 0, False, 0
91,0, 0, False, 0
92,0, 0, False, 0
93,0, 0, False, 0
94,0, 0, False, 0
95,0, 0, False, 0
96,0, 0, False, 0
97,0, 0, False, 0
98,0, 0, False, 0
99,0, 0, False, 0
100,0, 0, False, 0
101,0, 0, False, 0
102,0, 0, False, 0
103,0, 0, False, 0
104,0, 0, False, 0
105,0, 0, False, 0
106,0, 0, False, 0
107,0, 0, False, 0
108,0, 0, False, 0
109,0, 0, False, 0
110,0, 0, False, 0
111,0, 0, False, 0
112,0, 0, False, 0
113,0, 0, False, 0
114,0, 0, False, 0
115,0, 0, False, 0
116,0, 0, False, 0
117,0, 0, False, 0
118,0, 0, False, 0
119,0, 0, False, 0
120,0, 0, False, 0
121,0, 0, False, 0
122,0, 0, False, 0
123,0, 0, False, 0
124,0, 0, False, 0
125,0, 0, False, 0
126,0, 0, False, 0
127,0, 0, False, 0
128,0, 0, False, 0
129,0, 0, False, 0
130,0, 0, False, 0
131,0, 0, False, 0
132,0, 0, False, 0
133,0, 0, False, 0
134,0, 0, False, 0
135,0, 0, False, 0
136,0, 0, False, 0
137,0, 0, False, 0
138,0, 0, False, 0
139,0, 0, False, 0
140,0, 0, False, 0
141,0, 0, False, 4
142,0, 0, False, 4
143,0, 0, False, 4
144,0, 0, False, 4
145,0, 0, False, 4
146,0, 0, False, 4
147,0, 0, False, 4
148,0, 0, False, 0
149,0, 0, False, 0
150,0, 0, False, 0
151,0, 0, False, 0
152,0, 0, False, 0
153,0, 0, False, 0
154,0, 0, False, 0
155,0, 0, False, 0
156,0, 0, False, 0
157,0, 0, False, 0
158,0, 0, False, 0
159,0, 0, False, 0
160,0, 0, False, 0
161,0, 0, False, 0
162,0, 0, False, 0
163,0, 0, False, 0
164,0, 0, False, 0
165,0, 0, False, 0
166,0, 0, False, 0
167,0, 0, False, 0
168,0, 0, False, 0
169,0, 0, False, 0
170,0, 0, False, 0
171,0, 0, False, 0
172,0, 0, False, 0
173,0, 0, False, 0
174,0, 0, False, 0
175,0, 0, False, 0
176,0, 0, False, 0
177,0, 0, False, 0
178,0, 0, False, 0
179,0, 0, False, 0
180,0, 0, False, 0
181,0, 0, False, 0
182,0, 0, False, 0
183,0, 0, False, 0
184,0, 0, False, 0
185,0, 0, False, 0
186,0, 0, False, 0
187,0, 0, False, 0
188,0, 0, False, 0
189,0, 0, False, 0
190,0, 0, False, 0
191,0, 0, False, 0
192,0, 0, False, 0
193,0, 0, False, 0
194,0, 0, False, 0
195,0, 0, False, 0
196,0, 0, False, 0
197,0, 0, False, 0
198,0, 0, False, 0
199,0, 0, False, 0
200,0, 0, False, 0
201,0, 0, False, 0
202,0, 0, False, 0
203,0, 0, False, 0
204,0, 0, False, 0
205,0, 0, False, 0
206,0, 0, False, 0
207,0, 0, False, 0
208,0, 0, False, 0
209,0, 0, False, 0
210,0, 0, False, 0
211,0, 0, False, 0
212,0, 0, False, 0
213,0, 0, False, 0
214,0, 0, False, 0
215,0, 0, False, 0
216,0, 0, False, 0
217,0, 0, False, 0
218,0, 0, False, 0
219,0, 0, False, 0
220,0, 0, False, 0
221,0, 0, False, 0
222,0, 0, False, 0
223,0, 0, False, 0
224,0, 0, False, 0
225,0, 0, False, 0
226,0, 0, False, 0
227,0, 0, False, 0
228,0, 0, False, 0
229,0, 0, False, 0
230,0, 0, False, 0
231,0, 0, False, 0
232,0, 0, False, 0
233,0, 0, False, 0
234,0, 0, False, 0
235,0, 0, False, 0
236,0, 0, False, 0
237,0, 0, False, 0
238,0, 0, False, 0
239,0, 0, False, 0
240,0, 0, False, 0
241,0, 0, False, 0
242,0, 0, False, 0
243,0, 0, False, 0
244,0, 0, False, 0
245,0, 0, False, 0
246,0, 0, False, 0
247,0, 0, False, 0
248,0, 0, False, 0
249,0, 0, False, 0
250,0, 0, False, 0
251,0, 0, False, 0
252,0, 0, False, 0
253,0, 0, False, 0
254,0, 0, False, 0
255,0, 0, False, 0
256,0, 0, False, 0
257,0, 0, False, 0
258,0, 0, False, 0
259,0, 0, False, 0
260,0, 0, False, 0
261,0, 0, False, 0
262,0, 0, False, 0
263,0, 0, False, 0
264,0, 0, False, 0
265,0, 0, False, 0
266,0, 0, False, 0
267,0, 0, False, 0
268,0, 0, False, 0
269,0, 0, False, 0
270,0, 0, False, 0
271,0, 0, False, 0
272,0, 0, False, 0
273,0, 0, False, 0
274,0, 0, False, 0
275,10, 10, False, 0
276,0, 10, False, 0
277,0, 10, False, 0
278,0, 10, False, 0
279,0, 10, False, 0
280,0, 10, False, 0
281,0, 10, False, 0
282,0, 10, False, 0
283,0, 10, False, 0
284,0, 10, False, 0
285,0, 10, False, 0
286,0, 10, False, 0
287,0, 10, False, 0
288,0, 10, False, 0
289,10, 20, False, 0
290,0, 20, False, 0
291,0, 20, False, 0
292,0, 20, False, 0
293,0, 20, False, 0
294,0, 20, False, 0
295,0, 20, False, 0
296,0, 20, False, 0
297,0, 20, False, 0
298,0, 20, False, 0
299,0, 20, False, 0
300,0, 20, False, 0
301,0, 20, False, 0
302,0, 20, False, 0
303,10, 30, False, 5
304,0, 30, False, 5
305,0, 30, False, 5
306,0, 30, False, 5
307,0, 30, False, 5
308,0, 30, False, 5
309,0, 30, False, 5
310,0, 30, False, 5
311,0, 30, False, 5
312,0, 30, False, 0
313,0, 30, False, 0
314,0, 30, False, 0
315,10, 40, False, 0
316,0, 40, False, 0
317,0, 40, False, 0
318,0, 40, False, 0
319,0, 40, False, 0
320,0, 40, False, 0
321,0, 40, False, 0
322,0, 40, False, 0
323,0, 40, False, 0
324,0, 40, False, 4
325,0, 40, False, 4
326,0, 40, False, 9
327,0, 40, False, 5
328,0, 40, False, 5
329,10, 50, False, 5
330,0, 50, False, 5
331,0, 50, False, 5
332,0, 50, False, 5
333,0, 50, False, 5
334,0, 50, False, 5
335,0, 50, False, 5
336,0, 50, False, 5
337,0, 50, False, 5
338,0, 50, False, 5
339,0, 50, False, 5
340,0, 50, False, 0
341,0, 50, False, 0
342,0, 50, False, 0
343,10, 60, False, 0
344,0, 60, False, 0
345,0, 60, False, 0
346,0, 60, False, 0
347,0, 60, False, 0
348,0, 60, False, 0
349,0, 60, False, 0
350,0, 60, False, 0
351,0, 60, False, 0
352,0, 60, False, 5
353,0, 60, False, 5
354,0, 60, False, 5
355,0, 60, False, 5
356,0, 60, False, 5
357,0, 60, False, 0
358,0, 60, False, 0
359,10, 70, False, 0
360,0, 70, False, 0
361,0, 70, False, 0
362,0, 70, False, 0
363,0, 70, False, 0
364,0, 70, False, 0
365,0, 70, False, 0
366,0, 70, False, 0
367,0, 70, False, 0
368,0, 70, False, 0
369,0, 70, False, 0
370,0, 70, False, 0
371,0, 70, False, 0
372,0, 70, False, 0
373,10, 80, False, 0
374,0, 80, False, 0
375,0, 80, False, 0
376,0, 80, False, 0
377,0, 80, False, 0
378,0, 80, False, 0
379,0, 80, False, 0
380,0, 80, False, 0
381,0, 80, False, 0
382,0, 80, False, 0
383,0, 80, False, 0
384,0, 80, False, 0
385,0, 80, False, 0
386,0, 80, False, 0
387,10, 90, False, 0
388,0, 90, False, 0
389,0, 90, False, 0
390,0, 90, False, 0
391,0, 90, False, 0
392,0, 90, False, 0
393,0, 90, False, 0
394,0, 90, False, 0
395,0, 90, False, 0
396,0, 90, False, 4
397,0, 90, False, 4
398,0, 90, False, 4
399,0, 90, False, 4
400,0, 90, False, 4
401,10, 100, False, 4
402,0, 100, False, 4
403,0, 100, False, 4
404,0, 100, False, 4
405,0, 100, False, 4
406,0, 100, False, 4
407,0, 100, False, 0
408,0, 100, False, 0
409,0, 100, False, 0
410,0, 100, False, 0
411,0, 100, False, 0
412,0, 100, False, 0
413,0, 100, False, 0
414,0, 100, False, 0
415,10, 110, False, 0
416,0, 110, False, 0
417,0, 110, False, 0
418,0, 110, False, 0
419,0, 110, False, 0
420,0, 110, False, 0
421,0, 110, False, 4
422,0, 110, False, 4
423,0, 110, False, 4
424,0, 110, False, 4
425,0, 110, False, 4
426,0, 110, False, 4
427,0, 110, False, 4
428,0, 110, False, 4
429,0, 110, False, 4
430,0, 110, False, 4
431,10, 120, False, 4
432,0, 120, False, 4
433,0, 120, False, 4
434,0, 120, False, 4
435,0, 120, False, 4
436,0, 120, False, 4
437,0, 120, False, 4
438,0, 120, False, 4
439,0, 120, False, 4
440,0, 120, False, 0
441,0, 120, False, 0
442,0, 120, False, 0
443,0, 120, False, 0
444,0, 120, False, 0
445,10, 130, False, 0
446,0, 130, False, 0
447,0, 130, False, 0
448,0, 130, False, 0
449,0, 130, False, 0
450,0, 130, False, 0
451,0, 130, False, 0
452,0, 130, False, 0
453,0, 130, False, 0
454,0, 130, False, 0
455,0, 130, False, 0
456,0, 130, False, 0
457,0, 130, False, 0
458,0, 130, False, 0
459,10, 140, False, 2
460,0, 140, False, 2
461,0, 140, False, 2
462,0, 140, False, 2
463,0, 140, False, 2
464,0, 140, False, 2
465,0, 140, False, 2
466,0, 140, False, 2
467,0, 140, False, 2
468,0, 140, False, 2
469,0, 140, False, 2
470,0, 140, False, 2
471,0, 140, False, 2
472,0, 140, False, 2
473,50, 190, False, 2
474,0, 190, False, 2
475,0, 190, False, 0
476,0, 190, False, 0
477,0, 190, False, 0
478,0, 190, False, 0
479,0, 190, False, 0
480,0, 190, False, 0
481,0, 190, False, 0
482,0, 190, False, 0
483,0, 190, False, 0
484,0, 190, False, 0
485,10, 200, False, 0
486,0, 200, False, 0
487,0, 200, False, 0
488,0, 200, False, 0
489,0, 200, False, 0
490,0, 200, False, 0
491,0, 200, False, 0
492,0, 200, False, 0
493,0, 200, False, 0
494,0, 200, False, 0
495,0, 200, False, 0
496,0, 200, False, 0
497,0, 200, False, 0
498,0, 200, False, 0
499,10, 210, False, 0
500,0, 210, False, 0
501,0, 210, False, 3
502,0, 210, False, 3
503,0, 210, False, 3
504,0, 210, False, 3
505,0, 210, False, 3
506,0, 210, False, 3
507,0, 210, False, 3
508,0, 210, False, 3
509,0, 210, False, 3
510,0, 210, False, 0
511,10, 220, False, 0
512,0, 220, False, 0
513,0, 220, False, 0
514,0, 220, False, 0
515,0, 220, False, 0
516,0, 220, False, 0
517,0, 220, False, 2
518,0, 220, False, 2
519,0, 220, False, 2
520,0, 220, False, 2
521,0, 220, False, 2
522,0, 220, False, 2
523,0, 220, False, 2
524,0, 220, False, 2
525,10, 230, False, 0
526,0, 230, False, 0
527,0, 230, False, 0
528,0, 230, False, 0
529,0, 230, False, 0
530,0, 230, False, 0
531,0, 230, False, 0
532,0, 230, False, 0
533,0, 230, False, 0
534,0, 230, False, 2
535,0, 230, False, 2
536,0, 230, False, 2
537,0, 230, False, 0
538,0, 230, False, 4
539,0, 230, False, 4
540,0, 230, False, 4
541,0, 230, False, 4
542,0, 230, False, 4
543,0, 230, False, 4
544,0, 230, False, 4
545,0, 230, False, 4
546,0, 230, False, 4
547,0, 230, False, 4
548,0, 230, False, 4
549,0, 230, False, 4
550,0, 230, False, 4
551,0, 230, False, 4
552,0, 230, False, 4
553,0, 230, False, 0
554,0, 230, False, 0
555,0, 230, False, 0
556,0, 230, False, 0
557,0, 230, False, 0
558,0, 230, False, 0
559,0, 230, False, 2
560,0, 230, False, 2
561,0, 230, False, 2
562,0, 230, False, 2
563,0, 230, False, 2
564,0, 230, False, 2
565,0, 230, False, 2
566,0, 230, False, 2
567,0, 230, False, 2
568,0, 230, False, 2
569,0, 230, False, 2
570,0, 230, False, 2
571,0, 230, False, 2
572,0, 230, False, 2
573,0, 230, False, 2
574,0, 230, False, 2
575,0, 230, False, 0
576,0, 230, False, 0
577,0, 230, False, 0
578,0, 230, False, 3
579,0, 230, False, 3
580,0, 230, False, 3
581,0, 230, False, 3
582,0, 230, False, 3
583,0, 230, False, 3
584,0, 230, False, 0
585,0, 230, False, 0
586,0, 230, False, 0
587,0, 230, False, 0
588,0, 230, False, 2
589,0, 230, False, 2
590,0, 230, False, 2
591,0, 230, False, 2
592,0, 230, False, 2
593,0, 230, False, 2
594,0, 230, False, 2
595,0, 230, False, 2
596,0, 230, False, 2
597,0, 230, False, 2
598,0, 230, False, 2
599,10, 240, False, 2
600,0, 240, False, 2
601,0, 240, False, 2
602,0, 240, False, 2
603,0, 240, False, 2
604,0, 240, False, 2
605,0, 240, False, 2
606,0, 240, False, 2
607,0, 240, False, 2
608,0, 240, False, 2
609,0, 240, False, 2
610,0, 240, False, 2
611,0, 240, False, 2
612,0, 240, False, 2
613,10, 250, False, 2
614,0, 250, False, 2
615,0, 250, False, 2
616,0, 250, False, 2
617,0, 250, False, 2
618,0, 250, False, 2
619,0, 250, False, 2
620,0, 250, False, 2
621,0, 250, False, 2
622,0, 250, False, 2
623,0, 250, False, 2
624,0, 250, False, 2
625,0, 250, False, 2
626,0, 250, False, 2
627,10, 260, False, 2
628,0, 260, False, 2
629,0, 260, False, 2
630,0, 260, False, 2
631,0, 260, False, 2
632,0, 260, False, 2
633,0, 260, False, 2
634,0, 260, False, 2
635,0, 260, False, 2
636,0, 260, False, 2
637,0, 260, False, 2
638,0, 260, False, 2
639,0, 260, False, 2
640,0, 260, False, 2
641,10, 270, False, 2
642,0, 270, False, 2
643,0, 270, False, 2
644,0, 270, False, 2
645,0, 270, False, 2
646,0, 270, False, 2
647,0, 270, False, 2
648,0, 270, False, 2
649,0, 270, False, 2
650,0, 270, False, 2
651,0, 270, False, 2
652,0, 270, False, 2
653,0, 270, False, 2
654,0, 270, False, 2
655,10, 280, False, 2
656,0, 280, False, 2
657,0, 280, False, 2
658,0, 280, False, 2
659,0, 280, False, 2
660,0, 280, False, 2
661,0, 280, False, 2
662,0, 280, False, 2
663,0, 280, False, 2
664,0, 280, False, 2
665,0, 280, False, 2
666,0, 280, False, 2
667,0, 280, False, 2
668,0, 280, False, 2
669,10, 290, False, 2
670,0, 290, False, 2
671,0, 290, False, 2
672,0, 290, False, 2
673,0, 290, False, 2
674,0, 290, False, 2
675,0, 290, False, 2
676,0, 290, False, 2
677,0, 290, False, 2
678,0, 290, False, 2
679,0, 290, False, 2
680,0, 290, False, 2
681,0, 290, False, 2
682,0, 290, False, 2
683,10, 300, False, 2
684,0, 300, False, 2
685,0, 300, False, 2
686,0, 300, False, 2
687,0, 300, False, 2
688,0, 300, False, 2
689,0, 300, False, 2
690,0, 300, False, 3
691,0, 300, False, 3
692,0, 300, False, 3
693,0, 300, False, 3
694,0, 300, False, 3
695,0, 300, False, 3
696,0, 300, False, 3
697,10, 310, False, 3
698,0, 310, False, 3
699,0, 310, False, 3
700,0, 310, False, 3
701,0, 310, False, 3
702,0, 310, False, 3
703,0, 310, False, 3
704,0, 310, False, 3
705,200, 510, False, 3
706,0, 510, False, 3
707,0, 510, False, 0
708,0, 510, False, 0
709,0, 510, False, 3
710,0, 510, False, 3
711,0, 510, False, 3
712,0, 510, False, 3
713,0, 510, False, 3
714,0, 510, False, 3
715,0, 510, False, 3
716,0, 510, False, 3
717,0, 510, False, 3
718,0, 510, False, 3
719,0, 510, False, 3
720,0, 510, False, 3
721,0, 510, False, 3
722,0, 510, False, 3
723,0, 510, False, 3
724,0, 510, False, 3
725,0, 510, False, 0
726,0, 510, False, 0
727,10, 520, False, 0
728,0, 520, False, 0
729,0, 520, False, 0
730,0, 520, False, 0
731,0, 520, False, 0
732,0, 520, False, 0
733,0, 520, False, 0
734,0, 520, False, 0
735,0, 520, False, 0
736,0, 520, False, 3
737,0, 520, False, 3
738,0, 520, False, 3
739,0, 520, False, 3
740,0, 520, False, 3
741,10, 530, False, 3
742,0, 530, False, 3
743,0, 530, False, 3
744,0, 530, False, 3
745,0, 530, False, 3
746,0, 530, False, 3
747,0, 530, False, 3
748,0, 530, False, 3
749,0, 530, False, 3
750,0, 530, False, 3
751,0, 530, False, 3
752,0, 530, False, 3
753,0, 530, False, 3
754,0, 530, False, 3
755,10, 540, False, 3
756,0, 540, False, 3
757,0, 540, False, 3
758,0, 540, False, 3
759,0, 540, False, 3
760,0, 540, False, 3
761,0, 540, False, 3
762,0, 540, False, 3
763,0, 540, False, 3
764,0, 540, False, 3
765,0, 540, False, 3
766,0, 540, False, 3
767,10, 550, False, 3
768,0, 550, False, 3
769,0, 550, False, 3
770,0, 550, False, 3
771,0, 550, False, 3
772,0, 550, False, 3
773,0, 550, False, 3
774,0, 550, False, 3
775,0, 550, False, 3
776,0, 550, False, 3
777,0, 550, False, 3
778,0, 550, False, 3
779,0, 550, False, 3
780,0, 550, False, 3
781,10, 560, False, 3
782,0, 560, False, 3
783,0, 560, False, 3
784,0, 560, False, 3
785,0, 560, False, 3
786,0, 560, False, 3
787,0, 560, False, 3
788,0, 560, False, 3
789,0, 560, False, 3
790,0, 560, False, 0
791,400, 960, False, 5
792,0, 960, False, 5
793,0, 960, False, 5
794,0, 960, False, 5
795,0, 960, False, 5
796,0, 960, False, 5
797,0, 960, False, 5
798,0, 960, False, 5
799,0, 960, False, 5
800,0, 960, False, 5
801,0, 960, False, 5
802,0, 960, False, 5
803,0, 960, False, 5
804,0, 960, False, 5
805,0, 960, False, 5
806,0, 960, False, 5
807,0, 960, False, 5
808,0, 960, False, 5
809,0, 960, False, 5
810,0, 960, False, 5
811,0, 960, False, 5
812,0, 960, False, 5
813,0, 960, False, 5
814,0, 960, False, 5
815,10, 970, False, 5
816,0, 970, False, 5
817,0, 970, False, 5
818,0, 970, False, 0
819,0, 970, False, 4
820,0, 970, False, 4
821,0, 970, False, 4
822,0, 970, False, 4
823,0, 970, False, 4
824,0, 970, False, 4
825,0, 970, False, 4
826,0, 970, False, 4
827,0, 970, False, 4
828,0, 970, False, 4
829,0, 970, False, 4
830,0, 970, False, 4
831,0, 970, False, 4
832,0, 970, False, 4
833,0, 970, False, 4
834,0, 970, False, 4
835,0, 970, False, 4
836,0, 970, False, 4
837,0, 970, False, 4
838,0, 970, False, 4
839,0, 970, False, 4
840,0, 970, False, 4
841,0, 970, False, 4
842,0, 970, False, 4
843,0, 970, False, 4
844,0, 970, False, 4
845,0, 970, False, 4
846,0, 970, False, 4
847,0, 970, False, 4
848,0, 970, False, 4
849,0, 970, False, 4
850,0, 970, False, 4
851,0, 970, False, 4
852,0, 970, False, 4
853,0, 970, False, 4
854,0, 970, False, 4
855,0, 970, False, 4
856,0, 970, False, 4
857,0, 970, False, 4
858,0, 970, False, 4
859,0, 970, False, 4
860,0, 970, False, 4
861,0, 970, False, 4
862,0, 970, False, 4
863,0, 970, False, 4
864,0, 970, False, 4
865,0, 970, False, 4
866,0, 970, False, 4
867,0, 970, False, 4
868,0, 970, False, 4
869,0, 970, False, 4
870,0, 970, False, 4
871,0, 970, False, 4
872,0, 970, False, 4
873,0, 970, False, 4
874,0, 970, False, 4
875,0, 970, False, 4
876,0, 970, False, 4
877,0, 970, False, 4
878,0, 970, False, 4
879,800, 1770, False, 4
880,0, 1770, False, 4
881,0, 1770, False, 4
882,0, 1770, False, 4
883,0, 1770, False, 4
884,0, 1770, False, 4
885,0, 1770, False, 4
886,0, 1770, False, 4
887,0, 1770, False, 4
888,0, 1770, False, 0
889,0, 1770, False, 0
890,0, 1770, False, 0
891,0, 1770, False, 0
892,0, 1770, False, 0
893,0, 1770, False, 0
894,0, 1770, False, 0
895,0, 1770, False, 0
896,0, 1770, False, 0
897,0, 1770, False, 0
898,0, 1770, False, 4
899,0, 1770, False, 4
900,0, 1770, False, 4
901,0, 1770, False, 4
902,0, 1770, False, 4
903,0, 1770, False, 4
904,0, 1770, False, 4
905,0, 1770, False, 4
906,0, 1770, False, 4
907,0, 1770, False, 4
908,0, 1770, False, 4
909,0, 1770, False, 4
910,0, 1770, False, 4
911,0, 1770, False, 4
912,0, 1770, False, 4
913,0, 1770, False, 4
914,0, 1770, False, 4
915,10, 1780, False, 4
916,0, 1780, False, 4
917,0, 1780, False, 4
918,0, 1780, False, 4
919,0, 1780, False, 4
920,0, 1780, False, 7
921,0, 1780, False, 2
922,0, 1780, False, 2
923,0, 1780, False, 2
924,0, 1780, False, 2
925,0, 1780, False, 2
926,0, 1780, False, 2
927,0, 1780, False, 2
928,0, 1780, False, 2
929,0, 1780, False, 2
930,0, 1780, False, 2
931,0, 1780, False, 2
932,0, 1780, False, 2
933,0, 1780, False, 2
934,0, 1780, False, 2
935,0, 1780, False, 2
936,0, 1780, False, 2
937,50, 1830, False, 2
938,0, 1830, False, 2
939,0, 1830, False, 2
940,0, 1830, False, 2
941,0, 1830, False, 2
942,0, 1830, False, 6
943,0, 1830, False, 6
944,0, 1830, False, 6
945,10, 1840, False, 3
946,0, 1840, False, 3
947,0, 1840, False, 3
948,0, 1840, False, 3
949,0, 1840, False, 3
950,0, 1840, False, 3
951,0, 1840, False, 3
952,0, 1840, False, 3
953,0, 1840, False, 3
954,0, 1840, False, 3
955,10, 1850, False, 3
956,0, 1850, False, 3
957,0, 1850, False, 3
958,0, 1850, False, 3
959,0, 1850, False, 3
960,0, 1850, False, 3
961,0, 1850, False, 3
962,0, 1850, False, 3
963,0, 1850, False, 3
964,0, 1850, False, 3
965,0, 1850, False, 3
966,0, 1850, False, 3
967,10, 1860, False, 3
968,0, 1860, False, 3
969,0, 1860, False, 3
970,0, 1860, False, 3
971,0, 1860, False, 3
972,0, 1860, False, 3
973,0, 1860, False, 3
974,0, 1860, False, 3
975,0, 1860, False, 3
976,0, 1860, False, 3
977,0, 1860, False, 3
978,0, 1860, False, 3
979,0, 1860, False, 3
980,0, 1860, False, 3
981,10, 1870, False, 8
982,0, 1870, False, 8
983,0, 1870, False, 8
984,0, 1870, False, 5
985,0, 1870, False, 5
986,0, 1870, False, 5
987,0, 1870, False, 5
988,0, 1870, False, 5
989,0, 1870, False, 5
990,0, 1870, False, 5
991,0, 1870, False, 5
992,0, 1870, False, 5
993,0, 1870, False, 5
994,0, 1870, False, 5
995,10, 1880, False, 5
996,0, 1880, False, 5
997,0, 1880, False, 5
998,0, 1880, False, 5
999,0, 1880, False, 5
1000,0, 1880, False, 5
1001,0, 1880, False, 5
1002,0, 1880, False, 5
1003,0, 1880, False, 5
1004,0, 1880, False, 5
1005,0, 1880, False, 5
1006,0, 1880, False, 5
1007,0, 1880, False, 5
1008,0, 1880, False, 5
1009,0, 1880, False, 5
1010,0, 1880, False, 5
1011,0, 1880, False, 5
1012,0, 1880, False, 5
1013,0, 1880, False, 5
1014,0, 1880, False, 5
1015,0, 1880, False, 5
1016,0, 1880, False, 5
1017,0, 1880, False, 5
1018,0, 1880, False, 5
1019,0, 1880, False, 5
1020,0, 1880, False, 5
1021,10, 1890, False, 5
1022,0, 1890, False, 5
1023,0, 1890, False, 5
1024,0, 1890, False, 5
1025,0, 1890, False, 3
1026,0, 1890, False, 3
1027,0, 1890, False, 3
1028,0, 1890, False, 3
1029,0, 1890, False, 3
1030,0, 1890, False, 3
1031,0, 1890, False, 3
1032,0, 1890, False, 3
1033,0, 1890, False, 3
1034,0, 1890, False, 3
1035,10, 1900, False, 3
1036,0, 1900, False, 3
1037,0, 1900, False, 3
1038,0, 1900, False, 3
1039,0, 1900, False, 3
1040,0, 1900, False, 3
1041,0, 1900, False, 3
1042,0, 1900, False, 3
1043,0, 1900, False, 3
1044,0, 1900, False, 3
1045,0, 1900, False, 3
1046,0, 1900, False, 3
1047,0, 1900, False, 3
1048,0, 1900, False, 3
1049,10, 1910, False, 3
1050,0, 1910, False, 3
1051,0, 1910, False, 3
1052,0, 1910, False, 3
1053,0, 1910, False, 3
1054,0, 1910, False, 0
1055,0, 1910, False, 0
1056,0, 1910, False, 0
1057,0, 1910, False, 0
1058,0, 1910, False, 0
1059,0, 1910, False, 3
1060,0, 1910, False, 3
1061,0, 1910, False, 3
1062,0, 1910, False, 3
1063,10, 1920, False, 0
1064,0, 1920, False, 0
1065,0, 1920, False, 0
1066,0, 1920, False, 0
1067,0, 1920, False, 0
1068,0, 1920, False, 0
1069,0, 1920, False, 0
1070,0, 1920, False, 3
1071,0, 1920, False, 3
1072,0, 1920, False, 3
1073,0, 1920, False, 3
1074,0, 1920, False, 3
1075,10, 1930, False, 3
1076,0, 1930, False, 3
1077,0, 1930, False, 3
1078,0, 1930, False, 3
1079,0, 1930, False, 3
1080,0, 1930, False, 3
1081,0, 1930, False, 3
1082,0, 1930, False, 3
1083,0, 1930, False, 3
1084,0, 1930, False, 3
1085,0, 1930, False, 3
1086,0, 1930, False, 3
1087,0, 1930, False, 3
1088,0, 1930, False, 3
1089,210, 2140, False, 3
1090,0, 2140, False, 3
1091,0, 2140, False, 3
1092,0, 2140, False, 3
1093,0, 2140, False, 3
1094,0, 2140, False, 3
1095,0, 2140, False, 3
1096,0, 2140, False, 3
1097,0, 2140, False, 3
1098,0, 2140, False, 3
1099,0, 2140, False, 3
1100,0, 2140, False, 3
1101,0, 2140, False, 3
1102,0, 2140, False, 3
1103,0, 2140, False, 3
1104,0, 2140, False, 3
1105,0, 2140, False, 3
1106,0, 2140, False, 3
1107,0, 2140, False, 3
1108,0, 2140, False, 3
1109,0, 2140, False, 3
1110,0, 2140, False, 3
1111,0, 2140, False, 3
1112,0, 2140, False, 3
1113,0, 2140, False, 3
1114,0, 2140, False, 3
1115,0, 2140, False, 3
1116,0, 2140, False, 3
1117,0, 2140, False, 3
1118,0, 2140, False, 3
1119,0, 2140, False, 0
1120,0, 2140, False, 0
1121,0, 2140, False, 4
1122,0, 2140, False, 4
1123,0, 2140, False, 4
1124,0, 2140, False, 4
1125,0, 2140, False, 4
1126,0, 2140, False, 4
1127,0, 2140, False, 4
1128,0, 2140, False, 4
1129,0, 2140, False, 4
1130,0, 2140, False, 4
1131,0, 2140, False, 4
1132,0, 2140, False, 4
1133,0, 2140, False, 4
1134,0, 2140, False, 4
1135,0, 2140, False, 4
1136,0, 2140, False, 4
1137,0, 2140, False, 0
1138,0, 2140, False, 0
1139,0, 2140, False, 0
1140,0, 2140, False, 0
1141,0, 2140, False, 2
1142,0, 2140, False, 2
1143,0, 2140, False, 2
1144,0, 2140, False, 2
1145,0, 2140, False, 2
1146,0, 2140, False, 2
1147,0, 2140, False, 2
1148,0, 2140, False, 2
1149,0, 2140, False, 2
1150,0, 2140, False, 2
1151,0, 2140, False, 2
1152,0, 2140, False, 2
1153,0, 2140, False, 2
1154,0, 2140, False, 2
1155,0, 2140, False, 2
1156,0, 2140, False, 2
1157,0, 2140, False, 2
1158,0, 2140, False, 2
1159,0, 2140, False, 6
1160,0, 2140, False, 6
1161,0, 2140, False, 3
1162,0, 2140, False, 3
1163,0, 2140, False, 3
1164,0, 2140, False, 3
1165,0, 2140, False, 3
1166,0, 2140, False, 3
1167,0, 2140, False, 0
1168,0, 2140, False, 0
1169,0, 2140, False, 0
1170,0, 2140, False, 0
1171,0, 2140, False, 0
1172,0, 2140, False, 0
1173,0, 2140, False, 0
1174,0, 2140, False, 0
1175,0, 2140, False, 0
1176,0, 2140, False, 0
1177,0, 2140, False, 0
1178,0, 2140, False, 0
1179,0, 2140, False, 0
1180,0, 2140, False, 0
1181,0, 2140, False, 2
1182,0, 2140, False, 2
1183,0, 2140, False, 2
1184,0, 2140, False, 2
1185,0, 2140, False, 2
1186,0, 2140, False, 2
1187,0, 2140, False, 2
1188,0, 2140, False, 2
1189,0, 2140, False, 2
1190,0, 2140, False, 2
1191,0, 2140, False, 2
1192,0, 2140, False, 0
1193,10, 2150, False, 0
1194,0, 2150, False, 0
1195,0, 2150, False, 0
1196,0, 2150, False, 0
1197,0, 2150, False, 0
1198,0, 2150, False, 0
1199,0, 2150, False, 0
1200,0, 2150, False, 0
1201,0, 2150, False, 0
1202,0, 2150, False, 0
1203,0, 2150, False, 0
1204,0, 2150, False, 0
1205,0, 2150, False, 0
1206,0, 2150, False, 0
1207,0, 2150, False, 0
1208,0, 2150, False, 0
1209,0, 2150, False, 4
1210,0, 2150, False, 4
1211,0, 2150, False, 4
1212,0, 2150, False, 4
1213,0, 2150, False, 4
1214,0, 2150, False, 4
1215,0, 2150, False, 4
1216,0, 2150, False, 4
1217,0, 2150, False, 4
1218,0, 2150, False, 4
1219,0, 2150, False, 4
1220,0, 2150, False, 0
1221,0, 2150, False, 0
1222,0, 2150, False, 2
1223,0, 2150, False, 2
1224,0, 2150, False, 2
1225,0, 2150, False, 2
1226,0, 2150, False, 2
1227,0, 2150, False, 2
1228,0, 2150, False, 2
1229,0, 2150, False, 2
1230,0, 2150, False, 2
1231,0, 2150, False, 2
1232,0, 2150, False, 2
1233,0, 2150, False, 2
1234,0, 2150, False, 2
1235,0, 2150, False, 2
1236,0, 2150, False, 2
1237,0, 2150, False, 2
1238,0, 2150, False, 2
1239,0, 2150, False, 2
1240,0, 2150, False, 6
1241,0, 2150, False, 6
1242,0, 2150, False, 6
1243,0, 2150, False, 6
1244,0, 2150, False, 3
1245,0, 2150, False, 3
1246,0, 2150, False, 3
1247,0, 2150, False, 3
1248,0, 2150, False, 3
1249,0, 2150, False, 3
1250,0, 2150, False, 3
1251,0, 2150, False, 3
1252,0, 2150, False, 0
1253,0, 2150, False, 0
1254,0, 2150, False, 0
1255,0, 2150, False, 0
1256,0, 2150, False, 0
1257,0, 2150, False, 0
1258,0, 2150, False, 0
1259,0, 2150, False, 0
1260,0, 2150, False, 2
1261,0, 2150, False, 2
1262,0, 2150, False, 2
1263,0, 2150, False, 2
1264,0, 2150, False, 2
1265,0, 2150, False, 2
1266,0, 2150, False, 2
1267,0, 2150, False, 2
1268,0, 2150, False, 0
1269,0, 2150, False, 0
1270,0, 2150, False, 0
1271,10, 2160, False, 0
1272,0, 2160, False, 0
1273,0, 2160, False, 0
1274,0, 2160, False, 0
1275,0, 2160, False, 0
1276,0, 2160, False, 0
1277,0, 2160, False, 0
1278,0, 2160, False, 0
1279,0, 2160, False, 0
1280,0, 2160, False, 0
1281,0, 2160, False, 3
1282,0, 2160, False, 3
1283,0, 2160, False, 3
1284,0, 2160, False, 3
1285,10, 2170, False, 3
1286,0, 2170, False, 3
1287,0, 2170, False, 3
1288,0, 2170, False, 3
1289,0, 2170, False, 3
1290,0, 2170, False, 3
1291,0, 2170, False, 3
1292,0, 2170, False, 3
1293,0, 2170, False, 3
1294,0, 2170, False, 3
1295,10, 2180, False, 3
1296,0, 2180, False, 3
1297,0, 2180, False, 3
1298,0, 2180, False, 3
1299,0, 2180, False, 3
1300,0, 2180, False, 3
1301,0, 2180, False, 3
1302,0, 2180, False, 3
1303,0, 2180, False, 3
1304,0, 2180, False, 3
1305,0, 2180, False, 3
1306,0, 2180, False, 3
1307,0, 2180, False, 3
1308,0, 2180, False, 3
1309,10, 2190, False, 3
1310,0, 2190, False, 3
1311,0, 2190, False, 3
1312,0, 2190, False, 3
1313,0, 2190, False, 3
1314,0, 2190, False, 3
1315,0, 2190, False, 3
1316,0, 2190, False, 3
1317,0, 2190, False, 3
1318,0, 2190, False, 3
1319,0, 2190, False, 3
1320,0, 2190, False, 3
1321,0, 2190, False, 3
1322,0, 2190, False, 3
1323,10, 2200, False, 3
1324,0, 2200, False, 3
1325,0, 2200, False, 3
1326,0, 2200, False, 3
1327,0, 2200, False, 3
1328,0, 2200, False, 3
1329,0, 2200, False, 3
1330,0, 2200, False, 3
1331,0, 2200, False, 3
1332,0, 2200, False, 3
1333,0, 2200, False, 3
1334,0, 2200, False, 3
1335,0, 2200, False, 3
1336,0, 2200, False, 3
1337,0, 2200, False, 3
1338,0, 2200, False, 3
1339,0, 2200, False, 3
1340,0, 2200, False, 3
1341,10, 2210, False, 3
1342,0, 2210, False, 3
1343,0, 2210, False, 3
1344,0, 2210, False, 3
1345,0, 2210, False, 3
1346,0, 2210, False, 3
1347,0, 2210, False, 3
1348,0, 2210, False, 3
1349,0, 2210, False, 3
1350,0, 2210, False, 3
1351,0, 2210, False, 3
1352,0, 2210, False, 0
1353,0, 2210, False, 0
1354,0, 2210, False, 0
1355,10, 2220, False, 0
1356,0, 2220, False, 0
1357,0, 2220, False, 0
1358,0, 2220, False, 0
1359,0, 2220, False, 3
1360,0, 2220, False, 3
1361,0, 2220, False, 3
1362,0, 2220, False, 3
1363,0, 2220, False, 3
1364,0, 2220, False, 3
1365,0, 2220, False, 3
1366,0, 2220, False, 0
1367,10, 2230, False, 0
1368,0, 2230, False, 0
1369,0, 2230, False, 0
1370,0, 2230, False, 0
1371,0, 2230, False, 0
1372,0, 2230, False, 0
1373,0, 2230, False, 0
1374,0, 2230, False, 4
1375,0, 2230, False, 4
1376,0, 2230, False, 4
1377,0, 2230, False, 4
1378,0, 2230, False, 4
1379,0, 2230, False, 4
1380,0, 2230, False, 4
1381,0, 2230, False, 4
1382,0, 2230, False, 4
1383,0, 2230, False, 4
1384,0, 2230, False, 4
1385,0, 2230, False, 4
1386,0, 2230, False, 4
1387,0, 2230, False, 4
1388,0, 2230, False, 4
1389,0, 2230, False, 4
1390,0, 2230, False, 4
1391,0, 2230, False, 4
1392,0, 2230, False, 4
1393,0, 2230, False, 4
1394,0, 2230, False, 4
1395,0, 2230, False, 4
1396,0, 2230, False, 4
1397,0, 2230, False, 4
1398,0, 2230, False, 4
1399,0, 2230, False, 4
1400,0, 2230, False, 4
1401,0, 2230, False, 4
1402,0, 2230, False, 4
1403,0, 2230, False, 4
1404,0, 2230, False, 4
1405,0, 2230, False, 4
1406,0, 2230, False, 4
1407,0, 2230, False, 4
1408,0, 2230, False, 0
1409,0, 2230, False, 0
1410,0, 2230, False, 0
1411,0, 2230, False, 0
1412,0, 2230, False, 0
1413,0, 2230, False, 0
1414,0, 2230, False, 0
1415,0, 2230, False, 0
1416,0, 2230, False, 0
1417,0, 2230, False, 0
1418,0, 2230, False, 0
1419,0, 2230, False, 0
1420,0, 2230, False, 0
1421,0, 2230, False, 0
1422,0, 2230, False, 0
1423,0, 2230, False, 0
1424,0, 2230, False, 0
1425,0, 2230, False, 0
1426,0, 2230, False, 0
1427,0, 2230, False, 0
1428,0, 2230, False, 0
1429,0, 2230, False, 0
1430,0, 2230, False, 0
1431,0, 2230, False, 0
1432,0, 2230, False, 0
1433,0, 2230, False, 0
1434,0, 2230, False, 0
1435,0, 2230, False, 0
1436,0, 2230, False, 0
1437,0, 2230, False, 0
1438,0, 2230, False, 0
1439,0, 2230, False, 0
1440,0, 2230, False, 0
1441,0, 2230, False, 0
1442,0, 2230, False, 0
1443,0, 2230, False, 0
1444,0, 2230, False, 0
1445,0, 2230, False, 0
1446,0, 2230, False, 5
1447,0, 2230, False, 5
1448,0, 2230, False, 5
1449,0, 2230, False, 5
1450,0, 2230, False, 5
1451,0, 2230, False, 0
1452,0, 2230, False, 0
1453,0, 2230, False, 0
1454,0, 2230, False, 0
1455,0, 2230, False, 0
1456,0, 2230, False, 0
1457,0, 2230, False, 0
1458,0, 2230, False, 0
1459,0, 2230, False, 0
1460,0, 2230, False, 0
1461,0, 2230, False, 0
1462,0, 2230, False, 0
1463,0, 2230, False, 0
1464,0, 2230, False, 0
1465,0, 2230, False, 0
1466,0, 2230, False, 0
1467,0, 2230, False, 4
1468,0, 2230, False, 4
1469,0, 2230, False, 4
1470,0, 2230, False, 4
1471,0, 2230, False, 4
1472,0, 2230, False, 4
1473,0, 2230, False, 4
1474,0, 2230, False, 4
1475,0, 2230, False, 4
1476,0, 2230, False, 0
1477,0, 2230, False, 0
1478,0, 2230, False, 0
1479,0, 2230, False, 0
1480,0, 2230, False, 0
1481,0, 2230, False, 0
1482,0, 2230, False, 0
1483,0, 2230, False, 0
1484,0, 2230, False, 0
1485,0, 2230, False, 0
1486,0, 2230, False, 0
1487,0, 2230, False, 0
1488,0, 2230, False, 0
1489,0, 2230, False, 4
1490,0, 2230, False, 4
1491,0, 2230, False, 4
1492,0, 2230, False, 4
1493,0, 2230, False, 4
1494,0, 2230, False, 0
1495,0, 2230, False, 0
1496,0, 2230, False, 0
1497,0, 2230, False, 0
1498,0, 2230, False, 0
1499,0, 2230, False, 0
1500,0, 2230, False, 0
1501,0, 2230, False, 0
1502,0, 2230, False, 0
1503,0, 2230, False, 0
1504,0, 2230, False, 0
1505,0, 2230, False, 0
1506,0, 2230, False, 0
1507,0, 2230, False, 5
1508,0, 2230, False, 5
1509,0, 2230, False, 5
1510,0, 2230, False, 5
1511,0, 2230, False, 5
1512,0, 2230, False, 5
1513,0, 2230, False, 5
1514,0, 2230, False, 0
1515,0, 2230, False, 0
1516,0, 2230, False, 0
1517,0, 2230, False, 0
1518,0, 2230, False, 0
1519,0, 2230, False, 0
1520,0, 2230, False, 0
1521,0, 2230, False, 0
1522,0, 2230, False, 0
1523,0, 2230, False, 0
1524,0, 2230, False, 0
1525,0, 2230, False, 0
1526,0, 2230, False, 0
1527,0, 2230, False, 0
1528,0, 2230, False, 0
1529,0, 2230, False, 0
1530,0, 2230, False, 0
1531,0, 2230, False, 0
1532,0, 2230, False, 0
1533,0, 2230, False, 0
1534,0, 2230, False, 0
1535,0, 2230, False, 0
1536,0, 2230, False, 0
1537,0, 2230, False, 0
1538,0, 2230, False, 0
1539,0, 2230, False, 0
1540,0, 2230, False, 0
1541,0, 2230, False, 0
1542,0, 2230, False, 0
1543,0, 2230, False, 0
1544,0, 2230, False, 0
1545,0, 2230, False, 0
1546,0, 2230, False, 0
1547,0, 2230, False, 0
1548,0, 2230, False, 0
1549,0, 2230, False, 0
1550,0, 2230, False, 0
1551,0, 2230, False, 0
1552,0, 2230, False, 0
1553,0, 2230, False, 0
1554,0, 2230, False, 0
1555,0, 2230, False, 0
1556,0, 2230, False, 0
1557,0, 2230, False, 0
1558,0, 2230, False, 0
1559,0, 2230, False, 0
1560,0, 2230, False, 0
1561,0, 2230, False, 0
1562,0, 2230, False, 0
1563,0, 2230, False, 0
1564,0, 2230, False, 0
1565,0, 2230, False, 3
1566,0, 2230, False, 3
1567,0, 2230, False, 3
1568,0, 2230, False, 3
1569,0, 2230, False, 3
1570,0, 2230, False, 3
1571,0, 2230, False, 3
1572,0, 2230, False, 3
1573,0, 2230, False, 3
1574,0, 2230, False, 0
1575,0, 2230, False, 0
1576,0, 2230, False, 0
1577,0, 2230, False, 0
1578,0, 2230, False, 0
1579,0, 2230, False, 0
1580,0, 2230, False, 0
1581,0, 2230, False, 0
1582,0, 2230, False, 0
1583,0, 2230, False, 0
1584,0, 2230, False, 0
1585,0, 2230, False, 0
1586,0, 2230, False, 0
1587,0, 2230, False, 0
1588,0, 2230, False, 0
1589,0, 2230, False, 0
1590,0, 2230, False, 0
1591,0, 2230, False, 5
1592,0, 2230, False, 5
1593,0, 2230, False, 0
1594,0, 2230, False, 0
1595,0, 2230, False, 3
1596,0, 2230, False, 3
1597,0, 2230, False, 3
1598,0, 2230, False, 3
1599,0, 2230, False, 3
1600,0, 2230, False, 3
1601,0, 2230, False, 3
1602,0, 2230, False, 3
1603,0, 2230, False, 3
1604,0, 2230, False, 3
1605,0, 2230, False, 3
1606,0, 2230, False, 3
1607,0, 2230, False, 0
1608,0, 2230, False, 0
1609,0, 2230, False, 0
1610,0, 2230, False, 0
1611,0, 2230, False, 0
1612,0, 2230, False, 0
1613,0, 2230, False, 0
1614,0, 2230, False, 0
1615,0, 2230, False, 0
1616,0, 2230, False, 0
1617,0, 2230, False, 0
1618,0, 2230, False, 0
1619,0, 2230, False, 0
1620,0, 2230, False, 0
1621,0, 2230, False, 4
1622,0, 2230, False, 4
1623,0, 2230, False, 4
1624,0, 2230, False, 4
1625,0, 2230, False, 4
1626,0, 2230, False, 4
1627,0, 2230, False, 4
1628,0, 2230, False, 4
1629,0, 2230, False, 0
1630,0, 2230, False, 0
1631,0, 2230, False, 0
1632,0, 2230, False, 0
1633,0, 2230, False, 0
1634,0, 2230, False, 0
1635,0, 2230, False, 5
1636,0, 2230, False, 5
1637,0, 2230, False, 5
1638,0, 2230, False, 5
1639,0, 2230, False, 5
1640,0, 2230, False, 5
1641,0, 2230, False, 5
1642,0, 2230, False, 5
1643,0, 2230, False, 5
1644,0, 2230, False, 5
1645,0, 2230, False, 0
1646,0, 2230, False, 0
1647,0, 2230, False, 0
1648,0, 2230, False, 0
1649,0, 2230, False, 0
1650,0, 2230, False, 0
1651,0, 2230, False, 0
1652,0, 2230, False, 0
1653,0, 2230, False, 0
1654,0, 2230, False, 0
1655,0, 2230, False, 0
1656,0, 2230, False, 0
1657,0, 2230, False, 0
1658,0, 2230, False, 0
1659,0, 2230, False, 0
1660,0, 2230, False, 3
1661,0, 2230, False, 3
1662,0, 2230, False, 3
1663,0, 2230, False, 3
1664,0, 2230, False, 3
1665,0, 2230, False, 3
1666,0, 2230, False, 3
1667,0, 2230, False, 3
1668,0, 2230, False, 3
1669,0, 2230, False, 3
1670,0, 2230, False, 3
1671,0, 2230, False, 0
1672,0, 2230, False, 0
1673,0, 2230, False, 0
1674,0, 2230, False, 0
1675,0, 2230, False, 0
1676,0, 2230, False, 0
1677,0, 2230, False, 0
1678,0, 2230, False, 0
1679,0, 2230, False, 0
1680,0, 2230, False, 0
1681,0, 2230, False, 0
1682,0, 2230, False, 0
1683,0, 2230, False, 0
1684,0, 2230, False, 0
1685,0, 2230, False, 0
1686,0, 2230, False, 3
1687,0, 2230, False, 3
1688,0, 2230, False, 3
1689,0, 2230, False, 3
1690,0, 2230, False, 3
1691,0, 2230, False, 3
1692,0, 2230, False, 3
1693,0, 2230, False, 0
1694,0, 2230, False, 0
1695,0, 2230, False, 0
1696,0, 2230, False, 0
1697,0, 2230, False, 0
1698,0, 2230, False, 0
1699,0, 2230, False, 0
1700,0, 2230, False, 4
1701,0, 2230, False, 4
1702,0, 2230, False, 4
1703,0, 2230, False, 4
1704,0, 2230, False, 4
1705,0, 2230, False, 4
1706,0, 2230, False, 4
1707,0, 2230, False, 4
1708,0, 2230, False, 4
1709,0, 2230, False, 4
1710,0, 2230, False, 4
1711,0, 2230, False, 4
1712,0, 2230, False, 4
1713,0, 2230, False, 4
1714,0, 2230, False, 0
1715,0, 2230, False, 0
1716,0, 2230, False, 0
1717,0, 2230, False, 0
1718,0, 2230, False, 0
1719,0, 2230, False, 0
1720,0, 2230, False, 0
1721,0, 2230, False, 2
1722,0, 2230, False, 2
1723,0, 2230, False, 2
1724,0, 2230, False, 2
1725,0, 2230, False, 2
1726,0, 2230, False, 2
1727,0, 2230, False, 2
1728,0, 2230, False, 2
1729,0, 2230, False, 2
1730,0, 2230, False, 2
1731,0, 2230, False, 2
1732,0, 2230, False, 0
1733,0, 2230, False, 0
1734,0, 2230, False, 0
1735,0, 2230, False, 0
1736,0, 2230, False, 0
1737,0, 2230, False, 0
1738,0, 2230, False, 0
1739,0, 2230, False, 0
1740,0, 2230, False, 0
1741,0, 2230, False, 0
1742,0, 2230, False, 0
1743,0, 2230, False, 5
1744,0, 2230, False, 5
1745,0, 2230, False, 5
1746,0, 2230, False, 5
1747,0, 2230, False, 5
1748,0, 2230, False, 5
1749,0, 2230, False, 5
1750,0, 2230, False, 5
1751,0, 2230, False, 5
1752,0, 2230, False, 5
1753,0, 2230, False, 5
1754,0, 2230, False, 5
1755,0, 2230, False, 5
1756,0, 2230, False, 5
1757,0, 2230, False, 5
1758,0, 2230, False, 0
1759,0, 2230, False, 0
1760,0, 2230, False, 0
1761,0, 2230, False, 0
1762,0, 2230, False, 0
1763,0, 2230, False, 0
1764,0, 2230, False, 0
1765,0, 2230, False, 3
1766,0, 2230, False, 3
1767,0, 2230, False, 3
1768,0, 2230, False, 6
1769,0, 2230, False, 6
1770,0, 2230, False, 6
1771,0, 2230, False, 2
1772,0, 2230, False, 2
1773,0, 2230, False, 2
1774,0, 2230, False, 2
1775,0, 2230, False, 2
1776,0, 2230, False, 2
1777,0, 2230, False, 0
1778,0, 2230, False, 0
1779,0, 2230, False, 0
1780,0, 2230, False, 0
1781,0, 2230, False, 0
1782,0, 2230, False, 0
1783,0, 2230, False, 0
1784,0, 2230, False, 0
1785,0, 2230, False, 0
1786,0, 2230, False, 0
1787,0, 2230, False, 0
1788,0, 2230, False, 0
1789,0, 2230, False, 0
1790,0, 2230, False, 0
1791,0, 2230, False, 0
1792,0, 2230, False, 0
1793,0, 2230, False, 0
1794,0, 2230, False, 0
1795,0, 2230, False, 0
1796,0, 2230, False, 0
1797,0, 2230, False, 0
1798,0, 2230, False, 0
1799,0, 2230, False, 0
1800,0, 2230, False, 0
1801,0, 2230, False, 0
1802,0, 2230, False, 0
1803,0, 2230, False, 0
1804,0, 2230, False, 0
1805,0, 2230, False, 0
1806,0, 2230, False, 0
1807,0, 2230, False, 0
1808,0, 2230, False, 0
1809,0, 2230, False, 0
1810,0, 2230, False, 0
1811,0, 2230, False, 0
1812,0, 2230, False, 0
1813,0, 2230, False, 0
1814,0, 2230, False, 0
1815,0, 2230, False, 0
1816,0, 2230, False, 0
1817,0, 2230, False, 0
1818,0, 2230, False, 0
1819,0, 2230, False, 0
1820,0, 2230, False, 0
1821,0, 2230, False, 0
1822,0, 2230, False, 0
1823,0, 2230, False, 0
1824,0, 2230, False, 0
1825,0, 2230, False, 0
1826,0, 2230, False, 0
1827,0, 2230, False, 0
1828,0, 2230, False, 0
1829,0, 2230, False, 0
1830,0, 2230, False, 0
1831,0, 2230, False, 0
1832,0, 2230, False, 0
1833,0, 2230, False, 0
1834,0, 2230, False, 0
1835,0, 2230, False, 0
1836,0, 2230, False, 0
1837,0, 2230, False, 0
1838,0, 2230, False, 0
1839,0, 2230, False, 0
1840,0, 2230, False, 0
1841,0, 2230, False, 0
1842,0, 2230, False, 0
1843,0, 2230, False, 0
1844,0, 2230, False, 0
1845,0, 2230, False, 0
1846,0, 2230, False, 0
1847,0, 2230, False, 0
1848,0, 2230, False, 0
1849,0, 2230, False, 0
1850,0, 2230, False, 0
1851,0, 2230, False, 0
1852,0, 2230, False, 0
1853,0, 2230, False, 0
1854,0, 2230, False, 0
1855,0, 2230, False, 0
1856,0, 2230, False, 0
1857,0, 2230, False, 0
1858,0, 2230, False, 0
1859,0, 2230, False, 0
1860,0, 2230, False, 0
1861,0, 2230, False, 0
1862,0, 2230, False, 0
1863,0, 2230, False, 0
1864,0, 2230, False, 0
1865,0, 2230, False, 0
1866,0, 2230, False, 0
1867,0, 2230, False, 0
1868,0, 2230, False, 0
1869,0, 2230, False, 0
1870,0, 2230, False, 0
1871,0, 2230, False, 0
1872,0, 2230, False, 0
1873,0, 2230, False, 0
1874,0, 2230, False, 0
1875,0, 2230, False, 0
1876,0, 2230, False, 0
1877,0, 2230, False, 0
1878,0, 2230, False, 0
1879,0, 2230, False, 0
1880,0, 2230, False, 0
1881,0, 2230, False, 0
1882,0, 2230, False, 0
1883,0, 2230, False, 0
1884,0, 2230, False, 0
1885,0, 2230, False, 0
1886,0, 2230, False, 0
1887,0, 2230, False, 0
1888,0, 2230, False, 0
1889,0, 2230, False, 0
1890,0, 2230, False, 0
1891,0, 2230, False, 0
1892,0, 2230, False, 0
1893,0, 2230, False, 0
1894,0, 2230, False, 0
1895,0, 2230, False, 0
1896,0, 2230, False, 0
1897,0, 2230, False, 0
1898,0, 2230, False, 0
1899,0, 2230, False, 0
1900,0, 2230, False, 0
1901,0, 2230, False, 0
1902,0, 2230, False, 0
1903,0, 2230, False, 0
1904,0, 2230, False, 0
1905,0, 2230, False, 0
1906,0, 2230, False, 0
1907,0, 2230, False, 0
1908,0, 2230, False, 0
1909,0, 2230, False, 0
1910,0, 2230, False, 0
1911,0, 2230, False, 0
1912,0, 2230, False, 0
1913,0, 2230, False, 0
1914,0, 2230, False, 0
1915,0, 2230, False, 0
1916,0, 2230, False, 0
1917,0, 2230, False, 0
1918,0, 2230, False, 0
1919,0, 2230, False, 0
1920,0, 2230, False, 0
1921,0, 2230, False, 0
1922,0, 2230, False, 0
1923,0, 2230, False, 0
1924,0, 2230, False, 0
1925,0, 2230, False, 0
1926,0, 2230, False, 0
1927,0, 2230, False, 0
1928,0, 2230, False, 0
1929,0, 2230, False, 0
1930,0, 2230, False, 0
1931,0, 2230, False, 0
1932,0, 2230, False, 0
1933,0, 2230, False, 0
1934,0, 2230, False, 0
1935,0, 2230, False, 0
1936,0, 2230, False, 0
1937,0, 2230, False, 0
1938,0, 2230, False, 0
1939,0, 2230, False, 0
1940,0, 2230, False, 0
1941,0, 2230, False, 0
1942,0, 2230, False, 0
1943,0, 2230, False, 0
1944,0, 2230, False, 0
1945,0, 2230, False, 4
1946,0, 2230, False, 4
1947,0, 2230, False, 4
1948,0, 2230, False, 4
1949,0, 2230, False, 4
1950,0, 2230, False, 4
1951,0, 2230, False, 4
1952,0, 2230, False, 4
1953,0, 2230, False, 4
1954,0, 2230, False, 0
1955,0, 2230, False, 0
1956,0, 2230, False, 0
1957,0, 2230, False, 0
1958,0, 2230, False, 0
1959,0, 2230, False, 0
1960,0, 2230, False, 0
1961,0, 2230, False, 0
1962,0, 2230, False, 0
1963,0, 2230, False, 0
1964,0, 2230, False, 0
1965,0, 2230, False, 0
1966,0, 2230, False, 0
1967,0, 2230, False, 0
1968,0, 2230, False, 0
1969,0, 2230, False, 0
1970,0, 2230, False, 0
1971,0, 2230, False, 0
1972,0, 2230, False, 0
1973,0, 2230, False, 4
1974,0, 2230, False, 4
1975,0, 2230, False, 4
1976,0, 2230, False, 4
1977,0, 2230, False, 4
1978,0, 2230, False, 4
1979,0, 2230, False, 4
1980,0, 2230, False, 0
1981,0, 2230, False, 0
1982,0, 2230, False, 0
1983,0, 2230, False, 0
1984,0, 2230, False, 0
1985,0, 2230, False, 0
1986,0, 2230, False, 0
1987,0, 2230, False, 0
1988,0, 2230, False, 0
1989,0, 2230, False, 0
1990,0, 2230, False, 2
1991,0, 2230, False, 2
1992,0, 2230, False, 2
1993,0, 2230, False, 2
1994,0, 2230, False, 2
1995,0, 2230, False, 2
1996,0, 2230, False, 2
1997,0, 2230, False, 2
1998,0, 2230, False, 2
1999,0, 2230, False, 2
2000,0, 2230, False, 0
2001,0, 2230, False, 0
2002,0, 2230, False, 0
2003,0, 2230, False, 0
2004,0, 2230, False, 0
2005,0, 2230, False, 0
2006,0, 2230, False, 0
2007,10, 2240, False, 0
2008,0, 2240, False, 0
2009,0, 2240, False, 0
2010,0, 2240, False, 0
2011,0, 2240, False, 0
2012,0, 2240, False, 0
2013,0, 2240, False, 0
2014,0, 2240, False, 0
2015,0, 2240, False, 0
2016,0, 2240, False, 0
2017,0, 2240, False, 0
2018,0, 2240, False, 0
2019,0, 2240, False, 4
2020,0, 2240, False, 4
2021,10, 2250, False, 4
2022,0, 2250, False, 4
2023,0, 2250, False, 4
2024,0, 2250, False, 4
2025,0, 2250, False, 4
2026,0, 2250, False, 4
2027,0, 2250, False, 4
2028,0, 2250, False, 4
2029,0, 2250, False, 0
2030,0, 2250, False, 0
2031,10, 2260, False, 0
2032,0, 2260, False, 0
2033,0, 2260, False, 0
2034,0, 2260, False, 0
2035,0, 2260, False, 0
2036,0, 2260, False, 0
2037,0, 2260, False, 0
2038,0, 2260, False, 0
2039,0, 2260, False, 0
2040,0, 2260, False, 0
2041,0, 2260, False, 0
2042,0, 2260, False, 0
2043,0, 2260, False, 0
2044,0, 2260, False, 0
2045,10, 2270, False, 0
2046,0, 2270, False, 0
2047,0, 2270, False, 0
2048,0, 2270, False, 0
2049,0, 2270, False, 0
2050,0, 2270, False, 0
2051,0, 2270, False, 0
2052,0, 2270, False, 0
2053,0, 2270, False, 0
2054,0, 2270, False, 0
2055,0, 2270, False, 0
2056,0, 2270, False, 0
2057,0, 2270, False, 0
2058,0, 2270, False, 0
2059,10, 2280, False, 0
2060,0, 2280, False, 0
2061,0, 2280, False, 0
2062,0, 2280, False, 0
2063,0, 2280, False, 0
2064,0, 2280, False, 0
2065,0, 2280, False, 0
2066,0, 2280, False, 0
2067,0, 2280, False, 0
2068,0, 2280, False, 0
2069,0, 2280, False, 0
2070,0, 2280, False, 0
2071,10, 2290, False, 0
2072,0, 2290, False, 0
2073,0, 2290, False, 0
2074,0, 2290, False, 0
2075,0, 2290, False, 0
2076,0, 2290, False, 0
2077,0, 2290, False, 0
2078,0, 2290, False, 0
2079,0, 2290, False, 0
2080,0, 2290, False, 0
2081,0, 2290, False, 0
2082,0, 2290, False, 5
2083,0, 2290, False, 5
2084,0, 2290, False, 5
2085,0, 2290, False, 5
2086,0, 2290, False, 5
2087,0, 2290, False, 5
2088,0, 2290, False, 5
2089,0, 2290, False, 0
2090,0, 2290, False, 0
2091,0, 2290, False, 0
2092,0, 2290, False, 0
2093,0, 2290, False, 0
2094,0, 2290, False, 0
2095,0, 2290, False, 0
2096,0, 2290, False, 0
2097,0, 2290, False, 0
2098,0, 2290, False, 0
2099,0, 2290, False, 0
2100,0, 2290, False, 0
2101,0, 2290, False, 0
2102,0, 2290, False, 0
2103,0, 2290, False, 0
2104,0, 2290, False, 0
2105,0, 2290, False, 0
2106,0, 2290, False, 0
2107,0, 2290, False, 0
2108,0, 2290, False, 0
2109,0, 2290, False, 0
2110,0, 2290, False, 0
2111,0, 2290, False, 0
2112,0, 2290, False, 0
2113,0, 2290, False, 0
2114,0, 2290, False, 0
2115,0, 2290, False, 0
2116,0, 2290, False, 0
2117,0, 2290, False, 0
2118,0, 2290, False, 0
2119,0, 2290, False, 0
2120,0, 2290, False, 0
2121,0, 2290, False, 0
2122,0, 2290, False, 0
2123,0, 2290, False, 4
2124,0, 2290, False, 4
2125,0, 2290, False, 4
2126,0, 2290, False, 4
2127,0, 2290, False, 4
2128,0, 2290, False, 4
2129,0, 2290, False, 4
2130,0, 2290, False, 4
2131,0, 2290, False, 4
2132,0, 2290, False, 4
2133,0, 2290, False, 4
2134,0, 2290, False, 0
2135,0, 2290, False, 0
2136,0, 2290, False, 0
2137,0, 2290, False, 0
2138,0, 2290, False, 0
2139,0, 2290, False, 0
2140,0, 2290, False, 0
2141,0, 2290, False, 0
2142,0, 2290, False, 0
2143,0, 2290, False, 0
2144,0, 2290, False, 0
2145,0, 2290, False, 0
2146,0, 2290, False, 0
2147,0, 2290, False, 0
2148,0, 2290, False, 0
2149,0, 2290, False, 0
2150,0, 2290, False, 0
2151,0, 2290, False, 0
2152,0, 2290, False, 0
2153,0, 2290, False, 0
2154,0, 2290, False, 0
2155,0, 2290, False, 0
2156,0, 2290, False, 0
2157,0, 2290, False, 0
2158,0, 2290, False, 0
2159,0, 2290, False, 0
2160,0, 2290, False, 0
2161,0, 2290, False, 0
2162,0, 2290, False, 0
2163,0, 2290, False, 0
2164,0, 2290, False, 0
2165,0, 2290, False, 0
2166,0, 2290, False, 0
2167,0, 2290, False, 0
2168,0, 2290, False, 0
2169,0, 2290, False, 0
2170,0, 2290, False, 0
2171,0, 2290, False, 0
2172,0, 2290, False, 0
2173,0, 2290, False, 0
2174,0, 2290, False, 0
2175,0, 2290, False, 0
2176,0, 2290, False, 0
2177,0, 2290, False, 0
2178,0, 2290, False, 0
2179,0, 2290, False, 0
2180,0, 2290, False, 0
2181,0, 2290, False, 0
2182,0, 2290, False, 0
2183,0, 2290, False, 0
2184,0, 2290, False, 0
2185,0, 2290, False, 0
2186,0, 2290, False, 0
2187,0, 2290, False, 0
2188,0, 2290, False, 0
2189,0, 2290, False, 0
2190,0, 2290, False, 0
2191,0, 2290, False, 0
2192,0, 2290, False, 0
2193,0, 2290, False, 0
2194,0, 2290, False, 0
2195,0, 2290, False, 0
2196,0, 2290, False, 0
2197,0, 2290, False, 0
2198,0, 2290, False, 0
2199,0, 2290, False, 0
2200,0, 2290, False, 0
2201,0, 2290, False, 0
2202,0, 2290, False, 0
2203,0, 2290, False, 0
2204,0, 2290, False, 0
2205,0, 2290, False, 0
2206,0, 2290, False, 0
2207,0, 2290, False, 0
2208,0, 2290, False, 0
2209,0, 2290, False, 0
2210,0, 2290, False, 0
2211,0, 2290, False, 0
2212,0, 2290, False, 0
2213,0, 2290, False, 0
2214,0, 2290, False, 0
2215,0, 2290, False, 0
2216,0, 2290, False, 0
2217,0, 2290, False, 0
2218,0, 2290, False, 0
2219,0, 2290, False, 0
2220,0, 2290, False, 0
2221,0, 2290, False, 0
2222,0, 2290, False, 0
2223,0, 2290, False, 0
2224,0, 2290, False, 0
2225,0, 2290, False, 0
2226,0, 2290, False, 0
2227,0, 2290, False, 0
2228,0, 2290, False, 0
2229,0, 2290, False, 0
2230,0, 2290, False, 0
2231,0, 2290, False, 0
2232,0, 2290, False, 0
2233,0, 2290, False, 0
2234,0, 2290, False, 0
2235,0, 2290, False, 0
2236,0, 2290, False, 0
2237,0, 2290, False, 0
2238,0, 2290, False, 0
2239,0, 2290, False, 0
2240,0, 2290, False, 0
2241,0, 2290, False, 0
2242,0, 2290, False, 0
2243,0, 2290, False, 0
2244,0, 2290, False, 0
2245,0, 2290, False, 0
2246,0, 2290, False, 0
2247,0, 2290, False, 0
2248,0, 2290, False, 0
2249,0, 2290, False, 0
2250,0, 2290, False, 0
2251,0, 2290, False, 0
2252,0, 2290, False, 0
2253,0, 2290, False, 0
2254,0, 2290, False, 0
2255,0, 2290, False, 0
2256,0, 2290, False, 0
2257,0, 2290, False, 0
2258,0, 2290, False, 0
2259,0, 2290, False, 0
2260,0, 2290, False, 0
2261,0, 2290, False, 0
2262,0, 2290, False, 0
2263,0, 2290, False, 0
2264,0, 2290, False, 4
2265,0, 2290, False, 4
2266,0, 2290, False, 4
2267,0, 2290, False, 4
2268,0, 2290, False, 4
2269,0, 2290, False, 4
2270,0, 2290, False, 4
2271,0, 2290, False, 4
2272,0, 2290, False, 4
2273,0, 2290, False, 0
2274,0, 2290, False, 0
2275,0, 2290, False, 0
2276,0, 2290, False, 0
2277,0, 2290, False, 0
2278,0, 2290, False, 0
2279,0, 2290, False, 0
2280,0, 2290, False, 0
2281,0, 2290, False, 0
2282,0, 2290, False, 0
2283,0, 2290, False, 0
2284,0, 2290, False, 0
2285,0, 2290, False, 0
2286,0, 2290, False, 4
2287,0, 2290, False, 4
2288,0, 2290, False, 4
2289,0, 2290, False, 4
2290,0, 2290, False, 4
2291,0, 2290, False, 4
2292,0, 2290, False, 4
2293,0, 2290, False, 4
2294,0, 2290, False, 4
2295,0, 2290, False, 0
2296,0, 2290, False, 0
2297,0, 2290, False, 0
2298,0, 2290, False, 0
2299,0, 2290, False, 0
2300,0, 2290, False, 0
2301,0, 2290, False, 0
2302,0, 2290, False, 0
2303,0, 2290, False, 0
2304,0, 2290, False, 0
2305,0, 2290, False, 0
2306,0, 2290, False, 0
2307,0, 2290, False, 0
2308,0, 2290, False, 0
2309,0, 2290, False, 0
2310,0, 2290, False, 4
2311,0, 2290, False, 4
2312,0, 2290, False, 4
2313,0, 2290, False, 4
2314,0, 2290, False, 4
2315,0, 2290, False, 4
2316,0, 2290, False, 4
2317,0, 2290, False, 0
2318,0, 2290, False, 0
2319,0, 2290, False, 0
2320,0, 2290, False, 0
2321,0, 2290, False, 0
2322,0, 2290, False, 0
2323,0, 2290, False, 0
2324,0, 2290, False, 0
2325,0, 2290, False, 0
2326,0, 2290, False, 0
2327,0, 2290, False, 0
2328,0, 2290, False, 0
2329,0, 2290, False, 0
2330,0, 2290, False, 0
2331,0, 2290, False, 0
2332,0, 2290, False, 0
2333,0, 2290, False, 0
2334,0, 2290, False, 4
2335,0, 2290, False, 4
2336,0, 2290, False, 4
2337,0, 2290, False, 4
2338,0, 2290, False, 4
2339,0, 2290, False, 4
2340,0, 2290, False, 4
2341,0, 2290, False, 0
2342,0, 2290, False, 0
2343,0, 2290, False, 0
2344,0, 2290, False, 0
2345,0, 2290, False, 0
2346,0, 2290, False, 0
2347,0, 2290, False, 0
2348,0, 2290, False, 0
2349,0, 2290, False, 0
2350,0, 2290, False, 0
2351,0, 2290, False, 0
2352,0, 2290, False, 0
2353,0, 2290, False, 0
2354,0, 2290, False, 0
2355,0, 2290, False, 0
2356,0, 2290, False, 0
2357,0, 2290, False, 0
2358,0, 2290, False, 0
2359,0, 2290, False, 0
2360,0, 2290, False, 0
2361,0, 2290, False, 0
2362,0, 2290, False, 0
2363,0, 2290, False, 0
2364,0, 2290, False, 0
2365,0, 2290, False, 0
2366,0, 2290, False, 0
2367,0, 2290, False, 0
2368,0, 2290, False, 0
2369,0, 2290, False, 0
2370,0, 2290, False, 5
2371,0, 2290, False, 5
2372,0, 2290, False, 5
2373,0, 2290, False, 5
2374,0, 2290, False, 5
2375,0, 2290, False, 5
2376,0, 2290, False, 5
2377,0, 2290, False, 5
2378,0, 2290, False, 0
2379,0, 2290, False, 0
2380,0, 2290, False, 0
2381,10, 2300, False, 0
2382,0, 2300, False, 0
2383,0, 2300, False, 0
2384,0, 2300, False, 0
2385,0, 2300, False, 0
2386,0, 2300, False, 0
2387,0, 2300, False, 0
2388,0, 2300, False, 0
2389,0, 2300, False, 0
2390,0, 2300, False, 0
2391,0, 2300, False, 0
2392,0, 2300, False, 0
2393,0, 2300, False, 0
2394,0, 2300, False, 0
2395,10, 2310, False, 0
2396,0, 2310, False, 3
2397,0, 2310, False, 3
2398,0, 2310, False, 3
2399,0, 2310, False, 3
2400,0, 2310, False, 3
2401,0, 2310, False, 3
2402,0, 2310, False, 3
2403,0, 2310, False, 3
2404,0, 2310, False, 3
2405,0, 2310, False, 0
2406,0, 2310, False, 0
2407,0, 2310, False, 0
2408,0, 2310, False, 0
2409,10, 2320, False, 0
2410,0, 2320, False, 0
2411,0, 2320, False, 0
2412,0, 2320, False, 0
2413,0, 2320, False, 0
2414,0, 2320, False, 3
2415,0, 2320, False, 3
2416,0, 2320, False, 3
2417,0, 2320, False, 3
2418,0, 2320, False, 3
2419,0, 2320, False, 3
2420,0, 2320, False, 3
2421,0, 2320, False, 3
2422,0, 2320, False, 0
2423,10, 2330, False, 0
2424,0, 2330, False, 0
2425,0, 2330, False, 0
2426,0, 2330, False, 0
2427,0, 2330, False, 0
2428,0, 2330, False, 0
2429,0, 2330, False, 0
2430,0, 2330, False, 0
2431,0, 2330, False, 0
2432,0, 2330, False, 0
2433,0, 2330, False, 0
2434,0, 2330, False, 0
2435,0, 2330, False, 0
2436,0, 2330, False, 0
2437,10, 2340, False, 0
2438,0, 2340, False, 5
2439,0, 2340, False, 5
2440,0, 2340, False, 5
2441,0, 2340, False, 5
2442,0, 2340, False, 5
2443,0, 2340, False, 5
2444,0, 2340, False, 5
2445,0, 2340, False, 5
2446,0, 2340, False, 5
2447,0, 2340, False, 5
2448,0, 2340, False, 5
2449,0, 2340, False, 0
2450,0, 2340, False, 0
2451,10, 2350, False, 0
2452,0, 2350, False, 0
2453,0, 2350, False, 0
2454,0, 2350, False, 0
2455,0, 2350, False, 0
2456,0, 2350, False, 0
2457,0, 2350, False, 0
2458,0, 2350, False, 0
2459,0, 2350, False, 0
2460,0, 2350, False, 0
2461,0, 2350, False, 3
2462,0, 2350, False, 3
2463,0, 2350, False, 3
2464,0, 2350, False, 3
2465,10, 2360, False, 3
2466,0, 2360, False, 3
2467,0, 2360, False, 3
2468,0, 2360, False, 3
2469,0, 2360, False, 3
2470,0, 2360, False, 3
2471,0, 2360, False, 3
2472,0, 2360, False, 3
2473,0, 2360, False, 3
2474,0, 2360, False, 3
2475,0, 2360, False, 3
2476,0, 2360, False, 0
2477,0, 2360, False, 0
2478,0, 2360, False, 0
2479,10, 2370, False, 0
2480,0, 2370, False, 0
2481,0, 2370, False, 0
2482,0, 2370, False, 0
2483,0, 2370, False, 0
2484,0, 2370, False, 0
2485,0, 2370, False, 0
2486,0, 2370, False, 0
2487,0, 2370, False, 0
2488,0, 2370, False, 0
2489,0, 2370, False, 0
2490,0, 2370, False, 0
2491,0, 2370, False, 0
2492,0, 2370, False, 0
2493,0, 2370, False, 0
2494,0, 2370, False, 0
2495,0, 2370, False, 0
2496,0, 2370, False, 0
2497,10, 2380, False, 0
2498,0, 2380, False, 0
2499,0, 2380, False, 0
2500,0, 2380, False, 0
2501,0, 2380, False, 0
2502,0, 2380, False, 0
2503,0, 2380, False, 0
2504,0, 2380, False, 4
2505,0, 2380, False, 4
2506,0, 2380, False, 4
2507,0, 2380, False, 4
2508,0, 2380, False, 4
2509,0, 2380, False, 4
2510,0, 2380, False, 4
2511,0, 2380, False, 4
2512,0, 2380, False, 4
2513,0, 2380, False, 4
2514,0, 2380, False, 4
2515,0, 2380, False, 0
2516,0, 2380, False, 0
2517,0, 2380, False, 0
2518,0, 2380, False, 0
2519,0, 2380, False, 0
2520,0, 2380, False, 0
2521,0, 2380, False, 0
2522,0, 2380, False, 0
2523,0, 2380, False, 0
2524,0, 2380, False, 0
2525,0, 2380, False, 0
2526,0, 2380, False, 0
2527,0, 2380, False, 0
2528,0, 2380, False, 0
2529,0, 2380, False, 0
2530,0, 2380, False, 0
2531,0, 2380, False, 0
2532,0, 2380, False, 0
2533,0, 2380, False, 0
2534,0, 2380, False, 0
2535,0, 2380, False, 0
2536,0, 2380, False, 0
2537,0, 2380, False, 0
2538,0, 2380, False, 0
2539,0, 2380, False, 0
2540,0, 2380, False, 0
2541,10, 2390, False, 0
2542,0, 2390, False, 0
2543,0, 2390, False, 0
2544,0, 2390, False, 0
2545,0, 2390, False, 0
2546,0, 2390, False, 0
2547,0, 2390, False, 0
2548,0, 2390, False, 0
2549,0, 2390, False, 0
2550,0, 2390, False, 0
2551,0, 2390, False, 0
2552,0, 2390, False, 0
2553,0, 2390, False, 0
2554,0, 2390, False, 0
2555,10, 2400, False, 0
2556,0, 2400, False, 0
2557,0, 2400, False, 0
2558,0, 2400, False, 0
2559,0, 2400, False, 0
2560,0, 2400, False, 0
2561,0, 2400, False, 0
2562,0, 2400, False, 0
2563,0, 2400, False, 0
2564,0, 2400, False, 0
2565,0, 2400, False, 0
2566,0, 2400, False, 0
2567,10, 2410, False, 0
2568,0, 2410, False, 0
2569,0, 2410, False, 0
2570,0, 2410, False, 0
2571,0, 2410, False, 0
2572,0, 2410, False, 0
2573,0, 2410, False, 0
2574,0, 2410, False, 0
2575,0, 2410, False, 0
2576,0, 2410, False, 0
2577,0, 2410, False, 0
2578,0, 2410, False, 2
2579,0, 2410, False, 2
2580,0, 2410, False, 2
2581,0, 2410, False, 2
2582,0, 2410, False, 2
2583,0, 2410, False, 2
2584,0, 2410, False, 2
2585,0, 2410, False, 0
2586,0, 2410, False, 0
2587,0, 2410, False, 0
2588,0, 2410, False, 0
2589,0, 2410, False, 0
2590,0, 2410, False, 0
2591,0, 2410, False, 0
2592,0, 2410, False, 0
2593,0, 2410, False, 0
2594,0, 2410, False, 0
2595,0, 2410, False, 0
2596,0, 2410, False, 0
2597,0, 2410, False, 0
2598,0, 2410, False, 0
2599,0, 2410, False, 0
2600,0, 2410, False, 0
2601,0, 2410, False, 0
2602,0, 2410, False, 0
2603,0, 2410, False, 0
2604,0, 2410, False, 0
2605,0, 2410, False, 0
2606,0, 2410, False, 0
2607,0, 2410, False, 0
2608,0, 2410, False, 0
2609,0, 2410, False, 0
2610,0, 2410, False, 0
2611,0, 2410, False, 0
2612,0, 2410, False, 0
2613,0, 2410, False, 0
2614,0, 2410, False, 0
2615,0, 2410, False, 0
2616,0, 2410, False, 0
2617,0, 2410, False, 0
2618,0, 2410, False, 0
2619,0, 2410, False, 0
2620,0, 2410, False, 0
2621,0, 2410, False, 0
2622,0, 2410, False, 0
2623,0, 2410, False, 0
2624,0, 2410, False, 0
2625,0, 2410, False, 0
2626,0, 2410, False, 0
2627,0, 2410, False, 0
2628,0, 2410, False, 0
2629,0, 2410, False, 0
2630,0, 2410, False, 0
2631,0, 2410, False, 0
2632,0, 2410, False, 0
2633,0, 2410, False, 0
2634,0, 2410, False, 0
2635,0, 2410, False, 0
2636,0, 2410, False, 0
2637,0, 2410, False, 0
2638,0, 2410, False, 0
2639,0, 2410, False, 0
2640,0, 2410, False, 0
2641,0, 2410, False, 0
2642,0, 2410, False, 0
2643,0, 2410, False, 3
2644,0, 2410, False, 3
2645,0, 2410, False, 3
2646,0, 2410, False, 3
2647,0, 2410, False, 3
2648,0, 2410, False, 3
2649,0, 2410, False, 3
2650,0, 2410, False, 3
2651,0, 2410, False, 3
2652,0, 2410, False, 3
2653,0, 2410, False, 3
2654,0, 2410, False, 3
2655,0, 2410, False, 0
2656,0, 2410, False, 0
2657,0, 2410, False, 0
2658,0, 2410, False, 0
2659,0, 2410, False, 0
2660,0, 2410, False, 0
2661,0, 2410, False, 0
2662,0, 2410, False, 0
2663,0, 2410, False, 0
2664,0, 2410, False, 0
2665,0, 2410, False, 0
2666,0, 2410, False, 0
2667,0, 2410, False, 0
2668,0, 2410, False, 0
2669,0, 2410, False, 0
2670,0, 2410, False, 0
2671,0, 2410, False, 0
2672,0, 2410, False, 0
2673,0, 2410, False, 0
2674,0, 2410, False, 0
2675,0, 2410, False, 0
2676,0, 2410, False, 0
2677,0, 2410, False, 0
2678,0, 2410, False, 0
2679,0, 2410, False, 0
2680,0, 2410, False, 0
2681,0, 2410, False, 0
2682,0, 2410, False, 0
2683,0, 2410, False, 0
2684,0, 2410, False, 0
2685,0, 2410, False, 0
2686,0, 2410, False, 0
2687,0, 2410, False, 0
2688,0, 2410, False, 0
2689,0, 2410, False, 0
2690,0, 2410, False, 0
2691,0, 2410, False, 0
2692,0, 2410, False, 0
2693,0, 2410, False, 0
2694,0, 2410, False, 0
2695,0, 2410, False, 0
2696,0, 2410, False, 0
2697,0, 2410, False, 0
2698,0, 2410, False, 0
2699,0, 2410, False, 0
2700,0, 2410, False, 0
2701,0, 2410, False, 0
2702,0, 2410, False, 0
2703,0, 2410, False, 0
2704,0, 2410, False, 0
2705,0, 2410, False, 0
2706,0, 2410, False, 0
2707,0, 2410, False, 0
2708,0, 2410, False, 0
2709,0, 2410, False, 0
2710,0, 2410, False, 0
2711,10, 2420, False, 0
2712,0, 2420, False, 0
2713,0, 2420, False, 0
2714,0, 2420, False, 0
2715,0, 2420, False, 0
2716,0, 2420, False, 0
2717,0, 2420, False, 0
2718,0, 2420, False, 0
2719,0, 2420, False, 0
2720,0, 2420, False, 0
2721,0, 2420, False, 0
2722,0, 2420, False, 0
2723,10, 2430, False, 0
2724,0, 2430, False, 0
2725,0, 2430, False, 0
2726,0, 2430, False, 0
2727,0, 2430, False, 0
2728,0, 2430, False, 0
2729,0, 2430, False, 0
2730,0, 2430, False, 0
2731,0, 2430, False, 0
2732,0, 2430, False, 0
2733,0, 2430, False, 0
2734,0, 2430, False, 0
2735,0, 2430, False, 0
2736,0, 2430, False, 0
2737,10, 2440, False, 0
2738,0, 2440, False, 0
2739,0, 2440, False, 0
2740,0, 2440, False, 0
2741,0, 2440, False, 0
2742,0, 2440, False, 0
2743,0, 2440, False, 2
2744,0, 2440, False, 2
2745,0, 2440, False, 2
2746,0, 2440, False, 2
2747,0, 2440, False, 2
2748,0, 2440, False, 2
2749,0, 2440, False, 2
2750,0, 2440, False, 2
2751,10, 2450, False, 2
2752,0, 2450, False, 0
2753,0, 2450, False, 0
2754,0, 2450, False, 0
2755,0, 2450, False, 0
2756,0, 2450, False, 0
2757,0, 2450, False, 0
2758,0, 2450, False, 0
2759,0, 2450, False, 0
2760,0, 2450, False, 0
2761,0, 2450, False, 0
2762,0, 2450, False, 0
2763,10, 2460, False, 0
2764,0, 2460, False, 0
2765,0, 2460, False, 0
2766,0, 2460, False, 0
2767,0, 2460, False, 0
2768,0, 2460, False, 0
2769,0, 2460, False, 0
2770,0, 2460, False, 0
2771,0, 2460, False, 0
2772,0, 2460, False, 0
2773,0, 2460, False, 0
2774,0, 2460, False, 0
2775,0, 2460, False, 0
2776,0, 2460, False, 0
2777,10, 2470, False, 0
2778,0, 2470, False, 0
2779,0, 2470, False, 0
2780,0, 2470, False, 0
2781,0, 2470, False, 4
2782,0, 2470, False, 4
2783,0, 2470, False, 4
2784,0, 2470, False, 4
2785,0, 2470, False, 4
2786,0, 2470, False, 0
2787,0, 2470, False, 0
2788,0, 2470, False, 0
2789,0, 2470, False, 0
2790,0, 2470, False, 0
2791,0, 2470, False, 0
2792,0, 2470, False, 0
2793,0, 2470, False, 0
2794,0, 2470, False, 0
2795,0, 2470, False, 0
2796,0, 2470, False, 0
2797,0, 2470, False, 0
2798,0, 2470, False, 0
2799,0, 2470, False, 0
2800,0, 2470, False, 0
2801,0, 2470, False, 0
2802,0, 2470, False, 0
2803,0, 2470, False, 0
2804,0, 2470, False, 0
2805,0, 2470, False, 0
2806,0, 2470, False, 0
2807,0, 2470, False, 0
2808,0, 2470, False, 0
2809,0, 2470, False, 0
2810,0, 2470, False, 0
2811,0, 2470, False, 0
2812,0, 2470, False, 0
2813,0, 2470, False, 0
2814,0, 2470, False, 0
2815,0, 2470, False, 0
2816,0, 2470, False, 0
2817,0, 2470, False, 0
2818,0, 2470, False, 0
2819,0, 2470, False, 0
2820,0, 2470, False, 0
2821,0, 2470, False, 0
2822,0, 2470, False, 0
2823,0, 2470, False, 0
2824,0, 2470, False, 0
2825,0, 2470, False, 0
2826,0, 2470, False, 0
2827,0, 2470, False, 0
2828,0, 2470, False, 0
2829,0, 2470, False, 0
2830,0, 2470, False, 0
2831,0, 2470, False, 0
2832,0, 2470, False, 0
2833,0, 2470, False, 0
2834,0, 2470, False, 0
2835,0, 2470, False, 0
2836,0, 2470, False, 0
2837,0, 2470, False, 0
2838,0, 2470, False, 0
2839,0, 2470, False, 0
2840,0, 2470, False, 0
2841,0, 2470, False, 0
2842,0, 2470, False, 0
2843,0, 2470, False, 0
2844,0, 2470, False, 0
2845,0, 2470, False, 0
2846,0, 2470, False, 0
2847,0, 2470, False, 0
2848,0, 2470, False, 0
2849,0, 2470, False, 0
2850,0, 2470, False, 0
2851,0, 2470, False, 0
2852,0, 2470, False, 0
2853,0, 2470, False, 0
2854,0, 2470, False, 0
2855,0, 2470, False, 0
2856,0, 2470, False, 0
2857,0, 2470, False, 0
2858,0, 2470, False, 0
2859,0, 2470, False, 0
2860,0, 2470, False, 0
2861,0, 2470, False, 0
2862,0, 2470, False, 0
2863,0, 2470, False, 0
2864,0, 2470, False, 0
2865,0, 2470, False, 0
2866,0, 2470, False, 0
2867,0, 2470, False, 0
2868,0, 2470, False, 0
2869,0, 2470, False, 0
2870,0, 2470, False, 0
2871,0, 2470, False, 0
2872,0, 2470, False, 0
2873,0, 2470, False, 0
2874,0, 2470, False, 0
2875,0, 2470, False, 0
2876,0, 2470, False, 0
2877,0, 2470, False, 0
2878,0, 2470, False, 0
2879,0, 2470, False, 0
2880,0, 2470, False, 0
2881,0, 2470, False, 0
2882,0, 2470, False, 0
2883,0, 2470, False, 0
2884,0, 2470, False, 0
2885,0, 2470, False, 0
2886,0, 2470, False, 0
2887,0, 2470, True, 0
