db traj id : 2758
frame,reward,score,terminal, action
0,0, 0, False, 0
1,0, 0, False, 0
2,0, 0, False, 0
3,0, 0, False, 0
4,0, 0, False, 0
5,0, 0, False, 0
6,0, 0, False, 0
7,0, 0, False, 0
8,0, 0, False, 0
9,0, 0, False, 0
10,0, 0, False, 0
11,0, 0, False, 0
12,0, 0, False, 0
13,0, 0, False, 0
14,0, 0, False, 0
15,0, 0, False, 0
16,0, 0, False, 0
17,0, 0, False, 0
18,0, 0, False, 0
19,0, 0, False, 0
20,0, 0, False, 0
21,0, 0, False, 0
22,0, 0, False, 0
23,0, 0, False, 0
24,0, 0, False, 0
25,0, 0, False, 0
26,0, 0, False, 0
27,0, 0, False, 0
28,0, 0, False, 0
29,0, 0, False, 0
30,0, 0, False, 0
31,0, 0, False, 0
32,0, 0, False, 0
33,0, 0, False, 0
34,0, 0, False, 0
35,0, 0, False, 0
36,0, 0, False, 0
37,0, 0, False, 0
38,0, 0, False, 0
39,0, 0, False, 0
40,0, 0, False, 0
41,0, 0, False, 0
42,0, 0, False, 0
43,0, 0, False, 0
44,0, 0, False, 0
45,0, 0, False, 0
46,0, 0, False, 0
47,0, 0, False, 0
48,0, 0, False, 0
49,0, 0, False, 0
50,0, 0, False, 0
51,0, 0, False, 0
52,0, 0, False, 0
53,0, 0, False, 0
54,0, 0, False, 0
55,0, 0, False, 0
56,0, 0, False, 0
57,0, 0, False, 0
58,0, 0, False, 0
59,0, 0, False, 0
60,0, 0, False, 0
61,0, 0, False, 0
62,0, 0, False, 0
63,0, 0, False, 0
64,0, 0, False, 0
65,0, 0, False, 0
66,0, 0, False, 0
67,0, 0, False, 0
68,0, 0, False, 0
69,0, 0, False, 0
70,0, 0, False, 5
71,0, 0, False, 5
72,0, 0, False, 5
73,0, 0, False, 5
74,0, 0, False, 5
75,0, 0, False, 5
76,0, 0, False, 5
77,0, 0, False, 5
78,0, 0, False, 0
79,0, 0, False, 0
80,0, 0, False, 0
81,0, 0, False, 0
82,0, 0, False, 0
83,0, 0, False, 0
84,0, 0, False, 0
85,0, 0, False, 5
86,0, 0, False, 5
87,0, 0, False, 0
88,0, 0, False, 0
89,0, 0, False, 0
90,0, 0, False, 0
91,0, 0, False, 0
92,0, 0, False, 0
93,0, 0, False, 0
94,0, 0, False, 0
95,0, 0, False, 0
96,0, 0, False, 0
97,0, 0, False, 0
98,0, 0, False, 0
99,0, 0, False, 0
100,0, 0, False, 0
101,0, 0, False, 0
102,0, 0, False, 0
103,0, 0, False, 0
104,0, 0, False, 0
105,0, 0, False, 0
106,0, 0, False, 0
107,0, 0, False, 0
108,0, 0, False, 0
109,0, 0, False, 0
110,0, 0, False, 0
111,0, 0, False, 0
112,0, 0, False, 0
113,0, 0, False, 0
114,0, 0, False, 0
115,0, 0, False, 0
116,0, 0, False, 0
117,0, 0, False, 0
118,0, 0, False, 0
119,0, 0, False, 0
120,0, 0, False, 0
121,0, 0, False, 0
122,0, 0, False, 0
123,0, 0, False, 0
124,0, 0, False, 0
125,0, 0, False, 0
126,0, 0, False, 0
127,0, 0, False, 0
128,0, 0, False, 0
129,0, 0, False, 0
130,0, 0, False, 0
131,0, 0, False, 0
132,0, 0, False, 0
133,0, 0, False, 0
134,0, 0, False, 0
135,0, 0, False, 0
136,0, 0, False, 0
137,0, 0, False, 0
138,0, 0, False, 0
139,0, 0, False, 0
140,0, 0, False, 0
141,0, 0, False, 0
142,0, 0, False, 0
143,0, 0, False, 0
144,0, 0, False, 0
145,0, 0, False, 0
146,0, 0, False, 0
147,0, 0, False, 0
148,0, 0, False, 0
149,0, 0, False, 0
150,0, 0, False, 0
151,0, 0, False, 0
152,0, 0, False, 0
153,0, 0, False, 0
154,0, 0, False, 0
155,0, 0, False, 0
156,0, 0, False, 0
157,0, 0, False, 0
158,0, 0, False, 0
159,0, 0, False, 0
160,0, 0, False, 0
161,0, 0, False, 0
162,0, 0, False, 0
163,0, 0, False, 0
164,0, 0, False, 0
165,0, 0, False, 0
166,0, 0, False, 0
167,0, 0, False, 0
168,0, 0, False, 0
169,0, 0, False, 0
170,0, 0, False, 0
171,0, 0, False, 0
172,0, 0, False, 0
173,0, 0, False, 0
174,0, 0, False, 0
175,0, 0, False, 0
176,0, 0, False, 0
177,0, 0, False, 0
178,0, 0, False, 0
179,0, 0, False, 0
180,0, 0, False, 0
181,0, 0, False, 0
182,0, 0, False, 0
183,0, 0, False, 0
184,0, 0, False, 0
185,0, 0, False, 0
186,0, 0, False, 0
187,0, 0, False, 0
188,0, 0, False, 0
189,0, 0, False, 0
190,0, 0, False, 0
191,0, 0, False, 0
192,0, 0, False, 0
193,0, 0, False, 0
194,0, 0, False, 0
195,0, 0, False, 0
196,0, 0, False, 0
197,0, 0, False, 0
198,0, 0, False, 0
199,0, 0, False, 0
200,0, 0, False, 0
201,0, 0, False, 0
202,0, 0, False, 0
203,0, 0, False, 0
204,0, 0, False, 0
205,0, 0, False, 0
206,0, 0, False, 0
207,0, 0, False, 0
208,0, 0, False, 0
209,0, 0, False, 0
210,0, 0, False, 0
211,0, 0, False, 0
212,0, 0, False, 0
213,0, 0, False, 0
214,0, 0, False, 0
215,0, 0, False, 0
216,0, 0, False, 0
217,0, 0, False, 0
218,0, 0, False, 0
219,0, 0, False, 0
220,0, 0, False, 0
221,0, 0, False, 0
222,0, 0, False, 0
223,0, 0, False, 0
224,0, 0, False, 0
225,0, 0, False, 0
226,0, 0, False, 0
227,0, 0, False, 0
228,0, 0, False, 0
229,0, 0, False, 0
230,0, 0, False, 0
231,0, 0, False, 0
232,0, 0, False, 0
233,0, 0, False, 0
234,0, 0, False, 0
235,0, 0, False, 0
236,0, 0, False, 0
237,0, 0, False, 0
238,0, 0, False, 0
239,0, 0, False, 0
240,0, 0, False, 0
241,0, 0, False, 0
242,0, 0, False, 0
243,0, 0, False, 0
244,0, 0, False, 0
245,0, 0, False, 0
246,0, 0, False, 0
247,0, 0, False, 0
248,0, 0, False, 0
249,0, 0, False, 0
250,0, 0, False, 0
251,0, 0, False, 0
252,0, 0, False, 0
253,0, 0, False, 0
254,0, 0, False, 0
255,0, 0, False, 0
256,0, 0, False, 0
257,0, 0, False, 0
258,0, 0, False, 0
259,0, 0, False, 0
260,0, 0, False, 0
261,0, 0, False, 0
262,0, 0, False, 0
263,0, 0, False, 0
264,0, 0, False, 0
265,0, 0, False, 0
266,0, 0, False, 0
267,0, 0, False, 0
268,0, 0, False, 0
269,0, 0, False, 0
270,10, 10, False, 0
271,0, 10, False, 0
272,0, 10, False, 0
273,0, 10, False, 0
274,0, 10, False, 0
275,0, 10, False, 0
276,0, 10, False, 0
277,0, 10, False, 0
278,0, 10, False, 0
279,0, 10, False, 0
280,0, 10, False, 0
281,0, 10, False, 0
282,0, 10, False, 0
283,0, 10, False, 0
284,10, 20, False, 0
285,0, 20, False, 0
286,0, 20, False, 0
287,0, 20, False, 0
288,0, 20, False, 0
289,0, 20, False, 0
290,0, 20, False, 0
291,0, 20, False, 0
292,0, 20, False, 0
293,0, 20, False, 0
294,0, 20, False, 0
295,0, 20, False, 0
296,0, 20, False, 0
297,0, 20, False, 0
298,10, 30, False, 0
299,0, 30, False, 0
300,0, 30, False, 0
301,0, 30, False, 0
302,0, 30, False, 0
303,0, 30, False, 0
304,0, 30, False, 0
305,0, 30, False, 0
306,0, 30, False, 0
307,0, 30, False, 0
308,0, 30, False, 0
309,0, 30, False, 0
310,10, 40, False, 0
311,0, 40, False, 0
312,0, 40, False, 0
313,0, 40, False, 0
314,0, 40, False, 0
315,0, 40, False, 0
316,0, 40, False, 0
317,0, 40, False, 0
318,0, 40, False, 0
319,0, 40, False, 0
320,0, 40, False, 0
321,0, 40, False, 0
322,0, 40, False, 0
323,0, 40, False, 0
324,10, 50, False, 0
325,0, 50, False, 0
326,0, 50, False, 0
327,0, 50, False, 0
328,0, 50, False, 0
329,0, 50, False, 0
330,0, 50, False, 0
331,0, 50, False, 0
332,0, 50, False, 0
333,0, 50, False, 0
334,0, 50, False, 0
335,0, 50, False, 0
336,0, 50, False, 0
337,0, 50, False, 0
338,10, 60, False, 0
339,0, 60, False, 0
340,0, 60, False, 0
341,0, 60, False, 0
342,0, 60, False, 0
343,0, 60, False, 0
344,0, 60, False, 0
345,0, 60, False, 0
346,0, 60, False, 0
347,0, 60, False, 0
348,0, 60, False, 0
349,0, 60, False, 0
350,0, 60, False, 0
351,0, 60, False, 0
352,0, 60, False, 0
353,0, 60, False, 0
354,0, 60, False, 0
355,0, 60, False, 4
356,0, 60, False, 4
357,0, 60, False, 4
358,0, 60, False, 4
359,0, 60, False, 4
360,0, 60, False, 4
361,0, 60, False, 4
362,0, 60, False, 4
363,0, 60, False, 0
364,0, 60, False, 0
365,0, 60, False, 0
366,0, 60, False, 0
367,0, 60, False, 0
368,0, 60, False, 5
369,0, 60, False, 5
370,0, 60, False, 5
371,0, 60, False, 5
372,0, 60, False, 5
373,0, 60, False, 5
374,0, 60, False, 5
375,0, 60, False, 5
376,10, 70, False, 5
377,0, 70, False, 5
378,0, 70, False, 5
379,0, 70, False, 5
380,0, 70, False, 5
381,0, 70, False, 5
382,0, 70, False, 5
383,0, 70, False, 5
384,0, 70, False, 5
385,0, 70, False, 0
386,0, 70, False, 0
387,0, 70, False, 0
388,0, 70, False, 0
389,0, 70, False, 0
390,10, 80, False, 0
391,0, 80, False, 0
392,0, 80, False, 0
393,0, 80, False, 0
394,0, 80, False, 0
395,0, 80, False, 5
396,0, 80, False, 5
397,0, 80, False, 5
398,0, 80, False, 5
399,0, 80, False, 5
400,0, 80, False, 5
401,0, 80, False, 5
402,0, 80, False, 5
403,0, 80, False, 5
404,10, 90, False, 5
405,0, 90, False, 5
406,0, 90, False, 5
407,0, 90, False, 5
408,0, 90, False, 5
409,0, 90, False, 5
410,0, 90, False, 5
411,0, 90, False, 5
412,0, 90, False, 5
413,0, 90, False, 5
414,0, 90, False, 5
415,0, 90, False, 5
416,0, 90, False, 5
417,0, 90, False, 5
418,10, 100, False, 5
419,0, 100, False, 5
420,0, 100, False, 5
421,0, 100, False, 5
422,0, 100, False, 5
423,0, 100, False, 5
424,0, 100, False, 5
425,0, 100, False, 5
426,0, 100, False, 5
427,0, 100, False, 5
428,0, 100, False, 5
429,0, 100, False, 5
430,0, 100, False, 5
431,0, 100, False, 5
432,10, 110, False, 5
433,0, 110, False, 5
434,0, 110, False, 0
435,0, 110, False, 4
436,0, 110, False, 4
437,0, 110, False, 4
438,0, 110, False, 4
439,0, 110, False, 4
440,0, 110, False, 4
441,0, 110, False, 4
442,0, 110, False, 4
443,0, 110, False, 4
444,0, 110, False, 4
445,0, 110, False, 4
446,0, 110, False, 4
447,0, 110, False, 4
448,10, 120, False, 4
449,0, 120, False, 4
450,0, 120, False, 4
451,0, 120, False, 0
452,0, 120, False, 0
453,0, 120, False, 0
454,0, 120, False, 0
455,0, 120, False, 0
456,0, 120, False, 0
457,0, 120, False, 0
458,0, 120, False, 0
459,0, 120, False, 0
460,0, 120, False, 0
461,0, 120, False, 0
462,10, 130, False, 3
463,0, 130, False, 3
464,0, 130, False, 3
465,0, 130, False, 3
466,0, 130, False, 3
467,0, 130, False, 3
468,0, 130, False, 3
469,0, 130, False, 3
470,0, 130, False, 3
471,0, 130, False, 3
472,0, 130, False, 3
473,0, 130, False, 3
474,0, 130, False, 3
475,0, 130, False, 3
476,0, 130, False, 3
477,0, 130, False, 3
478,0, 130, False, 3
479,0, 130, False, 3
480,0, 130, False, 3
481,0, 130, False, 3
482,0, 130, False, 3
483,0, 130, False, 3
484,0, 130, False, 3
485,0, 130, False, 3
486,0, 130, False, 3
487,0, 130, False, 3
488,0, 130, False, 3
489,0, 130, False, 3
490,0, 130, False, 3
491,0, 130, False, 3
492,0, 130, False, 3
493,0, 130, False, 3
494,10, 140, False, 3
495,0, 140, False, 3
496,0, 140, False, 3
497,0, 140, False, 3
498,0, 140, False, 3
499,0, 140, False, 3
500,0, 140, False, 3
501,0, 140, False, 3
502,0, 140, False, 3
503,0, 140, False, 3
504,0, 140, False, 3
505,0, 140, False, 3
506,0, 140, False, 3
507,0, 140, False, 3
508,10, 150, False, 3
509,0, 150, False, 3
510,0, 150, False, 3
511,0, 150, False, 3
512,0, 150, False, 3
513,0, 150, False, 3
514,0, 150, False, 3
515,0, 150, False, 3
516,0, 150, False, 3
517,0, 150, False, 3
518,0, 150, False, 3
519,0, 150, False, 3
520,0, 150, False, 3
521,0, 150, False, 3
522,10, 160, False, 3
523,0, 160, False, 3
524,0, 160, False, 3
525,0, 160, False, 3
526,0, 160, False, 3
527,0, 160, False, 3
528,0, 160, False, 3
529,0, 160, False, 3
530,0, 160, False, 3
531,0, 160, False, 3
532,0, 160, False, 3
533,0, 160, False, 3
534,10, 170, False, 3
535,0, 170, False, 3
536,0, 170, False, 3
537,0, 170, False, 3
538,0, 170, False, 3
539,0, 170, False, 0
540,0, 170, False, 2
541,0, 170, False, 2
542,0, 170, False, 2
543,0, 170, False, 2
544,0, 170, False, 2
545,0, 170, False, 2
546,0, 170, False, 2
547,0, 170, False, 2
548,10, 180, False, 2
549,0, 180, False, 2
550,0, 180, False, 2
551,0, 180, False, 2
552,0, 180, False, 2
553,0, 180, False, 2
554,0, 180, False, 2
555,0, 180, False, 2
556,0, 180, False, 2
557,0, 180, False, 2
558,0, 180, False, 2
559,0, 180, False, 2
560,0, 180, False, 2
561,0, 180, False, 2
562,0, 180, False, 2
563,0, 180, False, 2
564,0, 180, False, 2
565,0, 180, False, 2
566,10, 190, False, 2
567,0, 190, False, 2
568,0, 190, False, 2
569,0, 190, False, 2
570,0, 190, False, 2
571,0, 190, False, 2
572,0, 190, False, 2
573,0, 190, False, 2
574,0, 190, False, 2
575,0, 190, False, 2
576,0, 190, False, 2
577,0, 190, False, 2
578,0, 190, False, 2
579,0, 190, False, 2
580,10, 200, False, 2
581,0, 200, False, 2
582,0, 200, False, 2
583,0, 200, False, 2
584,0, 200, False, 2
585,0, 200, False, 2
586,0, 200, False, 2
587,0, 200, False, 2
588,0, 200, False, 2
589,0, 200, False, 0
590,0, 200, False, 0
591,0, 200, False, 0
592,0, 200, False, 0
593,0, 200, False, 0
594,0, 200, False, 0
595,0, 200, False, 0
596,0, 200, False, 0
597,0, 200, False, 0
598,10, 210, False, 0
599,0, 210, False, 0
600,0, 210, False, 0
601,0, 210, False, 0
602,0, 210, False, 0
603,0, 210, False, 0
604,0, 210, False, 0
605,0, 210, False, 0
606,0, 210, False, 0
607,0, 210, False, 0
608,0, 210, False, 0
609,0, 210, False, 0
610,0, 210, False, 0
611,0, 210, False, 0
612,10, 220, False, 0
613,0, 220, False, 0
614,0, 220, False, 0
615,0, 220, False, 0
616,0, 220, False, 0
617,0, 220, False, 0
618,0, 220, False, 0
619,0, 220, False, 0
620,0, 220, False, 0
621,0, 220, False, 0
622,0, 220, False, 0
623,0, 220, False, 0
624,0, 220, False, 0
625,0, 220, False, 0
626,10, 230, False, 0
627,0, 230, False, 0
628,0, 230, False, 0
629,0, 230, False, 0
630,0, 230, False, 0
631,0, 230, False, 0
632,0, 230, False, 0
633,0, 230, False, 0
634,0, 230, False, 0
635,0, 230, False, 0
636,0, 230, False, 0
637,0, 230, False, 0
638,0, 230, False, 0
639,0, 230, False, 0
640,10, 240, False, 0
641,0, 240, False, 0
642,0, 240, False, 0
643,0, 240, False, 0
644,0, 240, False, 0
645,0, 240, False, 0
646,0, 240, False, 0
647,0, 240, False, 0
648,0, 240, False, 4
649,0, 240, False, 4
650,0, 240, False, 4
651,0, 240, False, 4
652,0, 240, False, 4
653,0, 240, False, 4
654,10, 250, False, 4
655,0, 250, False, 4
656,0, 250, False, 4
657,0, 250, False, 0
658,0, 250, False, 0
659,0, 250, False, 0
660,0, 250, False, 0
661,0, 250, False, 0
662,0, 250, False, 0
663,0, 250, False, 0
664,0, 250, False, 0
665,0, 250, False, 0
666,10, 260, False, 0
667,0, 260, False, 0
668,0, 260, False, 0
669,0, 260, False, 0
670,0, 260, False, 0
671,0, 260, False, 0
672,0, 260, False, 0
673,0, 260, False, 0
674,0, 260, False, 0
675,0, 260, False, 0
676,0, 260, False, 0
677,0, 260, False, 0
678,0, 260, False, 0
679,0, 260, False, 0
680,0, 260, False, 0
681,0, 260, False, 0
682,0, 260, False, 0
683,0, 260, False, 0
684,0, 260, False, 0
685,0, 260, False, 0
686,0, 260, False, 0
687,0, 260, False, 0
688,0, 260, False, 0
689,0, 260, False, 0
690,0, 260, False, 0
691,0, 260, False, 0
692,0, 260, False, 0
693,0, 260, False, 0
694,0, 260, False, 0
695,0, 260, False, 0
696,0, 260, False, 0
697,0, 260, False, 0
698,0, 260, False, 5
699,0, 260, False, 5
700,0, 260, False, 5
701,0, 260, False, 5
702,0, 260, False, 5
703,0, 260, False, 5
704,0, 260, False, 5
705,0, 260, False, 5
706,0, 260, False, 0
707,0, 260, False, 0
708,0, 260, False, 0
709,0, 260, False, 0
710,0, 260, False, 0
711,0, 260, False, 0
712,0, 260, False, 0
713,0, 260, False, 0
714,0, 260, False, 0
715,0, 260, False, 0
716,0, 260, False, 0
717,0, 260, False, 0
718,0, 260, False, 0
719,0, 260, False, 0
720,0, 260, False, 0
721,0, 260, False, 0
722,0, 260, False, 0
723,0, 260, False, 0
724,0, 260, False, 0
725,0, 260, False, 0
726,0, 260, False, 0
727,0, 260, False, 0
728,0, 260, False, 0
729,0, 260, False, 0
730,0, 260, False, 0
731,0, 260, False, 0
732,0, 260, False, 0
733,0, 260, False, 0
734,0, 260, False, 5
735,0, 260, False, 5
736,0, 260, False, 5
737,0, 260, False, 5
738,0, 260, False, 5
739,0, 260, False, 5
740,0, 260, False, 5
741,0, 260, False, 5
742,0, 260, False, 5
743,0, 260, False, 5
744,0, 260, False, 5
745,0, 260, False, 5
746,0, 260, False, 5
747,0, 260, False, 5
748,0, 260, False, 5
749,0, 260, False, 5
750,0, 260, False, 5
751,0, 260, False, 5
752,0, 260, False, 5
753,0, 260, False, 5
754,0, 260, False, 5
755,0, 260, False, 0
756,0, 260, False, 0
757,0, 260, False, 0
758,0, 260, False, 0
759,0, 260, False, 0
760,0, 260, False, 0
761,0, 260, False, 0
762,0, 260, False, 0
763,0, 260, False, 0
764,0, 260, False, 0
765,0, 260, False, 0
766,0, 260, False, 0
767,0, 260, False, 0
768,0, 260, False, 4
769,0, 260, False, 4
770,0, 260, False, 4
771,0, 260, False, 4
772,0, 260, False, 4
773,0, 260, False, 4
774,0, 260, False, 0
775,0, 260, False, 0
776,0, 260, False, 0
777,0, 260, False, 0
778,0, 260, False, 0
779,0, 260, False, 0
780,0, 260, False, 0
781,0, 260, False, 0
782,0, 260, False, 0
783,0, 260, False, 0
784,0, 260, False, 0
785,0, 260, False, 0
786,0, 260, False, 0
787,0, 260, False, 0
788,0, 260, False, 0
789,0, 260, False, 0
790,0, 260, False, 0
791,0, 260, False, 0
792,0, 260, False, 0
793,0, 260, False, 0
794,0, 260, False, 0
795,0, 260, False, 0
796,0, 260, False, 0
797,0, 260, False, 0
798,0, 260, False, 0
799,0, 260, False, 4
800,0, 260, False, 4
801,0, 260, False, 4
802,0, 260, False, 4
803,0, 260, False, 4
804,0, 260, False, 4
805,0, 260, False, 4
806,0, 260, False, 4
807,0, 260, False, 4
808,0, 260, False, 4
809,0, 260, False, 0
810,0, 260, False, 0
811,0, 260, False, 0
812,0, 260, False, 0
813,0, 260, False, 0
814,0, 260, False, 0
815,0, 260, False, 0
816,0, 260, False, 0
817,0, 260, False, 0
818,0, 260, False, 0
819,0, 260, False, 0
820,0, 260, False, 0
821,0, 260, False, 0
822,0, 260, False, 0
823,0, 260, False, 0
824,0, 260, False, 0
825,0, 260, False, 0
826,0, 260, False, 0
827,0, 260, False, 0
828,0, 260, False, 0
829,0, 260, False, 0
830,10, 270, False, 0
831,0, 270, False, 2
832,0, 270, False, 2
833,0, 270, False, 2
834,0, 270, False, 2
835,0, 270, False, 2
836,0, 270, False, 2
837,0, 270, False, 2
838,0, 270, False, 2
839,0, 270, False, 2
840,0, 270, False, 2
841,0, 270, False, 2
842,50, 320, False, 2
843,0, 320, False, 0
844,0, 320, False, 0
845,0, 320, False, 0
846,0, 320, False, 0
847,0, 320, False, 0
848,0, 320, False, 0
849,0, 320, False, 0
850,0, 320, False, 0
851,0, 320, False, 0
852,0, 320, False, 0
853,0, 320, False, 0
854,0, 320, False, 0
855,0, 320, False, 0
856,10, 330, False, 0
857,0, 330, False, 0
858,0, 330, False, 0
859,0, 330, False, 0
860,0, 330, False, 0
861,0, 330, False, 0
862,0, 330, False, 0
863,0, 330, False, 0
864,0, 330, False, 0
865,0, 330, False, 0
866,0, 330, False, 0
867,0, 330, False, 3
868,0, 330, False, 3
869,0, 330, False, 3
870,10, 340, False, 3
871,0, 340, False, 3
872,0, 340, False, 3
873,0, 340, False, 3
874,0, 340, False, 0
875,0, 340, False, 0
876,0, 340, False, 0
877,0, 340, False, 0
878,0, 340, False, 0
879,0, 340, False, 0
880,0, 340, False, 0
881,0, 340, False, 0
882,10, 350, False, 0
883,0, 350, False, 0
884,0, 350, False, 2
885,0, 350, False, 2
886,0, 350, False, 2
887,0, 350, False, 2
888,0, 350, False, 2
889,0, 350, False, 2
890,0, 350, False, 2
891,0, 350, False, 2
892,0, 350, False, 2
893,0, 350, False, 2
894,0, 350, False, 2
895,0, 350, False, 2
896,0, 350, False, 2
897,0, 350, False, 2
898,10, 360, False, 0
899,0, 360, False, 0
900,0, 360, False, 0
901,0, 360, False, 0
902,0, 360, False, 0
903,0, 360, False, 0
904,0, 360, False, 0
905,0, 360, False, 0
906,0, 360, False, 0
907,0, 360, False, 0
908,0, 360, False, 0
909,0, 360, False, 0
910,0, 360, False, 0
911,0, 360, False, 0
912,10, 370, False, 0
913,0, 370, False, 0
914,0, 370, False, 0
915,0, 370, False, 0
916,0, 370, False, 0
917,0, 370, False, 0
918,0, 370, False, 0
919,0, 370, False, 0
920,0, 370, False, 0
921,0, 370, False, 0
922,0, 370, False, 0
923,0, 370, False, 0
924,0, 370, False, 0
925,0, 370, False, 0
926,10, 380, False, 0
927,0, 380, False, 0
928,0, 380, False, 0
929,0, 380, False, 0
930,0, 380, False, 0
931,0, 380, False, 0
932,0, 380, False, 0
933,0, 380, False, 0
934,0, 380, False, 0
935,0, 380, False, 0
936,0, 380, False, 0
937,0, 380, False, 0
938,0, 380, False, 0
939,0, 380, False, 0
940,10, 390, False, 0
941,0, 390, False, 0
942,0, 390, False, 0
943,0, 390, False, 0
944,0, 390, False, 0
945,0, 390, False, 0
946,0, 390, False, 0
947,0, 390, False, 0
948,0, 390, False, 0
949,0, 390, False, 0
950,0, 390, False, 0
951,0, 390, False, 0
952,0, 390, False, 0
953,0, 390, False, 0
954,10, 400, False, 0
955,0, 400, False, 0
956,0, 400, False, 0
957,0, 400, False, 0
958,0, 400, False, 0
959,0, 400, False, 0
960,0, 400, False, 0
961,0, 400, False, 0
962,0, 400, False, 0
963,0, 400, False, 0
964,0, 400, False, 0
965,0, 400, False, 0
966,0, 400, False, 0
967,0, 400, False, 0
968,10, 410, False, 0
969,0, 410, False, 0
970,0, 410, False, 0
971,0, 410, False, 0
972,0, 410, False, 0
973,0, 410, False, 0
974,0, 410, False, 0
975,0, 410, False, 0
976,0, 410, False, 0
977,0, 410, False, 0
978,0, 410, False, 0
979,0, 410, False, 0
980,0, 410, False, 0
981,0, 410, False, 0
982,10, 420, False, 0
983,0, 420, False, 0
984,0, 420, False, 0
985,0, 420, False, 0
986,0, 420, False, 0
987,0, 420, False, 0
988,0, 420, False, 0
989,0, 420, False, 0
990,0, 420, False, 0
991,0, 420, False, 0
992,0, 420, False, 0
993,0, 420, False, 0
994,0, 420, False, 4
995,0, 420, False, 4
996,10, 430, False, 4
997,0, 430, False, 4
998,0, 430, False, 4
999,0, 430, False, 4
1000,0, 430, False, 0
1001,0, 430, False, 0
1002,0, 430, False, 0
1003,0, 430, False, 0
1004,0, 430, False, 0
1005,0, 430, False, 0
1006,0, 430, False, 0
1007,0, 430, False, 2
1008,10, 440, False, 2
1009,0, 440, False, 2
1010,0, 440, False, 2
1011,0, 440, False, 2
1012,0, 440, False, 2
1013,0, 440, False, 2
1014,0, 440, False, 2
1015,0, 440, False, 0
1016,0, 440, False, 0
1017,0, 440, False, 0
1018,0, 440, False, 0
1019,0, 440, False, 0
1020,0, 440, False, 0
1021,0, 440, False, 0
1022,0, 440, False, 0
1023,0, 440, False, 0
1024,0, 440, False, 0
1025,0, 440, False, 0
1026,0, 440, False, 0
1027,0, 440, False, 0
1028,50, 490, False, 0
1029,0, 490, False, 0
1030,0, 490, False, 0
1031,0, 490, False, 0
1032,0, 490, False, 0
1033,0, 490, False, 0
1034,0, 490, False, 3
1035,0, 490, False, 3
1036,10, 500, False, 3
1037,0, 500, False, 3
1038,0, 500, False, 3
1039,0, 500, False, 3
1040,0, 500, False, 3
1041,0, 500, False, 3
1042,0, 500, False, 3
1043,0, 500, False, 3
1044,0, 500, False, 0
1045,0, 500, False, 0
1046,10, 510, False, 0
1047,0, 510, False, 0
1048,0, 510, False, 0
1049,0, 510, False, 0
1050,0, 510, False, 0
1051,0, 510, False, 0
1052,0, 510, False, 0
1053,0, 510, False, 0
1054,0, 510, False, 0
1055,0, 510, False, 0
1056,0, 510, False, 0
1057,0, 510, False, 0
1058,10, 520, False, 0
1059,0, 520, False, 0
1060,0, 520, False, 0
1061,0, 520, False, 0
1062,0, 520, False, 0
1063,0, 520, False, 0
1064,0, 520, False, 0
1065,0, 520, False, 0
1066,0, 520, False, 0
1067,0, 520, False, 0
1068,0, 520, False, 0
1069,0, 520, False, 0
1070,0, 520, False, 0
1071,0, 520, False, 0
1072,10, 530, False, 0
1073,0, 530, False, 0
1074,0, 530, False, 0
1075,0, 530, False, 0
1076,0, 530, False, 0
1077,0, 530, False, 0
1078,0, 530, False, 0
1079,0, 530, False, 0
1080,0, 530, False, 0
1081,0, 530, False, 0
1082,0, 530, False, 0
1083,0, 530, False, 0
1084,0, 530, False, 0
1085,0, 530, False, 0
1086,0, 530, False, 0
1087,0, 530, False, 0
1088,0, 530, False, 0
1089,0, 530, False, 0
1090,0, 530, False, 0
1091,0, 530, False, 0
1092,0, 530, False, 0
1093,0, 530, False, 0
1094,0, 530, False, 5
1095,0, 530, False, 5
1096,0, 530, False, 5
1097,0, 530, False, 5
1098,0, 530, False, 5
1099,0, 530, False, 5
1100,0, 530, False, 5
1101,0, 530, False, 5
1102,10, 540, False, 5
1103,0, 540, False, 0
1104,0, 540, False, 0
1105,0, 540, False, 0
1106,0, 540, False, 0
1107,0, 540, False, 0
1108,0, 540, False, 0
1109,0, 540, False, 0
1110,0, 540, False, 0
1111,0, 540, False, 0
1112,0, 540, False, 0
1113,0, 540, False, 0
1114,0, 540, False, 0
1115,0, 540, False, 0
1116,10, 550, False, 0
1117,0, 550, False, 0
1118,0, 550, False, 0
1119,0, 550, False, 0
1120,0, 550, False, 0
1121,0, 550, False, 0
1122,0, 550, False, 0
1123,0, 550, False, 0
1124,0, 550, False, 0
1125,0, 550, False, 0
1126,0, 550, False, 0
1127,0, 550, False, 0
1128,0, 550, False, 0
1129,0, 550, False, 0
1130,10, 560, False, 0
1131,0, 560, False, 0
1132,0, 560, False, 0
1133,0, 560, False, 0
1134,0, 560, False, 0
1135,0, 560, False, 0
1136,0, 560, False, 0
1137,0, 560, False, 0
1138,0, 560, False, 0
1139,0, 560, False, 0
1140,0, 560, False, 0
1141,0, 560, False, 0
1142,0, 560, False, 0
1143,0, 560, False, 0
1144,10, 570, False, 0
1145,0, 570, False, 0
1146,0, 570, False, 0
1147,0, 570, False, 3
1148,0, 570, False, 3
1149,0, 570, False, 3
1150,0, 570, False, 3
1151,0, 570, False, 3
1152,0, 570, False, 3
1153,0, 570, False, 3
1154,0, 570, False, 3
1155,0, 570, False, 3
1156,0, 570, False, 3
1157,0, 570, False, 3
1158,10, 580, False, 3
1159,0, 580, False, 3
1160,0, 580, False, 3
1161,0, 580, False, 0
1162,0, 580, False, 0
1163,0, 580, False, 0
1164,0, 580, False, 0
1165,0, 580, False, 0
1166,0, 580, False, 0
1167,0, 580, False, 0
1168,0, 580, False, 0
1169,0, 580, False, 0
1170,0, 580, False, 0
1171,0, 580, False, 0
1172,10, 590, False, 0
1173,0, 590, False, 0
1174,0, 590, False, 0
1175,0, 590, False, 0
1176,0, 590, False, 0
1177,0, 590, False, 0
1178,0, 590, False, 0
1179,0, 590, False, 0
1180,0, 590, False, 0
1181,0, 590, False, 0
1182,0, 590, False, 0
1183,0, 590, False, 0
1184,0, 590, False, 0
1185,0, 590, False, 0
1186,10, 600, False, 0
1187,0, 600, False, 2
1188,0, 600, False, 2
1189,0, 600, False, 2
1190,0, 600, False, 2
1191,0, 600, False, 2
1192,0, 600, False, 2
1193,0, 600, False, 2
1194,0, 600, False, 2
1195,0, 600, False, 2
1196,0, 600, False, 2
1197,0, 600, False, 0
1198,0, 600, False, 0
1199,0, 600, False, 0
1200,0, 600, False, 0
1201,0, 600, False, 0
1202,10, 610, False, 0
1203,0, 610, False, 0
1204,0, 610, False, 0
1205,0, 610, False, 0
1206,0, 610, False, 0
1207,0, 610, False, 0
1208,0, 610, False, 0
1209,0, 610, False, 0
1210,0, 610, False, 0
1211,0, 610, False, 0
1212,0, 610, False, 0
1213,0, 610, False, 0
1214,0, 610, False, 0
1215,0, 610, False, 0
1216,10, 620, False, 0
1217,0, 620, False, 0
1218,0, 620, False, 0
1219,0, 620, False, 0
1220,0, 620, False, 0
1221,0, 620, False, 0
1222,0, 620, False, 0
1223,0, 620, False, 4
1224,0, 620, False, 4
1225,0, 620, False, 4
1226,0, 620, False, 4
1227,0, 620, False, 4
1228,0, 620, False, 4
1229,0, 620, False, 4
1230,0, 620, False, 0
1231,0, 620, False, 0
1232,10, 630, False, 0
1233,0, 630, False, 0
1234,0, 630, False, 0
1235,0, 630, False, 0
1236,0, 630, False, 0
1237,0, 630, False, 2
1238,0, 630, False, 2
1239,0, 630, False, 2
1240,0, 630, False, 2
1241,0, 630, False, 2
1242,0, 630, False, 2
1243,0, 630, False, 2
1244,0, 630, False, 2
1245,0, 630, False, 2
1246,10, 640, False, 0
1247,0, 640, False, 0
1248,0, 640, False, 0
1249,0, 640, False, 0
1250,0, 640, False, 0
1251,0, 640, False, 0
1252,0, 640, False, 0
1253,0, 640, False, 0
1254,0, 640, False, 0
1255,0, 640, False, 0
1256,0, 640, False, 0
1257,0, 640, False, 0
1258,0, 640, False, 0
1259,0, 640, False, 0
1260,0, 640, False, 0
1261,0, 640, False, 0
1262,0, 640, False, 0
1263,0, 640, False, 0
1264,0, 640, False, 0
1265,0, 640, False, 0
1266,0, 640, False, 0
1267,0, 640, False, 0
1268,0, 640, False, 0
1269,0, 640, False, 0
1270,10, 650, False, 0
1271,0, 650, False, 0
1272,0, 650, False, 0
1273,0, 650, False, 0
1274,0, 650, False, 0
1275,0, 650, False, 0
1276,100, 750, False, 0
1277,0, 750, False, 0
1278,0, 750, False, 0
1279,0, 750, False, 0
1280,0, 750, False, 0
1281,0, 750, False, 0
1282,0, 750, False, 0
1283,0, 750, False, 0
1284,0, 750, False, 0
1285,0, 750, False, 0
1286,0, 750, False, 0
1287,0, 750, False, 0
1288,0, 750, False, 0
1289,0, 750, False, 0
1290,0, 750, False, 0
1291,0, 750, False, 0
1292,0, 750, False, 0
1293,0, 750, False, 0
1294,0, 750, False, 0
1295,0, 750, False, 0
1296,0, 750, False, 0
1297,0, 750, False, 0
1298,0, 750, False, 0
1299,0, 750, False, 0
1300,0, 750, False, 0
1301,0, 750, False, 0
1302,0, 750, False, 0
1303,0, 750, False, 0
1304,0, 750, False, 0
1305,0, 750, False, 0
1306,0, 750, False, 0
1307,0, 750, False, 0
1308,0, 750, False, 0
1309,0, 750, False, 0
1310,0, 750, False, 0
1311,0, 750, False, 0
1312,0, 750, False, 0
1313,0, 750, False, 5
1314,0, 750, False, 5
1315,0, 750, False, 5
1316,0, 750, False, 5
1317,0, 750, False, 5
1318,0, 750, False, 5
1319,0, 750, False, 5
1320,0, 750, False, 5
1321,0, 750, False, 5
1322,0, 750, False, 5
1323,0, 750, False, 5
1324,0, 750, False, 5
1325,0, 750, False, 5
1326,0, 750, False, 5
1327,0, 750, False, 5
1328,0, 750, False, 5
1329,0, 750, False, 5
1330,0, 750, False, 0
1331,0, 750, False, 0
1332,0, 750, False, 0
1333,0, 750, False, 0
1334,0, 750, False, 0
1335,0, 750, False, 0
1336,0, 750, False, 0
1337,0, 750, False, 3
1338,0, 750, False, 3
1339,0, 750, False, 3
1340,0, 750, False, 3
1341,0, 750, False, 3
1342,0, 750, False, 3
1343,0, 750, False, 3
1344,0, 750, False, 3
1345,0, 750, False, 3
1346,0, 750, False, 0
1347,0, 750, False, 0
1348,0, 750, False, 0
1349,0, 750, False, 5
1350,0, 750, False, 5
1351,0, 750, False, 5
1352,0, 750, False, 5
1353,0, 750, False, 5
1354,0, 750, False, 5
1355,0, 750, False, 5
1356,0, 750, False, 5
1357,0, 750, False, 5
1358,0, 750, False, 5
1359,0, 750, False, 5
1360,0, 750, False, 5
1361,0, 750, False, 5
1362,0, 750, False, 5
1363,0, 750, False, 5
1364,0, 750, False, 5
1365,0, 750, False, 5
1366,0, 750, False, 5
1367,0, 750, False, 0
1368,0, 750, False, 0
1369,0, 750, False, 0
1370,0, 750, False, 0
1371,0, 750, False, 0
1372,0, 750, False, 0
1373,0, 750, False, 0
1374,0, 750, False, 0
1375,0, 750, False, 0
1376,0, 750, False, 0
1377,0, 750, False, 0
1378,200, 950, False, 0
1379,0, 950, False, 5
1380,0, 950, False, 5
1381,0, 950, False, 5
1382,0, 950, False, 5
1383,0, 950, False, 5
1384,0, 950, False, 5
1385,0, 950, False, 5
1386,0, 950, False, 5
1387,0, 950, False, 5
1388,0, 950, False, 5
1389,0, 950, False, 5
1390,0, 950, False, 5
1391,0, 950, False, 0
1392,0, 950, False, 0
1393,0, 950, False, 0
1394,0, 950, False, 0
1395,0, 950, False, 0
1396,0, 950, False, 0
1397,0, 950, False, 0
1398,0, 950, False, 0
1399,0, 950, False, 0
1400,0, 950, False, 0
1401,0, 950, False, 0
1402,0, 950, False, 0
1403,0, 950, False, 0
1404,0, 950, False, 0
1405,0, 950, False, 0
1406,0, 950, False, 0
1407,0, 950, False, 0
1408,0, 950, False, 0
1409,0, 950, False, 0
1410,0, 950, False, 0
1411,0, 950, False, 0
1412,0, 950, False, 0
1413,0, 950, False, 0
1414,0, 950, False, 0
1415,0, 950, False, 0
1416,0, 950, False, 0
1417,0, 950, False, 0
1418,0, 950, False, 0
1419,0, 950, False, 0
1420,0, 950, False, 0
1421,0, 950, False, 0
1422,0, 950, False, 0
1423,0, 950, False, 0
1424,0, 950, False, 0
1425,0, 950, False, 0
1426,0, 950, False, 0
1427,0, 950, False, 0
1428,0, 950, False, 0
1429,0, 950, False, 0
1430,10, 960, False, 0
1431,0, 960, False, 0
1432,0, 960, False, 0
1433,0, 960, False, 0
1434,0, 960, False, 0
1435,0, 960, False, 4
1436,0, 960, False, 4
1437,0, 960, False, 4
1438,0, 960, False, 4
1439,0, 960, False, 4
1440,0, 960, False, 4
1441,0, 960, False, 4
1442,0, 960, False, 4
1443,0, 960, False, 4
1444,0, 960, False, 4
1445,0, 960, False, 4
1446,0, 960, False, 0
1447,0, 960, False, 0
1448,0, 960, False, 0
1449,0, 960, False, 0
1450,0, 960, False, 0
1451,0, 960, False, 0
1452,0, 960, False, 0
1453,0, 960, False, 0
1454,0, 960, False, 0
1455,0, 960, False, 0
1456,0, 960, False, 0
1457,0, 960, False, 0
1458,0, 960, False, 0
1459,0, 960, False, 0
1460,0, 960, False, 0
1461,0, 960, False, 2
1462,0, 960, False, 2
1463,0, 960, False, 2
1464,0, 960, False, 2
1465,0, 960, False, 2
1466,0, 960, False, 2
1467,0, 960, False, 2
1468,0, 960, False, 2
1469,0, 960, False, 2
1470,0, 960, False, 2
1471,0, 960, False, 2
1472,0, 960, False, 0
1473,0, 960, False, 0
1474,0, 960, False, 0
1475,0, 960, False, 0
1476,0, 960, False, 0
1477,0, 960, False, 0
1478,0, 960, False, 0
1479,0, 960, False, 0
1480,0, 960, False, 0
1481,0, 960, False, 0
1482,0, 960, False, 0
1483,0, 960, False, 0
1484,0, 960, False, 0
1485,0, 960, False, 0
1486,0, 960, False, 0
1487,0, 960, False, 0
1488,0, 960, False, 0
1489,0, 960, False, 5
1490,0, 960, False, 5
1491,0, 960, False, 5
1492,0, 960, False, 5
1493,0, 960, False, 5
1494,0, 960, False, 5
1495,0, 960, False, 5
1496,0, 960, False, 5
1497,0, 960, False, 5
1498,0, 960, False, 5
1499,0, 960, False, 5
1500,0, 960, False, 5
1501,0, 960, False, 5
1502,0, 960, False, 5
1503,0, 960, False, 5
1504,0, 960, False, 0
1505,0, 960, False, 0
1506,0, 960, False, 0
1507,0, 960, False, 0
1508,0, 960, False, 0
1509,0, 960, False, 0
1510,0, 960, False, 0
1511,0, 960, False, 0
1512,0, 960, False, 0
1513,0, 960, False, 0
1514,0, 960, False, 5
1515,0, 960, False, 5
1516,0, 960, False, 5
1517,0, 960, False, 5
1518,0, 960, False, 5
1519,0, 960, False, 0
1520,0, 960, False, 0
1521,0, 960, False, 0
1522,0, 960, False, 0
1523,0, 960, False, 0
1524,0, 960, False, 0
1525,0, 960, False, 0
1526,0, 960, False, 0
1527,0, 960, False, 0
1528,0, 960, False, 0
1529,0, 960, False, 0
1530,0, 960, False, 0
1531,0, 960, False, 0
1532,0, 960, False, 0
1533,0, 960, False, 0
1534,0, 960, False, 0
1535,0, 960, False, 0
1536,0, 960, False, 0
1537,0, 960, False, 0
1538,0, 960, False, 0
1539,0, 960, False, 0
1540,0, 960, False, 0
1541,0, 960, False, 0
1542,0, 960, False, 0
1543,0, 960, False, 0
1544,0, 960, False, 0
1545,0, 960, False, 0
1546,0, 960, False, 0
1547,0, 960, False, 0
1548,0, 960, False, 0
1549,0, 960, False, 0
1550,0, 960, False, 0
1551,0, 960, False, 0
1552,0, 960, False, 0
1553,0, 960, False, 0
1554,0, 960, False, 0
1555,0, 960, False, 0
1556,0, 960, False, 0
1557,0, 960, False, 0
1558,0, 960, False, 0
1559,0, 960, False, 0
1560,0, 960, False, 0
1561,0, 960, False, 0
1562,0, 960, False, 0
1563,0, 960, False, 0
1564,0, 960, False, 0
1565,0, 960, False, 0
1566,0, 960, False, 0
1567,0, 960, False, 0
1568,0, 960, False, 0
1569,0, 960, False, 0
1570,0, 960, False, 0
1571,0, 960, False, 0
1572,0, 960, False, 0
1573,0, 960, False, 0
1574,0, 960, False, 0
1575,0, 960, False, 0
1576,0, 960, False, 0
1577,0, 960, False, 0
1578,0, 960, False, 0
1579,0, 960, False, 0
1580,0, 960, False, 0
1581,0, 960, False, 0
1582,0, 960, False, 0
1583,0, 960, False, 0
1584,0, 960, False, 0
1585,0, 960, False, 0
1586,0, 960, False, 0
1587,0, 960, False, 0
1588,0, 960, False, 0
1589,0, 960, False, 0
1590,0, 960, False, 0
1591,0, 960, False, 4
1592,0, 960, False, 4
1593,0, 960, False, 4
1594,0, 960, False, 4
1595,0, 960, False, 4
1596,0, 960, False, 4
1597,0, 960, False, 4
1598,0, 960, False, 0
1599,0, 960, False, 0
1600,0, 960, False, 0
1601,0, 960, False, 0
1602,0, 960, False, 0
1603,0, 960, False, 0
1604,0, 960, False, 0
1605,0, 960, False, 0
1606,0, 960, False, 0
1607,0, 960, False, 0
1608,0, 960, False, 0
1609,0, 960, False, 0
1610,0, 960, False, 0
1611,0, 960, False, 0
1612,0, 960, False, 0
1613,0, 960, False, 0
1614,0, 960, False, 1
1615,0, 960, False, 1
1616,0, 960, False, 1
1617,0, 960, False, 1
1618,0, 960, False, 1
1619,0, 960, False, 1
1620,0, 960, False, 1
1621,0, 960, False, 1
1622,0, 960, False, 1
1623,0, 960, False, 1
1624,0, 960, False, 5
1625,0, 960, False, 5
1626,0, 960, False, 5
1627,0, 960, False, 5
1628,0, 960, False, 5
1629,0, 960, False, 5
1630,0, 960, False, 5
1631,0, 960, False, 5
1632,0, 960, False, 5
1633,0, 960, False, 5
1634,0, 960, False, 0
1635,0, 960, False, 0
1636,0, 960, False, 0
1637,0, 960, False, 0
1638,0, 960, False, 0
1639,0, 960, False, 0
1640,0, 960, False, 0
1641,0, 960, False, 0
1642,0, 960, False, 2
1643,0, 960, False, 2
1644,0, 960, False, 2
1645,0, 960, False, 2
1646,0, 960, False, 2
1647,0, 960, False, 2
1648,0, 960, False, 2
1649,0, 960, False, 2
1650,0, 960, False, 2
1651,0, 960, False, 2
1652,0, 960, False, 2
1653,0, 960, False, 0
1654,0, 960, False, 0
1655,0, 960, False, 0
1656,0, 960, False, 0
1657,0, 960, False, 0
1658,0, 960, False, 0
1659,0, 960, False, 0
1660,0, 960, False, 0
1661,0, 960, False, 3
1662,0, 960, False, 3
1663,0, 960, False, 3
1664,0, 960, False, 3
1665,0, 960, False, 3
1666,0, 960, False, 3
1667,0, 960, False, 3
1668,0, 960, False, 3
1669,0, 960, False, 0
1670,0, 960, False, 0
1671,0, 960, False, 0
1672,0, 960, False, 0
1673,0, 960, False, 0
1674,0, 960, False, 0
1675,0, 960, False, 2
1676,0, 960, False, 2
1677,0, 960, False, 2
1678,10, 970, False, 2
1679,0, 970, False, 2
1680,0, 970, False, 2
1681,0, 970, False, 2
1682,0, 970, False, 0
1683,0, 970, False, 0
1684,0, 970, False, 0
1685,0, 970, False, 0
1686,0, 970, False, 0
1687,0, 970, False, 0
1688,0, 970, False, 0
1689,0, 970, False, 0
1690,0, 970, False, 0
1691,0, 970, False, 0
1692,0, 970, False, 0
1693,0, 970, False, 0
1694,0, 970, False, 0
1695,0, 970, False, 0
1696,0, 970, False, 0
1697,0, 970, False, 0
1698,0, 970, False, 0
1699,0, 970, False, 0
1700,0, 970, False, 0
1701,0, 970, False, 0
1702,0, 970, False, 0
1703,0, 970, False, 0
1704,0, 970, False, 0
1705,0, 970, False, 0
1706,0, 970, False, 0
1707,0, 970, False, 0
1708,0, 970, False, 0
1709,0, 970, False, 0
1710,0, 970, False, 0
1711,0, 970, False, 0
1712,0, 970, False, 0
1713,0, 970, False, 0
1714,0, 970, False, 0
1715,0, 970, False, 0
1716,0, 970, False, 0
1717,0, 970, False, 0
1718,0, 970, False, 0
1719,0, 970, False, 0
1720,0, 970, False, 0
1721,0, 970, False, 0
1722,0, 970, False, 0
1723,0, 970, False, 0
1724,0, 970, False, 0
1725,0, 970, False, 0
1726,0, 970, False, 0
1727,0, 970, False, 0
1728,0, 970, False, 0
1729,0, 970, False, 0
1730,0, 970, False, 0
1731,0, 970, False, 0
1732,0, 970, False, 0
1733,0, 970, False, 0
1734,0, 970, False, 0
1735,0, 970, False, 0
1736,0, 970, False, 0
1737,0, 970, False, 0
1738,0, 970, False, 0
1739,0, 970, False, 0
1740,0, 970, False, 2
1741,0, 970, False, 2
1742,0, 970, False, 2
1743,0, 970, False, 2
1744,0, 970, False, 2
1745,0, 970, False, 2
1746,0, 970, False, 2
1747,0, 970, False, 2
1748,0, 970, False, 2
1749,0, 970, False, 2
1750,0, 970, False, 2
1751,0, 970, False, 2
1752,0, 970, False, 0
1753,0, 970, False, 0
1754,0, 970, False, 0
1755,0, 970, False, 0
1756,0, 970, False, 0
1757,0, 970, False, 0
1758,0, 970, False, 0
1759,0, 970, False, 0
1760,0, 970, False, 0
1761,0, 970, False, 0
1762,0, 970, False, 0
1763,0, 970, False, 0
1764,0, 970, False, 0
1765,0, 970, False, 0
1766,0, 970, False, 0
1767,0, 970, False, 0
1768,0, 970, False, 3
1769,0, 970, False, 3
1770,0, 970, False, 3
1771,0, 970, False, 3
1772,0, 970, False, 3
1773,0, 970, False, 3
1774,0, 970, False, 3
1775,0, 970, False, 3
1776,0, 970, False, 3
1777,0, 970, False, 3
1778,0, 970, False, 3
1779,0, 970, False, 3
1780,0, 970, False, 3
1781,0, 970, False, 3
1782,0, 970, False, 3
1783,0, 970, False, 0
1784,0, 970, False, 0
1785,0, 970, False, 0
1786,0, 970, False, 0
1787,0, 970, False, 0
1788,0, 970, False, 0
1789,0, 970, False, 0
1790,0, 970, False, 0
1791,0, 970, False, 0
1792,0, 970, False, 5
1793,0, 970, False, 5
1794,0, 970, False, 5
1795,0, 970, False, 5
1796,0, 970, False, 5
1797,0, 970, False, 5
1798,0, 970, False, 5
1799,0, 970, False, 5
1800,0, 970, False, 5
1801,0, 970, False, 5
1802,0, 970, False, 5
1803,0, 970, False, 5
1804,0, 970, False, 5
1805,0, 970, False, 5
1806,0, 970, False, 5
1807,0, 970, False, 5
1808,0, 970, False, 5
1809,0, 970, False, 5
1810,0, 970, False, 5
1811,0, 970, False, 5
1812,0, 970, False, 5
1813,0, 970, False, 5
1814,0, 970, False, 5
1815,0, 970, False, 5
1816,0, 970, False, 5
1817,0, 970, False, 5
1818,0, 970, False, 5
1819,0, 970, False, 5
1820,0, 970, False, 5
1821,0, 970, False, 5
1822,0, 970, False, 5
1823,0, 970, False, 5
1824,0, 970, False, 5
1825,0, 970, False, 0
1826,0, 970, False, 0
1827,0, 970, False, 0
1828,0, 970, False, 0
1829,0, 970, False, 0
1830,0, 970, False, 0
1831,0, 970, False, 0
1832,0, 970, False, 3
1833,0, 970, False, 3
1834,0, 970, False, 3
1835,0, 970, False, 3
1836,0, 970, False, 3
1837,0, 970, False, 3
1838,0, 970, False, 3
1839,0, 970, False, 3
1840,0, 970, False, 3
1841,0, 970, False, 3
1842,0, 970, False, 3
1843,0, 970, False, 3
1844,0, 970, False, 0
1845,0, 970, False, 0
1846,0, 970, False, 0
1847,0, 970, False, 0
1848,0, 970, False, 0
1849,0, 970, False, 0
1850,0, 970, False, 0
1851,0, 970, False, 0
1852,0, 970, False, 0
1853,0, 970, False, 0
1854,0, 970, False, 0
1855,0, 970, False, 0
1856,0, 970, False, 0
1857,0, 970, False, 0
1858,0, 970, False, 0
1859,0, 970, False, 0
1860,0, 970, False, 0
1861,0, 970, False, 0
1862,0, 970, False, 0
1863,0, 970, False, 0
1864,0, 970, False, 0
1865,0, 970, False, 0
1866,0, 970, False, 0
1867,0, 970, False, 0
1868,0, 970, False, 0
1869,0, 970, False, 0
1870,0, 970, False, 0
1871,0, 970, False, 0
1872,0, 970, False, 0
1873,0, 970, False, 0
1874,0, 970, False, 0
1875,0, 970, False, 0
1876,0, 970, False, 0
1877,0, 970, False, 0
1878,0, 970, False, 0
1879,0, 970, False, 0
1880,0, 970, False, 0
1881,0, 970, False, 0
1882,0, 970, False, 0
1883,0, 970, False, 0
1884,0, 970, False, 0
1885,0, 970, False, 0
1886,0, 970, False, 0
1887,0, 970, False, 0
1888,0, 970, False, 0
1889,0, 970, False, 0
1890,0, 970, False, 0
1891,0, 970, False, 0
1892,0, 970, False, 0
1893,0, 970, False, 0
1894,0, 970, False, 0
1895,0, 970, False, 0
1896,0, 970, False, 0
1897,0, 970, False, 0
1898,0, 970, False, 0
1899,0, 970, False, 0
1900,0, 970, False, 0
1901,0, 970, False, 0
1902,0, 970, False, 0
1903,0, 970, False, 0
1904,0, 970, False, 0
1905,0, 970, False, 0
1906,0, 970, False, 0
1907,0, 970, False, 0
1908,0, 970, False, 0
1909,0, 970, False, 0
1910,0, 970, False, 0
1911,0, 970, False, 0
1912,0, 970, False, 0
1913,0, 970, False, 0
1914,0, 970, False, 0
1915,0, 970, False, 0
1916,0, 970, False, 0
1917,0, 970, False, 0
1918,0, 970, False, 0
1919,0, 970, False, 0
1920,0, 970, False, 0
1921,0, 970, False, 0
1922,0, 970, False, 0
1923,0, 970, False, 0
