db traj id : 2768
frame,reward,score,terminal, action
0,0, 0, False, 0
1,0, 0, False, 0
2,0, 0, False, 0
3,0, 0, False, 0
4,0, 0, False, 0
5,0, 0, False, 0
6,0, 0, False, 0
7,0, 0, False, 0
8,0, 0, False, 0
9,0, 0, False, 0
10,0, 0, False, 0
11,0, 0, False, 0
12,0, 0, False, 0
13,0, 0, False, 0
14,0, 0, False, 0
15,0, 0, False, 0
16,0, 0, False, 0
17,0, 0, False, 0
18,0, 0, False, 0
19,0, 0, False, 0
20,0, 0, False, 0
21,0, 0, False, 0
22,0, 0, False, 0
23,0, 0, False, 0
24,0, 0, False, 0
25,0, 0, False, 0
26,0, 0, False, 0
27,0, 0, False, 0
28,0, 0, False, 0
29,0, 0, False, 0
30,0, 0, False, 0
31,0, 0, False, 0
32,0, 0, False, 0
33,0, 0, False, 0
34,0, 0, False, 0
35,0, 0, False, 0
36,0, 0, False, 0
37,0, 0, False, 0
38,0, 0, False, 0
39,0, 0, False, 0
40,0, 0, False, 0
41,0, 0, False, 0
42,0, 0, False, 0
43,0, 0, False, 0
44,0, 0, False, 0
45,0, 0, False, 0
46,0, 0, False, 0
47,0, 0, False, 0
48,0, 0, False, 0
49,0, 0, False, 0
50,0, 0, False, 0
51,0, 0, False, 0
52,0, 0, False, 0
53,0, 0, False, 0
54,0, 0, False, 0
55,0, 0, False, 0
56,0, 0, False, 0
57,0, 0, False, 0
58,0, 0, False, 0
59,0, 0, False, 0
60,0, 0, False, 0
61,0, 0, False, 0
62,0, 0, False, 0
63,0, 0, False, 0
64,0, 0, False, 0
65,0, 0, False, 0
66,0, 0, False, 0
67,0, 0, False, 0
68,0, 0, False, 0
69,0, 0, False, 0
70,0, 0, False, 0
71,0, 0, False, 0
72,0, 0, False, 0
73,0, 0, False, 0
74,0, 0, False, 0
75,0, 0, False, 0
76,0, 0, False, 0
77,0, 0, False, 0
78,0, 0, False, 0
79,0, 0, False, 0
80,0, 0, False, 0
81,0, 0, False, 0
82,0, 0, False, 0
83,0, 0, False, 0
84,0, 0, False, 0
85,0, 0, False, 0
86,0, 0, False, 0
87,0, 0, False, 0
88,0, 0, False, 0
89,0, 0, False, 0
90,0, 0, False, 0
91,0, 0, False, 0
92,0, 0, False, 0
93,0, 0, False, 0
94,0, 0, False, 0
95,0, 0, False, 0
96,0, 0, False, 0
97,0, 0, False, 0
98,0, 0, False, 0
99,0, 0, False, 0
100,0, 0, False, 0
101,0, 0, False, 0
102,0, 0, False, 0
103,0, 0, False, 0
104,0, 0, False, 0
105,0, 0, False, 0
106,0, 0, False, 0
107,0, 0, False, 0
108,0, 0, False, 0
109,0, 0, False, 0
110,0, 0, False, 0
111,0, 0, False, 0
112,0, 0, False, 0
113,0, 0, False, 0
114,0, 0, False, 0
115,0, 0, False, 0
116,0, 0, False, 0
117,0, 0, False, 0
118,0, 0, False, 0
119,0, 0, False, 0
120,0, 0, False, 0
121,0, 0, False, 0
122,0, 0, False, 0
123,0, 0, False, 0
124,0, 0, False, 0
125,0, 0, False, 0
126,0, 0, False, 0
127,0, 0, False, 0
128,0, 0, False, 0
129,0, 0, False, 0
130,0, 0, False, 0
131,0, 0, False, 0
132,0, 0, False, 0
133,0, 0, False, 0
134,0, 0, False, 0
135,0, 0, False, 0
136,0, 0, False, 0
137,0, 0, False, 0
138,0, 0, False, 0
139,0, 0, False, 0
140,0, 0, False, 0
141,0, 0, False, 0
142,0, 0, False, 0
143,0, 0, False, 0
144,0, 0, False, 0
145,0, 0, False, 0
146,0, 0, False, 0
147,0, 0, False, 0
148,0, 0, False, 0
149,0, 0, False, 0
150,0, 0, False, 0
151,0, 0, False, 0
152,0, 0, False, 0
153,0, 0, False, 0
154,0, 0, False, 0
155,0, 0, False, 0
156,0, 0, False, 0
157,0, 0, False, 0
158,0, 0, False, 0
159,0, 0, False, 0
160,0, 0, False, 0
161,0, 0, False, 0
162,0, 0, False, 0
163,0, 0, False, 0
164,0, 0, False, 0
165,0, 0, False, 0
166,0, 0, False, 0
167,0, 0, False, 0
168,0, 0, False, 0
169,0, 0, False, 0
170,0, 0, False, 0
171,0, 0, False, 0
172,0, 0, False, 0
173,0, 0, False, 0
174,0, 0, False, 0
175,0, 0, False, 0
176,0, 0, False, 0
177,0, 0, False, 0
178,0, 0, False, 0
179,0, 0, False, 0
180,0, 0, False, 0
181,0, 0, False, 4
182,0, 0, False, 4
183,0, 0, False, 4
184,0, 0, False, 4
185,0, 0, False, 4
186,0, 0, False, 4
187,0, 0, False, 0
188,0, 0, False, 0
189,0, 0, False, 0
190,0, 0, False, 0
191,0, 0, False, 0
192,0, 0, False, 0
193,0, 0, False, 0
194,0, 0, False, 0
195,0, 0, False, 0
196,0, 0, False, 0
197,0, 0, False, 0
198,0, 0, False, 0
199,0, 0, False, 0
200,0, 0, False, 0
201,0, 0, False, 0
202,0, 0, False, 0
203,0, 0, False, 0
204,0, 0, False, 0
205,0, 0, False, 0
206,0, 0, False, 0
207,0, 0, False, 0
208,0, 0, False, 0
209,0, 0, False, 0
210,0, 0, False, 0
211,0, 0, False, 0
212,0, 0, False, 0
213,0, 0, False, 0
214,0, 0, False, 0
215,0, 0, False, 0
216,0, 0, False, 0
217,0, 0, False, 0
218,0, 0, False, 0
219,0, 0, False, 0
220,0, 0, False, 0
221,0, 0, False, 0
222,0, 0, False, 0
223,0, 0, False, 0
224,0, 0, False, 0
225,0, 0, False, 0
226,0, 0, False, 0
227,0, 0, False, 0
228,0, 0, False, 0
229,0, 0, False, 0
230,0, 0, False, 0
231,0, 0, False, 0
232,0, 0, False, 0
233,0, 0, False, 0
234,0, 0, False, 0
235,0, 0, False, 0
236,0, 0, False, 0
237,0, 0, False, 0
238,0, 0, False, 0
239,0, 0, False, 0
240,0, 0, False, 0
241,0, 0, False, 0
242,0, 0, False, 0
243,0, 0, False, 0
244,0, 0, False, 0
245,0, 0, False, 0
246,0, 0, False, 0
247,0, 0, False, 0
248,0, 0, False, 0
249,0, 0, False, 0
250,0, 0, False, 0
251,0, 0, False, 0
252,0, 0, False, 0
253,0, 0, False, 0
254,0, 0, False, 0
255,0, 0, False, 0
256,0, 0, False, 0
257,0, 0, False, 0
258,0, 0, False, 0
259,0, 0, False, 0
260,0, 0, False, 0
261,0, 0, False, 0
262,0, 0, False, 0
263,0, 0, False, 0
264,0, 0, False, 0
265,0, 0, False, 0
266,0, 0, False, 0
267,0, 0, False, 0
268,0, 0, False, 0
269,0, 0, False, 0
270,0, 0, False, 0
271,0, 0, False, 0
272,0, 0, False, 0
273,0, 0, False, 0
274,0, 0, False, 0
275,0, 0, False, 0
276,0, 0, False, 0
277,10, 10, False, 0
278,0, 10, False, 0
279,0, 10, False, 0
280,0, 10, False, 0
281,0, 10, False, 0
282,0, 10, False, 0
283,0, 10, False, 0
284,0, 10, False, 0
285,0, 10, False, 0
286,0, 10, False, 0
287,0, 10, False, 0
288,0, 10, False, 0
289,0, 10, False, 0
290,0, 10, False, 0
291,10, 20, False, 0
292,0, 20, False, 0
293,0, 20, False, 0
294,0, 20, False, 0
295,0, 20, False, 0
296,0, 20, False, 0
297,0, 20, False, 0
298,0, 20, False, 0
299,0, 20, False, 0
300,0, 20, False, 0
301,0, 20, False, 0
302,0, 20, False, 0
303,0, 20, False, 0
304,0, 20, False, 0
305,10, 30, False, 0
306,0, 30, False, 0
307,0, 30, False, 0
308,0, 30, False, 0
309,0, 30, False, 0
310,0, 30, False, 0
311,0, 30, False, 0
312,0, 30, False, 0
313,0, 30, False, 0
314,0, 30, False, 2
315,0, 30, False, 2
316,0, 30, False, 2
317,10, 40, False, 2
318,0, 40, False, 2
319,0, 40, False, 2
320,0, 40, False, 2
321,0, 40, False, 2
322,0, 40, False, 0
323,0, 40, False, 0
324,0, 40, False, 0
325,0, 40, False, 0
326,0, 40, False, 0
327,0, 40, False, 0
328,0, 40, False, 0
329,0, 40, False, 0
330,0, 40, False, 0
331,10, 50, False, 0
332,0, 50, False, 0
333,0, 50, False, 0
334,0, 50, False, 0
335,0, 50, False, 0
336,0, 50, False, 0
337,0, 50, False, 0
338,0, 50, False, 0
339,0, 50, False, 0
340,0, 50, False, 0
341,0, 50, False, 0
342,0, 50, False, 0
343,0, 50, False, 0
344,0, 50, False, 3
345,0, 50, False, 3
346,0, 50, False, 3
347,0, 50, False, 3
348,0, 50, False, 3
349,0, 50, False, 3
350,0, 50, False, 3
351,0, 50, False, 3
352,0, 50, False, 3
353,0, 50, False, 0
354,0, 50, False, 0
355,0, 50, False, 0
356,0, 50, False, 0
357,0, 50, False, 0
358,0, 50, False, 0
359,0, 50, False, 0
360,0, 50, False, 0
361,0, 50, False, 0
362,0, 50, False, 0
363,0, 50, False, 0
364,0, 50, False, 0
365,0, 50, False, 0
366,0, 50, False, 0
367,0, 50, False, 0
368,0, 50, False, 0
369,0, 50, False, 0
370,0, 50, False, 0
371,0, 50, False, 0
372,0, 50, False, 0
373,0, 50, False, 0
374,0, 50, False, 0
375,0, 50, False, 0
376,0, 50, False, 0
377,0, 50, False, 0
378,0, 50, False, 0
379,0, 50, False, 0
380,0, 50, False, 0
381,0, 50, False, 0
382,0, 50, False, 0
383,0, 50, False, 0
384,0, 50, False, 0
385,0, 50, False, 0
386,0, 50, False, 2
387,0, 50, False, 2
388,0, 50, False, 2
389,0, 50, False, 2
390,0, 50, False, 2
391,0, 50, False, 2
392,0, 50, False, 2
393,0, 50, False, 2
394,0, 50, False, 2
395,0, 50, False, 2
396,0, 50, False, 0
397,0, 50, False, 0
398,0, 50, False, 0
399,0, 50, False, 0
400,0, 50, False, 0
401,0, 50, False, 0
402,0, 50, False, 0
403,0, 50, False, 0
404,0, 50, False, 0
405,0, 50, False, 0
406,0, 50, False, 0
407,10, 60, False, 0
408,0, 60, False, 0
409,0, 60, False, 0
410,0, 60, False, 0
411,0, 60, False, 4
412,0, 60, False, 4
413,0, 60, False, 4
414,0, 60, False, 4
415,0, 60, False, 4
416,0, 60, False, 4
417,0, 60, False, 0
418,0, 60, False, 0
419,0, 60, False, 0
420,0, 60, False, 0
421,0, 60, False, 0
422,0, 60, False, 0
423,0, 60, False, 0
424,0, 60, False, 0
425,0, 60, False, 0
426,0, 60, False, 0
427,0, 60, False, 0
428,0, 60, False, 0
429,0, 60, False, 0
430,0, 60, False, 0
431,0, 60, False, 0
432,0, 60, False, 0
433,0, 60, False, 0
434,0, 60, False, 0
435,0, 60, False, 0
436,0, 60, False, 0
437,0, 60, False, 0
438,0, 60, False, 0
439,0, 60, False, 0
440,0, 60, False, 0
441,0, 60, False, 0
442,0, 60, False, 3
443,0, 60, False, 3
444,0, 60, False, 3
445,0, 60, False, 3
446,0, 60, False, 3
447,0, 60, False, 3
448,0, 60, False, 3
449,0, 60, False, 3
450,0, 60, False, 3
451,0, 60, False, 0
452,0, 60, False, 0
453,0, 60, False, 0
454,0, 60, False, 2
455,0, 60, False, 2
456,0, 60, False, 2
457,0, 60, False, 2
458,0, 60, False, 2
459,0, 60, False, 2
460,0, 60, False, 2
461,0, 60, False, 2
462,0, 60, False, 0
463,0, 60, False, 0
464,0, 60, False, 0
465,0, 60, False, 4
466,0, 60, False, 4
467,0, 60, False, 4
468,0, 60, False, 4
469,0, 60, False, 4
470,0, 60, False, 4
471,0, 60, False, 4
472,0, 60, False, 4
473,0, 60, False, 4
474,0, 60, False, 4
475,0, 60, False, 0
476,0, 60, False, 0
477,0, 60, False, 0
478,0, 60, False, 0
479,0, 60, False, 0
480,0, 60, False, 2
481,0, 60, False, 2
482,0, 60, False, 2
483,0, 60, False, 2
484,0, 60, False, 2
485,0, 60, False, 2
486,0, 60, False, 2
487,0, 60, False, 2
488,0, 60, False, 0
489,0, 60, False, 0
490,0, 60, False, 0
491,0, 60, False, 0
492,0, 60, False, 0
493,0, 60, False, 2
494,0, 60, False, 2
495,0, 60, False, 2
496,0, 60, False, 2
497,0, 60, False, 2
498,0, 60, False, 2
499,0, 60, False, 0
500,0, 60, False, 0
501,0, 60, False, 0
502,0, 60, False, 0
503,0, 60, False, 2
504,0, 60, False, 2
505,0, 60, False, 2
506,0, 60, False, 2
507,0, 60, False, 2
508,0, 60, False, 0
509,10, 70, False, 0
510,0, 70, False, 0
511,0, 70, False, 0
512,0, 70, False, 0
513,0, 70, False, 2
514,0, 70, False, 2
515,0, 70, False, 2
516,0, 70, False, 2
517,0, 70, False, 0
518,0, 70, False, 0
519,0, 70, False, 0
520,0, 70, False, 0
521,0, 70, False, 0
522,0, 70, False, 0
523,10, 80, False, 0
524,0, 80, False, 0
525,0, 80, False, 0
526,0, 80, False, 0
527,0, 80, False, 0
528,0, 80, False, 0
529,0, 80, False, 0
530,0, 80, False, 0
531,0, 80, False, 0
532,0, 80, False, 0
533,0, 80, False, 0
534,0, 80, False, 0
535,0, 80, False, 0
536,0, 80, False, 0
537,10, 90, False, 0
538,0, 90, False, 0
539,0, 90, False, 0
540,0, 90, False, 0
541,0, 90, False, 0
542,0, 90, False, 0
543,0, 90, False, 0
544,0, 90, False, 0
545,0, 90, False, 0
546,0, 90, False, 0
547,0, 90, False, 0
548,0, 90, False, 0
549,0, 90, False, 0
550,0, 90, False, 0
551,0, 90, False, 0
552,0, 90, False, 0
553,0, 90, False, 0
554,0, 90, False, 0
555,0, 90, False, 0
556,0, 90, False, 0
557,0, 90, False, 0
558,0, 90, False, 0
559,0, 90, False, 0
560,0, 90, False, 0
561,0, 90, False, 0
562,0, 90, False, 0
563,0, 90, False, 0
564,0, 90, False, 0
565,0, 90, False, 0
566,0, 90, False, 0
567,0, 90, False, 0
568,0, 90, False, 0
569,0, 90, False, 0
570,0, 90, False, 0
571,0, 90, False, 0
572,0, 90, False, 0
573,0, 90, False, 0
574,0, 90, False, 0
575,0, 90, False, 0
576,0, 90, False, 0
577,0, 90, False, 0
578,0, 90, False, 0
579,0, 90, False, 0
580,0, 90, False, 0
581,0, 90, False, 0
582,0, 90, False, 0
583,0, 90, False, 0
584,0, 90, False, 0
585,0, 90, False, 0
586,0, 90, False, 0
587,0, 90, False, 0
588,0, 90, False, 0
589,0, 90, False, 0
590,0, 90, False, 0
591,0, 90, False, 0
592,0, 90, False, 0
593,0, 90, False, 0
594,0, 90, False, 0
595,0, 90, False, 0
596,0, 90, False, 0
597,0, 90, False, 0
598,0, 90, False, 0
599,0, 90, False, 0
600,0, 90, False, 0
601,0, 90, False, 0
602,0, 90, False, 0
603,0, 90, False, 0
604,0, 90, False, 0
605,0, 90, False, 0
606,0, 90, False, 0
607,0, 90, False, 0
608,0, 90, False, 0
609,0, 90, False, 0
610,0, 90, False, 0
611,0, 90, False, 0
612,0, 90, False, 0
613,0, 90, False, 0
614,0, 90, False, 0
615,0, 90, False, 0
616,0, 90, False, 0
617,0, 90, False, 0
618,0, 90, False, 0
619,0, 90, False, 0
620,0, 90, False, 0
621,0, 90, False, 0
622,0, 90, False, 0
623,0, 90, False, 0
624,0, 90, False, 0
625,0, 90, False, 0
626,0, 90, False, 0
627,0, 90, False, 0
628,0, 90, False, 0
629,0, 90, False, 0
630,0, 90, False, 0
631,0, 90, False, 0
632,0, 90, False, 0
633,0, 90, False, 0
634,0, 90, False, 0
635,0, 90, False, 0
636,0, 90, False, 0
637,0, 90, False, 0
638,0, 90, False, 0
639,0, 90, False, 0
640,0, 90, False, 0
641,0, 90, False, 0
642,0, 90, False, 0
643,0, 90, False, 0
644,0, 90, False, 0
645,0, 90, False, 0
646,0, 90, False, 0
647,0, 90, False, 0
648,0, 90, False, 0
649,0, 90, False, 0
650,0, 90, False, 0
651,0, 90, False, 0
652,0, 90, False, 0
653,0, 90, False, 0
654,0, 90, False, 0
655,0, 90, False, 0
656,0, 90, False, 0
657,0, 90, False, 0
658,0, 90, False, 0
659,0, 90, False, 0
660,0, 90, False, 0
661,0, 90, False, 0
662,0, 90, False, 0
663,0, 90, False, 0
664,0, 90, False, 0
665,0, 90, False, 0
666,0, 90, False, 0
667,0, 90, False, 0
668,0, 90, False, 0
669,0, 90, False, 0
670,0, 90, False, 0
671,0, 90, False, 0
672,0, 90, False, 0
673,0, 90, False, 0
674,0, 90, False, 0
675,0, 90, False, 0
676,0, 90, False, 0
677,0, 90, False, 0
678,0, 90, False, 0
679,0, 90, False, 0
680,0, 90, False, 0
681,0, 90, False, 0
682,0, 90, False, 0
683,0, 90, False, 0
684,0, 90, False, 0
685,0, 90, False, 0
686,0, 90, False, 0
687,0, 90, False, 0
688,0, 90, False, 0
689,0, 90, False, 0
690,0, 90, False, 0
691,0, 90, False, 0
692,0, 90, False, 0
693,0, 90, False, 0
694,0, 90, False, 0
695,0, 90, False, 0
696,0, 90, False, 0
697,0, 90, False, 0
698,0, 90, False, 0
699,0, 90, False, 0
700,0, 90, False, 0
701,0, 90, False, 0
702,0, 90, False, 0
703,0, 90, False, 0
704,0, 90, False, 0
705,0, 90, False, 0
706,0, 90, False, 0
707,0, 90, False, 0
708,0, 90, False, 0
709,0, 90, False, 0
710,0, 90, False, 0
711,0, 90, False, 0
712,0, 90, False, 0
713,0, 90, False, 0
714,0, 90, False, 0
715,0, 90, False, 0
716,0, 90, False, 0
717,0, 90, False, 0
718,0, 90, False, 0
719,0, 90, False, 0
720,0, 90, False, 0
721,0, 90, False, 0
722,0, 90, False, 0
723,0, 90, False, 0
724,0, 90, False, 0
725,0, 90, False, 0
726,0, 90, False, 0
727,0, 90, False, 0
728,0, 90, False, 0
729,0, 90, False, 0
730,0, 90, False, 0
731,0, 90, False, 0
732,0, 90, False, 0
733,0, 90, False, 0
734,0, 90, False, 0
735,0, 90, False, 0
736,0, 90, False, 3
737,0, 90, False, 3
738,0, 90, False, 3
739,0, 90, False, 3
740,0, 90, False, 3
741,0, 90, False, 3
742,0, 90, False, 3
743,0, 90, False, 3
744,0, 90, False, 3
745,0, 90, False, 0
746,0, 90, False, 0
747,0, 90, False, 0
748,0, 90, False, 0
749,0, 90, False, 0
750,0, 90, False, 0
751,10, 100, False, 0
752,0, 100, False, 0
753,0, 100, False, 0
754,0, 100, False, 0
755,0, 100, False, 0
756,0, 100, False, 0
757,0, 100, False, 0
758,0, 100, False, 0
759,0, 100, False, 0
760,0, 100, False, 0
761,0, 100, False, 0
762,0, 100, False, 0
763,0, 100, False, 0
764,0, 100, False, 0
765,10, 110, False, 0
766,0, 110, False, 0
767,0, 110, False, 0
768,0, 110, False, 0
769,0, 110, False, 0
770,0, 110, False, 0
771,0, 110, False, 0
772,0, 110, False, 0
773,0, 110, False, 0
774,0, 110, False, 0
775,0, 110, False, 0
776,0, 110, False, 0
777,10, 120, False, 0
778,0, 120, False, 0
779,0, 120, False, 0
780,0, 120, False, 0
781,0, 120, False, 0
782,0, 120, False, 0
783,0, 120, False, 0
784,0, 120, False, 0
785,0, 120, False, 0
786,0, 120, False, 0
787,0, 120, False, 0
788,0, 120, False, 0
789,0, 120, False, 0
790,0, 120, False, 0
791,10, 130, False, 0
792,0, 130, False, 0
793,0, 130, False, 0
794,0, 130, False, 0
795,0, 130, False, 0
796,0, 130, False, 0
797,0, 130, False, 0
798,0, 130, False, 0
799,0, 130, False, 0
800,0, 130, False, 0
801,0, 130, False, 0
802,0, 130, False, 0
803,0, 130, False, 0
804,0, 130, False, 0
805,10, 140, False, 0
806,0, 140, False, 0
807,0, 140, False, 0
808,0, 140, False, 0
809,0, 140, False, 0
810,0, 140, False, 0
811,0, 140, False, 0
812,0, 140, False, 0
813,0, 140, False, 0
814,0, 140, False, 0
815,0, 140, False, 5
816,0, 140, False, 5
817,0, 140, False, 5
818,0, 140, False, 5
819,0, 140, False, 5
820,0, 140, False, 5
821,0, 140, False, 5
822,0, 140, False, 5
823,10, 150, False, 5
824,0, 150, False, 0
825,0, 150, False, 0
826,0, 150, False, 0
827,0, 150, False, 0
828,0, 150, False, 0
829,0, 150, False, 0
830,0, 150, False, 0
831,0, 150, False, 0
832,0, 150, False, 0
833,0, 150, False, 0
834,0, 150, False, 0
835,0, 150, False, 0
836,0, 150, False, 0
837,10, 160, False, 0
838,0, 160, False, 0
839,0, 160, False, 0
840,0, 160, False, 0
841,0, 160, False, 0
842,0, 160, False, 0
843,0, 160, False, 0
844,0, 160, False, 0
845,0, 160, False, 0
846,0, 160, False, 0
847,0, 160, False, 0
848,0, 160, False, 0
849,0, 160, False, 0
850,0, 160, False, 0
851,10, 170, False, 0
852,0, 170, False, 0
853,0, 170, False, 0
854,0, 170, False, 0
855,0, 170, False, 0
856,0, 170, False, 0
857,0, 170, False, 0
858,0, 170, False, 0
859,0, 170, False, 0
860,0, 170, False, 0
861,0, 170, False, 0
862,0, 170, False, 0
863,0, 170, False, 0
864,0, 170, False, 0
865,10, 180, False, 0
866,0, 180, False, 0
867,0, 180, False, 0
868,0, 180, False, 0
869,0, 180, False, 0
870,0, 180, False, 0
871,0, 180, False, 0
872,0, 180, False, 0
873,0, 180, False, 0
874,0, 180, False, 0
875,0, 180, False, 0
876,0, 180, False, 4
877,0, 180, False, 4
878,0, 180, False, 4
879,10, 190, False, 4
880,0, 190, False, 4
881,0, 190, False, 4
882,0, 190, False, 4
883,0, 190, False, 4
884,0, 190, False, 4
885,0, 190, False, 4
886,0, 190, False, 4
887,0, 190, False, 4
888,0, 190, False, 4
889,0, 190, False, 4
890,0, 190, False, 0
891,0, 190, False, 0
892,0, 190, False, 0
893,0, 190, False, 0
894,0, 190, False, 0
895,10, 200, False, 0
896,0, 200, False, 0
897,0, 200, False, 0
898,0, 200, False, 0
899,0, 200, False, 0
900,0, 200, False, 0
901,0, 200, False, 0
902,0, 200, False, 0
903,0, 200, False, 0
904,0, 200, False, 0
905,0, 200, False, 0
906,0, 200, False, 0
907,0, 200, False, 0
908,0, 200, False, 0
909,10, 210, False, 0
910,0, 210, False, 0
911,0, 210, False, 0
912,0, 210, False, 0
913,0, 210, False, 0
914,0, 210, False, 0
915,0, 210, False, 0
916,0, 210, False, 0
917,0, 210, False, 0
918,0, 210, False, 0
919,0, 210, False, 0
920,0, 210, False, 0
921,10, 220, False, 0
922,0, 220, False, 0
923,0, 220, False, 0
924,0, 220, False, 0
925,0, 220, False, 0
926,0, 220, False, 0
927,0, 220, False, 0
928,0, 220, False, 0
929,0, 220, False, 0
930,0, 220, False, 0
931,0, 220, False, 0
932,0, 220, False, 0
933,0, 220, False, 0
934,0, 220, False, 0
935,10, 230, False, 0
936,0, 230, False, 0
937,0, 230, False, 0
938,0, 230, False, 0
939,0, 230, False, 0
940,0, 230, False, 0
941,0, 230, False, 0
942,0, 230, False, 0
943,0, 230, False, 0
944,0, 230, False, 0
945,0, 230, False, 0
946,0, 230, False, 0
947,0, 230, False, 0
948,0, 230, False, 0
949,10, 240, False, 0
950,0, 240, False, 0
951,0, 240, False, 0
952,0, 240, False, 0
953,0, 240, False, 0
954,0, 240, False, 0
955,0, 240, False, 0
956,0, 240, False, 0
957,0, 240, False, 0
958,0, 240, False, 0
959,0, 240, False, 0
960,0, 240, False, 0
961,0, 240, False, 0
962,0, 240, False, 0
963,0, 240, False, 0
964,0, 240, False, 0
965,0, 240, False, 0
966,0, 240, False, 0
967,10, 250, False, 0
968,0, 250, False, 0
969,0, 250, False, 0
970,0, 250, False, 0
971,0, 250, False, 0
972,0, 250, False, 0
973,0, 250, False, 0
974,0, 250, False, 0
975,0, 250, False, 0
976,0, 250, False, 0
977,0, 250, False, 0
978,0, 250, False, 0
979,0, 250, False, 0
980,0, 250, False, 0
981,10, 260, False, 0
982,0, 260, False, 0
983,0, 260, False, 0
984,0, 260, False, 0
985,0, 260, False, 0
986,0, 260, False, 0
987,0, 260, False, 0
988,0, 260, False, 0
989,0, 260, False, 0
990,0, 260, False, 0
991,0, 260, False, 0
992,0, 260, False, 0
993,10, 270, False, 0
994,0, 270, False, 0
995,0, 270, False, 0
996,0, 270, False, 0
997,0, 270, False, 0
998,0, 270, False, 0
999,0, 270, False, 0
1000,0, 270, False, 0
1001,0, 270, False, 0
1002,0, 270, False, 0
1003,0, 270, False, 0
1004,0, 270, False, 0
1005,0, 270, False, 0
1006,0, 270, False, 0
1007,10, 280, False, 0
1008,0, 280, False, 0
1009,0, 280, False, 0
1010,0, 280, False, 0
1011,0, 280, False, 0
1012,0, 280, False, 0
1013,0, 280, False, 0
1014,0, 280, False, 0
1015,0, 280, False, 0
1016,0, 280, False, 0
1017,0, 280, False, 0
1018,0, 280, False, 0
1019,0, 280, False, 0
1020,0, 280, False, 0
1021,10, 290, False, 0
1022,0, 290, False, 0
1023,0, 290, False, 0
1024,0, 290, False, 0
1025,0, 290, False, 0
1026,0, 290, False, 0
1027,0, 290, False, 0
1028,0, 290, False, 0
1029,0, 290, False, 0
1030,0, 290, False, 0
1031,0, 290, False, 0
1032,0, 290, False, 0
1033,10, 300, False, 0
1034,0, 300, False, 0
1035,0, 300, False, 0
1036,0, 300, False, 0
1037,0, 300, False, 0
1038,0, 300, False, 0
1039,0, 300, False, 0
1040,0, 300, False, 0
1041,0, 300, False, 0
1042,0, 300, False, 0
1043,0, 300, False, 0
1044,0, 300, False, 0
1045,0, 300, False, 0
1046,0, 300, False, 0
1047,10, 310, False, 0
1048,0, 310, False, 0
1049,0, 310, False, 0
1050,0, 310, False, 0
1051,0, 310, False, 0
1052,0, 310, False, 0
1053,0, 310, False, 0
1054,0, 310, False, 0
1055,0, 310, False, 0
1056,0, 310, False, 0
1057,0, 310, False, 0
1058,0, 310, False, 0
1059,0, 310, False, 0
1060,0, 310, False, 0
1061,10, 320, False, 0
1062,0, 320, False, 0
1063,0, 320, False, 0
1064,0, 320, False, 0
1065,0, 320, False, 0
1066,0, 320, False, 0
1067,0, 320, False, 0
1068,0, 320, False, 0
1069,0, 320, False, 0
1070,0, 320, False, 0
1071,0, 320, False, 0
1072,0, 320, False, 0
1073,10, 330, False, 0
1074,0, 330, False, 0
1075,0, 330, False, 0
1076,0, 330, False, 0
1077,0, 330, False, 0
1078,0, 330, False, 0
1079,0, 330, False, 0
1080,0, 330, False, 0
1081,0, 330, False, 2
1082,0, 330, False, 2
1083,0, 330, False, 2
1084,0, 330, False, 2
1085,0, 330, False, 2
1086,0, 330, False, 2
1087,0, 330, False, 2
1088,0, 330, False, 2
1089,0, 330, False, 2
1090,0, 330, False, 2
1091,50, 380, False, 2
1092,0, 380, False, 2
1093,0, 380, False, 0
1094,0, 380, False, 0
1095,0, 380, False, 0
1096,0, 380, False, 0
1097,0, 380, False, 0
1098,0, 380, False, 0
1099,0, 380, False, 0
1100,0, 380, False, 0
1101,0, 380, False, 0
1102,0, 380, False, 0
1103,0, 380, False, 0
1104,0, 380, False, 0
1105,10, 390, False, 0
1106,0, 390, False, 0
1107,0, 390, False, 0
1108,0, 390, False, 0
1109,0, 390, False, 0
1110,0, 390, False, 0
1111,0, 390, False, 0
1112,0, 390, False, 0
1113,0, 390, False, 0
1114,0, 390, False, 0
1115,0, 390, False, 0
1116,0, 390, False, 0
1117,0, 390, False, 0
1118,0, 390, False, 0
1119,10, 400, False, 0
1120,0, 400, False, 0
1121,0, 400, False, 0
1122,0, 400, False, 0
1123,0, 400, False, 0
1124,0, 400, False, 0
1125,0, 400, False, 0
1126,0, 400, False, 3
1127,0, 400, False, 3
1128,0, 400, False, 3
1129,0, 400, False, 3
1130,0, 400, False, 3
1131,0, 400, False, 3
1132,0, 400, False, 3
1133,10, 410, False, 3
1134,0, 410, False, 3
1135,0, 410, False, 3
1136,0, 410, False, 3
1137,0, 410, False, 0
1138,0, 410, False, 0
1139,0, 410, False, 0
1140,0, 410, False, 0
1141,0, 410, False, 0
1142,0, 410, False, 0
1143,0, 410, False, 0
1144,0, 410, False, 0
1145,0, 410, False, 0
1146,0, 410, False, 0
1147,10, 420, False, 0
1148,0, 420, False, 0
1149,0, 420, False, 0
1150,0, 420, False, 0
1151,0, 420, False, 0
1152,0, 420, False, 0
1153,0, 420, False, 0
1154,0, 420, False, 0
1155,0, 420, False, 0
1156,0, 420, False, 0
1157,0, 420, False, 0
1158,0, 420, False, 0
1159,0, 420, False, 0
1160,0, 420, False, 0
1161,10, 430, False, 0
1162,0, 430, False, 5
1163,0, 430, False, 5
1164,0, 430, False, 5
1165,0, 430, False, 5
1166,0, 430, False, 5
1167,0, 430, False, 5
1168,0, 430, False, 5
1169,0, 430, False, 5
1170,0, 430, False, 5
1171,0, 430, False, 0
1172,0, 430, False, 0
1173,10, 440, False, 0
1174,0, 440, False, 0
1175,0, 440, False, 0
1176,0, 440, False, 0
1177,0, 440, False, 0
1178,0, 440, False, 0
1179,0, 440, False, 0
1180,0, 440, False, 0
1181,0, 440, False, 0
1182,0, 440, False, 0
1183,0, 440, False, 0
1184,0, 440, False, 0
1185,0, 440, False, 0
1186,0, 440, False, 0
1187,10, 450, False, 0
1188,0, 450, False, 0
1189,0, 450, False, 0
1190,0, 450, False, 0
1191,0, 450, False, 0
1192,0, 450, False, 0
1193,0, 450, False, 0
1194,0, 450, False, 0
1195,0, 450, False, 0
1196,0, 450, False, 0
1197,0, 450, False, 0
1198,0, 450, False, 0
1199,0, 450, False, 0
1200,0, 450, False, 0
1201,0, 450, False, 0
1202,0, 450, False, 0
1203,0, 450, False, 3
1204,0, 450, False, 3
1205,0, 450, False, 3
1206,0, 450, False, 3
1207,0, 450, False, 3
1208,0, 450, False, 3
1209,0, 450, False, 3
1210,0, 450, False, 3
1211,0, 450, False, 3
1212,0, 450, False, 3
1213,0, 450, False, 3
1214,0, 450, False, 0
1215,0, 450, False, 0
1216,0, 450, False, 0
1217,0, 450, False, 0
1218,0, 450, False, 0
1219,0, 450, False, 0
1220,0, 450, False, 0
1221,0, 450, False, 0
1222,0, 450, False, 0
1223,0, 450, False, 0
1224,0, 450, False, 0
1225,0, 450, False, 0
1226,0, 450, False, 0
1227,0, 450, False, 0
1228,0, 450, False, 0
1229,0, 450, False, 0
1230,0, 450, False, 0
1231,0, 450, False, 0
1232,0, 450, False, 0
1233,0, 450, False, 0
1234,0, 450, False, 0
1235,0, 450, False, 0
1236,0, 450, False, 0
1237,0, 450, False, 0
1238,0, 450, False, 0
1239,0, 450, False, 0
1240,0, 450, False, 0
1241,0, 450, False, 0
1242,0, 450, False, 0
1243,0, 450, False, 0
1244,0, 450, False, 0
1245,0, 450, False, 0
1246,0, 450, False, 0
1247,0, 450, False, 0
1248,0, 450, False, 0
1249,0, 450, False, 0
1250,0, 450, False, 0
1251,0, 450, False, 0
1252,0, 450, False, 0
1253,0, 450, False, 0
1254,0, 450, False, 0
1255,0, 450, False, 0
1256,0, 450, False, 0
1257,0, 450, False, 0
1258,0, 450, False, 0
1259,0, 450, False, 0
1260,0, 450, False, 0
1261,0, 450, False, 0
1262,0, 450, False, 0
1263,0, 450, False, 0
1264,0, 450, False, 0
1265,0, 450, False, 0
1266,0, 450, False, 0
1267,0, 450, False, 0
1268,0, 450, False, 0
1269,0, 450, False, 0
1270,0, 450, False, 0
1271,0, 450, False, 0
1272,0, 450, False, 0
1273,0, 450, False, 0
1274,0, 450, False, 0
1275,0, 450, False, 0
1276,0, 450, False, 0
1277,0, 450, False, 0
1278,0, 450, False, 0
1279,0, 450, False, 2
1280,0, 450, False, 2
1281,0, 450, False, 2
1282,0, 450, False, 2
1283,0, 450, False, 2
1284,0, 450, False, 2
1285,0, 450, False, 2
1286,0, 450, False, 2
1287,0, 450, False, 2
1288,0, 450, False, 2
1289,0, 450, False, 0
1290,0, 450, False, 0
1291,0, 450, False, 0
1292,0, 450, False, 0
1293,0, 450, False, 0
1294,0, 450, False, 0
1295,0, 450, False, 0
1296,0, 450, False, 0
1297,10, 460, False, 0
1298,0, 460, False, 0
1299,0, 460, False, 0
1300,0, 460, False, 0
1301,0, 460, False, 0
1302,0, 460, False, 0
1303,0, 460, False, 0
1304,0, 460, False, 0
1305,0, 460, False, 0
1306,0, 460, False, 0
1307,0, 460, False, 0
1308,0, 460, False, 0
1309,0, 460, False, 0
1310,0, 460, False, 0
1311,10, 470, False, 0
1312,0, 470, False, 0
1313,0, 470, False, 0
1314,0, 470, False, 0
1315,0, 470, False, 0
1316,0, 470, False, 0
1317,0, 470, False, 0
1318,0, 470, False, 0
1319,0, 470, False, 0
1320,0, 470, False, 0
1321,0, 470, False, 0
1322,0, 470, False, 0
1323,0, 470, False, 0
1324,0, 470, False, 0
1325,10, 480, False, 0
1326,0, 480, False, 0
1327,0, 480, False, 0
1328,0, 480, False, 0
1329,0, 480, False, 0
1330,0, 480, False, 0
1331,0, 480, False, 0
1332,0, 480, False, 0
1333,0, 480, False, 0
1334,0, 480, False, 0
1335,0, 480, False, 0
1336,0, 480, False, 0
1337,0, 480, False, 0
1338,0, 480, False, 0
1339,10, 490, False, 0
1340,0, 490, False, 0
1341,0, 490, False, 0
1342,0, 490, False, 0
1343,0, 490, False, 0
1344,0, 490, False, 0
1345,0, 490, False, 0
1346,0, 490, False, 3
1347,0, 490, False, 3
1348,0, 490, False, 3
1349,0, 490, False, 3
1350,0, 490, False, 3
1351,0, 490, False, 3
1352,0, 490, False, 3
1353,0, 490, False, 0
1354,0, 490, False, 0
1355,0, 490, False, 0
1356,0, 490, False, 0
1357,0, 490, False, 0
1358,0, 490, False, 0
1359,0, 490, False, 0
1360,0, 490, False, 0
1361,0, 490, False, 0
1362,0, 490, False, 2
1363,0, 490, False, 2
1364,0, 490, False, 2
1365,0, 490, False, 2
1366,0, 490, False, 2
1367,0, 490, False, 2
1368,0, 490, False, 2
1369,0, 490, False, 2
1370,0, 490, False, 0
1371,0, 490, False, 0
1372,0, 490, False, 0
1373,0, 490, False, 0
1374,0, 490, False, 0
1375,0, 490, False, 0
1376,0, 490, False, 0
1377,0, 490, False, 0
1378,0, 490, False, 0
1379,0, 490, False, 0
1380,0, 490, False, 0
1381,0, 490, False, 0
1382,0, 490, False, 0
1383,0, 490, False, 0
1384,0, 490, False, 0
1385,0, 490, False, 0
1386,0, 490, False, 0
1387,0, 490, False, 0
1388,0, 490, False, 0
1389,0, 490, False, 0
1390,0, 490, False, 0
1391,0, 490, False, 0
1392,0, 490, False, 3
1393,0, 490, False, 3
1394,0, 490, False, 3
1395,0, 490, False, 3
1396,0, 490, False, 3
1397,0, 490, False, 3
1398,0, 490, False, 3
1399,0, 490, False, 0
1400,0, 490, False, 0
1401,0, 490, False, 0
1402,0, 490, False, 0
1403,0, 490, False, 0
1404,0, 490, False, 0
1405,0, 490, False, 0
1406,0, 490, False, 0
1407,0, 490, False, 0
1408,0, 490, False, 2
1409,0, 490, False, 2
1410,0, 490, False, 2
1411,0, 490, False, 2
1412,0, 490, False, 2
1413,0, 490, False, 2
1414,0, 490, False, 2
1415,0, 490, False, 2
1416,0, 490, False, 2
1417,0, 490, False, 0
1418,0, 490, False, 0
1419,0, 490, False, 0
1420,0, 490, False, 0
1421,0, 490, False, 0
1422,0, 490, False, 0
1423,0, 490, False, 4
1424,0, 490, False, 4
1425,0, 490, False, 4
1426,0, 490, False, 4
1427,0, 490, False, 4
1428,0, 490, False, 0
1429,0, 490, False, 0
1430,0, 490, False, 0
1431,0, 490, False, 0
1432,0, 490, False, 0
1433,0, 490, False, 0
1434,0, 490, False, 0
1435,0, 490, False, 0
1436,0, 490, False, 0
1437,0, 490, False, 0
1438,0, 490, False, 0
1439,0, 490, False, 0
1440,0, 490, False, 0
1441,0, 490, False, 0
1442,0, 490, False, 0
1443,0, 490, False, 0
1444,0, 490, False, 0
1445,0, 490, False, 0
1446,0, 490, False, 0
1447,0, 490, False, 0
1448,0, 490, False, 0
1449,0, 490, False, 0
1450,0, 490, False, 0
1451,0, 490, False, 0
1452,0, 490, False, 0
1453,0, 490, False, 0
1454,0, 490, False, 3
1455,0, 490, False, 3
1456,0, 490, False, 3
1457,0, 490, False, 3
1458,0, 490, False, 3
1459,0, 490, False, 3
1460,0, 490, False, 3
1461,0, 490, False, 0
1462,0, 490, False, 0
1463,0, 490, False, 0
1464,0, 490, False, 0
1465,0, 490, False, 0
1466,0, 490, False, 0
1467,0, 490, False, 0
1468,0, 490, False, 0
1469,0, 490, False, 0
1470,0, 490, False, 0
1471,0, 490, False, 0
1472,0, 490, False, 0
1473,0, 490, False, 0
1474,0, 490, False, 0
1475,0, 490, False, 0
1476,0, 490, False, 0
1477,0, 490, False, 0
1478,0, 490, False, 0
1479,0, 490, False, 0
1480,0, 490, False, 0
1481,0, 490, False, 0
1482,0, 490, False, 0
1483,0, 490, False, 0
1484,0, 490, False, 0
1485,0, 490, False, 0
1486,0, 490, False, 0
1487,0, 490, False, 0
1488,0, 490, False, 0
1489,0, 490, False, 0
1490,0, 490, False, 0
1491,0, 490, False, 0
1492,0, 490, False, 0
1493,0, 490, False, 0
1494,0, 490, False, 0
1495,0, 490, False, 0
1496,0, 490, False, 0
1497,0, 490, False, 0
1498,0, 490, False, 0
1499,0, 490, False, 0
1500,0, 490, False, 0
1501,0, 490, False, 0
1502,0, 490, False, 0
1503,0, 490, False, 0
1504,0, 490, False, 0
1505,0, 490, False, 0
1506,0, 490, False, 0
1507,0, 490, False, 0
1508,0, 490, False, 0
1509,0, 490, False, 0
1510,0, 490, False, 0
1511,0, 490, False, 0
1512,0, 490, False, 0
1513,0, 490, False, 0
1514,0, 490, False, 0
1515,0, 490, False, 0
1516,0, 490, False, 0
1517,0, 490, False, 0
1518,0, 490, False, 0
1519,0, 490, False, 0
1520,0, 490, False, 0
1521,0, 490, False, 0
1522,0, 490, False, 0
1523,0, 490, False, 0
1524,0, 490, False, 0
1525,0, 490, False, 0
1526,0, 490, False, 0
1527,0, 490, False, 0
1528,0, 490, False, 0
1529,0, 490, False, 0
1530,0, 490, False, 0
1531,0, 490, False, 0
1532,0, 490, False, 0
1533,0, 490, False, 0
1534,0, 490, False, 0
1535,0, 490, False, 5
1536,0, 490, False, 5
1537,0, 490, False, 5
1538,0, 490, False, 5
1539,0, 490, False, 5
1540,0, 490, False, 5
1541,0, 490, False, 5
1542,0, 490, False, 5
1543,0, 490, False, 5
1544,0, 490, False, 0
1545,0, 490, False, 0
1546,0, 490, False, 0
1547,0, 490, False, 0
1548,0, 490, False, 0
1549,0, 490, False, 0
1550,0, 490, False, 0
1551,0, 490, False, 0
1552,0, 490, False, 0
1553,0, 490, False, 3
1554,0, 490, False, 3
1555,0, 490, False, 3
1556,0, 490, False, 3
1557,0, 490, False, 3
1558,0, 490, False, 3
1559,0, 490, False, 3
1560,0, 490, False, 3
1561,0, 490, False, 3
1562,0, 490, False, 0
1563,0, 490, False, 0
1564,0, 490, False, 0
1565,0, 490, False, 0
1566,0, 490, False, 0
1567,10, 500, False, 3
1568,0, 500, False, 3
1569,0, 500, False, 3
1570,0, 500, False, 3
1571,0, 500, False, 3
1572,0, 500, False, 3
1573,0, 500, False, 3
1574,0, 500, False, 3
1575,0, 500, False, 3
1576,0, 500, False, 3
1577,0, 500, False, 0
1578,0, 500, False, 0
1579,0, 500, False, 0
1580,0, 500, False, 0
1581,10, 510, False, 0
1582,0, 510, False, 0
1583,0, 510, False, 0
1584,0, 510, False, 0
1585,0, 510, False, 0
1586,0, 510, False, 0
1587,0, 510, False, 0
1588,0, 510, False, 0
1589,0, 510, False, 0
1590,0, 510, False, 0
1591,0, 510, False, 0
1592,0, 510, False, 0
1593,10, 520, False, 0
1594,0, 520, False, 0
1595,0, 520, False, 0
1596,0, 520, False, 0
1597,0, 520, False, 0
1598,0, 520, False, 0
1599,0, 520, False, 0
1600,0, 520, False, 0
1601,0, 520, False, 0
1602,0, 520, False, 0
1603,0, 520, False, 0
1604,0, 520, False, 0
1605,0, 520, False, 0
1606,0, 520, False, 0
1607,0, 520, False, 0
1608,0, 520, False, 0
1609,0, 520, False, 0
1610,0, 520, False, 0
1611,0, 520, False, 0
1612,0, 520, False, 0
1613,0, 520, False, 5
1614,0, 520, False, 5
1615,0, 520, False, 5
1616,0, 520, False, 5
1617,0, 520, False, 5
1618,0, 520, False, 5
1619,0, 520, False, 5
1620,0, 520, False, 5
1621,10, 530, False, 5
1622,0, 530, False, 5
1623,0, 530, False, 5
1624,0, 530, False, 5
1625,0, 530, False, 0
1626,0, 530, False, 0
1627,0, 530, False, 0
1628,0, 530, False, 0
1629,0, 530, False, 0
1630,0, 530, False, 0
1631,0, 530, False, 0
1632,0, 530, False, 0
1633,50, 580, False, 0
1634,0, 580, False, 0
1635,0, 580, False, 0
1636,0, 580, False, 0
1637,0, 580, False, 0
1638,0, 580, False, 0
1639,0, 580, False, 0
1640,0, 580, False, 0
1641,0, 580, False, 0
1642,0, 580, False, 0
1643,0, 580, False, 0
1644,0, 580, False, 0
1645,0, 580, False, 0
1646,0, 580, False, 0
1647,10, 590, False, 0
1648,0, 590, False, 0
1649,0, 590, False, 0
1650,0, 590, False, 0
1651,0, 590, False, 0
1652,0, 590, False, 0
1653,0, 590, False, 0
1654,0, 590, False, 0
1655,0, 590, False, 0
1656,0, 590, False, 0
1657,0, 590, False, 0
1658,0, 590, False, 0
1659,0, 590, False, 0
1660,0, 590, False, 0
1661,0, 590, False, 0
1662,0, 590, False, 0
1663,0, 590, False, 4
1664,0, 590, False, 4
1665,0, 590, False, 4
1666,0, 590, False, 4
1667,0, 590, False, 4
1668,0, 590, False, 4
1669,0, 590, False, 4
1670,0, 590, False, 4
1671,0, 590, False, 4
1672,0, 590, False, 4
1673,10, 600, False, 0
1674,0, 600, False, 0
1675,0, 600, False, 0
1676,0, 600, False, 0
1677,0, 600, False, 0
1678,0, 600, False, 0
1679,0, 600, False, 0
1680,0, 600, False, 0
1681,0, 600, False, 0
1682,0, 600, False, 0
1683,0, 600, False, 0
1684,0, 600, False, 0
1685,10, 610, False, 0
1686,0, 610, False, 0
1687,0, 610, False, 0
1688,0, 610, False, 0
1689,0, 610, False, 0
1690,0, 610, False, 0
1691,0, 610, False, 0
1692,0, 610, False, 0
1693,0, 610, False, 0
1694,0, 610, False, 0
1695,0, 610, False, 0
1696,0, 610, False, 0
1697,0, 610, False, 2
1698,0, 610, False, 2
1699,0, 610, False, 2
1700,0, 610, False, 2
1701,0, 610, False, 2
1702,0, 610, False, 2
1703,0, 610, False, 2
1704,0, 610, False, 2
1705,0, 610, False, 2
1706,0, 610, False, 0
1707,0, 610, False, 0
1708,0, 610, False, 0
1709,0, 610, False, 0
1710,0, 610, False, 2
1711,0, 610, False, 2
1712,0, 610, False, 2
1713,0, 610, False, 2
1714,0, 610, False, 2
1715,0, 610, False, 2
1716,0, 610, False, 2
1717,0, 610, False, 2
1718,0, 610, False, 2
1719,0, 610, False, 0
1720,0, 610, False, 0
1721,0, 610, False, 0
1722,0, 610, False, 0
1723,0, 610, False, 0
1724,0, 610, False, 0
1725,0, 610, False, 0
1726,0, 610, False, 0
1727,0, 610, False, 0
1728,0, 610, False, 0
1729,0, 610, False, 0
1730,0, 610, False, 0
1731,0, 610, False, 0
1732,0, 610, False, 0
1733,0, 610, False, 0
1734,0, 610, False, 0
1735,0, 610, False, 0
1736,0, 610, False, 0
1737,0, 610, False, 0
1738,0, 610, False, 0
1739,0, 610, False, 0
1740,0, 610, False, 0
1741,0, 610, False, 0
1742,0, 610, False, 0
1743,0, 610, False, 0
1744,0, 610, False, 0
1745,0, 610, False, 0
1746,0, 610, False, 0
1747,0, 610, False, 0
1748,0, 610, False, 0
1749,0, 610, False, 0
1750,0, 610, False, 0
1751,0, 610, False, 0
1752,0, 610, False, 0
1753,0, 610, False, 0
1754,0, 610, False, 0
1755,0, 610, False, 0
1756,0, 610, False, 0
1757,0, 610, False, 0
1758,0, 610, False, 0
1759,0, 610, False, 0
1760,0, 610, False, 0
1761,0, 610, False, 0
1762,0, 610, False, 0
1763,0, 610, False, 0
1764,0, 610, False, 0
1765,0, 610, False, 0
1766,0, 610, False, 0
1767,0, 610, False, 4
1768,0, 610, False, 4
1769,0, 610, False, 4
1770,0, 610, False, 4
1771,0, 610, False, 4
1772,0, 610, False, 4
1773,0, 610, False, 4
1774,0, 610, False, 4
1775,0, 610, False, 4
1776,0, 610, False, 4
1777,0, 610, False, 4
1778,0, 610, False, 4
1779,0, 610, False, 0
1780,0, 610, False, 0
1781,0, 610, False, 0
1782,0, 610, False, 0
1783,0, 610, False, 0
1784,0, 610, False, 0
1785,0, 610, False, 0
1786,0, 610, False, 0
1787,0, 610, False, 0
1788,0, 610, False, 0
1789,0, 610, False, 0
1790,0, 610, False, 0
1791,0, 610, False, 5
1792,0, 610, False, 5
1793,0, 610, False, 5
1794,0, 610, False, 5
1795,0, 610, False, 5
1796,0, 610, False, 5
1797,0, 610, False, 5
1798,0, 610, False, 5
1799,0, 610, False, 5
1800,0, 610, False, 5
1801,0, 610, False, 5
1802,0, 610, False, 0
1803,0, 610, False, 0
1804,0, 610, False, 0
1805,0, 610, False, 0
1806,0, 610, False, 5
1807,0, 610, False, 5
1808,0, 610, False, 5
1809,0, 610, False, 5
1810,0, 610, False, 5
1811,0, 610, False, 5
1812,0, 610, False, 5
1813,0, 610, False, 5
1814,0, 610, False, 5
1815,0, 610, False, 5
1816,0, 610, False, 5
1817,0, 610, False, 0
1818,0, 610, False, 0
1819,0, 610, False, 0
1820,0, 610, False, 0
1821,0, 610, False, 0
1822,0, 610, False, 0
1823,0, 610, False, 0
1824,0, 610, False, 0
1825,0, 610, False, 0
1826,0, 610, False, 0
1827,0, 610, False, 0
1828,0, 610, False, 0
1829,0, 610, False, 0
1830,0, 610, False, 0
1831,0, 610, False, 4
1832,0, 610, False, 4
1833,0, 610, False, 4
1834,0, 610, False, 4
1835,0, 610, False, 4
1836,0, 610, False, 0
1837,0, 610, False, 0
1838,0, 610, False, 0
1839,0, 610, False, 0
1840,0, 610, False, 0
1841,0, 610, False, 0
1842,0, 610, False, 0
1843,10, 620, False, 0
1844,0, 620, False, 0
1845,0, 620, False, 0
1846,0, 620, False, 0
1847,0, 620, False, 0
1848,0, 620, False, 0
1849,0, 620, False, 0
1850,0, 620, False, 0
1851,0, 620, False, 0
1852,0, 620, False, 0
1853,0, 620, False, 0
1854,0, 620, False, 0
1855,0, 620, False, 0
1856,0, 620, False, 0
1857,0, 620, False, 0
1858,0, 620, False, 0
1859,0, 620, False, 5
1860,0, 620, False, 5
1861,10, 630, False, 5
1862,0, 630, False, 5
1863,0, 630, False, 5
1864,0, 630, False, 5
1865,0, 630, False, 5
1866,0, 630, False, 5
1867,0, 630, False, 0
1868,0, 630, False, 0
1869,0, 630, False, 0
1870,0, 630, False, 0
1871,0, 630, False, 0
1872,0, 630, False, 0
1873,0, 630, False, 0
1874,0, 630, False, 4
1875,10, 640, False, 4
1876,0, 640, False, 4
1877,0, 640, False, 4
1878,0, 640, False, 4
1879,0, 640, False, 4
1880,0, 640, False, 4
1881,0, 640, False, 9
1882,0, 640, False, 9
1883,0, 640, False, 9
1884,0, 640, False, 9
1885,0, 640, False, 9
1886,0, 640, False, 9
1887,0, 640, False, 5
1888,0, 640, False, 5
1889,10, 650, False, 5
1890,0, 650, False, 5
1891,0, 650, False, 5
1892,0, 650, False, 5
1893,0, 650, False, 5
1894,0, 650, False, 0
1895,0, 650, False, 0
1896,0, 650, False, 0
1897,0, 650, False, 0
1898,0, 650, False, 0
1899,0, 650, False, 5
1900,0, 650, False, 5
1901,0, 650, False, 5
1902,0, 650, False, 5
1903,10, 660, False, 5
1904,0, 660, False, 5
1905,0, 660, False, 5
1906,0, 660, False, 0
1907,0, 660, False, 0
1908,0, 660, False, 0
1909,0, 660, False, 0
1910,0, 660, False, 0
1911,0, 660, False, 0
1912,0, 660, False, 0
1913,0, 660, False, 0
1914,0, 660, False, 4
1915,0, 660, False, 4
1916,0, 660, False, 4
1917,0, 660, False, 4
1918,0, 660, False, 4
1919,0, 660, False, 4
1920,0, 660, False, 4
1921,0, 660, False, 4
1922,0, 660, False, 4
1923,0, 660, False, 4
1924,0, 660, False, 4
1925,0, 660, False, 0
1926,0, 660, False, 0
1927,0, 660, False, 0
1928,0, 660, False, 0
1929,0, 660, False, 0
1930,0, 660, False, 0
1931,0, 660, False, 0
1932,0, 660, False, 0
1933,0, 660, False, 4
1934,0, 660, False, 4
1935,0, 660, False, 4
1936,0, 660, False, 4
1937,0, 660, False, 4
1938,0, 660, False, 4
1939,0, 660, False, 4
1940,0, 660, False, 4
1941,0, 660, False, 0
1942,0, 660, False, 0
1943,0, 660, False, 0
1944,0, 660, False, 0
1945,0, 660, False, 0
1946,0, 660, False, 0
1947,0, 660, False, 0
1948,0, 660, False, 0
1949,0, 660, False, 0
1950,0, 660, False, 0
1951,0, 660, False, 0
1952,0, 660, False, 0
1953,0, 660, False, 0
1954,0, 660, False, 0
1955,0, 660, False, 0
1956,0, 660, False, 0
1957,0, 660, False, 0
1958,0, 660, False, 0
1959,0, 660, False, 0
1960,0, 660, False, 0
1961,0, 660, False, 0
1962,0, 660, False, 0
1963,0, 660, False, 0
1964,0, 660, False, 0
1965,0, 660, False, 0
1966,0, 660, False, 0
1967,0, 660, False, 0
1968,0, 660, False, 0
1969,0, 660, False, 0
1970,0, 660, False, 0
1971,0, 660, False, 0
1972,0, 660, False, 0
1973,0, 660, False, 0
1974,0, 660, False, 0
1975,0, 660, False, 0
1976,0, 660, False, 0
1977,0, 660, False, 0
1978,0, 660, False, 0
1979,0, 660, False, 0
1980,0, 660, False, 0
1981,0, 660, False, 0
1982,0, 660, False, 0
1983,0, 660, False, 0
1984,0, 660, False, 0
1985,0, 660, False, 0
1986,0, 660, False, 0
1987,0, 660, False, 0
1988,0, 660, False, 0
1989,0, 660, False, 0
1990,0, 660, False, 0
1991,0, 660, False, 0
1992,0, 660, False, 0
1993,0, 660, False, 0
1994,0, 660, False, 0
1995,0, 660, False, 0
1996,0, 660, False, 0
1997,0, 660, False, 0
1998,0, 660, False, 0
1999,0, 660, False, 0
2000,0, 660, False, 0
2001,0, 660, False, 0
2002,0, 660, False, 0
2003,0, 660, False, 2
2004,0, 660, False, 2
2005,0, 660, False, 2
2006,0, 660, False, 2
2007,0, 660, False, 2
2008,0, 660, False, 2
2009,0, 660, False, 2
2010,0, 660, False, 2
2011,0, 660, False, 2
2012,0, 660, False, 2
2013,0, 660, False, 2
2014,0, 660, False, 0
2015,0, 660, False, 0
2016,0, 660, False, 0
2017,0, 660, False, 0
2018,0, 660, False, 2
2019,0, 660, False, 2
2020,0, 660, False, 2
2021,0, 660, False, 2
2022,0, 660, False, 2
2023,0, 660, False, 2
2024,0, 660, False, 2
2025,0, 660, False, 2
2026,0, 660, False, 2
2027,0, 660, False, 2
2028,0, 660, False, 2
2029,0, 660, False, 2
2030,0, 660, False, 2
2031,0, 660, False, 2
2032,0, 660, False, 0
2033,0, 660, False, 0
2034,0, 660, False, 0
2035,0, 660, False, 0
2036,0, 660, False, 0
2037,0, 660, False, 0
2038,0, 660, False, 3
2039,0, 660, False, 3
2040,0, 660, False, 3
2041,0, 660, False, 3
2042,0, 660, False, 3
2043,0, 660, False, 3
2044,0, 660, False, 3
2045,0, 660, False, 0
2046,0, 660, False, 0
2047,0, 660, False, 0
2048,0, 660, False, 0
2049,0, 660, False, 0
2050,0, 660, False, 2
2051,0, 660, False, 2
2052,0, 660, False, 2
2053,0, 660, False, 2
2054,0, 660, False, 2
2055,0, 660, False, 2
2056,0, 660, False, 2
2057,0, 660, False, 2
2058,0, 660, False, 2
2059,0, 660, False, 2
2060,0, 660, False, 2
2061,10, 670, False, 2
2062,0, 670, False, 2
2063,0, 670, False, 7
2064,0, 670, False, 7
2065,0, 670, False, 7
2066,0, 670, False, 7
2067,0, 670, False, 4
2068,0, 670, False, 0
2069,0, 670, False, 0
2070,0, 670, False, 0
2071,0, 670, False, 0
2072,0, 670, False, 0
2073,0, 670, False, 0
2074,0, 670, False, 0
2075,10, 680, False, 0
2076,0, 680, False, 0
2077,0, 680, False, 0
2078,0, 680, False, 0
2079,0, 680, False, 0
2080,0, 680, False, 0
2081,0, 680, False, 0
2082,0, 680, False, 0
2083,0, 680, False, 0
2084,0, 680, False, 0
2085,0, 680, False, 0
2086,0, 680, False, 0
2087,0, 680, False, 0
2088,0, 680, False, 0
2089,10, 690, False, 0
2090,0, 690, False, 0
2091,0, 690, False, 0
2092,0, 690, False, 0
2093,0, 690, False, 0
2094,0, 690, False, 0
2095,0, 690, False, 0
2096,0, 690, False, 0
2097,0, 690, False, 0
2098,0, 690, False, 0
2099,0, 690, False, 0
2100,0, 690, False, 0
2101,0, 690, False, 0
2102,0, 690, False, 0
2103,10, 700, False, 0
2104,0, 700, False, 0
2105,0, 700, False, 0
2106,0, 700, False, 0
2107,0, 700, False, 0
2108,0, 700, False, 0
2109,0, 700, False, 0
2110,0, 700, False, 0
2111,0, 700, False, 0
2112,0, 700, False, 0
2113,0, 700, False, 0
2114,0, 700, False, 0
2115,0, 700, False, 0
2116,0, 700, False, 0
2117,10, 710, False, 0
2118,0, 710, False, 0
2119,0, 710, False, 0
2120,0, 710, False, 0
2121,0, 710, False, 0
2122,0, 710, False, 0
2123,0, 710, False, 0
2124,0, 710, False, 0
2125,0, 710, False, 0
2126,0, 710, False, 0
2127,0, 710, False, 0
2128,0, 710, False, 0
2129,0, 710, False, 0
2130,0, 710, False, 0
2131,10, 720, False, 0
2132,0, 720, False, 0
2133,0, 720, False, 0
2134,0, 720, False, 0
2135,0, 720, False, 0
2136,0, 720, False, 0
2137,0, 720, False, 0
2138,0, 720, False, 0
2139,0, 720, False, 0
2140,0, 720, False, 0
2141,0, 720, False, 0
2142,0, 720, False, 0
2143,0, 720, False, 0
2144,0, 720, False, 0
2145,10, 730, False, 0
2146,0, 730, False, 0
2147,0, 730, False, 0
2148,0, 730, False, 0
2149,0, 730, False, 0
2150,0, 730, False, 0
2151,0, 730, False, 0
2152,0, 730, False, 0
2153,0, 730, False, 0
2154,0, 730, False, 0
2155,0, 730, False, 0
2156,0, 730, False, 0
2157,0, 730, False, 0
2158,0, 730, False, 0
2159,10, 740, False, 0
2160,0, 740, False, 4
2161,0, 740, False, 4
2162,0, 740, False, 4
2163,0, 740, False, 4
2164,0, 740, False, 4
2165,0, 740, False, 4
2166,0, 740, False, 4
2167,0, 740, False, 4
2168,0, 740, False, 4
2169,0, 740, False, 0
2170,0, 740, False, 0
2171,10, 750, False, 0
2172,0, 750, False, 0
2173,0, 750, False, 0
2174,0, 750, False, 0
2175,0, 750, False, 0
2176,0, 750, False, 0
2177,0, 750, False, 0
2178,0, 750, False, 0
2179,0, 750, False, 0
2180,0, 750, False, 0
2181,0, 750, False, 0
2182,0, 750, False, 2
2183,0, 750, False, 2
2184,0, 750, False, 2
2185,0, 750, False, 2
2186,0, 750, False, 2
2187,0, 750, False, 2
2188,0, 750, False, 2
2189,0, 750, False, 2
2190,0, 750, False, 2
2191,0, 750, False, 0
2192,0, 750, False, 0
2193,0, 750, False, 0
2194,0, 750, False, 0
2195,50, 800, False, 0
2196,0, 800, False, 0
2197,0, 800, False, 0
2198,0, 800, False, 0
2199,0, 800, False, 0
2200,0, 800, False, 0
2201,0, 800, False, 0
2202,0, 800, False, 0
2203,0, 800, False, 0
2204,0, 800, False, 0
2205,10, 810, False, 0
2206,0, 810, False, 0
2207,0, 810, False, 0
2208,0, 810, False, 0
2209,0, 810, False, 0
2210,0, 810, False, 0
2211,0, 810, False, 0
2212,0, 810, False, 0
2213,0, 810, False, 0
2214,0, 810, False, 0
2215,0, 810, False, 0
2216,0, 810, False, 0
2217,0, 810, False, 0
2218,0, 810, False, 0
2219,0, 810, False, 0
2220,0, 810, False, 0
2221,0, 810, False, 0
2222,0, 810, False, 0
2223,0, 810, False, 0
2224,0, 810, False, 0
2225,0, 810, False, 0
2226,0, 810, False, 0
2227,0, 810, False, 3
2228,0, 810, False, 3
2229,0, 810, False, 3
2230,0, 810, False, 3
2231,0, 810, False, 3
2232,0, 810, False, 3
2233,0, 810, False, 3
2234,0, 810, False, 3
2235,10, 820, False, 3
2236,0, 820, False, 3
2237,0, 820, False, 3
2238,0, 820, False, 3
2239,0, 820, False, 3
2240,0, 820, False, 0
2241,0, 820, False, 0
2242,0, 820, False, 0
2243,0, 820, False, 0
2244,0, 820, False, 0
2245,0, 820, False, 0
2246,0, 820, False, 0
2247,0, 820, False, 0
2248,0, 820, False, 0
2249,10, 830, False, 0
2250,0, 830, False, 0
2251,0, 830, False, 0
2252,0, 830, False, 0
2253,0, 830, False, 0
2254,0, 830, False, 0
2255,0, 830, False, 0
2256,0, 830, False, 0
2257,0, 830, False, 0
2258,0, 830, False, 0
2259,0, 830, False, 0
2260,0, 830, False, 0
2261,10, 840, False, 0
2262,0, 840, False, 0
2263,0, 840, False, 0
2264,0, 840, False, 0
2265,0, 840, False, 0
2266,0, 840, False, 0
2267,0, 840, False, 0
2268,0, 840, False, 0
2269,0, 840, False, 0
2270,0, 840, False, 0
2271,0, 840, False, 0
2272,0, 840, False, 0
2273,0, 840, False, 0
2274,0, 840, False, 0
2275,0, 840, False, 0
2276,0, 840, False, 0
2277,0, 840, False, 0
2278,0, 840, False, 0
2279,0, 840, False, 5
2280,0, 840, False, 5
2281,0, 840, False, 5
2282,0, 840, False, 5
2283,0, 840, False, 5
2284,0, 840, False, 5
2285,0, 840, False, 5
2286,0, 840, False, 5
2287,10, 850, False, 5
2288,0, 850, False, 5
2289,0, 850, False, 0
2290,0, 850, False, 0
2291,0, 850, False, 0
2292,0, 850, False, 0
2293,0, 850, False, 0
2294,0, 850, False, 0
2295,0, 850, False, 0
2296,0, 850, False, 0
2297,0, 850, False, 0
2298,0, 850, False, 0
2299,0, 850, False, 0
2300,0, 850, False, 0
2301,10, 860, False, 0
2302,0, 860, False, 0
2303,0, 860, False, 0
2304,0, 860, False, 0
2305,0, 860, False, 0
2306,0, 860, False, 0
2307,0, 860, False, 0
2308,0, 860, False, 0
2309,0, 860, False, 0
2310,0, 860, False, 0
2311,0, 860, False, 0
2312,0, 860, False, 0
2313,0, 860, False, 0
2314,0, 860, False, 0
2315,10, 870, False, 0
2316,0, 870, False, 0
2317,0, 870, False, 0
2318,0, 870, False, 0
2319,0, 870, False, 0
2320,0, 870, False, 0
2321,0, 870, False, 0
2322,0, 870, False, 0
2323,0, 870, False, 0
2324,0, 870, False, 0
2325,0, 870, False, 0
2326,0, 870, False, 0
2327,0, 870, False, 0
2328,0, 870, False, 0
2329,10, 880, False, 0
2330,0, 880, False, 0
2331,0, 880, False, 0
2332,0, 880, False, 0
2333,0, 880, False, 0
2334,0, 880, False, 0
2335,0, 880, False, 0
2336,0, 880, False, 0
2337,0, 880, False, 0
2338,0, 880, False, 0
2339,0, 880, False, 0
2340,0, 880, False, 0
2341,0, 880, False, 0
2342,0, 880, False, 0
2343,0, 880, False, 0
2344,0, 880, False, 0
2345,0, 880, False, 0
2346,0, 880, False, 0
2347,0, 880, False, 0
2348,0, 880, False, 0
2349,0, 880, False, 0
2350,0, 880, False, 0
2351,0, 880, False, 0
2352,0, 880, False, 0
2353,0, 880, False, 0
2354,0, 880, False, 0
2355,0, 880, False, 0
2356,0, 880, False, 0
2357,0, 880, False, 0
2358,0, 880, False, 0
2359,0, 880, False, 0
2360,0, 880, False, 0
2361,0, 880, False, 0
2362,0, 880, False, 0
2363,0, 880, False, 0
2364,0, 880, False, 0
2365,0, 880, False, 0
2366,0, 880, False, 0
2367,0, 880, False, 0
2368,0, 880, False, 4
2369,0, 880, False, 4
2370,0, 880, False, 4
2371,0, 880, False, 4
2372,0, 880, False, 4
2373,0, 880, False, 4
2374,0, 880, False, 0
2375,0, 880, False, 0
2376,0, 880, False, 0
2377,0, 880, False, 0
2378,0, 880, False, 0
2379,0, 880, False, 0
2380,0, 880, False, 0
2381,0, 880, False, 0
2382,0, 880, False, 0
2383,0, 880, False, 0
2384,0, 880, False, 0
2385,0, 880, False, 0
2386,0, 880, False, 0
2387,0, 880, False, 0
2388,0, 880, False, 0
2389,0, 880, False, 0
2390,0, 880, False, 0
2391,0, 880, False, 0
2392,0, 880, False, 0
2393,0, 880, False, 0
2394,0, 880, False, 0
2395,0, 880, False, 0
2396,0, 880, False, 0
2397,0, 880, False, 0
2398,0, 880, False, 0
2399,0, 880, False, 0
2400,0, 880, False, 0
2401,0, 880, False, 0
2402,0, 880, False, 0
2403,0, 880, False, 0
2404,0, 880, False, 0
2405,0, 880, False, 0
2406,0, 880, False, 0
2407,0, 880, False, 0
2408,0, 880, False, 0
2409,0, 880, False, 0
2410,0, 880, False, 0
2411,0, 880, False, 0
2412,0, 880, False, 0
2413,0, 880, False, 0
2414,0, 880, False, 0
2415,0, 880, False, 0
2416,0, 880, False, 0
2417,0, 880, False, 0
2418,0, 880, False, 0
2419,0, 880, False, 0
2420,0, 880, False, 2
2421,0, 880, False, 2
2422,0, 880, False, 2
2423,0, 880, False, 2
2424,0, 880, False, 2
2425,0, 880, False, 2
2426,0, 880, False, 2
2427,0, 880, False, 2
2428,0, 880, False, 2
2429,0, 880, False, 2
2430,0, 880, False, 2
2431,0, 880, False, 2
2432,0, 880, False, 0
2433,0, 880, False, 0
2434,0, 880, False, 0
2435,0, 880, False, 0
2436,0, 880, False, 0
2437,0, 880, False, 0
2438,0, 880, False, 0
2439,0, 880, False, 0
2440,0, 880, False, 0
2441,0, 880, False, 0
2442,0, 880, False, 0
2443,0, 880, False, 0
2444,0, 880, False, 0
2445,0, 880, False, 0
2446,0, 880, False, 0
2447,0, 880, False, 0
2448,0, 880, False, 0
2449,0, 880, False, 0
2450,0, 880, False, 0
2451,0, 880, False, 0
2452,0, 880, False, 0
2453,0, 880, False, 0
2454,0, 880, False, 0
2455,0, 880, False, 0
2456,0, 880, False, 0
2457,0, 880, False, 0
2458,0, 880, False, 0
2459,0, 880, False, 0
2460,0, 880, False, 0
2461,0, 880, False, 0
2462,0, 880, False, 0
2463,0, 880, False, 0
2464,0, 880, False, 0
2465,0, 880, False, 0
2466,0, 880, False, 0
2467,0, 880, False, 0
2468,0, 880, False, 4
2469,0, 880, False, 4
2470,0, 880, False, 4
2471,0, 880, False, 4
2472,0, 880, False, 4
2473,0, 880, False, 4
2474,0, 880, False, 4
2475,0, 880, False, 4
2476,0, 880, False, 4
2477,0, 880, False, 4
2478,0, 880, False, 4
2479,0, 880, False, 4
2480,0, 880, False, 4
2481,0, 880, False, 4
2482,0, 880, False, 4
2483,0, 880, False, 4
2484,0, 880, False, 4
2485,0, 880, False, 4
2486,0, 880, False, 4
2487,0, 880, False, 4
2488,0, 880, False, 4
2489,0, 880, False, 4
2490,0, 880, False, 0
2491,0, 880, False, 0
2492,0, 880, False, 0
2493,0, 880, False, 0
2494,0, 880, False, 0
2495,0, 880, False, 0
2496,0, 880, False, 0
2497,0, 880, False, 0
2498,0, 880, False, 0
2499,0, 880, False, 0
2500,0, 880, False, 0
2501,0, 880, False, 0
2502,0, 880, False, 0
2503,0, 880, False, 0
2504,0, 880, False, 0
2505,0, 880, False, 0
2506,0, 880, False, 0
2507,0, 880, False, 5
2508,0, 880, False, 5
2509,0, 880, False, 5
2510,0, 880, False, 5
2511,0, 880, False, 5
2512,0, 880, False, 5
2513,0, 880, False, 5
2514,0, 880, False, 5
2515,0, 880, False, 5
2516,0, 880, False, 5
2517,0, 880, False, 5
2518,0, 880, False, 5
2519,0, 880, False, 5
2520,0, 880, False, 0
2521,0, 880, False, 0
2522,0, 880, False, 0
2523,0, 880, False, 0
2524,0, 880, False, 0
2525,0, 880, False, 0
2526,0, 880, False, 0
2527,0, 880, False, 0
2528,0, 880, False, 0
2529,0, 880, False, 0
2530,0, 880, False, 0
2531,0, 880, False, 0
2532,0, 880, False, 0
2533,0, 880, False, 0
2534,0, 880, False, 3
2535,0, 880, False, 3
2536,0, 880, False, 3
2537,0, 880, False, 3
2538,0, 880, False, 3
2539,0, 880, False, 3
2540,0, 880, False, 0
2541,0, 880, False, 0
2542,0, 880, False, 0
2543,0, 880, False, 0
2544,0, 880, False, 0
2545,200, 1080, False, 0
2546,0, 1080, False, 0
2547,0, 1080, False, 0
2548,0, 1080, False, 0
2549,0, 1080, False, 0
2550,0, 1080, False, 0
2551,0, 1080, False, 0
2552,0, 1080, False, 0
2553,0, 1080, False, 0
2554,0, 1080, False, 0
2555,0, 1080, False, 0
2556,0, 1080, False, 0
2557,0, 1080, False, 0
2558,0, 1080, False, 0
2559,0, 1080, False, 0
2560,0, 1080, False, 0
2561,0, 1080, False, 0
2562,0, 1080, False, 0
2563,0, 1080, False, 0
2564,0, 1080, False, 0
2565,0, 1080, False, 0
2566,0, 1080, False, 0
2567,0, 1080, False, 0
2568,0, 1080, False, 0
2569,0, 1080, False, 0
2570,0, 1080, False, 0
2571,0, 1080, False, 0
2572,0, 1080, False, 0
2573,10, 1090, False, 0
2574,0, 1090, False, 0
2575,0, 1090, False, 0
2576,0, 1090, False, 0
2577,0, 1090, False, 0
2578,0, 1090, False, 0
2579,0, 1090, False, 0
2580,0, 1090, False, 0
2581,0, 1090, False, 0
2582,0, 1090, False, 0
2583,0, 1090, False, 0
2584,0, 1090, False, 0
2585,0, 1090, False, 0
2586,0, 1090, False, 0
2587,0, 1090, False, 0
2588,0, 1090, False, 0
2589,0, 1090, False, 0
2590,0, 1090, False, 0
2591,0, 1090, False, 0
2592,0, 1090, False, 0
2593,0, 1090, False, 0
2594,0, 1090, False, 0
2595,0, 1090, False, 0
2596,0, 1090, False, 0
2597,10, 1100, False, 0
2598,0, 1100, False, 0
2599,0, 1100, False, 0
2600,0, 1100, False, 0
2601,0, 1100, False, 4
2602,0, 1100, False, 4
2603,0, 1100, False, 4
2604,0, 1100, False, 4
2605,0, 1100, False, 4
2606,0, 1100, False, 4
2607,0, 1100, False, 4
2608,0, 1100, False, 4
2609,0, 1100, False, 4
2610,0, 1100, False, 4
2611,0, 1100, False, 4
2612,0, 1100, False, 4
2613,0, 1100, False, 4
2614,0, 1100, False, 4
2615,0, 1100, False, 4
2616,0, 1100, False, 4
2617,0, 1100, False, 4
2618,0, 1100, False, 4
2619,0, 1100, False, 4
2620,0, 1100, False, 0
2621,0, 1100, False, 0
2622,0, 1100, False, 0
2623,0, 1100, False, 0
2624,0, 1100, False, 0
2625,0, 1100, False, 0
2626,0, 1100, False, 0
2627,0, 1100, False, 0
2628,0, 1100, False, 0
2629,0, 1100, False, 0
2630,0, 1100, False, 0
2631,0, 1100, False, 0
2632,0, 1100, False, 0
2633,0, 1100, False, 0
2634,0, 1100, False, 5
2635,0, 1100, False, 5
2636,0, 1100, False, 5
2637,0, 1100, False, 5
2638,0, 1100, False, 5
2639,0, 1100, False, 5
2640,0, 1100, False, 5
2641,0, 1100, False, 5
2642,0, 1100, False, 5
2643,0, 1100, False, 3
2644,0, 1100, False, 3
2645,0, 1100, False, 3
2646,0, 1100, False, 3
2647,0, 1100, False, 3
2648,0, 1100, False, 3
2649,0, 1100, False, 3
2650,0, 1100, False, 3
2651,0, 1100, False, 3
2652,0, 1100, False, 0
2653,0, 1100, False, 0
2654,0, 1100, False, 0
2655,0, 1100, False, 0
2656,0, 1100, False, 0
2657,0, 1100, False, 0
2658,0, 1100, False, 0
2659,0, 1100, False, 0
2660,0, 1100, False, 0
2661,0, 1100, False, 0
2662,0, 1100, False, 0
2663,0, 1100, False, 0
2664,0, 1100, False, 0
2665,0, 1100, False, 0
2666,0, 1100, False, 0
2667,0, 1100, False, 0
2668,0, 1100, False, 0
2669,0, 1100, False, 0
2670,0, 1100, False, 0
2671,0, 1100, False, 0
2672,0, 1100, False, 0
2673,0, 1100, False, 0
2674,0, 1100, False, 0
2675,0, 1100, False, 0
2676,0, 1100, False, 0
2677,0, 1100, False, 0
2678,0, 1100, False, 0
2679,0, 1100, False, 0
2680,0, 1100, False, 0
2681,0, 1100, False, 0
2682,0, 1100, False, 0
2683,0, 1100, False, 0
2684,0, 1100, False, 0
2685,0, 1100, False, 0
2686,0, 1100, False, 0
2687,0, 1100, False, 0
2688,0, 1100, False, 0
2689,0, 1100, False, 0
2690,0, 1100, False, 4
2691,0, 1100, False, 4
2692,0, 1100, False, 4
2693,0, 1100, False, 4
2694,0, 1100, False, 4
2695,0, 1100, False, 4
2696,0, 1100, False, 4
2697,0, 1100, False, 4
2698,0, 1100, False, 0
2699,0, 1100, False, 0
2700,0, 1100, False, 0
2701,0, 1100, False, 0
2702,0, 1100, False, 0
2703,0, 1100, False, 0
2704,0, 1100, False, 0
2705,0, 1100, False, 4
2706,0, 1100, False, 4
2707,0, 1100, False, 4
2708,0, 1100, False, 4
2709,0, 1100, False, 4
2710,0, 1100, False, 4
2711,0, 1100, False, 4
2712,0, 1100, False, 4
2713,0, 1100, False, 4
2714,0, 1100, False, 0
2715,0, 1100, False, 0
2716,0, 1100, False, 0
2717,10, 1110, False, 0
2718,0, 1110, False, 4
2719,0, 1110, False, 4
2720,0, 1110, False, 4
2721,0, 1110, False, 4
2722,0, 1110, False, 4
2723,0, 1110, False, 4
2724,0, 1110, False, 4
2725,0, 1110, False, 0
2726,0, 1110, False, 0
2727,0, 1110, False, 0
2728,0, 1110, False, 0
2729,0, 1110, False, 0
2730,0, 1110, False, 0
2731,0, 1110, False, 4
2732,0, 1110, False, 4
2733,0, 1110, False, 0
2734,0, 1110, False, 0
2735,0, 1110, False, 0
2736,0, 1110, False, 0
2737,0, 1110, False, 0
2738,0, 1110, False, 0
2739,0, 1110, False, 0
2740,0, 1110, False, 0
2741,0, 1110, False, 0
2742,0, 1110, False, 0
2743,0, 1110, False, 0
2744,0, 1110, False, 0
2745,10, 1120, False, 0
2746,0, 1120, False, 0
2747,0, 1120, False, 0
2748,0, 1120, False, 0
2749,0, 1120, False, 0
2750,0, 1120, False, 0
2751,0, 1120, False, 0
2752,0, 1120, False, 0
2753,0, 1120, False, 0
2754,0, 1120, False, 0
2755,0, 1120, False, 0
2756,0, 1120, False, 0
2757,0, 1120, False, 0
2758,0, 1120, False, 0
2759,10, 1130, False, 0
2760,0, 1130, False, 0
2761,0, 1130, False, 0
2762,0, 1130, False, 0
2763,0, 1130, False, 0
2764,0, 1130, False, 0
2765,0, 1130, False, 0
2766,0, 1130, False, 0
2767,0, 1130, False, 0
2768,0, 1130, False, 6
2769,0, 1130, False, 6
2770,0, 1130, False, 2
2771,0, 1130, False, 2
2772,0, 1130, False, 2
2773,0, 1130, False, 2
2774,0, 1130, False, 2
2775,0, 1130, False, 2
2776,0, 1130, False, 2
2777,0, 1130, False, 2
2778,0, 1130, False, 2
2779,0, 1130, False, 0
2780,0, 1130, False, 0
2781,0, 1130, False, 0
2782,0, 1130, False, 0
2783,0, 1130, False, 0
2784,0, 1130, False, 0
2785,0, 1130, False, 0
2786,0, 1130, False, 0
2787,0, 1130, False, 2
2788,0, 1130, False, 2
2789,0, 1130, False, 2
2790,0, 1130, False, 2
2791,0, 1130, False, 2
2792,0, 1130, False, 2
2793,0, 1130, False, 0
2794,0, 1130, False, 0
2795,0, 1130, False, 0
2796,0, 1130, False, 0
2797,0, 1130, False, 0
2798,0, 1130, False, 4
2799,0, 1130, False, 4
2800,0, 1130, False, 4
2801,0, 1130, False, 4
2802,0, 1130, False, 4
2803,0, 1130, False, 4
2804,0, 1130, False, 4
2805,0, 1130, False, 4
2806,0, 1130, False, 4
2807,0, 1130, False, 4
2808,0, 1130, False, 4
2809,0, 1130, False, 4
2810,0, 1130, False, 4
2811,0, 1130, False, 4
2812,0, 1130, False, 4
2813,0, 1130, False, 4
2814,0, 1130, False, 4
2815,0, 1130, False, 4
2816,0, 1130, False, 4
2817,0, 1130, False, 4
2818,0, 1130, False, 4
2819,0, 1130, False, 0
2820,0, 1130, False, 0
2821,0, 1130, False, 0
2822,0, 1130, False, 0
2823,0, 1130, False, 0
2824,0, 1130, False, 0
2825,0, 1130, False, 0
2826,0, 1130, False, 0
2827,0, 1130, False, 2
2828,0, 1130, False, 2
2829,0, 1130, False, 2
2830,0, 1130, False, 2
2831,0, 1130, False, 2
2832,0, 1130, False, 2
2833,0, 1130, False, 2
2834,0, 1130, False, 2
2835,0, 1130, False, 2
2836,0, 1130, False, 2
2837,0, 1130, False, 2
2838,0, 1130, False, 0
2839,0, 1130, False, 0
2840,0, 1130, False, 0
2841,10, 1140, False, 0
2842,0, 1140, False, 2
2843,0, 1140, False, 2
2844,0, 1140, False, 2
2845,0, 1140, False, 2
2846,0, 1140, False, 2
2847,0, 1140, False, 2
2848,0, 1140, False, 2
2849,0, 1140, False, 0
2850,0, 1140, False, 0
2851,0, 1140, False, 0
2852,0, 1140, False, 0
2853,0, 1140, False, 0
2854,0, 1140, False, 0
2855,10, 1150, False, 0
2856,0, 1150, False, 0
2857,0, 1150, False, 0
2858,0, 1150, False, 0
2859,0, 1150, False, 0
2860,0, 1150, False, 0
2861,0, 1150, False, 0
2862,0, 1150, False, 0
2863,0, 1150, False, 0
2864,0, 1150, False, 0
2865,0, 1150, False, 0
2866,0, 1150, False, 0
2867,0, 1150, False, 0
2868,0, 1150, False, 0
2869,10, 1160, False, 0
2870,0, 1160, False, 0
2871,0, 1160, False, 0
2872,0, 1160, False, 0
2873,0, 1160, False, 0
2874,0, 1160, False, 0
2875,0, 1160, False, 0
2876,0, 1160, False, 0
2877,0, 1160, False, 0
2878,0, 1160, False, 0
2879,0, 1160, False, 0
2880,0, 1160, False, 0
2881,0, 1160, False, 0
2882,0, 1160, False, 0
2883,10, 1170, False, 0
2884,0, 1170, False, 0
2885,0, 1170, False, 0
2886,0, 1170, False, 0
2887,0, 1170, False, 0
2888,0, 1170, False, 0
2889,0, 1170, False, 0
2890,0, 1170, False, 0
2891,0, 1170, False, 0
2892,0, 1170, False, 0
2893,0, 1170, False, 0
2894,0, 1170, False, 0
2895,0, 1170, False, 0
2896,0, 1170, False, 0
2897,10, 1180, False, 0
2898,0, 1180, False, 0
2899,0, 1180, False, 0
2900,0, 1180, False, 0
2901,0, 1180, False, 0
2902,0, 1180, False, 3
2903,0, 1180, False, 3
2904,0, 1180, False, 3
2905,0, 1180, False, 3
2906,0, 1180, False, 3
2907,0, 1180, False, 3
2908,0, 1180, False, 3
2909,0, 1180, False, 3
2910,0, 1180, False, 3
2911,0, 1180, False, 3
2912,0, 1180, False, 3
2913,0, 1180, False, 0
2914,0, 1180, False, 0
2915,0, 1180, False, 0
2916,0, 1180, False, 0
2917,0, 1180, False, 0
2918,0, 1180, False, 0
2919,0, 1180, False, 0
2920,0, 1180, False, 0
2921,0, 1180, False, 0
2922,0, 1180, False, 0
2923,0, 1180, False, 0
2924,0, 1180, False, 0
2925,0, 1180, False, 0
2926,0, 1180, False, 0
2927,0, 1180, False, 0
2928,0, 1180, False, 0
2929,0, 1180, False, 0
2930,0, 1180, False, 0
2931,0, 1180, False, 0
2932,0, 1180, False, 0
2933,0, 1180, False, 0
2934,0, 1180, False, 0
2935,0, 1180, False, 0
2936,0, 1180, False, 0
2937,0, 1180, False, 0
2938,0, 1180, False, 0
2939,0, 1180, False, 0
2940,0, 1180, False, 0
2941,0, 1180, False, 0
2942,0, 1180, False, 0
2943,0, 1180, False, 0
2944,0, 1180, False, 0
2945,0, 1180, False, 0
2946,0, 1180, False, 0
2947,0, 1180, False, 0
2948,0, 1180, False, 0
2949,0, 1180, False, 0
2950,0, 1180, False, 0
2951,0, 1180, False, 0
2952,0, 1180, False, 0
2953,0, 1180, False, 0
2954,0, 1180, False, 0
2955,0, 1180, False, 0
2956,0, 1180, False, 0
2957,0, 1180, False, 0
2958,0, 1180, False, 0
2959,0, 1180, False, 0
2960,0, 1180, False, 0
2961,0, 1180, False, 0
2962,0, 1180, False, 0
2963,0, 1180, False, 0
2964,0, 1180, False, 0
2965,0, 1180, False, 0
2966,0, 1180, False, 0
2967,0, 1180, False, 0
2968,0, 1180, False, 0
2969,0, 1180, False, 0
2970,0, 1180, False, 0
2971,0, 1180, False, 0
2972,0, 1180, False, 0
2973,0, 1180, False, 0
2974,0, 1180, False, 0
2975,0, 1180, False, 0
2976,0, 1180, False, 0
2977,0, 1180, False, 0
2978,0, 1180, False, 0
2979,0, 1180, False, 0
2980,0, 1180, False, 0
2981,0, 1180, False, 0
2982,0, 1180, False, 0
2983,0, 1180, False, 0
2984,0, 1180, False, 0
2985,0, 1180, False, 0
2986,0, 1180, False, 0
2987,0, 1180, False, 0
2988,0, 1180, False, 0
2989,0, 1180, False, 0
2990,0, 1180, False, 0
2991,0, 1180, False, 0
2992,0, 1180, False, 0
2993,0, 1180, False, 0
2994,0, 1180, False, 0
2995,0, 1180, False, 0
2996,0, 1180, False, 0
2997,0, 1180, False, 0
2998,0, 1180, False, 0
2999,0, 1180, False, 0
3000,0, 1180, False, 0
3001,0, 1180, False, 0
3002,0, 1180, False, 0
3003,0, 1180, False, 0
3004,0, 1180, False, 0
3005,0, 1180, False, 0
3006,0, 1180, False, 0
3007,0, 1180, False, 0
3008,0, 1180, False, 0
3009,0, 1180, False, 0
3010,0, 1180, False, 0
3011,0, 1180, False, 0
3012,0, 1180, False, 0
3013,0, 1180, False, 0
3014,0, 1180, False, 0
3015,0, 1180, False, 0
3016,0, 1180, False, 0
3017,0, 1180, False, 0
3018,0, 1180, False, 0
3019,0, 1180, False, 0
3020,0, 1180, False, 0
3021,0, 1180, False, 0
3022,0, 1180, False, 0
3023,0, 1180, False, 0
3024,0, 1180, False, 0
3025,0, 1180, False, 0
3026,0, 1180, False, 0
3027,0, 1180, False, 0
3028,0, 1180, False, 0
3029,0, 1180, False, 0
3030,0, 1180, False, 0
3031,0, 1180, False, 0
3032,0, 1180, False, 0
3033,0, 1180, False, 0
3034,0, 1180, False, 0
3035,0, 1180, False, 0
3036,0, 1180, False, 0
3037,0, 1180, False, 0
3038,0, 1180, False, 0
3039,0, 1180, False, 0
3040,0, 1180, False, 0
3041,0, 1180, False, 0
3042,0, 1180, False, 0
3043,0, 1180, False, 0
3044,0, 1180, False, 0
3045,0, 1180, False, 0
3046,0, 1180, False, 0
3047,0, 1180, False, 0
3048,0, 1180, False, 0
3049,0, 1180, False, 0
3050,0, 1180, False, 0
3051,0, 1180, False, 0
3052,0, 1180, False, 0
3053,0, 1180, False, 0
3054,0, 1180, False, 0
3055,0, 1180, False, 0
3056,0, 1180, False, 0
3057,0, 1180, False, 0
3058,0, 1180, False, 0
3059,0, 1180, False, 0
3060,0, 1180, False, 0
3061,0, 1180, False, 0
3062,0, 1180, False, 0
3063,0, 1180, False, 0
3064,0, 1180, False, 0
3065,0, 1180, False, 0
3066,0, 1180, False, 0
3067,0, 1180, False, 0
3068,0, 1180, False, 0
3069,0, 1180, False, 0
3070,0, 1180, False, 0
3071,0, 1180, False, 0
3072,0, 1180, False, 0
3073,0, 1180, False, 0
3074,0, 1180, False, 0
3075,0, 1180, False, 0
3076,0, 1180, False, 0
3077,0, 1180, False, 0
3078,0, 1180, False, 0
3079,0, 1180, False, 0
3080,0, 1180, False, 0
3081,0, 1180, False, 0
3082,0, 1180, False, 0
3083,0, 1180, False, 0
3084,0, 1180, False, 0
3085,0, 1180, False, 0
3086,0, 1180, False, 0
3087,0, 1180, False, 0
3088,0, 1180, False, 0
3089,0, 1180, False, 0
3090,0, 1180, False, 0
3091,0, 1180, False, 0
3092,0, 1180, False, 0
3093,0, 1180, False, 0
3094,0, 1180, False, 0
3095,0, 1180, False, 0
3096,0, 1180, False, 0
3097,0, 1180, False, 0
3098,0, 1180, False, 0
3099,0, 1180, False, 0
3100,0, 1180, False, 0
3101,0, 1180, False, 0
3102,0, 1180, False, 0
3103,0, 1180, False, 0
3104,0, 1180, False, 0
3105,0, 1180, False, 0
3106,0, 1180, False, 0
3107,0, 1180, False, 0
3108,0, 1180, False, 0
3109,0, 1180, False, 0
3110,0, 1180, False, 0
3111,0, 1180, False, 0
3112,0, 1180, False, 0
3113,0, 1180, False, 0
3114,0, 1180, False, 0
3115,0, 1180, False, 0
3116,0, 1180, False, 0
3117,0, 1180, False, 0
3118,0, 1180, False, 0
3119,0, 1180, False, 0
3120,0, 1180, False, 0
3121,0, 1180, False, 0
3122,0, 1180, False, 0
3123,0, 1180, False, 0
3124,0, 1180, False, 0
3125,0, 1180, False, 0
3126,0, 1180, False, 0
3127,0, 1180, False, 0
3128,0, 1180, False, 0
3129,0, 1180, False, 0
3130,0, 1180, False, 0
3131,0, 1180, False, 0
3132,0, 1180, False, 0
3133,0, 1180, False, 0
3134,0, 1180, False, 0
3135,0, 1180, False, 0
3136,0, 1180, False, 0
3137,0, 1180, False, 0
3138,0, 1180, False, 0
3139,0, 1180, False, 0
3140,0, 1180, False, 0
3141,0, 1180, False, 0
3142,0, 1180, False, 0
3143,0, 1180, False, 0
3144,0, 1180, False, 0
3145,0, 1180, False, 0
3146,0, 1180, False, 0
3147,0, 1180, False, 0
3148,0, 1180, False, 0
3149,0, 1180, False, 0
3150,0, 1180, False, 0
3151,0, 1180, False, 0
3152,0, 1180, False, 0
3153,0, 1180, False, 0
3154,0, 1180, False, 0
3155,0, 1180, False, 0
3156,0, 1180, False, 0
3157,0, 1180, False, 0
3158,0, 1180, False, 0
3159,0, 1180, False, 0
3160,0, 1180, False, 0
3161,0, 1180, False, 0
3162,0, 1180, False, 0
3163,10, 1190, False, 0
3164,0, 1190, False, 0
3165,0, 1190, False, 0
3166,0, 1190, False, 0
3167,0, 1190, False, 5
3168,0, 1190, False, 5
3169,0, 1190, False, 5
3170,0, 1190, False, 5
3171,0, 1190, False, 5
3172,0, 1190, False, 5
3173,0, 1190, False, 5
3174,0, 1190, False, 5
3175,0, 1190, False, 5
3176,0, 1190, False, 0
3177,10, 1200, False, 0
3178,0, 1200, False, 0
3179,0, 1200, False, 0
3180,0, 1200, False, 0
3181,0, 1200, False, 0
3182,0, 1200, False, 0
3183,0, 1200, False, 0
3184,0, 1200, False, 0
3185,0, 1200, False, 0
3186,0, 1200, False, 0
3187,0, 1200, False, 0
3188,0, 1200, False, 0
3189,0, 1200, False, 0
3190,0, 1200, False, 0
3191,0, 1200, False, 0
3192,0, 1200, False, 0
3193,0, 1200, False, 0
3194,0, 1200, False, 0
3195,0, 1200, False, 0
3196,0, 1200, False, 0
3197,0, 1200, False, 0
3198,0, 1200, False, 0
3199,0, 1200, False, 0
3200,0, 1200, False, 0
3201,0, 1200, False, 0
3202,0, 1200, False, 0
3203,0, 1200, False, 0
3204,0, 1200, False, 0
3205,0, 1200, False, 0
3206,0, 1200, False, 0
3207,0, 1200, False, 0
3208,0, 1200, False, 0
3209,0, 1200, False, 0
3210,0, 1200, False, 0
3211,0, 1200, False, 0
3212,0, 1200, False, 0
3213,0, 1200, False, 0
3214,0, 1200, False, 0
3215,0, 1200, False, 0
3216,0, 1200, False, 0
3217,0, 1200, False, 0
3218,0, 1200, False, 0
3219,0, 1200, False, 0
3220,0, 1200, False, 0
3221,0, 1200, False, 0
3222,0, 1200, False, 0
3223,0, 1200, False, 0
3224,0, 1200, False, 0
3225,0, 1200, False, 0
3226,0, 1200, False, 0
3227,0, 1200, False, 0
3228,0, 1200, False, 0
3229,0, 1200, False, 0
3230,0, 1200, False, 0
3231,0, 1200, False, 0
3232,0, 1200, False, 0
3233,0, 1200, False, 0
3234,0, 1200, False, 0
3235,0, 1200, False, 0
3236,0, 1200, False, 0
3237,0, 1200, False, 0
3238,0, 1200, False, 0
3239,0, 1200, False, 0
3240,0, 1200, False, 0
3241,0, 1200, False, 0
3242,0, 1200, False, 0
3243,0, 1200, False, 0
3244,0, 1200, False, 0
3245,0, 1200, False, 0
3246,0, 1200, False, 0
3247,0, 1200, False, 0
3248,0, 1200, False, 0
3249,0, 1200, False, 0
3250,0, 1200, False, 0
3251,0, 1200, False, 0
3252,0, 1200, False, 0
3253,0, 1200, False, 0
3254,0, 1200, False, 0
3255,0, 1200, False, 0
3256,0, 1200, False, 0
3257,0, 1200, False, 0
3258,0, 1200, False, 0
3259,0, 1200, False, 0
3260,0, 1200, False, 0
3261,0, 1200, False, 0
3262,0, 1200, False, 0
3263,0, 1200, False, 4
3264,0, 1200, False, 4
3265,0, 1200, False, 4
3266,0, 1200, False, 4
3267,0, 1200, False, 4
3268,0, 1200, False, 4
3269,0, 1200, False, 4
3270,0, 1200, False, 4
3271,0, 1200, False, 4
3272,0, 1200, False, 4
3273,0, 1200, False, 0
3274,0, 1200, False, 0
3275,0, 1200, False, 0
3276,0, 1200, False, 0
3277,0, 1200, False, 0
3278,0, 1200, False, 0
3279,0, 1200, False, 0
3280,0, 1200, False, 0
3281,0, 1200, False, 0
3282,0, 1200, False, 0
3283,0, 1200, False, 0
3284,0, 1200, False, 0
3285,0, 1200, False, 0
3286,0, 1200, False, 0
3287,0, 1200, False, 0
3288,0, 1200, False, 0
3289,0, 1200, False, 0
3290,0, 1200, False, 0
3291,0, 1200, False, 0
3292,0, 1200, False, 0
3293,0, 1200, False, 0
3294,0, 1200, False, 0
3295,0, 1200, False, 0
3296,0, 1200, False, 0
3297,0, 1200, False, 0
3298,0, 1200, False, 0
3299,0, 1200, False, 0
3300,0, 1200, False, 0
3301,0, 1200, False, 0
3302,0, 1200, False, 2
3303,0, 1200, False, 2
3304,0, 1200, False, 2
3305,0, 1200, False, 2
3306,0, 1200, False, 2
3307,0, 1200, False, 2
3308,0, 1200, False, 2
3309,0, 1200, False, 2
3310,0, 1200, False, 2
3311,0, 1200, False, 2
3312,0, 1200, False, 2
3313,0, 1200, False, 0
3314,0, 1200, False, 0
3315,0, 1200, False, 0
3316,0, 1200, False, 0
3317,0, 1200, False, 0
3318,0, 1200, False, 0
3319,0, 1200, False, 0
3320,0, 1200, False, 0
3321,0, 1200, False, 0
3322,0, 1200, False, 0
3323,0, 1200, False, 0
3324,0, 1200, False, 0
3325,0, 1200, False, 0
3326,0, 1200, False, 0
3327,0, 1200, False, 0
3328,0, 1200, False, 0
3329,0, 1200, False, 0
3330,0, 1200, False, 0
3331,0, 1200, False, 0
3332,0, 1200, False, 0
3333,0, 1200, False, 0
3334,0, 1200, False, 0
3335,0, 1200, False, 0
3336,0, 1200, False, 0
3337,0, 1200, False, 3
3338,0, 1200, False, 3
3339,0, 1200, False, 3
3340,0, 1200, False, 3
3341,0, 1200, False, 3
3342,0, 1200, False, 3
3343,0, 1200, False, 0
3344,0, 1200, False, 0
3345,0, 1200, False, 0
3346,0, 1200, False, 0
3347,0, 1200, False, 0
3348,0, 1200, False, 2
3349,0, 1200, False, 2
3350,0, 1200, False, 2
3351,0, 1200, False, 2
3352,0, 1200, False, 2
3353,0, 1200, False, 2
3354,0, 1200, False, 2
3355,0, 1200, False, 0
3356,0, 1200, False, 0
3357,0, 1200, False, 0
3358,0, 1200, False, 0
3359,0, 1200, False, 0
3360,0, 1200, False, 0
3361,0, 1200, False, 0
3362,0, 1200, False, 0
3363,0, 1200, False, 0
3364,0, 1200, False, 0
3365,0, 1200, False, 0
3366,0, 1200, False, 0
3367,0, 1200, False, 0
3368,0, 1200, False, 0
3369,0, 1200, False, 0
3370,0, 1200, False, 0
3371,0, 1200, False, 0
3372,0, 1200, False, 0
3373,0, 1200, False, 0
3374,0, 1200, False, 0
3375,0, 1200, False, 0
3376,0, 1200, False, 0
3377,0, 1200, False, 0
3378,0, 1200, False, 0
3379,0, 1200, False, 0
3380,0, 1200, False, 0
3381,0, 1200, False, 0
3382,0, 1200, False, 0
3383,0, 1200, False, 0
3384,0, 1200, False, 0
3385,0, 1200, False, 0
3386,0, 1200, False, 0
3387,0, 1200, False, 0
3388,0, 1200, False, 0
3389,0, 1200, False, 0
3390,0, 1200, False, 0
3391,0, 1200, False, 0
3392,0, 1200, False, 0
3393,0, 1200, False, 0
3394,0, 1200, False, 0
3395,0, 1200, False, 0
3396,0, 1200, False, 0
3397,0, 1200, False, 0
3398,0, 1200, False, 0
3399,0, 1200, False, 0
3400,0, 1200, False, 0
3401,0, 1200, False, 0
3402,0, 1200, False, 0
3403,0, 1200, False, 0
3404,0, 1200, False, 0
3405,0, 1200, False, 0
3406,0, 1200, False, 0
3407,0, 1200, False, 0
3408,0, 1200, False, 0
3409,0, 1200, False, 0
3410,0, 1200, False, 0
3411,0, 1200, False, 0
3412,0, 1200, False, 0
3413,0, 1200, False, 0
3414,0, 1200, False, 0
3415,0, 1200, False, 0
3416,0, 1200, False, 0
3417,0, 1200, False, 0
3418,0, 1200, False, 0
3419,0, 1200, False, 0
3420,0, 1200, False, 0
3421,0, 1200, False, 0
3422,0, 1200, False, 0
3423,0, 1200, False, 0
3424,0, 1200, False, 0
3425,0, 1200, False, 0
3426,0, 1200, False, 0
3427,0, 1200, False, 0
3428,0, 1200, False, 0
3429,0, 1200, False, 0
3430,0, 1200, False, 0
3431,0, 1200, False, 0
3432,0, 1200, False, 0
3433,0, 1200, False, 0
3434,0, 1200, False, 0
3435,0, 1200, False, 0
3436,0, 1200, False, 0
3437,0, 1200, False, 4
3438,0, 1200, False, 4
3439,0, 1200, False, 4
3440,0, 1200, False, 4
3441,0, 1200, False, 4
3442,0, 1200, False, 4
3443,0, 1200, False, 4
3444,0, 1200, False, 4
3445,0, 1200, False, 4
3446,0, 1200, False, 4
3447,0, 1200, False, 4
3448,0, 1200, False, 0
3449,0, 1200, False, 0
3450,0, 1200, False, 0
3451,0, 1200, False, 0
3452,0, 1200, False, 0
3453,0, 1200, False, 0
3454,0, 1200, False, 0
3455,0, 1200, False, 0
3456,0, 1200, False, 0
3457,0, 1200, False, 0
3458,0, 1200, False, 0
3459,0, 1200, False, 0
3460,0, 1200, False, 0
3461,0, 1200, False, 0
3462,0, 1200, False, 5
3463,0, 1200, False, 5
3464,0, 1200, False, 5
3465,0, 1200, False, 5
3466,0, 1200, False, 5
3467,0, 1200, False, 5
3468,0, 1200, False, 5
3469,0, 1200, False, 5
3470,0, 1200, False, 5
3471,0, 1200, False, 5
3472,0, 1200, False, 0
3473,0, 1200, False, 0
3474,0, 1200, False, 0
3475,0, 1200, False, 0
3476,0, 1200, False, 0
3477,0, 1200, False, 0
3478,0, 1200, False, 0
3479,0, 1200, False, 0
3480,0, 1200, False, 0
3481,0, 1200, False, 0
3482,0, 1200, False, 0
3483,0, 1200, False, 0
3484,0, 1200, False, 0
3485,0, 1200, False, 0
3486,0, 1200, False, 0
3487,0, 1200, False, 0
3488,0, 1200, False, 0
3489,0, 1200, False, 0
3490,0, 1200, False, 0
3491,0, 1200, False, 0
3492,0, 1200, False, 0
3493,0, 1200, False, 0
3494,0, 1200, False, 0
3495,0, 1200, False, 0
3496,0, 1200, False, 0
3497,0, 1200, False, 0
3498,0, 1200, False, 0
3499,0, 1200, False, 0
3500,0, 1200, False, 0
3501,0, 1200, False, 0
3502,0, 1200, False, 0
3503,0, 1200, False, 0
3504,0, 1200, False, 0
3505,0, 1200, False, 0
3506,0, 1200, False, 0
3507,0, 1200, False, 0
3508,0, 1200, False, 0
3509,0, 1200, False, 0
3510,0, 1200, False, 0
3511,0, 1200, False, 0
3512,0, 1200, False, 0
3513,0, 1200, False, 0
3514,0, 1200, False, 0
3515,0, 1200, False, 0
3516,0, 1200, False, 0
3517,0, 1200, False, 0
3518,0, 1200, False, 0
3519,0, 1200, False, 0
3520,0, 1200, False, 0
3521,0, 1200, False, 0
3522,0, 1200, False, 0
3523,0, 1200, False, 0
3524,0, 1200, False, 0
3525,0, 1200, False, 0
3526,0, 1200, False, 0
3527,0, 1200, False, 0
3528,0, 1200, False, 0
3529,0, 1200, False, 0
3530,0, 1200, False, 0
3531,0, 1200, False, 0
3532,0, 1200, False, 0
3533,0, 1200, False, 0
3534,0, 1200, False, 0
3535,0, 1200, False, 0
3536,0, 1200, False, 0
3537,0, 1200, False, 0
3538,0, 1200, False, 0
3539,0, 1200, False, 0
3540,0, 1200, False, 0
3541,0, 1200, False, 0
3542,0, 1200, False, 0
3543,0, 1200, False, 0
3544,0, 1200, False, 0
3545,0, 1200, False, 0
3546,0, 1200, False, 0
3547,0, 1200, False, 0
3548,0, 1200, False, 0
3549,0, 1200, False, 0
3550,0, 1200, False, 0
3551,0, 1200, False, 0
3552,0, 1200, False, 0
3553,0, 1200, False, 0
3554,0, 1200, False, 0
3555,0, 1200, False, 0
3556,0, 1200, False, 0
3557,0, 1200, False, 0
3558,0, 1200, False, 0
3559,0, 1200, False, 0
3560,0, 1200, False, 0
3561,0, 1200, True, 0
