db traj id : 2810
frame,reward,score,terminal, action
0,0, 0, False, 0
1,0, 0, False, 0
2,0, 0, False, 0
3,0, 0, False, 0
4,0, 0, False, 0
5,0, 0, False, 0
6,0, 0, False, 0
7,0, 0, False, 0
8,0, 0, False, 0
9,0, 0, False, 0
10,0, 0, False, 0
11,0, 0, False, 0
12,0, 0, False, 0
13,0, 0, False, 0
14,0, 0, False, 0
15,0, 0, False, 0
16,0, 0, False, 0
17,0, 0, False, 0
18,0, 0, False, 0
19,0, 0, False, 0
20,0, 0, False, 0
21,0, 0, False, 0
22,0, 0, False, 0
23,0, 0, False, 0
24,0, 0, False, 0
25,0, 0, False, 0
26,0, 0, False, 0
27,0, 0, False, 0
28,0, 0, False, 0
29,0, 0, False, 0
30,0, 0, False, 0
31,0, 0, False, 0
32,0, 0, False, 0
33,0, 0, False, 0
34,0, 0, False, 0
35,0, 0, False, 0
36,0, 0, False, 0
37,0, 0, False, 0
38,0, 0, False, 0
39,0, 0, False, 0
40,0, 0, False, 0
41,0, 0, False, 0
42,0, 0, False, 0
43,0, 0, False, 0
44,0, 0, False, 0
45,0, 0, False, 0
46,0, 0, False, 0
47,0, 0, False, 0
48,0, 0, False, 0
49,0, 0, False, 0
50,0, 0, False, 0
51,0, 0, False, 0
52,0, 0, False, 0
53,0, 0, False, 0
54,0, 0, False, 0
55,0, 0, False, 0
56,0, 0, False, 0
57,0, 0, False, 0
58,0, 0, False, 0
59,0, 0, False, 0
60,0, 0, False, 0
61,0, 0, False, 0
62,0, 0, False, 0
63,0, 0, False, 0
64,0, 0, False, 0
65,0, 0, False, 0
66,0, 0, False, 0
67,0, 0, False, 0
68,0, 0, False, 0
69,0, 0, False, 0
70,0, 0, False, 0
71,0, 0, False, 0
72,0, 0, False, 0
73,0, 0, False, 0
74,0, 0, False, 4
75,0, 0, False, 4
76,0, 0, False, 4
77,0, 0, False, 4
78,0, 0, False, 4
79,0, 0, False, 4
80,0, 0, False, 4
81,0, 0, False, 4
82,0, 0, False, 4
83,0, 0, False, 4
84,0, 0, False, 7
85,0, 0, False, 7
86,0, 0, False, 7
87,0, 0, False, 7
88,0, 0, False, 7
89,0, 0, False, 7
90,0, 0, False, 7
91,0, 0, False, 7
92,0, 0, False, 7
93,0, 0, False, 7
94,0, 0, False, 0
95,0, 0, False, 0
96,0, 0, False, 0
97,0, 0, False, 0
98,0, 0, False, 0
99,0, 0, False, 0
100,0, 0, False, 0
101,0, 0, False, 0
102,0, 0, False, 0
103,0, 0, False, 9
104,0, 0, False, 9
105,0, 0, False, 9
106,0, 0, False, 9
107,0, 0, False, 9
108,0, 0, False, 5
109,0, 0, False, 5
110,0, 0, False, 5
111,0, 0, False, 5
112,0, 0, False, 5
113,0, 0, False, 5
114,0, 0, False, 3
115,0, 0, False, 3
116,0, 0, False, 3
117,0, 0, False, 3
118,0, 0, False, 3
119,0, 0, False, 3
120,0, 0, False, 3
121,0, 0, False, 3
122,0, 0, False, 3
123,0, 0, False, 3
124,0, 0, False, 3
125,0, 0, False, 3
126,0, 0, False, 3
127,0, 0, False, 6
128,0, 0, False, 6
129,0, 0, False, 6
130,0, 0, False, 6
131,0, 0, False, 6
132,0, 0, False, 6
133,0, 0, False, 6
134,0, 0, False, 6
135,0, 0, False, 6
136,0, 0, False, 2
137,0, 0, False, 2
138,0, 0, False, 2
139,0, 0, False, 2
140,0, 0, False, 2
141,0, 0, False, 2
142,0, 0, False, 2
143,0, 0, False, 2
144,0, 0, False, 6
145,0, 0, False, 3
146,0, 0, False, 3
147,0, 0, False, 3
148,0, 0, False, 3
149,0, 0, False, 3
150,0, 0, False, 8
151,0, 0, False, 8
152,0, 0, False, 8
153,0, 0, False, 8
154,0, 0, False, 8
155,0, 0, False, 8
156,0, 0, False, 5
157,0, 0, False, 5
158,0, 0, False, 5
159,0, 0, False, 9
160,0, 0, False, 9
161,0, 0, False, 9
162,0, 0, False, 9
163,0, 0, False, 9
164,0, 0, False, 9
165,0, 0, False, 9
166,0, 0, False, 9
167,0, 0, False, 9
168,0, 0, False, 9
169,0, 0, False, 4
170,0, 0, False, 4
171,0, 0, False, 4
172,0, 0, False, 4
173,0, 0, False, 4
174,0, 0, False, 4
175,0, 0, False, 4
176,0, 0, False, 4
177,0, 0, False, 4
178,0, 0, False, 4
179,0, 0, False, 4
180,0, 0, False, 4
181,0, 0, False, 4
182,0, 0, False, 4
183,0, 0, False, 4
184,0, 0, False, 4
185,0, 0, False, 4
186,0, 0, False, 4
187,0, 0, False, 9
188,0, 0, False, 9
189,0, 0, False, 9
190,0, 0, False, 9
191,0, 0, False, 9
192,0, 0, False, 9
193,0, 0, False, 9
194,0, 0, False, 9
195,0, 0, False, 9
196,0, 0, False, 9
197,0, 0, False, 9
198,0, 0, False, 9
199,0, 0, False, 9
200,0, 0, False, 9
201,0, 0, False, 9
202,0, 0, False, 9
203,0, 0, False, 9
204,0, 0, False, 9
205,0, 0, False, 9
206,0, 0, False, 9
207,0, 0, False, 9
208,0, 0, False, 9
209,0, 0, False, 4
210,0, 0, False, 4
211,0, 0, False, 4
212,0, 0, False, 4
213,0, 0, False, 4
214,0, 0, False, 4
215,0, 0, False, 4
216,0, 0, False, 7
217,0, 0, False, 7
218,0, 0, False, 7
219,0, 0, False, 7
220,0, 0, False, 7
221,0, 0, False, 7
222,0, 0, False, 7
223,0, 0, False, 7
224,0, 0, False, 7
225,0, 0, False, 7
226,0, 0, False, 7
227,0, 0, False, 4
228,0, 0, False, 4
229,0, 0, False, 4
230,0, 0, False, 4
231,0, 0, False, 4
232,0, 0, False, 4
233,0, 0, False, 4
234,0, 0, False, 4
235,0, 0, False, 4
236,0, 0, False, 4
237,0, 0, False, 4
238,0, 0, False, 4
239,0, 0, False, 4
240,0, 0, False, 4
241,0, 0, False, 4
242,0, 0, False, 4
243,0, 0, False, 4
244,0, 0, False, 4
245,0, 0, False, 4
246,0, 0, False, 4
247,0, 0, False, 0
248,0, 0, False, 0
249,0, 0, False, 0
250,0, 0, False, 0
251,0, 0, False, 3
252,0, 0, False, 3
253,0, 0, False, 3
254,0, 0, False, 3
255,0, 0, False, 3
256,0, 0, False, 3
257,0, 0, False, 3
258,0, 0, False, 3
259,0, 0, False, 6
260,0, 0, False, 6
261,0, 0, False, 6
262,0, 0, False, 6
263,0, 0, False, 6
264,0, 0, False, 7
265,0, 0, False, 7
266,0, 0, False, 7
267,0, 0, False, 4
268,0, 0, False, 4
269,0, 0, False, 4
270,0, 0, False, 4
271,0, 0, False, 4
272,0, 0, False, 4
273,0, 0, False, 4
274,10, 10, False, 4
275,0, 10, False, 4
276,0, 10, False, 4
277,0, 10, False, 9
278,0, 10, False, 5
279,0, 10, False, 5
280,0, 10, False, 5
281,0, 10, False, 5
282,0, 10, False, 5
283,0, 10, False, 5
284,0, 10, False, 5
285,0, 10, False, 5
286,0, 10, False, 5
287,0, 10, False, 5
288,10, 20, False, 5
289,0, 20, False, 5
290,0, 20, False, 5
291,0, 20, False, 5
292,0, 20, False, 5
293,0, 20, False, 5
294,0, 20, False, 3
295,0, 20, False, 3
296,0, 20, False, 3
297,0, 20, False, 3
298,0, 20, False, 3
299,0, 20, False, 3
300,10, 30, False, 3
301,0, 30, False, 3
302,0, 30, False, 3
303,0, 30, False, 3
304,0, 30, False, 3
305,0, 30, False, 3
306,0, 30, False, 3
307,0, 30, False, 3
308,0, 30, False, 3
309,0, 30, False, 3
310,0, 30, False, 3
311,0, 30, False, 3
312,0, 30, False, 3
313,0, 30, False, 3
314,10, 40, False, 3
315,0, 40, False, 3
316,0, 40, False, 3
317,0, 40, False, 3
318,0, 40, False, 3
319,0, 40, False, 3
320,0, 40, False, 3
321,0, 40, False, 3
322,0, 40, False, 3
323,0, 40, False, 3
324,0, 40, False, 3
325,0, 40, False, 3
326,0, 40, False, 3
327,0, 40, False, 3
328,10, 50, False, 3
329,0, 50, False, 3
330,0, 50, False, 3
331,0, 50, False, 3
332,0, 50, False, 3
333,0, 50, False, 3
334,0, 50, False, 3
335,0, 50, False, 3
336,0, 50, False, 3
337,0, 50, False, 3
338,0, 50, False, 3
339,0, 50, False, 3
340,0, 50, False, 3
341,0, 50, False, 3
342,0, 50, False, 3
343,0, 50, False, 3
344,0, 50, False, 3
345,0, 50, False, 3
346,10, 60, False, 3
347,0, 60, False, 3
348,0, 60, False, 3
349,0, 60, False, 3
350,0, 60, False, 3
351,0, 60, False, 3
352,0, 60, False, 3
353,0, 60, False, 3
354,0, 60, False, 3
355,0, 60, False, 3
356,0, 60, False, 3
357,0, 60, False, 3
358,0, 60, False, 3
359,0, 60, False, 3
360,10, 70, False, 3
361,0, 70, False, 3
362,0, 70, False, 3
363,0, 70, False, 3
364,0, 70, False, 3
365,0, 70, False, 3
366,0, 70, False, 3
367,0, 70, False, 3
368,0, 70, False, 3
369,0, 70, False, 8
370,0, 70, False, 8
371,0, 70, False, 8
372,0, 70, False, 8
373,0, 70, False, 8
374,0, 70, False, 8
375,0, 70, False, 8
376,10, 80, False, 5
377,0, 80, False, 5
378,0, 80, False, 5
379,0, 80, False, 5
380,0, 80, False, 5
381,0, 80, False, 5
382,0, 80, False, 5
383,0, 80, False, 5
384,0, 80, False, 5
385,0, 80, False, 5
386,0, 80, False, 5
387,0, 80, False, 5
388,0, 80, False, 5
389,0, 80, False, 5
390,10, 90, False, 5
391,0, 90, False, 5
392,0, 90, False, 5
393,0, 90, False, 5
394,0, 90, False, 5
395,0, 90, False, 5
396,0, 90, False, 5
397,0, 90, False, 5
398,0, 90, False, 5
399,0, 90, False, 5
400,0, 90, False, 5
401,0, 90, False, 5
402,0, 90, False, 8
403,0, 90, False, 8
404,10, 100, False, 8
405,0, 100, False, 8
406,0, 100, False, 8
407,0, 100, False, 8
408,0, 100, False, 3
409,0, 100, False, 3
410,0, 100, False, 3
411,0, 100, False, 3
412,0, 100, False, 3
413,0, 100, False, 3
414,0, 100, False, 3
415,0, 100, False, 3
416,0, 100, False, 3
417,0, 100, False, 3
418,10, 110, False, 3
419,0, 110, False, 3
420,0, 110, False, 3
421,0, 110, False, 3
422,0, 110, False, 3
423,0, 110, False, 3
424,0, 110, False, 3
425,0, 110, False, 3
426,0, 110, False, 3
427,0, 110, False, 3
428,0, 110, False, 3
429,0, 110, False, 3
430,0, 110, False, 3
431,0, 110, False, 3
432,10, 120, False, 3
433,0, 120, False, 3
434,0, 120, False, 3
435,0, 120, False, 3
436,0, 120, False, 3
437,0, 120, False, 3
438,0, 120, False, 3
439,0, 120, False, 3
440,0, 120, False, 3
441,0, 120, False, 3
442,0, 120, False, 3
443,0, 120, False, 3
444,0, 120, False, 3
445,0, 120, False, 3
446,10, 130, False, 3
447,0, 130, False, 3
448,0, 130, False, 3
449,0, 130, False, 3
450,0, 130, False, 3
451,0, 130, False, 3
452,0, 130, False, 3
453,0, 130, False, 3
454,0, 130, False, 3
455,0, 130, False, 3
456,0, 130, False, 3
457,0, 130, False, 3
458,10, 140, False, 3
459,0, 140, False, 3
460,0, 140, False, 3
461,0, 140, False, 3
462,0, 140, False, 3
463,0, 140, False, 3
464,0, 140, False, 3
465,0, 140, False, 3
466,0, 140, False, 3
467,0, 140, False, 3
468,0, 140, False, 3
469,0, 140, False, 3
470,0, 140, False, 3
471,0, 140, False, 3
472,10, 150, False, 3
473,0, 150, False, 3
474,0, 150, False, 3
475,0, 150, False, 3
476,0, 150, False, 3
477,0, 150, False, 3
478,0, 150, False, 3
479,0, 150, False, 3
480,0, 150, False, 3
481,0, 150, False, 3
482,0, 150, False, 3
483,0, 150, False, 3
484,0, 150, False, 3
485,0, 150, False, 3
486,10, 160, False, 3
487,0, 160, False, 3
488,0, 160, False, 3
489,0, 160, False, 3
490,0, 160, False, 3
491,0, 160, False, 3
492,0, 160, False, 3
493,0, 160, False, 3
494,0, 160, False, 3
495,0, 160, False, 3
496,0, 160, False, 3
497,0, 160, False, 3
498,10, 170, False, 3
499,0, 170, False, 3
500,0, 170, False, 3
501,0, 170, False, 3
502,0, 170, False, 6
503,0, 170, False, 6
504,0, 170, False, 6
505,0, 170, False, 6
506,0, 170, False, 6
507,0, 170, False, 6
508,0, 170, False, 6
509,0, 170, False, 6
510,0, 170, False, 6
511,0, 170, False, 2
512,0, 170, False, 2
513,0, 170, False, 2
514,0, 170, False, 2
515,0, 170, False, 2
516,0, 170, False, 2
517,0, 170, False, 2
518,0, 170, False, 2
519,0, 170, False, 2
520,50, 220, False, 2
521,0, 220, False, 2
522,0, 220, False, 2
523,0, 220, False, 2
524,0, 220, False, 2
525,0, 220, False, 2
526,0, 220, False, 2
527,0, 220, False, 2
528,10, 230, False, 2
529,0, 230, False, 2
530,0, 230, False, 2
531,0, 230, False, 2
532,0, 230, False, 2
533,0, 230, False, 2
534,0, 230, False, 2
535,0, 230, False, 2
536,0, 230, False, 2
537,0, 230, False, 2
538,0, 230, False, 2
539,0, 230, False, 2
540,0, 230, False, 2
541,0, 230, False, 2
542,10, 240, False, 2
543,0, 240, False, 2
544,0, 240, False, 7
545,0, 240, False, 7
546,0, 240, False, 7
547,0, 240, False, 7
548,0, 240, False, 7
549,0, 240, False, 7
550,0, 240, False, 4
551,0, 240, False, 4
552,0, 240, False, 4
553,0, 240, False, 4
554,0, 240, False, 4
555,0, 240, False, 4
556,10, 250, False, 4
557,0, 250, False, 4
558,0, 250, False, 7
559,0, 250, False, 7
560,0, 250, False, 7
561,0, 250, False, 7
562,0, 250, False, 7
563,0, 250, False, 2
564,0, 250, False, 2
565,0, 250, False, 2
566,0, 250, False, 2
567,0, 250, False, 2
568,0, 250, False, 2
569,0, 250, False, 2
570,0, 250, False, 2
571,0, 250, False, 2
572,10, 260, False, 2
573,0, 260, False, 2
574,0, 260, False, 2
575,0, 260, False, 2
576,0, 260, False, 2
577,0, 260, False, 2
578,0, 260, False, 2
579,0, 260, False, 2
580,0, 260, False, 2
581,0, 260, False, 2
582,0, 260, False, 2
583,0, 260, False, 2
584,0, 260, False, 2
585,0, 260, False, 2
586,10, 270, False, 2
587,0, 270, False, 2
588,0, 270, False, 2
589,0, 270, False, 2
590,0, 270, False, 2
591,0, 270, False, 2
592,0, 270, False, 2
593,0, 270, False, 2
594,0, 270, False, 2
595,0, 270, False, 2
596,0, 270, False, 2
597,0, 270, False, 2
598,0, 270, False, 2
599,0, 270, False, 2
600,10, 280, False, 2
601,0, 280, False, 2
602,0, 280, False, 2
603,0, 280, False, 2
604,0, 280, False, 2
605,0, 280, False, 2
606,0, 280, False, 2
607,0, 280, False, 2
608,0, 280, False, 2
609,0, 280, False, 2
610,0, 280, False, 2
611,0, 280, False, 2
612,0, 280, False, 2
613,0, 280, False, 2
614,10, 290, False, 2
615,0, 290, False, 2
616,0, 290, False, 2
617,0, 290, False, 2
618,0, 290, False, 2
619,0, 290, False, 2
620,0, 290, False, 2
621,0, 290, False, 2
622,0, 290, False, 2
623,0, 290, False, 2
624,0, 290, False, 2
625,0, 290, False, 2
626,0, 290, False, 2
627,0, 290, False, 2
628,10, 300, False, 2
629,0, 300, False, 2
630,0, 300, False, 2
631,0, 300, False, 2
632,0, 300, False, 2
633,0, 300, False, 2
634,0, 300, False, 2
635,0, 300, False, 2
636,0, 300, False, 2
637,0, 300, False, 2
638,0, 300, False, 2
639,0, 300, False, 2
640,0, 300, False, 2
641,0, 300, False, 2
642,10, 310, False, 2
643,0, 310, False, 2
644,0, 310, False, 2
645,0, 310, False, 2
646,0, 310, False, 2
647,0, 310, False, 2
648,0, 310, False, 2
649,0, 310, False, 2
650,0, 310, False, 2
651,0, 310, False, 2
652,0, 310, False, 2
653,0, 310, False, 2
654,0, 310, False, 2
655,0, 310, False, 2
656,10, 320, False, 2
657,0, 320, False, 2
658,0, 320, False, 2
659,0, 320, False, 2
660,0, 320, False, 2
661,0, 320, False, 2
662,0, 320, False, 2
663,0, 320, False, 2
664,0, 320, False, 2
665,0, 320, False, 2
666,0, 320, False, 2
667,0, 320, False, 7
668,0, 320, False, 7
669,0, 320, False, 7
670,10, 330, False, 7
671,0, 330, False, 7
672,0, 330, False, 7
673,0, 330, False, 7
674,0, 330, False, 7
675,0, 330, False, 7
676,0, 330, False, 4
677,0, 330, False, 4
678,0, 330, False, 4
679,0, 330, False, 4
680,0, 330, False, 4
681,0, 330, False, 4
682,10, 340, False, 4
683,0, 340, False, 4
684,0, 340, False, 4
685,0, 340, False, 4
686,0, 340, False, 4
687,0, 340, False, 4
688,0, 340, False, 4
689,0, 340, False, 4
690,0, 340, False, 4
691,0, 340, False, 9
692,0, 340, False, 9
693,0, 340, False, 9
694,10, 350, False, 9
695,0, 350, False, 9
696,0, 350, False, 5
697,0, 350, False, 5
698,0, 350, False, 5
699,0, 350, False, 5
700,0, 350, False, 5
701,0, 350, False, 5
702,0, 350, False, 5
703,0, 350, False, 5
704,0, 350, False, 5
705,0, 350, False, 5
706,10, 360, False, 5
707,0, 360, False, 5
708,0, 360, False, 5
709,0, 360, False, 5
710,0, 360, False, 5
711,0, 360, False, 5
712,200, 560, False, 5
713,0, 560, False, 5
714,0, 560, False, 5
715,0, 560, False, 5
716,0, 560, False, 5
717,0, 560, False, 5
718,0, 560, False, 5
719,0, 560, False, 9
720,0, 560, False, 9
721,0, 560, False, 9
722,0, 560, False, 9
723,0, 560, False, 9
724,0, 560, False, 9
725,0, 560, False, 9
726,0, 560, False, 9
727,0, 560, False, 9
728,0, 560, False, 9
729,0, 560, False, 4
730,0, 560, False, 4
731,0, 560, False, 4
732,0, 560, False, 4
733,0, 560, False, 4
734,0, 560, False, 4
735,0, 560, False, 4
736,0, 560, False, 4
737,0, 560, False, 4
738,0, 560, False, 4
739,0, 560, False, 4
740,10, 570, False, 4
741,0, 570, False, 4
742,0, 570, False, 4
743,0, 570, False, 4
744,0, 570, False, 4
745,0, 570, False, 4
746,0, 570, False, 4
747,0, 570, False, 4
748,0, 570, False, 4
749,0, 570, False, 4
750,0, 570, False, 4
751,0, 570, False, 4
752,0, 570, False, 4
753,0, 570, False, 4
754,0, 570, False, 4
755,0, 570, False, 4
756,10, 580, False, 4
757,0, 580, False, 4
758,0, 580, False, 4
759,0, 580, False, 4
760,0, 580, False, 4
761,0, 580, False, 4
762,0, 580, False, 4
763,0, 580, False, 4
764,0, 580, False, 4
765,0, 580, False, 4
766,0, 580, False, 4
767,0, 580, False, 4
768,0, 580, False, 4
769,0, 580, False, 4
770,10, 590, False, 4
771,0, 590, False, 4
772,0, 590, False, 4
773,0, 590, False, 4
774,0, 590, False, 4
775,0, 590, False, 4
776,0, 590, False, 4
777,0, 590, False, 4
778,0, 590, False, 4
779,0, 590, False, 4
780,0, 590, False, 4
781,0, 590, False, 4
782,10, 600, False, 4
783,0, 600, False, 4
784,0, 600, False, 4
785,0, 600, False, 4
786,0, 600, False, 4
787,0, 600, False, 4
788,0, 600, False, 4
789,0, 600, False, 4
790,0, 600, False, 4
791,0, 600, False, 4
792,0, 600, False, 4
793,0, 600, False, 4
794,0, 600, False, 4
795,0, 600, False, 4
796,10, 610, False, 4
797,0, 610, False, 4
798,0, 610, False, 4
799,0, 610, False, 4
800,0, 610, False, 4
801,0, 610, False, 4
802,0, 610, False, 4
803,0, 610, False, 4
804,0, 610, False, 4
805,0, 610, False, 4
806,0, 610, False, 4
807,0, 610, False, 4
808,0, 610, False, 4
809,0, 610, False, 4
810,10, 620, False, 4
811,0, 620, False, 4
812,0, 620, False, 4
813,0, 620, False, 4
814,0, 620, False, 4
815,0, 620, False, 4
816,0, 620, False, 4
817,0, 620, False, 4
818,0, 620, False, 4
819,0, 620, False, 4
820,0, 620, False, 4
821,0, 620, False, 4
822,0, 620, False, 4
823,0, 620, False, 4
824,0, 620, False, 4
825,0, 620, False, 4
826,0, 620, False, 4
827,0, 620, False, 4
828,10, 630, False, 4
829,0, 630, False, 4
830,0, 630, False, 4
831,0, 630, False, 4
832,0, 630, False, 4
833,0, 630, False, 4
834,0, 630, False, 4
835,0, 630, False, 4
836,0, 630, False, 4
837,0, 630, False, 4
838,0, 630, False, 4
839,0, 630, False, 4
840,0, 630, False, 4
841,0, 630, False, 4
842,10, 640, False, 4
843,0, 640, False, 9
844,0, 640, False, 9
845,0, 640, False, 9
846,0, 640, False, 9
847,0, 640, False, 9
848,0, 640, False, 9
849,0, 640, False, 9
850,0, 640, False, 9
851,0, 640, False, 9
852,0, 640, False, 5
853,0, 640, False, 5
854,10, 650, False, 5
855,0, 650, False, 5
856,0, 650, False, 5
857,0, 650, False, 5
858,0, 650, False, 5
859,0, 650, False, 5
860,0, 650, False, 5
861,0, 650, False, 5
862,0, 650, False, 5
863,0, 650, False, 5
864,0, 650, False, 5
865,0, 650, False, 5
866,10, 660, False, 5
867,0, 660, False, 5
868,0, 660, False, 5
869,0, 660, False, 5
870,0, 660, False, 5
871,0, 660, False, 5
872,0, 660, False, 5
873,0, 660, False, 5
874,0, 660, False, 5
875,0, 660, False, 5
876,0, 660, False, 5
877,0, 660, False, 5
878,0, 660, False, 5
879,0, 660, False, 5
880,10, 670, False, 5
881,0, 670, False, 5
882,0, 670, False, 5
883,0, 670, False, 5
884,0, 670, False, 5
885,0, 670, False, 5
886,0, 670, False, 5
887,0, 670, False, 5
888,0, 670, False, 5
889,0, 670, False, 5
890,0, 670, False, 5
891,0, 670, False, 5
892,0, 670, False, 5
893,0, 670, False, 5
894,10, 680, False, 5
895,0, 680, False, 5
896,0, 680, False, 9
897,0, 680, False, 9
898,0, 680, False, 9
899,0, 680, False, 9
900,0, 680, False, 9
901,0, 680, False, 9
902,0, 680, False, 9
903,0, 680, False, 9
904,0, 680, False, 4
905,0, 680, False, 4
906,0, 680, False, 4
907,0, 680, False, 4
908,10, 690, False, 4
909,0, 690, False, 4
910,0, 690, False, 4
911,0, 690, False, 4
912,0, 690, False, 4
913,0, 690, False, 4
914,0, 690, False, 4
915,0, 690, False, 4
916,0, 690, False, 4
917,0, 690, False, 4
918,0, 690, False, 4
919,0, 690, False, 4
920,0, 690, False, 4
921,0, 690, False, 4
922,0, 690, False, 4
923,0, 690, False, 4
924,10, 700, False, 4
925,0, 700, False, 4
926,0, 700, False, 4
927,0, 700, False, 4
928,0, 700, False, 4
929,0, 700, False, 4
930,0, 700, False, 4
931,0, 700, False, 4
932,0, 700, False, 4
933,0, 700, False, 4
934,0, 700, False, 4
935,0, 700, False, 4
936,0, 700, False, 4
937,0, 700, False, 4
938,10, 710, False, 4
939,0, 710, False, 4
940,0, 710, False, 4
941,0, 710, False, 4
942,0, 710, False, 4
943,0, 710, False, 4
944,0, 710, False, 4
945,0, 710, False, 4
946,0, 710, False, 4
947,0, 710, False, 4
948,0, 710, False, 9
949,0, 710, False, 9
950,10, 720, False, 9
951,0, 720, False, 9
952,0, 720, False, 9
953,0, 720, False, 9
954,0, 720, False, 9
955,0, 720, False, 9
956,0, 720, False, 5
957,0, 720, False, 5
958,0, 720, False, 5
959,0, 720, False, 5
960,0, 720, False, 5
961,0, 720, False, 5
962,10, 730, False, 5
963,0, 730, False, 5
964,0, 730, False, 5
965,0, 730, False, 5
966,0, 730, False, 5
967,0, 730, False, 5
968,0, 730, False, 5
969,0, 730, False, 5
970,0, 730, False, 5
971,0, 730, False, 9
972,0, 730, False, 9
973,0, 730, False, 9
974,0, 730, False, 9
975,0, 730, False, 9
976,10, 740, False, 9
977,0, 740, False, 4
978,0, 740, False, 4
979,0, 740, False, 4
980,0, 740, False, 4
981,0, 740, False, 4
982,0, 740, False, 4
983,0, 740, False, 4
984,0, 740, False, 4
985,0, 740, False, 4
986,0, 740, False, 4
987,0, 740, False, 4
988,0, 740, False, 4
989,0, 740, False, 4
990,0, 740, False, 4
991,0, 740, False, 4
992,10, 750, False, 4
993,0, 750, False, 4
994,0, 750, False, 4
995,0, 750, False, 4
996,0, 750, False, 4
997,0, 750, False, 4
998,0, 750, False, 4
999,0, 750, False, 4
1000,0, 750, False, 4
1001,0, 750, False, 4
1002,0, 750, False, 4
1003,0, 750, False, 4
1004,0, 750, False, 4
1005,0, 750, False, 4
1006,10, 760, False, 4
1007,0, 760, False, 4
1008,0, 760, False, 4
1009,0, 760, False, 4
1010,0, 760, False, 4
1011,0, 760, False, 4
1012,0, 760, False, 9
1013,0, 760, False, 9
1014,0, 760, False, 9
1015,0, 760, False, 9
1016,0, 760, False, 9
1017,0, 760, False, 9
1018,10, 770, False, 9
1019,0, 770, False, 9
1020,0, 770, False, 9
1021,0, 770, False, 5
1022,0, 770, False, 5
1023,0, 770, False, 5
1024,0, 770, False, 5
1025,0, 770, False, 5
1026,400, 1170, False, 5
1027,0, 1170, False, 5
1028,0, 1170, False, 5
1029,0, 1170, False, 5
1030,0, 1170, False, 5
1031,0, 1170, False, 5
1032,0, 1170, False, 5
1033,0, 1170, False, 5
1034,0, 1170, False, 5
1035,0, 1170, False, 5
1036,0, 1170, False, 5
1037,0, 1170, False, 5
1038,0, 1170, False, 5
1039,0, 1170, False, 5
1040,0, 1170, False, 5
1041,0, 1170, False, 5
1042,0, 1170, False, 5
1043,0, 1170, False, 5
1044,0, 1170, False, 5
1045,0, 1170, False, 5
1046,0, 1170, False, 5
1047,0, 1170, False, 5
1048,10, 1180, False, 5
1049,0, 1180, False, 5
1050,0, 1180, False, 5
1051,0, 1180, False, 5
1052,0, 1180, False, 5
1053,0, 1180, False, 5
1054,0, 1180, False, 5
1055,0, 1180, False, 5
1056,0, 1180, False, 5
1057,0, 1180, False, 5
1058,0, 1180, False, 5
1059,0, 1180, False, 5
1060,50, 1230, False, 5
1061,0, 1230, False, 5
1062,0, 1230, False, 5
1063,0, 1230, False, 5
1064,0, 1230, False, 5
1065,0, 1230, False, 5
1066,0, 1230, False, 5
1067,0, 1230, False, 5
1068,0, 1230, False, 5
1069,0, 1230, False, 5
1070,0, 1230, False, 5
1071,0, 1230, False, 5
1072,0, 1230, False, 5
1073,0, 1230, False, 5
1074,10, 1240, False, 5
1075,0, 1240, False, 5
1076,200, 1440, False, 5
1077,0, 1440, False, 5
1078,0, 1440, False, 5
1079,0, 1440, False, 5
1080,0, 1440, False, 5
1081,0, 1440, False, 5
1082,0, 1440, False, 8
1083,0, 1440, False, 8
1084,0, 1440, False, 8
1085,0, 1440, False, 8
1086,0, 1440, False, 8
1087,0, 1440, False, 8
1088,0, 1440, False, 8
1089,0, 1440, False, 8
1090,0, 1440, False, 3
1091,0, 1440, False, 3
1092,0, 1440, False, 3
1093,0, 1440, False, 3
1094,0, 1440, False, 3
1095,0, 1440, False, 3
1096,0, 1440, False, 3
1097,0, 1440, False, 3
1098,0, 1440, False, 3
1099,0, 1440, False, 3
1100,0, 1440, False, 3
1101,0, 1440, False, 3
1102,0, 1440, False, 3
1103,0, 1440, False, 3
1104,10, 1450, False, 3
1105,0, 1450, False, 3
1106,0, 1450, False, 3
1107,0, 1450, False, 3
1108,0, 1450, False, 3
1109,0, 1450, False, 3
1110,0, 1450, False, 3
1111,0, 1450, False, 3
1112,0, 1450, False, 3
1113,0, 1450, False, 3
1114,0, 1450, False, 3
1115,0, 1450, False, 3
1116,0, 1450, False, 3
1117,0, 1450, False, 3
1118,10, 1460, False, 3
1119,0, 1460, False, 3
1120,0, 1460, False, 3
1121,0, 1460, False, 3
1122,0, 1460, False, 3
1123,0, 1460, False, 3
1124,0, 1460, False, 3
1125,0, 1460, False, 3
1126,0, 1460, False, 3
1127,0, 1460, False, 3
1128,0, 1460, False, 3
1129,0, 1460, False, 3
1130,10, 1470, False, 3
1131,0, 1470, False, 3
1132,0, 1470, False, 3
1133,0, 1470, False, 3
1134,0, 1470, False, 3
1135,0, 1470, False, 3
1136,0, 1470, False, 3
1137,0, 1470, False, 3
1138,0, 1470, False, 3
1139,0, 1470, False, 3
1140,0, 1470, False, 3
1141,0, 1470, False, 3
1142,0, 1470, False, 3
1143,0, 1470, False, 3
1144,10, 1480, False, 3
1145,0, 1480, False, 3
1146,0, 1480, False, 3
1147,0, 1480, False, 3
1148,0, 1480, False, 3
1149,0, 1480, False, 3
1150,0, 1480, False, 3
1151,0, 1480, False, 3
1152,0, 1480, False, 3
1153,0, 1480, False, 3
1154,0, 1480, False, 3
1155,0, 1480, False, 3
1156,0, 1480, False, 3
1157,0, 1480, False, 3
1158,10, 1490, False, 3
1159,0, 1490, False, 3
1160,0, 1490, False, 3
1161,0, 1490, False, 3
1162,0, 1490, False, 3
1163,0, 1490, False, 3
1164,0, 1490, False, 3
1165,0, 1490, False, 3
1166,0, 1490, False, 6
1167,0, 1490, False, 6
1168,0, 1490, False, 6
1169,0, 1490, False, 6
1170,10, 1500, False, 6
1171,0, 1500, False, 6
1172,0, 1500, False, 6
1173,0, 1500, False, 6
1174,0, 1500, False, 6
1175,0, 1500, False, 6
1176,0, 1500, False, 6
1177,0, 1500, False, 6
1178,0, 1500, False, 6
1179,0, 1500, False, 6
1180,0, 1500, False, 2
1181,0, 1500, False, 2
1182,0, 1500, False, 2
1183,0, 1500, False, 2
1184,10, 1510, False, 2
1185,0, 1510, False, 2
1186,0, 1510, False, 2
1187,0, 1510, False, 2
1188,0, 1510, False, 2
1189,0, 1510, False, 2
1190,0, 1510, False, 2
1191,0, 1510, False, 2
1192,0, 1510, False, 2
1193,0, 1510, False, 2
1194,0, 1510, False, 2
1195,0, 1510, False, 2
1196,0, 1510, False, 2
1197,0, 1510, False, 2
1198,0, 1510, False, 2
1199,0, 1510, False, 2
1200,0, 1510, False, 2
1201,0, 1510, False, 7
1202,10, 1520, False, 7
1203,0, 1520, False, 7
1204,0, 1520, False, 7
1205,0, 1520, False, 7
1206,0, 1520, False, 7
1207,0, 1520, False, 7
1208,0, 1520, False, 7
1209,0, 1520, False, 4
1210,0, 1520, False, 4
1211,0, 1520, False, 4
1212,0, 1520, False, 4
1213,0, 1520, False, 4
1214,0, 1520, False, 4
1215,0, 1520, False, 4
1216,10, 1530, False, 4
1217,0, 1530, False, 4
1218,0, 1530, False, 4
1219,0, 1530, False, 4
1220,0, 1530, False, 4
1221,0, 1530, False, 4
1222,0, 1530, False, 4
1223,0, 1530, False, 4
1224,0, 1530, False, 4
1225,0, 1530, False, 7
1226,10, 1540, False, 7
1227,0, 1540, False, 7
1228,0, 1540, False, 7
1229,0, 1540, False, 7
1230,0, 1540, False, 7
1231,0, 1540, False, 7
1232,0, 1540, False, 7
1233,0, 1540, False, 7
1234,0, 1540, False, 2
1235,0, 1540, False, 2
1236,0, 1540, False, 2
1237,0, 1540, False, 2
1238,0, 1540, False, 2
1239,0, 1540, False, 2
1240,10, 1550, False, 2
1241,0, 1550, False, 2
1242,0, 1550, False, 2
1243,0, 1550, False, 2
1244,0, 1550, False, 2
1245,0, 1550, False, 2
1246,0, 1550, False, 2
1247,0, 1550, False, 2
1248,0, 1550, False, 2
1249,0, 1550, False, 2
1250,0, 1550, False, 2
1251,0, 1550, False, 2
1252,0, 1550, False, 2
1253,0, 1550, False, 2
1254,0, 1550, False, 2
1255,0, 1550, False, 2
1256,10, 1560, False, 2
1257,0, 1560, False, 2
1258,0, 1560, False, 2
1259,0, 1560, False, 2
1260,0, 1560, False, 2
1261,0, 1560, False, 2
1262,0, 1560, False, 2
1263,0, 1560, False, 2
1264,0, 1560, False, 2
1265,0, 1560, False, 2
1266,0, 1560, False, 2
1267,0, 1560, False, 2
1268,0, 1560, False, 2
1269,0, 1560, False, 2
1270,10, 1570, False, 2
1271,0, 1570, False, 2
1272,0, 1570, False, 2
1273,0, 1570, False, 2
1274,0, 1570, False, 2
1275,0, 1570, False, 2
1276,0, 1570, False, 6
1277,0, 1570, False, 6
1278,0, 1570, False, 6
1279,0, 1570, False, 6
1280,0, 1570, False, 6
1281,0, 1570, False, 6
1282,0, 1570, False, 6
1283,0, 1570, False, 6
1284,0, 1570, False, 3
1285,0, 1570, False, 3
1286,0, 1570, False, 3
1287,0, 1570, False, 3
1288,0, 1570, False, 3
1289,0, 1570, False, 3
1290,0, 1570, False, 3
1291,0, 1570, False, 3
1292,0, 1570, False, 6
1293,0, 1570, False, 6
1294,0, 1570, False, 6
1295,0, 1570, False, 6
1296,0, 1570, False, 6
1297,0, 1570, False, 6
1298,0, 1570, False, 2
1299,0, 1570, False, 2
1300,0, 1570, False, 2
1301,0, 1570, False, 2
1302,0, 1570, False, 2
1303,0, 1570, False, 2
1304,0, 1570, False, 2
1305,0, 1570, False, 2
1306,0, 1570, False, 2
1307,0, 1570, False, 2
1308,0, 1570, False, 2
1309,0, 1570, False, 2
1310,0, 1570, False, 2
1311,0, 1570, False, 2
1312,0, 1570, False, 2
1313,0, 1570, False, 2
1314,0, 1570, False, 2
1315,0, 1570, False, 2
1316,0, 1570, False, 2
1317,0, 1570, False, 2
1318,0, 1570, False, 2
1319,0, 1570, False, 2
1320,0, 1570, False, 2
1321,0, 1570, False, 2
1322,0, 1570, False, 2
1323,0, 1570, False, 2
1324,0, 1570, False, 2
1325,0, 1570, False, 2
1326,0, 1570, False, 2
1327,0, 1570, False, 2
1328,0, 1570, False, 2
1329,0, 1570, False, 2
1330,0, 1570, False, 2
1331,0, 1570, False, 2
1332,0, 1570, False, 2
1333,0, 1570, False, 2
1334,0, 1570, False, 7
1335,0, 1570, False, 7
1336,0, 1570, False, 7
1337,0, 1570, False, 7
1338,100, 1670, False, 7
1339,0, 1670, False, 7
1340,0, 1670, False, 7
1341,0, 1670, False, 7
1342,0, 1670, False, 7
1343,0, 1670, False, 4
1344,0, 1670, False, 4
1345,0, 1670, False, 4
1346,0, 1670, False, 4
1347,0, 1670, False, 4
1348,0, 1670, False, 4
1349,0, 1670, False, 4
1350,0, 1670, False, 4
1351,0, 1670, False, 4
1352,0, 1670, False, 4
1353,0, 1670, False, 4
1354,0, 1670, False, 4
1355,0, 1670, False, 4
1356,0, 1670, False, 4
1357,0, 1670, False, 4
1358,0, 1670, False, 4
1359,0, 1670, False, 4
1360,0, 1670, False, 4
1361,0, 1670, False, 4
1362,0, 1670, False, 4
1363,0, 1670, False, 4
1364,0, 1670, False, 4
1365,0, 1670, False, 4
1366,0, 1670, False, 4
1367,0, 1670, False, 4
1368,10, 1680, False, 4
1369,0, 1680, False, 4
1370,0, 1680, False, 4
1371,0, 1680, False, 4
1372,0, 1680, False, 4
1373,0, 1680, False, 4
1374,0, 1680, False, 4
1375,0, 1680, False, 4
1376,0, 1680, False, 4
1377,0, 1680, False, 4
1378,0, 1680, False, 4
1379,0, 1680, False, 4
1380,0, 1680, False, 4
1381,0, 1680, False, 4
1382,10, 1690, False, 4
1383,0, 1690, False, 4
1384,0, 1690, False, 4
1385,0, 1690, False, 4
1386,0, 1690, False, 4
1387,0, 1690, False, 4
1388,0, 1690, False, 4
1389,0, 1690, False, 4
1390,0, 1690, False, 4
1391,0, 1690, False, 4
1392,0, 1690, False, 4
1393,0, 1690, False, 4
1394,10, 1700, False, 4
1395,0, 1700, False, 4
1396,0, 1700, False, 7
1397,0, 1700, False, 7
1398,0, 1700, False, 7
1399,0, 1700, False, 7
1400,0, 1700, False, 7
1401,0, 1700, False, 7
1402,0, 1700, False, 7
1403,0, 1700, False, 7
1404,0, 1700, False, 2
1405,0, 1700, False, 2
1406,0, 1700, False, 2
1407,0, 1700, False, 2
1408,0, 1700, False, 2
1409,0, 1700, False, 2
1410,10, 1710, False, 2
1411,0, 1710, False, 2
1412,0, 1710, False, 2
1413,0, 1710, False, 2
1414,0, 1710, False, 2
1415,0, 1710, False, 2
1416,0, 1710, False, 2
1417,0, 1710, False, 2
1418,0, 1710, False, 2
1419,0, 1710, False, 7
1420,0, 1710, False, 7
1421,0, 1710, False, 7
1422,0, 1710, False, 7
1423,0, 1710, False, 7
1424,10, 1720, False, 7
1425,0, 1720, False, 4
1426,0, 1720, False, 4
1427,0, 1720, False, 4
1428,0, 1720, False, 4
1429,0, 1720, False, 4
1430,0, 1720, False, 4
1431,0, 1720, False, 4
1432,0, 1720, False, 4
1433,0, 1720, False, 4
1434,0, 1720, False, 4
1435,0, 1720, False, 4
1436,10, 1730, False, 4
1437,0, 1730, False, 4
1438,0, 1730, False, 4
1439,0, 1730, False, 4
1440,0, 1730, False, 4
1441,0, 1730, False, 4
1442,0, 1730, False, 4
1443,0, 1730, False, 4
1444,0, 1730, False, 4
1445,0, 1730, False, 4
1446,0, 1730, False, 4
1447,0, 1730, False, 4
1448,0, 1730, False, 4
1449,0, 1730, False, 4
1450,10, 1740, False, 4
1451,0, 1740, False, 4
1452,0, 1740, False, 4
1453,0, 1740, False, 4
1454,0, 1740, False, 4
1455,0, 1740, False, 4
1456,0, 1740, False, 4
1457,0, 1740, False, 4
1458,0, 1740, False, 4
1459,0, 1740, False, 4
1460,0, 1740, False, 4
1461,0, 1740, False, 4
1462,10, 1750, False, 4
1463,0, 1750, False, 4
1464,0, 1750, False, 0
1465,0, 1750, False, 0
1466,0, 1750, False, 0
1467,0, 1750, False, 0
1468,0, 1750, False, 0
1469,0, 1750, False, 3
1470,0, 1750, False, 3
1471,0, 1750, False, 3
1472,0, 1750, False, 3
1473,0, 1750, False, 3
1474,0, 1750, False, 3
1475,0, 1750, False, 3
1476,0, 1750, False, 3
1477,0, 1750, False, 3
1478,0, 1750, False, 3
1479,0, 1750, False, 3
1480,0, 1750, False, 3
1481,0, 1750, False, 3
1482,0, 1750, False, 3
1483,0, 1750, False, 3
1484,0, 1750, False, 3
1485,0, 1750, False, 3
1486,0, 1750, False, 3
1487,0, 1750, False, 3
1488,0, 1750, False, 3
1489,0, 1750, False, 3
1490,0, 1750, False, 3
1491,0, 1750, False, 3
1492,0, 1750, False, 6
1493,0, 1750, False, 6
1494,0, 1750, False, 6
1495,0, 1750, False, 6
1496,0, 1750, False, 6
1497,0, 1750, False, 6
1498,0, 1750, False, 6
1499,0, 1750, False, 2
1500,0, 1750, False, 2
1501,0, 1750, False, 2
1502,0, 1750, False, 2
1503,0, 1750, False, 2
1504,0, 1750, False, 2
1505,0, 1750, False, 2
1506,0, 1750, False, 2
1507,0, 1750, False, 2
1508,0, 1750, False, 2
1509,0, 1750, False, 2
1510,0, 1750, False, 2
1511,0, 1750, False, 2
1512,0, 1750, False, 2
1513,0, 1750, False, 2
1514,10, 1760, False, 2
1515,0, 1760, False, 2
1516,0, 1760, False, 2
1517,0, 1760, False, 2
1518,0, 1760, False, 2
1519,0, 1760, False, 2
1520,0, 1760, False, 2
1521,0, 1760, False, 2
1522,0, 1760, False, 2
1523,0, 1760, False, 7
1524,400, 2160, False, 7
1525,0, 2160, False, 7
1526,0, 2160, False, 7
1527,0, 2160, False, 7
1528,0, 2160, False, 7
1529,0, 2160, False, 7
1530,0, 2160, False, 4
1531,0, 2160, False, 4
1532,0, 2160, False, 4
1533,0, 2160, False, 4
1534,0, 2160, False, 4
1535,0, 2160, False, 4
1536,0, 2160, False, 4
1537,0, 2160, False, 4
1538,0, 2160, False, 4
1539,0, 2160, False, 4
1540,0, 2160, False, 4
1541,0, 2160, False, 4
1542,0, 2160, False, 4
1543,0, 2160, False, 4
1544,10, 2170, False, 4
1545,0, 2170, False, 4
1546,0, 2170, False, 4
1547,0, 2170, False, 4
1548,0, 2170, False, 4
1549,0, 2170, False, 4
1550,0, 2170, False, 4
1551,0, 2170, False, 4
1552,0, 2170, False, 4
1553,0, 2170, False, 4
1554,10, 2180, False, 4
1555,0, 2180, False, 4
1556,0, 2180, False, 4
1557,0, 2180, False, 4
1558,0, 2180, False, 4
1559,0, 2180, False, 4
1560,0, 2180, False, 4
1561,0, 2180, False, 4
1562,0, 2180, False, 4
1563,0, 2180, False, 4
1564,0, 2180, False, 4
1565,0, 2180, False, 4
1566,0, 2180, False, 4
1567,0, 2180, False, 4
1568,10, 2190, False, 4
1569,0, 2190, False, 4
1570,0, 2190, False, 4
1571,0, 2190, False, 4
1572,0, 2190, False, 4
1573,0, 2190, False, 4
1574,0, 2190, False, 4
1575,0, 2190, False, 4
1576,0, 2190, False, 4
1577,0, 2190, False, 4
1578,0, 2190, False, 4
1579,0, 2190, False, 9
1580,0, 2190, False, 9
1581,0, 2190, False, 9
1582,10, 2200, False, 9
1583,0, 2200, False, 9
1584,0, 2200, False, 9
1585,0, 2200, False, 9
1586,0, 2200, False, 9
1587,0, 2200, False, 5
1588,0, 2200, False, 5
1589,0, 2200, False, 5
1590,50, 2250, False, 5
1591,0, 2250, False, 5
1592,0, 2250, False, 5
1593,0, 2250, False, 5
1594,0, 2250, False, 5
1595,0, 2250, False, 5
1596,0, 2250, False, 5
1597,0, 2250, False, 5
1598,0, 2250, False, 5
1599,0, 2250, False, 5
1600,0, 2250, False, 5
1601,0, 2250, False, 5
1602,0, 2250, False, 5
1603,0, 2250, False, 5
1604,0, 2250, False, 8
1605,0, 2250, False, 8
1606,0, 2250, False, 8
1607,0, 2250, False, 8
1608,0, 2250, False, 3
1609,0, 2250, False, 3
1610,0, 2250, False, 3
1611,0, 2250, False, 3
1612,0, 2250, False, 3
1613,0, 2250, False, 3
1614,0, 2250, False, 3
1615,0, 2250, False, 3
1616,0, 2250, False, 3
1617,0, 2250, False, 3
1618,0, 2250, False, 3
1619,0, 2250, False, 3
1620,0, 2250, False, 3
1621,0, 2250, False, 3
1622,0, 2250, False, 3
1623,0, 2250, False, 3
1624,0, 2250, False, 3
1625,0, 2250, False, 3
1626,0, 2250, False, 3
1627,0, 2250, False, 3
1628,0, 2250, False, 3
1629,0, 2250, False, 3
1630,0, 2250, False, 3
1631,0, 2250, False, 3
1632,0, 2250, False, 3
1633,0, 2250, False, 3
1634,0, 2250, False, 3
1635,0, 2250, False, 3
1636,0, 2250, False, 3
1637,0, 2250, False, 3
1638,0, 2250, False, 3
1639,0, 2250, False, 3
1640,0, 2250, False, 3
1641,0, 2250, False, 3
1642,200, 2450, False, 3
1643,0, 2450, False, 3
1644,0, 2450, False, 3
1645,0, 2450, False, 3
1646,0, 2450, False, 3
1647,0, 2450, False, 3
1648,0, 2450, False, 3
1649,0, 2450, False, 3
1650,0, 2450, False, 3
1651,0, 2450, False, 3
1652,0, 2450, False, 3
1653,0, 2450, False, 3
1654,0, 2450, False, 3
1655,0, 2450, False, 3
1656,0, 2450, False, 3
1657,0, 2450, False, 3
1658,0, 2450, False, 3
1659,0, 2450, False, 3
1660,0, 2450, False, 3
1661,0, 2450, False, 3
1662,0, 2450, False, 3
1663,0, 2450, False, 3
1664,0, 2450, False, 3
1665,0, 2450, False, 3
1666,10, 2460, False, 3
1667,0, 2460, False, 3
1668,0, 2460, False, 3
1669,0, 2460, False, 3
1670,0, 2460, False, 3
1671,0, 2460, False, 3
1672,0, 2460, False, 3
1673,0, 2460, False, 3
1674,0, 2460, False, 3
1675,0, 2460, False, 3
1676,0, 2460, False, 3
1677,0, 2460, False, 3
1678,10, 2470, False, 3
1679,0, 2470, False, 3
1680,0, 2470, False, 8
1681,0, 2470, False, 8
1682,0, 2470, False, 8
1683,0, 2470, False, 8
1684,0, 2470, False, 8
1685,0, 2470, False, 8
1686,0, 2470, False, 8
1687,0, 2470, False, 8
1688,0, 2470, False, 8
1689,0, 2470, False, 8
1690,0, 2470, False, 8
1691,0, 2470, False, 8
1692,10, 2480, False, 5
1693,0, 2480, False, 5
1694,0, 2480, False, 5
1695,0, 2480, False, 5
1696,0, 2480, False, 5
1697,0, 2480, False, 5
1698,0, 2480, False, 5
1699,0, 2480, False, 5
1700,0, 2480, False, 5
1701,0, 2480, False, 5
1702,0, 2480, False, 5
1703,0, 2480, False, 5
1704,0, 2480, False, 5
1705,0, 2480, False, 5
1706,10, 2490, False, 5
1707,0, 2490, False, 5
1708,0, 2490, False, 5
1709,0, 2490, False, 5
1710,0, 2490, False, 5
1711,0, 2490, False, 5
1712,0, 2490, False, 5
1713,0, 2490, False, 5
1714,0, 2490, False, 5
1715,0, 2490, False, 5
1716,0, 2490, False, 5
1717,0, 2490, False, 5
1718,0, 2490, False, 5
1719,0, 2490, False, 5
1720,0, 2490, False, 5
1721,0, 2490, False, 5
1722,0, 2490, False, 5
1723,0, 2490, False, 5
1724,0, 2490, False, 5
1725,0, 2490, False, 5
1726,0, 2490, False, 5
1727,0, 2490, False, 5
1728,0, 2490, False, 5
1729,0, 2490, False, 5
1730,0, 2490, False, 5
1731,0, 2490, False, 5
1732,0, 2490, False, 5
1733,0, 2490, False, 5
1734,0, 2490, False, 5
1735,0, 2490, False, 5
1736,0, 2490, False, 5
1737,0, 2490, False, 5
1738,0, 2490, False, 5
1739,0, 2490, False, 5
1740,0, 2490, False, 5
1741,0, 2490, False, 5
1742,0, 2490, False, 5
1743,0, 2490, False, 5
1744,0, 2490, False, 5
1745,0, 2490, False, 5
1746,0, 2490, False, 5
1747,0, 2490, False, 5
1748,0, 2490, False, 5
1749,0, 2490, False, 5
1750,0, 2490, False, 5
1751,0, 2490, False, 5
1752,0, 2490, False, 5
1753,0, 2490, False, 5
1754,0, 2490, False, 5
1755,0, 2490, False, 5
1756,0, 2490, False, 5
1757,0, 2490, False, 5
1758,0, 2490, False, 5
1759,0, 2490, False, 5
1760,0, 2490, False, 5
1761,0, 2490, False, 5
1762,0, 2490, False, 5
1763,0, 2490, False, 5
1764,0, 2490, False, 5
1765,0, 2490, False, 5
1766,0, 2490, False, 5
1767,0, 2490, False, 5
1768,400, 2890, False, 5
1769,0, 2890, False, 5
1770,0, 2890, False, 5
1771,0, 2890, False, 5
1772,0, 2890, False, 5
1773,0, 2890, False, 5
1774,0, 2890, False, 5
1775,0, 2890, False, 5
1776,0, 2890, False, 5
1777,0, 2890, False, 5
1778,0, 2890, False, 5
1779,0, 2890, False, 5
1780,0, 2890, False, 8
1781,0, 2890, False, 8
1782,0, 2890, False, 8
1783,0, 2890, False, 8
1784,0, 2890, False, 8
1785,0, 2890, False, 8
1786,0, 2890, False, 3
1787,0, 2890, False, 3
1788,0, 2890, False, 3
1789,0, 2890, False, 3
1790,0, 2890, False, 3
1791,0, 2890, False, 3
1792,0, 2890, False, 3
1793,0, 2890, False, 3
1794,0, 2890, False, 3
1795,0, 2890, False, 3
1796,0, 2890, False, 3
1797,0, 2890, False, 3
1798,0, 2890, False, 3
1799,0, 2890, False, 3
1800,0, 2890, False, 3
1801,0, 2890, False, 3
1802,0, 2890, False, 3
1803,0, 2890, False, 3
1804,0, 2890, False, 3
1805,0, 2890, False, 3
1806,0, 2890, False, 3
1807,0, 2890, False, 3
1808,0, 2890, False, 3
1809,0, 2890, False, 3
1810,0, 2890, False, 3
1811,0, 2890, False, 3
1812,0, 2890, False, 3
1813,0, 2890, False, 3
1814,0, 2890, False, 3
1815,0, 2890, False, 3
1816,0, 2890, False, 3
1817,0, 2890, False, 3
1818,0, 2890, False, 3
1819,0, 2890, False, 3
1820,0, 2890, False, 3
1821,0, 2890, False, 3
1822,0, 2890, False, 3
1823,0, 2890, False, 3
1824,0, 2890, False, 3
1825,0, 2890, False, 3
1826,10, 2900, False, 3
1827,0, 2900, False, 3
1828,0, 2900, False, 3
1829,0, 2900, False, 3
1830,0, 2900, False, 3
1831,0, 2900, False, 3
1832,0, 2900, False, 3
1833,0, 2900, False, 3
1834,0, 2900, False, 3
1835,0, 2900, False, 3
1836,0, 2900, False, 3
1837,0, 2900, False, 3
1838,10, 2910, False, 3
1839,0, 2910, False, 3
1840,0, 2910, False, 3
1841,0, 2910, False, 3
1842,0, 2910, False, 3
1843,0, 2910, False, 3
1844,0, 2910, False, 6
1845,0, 2910, False, 6
1846,0, 2910, False, 6
1847,0, 2910, False, 6
1848,0, 2910, False, 6
1849,0, 2910, False, 6
1850,0, 2910, False, 6
1851,0, 2910, False, 6
1852,10, 2920, False, 6
1853,0, 2920, False, 6
1854,0, 2920, False, 2
1855,0, 2920, False, 2
1856,0, 2920, False, 2
1857,0, 2920, False, 2
1858,0, 2920, False, 2
1859,0, 2920, False, 2
1860,0, 2920, False, 2
1861,0, 2920, False, 2
1862,0, 2920, False, 2
1863,0, 2920, False, 2
1864,0, 2920, False, 2
1865,0, 2920, False, 2
1866,0, 2920, False, 2
1867,0, 2920, False, 2
1868,0, 2920, False, 2
1869,0, 2920, False, 2
1870,10, 2930, False, 2
1871,0, 2930, False, 2
1872,0, 2930, False, 2
1873,0, 2930, False, 2
1874,0, 2930, False, 2
1875,0, 2930, False, 2
1876,0, 2930, False, 2
1877,0, 2930, False, 2
1878,0, 2930, False, 2
1879,0, 2930, False, 2
1880,0, 2930, False, 2
1881,0, 2930, False, 2
1882,0, 2930, False, 2
1883,0, 2930, False, 2
1884,10, 2940, False, 2
1885,0, 2940, False, 2
1886,0, 2940, False, 2
1887,0, 2940, False, 2
1888,0, 2940, False, 2
1889,0, 2940, False, 2
1890,0, 2940, False, 2
1891,0, 2940, False, 2
1892,0, 2940, False, 2
1893,0, 2940, False, 2
1894,0, 2940, False, 2
1895,0, 2940, False, 2
1896,0, 2940, False, 2
1897,0, 2940, False, 2
1898,10, 2950, False, 2
1899,0, 2950, False, 2
1900,0, 2950, False, 2
1901,0, 2950, False, 2
1902,0, 2950, False, 2
1903,0, 2950, False, 2
1904,0, 2950, False, 2
1905,0, 2950, False, 2
1906,0, 2950, False, 2
1907,0, 2950, False, 2
1908,0, 2950, False, 2
1909,0, 2950, False, 2
1910,0, 2950, False, 2
1911,0, 2950, False, 2
1912,0, 2950, False, 2
1913,0, 2950, False, 2
1914,0, 2950, False, 2
1915,0, 2950, False, 2
1916,0, 2950, False, 2
1917,0, 2950, False, 2
1918,0, 2950, False, 2
1919,0, 2950, False, 2
1920,0, 2950, False, 2
1921,0, 2950, False, 2
1922,0, 2950, False, 2
1923,0, 2950, False, 2
1924,10, 2960, False, 2
1925,0, 2960, False, 2
1926,0, 2960, False, 2
1927,0, 2960, False, 2
1928,0, 2960, False, 2
1929,0, 2960, False, 2
1930,0, 2960, False, 6
1931,0, 2960, False, 6
1932,0, 2960, False, 6
1933,0, 2960, False, 6
1934,0, 2960, False, 6
1935,0, 2960, False, 6
1936,0, 2960, False, 6
1937,0, 2960, False, 3
1938,10, 2970, False, 3
1939,0, 2970, False, 3
1940,0, 2970, False, 3
1941,0, 2970, False, 3
1942,0, 2970, False, 3
1943,0, 2970, False, 3
1944,0, 2970, False, 3
1945,0, 2970, False, 3
1946,0, 2970, False, 3
1947,0, 2970, False, 3
1948,10, 2980, False, 6
1949,0, 2980, False, 6
1950,0, 2980, False, 6
1951,0, 2980, False, 6
1952,0, 2980, False, 6
1953,0, 2980, False, 6
1954,0, 2980, False, 6
1955,0, 2980, False, 2
1956,0, 2980, False, 2
1957,0, 2980, False, 2
1958,0, 2980, False, 2
1959,0, 2980, False, 2
1960,0, 2980, False, 2
1961,0, 2980, False, 2
1962,0, 2980, False, 2
1963,0, 2980, False, 2
1964,0, 2980, False, 2
1965,0, 2980, False, 2
1966,10, 2990, False, 2
1967,0, 2990, False, 7
1968,0, 2990, False, 7
1969,0, 2990, False, 7
1970,0, 2990, False, 7
1971,0, 2990, False, 7
1972,0, 2990, False, 7
1973,0, 2990, False, 7
1974,0, 2990, False, 7
1975,0, 2990, False, 7
1976,0, 2990, False, 7
1977,0, 2990, False, 7
1978,0, 2990, False, 7
1979,0, 2990, False, 7
1980,10, 3000, False, 4
1981,0, 3000, False, 4
1982,0, 3000, False, 4
1983,0, 3000, False, 4
1984,0, 3000, False, 4
1985,0, 3000, False, 4
1986,0, 3000, False, 4
1987,0, 3000, False, 4
1988,0, 3000, False, 4
1989,0, 3000, False, 4
1990,10, 3010, False, 4
1991,0, 3010, False, 4
1992,0, 3010, False, 4
1993,0, 3010, False, 4
1994,0, 3010, False, 4
1995,0, 3010, False, 4
1996,0, 3010, False, 4
1997,0, 3010, False, 4
1998,0, 3010, False, 4
1999,0, 3010, False, 4
2000,0, 3010, False, 4
2001,0, 3010, False, 4
2002,0, 3010, False, 4
2003,0, 3010, False, 4
2004,10, 3020, False, 4
2005,0, 3020, False, 4
2006,0, 3020, False, 4
2007,0, 3020, False, 4
2008,0, 3020, False, 4
2009,0, 3020, False, 4
2010,0, 3020, False, 4
2011,0, 3020, False, 4
2012,0, 3020, False, 4
2013,0, 3020, False, 4
2014,0, 3020, False, 4
2015,0, 3020, False, 4
2016,0, 3020, False, 4
2017,0, 3020, False, 4
2018,10, 3030, False, 4
2019,0, 3030, False, 4
2020,0, 3030, False, 4
2021,0, 3030, False, 4
2022,0, 3030, False, 4
2023,0, 3030, False, 4
2024,0, 3030, False, 4
2025,0, 3030, False, 4
2026,0, 3030, False, 4
2027,0, 3030, False, 4
2028,0, 3030, False, 4
2029,0, 3030, False, 4
2030,0, 3030, False, 4
2031,0, 3030, False, 4
2032,0, 3030, False, 4
2033,0, 3030, False, 4
2034,0, 3030, False, 4
2035,0, 3030, False, 4
2036,10, 3040, False, 4
2037,0, 3040, False, 4
2038,0, 3040, False, 4
2039,0, 3040, False, 4
2040,0, 3040, False, 4
2041,0, 3040, False, 4
2042,0, 3040, False, 4
2043,0, 3040, False, 4
2044,0, 3040, False, 4
2045,0, 3040, False, 4
2046,0, 3040, False, 4
2047,0, 3040, False, 4
2048,0, 3040, False, 4
2049,0, 3040, False, 4
2050,10, 3050, False, 4
2051,0, 3050, False, 4
2052,0, 3050, False, 4
2053,0, 3050, False, 4
2054,0, 3050, False, 4
2055,0, 3050, False, 4
2056,0, 3050, False, 4
2057,0, 3050, False, 4
2058,0, 3050, False, 4
2059,0, 3050, False, 4
2060,0, 3050, False, 4
2061,0, 3050, False, 4
2062,10, 3060, False, 4
2063,0, 3060, False, 4
2064,0, 3060, False, 4
2065,0, 3060, False, 4
2066,0, 3060, False, 4
2067,0, 3060, False, 4
2068,0, 3060, False, 4
2069,0, 3060, False, 4
2070,0, 3060, False, 4
2071,0, 3060, False, 9
2072,0, 3060, False, 9
2073,0, 3060, False, 9
2074,0, 3060, False, 9
2075,0, 3060, False, 9
2076,10, 3070, False, 9
2077,0, 3070, False, 9
2078,0, 3070, False, 9
2079,0, 3070, False, 9
2080,0, 3070, False, 5
2081,0, 3070, False, 5
2082,0, 3070, False, 5
2083,0, 3070, False, 5
2084,0, 3070, False, 5
2085,0, 3070, False, 5
2086,0, 3070, False, 5
2087,0, 3070, False, 5
2088,10, 3080, False, 5
2089,0, 3080, False, 5
2090,0, 3080, False, 5
2091,0, 3080, False, 5
2092,0, 3080, False, 5
2093,0, 3080, False, 5
2094,0, 3080, False, 5
2095,0, 3080, False, 9
2096,0, 3080, False, 9
2097,0, 3080, False, 9
2098,0, 3080, False, 9
2099,0, 3080, False, 9
2100,0, 3080, False, 9
2101,0, 3080, False, 9
2102,0, 3080, False, 4
2103,0, 3080, False, 4
2104,0, 3080, False, 4
2105,0, 3080, False, 4
2106,0, 3080, False, 4
2107,0, 3080, False, 4
2108,0, 3080, False, 4
2109,0, 3080, False, 4
2110,0, 3080, False, 4
2111,0, 3080, False, 4
2112,0, 3080, False, 4
2113,0, 3080, False, 4
2114,0, 3080, False, 4
2115,0, 3080, False, 4
2116,0, 3080, False, 4
2117,0, 3080, False, 4
2118,0, 3080, False, 4
2119,0, 3080, False, 4
2120,0, 3080, False, 4
2121,0, 3080, False, 4
2122,0, 3080, False, 4
2123,0, 3080, False, 4
2124,0, 3080, False, 4
2125,0, 3080, False, 4
2126,0, 3080, False, 4
2127,0, 3080, False, 4
2128,0, 3080, False, 4
2129,0, 3080, False, 4
2130,0, 3080, False, 4
2131,0, 3080, False, 4
2132,0, 3080, False, 4
2133,0, 3080, False, 4
2134,0, 3080, False, 4
2135,0, 3080, False, 4
2136,0, 3080, False, 4
2137,0, 3080, False, 4
2138,100, 3180, False, 4
2139,0, 3180, False, 4
2140,0, 3180, False, 4
2141,0, 3180, False, 4
2142,0, 3180, False, 4
2143,0, 3180, False, 4
2144,0, 3180, False, 9
2145,0, 3180, False, 9
2146,0, 3180, False, 9
2147,0, 3180, False, 9
2148,0, 3180, False, 9
2149,0, 3180, False, 9
2150,0, 3180, False, 9
2151,0, 3180, False, 9
2152,0, 3180, False, 9
2153,0, 3180, False, 9
2154,0, 3180, False, 9
2155,0, 3180, False, 5
2156,0, 3180, False, 5
2157,0, 3180, False, 5
2158,0, 3180, False, 5
2159,0, 3180, False, 5
2160,0, 3180, False, 5
2161,0, 3180, False, 5
2162,0, 3180, False, 5
2163,0, 3180, False, 5
2164,0, 3180, False, 5
2165,0, 3180, False, 5
2166,0, 3180, False, 5
2167,0, 3180, False, 5
2168,0, 3180, False, 5
2169,0, 3180, False, 5
2170,0, 3180, False, 5
2171,0, 3180, False, 5
2172,0, 3180, False, 5
2173,0, 3180, False, 5
2174,10, 3190, False, 5
2175,0, 3190, False, 5
2176,0, 3190, False, 5
2177,0, 3190, False, 5
2178,0, 3190, False, 5
2179,0, 3190, False, 5
2180,0, 3190, False, 5
2181,0, 3190, False, 5
2182,0, 3190, False, 5
2183,0, 3190, False, 5
2184,0, 3190, False, 5
2185,0, 3190, False, 5
2186,0, 3190, False, 5
2187,0, 3190, False, 5
2188,10, 3200, False, 5
2189,0, 3200, False, 5
2190,0, 3200, False, 5
2191,0, 3200, False, 5
2192,0, 3200, False, 5
2193,0, 3200, False, 5
2194,0, 3200, False, 5
2195,0, 3200, False, 5
2196,0, 3200, False, 5
2197,0, 3200, False, 5
2198,0, 3200, False, 5
2199,0, 3200, False, 5
2200,0, 3200, False, 5
2201,0, 3200, False, 5
2202,10, 3210, False, 5
2203,0, 3210, False, 5
2204,0, 3210, False, 5
2205,0, 3210, False, 5
2206,0, 3210, False, 5
2207,0, 3210, False, 5
2208,0, 3210, False, 5
2209,0, 3210, False, 5
2210,0, 3210, False, 5
2211,0, 3210, False, 5
2212,0, 3210, False, 5
2213,0, 3210, False, 5
2214,0, 3210, False, 5
2215,0, 3210, False, 5
2216,10, 3220, False, 5
2217,0, 3220, False, 5
2218,0, 3220, False, 5
2219,0, 3220, False, 5
2220,0, 3220, False, 5
2221,0, 3220, False, 5
2222,0, 3220, False, 5
2223,0, 3220, False, 5
2224,0, 3220, False, 5
2225,0, 3220, False, 5
2226,0, 3220, False, 5
2227,0, 3220, False, 5
2228,0, 3220, False, 5
2229,0, 3220, False, 5
2230,10, 3230, False, 5
2231,0, 3230, False, 5
2232,0, 3230, False, 5
2233,0, 3230, False, 5
2234,0, 3230, False, 5
2235,0, 3230, False, 5
2236,0, 3230, False, 5
2237,0, 3230, False, 5
2238,0, 3230, False, 5
2239,0, 3230, False, 5
2240,0, 3230, False, 5
2241,0, 3230, False, 5
2242,0, 3230, False, 5
2243,0, 3230, False, 5
2244,10, 3240, False, 5
2245,0, 3240, False, 5
2246,0, 3240, False, 5
2247,0, 3240, False, 5
2248,0, 3240, False, 5
2249,0, 3240, False, 5
2250,0, 3240, False, 5
2251,0, 3240, False, 5
2252,0, 3240, False, 5
2253,0, 3240, False, 5
2254,0, 3240, False, 5
2255,0, 3240, False, 5
2256,0, 3240, False, 9
2257,0, 3240, False, 9
2258,10, 3250, False, 9
2259,0, 3250, False, 9
2260,0, 3250, False, 9
2261,0, 3250, False, 9
2262,0, 3250, False, 9
2263,0, 3250, False, 9
2264,0, 3250, False, 9
2265,0, 3250, False, 9
2266,0, 3250, False, 9
2267,0, 3250, False, 5
2268,0, 3250, False, 5
2269,0, 3250, False, 5
2270,0, 3250, False, 5
2271,0, 3250, False, 5
2272,0, 3250, False, 5
2273,0, 3250, False, 5
2274,0, 3250, False, 5
2275,0, 3250, False, 0
2276,0, 3250, False, 0
2277,0, 3250, False, 0
2278,0, 3250, False, 0
2279,0, 3250, False, 0
2280,0, 3250, False, 0
2281,0, 3250, False, 0
2282,0, 3250, False, 0
2283,0, 3250, False, 0
2284,0, 3250, False, 2
2285,0, 3250, False, 2
2286,0, 3250, False, 2
2287,0, 3250, False, 2
2288,0, 3250, False, 2
2289,0, 3250, False, 2
2290,0, 3250, False, 2
2291,0, 3250, False, 2
2292,0, 3250, False, 2
2293,0, 3250, False, 2
2294,0, 3250, False, 2
2295,0, 3250, False, 2
2296,0, 3250, False, 2
2297,0, 3250, False, 2
2298,0, 3250, False, 2
2299,0, 3250, False, 2
2300,0, 3250, False, 7
2301,0, 3250, False, 7
2302,0, 3250, False, 7
2303,0, 3250, False, 7
2304,0, 3250, False, 7
2305,0, 3250, False, 4
2306,0, 3250, False, 4
2307,0, 3250, False, 4
2308,0, 3250, False, 4
2309,0, 3250, False, 4
2310,0, 3250, False, 4
2311,0, 3250, False, 4
2312,0, 3250, False, 4
2313,0, 3250, False, 4
2314,0, 3250, False, 4
2315,0, 3250, False, 4
2316,0, 3250, False, 4
2317,0, 3250, False, 4
2318,10, 3260, False, 4
2319,0, 3260, False, 4
2320,0, 3260, False, 4
2321,0, 3260, False, 4
2322,0, 3260, False, 4
2323,0, 3260, False, 4
2324,0, 3260, False, 4
2325,0, 3260, False, 4
2326,0, 3260, False, 4
2327,0, 3260, False, 4
2328,0, 3260, False, 4
2329,0, 3260, False, 4
2330,0, 3260, False, 4
2331,0, 3260, False, 4
2332,0, 3260, False, 4
2333,0, 3260, False, 4
2334,0, 3260, False, 4
2335,0, 3260, False, 4
2336,0, 3260, False, 4
2337,0, 3260, False, 4
2338,0, 3260, False, 4
2339,0, 3260, False, 4
2340,0, 3260, False, 4
2341,0, 3260, False, 4
2342,0, 3260, False, 4
2343,0, 3260, False, 4
2344,0, 3260, False, 4
2345,0, 3260, False, 4
2346,10, 3270, False, 4
2347,0, 3270, False, 4
2348,0, 3270, False, 4
2349,0, 3270, False, 4
2350,0, 3270, False, 4
2351,0, 3270, False, 4
2352,0, 3270, False, 4
2353,0, 3270, False, 4
2354,0, 3270, False, 4
2355,0, 3270, False, 4
2356,0, 3270, False, 7
2357,0, 3270, False, 7
2358,0, 3270, False, 7
2359,0, 3270, False, 7
2360,0, 3270, False, 7
2361,0, 3270, False, 2
2362,0, 3270, False, 2
2363,0, 3270, False, 2
2364,0, 3270, False, 2
2365,0, 3270, False, 2
2366,0, 3270, False, 2
2367,0, 3270, False, 2
2368,0, 3270, False, 2
2369,0, 3270, False, 2
2370,0, 3270, False, 2
2371,0, 3270, False, 2
2372,0, 3270, False, 2
2373,0, 3270, False, 2
2374,0, 3270, False, 2
2375,0, 3270, False, 2
2376,0, 3270, False, 2
2377,0, 3270, False, 2
2378,0, 3270, False, 2
2379,0, 3270, False, 2
2380,0, 3270, False, 2
2381,0, 3270, False, 2
2382,0, 3270, False, 2
2383,0, 3270, False, 2
2384,0, 3270, False, 2
2385,0, 3270, False, 2
2386,0, 3270, False, 2
2387,0, 3270, False, 2
2388,0, 3270, False, 2
2389,0, 3270, False, 2
2390,0, 3270, False, 2
2391,0, 3270, False, 2
2392,0, 3270, False, 2
2393,0, 3270, False, 2
2394,0, 3270, False, 2
2395,0, 3270, False, 2
2396,0, 3270, False, 2
2397,0, 3270, False, 2
2398,0, 3270, False, 2
2399,0, 3270, False, 2
2400,0, 3270, False, 2
2401,0, 3270, False, 2
2402,0, 3270, False, 2
2403,0, 3270, False, 2
2404,0, 3270, False, 2
2405,0, 3270, False, 2
2406,0, 3270, False, 2
2407,0, 3270, False, 2
2408,0, 3270, False, 2
2409,0, 3270, False, 2
2410,0, 3270, False, 2
2411,0, 3270, False, 2
2412,0, 3270, False, 2
2413,0, 3270, False, 2
2414,0, 3270, False, 2
2415,0, 3270, False, 2
2416,0, 3270, False, 2
2417,0, 3270, False, 2
2418,0, 3270, False, 2
2419,0, 3270, False, 2
2420,0, 3270, False, 2
2421,0, 3270, False, 2
2422,0, 3270, False, 2
2423,0, 3270, False, 6
2424,0, 3270, False, 6
2425,0, 3270, False, 6
2426,0, 3270, False, 6
2427,0, 3270, False, 6
2428,0, 3270, False, 6
2429,0, 3270, False, 6
2430,0, 3270, False, 6
2431,0, 3270, False, 6
2432,0, 3270, False, 6
2433,0, 3270, False, 3
2434,0, 3270, False, 3
2435,0, 3270, False, 3
2436,0, 3270, False, 3
2437,0, 3270, False, 3
2438,0, 3270, False, 3
2439,0, 3270, False, 3
2440,0, 3270, False, 3
2441,0, 3270, False, 3
2442,10, 3280, False, 3
2443,0, 3280, False, 3
2444,0, 3280, False, 3
2445,0, 3280, False, 6
2446,0, 3280, False, 6
2447,0, 3280, False, 6
2448,0, 3280, False, 6
2449,0, 3280, False, 6
2450,0, 3280, False, 6
2451,0, 3280, False, 6
2452,0, 3280, False, 6
2453,0, 3280, False, 2
2454,0, 3280, False, 2
2455,0, 3280, False, 2
2456,0, 3280, False, 2
2457,0, 3280, False, 2
2458,50, 3330, False, 2
2459,0, 3330, False, 2
2460,0, 3330, False, 2
2461,0, 3330, False, 2
2462,0, 3330, False, 2
2463,0, 3330, False, 2
2464,0, 3330, False, 2
2465,0, 3330, False, 2
2466,0, 3330, False, 7
2467,0, 3330, False, 7
2468,0, 3330, False, 7
2469,0, 3330, False, 7
2470,10, 3340, False, 7
2471,0, 3340, False, 7
2472,0, 3340, False, 7
2473,0, 3340, False, 7
2474,0, 3340, False, 7
2475,0, 3340, False, 4
2476,0, 3340, False, 4
2477,0, 3340, False, 4
2478,0, 3340, False, 4
2479,0, 3340, False, 4
2480,0, 3340, False, 4
2481,0, 3340, False, 4
2482,10, 3350, False, 4
2483,0, 3350, False, 4
2484,0, 3350, False, 4
2485,0, 3350, False, 4
2486,0, 3350, False, 4
2487,0, 3350, False, 4
2488,0, 3350, False, 4
2489,0, 3350, False, 4
2490,0, 3350, False, 4
2491,0, 3350, False, 4
2492,0, 3350, False, 4
2493,0, 3350, False, 4
2494,0, 3350, False, 4
2495,0, 3350, False, 4
2496,10, 3360, False, 4
2497,0, 3360, False, 4
2498,0, 3360, False, 9
2499,0, 3360, False, 9
2500,0, 3360, False, 9
2501,0, 3360, False, 9
2502,0, 3360, False, 9
2503,0, 3360, False, 9
2504,0, 3360, False, 9
2505,0, 3360, False, 9
2506,0, 3360, False, 9
2507,0, 3360, False, 9
2508,0, 3360, False, 9
2509,0, 3360, False, 5
2510,10, 3370, False, 5
2511,0, 3370, False, 5
2512,0, 3370, False, 5
2513,0, 3370, False, 5
2514,0, 3370, False, 5
2515,0, 3370, False, 5
2516,0, 3370, False, 5
2517,0, 3370, False, 5
2518,0, 3370, False, 5
2519,0, 3370, False, 5
2520,10, 3380, False, 5
2521,0, 3380, False, 5
2522,0, 3380, False, 5
2523,0, 3380, False, 5
2524,0, 3380, False, 5
2525,0, 3380, False, 5
2526,0, 3380, False, 5
2527,0, 3380, False, 5
2528,0, 3380, False, 5
2529,0, 3380, False, 5
2530,0, 3380, False, 5
2531,0, 3380, False, 5
2532,0, 3380, False, 5
2533,0, 3380, False, 5
2534,0, 3380, False, 5
2535,0, 3380, False, 5
2536,0, 3380, False, 5
2537,0, 3380, False, 5
2538,0, 3380, False, 5
2539,0, 3380, False, 5
2540,0, 3380, False, 5
2541,0, 3380, False, 5
2542,0, 3380, False, 5
2543,0, 3380, False, 5
2544,0, 3380, False, 5
2545,0, 3380, False, 5
2546,0, 3380, False, 5
2547,0, 3380, False, 5
2548,0, 3380, False, 5
2549,0, 3380, False, 5
2550,0, 3380, False, 5
2551,0, 3380, False, 5
2552,0, 3380, False, 5
2553,0, 3380, False, 5
2554,0, 3380, False, 9
2555,0, 3380, False, 9
2556,0, 3380, False, 9
2557,0, 3380, False, 9
2558,0, 3380, False, 9
2559,0, 3380, False, 9
2560,0, 3380, False, 9
2561,0, 3380, False, 9
2562,0, 3380, False, 4
2563,0, 3380, False, 4
2564,0, 3380, False, 4
2565,0, 3380, False, 4
2566,0, 3380, False, 4
2567,0, 3380, False, 4
2568,0, 3380, False, 4
2569,0, 3380, False, 4
2570,0, 3380, False, 4
2571,0, 3380, False, 4
2572,0, 3380, False, 4
2573,0, 3380, False, 4
2574,0, 3380, False, 4
2575,0, 3380, False, 4
2576,0, 3380, False, 4
2577,0, 3380, False, 4
2578,0, 3380, False, 4
2579,0, 3380, False, 4
2580,0, 3380, False, 4
2581,0, 3380, False, 4
2582,0, 3380, False, 4
2583,0, 3380, False, 4
2584,0, 3380, False, 4
2585,0, 3380, False, 4
2586,0, 3380, False, 4
2587,0, 3380, False, 4
2588,0, 3380, False, 4
2589,0, 3380, False, 4
2590,0, 3380, False, 4
2591,0, 3380, False, 4
2592,0, 3380, False, 4
2593,0, 3380, False, 4
2594,0, 3380, False, 4
2595,0, 3380, False, 4
2596,0, 3380, False, 4
2597,0, 3380, False, 4
2598,0, 3380, False, 7
2599,0, 3380, False, 7
2600,0, 3380, False, 7
2601,0, 3380, False, 7
2602,0, 3380, False, 2
2603,0, 3380, False, 2
2604,0, 3380, False, 2
2605,0, 3380, False, 2
2606,0, 3380, False, 2
2607,0, 3380, False, 2
2608,0, 3380, False, 2
2609,0, 3380, False, 2
2610,0, 3380, False, 2
2611,0, 3380, False, 2
2612,0, 3380, False, 2
2613,0, 3380, False, 2
2614,0, 3380, False, 2
2615,0, 3380, False, 2
2616,0, 3380, False, 2
2617,0, 3380, False, 2
2618,0, 3380, False, 2
2619,0, 3380, False, 2
2620,0, 3380, False, 2
2621,0, 3380, False, 2
2622,0, 3380, False, 6
2623,0, 3380, False, 6
2624,0, 3380, False, 6
2625,0, 3380, False, 6
2626,0, 3380, False, 6
2627,0, 3380, False, 6
2628,0, 3380, False, 6
2629,0, 3380, False, 3
2630,0, 3380, False, 3
2631,0, 3380, False, 3
2632,0, 3380, False, 3
2633,0, 3380, False, 3
2634,0, 3380, False, 3
2635,0, 3380, False, 3
2636,0, 3380, False, 3
2637,0, 3380, False, 3
2638,0, 3380, False, 3
2639,0, 3380, False, 6
2640,0, 3380, False, 6
2641,0, 3380, False, 6
2642,0, 3380, False, 6
2643,0, 3380, False, 6
2644,0, 3380, False, 6
2645,0, 3380, False, 2
2646,0, 3380, False, 2
2647,0, 3380, False, 2
2648,0, 3380, False, 2
2649,0, 3380, False, 2
2650,0, 3380, False, 2
2651,0, 3380, False, 2
2652,0, 3380, False, 2
2653,0, 3380, False, 2
2654,0, 3380, False, 2
2655,0, 3380, False, 2
2656,0, 3380, False, 2
2657,0, 3380, False, 2
2658,0, 3380, False, 2
2659,0, 3380, False, 2
2660,0, 3380, False, 2
2661,0, 3380, False, 2
2662,0, 3380, False, 2
2663,0, 3380, False, 2
2664,0, 3380, False, 2
2665,0, 3380, False, 2
2666,0, 3380, False, 2
2667,0, 3380, False, 2
2668,0, 3380, False, 2
2669,0, 3380, False, 2
2670,0, 3380, False, 2
2671,0, 3380, False, 2
2672,0, 3380, False, 7
2673,0, 3380, False, 7
2674,0, 3380, False, 7
2675,0, 3380, False, 7
2676,0, 3380, False, 7
2677,0, 3380, False, 7
2678,0, 3380, False, 7
2679,0, 3380, False, 4
2680,0, 3380, False, 4
2681,0, 3380, False, 4
2682,0, 3380, False, 4
2683,0, 3380, False, 4
2684,10, 3390, False, 4
2685,0, 3390, False, 4
2686,0, 3390, False, 4
2687,0, 3390, False, 4
2688,0, 3390, False, 4
2689,0, 3390, False, 4
2690,0, 3390, False, 4
2691,0, 3390, False, 4
2692,0, 3390, False, 4
2693,0, 3390, False, 4
2694,0, 3390, False, 4
2695,0, 3390, False, 4
2696,0, 3390, False, 4
2697,0, 3390, False, 4
2698,10, 3400, False, 4
2699,0, 3400, False, 4
2700,0, 3400, False, 4
2701,0, 3400, False, 4
2702,0, 3400, False, 4
2703,0, 3400, False, 4
2704,0, 3400, False, 4
2705,0, 3400, False, 4
2706,0, 3400, False, 4
2707,0, 3400, False, 4
2708,0, 3400, False, 4
2709,0, 3400, False, 4
2710,0, 3400, False, 4
2711,0, 3400, False, 4
2712,0, 3400, False, 4
2713,0, 3400, False, 4
2714,0, 3400, False, 4
2715,0, 3400, False, 4
2716,10, 3410, False, 4
2717,0, 3410, False, 4
2718,0, 3410, False, 4
2719,0, 3410, False, 4
2720,0, 3410, False, 4
2721,0, 3410, False, 4
2722,0, 3410, False, 4
2723,0, 3410, False, 4
2724,0, 3410, False, 4
2725,0, 3410, False, 4
2726,0, 3410, False, 4
2727,0, 3410, False, 4
2728,0, 3410, False, 4
2729,0, 3410, False, 4
2730,10, 3420, False, 4
2731,0, 3420, False, 4
2732,0, 3420, False, 4
2733,0, 3420, False, 4
2734,0, 3420, False, 4
2735,0, 3420, False, 4
2736,0, 3420, False, 4
2737,0, 3420, False, 4
2738,0, 3420, False, 4
2739,0, 3420, False, 4
2740,200, 3620, False, 4
2741,0, 3620, False, 4
2742,0, 3620, False, 4
2743,0, 3620, False, 4
2744,0, 3620, False, 4
2745,0, 3620, False, 4
2746,0, 3620, False, 4
2747,0, 3620, False, 4
2748,0, 3620, False, 4
2749,0, 3620, False, 4
2750,0, 3620, False, 4
2751,0, 3620, False, 4
2752,0, 3620, False, 4
2753,0, 3620, False, 4
2754,0, 3620, False, 4
2755,0, 3620, False, 4
2756,0, 3620, False, 4
2757,0, 3620, False, 4
2758,0, 3620, False, 4
2759,0, 3620, False, 4
2760,0, 3620, False, 4
2761,0, 3620, False, 4
2762,0, 3620, False, 4
2763,0, 3620, False, 4
2764,0, 3620, False, 4
2765,0, 3620, False, 4
2766,0, 3620, False, 4
2767,0, 3620, False, 4
2768,0, 3620, False, 4
2769,0, 3620, False, 4
2770,0, 3620, False, 4
2771,0, 3620, False, 4
2772,0, 3620, False, 4
2773,0, 3620, False, 4
2774,0, 3620, False, 4
2775,0, 3620, False, 4
2776,0, 3620, False, 4
2777,0, 3620, False, 4
2778,0, 3620, False, 4
2779,0, 3620, False, 4
2780,0, 3620, False, 4
2781,0, 3620, False, 4
2782,0, 3620, False, 4
2783,0, 3620, False, 4
2784,0, 3620, False, 4
2785,0, 3620, False, 4
2786,0, 3620, False, 4
2787,0, 3620, False, 4
2788,0, 3620, False, 4
2789,0, 3620, False, 4
2790,0, 3620, False, 4
2791,0, 3620, False, 4
2792,0, 3620, False, 4
2793,0, 3620, False, 4
2794,0, 3620, False, 4
2795,0, 3620, False, 4
2796,0, 3620, False, 4
2797,0, 3620, False, 4
2798,0, 3620, False, 4
2799,0, 3620, False, 4
2800,0, 3620, False, 4
2801,0, 3620, False, 4
2802,0, 3620, False, 4
2803,0, 3620, False, 4
2804,0, 3620, False, 4
2805,0, 3620, False, 4
2806,0, 3620, False, 4
2807,0, 3620, False, 4
2808,0, 3620, False, 4
2809,0, 3620, False, 4
2810,0, 3620, False, 4
2811,0, 3620, False, 4
2812,0, 3620, False, 4
2813,0, 3620, False, 4
2814,0, 3620, False, 4
2815,0, 3620, False, 4
2816,0, 3620, False, 4
2817,0, 3620, False, 4
2818,0, 3620, False, 7
2819,0, 3620, False, 7
2820,0, 3620, False, 7
2821,0, 3620, False, 7
2822,0, 3620, False, 7
2823,0, 3620, False, 7
2824,0, 3620, False, 7
2825,0, 3620, False, 7
2826,0, 3620, False, 7
2827,0, 3620, False, 7
2828,0, 3620, False, 2
2829,0, 3620, False, 2
2830,0, 3620, False, 2
2831,0, 3620, False, 2
2832,0, 3620, False, 2
2833,0, 3620, False, 2
2834,0, 3620, False, 2
2835,0, 3620, False, 2
2836,0, 3620, False, 2
2837,0, 3620, False, 2
2838,0, 3620, False, 2
2839,0, 3620, False, 2
2840,0, 3620, False, 2
2841,0, 3620, False, 2
2842,0, 3620, False, 6
2843,0, 3620, False, 6
2844,0, 3620, False, 6
2845,0, 3620, False, 6
2846,0, 3620, False, 6
2847,0, 3620, False, 6
2848,0, 3620, False, 6
2849,0, 3620, False, 6
2850,0, 3620, False, 3
2851,0, 3620, False, 3
2852,0, 3620, False, 3
2853,0, 3620, False, 3
2854,0, 3620, False, 3
2855,0, 3620, False, 3
2856,0, 3620, False, 3
2857,0, 3620, False, 3
2858,0, 3620, False, 3
2859,0, 3620, False, 3
2860,0, 3620, False, 3
2861,0, 3620, False, 3
2862,0, 3620, False, 3
2863,0, 3620, False, 3
2864,0, 3620, False, 3
2865,0, 3620, False, 3
2866,0, 3620, False, 3
2867,0, 3620, False, 3
2868,0, 3620, False, 3
2869,0, 3620, False, 3
2870,0, 3620, False, 3
2871,0, 3620, False, 3
2872,0, 3620, False, 3
2873,0, 3620, False, 3
2874,400, 4020, False, 3
2875,0, 4020, False, 3
2876,0, 4020, False, 3
2877,0, 4020, False, 3
2878,0, 4020, False, 3
2879,0, 4020, False, 3
2880,0, 4020, False, 3
2881,0, 4020, False, 3
2882,0, 4020, False, 8
2883,0, 4020, False, 8
2884,0, 4020, False, 8
2885,0, 4020, False, 8
2886,0, 4020, False, 8
2887,0, 4020, False, 8
2888,0, 4020, False, 8
2889,0, 4020, False, 8
2890,0, 4020, False, 8
2891,0, 4020, False, 8
2892,0, 4020, False, 5
2893,0, 4020, False, 5
2894,0, 4020, False, 5
2895,0, 4020, False, 5
2896,0, 4020, False, 5
2897,0, 4020, False, 5
2898,0, 4020, False, 5
2899,0, 4020, False, 5
2900,0, 4020, False, 5
2901,0, 4020, False, 5
2902,0, 4020, False, 5
2903,0, 4020, False, 5
2904,0, 4020, False, 5
2905,0, 4020, False, 5
2906,0, 4020, False, 5
2907,0, 4020, False, 5
2908,0, 4020, False, 5
2909,0, 4020, False, 5
2910,0, 4020, False, 5
2911,0, 4020, False, 5
2912,0, 4020, False, 5
2913,0, 4020, False, 5
2914,0, 4020, False, 5
2915,0, 4020, False, 5
2916,0, 4020, False, 5
2917,0, 4020, False, 5
2918,0, 4020, False, 5
2919,0, 4020, False, 5
2920,0, 4020, False, 9
2921,0, 4020, False, 9
2922,0, 4020, False, 9
2923,0, 4020, False, 9
2924,0, 4020, False, 9
2925,0, 4020, False, 9
2926,0, 4020, False, 4
2927,0, 4020, False, 4
2928,0, 4020, False, 4
2929,0, 4020, False, 4
2930,0, 4020, False, 4
2931,0, 4020, False, 4
2932,0, 4020, False, 4
2933,0, 4020, False, 4
2934,0, 4020, False, 4
2935,0, 4020, False, 4
2936,0, 4020, False, 4
2937,0, 4020, False, 4
2938,0, 4020, False, 4
2939,0, 4020, False, 4
2940,0, 4020, False, 4
2941,0, 4020, False, 4
2942,0, 4020, False, 4
2943,0, 4020, False, 4
2944,0, 4020, False, 4
2945,0, 4020, False, 4
2946,0, 4020, False, 4
2947,0, 4020, False, 4
2948,0, 4020, False, 4
2949,0, 4020, False, 4
2950,0, 4020, False, 4
2951,0, 4020, False, 9
2952,0, 4020, False, 9
2953,0, 4020, False, 9
2954,0, 4020, False, 9
2955,0, 4020, False, 9
2956,0, 4020, False, 9
2957,0, 4020, False, 9
2958,0, 4020, False, 5
2959,0, 4020, False, 5
2960,0, 4020, False, 5
2961,0, 4020, False, 5
2962,0, 4020, False, 5
2963,0, 4020, False, 5
2964,0, 4020, False, 5
2965,0, 4020, False, 5
2966,0, 4020, False, 5
2967,0, 4020, False, 5
2968,0, 4020, False, 5
2969,0, 4020, False, 5
2970,0, 4020, False, 5
2971,0, 4020, False, 5
2972,0, 4020, False, 5
2973,0, 4020, False, 5
2974,0, 4020, False, 5
2975,0, 4020, False, 5
2976,0, 4020, False, 5
2977,0, 4020, False, 8
2978,0, 4020, False, 8
2979,0, 4020, False, 8
2980,0, 4020, False, 3
2981,0, 4020, False, 3
2982,0, 4020, False, 3
2983,0, 4020, False, 3
2984,0, 4020, False, 3
2985,0, 4020, False, 3
2986,0, 4020, False, 8
2987,0, 4020, False, 8
2988,0, 4020, False, 8
2989,0, 4020, False, 8
2990,0, 4020, False, 5
2991,0, 4020, False, 5
2992,0, 4020, False, 5
2993,0, 4020, False, 5
2994,0, 4020, False, 5
2995,0, 4020, False, 5
2996,0, 4020, False, 5
2997,0, 4020, False, 5
2998,0, 4020, False, 5
2999,0, 4020, False, 5
3000,0, 4020, False, 5
3001,0, 4020, False, 5
3002,0, 4020, False, 5
3003,0, 4020, False, 5
3004,0, 4020, False, 5
3005,0, 4020, False, 5
3006,0, 4020, False, 5
3007,0, 4020, False, 5
3008,0, 4020, False, 5
3009,0, 4020, False, 9
3010,0, 4020, False, 9
3011,0, 4020, False, 9
3012,0, 4020, False, 9
3013,0, 4020, False, 4
3014,0, 4020, False, 4
3015,0, 4020, False, 4
3016,0, 4020, False, 4
3017,0, 4020, False, 4
3018,0, 4020, False, 4
3019,0, 4020, False, 4
3020,10, 4030, False, 4
3021,0, 4030, False, 4
3022,0, 4030, False, 4
3023,0, 4030, False, 4
3024,0, 4030, False, 4
3025,0, 4030, False, 4
3026,0, 4030, False, 4
3027,0, 4030, False, 4
3028,0, 4030, False, 4
3029,0, 4030, False, 4
3030,0, 4030, False, 4
3031,0, 4030, False, 4
3032,0, 4030, False, 4
3033,0, 4030, False, 4
3034,0, 4030, False, 4
3035,0, 4030, False, 4
3036,0, 4030, False, 4
3037,0, 4030, False, 4
3038,0, 4030, False, 4
3039,0, 4030, False, 4
3040,0, 4030, False, 4
3041,0, 4030, False, 4
3042,0, 4030, False, 4
3043,0, 4030, False, 4
3044,0, 4030, False, 4
3045,0, 4030, False, 4
3046,0, 4030, False, 4
3047,0, 4030, False, 4
3048,0, 4030, False, 4
3049,0, 4030, False, 4
3050,10, 4040, False, 4
3051,0, 4040, False, 4
3052,0, 4040, False, 4
3053,0, 4040, False, 4
3054,0, 4040, False, 4
3055,0, 4040, False, 4
3056,0, 4040, False, 4
3057,0, 4040, False, 4
3058,0, 4040, False, 4
3059,0, 4040, False, 4
3060,0, 4040, False, 4
3061,0, 4040, False, 4
3062,0, 4040, False, 4
3063,0, 4040, False, 4
3064,0, 4040, False, 4
3065,0, 4040, False, 4
3066,0, 4040, False, 4
3067,0, 4040, False, 4
3068,0, 4040, False, 4
3069,0, 4040, False, 4
3070,0, 4040, False, 4
3071,0, 4040, False, 4
3072,0, 4040, False, 4
3073,0, 4040, False, 4
3074,0, 4040, False, 4
3075,0, 4040, False, 4
3076,0, 4040, False, 4
3077,0, 4040, False, 4
3078,0, 4040, False, 4
3079,0, 4040, False, 4
3080,0, 4040, False, 4
3081,0, 4040, False, 4
3082,0, 4040, False, 4
3083,0, 4040, False, 4
3084,0, 4040, False, 4
3085,0, 4040, False, 4
3086,0, 4040, False, 4
3087,0, 4040, False, 4
3088,0, 4040, False, 4
3089,0, 4040, False, 4
3090,0, 4040, False, 4
3091,0, 4040, False, 4
3092,0, 4040, False, 4
3093,0, 4040, False, 4
3094,0, 4040, False, 4
3095,0, 4040, False, 4
3096,0, 4040, False, 4
3097,0, 4040, False, 4
3098,0, 4040, False, 4
3099,0, 4040, False, 4
3100,0, 4040, False, 4
3101,0, 4040, False, 4
3102,0, 4040, False, 4
3103,0, 4040, False, 4
3104,0, 4040, False, 4
3105,0, 4040, False, 4
3106,0, 4040, False, 4
3107,0, 4040, False, 4
3108,0, 4040, False, 4
3109,0, 4040, False, 4
3110,0, 4040, False, 4
3111,0, 4040, False, 4
3112,0, 4040, False, 4
3113,0, 4040, False, 4
3114,0, 4040, False, 4
3115,0, 4040, False, 4
3116,0, 4040, False, 4
3117,0, 4040, False, 4
3118,0, 4040, False, 4
3119,0, 4040, False, 4
3120,0, 4040, False, 4
3121,0, 4040, False, 4
3122,0, 4040, False, 4
3123,0, 4040, False, 4
3124,0, 4040, False, 4
3125,0, 4040, False, 4
3126,0, 4040, False, 4
3127,0, 4040, False, 4
3128,0, 4040, False, 4
3129,0, 4040, False, 4
3130,0, 4040, False, 4
3131,0, 4040, False, 0
3132,0, 4040, False, 0
3133,0, 4040, False, 0
3134,0, 4040, False, 0
3135,0, 4040, False, 0
3136,0, 4040, False, 0
3137,0, 4040, False, 0
3138,0, 4040, False, 0
3139,0, 4040, False, 0
3140,0, 4040, False, 0
3141,0, 4040, False, 0
3142,0, 4040, False, 0
3143,0, 4040, False, 0
3144,0, 4040, False, 0
3145,0, 4040, False, 0
3146,0, 4040, False, 0
3147,0, 4040, False, 0
3148,0, 4040, False, 0
3149,0, 4040, False, 0
3150,0, 4040, False, 0
3151,0, 4040, False, 0
3152,0, 4040, False, 0
3153,0, 4040, False, 0
3154,0, 4040, False, 0
3155,0, 4040, False, 0
3156,0, 4040, False, 0
3157,0, 4040, False, 0
3158,0, 4040, False, 0
3159,0, 4040, False, 0
3160,0, 4040, False, 0
3161,0, 4040, False, 0
3162,0, 4040, False, 0
3163,0, 4040, False, 0
3164,0, 4040, False, 0
3165,0, 4040, False, 0
3166,0, 4040, False, 0
3167,0, 4040, False, 0
3168,0, 4040, False, 0
3169,0, 4040, False, 0
3170,0, 4040, False, 0
3171,0, 4040, False, 0
3172,0, 4040, False, 0
3173,0, 4040, False, 3
3174,0, 4040, False, 3
3175,0, 4040, False, 3
3176,0, 4040, False, 3
3177,0, 4040, False, 3
3178,0, 4040, False, 3
3179,0, 4040, False, 3
3180,0, 4040, False, 3
3181,0, 4040, False, 3
3182,0, 4040, False, 3
3183,0, 4040, False, 3
3184,0, 4040, False, 3
3185,0, 4040, False, 3
3186,0, 4040, False, 3
3187,0, 4040, False, 3
3188,0, 4040, False, 3
3189,0, 4040, False, 3
3190,0, 4040, False, 3
3191,0, 4040, False, 3
3192,0, 4040, False, 3
3193,0, 4040, False, 3
3194,0, 4040, False, 3
3195,0, 4040, False, 3
3196,0, 4040, False, 3
3197,0, 4040, False, 3
3198,0, 4040, False, 0
3199,0, 4040, False, 0
3200,0, 4040, False, 0
3201,0, 4040, False, 0
3202,0, 4040, False, 0
3203,0, 4040, False, 0
3204,0, 4040, False, 0
3205,0, 4040, False, 0
3206,0, 4040, False, 0
3207,0, 4040, False, 0
3208,0, 4040, False, 0
3209,0, 4040, False, 0
3210,0, 4040, False, 3
3211,0, 4040, False, 3
3212,0, 4040, False, 3
3213,0, 4040, False, 3
3214,0, 4040, False, 0
3215,0, 4040, False, 0
3216,0, 4040, False, 0
3217,0, 4040, False, 0
3218,0, 4040, False, 0
3219,0, 4040, False, 0
3220,0, 4040, False, 0
3221,0, 4040, False, 0
3222,0, 4040, False, 7
3223,0, 4040, False, 7
3224,0, 4040, False, 7
3225,0, 4040, False, 7
3226,0, 4040, False, 7
3227,0, 4040, False, 7
3228,0, 4040, False, 7
3229,0, 4040, False, 7
3230,0, 4040, False, 7
3231,0, 4040, False, 0
3232,0, 4040, False, 0
3233,0, 4040, False, 0
3234,0, 4040, False, 0
3235,0, 4040, False, 0
3236,0, 4040, False, 0
3237,0, 4040, False, 0
3238,0, 4040, False, 0
3239,0, 4040, False, 0
3240,0, 4040, False, 0
3241,0, 4040, False, 8
3242,0, 4040, False, 8
3243,0, 4040, False, 8
3244,0, 4040, False, 5
3245,0, 4040, False, 5
3246,0, 4040, False, 5
3247,0, 4040, False, 5
3248,0, 4040, False, 5
3249,0, 4040, False, 0
3250,0, 4040, False, 0
3251,0, 4040, False, 4
3252,0, 4040, False, 4
3253,0, 4040, False, 4
3254,0, 4040, False, 0
3255,0, 4040, False, 0
3256,0, 4040, False, 2
3257,0, 4040, False, 2
3258,0, 4040, False, 2
3259,0, 4040, False, 2
3260,0, 4040, False, 2
3261,0, 4040, False, 2
3262,0, 4040, False, 2
3263,0, 4040, False, 7
3264,0, 4040, False, 7
3265,0, 4040, False, 7
3266,0, 4040, False, 7
3267,0, 4040, False, 7
3268,0, 4040, False, 7
3269,0, 4040, False, 7
3270,0, 4040, False, 4
3271,0, 4040, False, 4
3272,0, 4040, False, 4
3273,0, 4040, False, 4
3274,0, 4040, False, 4
3275,0, 4040, False, 4
3276,0, 4040, False, 4
3277,0, 4040, False, 4
3278,0, 4040, False, 4
3279,0, 4040, False, 4
3280,0, 4040, False, 4
3281,0, 4040, False, 4
3282,0, 4040, False, 4
3283,0, 4040, False, 4
3284,0, 4040, False, 4
3285,0, 4040, False, 4
3286,0, 4040, False, 4
3287,0, 4040, False, 4
3288,0, 4040, False, 4
3289,0, 4040, False, 4
3290,0, 4040, False, 4
3291,0, 4040, False, 4
3292,0, 4040, False, 4
3293,0, 4040, False, 4
3294,0, 4040, False, 4
3295,0, 4040, False, 4
3296,0, 4040, False, 4
3297,0, 4040, False, 4
3298,0, 4040, False, 4
3299,0, 4040, False, 7
3300,0, 4040, False, 7
3301,0, 4040, False, 7
3302,0, 4040, False, 2
3303,0, 4040, False, 2
3304,0, 4040, False, 2
3305,0, 4040, False, 2
3306,0, 4040, False, 2
3307,0, 4040, False, 2
3308,0, 4040, False, 7
3309,0, 4040, False, 7
3310,0, 4040, False, 7
3311,0, 4040, False, 7
3312,0, 4040, False, 7
3313,0, 4040, False, 4
3314,0, 4040, False, 4
3315,0, 4040, False, 4
3316,0, 4040, False, 4
3317,0, 4040, False, 4
3318,0, 4040, False, 4
3319,0, 4040, False, 7
3320,0, 4040, False, 7
3321,0, 4040, False, 7
3322,0, 4040, False, 7
3323,0, 4040, False, 7
3324,0, 4040, False, 2
3325,0, 4040, False, 2
3326,0, 4040, False, 2
3327,0, 4040, False, 2
3328,0, 4040, False, 2
3329,0, 4040, False, 2
3330,0, 4040, False, 2
3331,0, 4040, False, 2
3332,0, 4040, False, 2
3333,0, 4040, False, 2
3334,0, 4040, False, 2
3335,0, 4040, False, 2
3336,0, 4040, False, 2
3337,0, 4040, False, 2
3338,0, 4040, False, 2
3339,0, 4040, False, 2
3340,0, 4040, False, 2
3341,0, 4040, False, 2
3342,0, 4040, False, 2
3343,0, 4040, False, 2
3344,0, 4040, False, 2
3345,0, 4040, False, 0
3346,0, 4040, False, 0
3347,0, 4040, False, 0
3348,0, 4040, False, 0
3349,0, 4040, False, 0
3350,0, 4040, False, 0
3351,0, 4040, False, 5
3352,0, 4040, False, 5
3353,0, 4040, False, 5
3354,0, 4040, False, 5
3355,0, 4040, False, 5
3356,0, 4040, False, 5
3357,0, 4040, False, 5
3358,0, 4040, False, 5
3359,0, 4040, False, 5
3360,0, 4040, False, 5
3361,0, 4040, False, 5
3362,0, 4040, False, 5
3363,0, 4040, False, 5
3364,0, 4040, False, 5
3365,0, 4040, False, 5
3366,0, 4040, False, 5
3367,0, 4040, False, 5
3368,0, 4040, False, 5
3369,0, 4040, False, 5
3370,0, 4040, False, 5
3371,0, 4040, False, 5
3372,0, 4040, False, 5
3373,0, 4040, False, 5
3374,0, 4040, False, 5
3375,0, 4040, False, 5
3376,0, 4040, False, 5
3377,0, 4040, False, 5
3378,0, 4040, False, 5
3379,0, 4040, False, 5
3380,0, 4040, False, 5
3381,0, 4040, False, 5
3382,10, 4050, False, 5
3383,0, 4050, False, 5
3384,0, 4050, False, 5
3385,0, 4050, False, 5
3386,0, 4050, False, 5
3387,0, 4050, False, 5
3388,0, 4050, False, 5
3389,0, 4050, False, 5
3390,0, 4050, False, 5
3391,0, 4050, False, 5
3392,0, 4050, False, 5
3393,0, 4050, False, 5
3394,0, 4050, False, 5
3395,0, 4050, False, 8
3396,10, 4060, False, 8
3397,0, 4060, False, 8
3398,0, 4060, False, 8
3399,0, 4060, False, 8
3400,0, 4060, False, 8
3401,0, 4060, False, 8
3402,0, 4060, False, 3
3403,0, 4060, False, 3
3404,0, 4060, False, 3
3405,0, 4060, False, 3
3406,0, 4060, False, 3
3407,0, 4060, False, 3
3408,0, 4060, False, 3
3409,0, 4060, False, 3
3410,0, 4060, False, 3
3411,0, 4060, False, 3
3412,0, 4060, False, 3
3413,0, 4060, False, 3
3414,0, 4060, False, 3
3415,0, 4060, False, 3
3416,0, 4060, False, 3
3417,0, 4060, False, 3
3418,0, 4060, False, 3
3419,0, 4060, False, 3
3420,0, 4060, False, 3
3421,0, 4060, False, 3
3422,0, 4060, False, 3
3423,0, 4060, False, 3
3424,0, 4060, False, 3
3425,0, 4060, False, 3
3426,0, 4060, False, 3
3427,0, 4060, False, 3
3428,0, 4060, False, 3
3429,0, 4060, False, 3
3430,0, 4060, False, 3
3431,0, 4060, False, 3
3432,0, 4060, False, 3
3433,0, 4060, False, 3
3434,0, 4060, False, 3
3435,0, 4060, False, 3
3436,0, 4060, False, 3
3437,0, 4060, False, 3
3438,0, 4060, False, 3
3439,0, 4060, False, 3
3440,0, 4060, False, 3
3441,0, 4060, False, 3
3442,0, 4060, False, 3
3443,0, 4060, False, 3
3444,0, 4060, False, 3
3445,0, 4060, False, 3
3446,0, 4060, False, 3
3447,0, 4060, False, 3
3448,0, 4060, False, 3
3449,0, 4060, False, 3
3450,0, 4060, False, 3
3451,0, 4060, False, 3
3452,0, 4060, False, 3
3453,0, 4060, False, 3
3454,0, 4060, False, 3
3455,0, 4060, False, 3
3456,0, 4060, False, 3
3457,0, 4060, False, 3
3458,0, 4060, False, 3
3459,0, 4060, False, 3
3460,0, 4060, False, 3
3461,0, 4060, False, 3
3462,0, 4060, False, 3
3463,0, 4060, False, 3
3464,0, 4060, False, 3
3465,0, 4060, False, 3
3466,10, 4070, False, 3
3467,0, 4070, False, 3
3468,0, 4070, False, 3
3469,0, 4070, False, 3
3470,0, 4070, False, 3
3471,0, 4070, False, 3
3472,0, 4070, False, 3
3473,0, 4070, False, 3
3474,0, 4070, False, 3
3475,0, 4070, False, 3
3476,0, 4070, False, 3
3477,0, 4070, False, 3
3478,0, 4070, False, 3
3479,0, 4070, False, 3
3480,0, 4070, False, 3
3481,0, 4070, False, 3
3482,0, 4070, False, 3
3483,0, 4070, False, 3
3484,10, 4080, False, 3
3485,0, 4080, False, 3
3486,0, 4080, False, 3
3487,0, 4080, False, 3
3488,0, 4080, False, 3
3489,0, 4080, False, 3
3490,0, 4080, False, 3
3491,0, 4080, False, 3
3492,0, 4080, False, 3
3493,0, 4080, False, 3
3494,0, 4080, False, 3
3495,0, 4080, False, 3
3496,0, 4080, False, 3
3497,0, 4080, False, 3
3498,0, 4080, False, 3
3499,0, 4080, False, 3
3500,0, 4080, False, 3
3501,0, 4080, False, 6
3502,0, 4080, False, 6
3503,0, 4080, False, 6
3504,0, 4080, False, 2
3505,0, 4080, False, 2
3506,0, 4080, False, 2
3507,0, 4080, False, 2
3508,0, 4080, False, 2
3509,0, 4080, False, 2
3510,0, 4080, False, 2
3511,0, 4080, False, 2
3512,0, 4080, False, 2
3513,0, 4080, False, 2
3514,0, 4080, False, 2
3515,0, 4080, False, 2
3516,0, 4080, False, 2
3517,0, 4080, False, 2
3518,0, 4080, False, 2
3519,0, 4080, False, 2
3520,0, 4080, False, 2
3521,0, 4080, False, 2
3522,0, 4080, False, 2
3523,0, 4080, False, 2
3524,0, 4080, False, 2
3525,0, 4080, False, 6
3526,0, 4080, False, 6
3527,0, 4080, False, 6
3528,0, 4080, False, 6
3529,0, 4080, False, 6
3530,0, 4080, False, 3
3531,0, 4080, False, 3
3532,10, 4090, False, 3
3533,0, 4090, False, 3
3534,0, 4090, False, 3
3535,0, 4090, False, 3
3536,0, 4090, False, 3
3537,0, 4090, False, 3
3538,0, 4090, False, 3
3539,0, 4090, False, 3
3540,0, 4090, False, 3
3541,0, 4090, False, 3
3542,0, 4090, False, 3
3543,0, 4090, False, 3
3544,0, 4090, False, 3
3545,0, 4090, False, 3
3546,10, 4100, False, 3
3547,0, 4100, False, 3
3548,0, 4100, False, 3
3549,0, 4100, False, 3
3550,0, 4100, False, 6
3551,0, 4100, False, 6
3552,0, 4100, False, 6
3553,0, 4100, False, 6
3554,0, 4100, False, 6
3555,0, 4100, False, 2
3556,0, 4100, False, 2
3557,0, 4100, False, 2
3558,0, 4100, False, 2
3559,0, 4100, False, 2
3560,0, 4100, False, 2
3561,0, 4100, False, 2
3562,0, 4100, False, 2
3563,0, 4100, False, 2
3564,10, 4110, False, 2
3565,0, 4110, False, 2
3566,0, 4110, False, 2
3567,0, 4110, False, 2
3568,0, 4110, False, 2
3569,0, 4110, False, 2
3570,0, 4110, False, 2
3571,0, 4110, False, 2
3572,0, 4110, False, 2
3573,0, 4110, False, 2
3574,0, 4110, False, 2
3575,0, 4110, False, 2
3576,0, 4110, False, 2
3577,0, 4110, False, 2
3578,10, 4120, False, 6
3579,0, 4120, False, 6
3580,0, 4120, False, 6
3581,0, 4120, False, 6
3582,0, 4120, False, 6
3583,0, 4120, False, 6
3584,0, 4120, False, 6
3585,0, 4120, False, 3
3586,0, 4120, False, 3
3587,0, 4120, False, 3
3588,0, 4120, False, 3
3589,0, 4120, False, 3
3590,0, 4120, False, 3
3591,0, 4120, False, 3
3592,10, 4130, False, 3
3593,0, 4130, False, 3
3594,0, 4130, False, 3
3595,0, 4130, False, 3
3596,0, 4130, False, 3
3597,0, 4130, False, 3
3598,0, 4130, False, 3
3599,0, 4130, False, 3
3600,0, 4130, False, 3
3601,0, 4130, False, 3
3602,10, 4140, False, 3
3603,0, 4140, False, 3
3604,0, 4140, False, 3
3605,0, 4140, False, 3
3606,0, 4140, False, 3
3607,0, 4140, False, 8
3608,0, 4140, False, 8
3609,0, 4140, False, 8
3610,0, 4140, False, 8
3611,0, 4140, False, 8
3612,0, 4140, False, 8
3613,0, 4140, False, 8
3614,10, 4150, False, 8
3615,0, 4150, False, 8
3616,0, 4150, False, 5
3617,0, 4150, False, 5
3618,0, 4150, False, 5
3619,0, 4150, False, 5
3620,0, 4150, False, 5
3621,0, 4150, False, 5
3622,0, 4150, False, 5
3623,0, 4150, False, 5
3624,0, 4150, False, 5
3625,0, 4150, False, 5
3626,0, 4150, False, 5
3627,0, 4150, False, 5
3628,10, 4160, False, 5
3629,0, 4160, False, 5
3630,0, 4160, False, 0
3631,0, 4160, False, 0
3632,0, 4160, False, 0
3633,0, 4160, False, 0
3634,0, 4160, False, 0
3635,0, 4160, False, 0
3636,0, 4160, False, 2
3637,0, 4160, False, 2
3638,0, 4160, False, 2
3639,0, 4160, False, 2
3640,0, 4160, False, 2
3641,0, 4160, False, 2
3642,0, 4160, False, 2
3643,0, 4160, False, 2
3644,0, 4160, False, 2
3645,0, 4160, False, 2
3646,0, 4160, False, 2
3647,0, 4160, False, 2
3648,0, 4160, False, 2
3649,0, 4160, False, 2
3650,0, 4160, False, 2
3651,0, 4160, False, 2
3652,0, 4160, False, 2
3653,0, 4160, False, 2
3654,0, 4160, False, 2
3655,0, 4160, False, 2
3656,0, 4160, False, 2
3657,0, 4160, False, 2
3658,0, 4160, False, 2
3659,0, 4160, False, 2
3660,0, 4160, False, 2
3661,0, 4160, False, 2
3662,0, 4160, False, 2
3663,0, 4160, False, 2
3664,0, 4160, False, 2
3665,0, 4160, False, 2
3666,0, 4160, False, 2
3667,0, 4160, False, 2
3668,0, 4160, False, 2
3669,0, 4160, False, 2
3670,0, 4160, False, 2
3671,0, 4160, False, 2
3672,0, 4160, False, 2
3673,0, 4160, False, 2
3674,0, 4160, False, 2
3675,0, 4160, False, 2
3676,0, 4160, False, 0
3677,0, 4160, False, 0
3678,0, 4160, False, 0
3679,0, 4160, False, 0
3680,0, 4160, False, 0
3681,0, 4160, False, 0
3682,0, 4160, False, 0
3683,0, 4160, False, 0
3684,0, 4160, False, 0
3685,0, 4160, False, 0
3686,0, 4160, False, 0
3687,0, 4160, False, 0
3688,0, 4160, False, 0
3689,0, 4160, False, 0
3690,0, 4160, False, 0
3691,0, 4160, False, 0
3692,0, 4160, False, 0
3693,0, 4160, False, 0
3694,0, 4160, False, 0
3695,0, 4160, False, 0
3696,0, 4160, False, 0
3697,0, 4160, False, 0
3698,0, 4160, False, 0
3699,0, 4160, False, 0
3700,0, 4160, False, 0
3701,0, 4160, False, 0
3702,0, 4160, False, 0
3703,0, 4160, False, 0
3704,0, 4160, False, 0
3705,0, 4160, False, 0
3706,0, 4160, False, 0
3707,0, 4160, False, 0
3708,0, 4160, False, 0
3709,0, 4160, False, 0
3710,0, 4160, False, 0
3711,0, 4160, False, 0
3712,0, 4160, False, 0
3713,0, 4160, False, 0
3714,0, 4160, False, 0
3715,0, 4160, False, 0
3716,0, 4160, False, 0
3717,0, 4160, False, 0
3718,0, 4160, False, 0
3719,0, 4160, False, 0
3720,0, 4160, False, 0
3721,0, 4160, False, 0
3722,0, 4160, False, 0
3723,0, 4160, False, 0
3724,0, 4160, False, 0
3725,0, 4160, False, 0
3726,0, 4160, False, 0
3727,0, 4160, False, 0
3728,0, 4160, False, 0
3729,0, 4160, False, 0
3730,0, 4160, False, 0
3731,0, 4160, False, 0
3732,0, 4160, False, 0
3733,0, 4160, False, 0
3734,0, 4160, False, 0
3735,0, 4160, False, 0
3736,0, 4160, False, 0
3737,0, 4160, False, 0
3738,0, 4160, False, 0
3739,0, 4160, False, 0
3740,0, 4160, False, 0
3741,0, 4160, False, 0
3742,0, 4160, False, 0
3743,0, 4160, False, 0
3744,0, 4160, False, 0
3745,0, 4160, False, 0
3746,0, 4160, False, 0
3747,0, 4160, False, 0
3748,0, 4160, False, 0
3749,0, 4160, False, 0
3750,0, 4160, False, 0
3751,0, 4160, False, 0
3752,0, 4160, False, 0
3753,0, 4160, False, 0
3754,0, 4160, False, 0
3755,0, 4160, False, 0
3756,0, 4160, False, 0
3757,0, 4160, False, 0
3758,0, 4160, False, 0
3759,0, 4160, False, 0
3760,0, 4160, False, 0
3761,0, 4160, False, 0
3762,0, 4160, False, 0
3763,0, 4160, False, 0
3764,0, 4160, False, 0
3765,0, 4160, False, 0
3766,0, 4160, False, 0
3767,0, 4160, False, 0
3768,0, 4160, False, 0
3769,0, 4160, False, 0
3770,0, 4160, False, 0
3771,0, 4160, False, 0
3772,0, 4160, False, 0
3773,0, 4160, False, 0
3774,0, 4160, False, 0
3775,0, 4160, False, 0
3776,0, 4160, False, 0
3777,0, 4160, False, 0
3778,0, 4160, False, 0
3779,0, 4160, False, 0
3780,0, 4160, False, 0
3781,0, 4160, False, 0
3782,0, 4160, False, 0
3783,0, 4160, False, 0
3784,0, 4160, False, 0
3785,0, 4160, False, 0
3786,0, 4160, False, 0
3787,0, 4160, False, 0
3788,0, 4160, False, 0
3789,0, 4160, False, 0
3790,0, 4160, False, 0
3791,0, 4160, False, 0
3792,0, 4160, False, 0
3793,0, 4160, False, 0
3794,0, 4160, False, 0
3795,0, 4160, False, 0
3796,0, 4160, False, 0
3797,0, 4160, False, 0
3798,0, 4160, False, 0
3799,0, 4160, False, 0
3800,0, 4160, False, 0
3801,0, 4160, False, 0
3802,0, 4160, False, 0
3803,0, 4160, False, 0
3804,0, 4160, False, 0
3805,0, 4160, False, 0
3806,0, 4160, False, 0
3807,0, 4160, False, 0
3808,0, 4160, False, 0
3809,0, 4160, False, 0
3810,0, 4160, False, 0
3811,0, 4160, False, 0
3812,0, 4160, False, 0
3813,0, 4160, False, 0
3814,0, 4160, False, 0
3815,0, 4160, False, 0
3816,0, 4160, False, 0
3817,0, 4160, False, 0
3818,0, 4160, False, 0
3819,0, 4160, False, 0
3820,0, 4160, False, 0
3821,0, 4160, False, 0
3822,0, 4160, False, 0
3823,0, 4160, False, 0
3824,0, 4160, False, 0
3825,0, 4160, False, 0
3826,0, 4160, False, 0
3827,0, 4160, False, 0
3828,0, 4160, False, 0
3829,0, 4160, False, 0
3830,0, 4160, False, 0
3831,0, 4160, False, 0
3832,0, 4160, False, 0
3833,0, 4160, False, 0
3834,0, 4160, False, 0
3835,0, 4160, False, 0
3836,0, 4160, False, 0
3837,0, 4160, False, 0
3838,0, 4160, False, 0
3839,0, 4160, False, 0
3840,0, 4160, False, 0
3841,0, 4160, False, 0
