db traj id : 2913
frame,reward,score,terminal, action
0,0, 0, False, 0
1,0, 0, False, 0
2,0, 0, False, 0
3,0, 0, False, 0
4,0, 0, False, 0
5,0, 0, False, 0
6,0, 0, False, 0
7,0, 0, False, 0
8,0, 0, False, 0
9,0, 0, False, 0
10,0, 0, False, 0
11,0, 0, False, 0
12,0, 0, False, 0
13,0, 0, False, 0
14,0, 0, False, 0
15,0, 0, False, 0
16,0, 0, False, 0
17,0, 0, False, 0
18,0, 0, False, 0
19,0, 0, False, 0
20,0, 0, False, 0
21,0, 0, False, 0
22,0, 0, False, 0
23,0, 0, False, 0
24,0, 0, False, 0
25,0, 0, False, 0
26,0, 0, False, 0
27,0, 0, False, 0
28,0, 0, False, 0
29,0, 0, False, 0
30,0, 0, False, 0
31,0, 0, False, 0
32,0, 0, False, 0
33,0, 0, False, 0
34,0, 0, False, 0
35,0, 0, False, 0
36,0, 0, False, 0
37,0, 0, False, 0
38,0, 0, False, 0
39,0, 0, False, 0
40,0, 0, False, 0
41,0, 0, False, 0
42,0, 0, False, 0
43,0, 0, False, 0
44,0, 0, False, 0
45,0, 0, False, 0
46,0, 0, False, 0
47,0, 0, False, 0
48,0, 0, False, 0
49,0, 0, False, 0
50,0, 0, False, 0
51,0, 0, False, 0
52,0, 0, False, 0
53,0, 0, False, 0
54,0, 0, False, 0
55,0, 0, False, 0
56,0, 0, False, 0
57,0, 0, False, 0
58,0, 0, False, 0
59,0, 0, False, 0
60,0, 0, False, 0
61,0, 0, False, 0
62,0, 0, False, 0
63,0, 0, False, 0
64,0, 0, False, 0
65,0, 0, False, 0
66,0, 0, False, 0
67,0, 0, False, 0
68,0, 0, False, 0
69,0, 0, False, 0
70,0, 0, False, 0
71,0, 0, False, 0
72,0, 0, False, 0
73,0, 0, False, 0
74,0, 0, False, 0
75,0, 0, False, 0
76,0, 0, False, 0
77,0, 0, False, 0
78,0, 0, False, 0
79,0, 0, False, 0
80,0, 0, False, 0
81,0, 0, False, 0
82,0, 0, False, 0
83,0, 0, False, 0
84,0, 0, False, 0
85,0, 0, False, 0
86,0, 0, False, 0
87,0, 0, False, 0
88,0, 0, False, 0
89,0, 0, False, 0
90,0, 0, False, 0
91,0, 0, False, 0
92,0, 0, False, 0
93,0, 0, False, 0
94,0, 0, False, 4
95,0, 0, False, 4
96,0, 0, False, 4
97,0, 0, False, 4
98,0, 0, False, 4
99,0, 0, False, 4
100,0, 0, False, 4
101,0, 0, False, 4
102,0, 0, False, 4
103,0, 0, False, 4
104,0, 0, False, 4
105,0, 0, False, 4
106,0, 0, False, 4
107,0, 0, False, 4
108,0, 0, False, 4
109,0, 0, False, 4
110,0, 0, False, 4
111,0, 0, False, 4
112,0, 0, False, 4
113,0, 0, False, 4
114,0, 0, False, 4
115,0, 0, False, 4
116,0, 0, False, 4
117,0, 0, False, 4
118,0, 0, False, 4
119,0, 0, False, 4
120,0, 0, False, 0
121,0, 0, False, 0
122,0, 0, False, 0
123,0, 0, False, 0
124,0, 0, False, 0
125,0, 0, False, 0
126,0, 0, False, 0
127,0, 0, False, 0
128,0, 0, False, 0
129,0, 0, False, 0
130,0, 0, False, 0
131,0, 0, False, 0
132,0, 0, False, 0
133,0, 0, False, 0
134,0, 0, False, 0
135,0, 0, False, 0
136,0, 0, False, 0
137,0, 0, False, 0
138,0, 0, False, 0
139,0, 0, False, 0
140,0, 0, False, 0
141,0, 0, False, 0
142,0, 0, False, 0
143,0, 0, False, 0
144,0, 0, False, 0
145,0, 0, False, 0
146,0, 0, False, 0
147,0, 0, False, 0
148,0, 0, False, 0
149,0, 0, False, 0
150,0, 0, False, 0
151,0, 0, False, 0
152,0, 0, False, 0
153,0, 0, False, 0
154,0, 0, False, 0
155,0, 0, False, 0
156,0, 0, False, 0
157,0, 0, False, 0
158,0, 0, False, 0
159,0, 0, False, 0
160,0, 0, False, 0
161,0, 0, False, 0
162,0, 0, False, 0
163,0, 0, False, 0
164,0, 0, False, 0
165,0, 0, False, 0
166,0, 0, False, 0
167,0, 0, False, 0
168,0, 0, False, 0
169,0, 0, False, 0
170,0, 0, False, 0
171,0, 0, False, 0
172,0, 0, False, 0
173,0, 0, False, 0
174,0, 0, False, 0
175,0, 0, False, 0
176,0, 0, False, 0
177,0, 0, False, 0
178,0, 0, False, 0
179,0, 0, False, 0
180,0, 0, False, 0
181,0, 0, False, 0
182,0, 0, False, 0
183,0, 0, False, 0
184,0, 0, False, 0
185,0, 0, False, 0
186,0, 0, False, 0
187,0, 0, False, 0
188,0, 0, False, 0
189,0, 0, False, 0
190,0, 0, False, 0
191,0, 0, False, 0
192,0, 0, False, 0
193,0, 0, False, 0
194,0, 0, False, 0
195,0, 0, False, 0
196,0, 0, False, 0
197,0, 0, False, 0
198,0, 0, False, 0
199,0, 0, False, 0
200,0, 0, False, 0
201,0, 0, False, 0
202,0, 0, False, 0
203,0, 0, False, 0
204,0, 0, False, 0
205,0, 0, False, 0
206,0, 0, False, 0
207,0, 0, False, 0
208,0, 0, False, 0
209,0, 0, False, 0
210,0, 0, False, 0
211,0, 0, False, 0
212,0, 0, False, 0
213,0, 0, False, 0
214,0, 0, False, 0
215,0, 0, False, 0
216,0, 0, False, 0
217,0, 0, False, 0
218,0, 0, False, 0
219,0, 0, False, 0
220,0, 0, False, 0
221,0, 0, False, 0
222,0, 0, False, 0
223,0, 0, False, 0
224,0, 0, False, 0
225,0, 0, False, 0
226,0, 0, False, 0
227,0, 0, False, 0
228,0, 0, False, 0
229,0, 0, False, 0
230,0, 0, False, 0
231,0, 0, False, 0
232,0, 0, False, 0
233,0, 0, False, 0
234,0, 0, False, 0
235,0, 0, False, 0
236,0, 0, False, 0
237,0, 0, False, 0
238,0, 0, False, 0
239,0, 0, False, 0
240,0, 0, False, 0
241,0, 0, False, 0
242,0, 0, False, 0
243,0, 0, False, 0
244,0, 0, False, 0
245,0, 0, False, 0
246,0, 0, False, 0
247,0, 0, False, 0
248,0, 0, False, 0
249,0, 0, False, 0
250,0, 0, False, 0
251,0, 0, False, 3
252,0, 0, False, 3
253,0, 0, False, 3
254,0, 0, False, 3
255,0, 0, False, 3
256,0, 0, False, 3
257,0, 0, False, 0
258,0, 0, False, 0
259,0, 0, False, 0
260,0, 0, False, 0
261,0, 0, False, 0
262,0, 0, False, 0
263,0, 0, False, 0
264,0, 0, False, 0
265,0, 0, False, 0
266,0, 0, False, 0
267,0, 0, False, 0
268,0, 0, False, 0
269,0, 0, False, 0
270,0, 0, False, 0
271,0, 0, False, 0
272,0, 0, False, 0
273,0, 0, False, 0
274,0, 0, False, 0
275,0, 0, False, 3
276,0, 0, False, 3
277,0, 0, False, 3
278,0, 0, False, 3
279,0, 0, False, 3
280,0, 0, False, 3
281,10, 10, False, 3
282,0, 10, False, 3
283,0, 10, False, 3
284,0, 10, False, 3
285,0, 10, False, 3
286,0, 10, False, 3
287,0, 10, False, 3
288,0, 10, False, 3
289,0, 10, False, 3
290,0, 10, False, 3
291,0, 10, False, 3
292,0, 10, False, 3
293,10, 20, False, 3
294,0, 20, False, 3
295,0, 20, False, 3
296,0, 20, False, 3
297,0, 20, False, 3
298,0, 20, False, 3
299,0, 20, False, 3
300,0, 20, False, 3
301,0, 20, False, 3
302,0, 20, False, 3
303,0, 20, False, 3
304,0, 20, False, 3
305,0, 20, False, 3
306,0, 20, False, 3
307,10, 30, False, 3
308,0, 30, False, 3
309,0, 30, False, 3
310,0, 30, False, 3
311,0, 30, False, 3
312,0, 30, False, 0
313,0, 30, False, 0
314,0, 30, False, 0
315,0, 30, False, 0
316,0, 30, False, 0
317,0, 30, False, 0
318,0, 30, False, 3
319,0, 30, False, 3
320,0, 30, False, 3
321,10, 40, False, 3
322,0, 40, False, 3
323,0, 40, False, 3
324,0, 40, False, 3
325,0, 40, False, 3
326,0, 40, False, 3
327,0, 40, False, 3
328,0, 40, False, 2
329,0, 40, False, 2
330,0, 40, False, 2
331,0, 40, False, 2
332,0, 40, False, 2
333,10, 50, False, 2
334,0, 50, False, 2
335,0, 50, False, 2
336,0, 50, False, 2
337,0, 50, False, 2
338,0, 50, False, 2
339,0, 50, False, 2
340,0, 50, False, 2
341,0, 50, False, 2
342,0, 50, False, 2
343,0, 50, False, 2
344,0, 50, False, 2
345,0, 50, False, 2
346,0, 50, False, 2
347,10, 60, False, 2
348,0, 60, False, 2
349,0, 60, False, 2
350,0, 60, False, 2
351,0, 60, False, 2
352,0, 60, False, 2
353,0, 60, False, 2
354,0, 60, False, 2
355,0, 60, False, 2
356,0, 60, False, 2
357,0, 60, False, 2
358,0, 60, False, 2
359,0, 60, False, 2
360,0, 60, False, 2
361,0, 60, False, 2
362,0, 60, False, 2
363,0, 60, False, 2
364,0, 60, False, 2
365,0, 60, False, 0
366,0, 60, False, 5
367,0, 60, False, 5
368,0, 60, False, 5
369,0, 60, False, 5
370,0, 60, False, 5
371,0, 60, False, 5
372,0, 60, False, 5
373,10, 70, False, 5
374,0, 70, False, 5
375,0, 70, False, 5
376,0, 70, False, 5
377,0, 70, False, 5
378,0, 70, False, 5
379,0, 70, False, 5
380,0, 70, False, 5
381,0, 70, False, 5
382,0, 70, False, 5
383,0, 70, False, 5
384,0, 70, False, 5
385,0, 70, False, 5
386,0, 70, False, 5
387,10, 80, False, 5
388,0, 80, False, 5
389,0, 80, False, 5
390,0, 80, False, 5
391,0, 80, False, 5
392,0, 80, False, 5
393,0, 80, False, 5
394,0, 80, False, 5
395,0, 80, False, 5
396,0, 80, False, 5
397,0, 80, False, 5
398,0, 80, False, 5
399,0, 80, False, 5
400,0, 80, False, 5
401,10, 90, False, 5
402,0, 90, False, 5
403,0, 90, False, 5
404,0, 90, False, 5
405,0, 90, False, 5
406,0, 90, False, 5
407,0, 90, False, 5
408,0, 90, False, 5
409,0, 90, False, 5
410,0, 90, False, 5
411,0, 90, False, 5
412,0, 90, False, 5
413,0, 90, False, 5
414,0, 90, False, 5
415,10, 100, False, 5
416,0, 100, False, 5
417,0, 100, False, 5
418,0, 100, False, 5
419,0, 100, False, 5
420,0, 100, False, 5
421,0, 100, False, 0
422,0, 100, False, 0
423,0, 100, False, 0
424,0, 100, False, 0
425,0, 100, False, 0
426,0, 100, False, 0
427,0, 100, False, 0
428,0, 100, False, 0
429,10, 110, False, 0
430,0, 110, False, 0
431,0, 110, False, 0
432,0, 110, False, 0
433,0, 110, False, 4
434,0, 110, False, 4
435,0, 110, False, 4
436,0, 110, False, 4
437,0, 110, False, 4
438,0, 110, False, 4
439,0, 110, False, 4
440,0, 110, False, 4
441,0, 110, False, 4
442,0, 110, False, 4
443,0, 110, False, 4
444,0, 110, False, 4
445,10, 120, False, 4
446,0, 120, False, 4
447,0, 120, False, 4
448,0, 120, False, 4
449,0, 120, False, 4
450,0, 120, False, 4
451,0, 120, False, 4
452,0, 120, False, 4
453,0, 120, False, 4
454,0, 120, False, 4
455,0, 120, False, 4
456,0, 120, False, 4
457,10, 130, False, 0
458,0, 130, False, 0
459,0, 130, False, 0
460,0, 130, False, 0
461,0, 130, False, 3
462,0, 130, False, 3
463,0, 130, False, 3
464,0, 130, False, 3
465,0, 130, False, 3
466,0, 130, False, 3
467,0, 130, False, 3
468,0, 130, False, 3
469,0, 130, False, 3
470,0, 130, False, 3
471,0, 130, False, 3
472,0, 130, False, 3
473,0, 130, False, 3
474,0, 130, False, 3
475,0, 130, False, 3
476,0, 130, False, 3
477,0, 130, False, 3
478,0, 130, False, 3
479,0, 130, False, 3
480,0, 130, False, 3
481,0, 130, False, 3
482,0, 130, False, 3
483,0, 130, False, 3
484,0, 130, False, 3
485,0, 130, False, 3
486,0, 130, False, 3
487,0, 130, False, 3
488,0, 130, False, 3
489,0, 130, False, 3
490,0, 130, False, 3
491,0, 130, False, 3
492,0, 130, False, 3
493,10, 140, False, 3
494,0, 140, False, 3
495,0, 140, False, 3
496,0, 140, False, 3
497,0, 140, False, 3
498,0, 140, False, 3
499,0, 140, False, 3
500,0, 140, False, 3
501,0, 140, False, 3
502,0, 140, False, 3
503,0, 140, False, 3
504,0, 140, False, 3
505,0, 140, False, 3
506,0, 140, False, 0
507,10, 150, False, 0
508,0, 150, False, 0
509,0, 150, False, 0
510,0, 150, False, 0
511,0, 150, False, 0
512,0, 150, False, 0
513,0, 150, False, 0
514,0, 150, False, 0
515,0, 150, False, 0
516,0, 150, False, 0
517,0, 150, False, 0
518,0, 150, False, 0
519,0, 150, False, 0
520,0, 150, False, 0
521,10, 160, False, 0
522,0, 160, False, 0
523,0, 160, False, 2
524,0, 160, False, 2
525,0, 160, False, 2
526,0, 160, False, 2
527,0, 160, False, 2
528,0, 160, False, 2
529,0, 160, False, 2
530,0, 160, False, 2
531,0, 160, False, 2
532,0, 160, False, 2
533,0, 160, False, 2
534,0, 160, False, 2
535,0, 160, False, 2
536,0, 160, False, 2
537,50, 210, False, 2
538,0, 210, False, 2
539,0, 210, False, 2
540,0, 210, False, 2
541,0, 210, False, 2
542,0, 210, False, 2
543,0, 210, False, 2
544,0, 210, False, 2
545,0, 210, False, 2
546,0, 210, False, 0
547,0, 210, False, 0
548,0, 210, False, 0
549,10, 220, False, 0
550,0, 220, False, 0
551,0, 220, False, 0
552,0, 220, False, 0
553,0, 220, False, 0
554,0, 220, False, 0
555,0, 220, False, 0
556,0, 220, False, 4
557,0, 220, False, 4
558,0, 220, False, 4
559,0, 220, False, 4
560,0, 220, False, 4
561,0, 220, False, 4
562,0, 220, False, 4
563,10, 230, False, 4
564,0, 230, False, 4
565,0, 230, False, 4
566,0, 230, False, 4
567,0, 230, False, 4
568,0, 230, False, 4
569,0, 230, False, 4
570,0, 230, False, 4
571,0, 230, False, 4
572,0, 230, False, 0
573,0, 230, False, 0
574,0, 230, False, 0
575,10, 240, False, 0
576,0, 240, False, 0
577,0, 240, False, 0
578,0, 240, False, 0
579,0, 240, False, 0
580,0, 240, False, 0
581,0, 240, False, 0
582,0, 240, False, 0
583,0, 240, False, 0
584,0, 240, False, 0
585,0, 240, False, 0
586,0, 240, False, 0
587,0, 240, False, 0
588,0, 240, False, 0
589,10, 250, False, 0
590,0, 250, False, 0
591,0, 250, False, 0
592,0, 250, False, 0
593,0, 250, False, 3
594,0, 250, False, 3
595,0, 250, False, 3
596,0, 250, False, 3
597,0, 250, False, 3
598,0, 250, False, 3
599,0, 250, False, 3
600,0, 250, False, 3
601,0, 250, False, 3
602,0, 250, False, 3
603,0, 250, False, 3
604,0, 250, False, 3
605,0, 250, False, 3
606,0, 250, False, 3
607,0, 250, False, 3
608,0, 250, False, 3
609,0, 250, False, 3
610,0, 250, False, 3
611,0, 250, False, 3
612,0, 250, False, 0
613,0, 250, False, 0
614,0, 250, False, 0
615,0, 250, False, 0
616,0, 250, False, 0
617,0, 250, False, 0
618,0, 250, False, 2
619,0, 250, False, 2
620,0, 250, False, 2
621,0, 250, False, 2
622,0, 250, False, 2
623,0, 250, False, 2
624,0, 250, False, 0
625,0, 250, False, 0
626,0, 250, False, 0
627,0, 250, False, 0
628,0, 250, False, 0
629,0, 250, False, 0
630,0, 250, False, 0
631,0, 250, False, 0
632,0, 250, False, 0
633,0, 250, False, 0
634,0, 250, False, 0
635,0, 250, False, 0
636,0, 250, False, 4
637,0, 250, False, 4
638,0, 250, False, 4
639,0, 250, False, 4
640,0, 250, False, 4
641,0, 250, False, 4
642,0, 250, False, 0
643,0, 250, False, 0
644,0, 250, False, 0
645,0, 250, False, 0
646,0, 250, False, 0
647,0, 250, False, 0
648,0, 250, False, 0
649,0, 250, False, 0
650,0, 250, False, 0
651,0, 250, False, 0
652,0, 250, False, 4
653,0, 250, False, 0
654,0, 250, False, 0
655,0, 250, False, 2
656,0, 250, False, 2
657,0, 250, False, 2
658,0, 250, False, 2
659,0, 250, False, 2
660,0, 250, False, 2
661,0, 250, False, 2
662,0, 250, False, 2
663,0, 250, False, 2
664,0, 250, False, 2
665,0, 250, False, 2
666,0, 250, False, 2
667,0, 250, False, 2
668,0, 250, False, 2
669,0, 250, False, 2
670,0, 250, False, 2
671,0, 250, False, 2
672,0, 250, False, 2
673,0, 250, False, 2
674,0, 250, False, 2
675,0, 250, False, 2
676,0, 250, False, 2
677,0, 250, False, 3
678,0, 250, False, 3
679,0, 250, False, 3
680,0, 250, False, 3
681,0, 250, False, 3
682,0, 250, False, 3
683,0, 250, False, 3
684,0, 250, False, 3
685,0, 250, False, 3
686,0, 250, False, 3
687,0, 250, False, 3
688,0, 250, False, 3
689,0, 250, False, 3
690,0, 250, False, 3
691,0, 250, False, 3
692,0, 250, False, 3
693,0, 250, False, 0
694,0, 250, False, 0
695,0, 250, False, 0
696,0, 250, False, 0
697,0, 250, False, 0
698,0, 250, False, 0
699,0, 250, False, 0
700,0, 250, False, 0
701,0, 250, False, 0
702,0, 250, False, 5
703,0, 250, False, 5
704,0, 250, False, 5
705,0, 250, False, 5
706,0, 250, False, 5
707,0, 250, False, 5
708,0, 250, False, 5
709,0, 250, False, 5
710,0, 250, False, 5
711,0, 250, False, 5
712,0, 250, False, 5
713,0, 250, False, 5
714,0, 250, False, 5
715,0, 250, False, 0
716,0, 250, False, 0
717,0, 250, False, 0
718,0, 250, False, 0
719,0, 250, False, 3
720,0, 250, False, 3
721,0, 250, False, 3
722,0, 250, False, 3
723,0, 250, False, 3
724,0, 250, False, 3
725,0, 250, False, 3
726,0, 250, False, 3
727,0, 250, False, 3
728,0, 250, False, 3
729,0, 250, False, 3
730,0, 250, False, 3
731,0, 250, False, 3
732,0, 250, False, 3
733,0, 250, False, 3
734,0, 250, False, 3
735,0, 250, False, 3
736,0, 250, False, 3
737,0, 250, False, 0
738,0, 250, False, 0
739,0, 250, False, 0
740,0, 250, False, 0
741,0, 250, False, 0
742,0, 250, False, 0
743,0, 250, False, 0
744,0, 250, False, 0
745,0, 250, False, 0
746,0, 250, False, 2
747,0, 250, False, 2
748,0, 250, False, 2
749,0, 250, False, 2
750,0, 250, False, 2
751,0, 250, False, 2
752,0, 250, False, 2
753,0, 250, False, 2
754,0, 250, False, 2
755,0, 250, False, 2
756,0, 250, False, 2
757,0, 250, False, 2
758,0, 250, False, 2
759,10, 260, False, 0
760,0, 260, False, 0
761,0, 260, False, 0
762,0, 260, False, 0
763,0, 260, False, 0
764,0, 260, False, 0
765,0, 260, False, 0
766,0, 260, False, 0
767,0, 260, False, 0
768,0, 260, False, 0
769,0, 260, False, 0
770,0, 260, False, 0
771,0, 260, False, 0
772,0, 260, False, 0
773,10, 270, False, 0
774,0, 270, False, 0
775,0, 270, False, 3
776,0, 270, False, 3
777,0, 270, False, 3
778,0, 270, False, 3
779,0, 270, False, 3
780,0, 270, False, 3
781,0, 270, False, 3
782,0, 270, False, 3
783,0, 270, False, 3
784,0, 270, False, 0
785,0, 270, False, 0
786,0, 270, False, 0
787,10, 280, False, 0
788,0, 280, False, 0
789,0, 280, False, 0
790,0, 280, False, 0
791,0, 280, False, 0
792,0, 280, False, 0
793,0, 280, False, 0
794,0, 280, False, 0
795,0, 280, False, 0
796,0, 280, False, 0
797,0, 280, False, 0
798,0, 280, False, 5
799,0, 280, False, 5
800,0, 280, False, 5
801,0, 280, False, 5
802,0, 280, False, 5
803,0, 280, False, 5
804,0, 280, False, 5
805,0, 280, False, 5
806,0, 280, False, 5
807,0, 280, False, 5
808,0, 280, False, 5
809,0, 280, False, 5
810,0, 280, False, 5
811,0, 280, False, 0
812,0, 280, False, 0
813,0, 280, False, 0
814,0, 280, False, 0
815,0, 280, False, 0
816,0, 280, False, 0
817,0, 280, False, 0
818,0, 280, False, 3
819,0, 280, False, 3
820,0, 280, False, 3
821,0, 280, False, 3
822,0, 280, False, 3
823,0, 280, False, 3
824,0, 280, False, 3
825,10, 290, False, 3
826,0, 290, False, 3
827,0, 290, False, 3
828,0, 290, False, 3
829,0, 290, False, 3
830,0, 290, False, 3
831,0, 290, False, 3
832,0, 290, False, 3
833,0, 290, False, 0
834,0, 290, False, 0
835,0, 290, False, 0
836,0, 290, False, 0
837,0, 290, False, 0
838,0, 290, False, 0
839,0, 290, False, 0
840,0, 290, False, 0
841,0, 290, False, 0
842,0, 290, False, 4
843,0, 290, False, 4
844,0, 290, False, 4
845,0, 290, False, 4
846,0, 290, False, 4
847,0, 290, False, 4
848,0, 290, False, 4
849,0, 290, False, 4
850,0, 290, False, 4
851,0, 290, False, 4
852,0, 290, False, 4
853,0, 290, False, 4
854,0, 290, False, 4
855,0, 290, False, 4
856,0, 290, False, 4
857,0, 290, False, 4
858,0, 290, False, 0
859,0, 290, False, 0
860,0, 290, False, 0
861,0, 290, False, 0
862,0, 290, False, 0
863,0, 290, False, 0
864,0, 290, False, 0
865,0, 290, False, 0
866,0, 290, False, 0
867,0, 290, False, 0
868,0, 290, False, 0
869,0, 290, False, 0
870,0, 290, False, 0
871,0, 290, False, 0
872,0, 290, False, 2
873,0, 290, False, 2
874,0, 290, False, 2
875,0, 290, False, 2
876,0, 290, False, 2
877,0, 290, False, 2
878,0, 290, False, 2
879,0, 290, False, 2
880,0, 290, False, 2
881,0, 290, False, 2
882,0, 290, False, 2
883,0, 290, False, 2
884,0, 290, False, 2
885,0, 290, False, 0
886,0, 290, False, 0
887,0, 290, False, 0
888,0, 290, False, 0
889,0, 290, False, 0
890,0, 290, False, 0
891,0, 290, False, 0
892,0, 290, False, 0
893,0, 290, False, 0
894,0, 290, False, 0
895,10, 300, False, 0
896,0, 300, False, 0
897,0, 300, False, 0
898,0, 300, False, 0
899,0, 300, False, 0
900,0, 300, False, 0
901,0, 300, False, 0
902,0, 300, False, 0
903,0, 300, False, 0
904,0, 300, False, 0
905,0, 300, False, 0
906,0, 300, False, 0
907,0, 300, False, 0
908,0, 300, False, 0
909,10, 310, False, 0
910,0, 310, False, 0
911,0, 310, False, 0
912,0, 310, False, 3
913,0, 310, False, 3
914,0, 310, False, 0
915,0, 310, False, 0
916,0, 310, False, 3
917,0, 310, False, 3
918,0, 310, False, 3
919,0, 310, False, 3
920,0, 310, False, 3
921,0, 310, False, 3
922,0, 310, False, 3
923,10, 320, False, 3
924,0, 320, False, 3
925,0, 320, False, 3
926,0, 320, False, 3
927,0, 320, False, 3
928,0, 320, False, 0
929,0, 320, False, 0
930,0, 320, False, 0
931,0, 320, False, 0
932,0, 320, False, 0
933,10, 330, False, 0
934,0, 330, False, 0
935,0, 330, False, 0
936,0, 330, False, 0
937,0, 330, False, 0
938,0, 330, False, 0
939,0, 330, False, 3
940,0, 330, False, 3
941,0, 330, False, 0
942,0, 330, False, 0
943,0, 330, False, 0
944,0, 330, False, 0
945,0, 330, False, 0
946,0, 330, False, 0
947,0, 330, False, 4
948,0, 330, False, 4
949,0, 330, False, 4
950,0, 330, False, 4
951,0, 330, False, 4
952,0, 330, False, 4
953,0, 330, False, 4
954,0, 330, False, 4
955,0, 330, False, 4
956,0, 330, False, 4
957,0, 330, False, 4
958,0, 330, False, 4
959,0, 330, False, 4
960,0, 330, False, 4
961,0, 330, False, 4
962,0, 330, False, 4
963,0, 330, False, 4
964,0, 330, False, 4
965,0, 330, False, 4
966,0, 330, False, 4
967,0, 330, False, 4
968,0, 330, False, 4
969,0, 330, False, 0
970,0, 330, False, 0
971,0, 330, False, 0
972,0, 330, False, 0
973,0, 330, False, 0
974,0, 330, False, 2
975,0, 330, False, 2
976,0, 330, False, 2
977,0, 330, False, 2
978,0, 330, False, 2
979,0, 330, False, 2
980,0, 330, False, 2
981,0, 330, False, 2
982,0, 330, False, 2
983,0, 330, False, 2
984,0, 330, False, 0
985,10, 340, False, 0
986,0, 340, False, 0
987,0, 340, False, 0
988,0, 340, False, 3
989,0, 340, False, 3
990,0, 340, False, 3
991,0, 340, False, 3
992,0, 340, False, 3
993,0, 340, False, 3
994,0, 340, False, 3
995,0, 340, False, 3
996,0, 340, False, 0
997,0, 340, False, 0
998,0, 340, False, 0
999,10, 350, False, 0
1000,0, 350, False, 0
1001,0, 350, False, 0
1002,0, 350, False, 0
1003,0, 350, False, 0
1004,0, 350, False, 0
1005,0, 350, False, 0
1006,0, 350, False, 0
1007,0, 350, False, 0
1008,0, 350, False, 0
1009,0, 350, False, 0
1010,0, 350, False, 0
1011,0, 350, False, 0
1012,0, 350, False, 3
1013,0, 350, False, 3
1014,0, 350, False, 3
1015,0, 350, False, 3
1016,0, 350, False, 3
1017,0, 350, False, 0
1018,0, 350, False, 0
1019,10, 360, False, 0
1020,0, 360, False, 0
1021,0, 360, False, 0
1022,0, 360, False, 0
1023,0, 360, False, 0
1024,0, 360, False, 0
1025,0, 360, False, 0
1026,0, 360, False, 0
1027,0, 360, False, 2
1028,0, 360, False, 2
1029,0, 360, False, 2
1030,0, 360, False, 2
1031,0, 360, False, 2
1032,0, 360, False, 2
1033,0, 360, False, 2
1034,0, 360, False, 2
1035,0, 360, False, 2
1036,0, 360, False, 2
1037,50, 410, False, 2
1038,0, 410, False, 2
1039,0, 410, False, 2
1040,0, 410, False, 2
1041,0, 410, False, 2
1042,0, 410, False, 2
1043,0, 410, False, 2
1044,0, 410, False, 2
1045,0, 410, False, 2
1046,0, 410, False, 2
1047,0, 410, False, 2
1048,0, 410, False, 2
1049,0, 410, False, 0
1050,0, 410, False, 0
1051,10, 420, False, 0
1052,0, 420, False, 0
1053,0, 420, False, 0
1054,0, 420, False, 0
1055,0, 420, False, 0
1056,0, 420, False, 4
1057,0, 420, False, 4
1058,0, 420, False, 4
1059,0, 420, False, 4
1060,0, 420, False, 4
1061,0, 420, False, 4
1062,0, 420, False, 4
1063,0, 420, False, 4
1064,0, 420, False, 4
1065,10, 430, False, 4
1066,0, 430, False, 4
1067,0, 430, False, 4
1068,0, 430, False, 4
1069,0, 430, False, 4
1070,0, 430, False, 4
1071,0, 430, False, 4
1072,0, 430, False, 4
1073,0, 430, False, 4
1074,0, 430, False, 4
1075,0, 430, False, 0
1076,0, 430, False, 0
1077,0, 430, False, 0
1078,0, 430, False, 0
1079,10, 440, False, 0
1080,0, 440, False, 0
1081,0, 440, False, 0
1082,0, 440, False, 0
1083,0, 440, False, 0
1084,0, 440, False, 0
1085,0, 440, False, 0
1086,0, 440, False, 0
1087,0, 440, False, 0
1088,0, 440, False, 0
1089,0, 440, False, 0
1090,0, 440, False, 0
1091,0, 440, False, 0
1092,0, 440, False, 0
1093,10, 450, False, 0
1094,0, 450, False, 0
1095,0, 450, False, 0
1096,0, 450, False, 0
1097,0, 450, False, 0
1098,0, 450, False, 0
1099,0, 450, False, 0
1100,0, 450, False, 5
1101,0, 450, False, 5
1102,0, 450, False, 5
1103,0, 450, False, 5
1104,0, 450, False, 5
1105,0, 450, False, 5
1106,0, 450, False, 5
1107,0, 450, False, 5
1108,0, 450, False, 5
1109,10, 460, False, 0
1110,0, 460, False, 0
1111,0, 460, False, 0
1112,0, 460, False, 0
1113,0, 460, False, 0
1114,0, 460, False, 0
1115,0, 460, False, 0
1116,0, 460, False, 0
1117,0, 460, False, 3
1118,0, 460, False, 3
1119,0, 460, False, 3
1120,0, 460, False, 3
1121,0, 460, False, 3
1122,0, 460, False, 3
1123,10, 470, False, 3
1124,0, 470, False, 3
1125,0, 470, False, 3
1126,0, 470, False, 3
1127,0, 470, False, 0
1128,0, 470, False, 0
1129,0, 470, False, 0
1130,0, 470, False, 0
1131,0, 470, False, 0
1132,0, 470, False, 0
1133,0, 470, False, 0
1134,0, 470, False, 0
1135,0, 470, False, 0
1136,0, 470, False, 0
1137,10, 480, False, 0
1138,0, 480, False, 0
1139,0, 480, False, 0
1140,0, 480, False, 0
1141,0, 480, False, 0
1142,0, 480, False, 0
1143,0, 480, False, 0
1144,0, 480, False, 0
1145,0, 480, False, 0
1146,0, 480, False, 3
1147,0, 480, False, 3
1148,0, 480, False, 3
1149,0, 480, False, 3
1150,0, 480, False, 0
1151,10, 490, False, 0
1152,0, 490, False, 0
1153,0, 490, False, 0
1154,0, 490, False, 0
1155,0, 490, False, 0
1156,0, 490, False, 0
1157,0, 490, False, 0
1158,0, 490, False, 0
1159,0, 490, False, 0
1160,0, 490, False, 0
1161,0, 490, False, 0
1162,0, 490, False, 0
1163,0, 490, False, 0
1164,0, 490, False, 0
1165,0, 490, False, 0
1166,0, 490, False, 0
1167,0, 490, False, 0
1168,0, 490, False, 2
1169,0, 490, False, 2
1170,0, 490, False, 2
1171,0, 490, False, 2
1172,0, 490, False, 2
1173,0, 490, False, 2
1174,0, 490, False, 2
1175,0, 490, False, 0
1176,0, 490, False, 0
1177,0, 490, False, 0
1178,0, 490, False, 0
1179,0, 490, False, 0
1180,0, 490, False, 0
1181,0, 490, False, 0
1182,0, 490, False, 3
1183,0, 490, False, 3
1184,0, 490, False, 3
1185,0, 490, False, 3
1186,0, 490, False, 3
1187,0, 490, False, 3
1188,0, 490, False, 3
1189,0, 490, False, 3
1190,0, 490, False, 3
1191,0, 490, False, 3
1192,0, 490, False, 3
1193,0, 490, False, 3
1194,0, 490, False, 3
1195,0, 490, False, 0
1196,0, 490, False, 0
1197,0, 490, False, 0
1198,0, 490, False, 0
1199,10, 500, False, 0
1200,0, 500, False, 0
1201,0, 500, False, 0
1202,0, 500, False, 0
1203,0, 500, False, 0
1204,0, 500, False, 0
1205,0, 500, False, 0
1206,0, 500, False, 0
1207,0, 500, False, 0
1208,0, 500, False, 0
1209,0, 500, False, 0
1210,0, 500, False, 0
1211,0, 500, False, 0
1212,0, 500, False, 0
1213,0, 500, False, 0
1214,0, 500, False, 0
1215,0, 500, False, 0
1216,0, 500, False, 0
1217,0, 500, False, 0
1218,0, 500, False, 4
1219,0, 500, False, 4
1220,0, 500, False, 4
1221,0, 500, False, 4
1222,0, 500, False, 4
1223,0, 500, False, 4
1224,0, 500, False, 4
1225,0, 500, False, 4
1226,0, 500, False, 4
1227,0, 500, False, 4
1228,0, 500, False, 4
1229,0, 500, False, 4
1230,0, 500, False, 4
1231,0, 500, False, 4
1232,0, 500, False, 4
1233,0, 500, False, 4
1234,0, 500, False, 4
1235,0, 500, False, 4
1236,0, 500, False, 4
1237,0, 500, False, 4
1238,0, 500, False, 4
1239,0, 500, False, 4
1240,0, 500, False, 4
1241,0, 500, False, 4
1242,0, 500, False, 4
1243,0, 500, False, 0
1244,0, 500, False, 0
1245,0, 500, False, 0
1246,0, 500, False, 0
1247,0, 500, False, 0
1248,0, 500, False, 0
1249,0, 500, False, 0
1250,0, 500, False, 0
1251,10, 510, False, 0
1252,0, 510, False, 0
1253,0, 510, False, 0
1254,0, 510, False, 0
1255,0, 510, False, 0
1256,0, 510, False, 0
1257,0, 510, False, 0
1258,0, 510, False, 0
1259,0, 510, False, 0
1260,0, 510, False, 0
1261,0, 510, False, 0
1262,0, 510, False, 0
1263,0, 510, False, 0
1264,0, 510, False, 0
1265,10, 520, False, 0
1266,0, 520, False, 0
1267,0, 520, False, 0
1268,0, 520, False, 0
1269,0, 520, False, 0
1270,0, 520, False, 0
1271,0, 520, False, 5
1272,0, 520, False, 5
1273,0, 520, False, 5
1274,0, 520, False, 5
1275,0, 520, False, 5
1276,0, 520, False, 5
1277,10, 530, False, 5
1278,0, 530, False, 5
1279,0, 530, False, 5
1280,0, 530, False, 5
1281,0, 530, False, 5
1282,0, 530, False, 5
1283,0, 530, False, 5
1284,0, 530, False, 5
1285,0, 530, False, 5
1286,0, 530, False, 5
1287,0, 530, False, 5
1288,0, 530, False, 0
1289,10, 540, False, 0
1290,0, 540, False, 0
1291,0, 540, False, 0
1292,0, 540, False, 0
1293,0, 540, False, 0
1294,0, 540, False, 0
1295,0, 540, False, 0
1296,0, 540, False, 0
1297,0, 540, False, 0
1298,0, 540, False, 0
1299,0, 540, False, 0
1300,0, 540, False, 0
1301,0, 540, False, 0
1302,0, 540, False, 0
1303,10, 550, False, 0
1304,0, 550, False, 0
1305,0, 550, False, 0
1306,0, 550, False, 0
1307,0, 550, False, 0
1308,0, 550, False, 0
1309,0, 550, False, 0
1310,0, 550, False, 0
1311,0, 550, False, 0
1312,0, 550, False, 0
1313,0, 550, False, 0
1314,0, 550, False, 0
1315,0, 550, False, 0
1316,0, 550, False, 0
1317,10, 560, False, 0
1318,0, 560, False, 0
1319,0, 560, False, 0
1320,0, 560, False, 0
1321,0, 560, False, 0
1322,0, 560, False, 0
1323,0, 560, False, 0
1324,0, 560, False, 3
1325,0, 560, False, 3
1326,0, 560, False, 3
1327,0, 560, False, 3
1328,0, 560, False, 3
1329,0, 560, False, 3
1330,0, 560, False, 3
1331,10, 570, False, 3
1332,0, 570, False, 3
1333,0, 570, False, 3
1334,0, 570, False, 3
1335,0, 570, False, 3
1336,0, 570, False, 3
1337,0, 570, False, 3
1338,0, 570, False, 3
1339,0, 570, False, 3
1340,0, 570, False, 0
1341,0, 570, False, 0
1342,0, 570, False, 0
1343,0, 570, False, 0
1344,0, 570, False, 0
1345,10, 580, False, 0
1346,0, 580, False, 0
1347,0, 580, False, 0
1348,0, 580, False, 0
1349,0, 580, False, 0
1350,0, 580, False, 0
1351,0, 580, False, 0
1352,0, 580, False, 0
1353,0, 580, False, 0
1354,0, 580, False, 0
1355,0, 580, False, 0
1356,0, 580, False, 0
1357,0, 580, False, 0
1358,0, 580, False, 0
1359,10, 590, False, 0
1360,0, 590, False, 0
1361,0, 590, False, 0
1362,0, 590, False, 0
1363,0, 590, False, 0
1364,0, 590, False, 0
1365,0, 590, False, 0
1366,0, 590, False, 0
1367,0, 590, False, 0
1368,0, 590, False, 0
1369,0, 590, False, 0
1370,0, 590, False, 0
1371,0, 590, False, 0
1372,0, 590, False, 0
1373,10, 600, False, 0
1374,0, 600, False, 0
1375,0, 600, False, 0
1376,0, 600, False, 0
1377,0, 600, False, 0
1378,0, 600, False, 0
1379,0, 600, False, 0
1380,0, 600, False, 0
1381,0, 600, False, 0
1382,0, 600, False, 0
1383,0, 600, False, 0
1384,0, 600, False, 0
1385,10, 610, False, 0
1386,0, 610, False, 0
1387,0, 610, False, 0
1388,0, 610, False, 0
1389,0, 610, False, 0
1390,0, 610, False, 0
1391,0, 610, False, 4
1392,0, 610, False, 4
1393,0, 610, False, 4
1394,0, 610, False, 4
1395,0, 610, False, 4
1396,0, 610, False, 4
1397,0, 610, False, 4
1398,0, 610, False, 4
1399,0, 610, False, 4
1400,0, 610, False, 4
1401,0, 610, False, 4
1402,0, 610, False, 4
1403,0, 610, False, 4
1404,0, 610, False, 4
1405,0, 610, False, 4
1406,0, 610, False, 4
1407,0, 610, False, 4
1408,0, 610, False, 4
1409,0, 610, False, 4
1410,0, 610, False, 4
1411,0, 610, False, 0
1412,0, 610, False, 0
1413,0, 610, False, 0
1414,0, 610, False, 0
1415,0, 610, False, 0
1416,0, 610, False, 0
1417,0, 610, False, 0
1418,0, 610, False, 0
1419,0, 610, False, 0
1420,0, 610, False, 0
1421,0, 610, False, 0
1422,0, 610, False, 0
1423,0, 610, False, 0
1424,0, 610, False, 0
1425,0, 610, False, 3
1426,0, 610, False, 3
1427,0, 610, False, 3
1428,0, 610, False, 3
1429,0, 610, False, 3
1430,0, 610, False, 3
1431,0, 610, False, 3
1432,0, 610, False, 3
1433,0, 610, False, 3
1434,0, 610, False, 3
1435,0, 610, False, 3
1436,0, 610, False, 3
1437,0, 610, False, 3
1438,0, 610, False, 3
1439,0, 610, False, 3
1440,0, 610, False, 3
1441,0, 610, False, 3
1442,0, 610, False, 3
1443,0, 610, False, 0
1444,0, 610, False, 0
1445,0, 610, False, 0
1446,0, 610, False, 0
1447,0, 610, False, 0
1448,0, 610, False, 0
1449,0, 610, False, 0
1450,0, 610, False, 0
1451,0, 610, False, 0
1452,0, 610, False, 0
1453,0, 610, False, 0
1454,0, 610, False, 0
1455,0, 610, False, 0
1456,0, 610, False, 0
1457,0, 610, False, 0
1458,0, 610, False, 0
1459,0, 610, False, 0
1460,0, 610, False, 0
1461,0, 610, False, 0
1462,0, 610, False, 0
1463,0, 610, False, 0
1464,0, 610, False, 0
1465,0, 610, False, 4
1466,0, 610, False, 4
1467,0, 610, False, 4
1468,0, 610, False, 4
1469,0, 610, False, 4
1470,0, 610, False, 4
1471,0, 610, False, 4
1472,0, 610, False, 4
1473,0, 610, False, 4
1474,0, 610, False, 4
1475,0, 610, False, 4
1476,0, 610, False, 4
1477,0, 610, False, 4
1478,0, 610, False, 4
1479,0, 610, False, 4
1480,0, 610, False, 4
1481,0, 610, False, 4
1482,0, 610, False, 4
1483,0, 610, False, 4
1484,0, 610, False, 4
1485,0, 610, False, 4
1486,0, 610, False, 4
1487,0, 610, False, 4
1488,0, 610, False, 0
1489,0, 610, False, 0
1490,0, 610, False, 0
1491,0, 610, False, 0
1492,0, 610, False, 0
1493,0, 610, False, 0
1494,0, 610, False, 0
1495,0, 610, False, 0
1496,0, 610, False, 0
1497,0, 610, False, 0
1498,0, 610, False, 0
1499,0, 610, False, 0
1500,0, 610, False, 0
1501,0, 610, False, 0
1502,0, 610, False, 0
1503,0, 610, False, 0
1504,0, 610, False, 0
1505,0, 610, False, 0
1506,0, 610, False, 0
1507,0, 610, False, 0
1508,0, 610, False, 0
1509,0, 610, False, 0
1510,0, 610, False, 0
1511,0, 610, False, 0
1512,0, 610, False, 0
1513,0, 610, False, 0
1514,0, 610, False, 0
1515,0, 610, False, 0
1516,0, 610, False, 2
1517,0, 610, False, 2
1518,0, 610, False, 2
1519,0, 610, False, 2
1520,0, 610, False, 2
1521,0, 610, False, 2
1522,0, 610, False, 2
1523,0, 610, False, 2
1524,0, 610, False, 2
1525,0, 610, False, 0
1526,0, 610, False, 0
1527,0, 610, False, 0
1528,0, 610, False, 0
1529,0, 610, False, 0
1530,0, 610, False, 0
1531,0, 610, False, 3
1532,0, 610, False, 3
1533,0, 610, False, 3
1534,0, 610, False, 3
1535,0, 610, False, 3
1536,0, 610, False, 3
1537,0, 610, False, 3
1538,0, 610, False, 3
1539,0, 610, False, 3
1540,0, 610, False, 3
1541,0, 610, False, 3
1542,0, 610, False, 3
1543,0, 610, False, 3
1544,0, 610, False, 3
1545,0, 610, False, 3
1546,0, 610, False, 0
1547,0, 610, False, 0
1548,0, 610, False, 0
1549,10, 620, False, 0
1550,0, 620, False, 0
1551,0, 620, False, 0
1552,0, 620, False, 0
1553,0, 620, False, 0
1554,0, 620, False, 0
1555,0, 620, False, 0
1556,0, 620, False, 0
1557,0, 620, False, 0
1558,0, 620, False, 0
1559,0, 620, False, 0
1560,0, 620, False, 0
1561,10, 630, False, 0
1562,0, 630, False, 0
1563,0, 630, False, 4
1564,0, 630, False, 4
1565,0, 630, False, 4
1566,0, 630, False, 4
1567,0, 630, False, 4
1568,0, 630, False, 4
1569,0, 630, False, 4
1570,0, 630, False, 4
1571,0, 630, False, 4
1572,0, 630, False, 4
1573,0, 630, False, 4
1574,0, 630, False, 4
1575,0, 630, False, 4
1576,0, 630, False, 4
1577,0, 630, False, 4
1578,0, 630, False, 4
1579,0, 630, False, 4
1580,0, 630, False, 4
1581,0, 630, False, 4
1582,0, 630, False, 4
1583,0, 630, False, 4
1584,0, 630, False, 4
1585,0, 630, False, 4
1586,0, 630, False, 0
1587,0, 630, False, 0
1588,0, 630, False, 0
1589,0, 630, False, 0
1590,0, 630, False, 0
1591,0, 630, False, 0
1592,0, 630, False, 0
1593,0, 630, False, 0
1594,0, 630, False, 0
1595,10, 640, False, 0
1596,0, 640, False, 0
1597,0, 640, False, 0
1598,0, 640, False, 0
1599,0, 640, False, 0
1600,0, 640, False, 0
1601,0, 640, False, 0
1602,0, 640, False, 0
1603,0, 640, False, 0
1604,0, 640, False, 0
1605,0, 640, False, 0
1606,0, 640, False, 0
1607,0, 640, False, 0
1608,0, 640, False, 0
1609,10, 650, False, 0
1610,0, 650, False, 0
1611,0, 650, False, 0
1612,0, 650, False, 0
1613,0, 650, False, 0
1614,0, 650, False, 0
1615,0, 650, False, 0
1616,0, 650, False, 0
1617,0, 650, False, 0
1618,0, 650, False, 0
1619,0, 650, False, 0
1620,0, 650, False, 0
1621,0, 650, False, 0
1622,0, 650, False, 0
1623,0, 650, False, 0
1624,0, 650, False, 0
1625,0, 650, False, 0
1626,0, 650, False, 0
1627,10, 660, False, 0
1628,0, 660, False, 0
1629,0, 660, False, 0
1630,0, 660, False, 0
1631,0, 660, False, 0
1632,0, 660, False, 0
1633,0, 660, False, 0
1634,0, 660, False, 0
1635,0, 660, False, 0
1636,0, 660, False, 0
1637,0, 660, False, 0
1638,0, 660, False, 0
1639,0, 660, False, 0
1640,0, 660, False, 0
1641,10, 670, False, 0
1642,0, 670, False, 0
1643,0, 670, False, 0
1644,0, 670, False, 0
1645,0, 670, False, 0
1646,0, 670, False, 0
1647,0, 670, False, 0
1648,0, 670, False, 0
1649,0, 670, False, 0
1650,0, 670, False, 0
1651,0, 670, False, 5
1652,0, 670, False, 5
1653,10, 680, False, 5
1654,0, 680, False, 5
1655,0, 680, False, 5
1656,0, 680, False, 5
1657,0, 680, False, 8
1658,0, 680, False, 8
1659,0, 680, False, 3
1660,0, 680, False, 3
1661,0, 680, False, 3
1662,0, 680, False, 3
1663,0, 680, False, 3
1664,0, 680, False, 3
1665,10, 690, False, 8
1666,0, 690, False, 8
1667,0, 690, False, 5
1668,0, 690, False, 5
1669,0, 690, False, 5
1670,0, 690, False, 5
1671,0, 690, False, 5
1672,0, 690, False, 5
1673,0, 690, False, 5
1674,0, 690, False, 5
1675,0, 690, False, 5
1676,0, 690, False, 5
1677,0, 690, False, 0
1678,0, 690, False, 0
1679,10, 700, False, 0
1680,0, 700, False, 0
1681,0, 700, False, 0
1682,0, 700, False, 0
1683,0, 700, False, 0
1684,0, 700, False, 0
1685,0, 700, False, 0
1686,0, 700, False, 0
1687,0, 700, False, 0
1688,0, 700, False, 0
1689,0, 700, False, 0
1690,0, 700, False, 0
1691,0, 700, False, 3
1692,0, 700, False, 3
1693,10, 710, False, 3
1694,0, 710, False, 3
1695,0, 710, False, 0
1696,0, 710, False, 0
1697,0, 710, False, 0
1698,0, 710, False, 0
1699,0, 710, False, 0
1700,0, 710, False, 0
1701,0, 710, False, 0
1702,0, 710, False, 0
1703,0, 710, False, 0
1704,0, 710, False, 0
1705,0, 710, False, 0
1706,0, 710, False, 0
1707,10, 720, False, 0
1708,0, 720, False, 4
1709,0, 720, False, 4
1710,0, 720, False, 4
1711,0, 720, False, 4
1712,0, 720, False, 4
1713,0, 720, False, 4
1714,0, 720, False, 4
1715,0, 720, False, 4
1716,0, 720, False, 4
1717,0, 720, False, 4
1718,0, 720, False, 4
1719,0, 720, False, 4
1720,0, 720, False, 4
1721,0, 720, False, 4
1722,0, 720, False, 4
1723,10, 730, False, 4
1724,0, 730, False, 4
1725,0, 730, False, 4
1726,0, 730, False, 4
1727,0, 730, False, 0
1728,0, 730, False, 0
1729,0, 730, False, 0
1730,0, 730, False, 0
1731,0, 730, False, 0
1732,0, 730, False, 0
1733,0, 730, False, 0
1734,0, 730, False, 0
1735,0, 730, False, 0
1736,0, 730, False, 0
1737,10, 740, False, 0
1738,0, 740, False, 0
1739,0, 740, False, 0
1740,0, 740, False, 0
1741,0, 740, False, 0
1742,0, 740, False, 0
1743,0, 740, False, 0
1744,0, 740, False, 0
1745,0, 740, False, 0
1746,0, 740, False, 0
1747,0, 740, False, 0
1748,0, 740, False, 0
1749,10, 750, False, 0
1750,0, 750, False, 0
1751,0, 750, False, 0
1752,0, 750, False, 0
1753,0, 750, False, 0
1754,0, 750, False, 0
1755,0, 750, False, 0
1756,0, 750, False, 0
1757,0, 750, False, 5
1758,0, 750, False, 5
1759,0, 750, False, 5
1760,0, 750, False, 5
1761,0, 750, False, 5
1762,0, 750, False, 5
1763,0, 750, False, 5
1764,0, 750, False, 5
1765,10, 760, False, 5
1766,0, 760, False, 5
1767,0, 760, False, 5
1768,0, 760, False, 5
1769,0, 760, False, 5
1770,0, 760, False, 5
1771,0, 760, False, 5
1772,0, 760, False, 5
1773,0, 760, False, 5
1774,0, 760, False, 0
1775,0, 760, False, 0
1776,0, 760, False, 0
1777,0, 760, False, 0
1778,0, 760, False, 0
1779,10, 770, False, 0
1780,0, 770, False, 0
1781,0, 770, False, 0
1782,0, 770, False, 0
1783,0, 770, False, 0
1784,0, 770, False, 0
1785,0, 770, False, 0
1786,0, 770, False, 0
1787,0, 770, False, 0
1788,0, 770, False, 0
1789,0, 770, False, 0
1790,0, 770, False, 0
1791,0, 770, False, 0
1792,0, 770, False, 0
1793,10, 780, False, 0
1794,0, 780, False, 0
1795,0, 780, False, 0
1796,0, 780, False, 0
1797,0, 780, False, 0
1798,0, 780, False, 0
1799,0, 780, False, 0
1800,0, 780, False, 0
1801,0, 780, False, 0
1802,0, 780, False, 0
1803,0, 780, False, 0
1804,0, 780, False, 0
1805,0, 780, False, 0
1806,0, 780, False, 0
1807,10, 790, False, 0
1808,0, 790, False, 0
1809,0, 790, False, 0
1810,0, 790, False, 0
1811,0, 790, False, 0
1812,0, 790, False, 0
1813,0, 790, False, 0
1814,0, 790, False, 0
1815,0, 790, False, 0
1816,0, 790, False, 0
1817,0, 790, False, 0
1818,0, 790, False, 0
1819,0, 790, False, 4
1820,0, 790, False, 4
1821,10, 800, False, 4
1822,0, 800, False, 4
1823,0, 800, False, 4
1824,0, 800, False, 4
1825,0, 800, False, 4
1826,0, 800, False, 4
1827,0, 800, False, 4
1828,0, 800, False, 4
1829,0, 800, False, 4
1830,0, 800, False, 4
1831,0, 800, False, 4
1832,0, 800, False, 4
1833,0, 800, False, 4
1834,0, 800, False, 4
1835,0, 800, False, 4
1836,0, 800, False, 4
1837,10, 810, False, 4
1838,0, 810, False, 4
1839,0, 810, False, 0
1840,0, 810, False, 0
1841,0, 810, False, 0
1842,0, 810, False, 0
1843,0, 810, False, 0
1844,0, 810, False, 0
1845,0, 810, False, 0
1846,0, 810, False, 0
1847,0, 810, False, 0
1848,0, 810, False, 0
1849,10, 820, False, 0
1850,0, 820, False, 0
1851,0, 820, False, 0
1852,0, 820, False, 0
1853,0, 820, False, 3
1854,0, 820, False, 3
1855,0, 820, False, 3
1856,0, 820, False, 3
1857,0, 820, False, 3
1858,0, 820, False, 3
1859,0, 820, False, 3
1860,0, 820, False, 3
1861,0, 820, False, 3
1862,0, 820, False, 3
1863,0, 820, False, 0
1864,0, 820, False, 0
1865,0, 820, False, 0
1866,0, 820, False, 0
1867,0, 820, False, 0
1868,0, 820, False, 0
1869,0, 820, False, 0
1870,0, 820, False, 0
1871,0, 820, False, 0
1872,0, 820, False, 0
1873,0, 820, False, 0
1874,0, 820, False, 0
1875,0, 820, False, 0
1876,0, 820, False, 0
1877,0, 820, False, 0
1878,0, 820, False, 0
1879,0, 820, False, 0
1880,0, 820, False, 0
1881,0, 820, False, 0
1882,0, 820, False, 2
1883,0, 820, False, 2
1884,0, 820, False, 2
1885,10, 830, False, 2
1886,0, 830, False, 2
1887,0, 830, False, 2
1888,0, 830, False, 2
1889,0, 830, False, 2
1890,0, 830, False, 2
1891,0, 830, False, 2
1892,0, 830, False, 2
1893,0, 830, False, 2
1894,0, 830, False, 2
1895,0, 830, False, 0
1896,0, 830, False, 0
1897,0, 830, False, 0
1898,0, 830, False, 0
1899,0, 830, False, 0
1900,0, 830, False, 0
1901,0, 830, False, 0
1902,0, 830, False, 0
1903,0, 830, False, 0
1904,0, 830, False, 0
1905,0, 830, False, 0
1906,0, 830, False, 0
1907,0, 830, False, 0
1908,0, 830, False, 0
1909,0, 830, False, 0
1910,0, 830, False, 0
1911,0, 830, False, 0
1912,0, 830, False, 0
1913,0, 830, False, 0
1914,0, 830, False, 0
1915,0, 830, False, 0
1916,0, 830, False, 0
1917,0, 830, False, 0
1918,0, 830, False, 0
1919,0, 830, False, 0
1920,0, 830, False, 0
1921,0, 830, False, 0
1922,0, 830, False, 0
1923,0, 830, False, 0
1924,0, 830, False, 0
1925,0, 830, False, 0
1926,0, 830, False, 0
1927,0, 830, False, 0
1928,0, 830, False, 0
1929,0, 830, False, 0
1930,0, 830, False, 0
1931,0, 830, False, 0
1932,0, 830, False, 0
1933,0, 830, False, 0
1934,0, 830, False, 0
1935,0, 830, False, 0
1936,0, 830, False, 0
1937,0, 830, False, 0
1938,0, 830, False, 0
1939,0, 830, False, 0
1940,0, 830, False, 0
1941,0, 830, False, 0
1942,0, 830, False, 0
1943,0, 830, False, 0
1944,0, 830, False, 0
1945,0, 830, False, 0
1946,0, 830, False, 0
1947,0, 830, False, 0
1948,0, 830, False, 0
1949,0, 830, False, 0
1950,0, 830, False, 0
1951,0, 830, False, 0
1952,0, 830, False, 0
1953,0, 830, False, 0
1954,0, 830, False, 0
1955,0, 830, False, 0
1956,0, 830, False, 0
1957,0, 830, False, 0
1958,0, 830, False, 0
1959,0, 830, False, 0
1960,0, 830, False, 0
1961,0, 830, False, 0
1962,0, 830, False, 0
1963,0, 830, False, 0
1964,0, 830, False, 0
1965,0, 830, False, 0
1966,0, 830, False, 0
1967,0, 830, False, 0
1968,0, 830, False, 0
1969,0, 830, False, 0
1970,0, 830, False, 0
1971,0, 830, False, 0
1972,0, 830, False, 0
1973,0, 830, False, 0
1974,0, 830, False, 0
1975,0, 830, False, 0
1976,0, 830, False, 0
1977,0, 830, False, 0
1978,0, 830, False, 0
1979,0, 830, False, 0
1980,0, 830, False, 0
1981,0, 830, False, 0
1982,0, 830, False, 0
1983,0, 830, False, 0
1984,0, 830, False, 0
1985,0, 830, False, 0
1986,0, 830, False, 0
1987,0, 830, False, 0
1988,0, 830, False, 0
1989,0, 830, False, 0
1990,0, 830, False, 0
1991,0, 830, False, 0
1992,0, 830, False, 0
1993,0, 830, False, 0
1994,0, 830, False, 0
1995,0, 830, False, 0
1996,0, 830, False, 0
1997,0, 830, False, 0
1998,0, 830, False, 0
1999,0, 830, False, 0
2000,0, 830, False, 0
2001,0, 830, False, 0
2002,0, 830, False, 0
2003,0, 830, False, 0
2004,0, 830, False, 0
2005,0, 830, False, 0
2006,0, 830, False, 0
2007,0, 830, False, 0
2008,0, 830, False, 0
2009,0, 830, False, 0
2010,0, 830, False, 0
2011,0, 830, False, 0
2012,0, 830, False, 0
2013,0, 830, False, 0
2014,0, 830, False, 0
2015,0, 830, False, 0
2016,0, 830, False, 0
2017,0, 830, False, 0
2018,0, 830, False, 0
2019,0, 830, False, 0
2020,0, 830, False, 0
2021,0, 830, False, 0
2022,0, 830, False, 0
2023,0, 830, False, 0
2024,0, 830, False, 0
2025,0, 830, False, 0
2026,0, 830, False, 0
2027,0, 830, False, 0
2028,0, 830, False, 0
2029,0, 830, False, 0
2030,0, 830, False, 0
2031,0, 830, False, 0
2032,0, 830, False, 0
2033,0, 830, False, 0
2034,0, 830, False, 0
2035,0, 830, False, 0
2036,0, 830, False, 0
2037,0, 830, False, 0
2038,0, 830, False, 0
2039,0, 830, False, 0
2040,0, 830, False, 0
2041,0, 830, False, 0
2042,0, 830, False, 0
2043,0, 830, False, 0
2044,0, 830, False, 0
2045,0, 830, False, 0
2046,0, 830, False, 0
2047,0, 830, False, 0
2048,0, 830, False, 0
2049,0, 830, False, 0
2050,0, 830, False, 0
2051,0, 830, False, 0
2052,0, 830, False, 0
2053,0, 830, False, 0
2054,0, 830, False, 0
2055,0, 830, False, 0
2056,0, 830, False, 0
2057,0, 830, False, 0
2058,0, 830, False, 0
2059,0, 830, False, 0
2060,0, 830, False, 0
2061,0, 830, False, 0
2062,0, 830, False, 0
2063,0, 830, False, 0
2064,0, 830, False, 0
2065,0, 830, False, 0
2066,0, 830, False, 0
2067,0, 830, False, 0
2068,0, 830, False, 0
2069,0, 830, False, 0
2070,0, 830, False, 0
2071,0, 830, False, 0
