db traj id : 2963
frame,reward,score,terminal, action
0,0, 0, False, 0
1,0, 0, False, 0
2,0, 0, False, 0
3,0, 0, False, 0
4,0, 0, False, 0
5,0, 0, False, 0
6,0, 0, False, 0
7,0, 0, False, 0
8,0, 0, False, 0
9,0, 0, False, 4
10,0, 0, False, 4
11,0, 0, False, 4
12,0, 0, False, 4
13,0, 0, False, 4
14,0, 0, False, 4
15,0, 0, False, 4
16,0, 0, False, 4
17,0, 0, False, 4
18,0, 0, False, 4
19,0, 0, False, 4
20,0, 0, False, 4
21,0, 0, False, 4
22,0, 0, False, 4
23,0, 0, False, 4
24,0, 0, False, 4
25,0, 0, False, 4
26,0, 0, False, 4
27,0, 0, False, 4
28,0, 0, False, 4
29,0, 0, False, 4
30,0, 0, False, 4
31,0, 0, False, 4
32,0, 0, False, 4
33,0, 0, False, 4
34,0, 0, False, 4
35,0, 0, False, 4
36,0, 0, False, 4
37,0, 0, False, 4
38,0, 0, False, 4
39,0, 0, False, 4
40,0, 0, False, 4
41,0, 0, False, 4
42,0, 0, False, 4
43,0, 0, False, 4
44,0, 0, False, 4
45,0, 0, False, 0
46,0, 0, False, 0
47,0, 0, False, 0
48,0, 0, False, 0
49,0, 0, False, 0
50,0, 0, False, 0
51,0, 0, False, 0
52,0, 0, False, 0
53,0, 0, False, 0
54,0, 0, False, 0
55,0, 0, False, 0
56,0, 0, False, 0
57,0, 0, False, 0
58,0, 0, False, 0
59,0, 0, False, 4
60,0, 0, False, 4
61,0, 0, False, 4
62,0, 0, False, 4
63,0, 0, False, 4
64,0, 0, False, 4
65,0, 0, False, 4
66,0, 0, False, 4
67,0, 0, False, 4
68,0, 0, False, 4
69,0, 0, False, 4
70,0, 0, False, 4
71,0, 0, False, 4
72,0, 0, False, 4
73,0, 0, False, 4
74,0, 0, False, 4
75,0, 0, False, 4
76,0, 0, False, 4
77,0, 0, False, 4
78,0, 0, False, 4
79,0, 0, False, 4
80,0, 0, False, 4
81,0, 0, False, 4
82,0, 0, False, 4
83,0, 0, False, 4
84,0, 0, False, 4
85,0, 0, False, 4
86,0, 0, False, 4
87,0, 0, False, 4
88,0, 0, False, 4
89,0, 0, False, 4
90,0, 0, False, 4
91,0, 0, False, 4
92,0, 0, False, 4
93,0, 0, False, 4
94,0, 0, False, 4
95,0, 0, False, 4
96,0, 0, False, 4
97,0, 0, False, 4
98,0, 0, False, 4
99,0, 0, False, 4
100,0, 0, False, 4
101,0, 0, False, 4
102,0, 0, False, 4
103,0, 0, False, 4
104,0, 0, False, 4
105,0, 0, False, 4
106,0, 0, False, 4
107,0, 0, False, 4
108,0, 0, False, 4
109,0, 0, False, 4
110,0, 0, False, 4
111,0, 0, False, 4
112,0, 0, False, 4
113,0, 0, False, 4
114,0, 0, False, 4
115,0, 0, False, 4
116,0, 0, False, 4
117,0, 0, False, 4
118,0, 0, False, 4
119,0, 0, False, 4
120,0, 0, False, 4
121,0, 0, False, 4
122,0, 0, False, 4
123,0, 0, False, 4
124,0, 0, False, 4
125,0, 0, False, 4
126,0, 0, False, 4
127,0, 0, False, 4
128,0, 0, False, 4
129,0, 0, False, 4
130,0, 0, False, 4
131,0, 0, False, 4
132,0, 0, False, 4
133,0, 0, False, 4
134,0, 0, False, 4
135,0, 0, False, 4
136,0, 0, False, 4
137,0, 0, False, 4
138,0, 0, False, 4
139,0, 0, False, 4
140,0, 0, False, 4
141,0, 0, False, 4
142,0, 0, False, 4
143,0, 0, False, 4
144,0, 0, False, 4
145,0, 0, False, 4
146,0, 0, False, 4
147,0, 0, False, 4
148,0, 0, False, 4
149,0, 0, False, 4
150,0, 0, False, 4
151,0, 0, False, 4
152,0, 0, False, 4
153,0, 0, False, 4
154,0, 0, False, 4
155,0, 0, False, 4
156,0, 0, False, 4
157,0, 0, False, 4
158,0, 0, False, 4
159,0, 0, False, 4
160,0, 0, False, 4
161,0, 0, False, 4
162,0, 0, False, 4
163,0, 0, False, 4
164,0, 0, False, 4
165,0, 0, False, 4
166,0, 0, False, 4
167,0, 0, False, 4
168,0, 0, False, 4
169,0, 0, False, 0
170,0, 0, False, 0
171,0, 0, False, 0
172,0, 0, False, 0
173,0, 0, False, 0
174,0, 0, False, 0
175,0, 0, False, 0
176,0, 0, False, 0
177,0, 0, False, 0
178,0, 0, False, 0
179,0, 0, False, 0
180,0, 0, False, 0
181,0, 0, False, 0
182,0, 0, False, 0
183,0, 0, False, 0
184,0, 0, False, 4
185,0, 0, False, 4
186,0, 0, False, 4
187,0, 0, False, 4
188,0, 0, False, 4
189,0, 0, False, 4
190,0, 0, False, 4
191,0, 0, False, 9
192,0, 0, False, 9
193,0, 0, False, 9
194,0, 0, False, 9
195,0, 0, False, 9
196,0, 0, False, 5
197,0, 0, False, 5
198,0, 0, False, 5
199,0, 0, False, 5
200,0, 0, False, 5
201,0, 0, False, 5
202,0, 0, False, 5
203,0, 0, False, 5
204,0, 0, False, 0
205,0, 0, False, 0
206,0, 0, False, 0
207,0, 0, False, 0
208,0, 0, False, 0
209,0, 0, False, 0
210,0, 0, False, 0
211,0, 0, False, 0
212,0, 0, False, 0
213,0, 0, False, 0
214,0, 0, False, 0
215,0, 0, False, 0
216,0, 0, False, 0
217,0, 0, False, 0
218,0, 0, False, 0
219,0, 0, False, 0
220,0, 0, False, 0
221,0, 0, False, 0
222,0, 0, False, 0
223,0, 0, False, 0
224,0, 0, False, 0
225,0, 0, False, 0
226,0, 0, False, 0
227,0, 0, False, 0
228,0, 0, False, 0
229,0, 0, False, 0
230,0, 0, False, 0
231,0, 0, False, 0
232,0, 0, False, 0
233,0, 0, False, 0
234,0, 0, False, 0
235,0, 0, False, 0
236,0, 0, False, 0
237,0, 0, False, 0
238,0, 0, False, 0
239,0, 0, False, 0
240,0, 0, False, 0
241,0, 0, False, 0
242,0, 0, False, 0
243,0, 0, False, 0
244,0, 0, False, 0
245,0, 0, False, 0
246,0, 0, False, 0
247,0, 0, False, 0
248,0, 0, False, 0
249,0, 0, False, 0
250,0, 0, False, 0
251,0, 0, False, 0
252,0, 0, False, 0
253,0, 0, False, 0
254,0, 0, False, 0
255,0, 0, False, 0
256,0, 0, False, 4
257,0, 0, False, 4
258,0, 0, False, 4
259,0, 0, False, 4
260,0, 0, False, 4
261,0, 0, False, 4
262,0, 0, False, 4
263,0, 0, False, 4
264,0, 0, False, 4
265,0, 0, False, 4
266,0, 0, False, 4
267,0, 0, False, 4
268,0, 0, False, 4
269,0, 0, False, 4
270,0, 0, False, 4
271,10, 10, False, 4
272,0, 10, False, 4
273,0, 10, False, 4
274,0, 10, False, 4
275,0, 10, False, 4
276,0, 10, False, 4
277,0, 10, False, 4
278,0, 10, False, 4
279,0, 10, False, 4
280,0, 10, False, 4
281,0, 10, False, 4
282,0, 10, False, 4
283,0, 10, False, 4
284,0, 10, False, 4
285,10, 20, False, 4
286,0, 20, False, 4
287,0, 20, False, 4
288,0, 20, False, 4
289,0, 20, False, 4
290,0, 20, False, 4
291,0, 20, False, 4
292,0, 20, False, 4
293,0, 20, False, 4
294,0, 20, False, 4
295,0, 20, False, 4
296,0, 20, False, 4
297,0, 20, False, 4
298,0, 20, False, 4
299,10, 30, False, 4
300,0, 30, False, 4
301,0, 30, False, 4
302,0, 30, False, 4
303,0, 30, False, 4
304,0, 30, False, 4
305,0, 30, False, 4
306,0, 30, False, 4
307,0, 30, False, 4
308,0, 30, False, 4
309,0, 30, False, 4
310,0, 30, False, 4
311,10, 40, False, 4
312,0, 40, False, 4
313,0, 40, False, 4
314,0, 40, False, 4
315,0, 40, False, 4
316,0, 40, False, 4
317,0, 40, False, 4
318,0, 40, False, 4
319,0, 40, False, 4
320,0, 40, False, 4
321,0, 40, False, 4
322,0, 40, False, 4
323,0, 40, False, 4
324,0, 40, False, 4
325,10, 50, False, 4
326,0, 50, False, 4
327,0, 50, False, 4
328,0, 50, False, 4
329,0, 50, False, 4
330,0, 50, False, 4
331,0, 50, False, 4
332,0, 50, False, 4
333,0, 50, False, 4
334,0, 50, False, 4
335,0, 50, False, 4
336,0, 50, False, 4
337,0, 50, False, 4
338,0, 50, False, 4
339,10, 60, False, 4
340,0, 60, False, 4
341,0, 60, False, 4
342,0, 60, False, 4
343,0, 60, False, 4
344,0, 60, False, 4
345,0, 60, False, 4
346,0, 60, False, 0
347,0, 60, False, 0
348,0, 60, False, 0
349,0, 60, False, 5
350,0, 60, False, 5
351,0, 60, False, 5
352,0, 60, False, 5
353,0, 60, False, 5
354,0, 60, False, 5
355,0, 60, False, 5
356,0, 60, False, 5
357,10, 70, False, 5
358,0, 70, False, 5
359,0, 70, False, 5
360,0, 70, False, 5
361,0, 70, False, 5
362,0, 70, False, 5
363,0, 70, False, 5
364,0, 70, False, 5
365,0, 70, False, 0
366,0, 70, False, 0
367,0, 70, False, 5
368,0, 70, False, 5
369,0, 70, False, 5
370,0, 70, False, 0
371,10, 80, False, 0
372,0, 80, False, 0
373,0, 80, False, 4
374,0, 80, False, 4
375,0, 80, False, 4
376,0, 80, False, 4
377,0, 80, False, 4
378,0, 80, False, 4
379,0, 80, False, 4
380,0, 80, False, 4
381,0, 80, False, 4
382,0, 80, False, 4
383,0, 80, False, 4
384,0, 80, False, 4
385,0, 80, False, 4
386,0, 80, False, 4
387,10, 90, False, 4
388,0, 90, False, 4
389,0, 90, False, 4
390,0, 90, False, 4
391,0, 90, False, 4
392,0, 90, False, 4
393,0, 90, False, 4
394,0, 90, False, 4
395,0, 90, False, 4
396,0, 90, False, 4
397,0, 90, False, 4
398,0, 90, False, 4
399,10, 100, False, 4
400,0, 100, False, 4
401,0, 100, False, 4
402,0, 100, False, 4
403,0, 100, False, 4
404,0, 100, False, 4
405,0, 100, False, 4
406,0, 100, False, 4
407,0, 100, False, 4
408,0, 100, False, 4
409,0, 100, False, 4
410,0, 100, False, 4
411,0, 100, False, 4
412,0, 100, False, 4
413,10, 110, False, 4
414,0, 110, False, 4
415,0, 110, False, 4
416,0, 110, False, 4
417,0, 110, False, 5
418,0, 110, False, 5
419,0, 110, False, 5
420,0, 110, False, 5
421,0, 110, False, 5
422,0, 110, False, 5
423,0, 110, False, 5
424,0, 110, False, 5
425,0, 110, False, 5
426,0, 110, False, 5
427,10, 120, False, 5
428,0, 120, False, 5
429,0, 120, False, 5
430,0, 120, False, 5
431,0, 120, False, 5
432,0, 120, False, 5
433,0, 120, False, 5
434,0, 120, False, 5
435,0, 120, False, 5
436,0, 120, False, 5
437,0, 120, False, 5
438,0, 120, False, 5
439,0, 120, False, 5
440,0, 120, False, 5
441,0, 120, False, 5
442,0, 120, False, 5
443,0, 120, False, 5
444,0, 120, False, 5
445,50, 170, False, 5
446,0, 170, False, 5
447,0, 170, False, 5
448,0, 170, False, 5
449,0, 170, False, 5
450,0, 170, False, 5
451,0, 170, False, 5
452,0, 170, False, 5
453,10, 180, False, 5
454,0, 180, False, 5
455,0, 180, False, 5
456,0, 180, False, 5
457,0, 180, False, 5
458,0, 180, False, 5
459,0, 180, False, 3
460,0, 180, False, 3
461,0, 180, False, 3
462,0, 180, False, 3
463,0, 180, False, 3
464,0, 180, False, 3
465,0, 180, False, 3
466,0, 180, False, 3
467,10, 190, False, 3
468,0, 190, False, 3
469,0, 190, False, 3
470,0, 190, False, 3
471,0, 190, False, 3
472,0, 190, False, 3
473,0, 190, False, 3
474,0, 190, False, 3
475,0, 190, False, 3
476,0, 190, False, 3
477,0, 190, False, 3
478,0, 190, False, 3
479,0, 190, False, 3
480,0, 190, False, 3
481,10, 200, False, 3
482,0, 200, False, 3
483,0, 200, False, 3
484,0, 200, False, 3
485,0, 200, False, 3
486,0, 200, False, 3
487,0, 200, False, 4
488,0, 200, False, 4
489,0, 200, False, 4
490,0, 200, False, 4
491,0, 200, False, 4
492,0, 200, False, 4
493,0, 200, False, 4
494,0, 200, False, 4
495,0, 200, False, 0
496,0, 200, False, 0
497,0, 200, False, 3
498,0, 200, False, 3
499,0, 200, False, 3
500,0, 200, False, 3
501,0, 200, False, 3
502,0, 200, False, 3
503,0, 200, False, 3
504,0, 200, False, 3
505,0, 200, False, 3
506,0, 200, False, 3
507,0, 200, False, 3
508,0, 200, False, 3
509,0, 200, False, 3
510,0, 200, False, 3
511,0, 200, False, 3
512,0, 200, False, 3
513,10, 210, False, 3
514,0, 210, False, 3
515,0, 210, False, 3
516,0, 210, False, 3
517,0, 210, False, 3
518,0, 210, False, 3
519,0, 210, False, 0
520,0, 210, False, 0
521,0, 210, False, 0
522,0, 210, False, 2
523,0, 210, False, 2
524,0, 210, False, 2
525,0, 210, False, 2
526,0, 210, False, 2
527,10, 220, False, 2
528,0, 220, False, 2
529,0, 220, False, 2
530,0, 220, False, 2
531,0, 220, False, 2
532,0, 220, False, 2
533,0, 220, False, 2
534,0, 220, False, 2
535,0, 220, False, 2
536,0, 220, False, 2
537,0, 220, False, 2
538,0, 220, False, 2
539,10, 230, False, 2
540,0, 230, False, 2
541,0, 230, False, 0
542,0, 230, False, 4
543,0, 230, False, 4
544,0, 230, False, 4
545,0, 230, False, 4
546,0, 230, False, 4
547,0, 230, False, 4
548,0, 230, False, 4
549,0, 230, False, 4
550,0, 230, False, 4
551,0, 230, False, 4
552,0, 230, False, 4
553,0, 230, False, 0
554,0, 230, False, 2
555,0, 230, False, 2
556,0, 230, False, 2
557,0, 230, False, 2
558,0, 230, False, 2
559,0, 230, False, 2
560,0, 230, False, 2
561,0, 230, False, 2
562,0, 230, False, 2
563,0, 230, False, 2
564,0, 230, False, 2
565,0, 230, False, 2
566,0, 230, False, 2
567,0, 230, False, 2
568,0, 230, False, 2
569,0, 230, False, 2
570,0, 230, False, 2
571,0, 230, False, 2
572,0, 230, False, 2
573,0, 230, False, 2
574,0, 230, False, 2
575,10, 240, False, 2
576,0, 240, False, 2
577,0, 240, False, 2
578,0, 240, False, 2
579,0, 240, False, 2
580,0, 240, False, 2
581,0, 240, False, 2
582,0, 240, False, 2
583,0, 240, False, 2
584,0, 240, False, 2
585,0, 240, False, 2
586,0, 240, False, 2
587,0, 240, False, 0
588,0, 240, False, 0
589,10, 250, False, 4
590,0, 250, False, 4
591,0, 250, False, 4
592,0, 250, False, 4
593,0, 250, False, 4
594,0, 250, False, 4
595,0, 250, False, 4
596,0, 250, False, 4
597,0, 250, False, 4
598,0, 250, False, 4
599,0, 250, False, 4
600,0, 250, False, 4
601,0, 250, False, 4
602,0, 250, False, 4
603,0, 250, False, 4
604,0, 250, False, 4
605,0, 250, False, 4
606,0, 250, False, 4
607,0, 250, False, 4
608,0, 250, False, 7
609,0, 250, False, 7
610,0, 250, False, 4
611,0, 250, False, 4
612,0, 250, False, 4
613,0, 250, False, 4
614,0, 250, False, 4
615,0, 250, False, 4
616,0, 250, False, 4
617,0, 250, False, 4
618,0, 250, False, 4
619,0, 250, False, 4
620,0, 250, False, 4
621,0, 250, False, 4
622,0, 250, False, 4
623,0, 250, False, 4
624,0, 250, False, 4
625,0, 250, False, 4
626,0, 250, False, 4
627,0, 250, False, 4
628,0, 250, False, 4
629,0, 250, False, 4
630,0, 250, False, 0
631,0, 250, False, 0
632,0, 250, False, 0
633,0, 250, False, 0
634,0, 250, False, 2
635,0, 250, False, 2
636,0, 250, False, 2
637,0, 250, False, 2
638,0, 250, False, 2
639,0, 250, False, 2
640,0, 250, False, 2
641,0, 250, False, 2
642,0, 250, False, 2
643,0, 250, False, 2
644,0, 250, False, 2
645,0, 250, False, 2
646,0, 250, False, 2
647,0, 250, False, 3
648,0, 250, False, 3
649,0, 250, False, 3
650,0, 250, False, 3
651,0, 250, False, 3
652,0, 250, False, 0
653,0, 250, False, 0
654,0, 250, False, 0
655,0, 250, False, 2
656,0, 250, False, 2
657,0, 250, False, 2
658,0, 250, False, 2
659,0, 250, False, 2
660,0, 250, False, 2
661,0, 250, False, 2
662,0, 250, False, 2
663,0, 250, False, 2
664,0, 250, False, 2
665,0, 250, False, 2
666,0, 250, False, 2
667,0, 250, False, 2
668,0, 250, False, 2
669,0, 250, False, 2
670,0, 250, False, 2
671,10, 260, False, 2
672,0, 260, False, 2
673,0, 260, False, 0
674,0, 260, False, 4
675,0, 260, False, 4
676,0, 260, False, 4
677,0, 260, False, 4
678,0, 260, False, 4
679,0, 260, False, 4
680,0, 260, False, 4
681,0, 260, False, 4
682,0, 260, False, 4
683,0, 260, False, 4
684,0, 260, False, 4
685,10, 270, False, 4
686,0, 270, False, 4
687,0, 270, False, 4
688,0, 270, False, 4
689,0, 270, False, 4
690,0, 270, False, 4
691,0, 270, False, 4
692,0, 270, False, 4
693,0, 270, False, 4
694,0, 270, False, 0
695,10, 280, False, 0
696,0, 280, False, 0
697,0, 280, False, 0
698,0, 280, False, 0
699,0, 280, False, 0
700,0, 280, False, 3
701,0, 280, False, 3
702,0, 280, False, 3
703,0, 280, False, 3
704,0, 280, False, 3
705,0, 280, False, 3
706,0, 280, False, 3
707,0, 280, False, 3
708,0, 280, False, 3
709,0, 280, False, 3
710,0, 280, False, 3
711,0, 280, False, 3
712,0, 280, False, 3
713,0, 280, False, 3
714,0, 280, False, 3
715,0, 280, False, 0
716,0, 280, False, 2
717,0, 280, False, 2
718,0, 280, False, 2
719,0, 280, False, 2
720,0, 280, False, 2
721,0, 280, False, 2
722,0, 280, False, 2
723,0, 280, False, 2
724,0, 280, False, 2
725,0, 280, False, 2
726,0, 280, False, 2
727,10, 290, False, 2
728,0, 290, False, 2
729,0, 290, False, 2
730,0, 290, False, 2
731,0, 290, False, 2
732,0, 290, False, 2
733,0, 290, False, 2
734,0, 290, False, 2
735,0, 290, False, 2
736,0, 290, False, 2
737,0, 290, False, 2
738,0, 290, False, 2
739,0, 290, False, 2
740,0, 290, False, 2
741,10, 300, False, 2
742,0, 300, False, 2
743,0, 300, False, 2
744,0, 300, False, 2
745,0, 300, False, 2
746,0, 300, False, 2
747,0, 300, False, 2
748,0, 300, False, 2
749,0, 300, False, 2
750,0, 300, False, 2
751,0, 300, False, 2
752,0, 300, False, 2
753,0, 300, False, 2
754,0, 300, False, 2
755,10, 310, False, 2
756,0, 310, False, 2
757,0, 310, False, 2
758,0, 310, False, 2
759,0, 310, False, 2
760,0, 310, False, 2
761,0, 310, False, 2
762,0, 310, False, 4
763,0, 310, False, 4
764,0, 310, False, 4
765,0, 310, False, 4
766,0, 310, False, 4
767,0, 310, False, 4
768,0, 310, False, 4
769,10, 320, False, 4
770,0, 320, False, 4
771,0, 320, False, 4
772,0, 320, False, 4
773,0, 320, False, 4
774,0, 320, False, 4
775,0, 320, False, 4
776,0, 320, False, 4
777,0, 320, False, 4
778,0, 320, False, 4
779,0, 320, False, 4
780,0, 320, False, 4
781,10, 330, False, 4
782,0, 330, False, 4
783,0, 330, False, 4
784,0, 330, False, 4
785,0, 330, False, 4
786,0, 330, False, 4
787,0, 330, False, 0
788,0, 330, False, 3
789,0, 330, False, 3
790,0, 330, False, 3
791,0, 330, False, 3
792,0, 330, False, 3
793,0, 330, False, 3
794,0, 330, False, 3
795,0, 330, False, 3
796,0, 330, False, 3
797,0, 330, False, 3
798,0, 330, False, 3
799,0, 330, False, 3
800,0, 330, False, 3
801,0, 330, False, 3
802,0, 330, False, 3
803,0, 330, False, 3
804,0, 330, False, 3
805,0, 330, False, 3
806,0, 330, False, 6
807,0, 330, False, 6
808,0, 330, False, 6
809,0, 330, False, 2
810,0, 330, False, 2
811,0, 330, False, 2
812,0, 330, False, 2
813,0, 330, False, 2
814,0, 330, False, 2
815,0, 330, False, 2
816,0, 330, False, 2
817,10, 340, False, 2
818,0, 340, False, 2
819,0, 340, False, 2
820,0, 340, False, 2
821,0, 340, False, 2
822,0, 340, False, 2
823,0, 340, False, 2
824,0, 340, False, 2
825,0, 340, False, 2
826,0, 340, False, 2
827,0, 340, False, 2
828,0, 340, False, 2
829,0, 340, False, 2
830,0, 340, False, 2
831,10, 350, False, 2
832,0, 350, False, 2
833,200, 550, False, 2
834,0, 550, False, 2
835,0, 550, False, 2
836,0, 550, False, 2
837,0, 550, False, 7
838,0, 550, False, 4
839,0, 550, False, 4
840,0, 550, False, 4
841,0, 550, False, 4
842,0, 550, False, 4
843,0, 550, False, 4
844,0, 550, False, 4
845,0, 550, False, 4
846,0, 550, False, 4
847,0, 550, False, 4
848,0, 550, False, 4
849,0, 550, False, 4
850,0, 550, False, 4
851,0, 550, False, 4
852,0, 550, False, 4
853,0, 550, False, 4
854,0, 550, False, 4
855,0, 550, False, 4
856,0, 550, False, 4
857,0, 550, False, 4
858,0, 550, False, 4
859,0, 550, False, 4
860,0, 550, False, 4
861,10, 560, False, 4
862,0, 560, False, 4
863,0, 560, False, 4
864,0, 560, False, 4
865,0, 560, False, 4
866,0, 560, False, 4
867,0, 560, False, 4
868,0, 560, False, 4
869,0, 560, False, 4
870,0, 560, False, 4
871,0, 560, False, 4
872,0, 560, False, 4
873,0, 560, False, 4
874,0, 560, False, 4
875,0, 560, False, 4
876,0, 560, False, 2
877,0, 560, False, 2
878,0, 560, False, 2
879,0, 560, False, 2
880,0, 560, False, 2
881,0, 560, False, 2
882,0, 560, False, 2
883,0, 560, False, 2
884,0, 560, False, 2
885,0, 560, False, 2
886,0, 560, False, 2
887,0, 560, False, 2
888,0, 560, False, 2
889,0, 560, False, 2
890,0, 560, False, 2
891,0, 560, False, 2
892,0, 560, False, 2
893,50, 610, False, 2
894,0, 610, False, 2
895,0, 610, False, 2
896,0, 610, False, 2
897,0, 610, False, 2
898,0, 610, False, 3
899,10, 620, False, 3
900,0, 620, False, 3
901,0, 620, False, 3
902,0, 620, False, 3
903,0, 620, False, 3
904,0, 620, False, 3
905,0, 620, False, 3
906,0, 620, False, 3
907,0, 620, False, 3
908,0, 620, False, 3
909,0, 620, False, 3
910,0, 620, False, 3
911,10, 630, False, 3
912,0, 630, False, 3
913,0, 630, False, 3
914,0, 630, False, 3
915,0, 630, False, 3
916,0, 630, False, 3
917,0, 630, False, 3
918,0, 630, False, 3
919,0, 630, False, 3
920,0, 630, False, 3
921,0, 630, False, 3
922,0, 630, False, 3
923,10, 640, False, 3
924,0, 640, False, 3
925,0, 640, False, 3
926,0, 640, False, 3
927,0, 640, False, 3
928,0, 640, False, 3
929,0, 640, False, 3
930,0, 640, False, 3
931,0, 640, False, 3
932,0, 640, False, 3
933,0, 640, False, 3
934,0, 640, False, 3
935,0, 640, False, 3
936,0, 640, False, 3
937,10, 650, False, 3
938,0, 650, False, 3
939,0, 650, False, 8
940,0, 650, False, 8
941,0, 650, False, 8
942,0, 650, False, 5
943,0, 650, False, 5
944,0, 650, False, 5
945,0, 650, False, 5
946,0, 650, False, 5
947,0, 650, False, 5
948,0, 650, False, 5
949,0, 650, False, 5
950,0, 650, False, 5
951,10, 660, False, 5
952,0, 660, False, 5
953,0, 660, False, 5
954,0, 660, False, 5
955,0, 660, False, 5
956,0, 660, False, 5
957,0, 660, False, 5
958,0, 660, False, 5
959,0, 660, False, 5
960,0, 660, False, 5
961,0, 660, False, 9
962,0, 660, False, 4
963,0, 660, False, 4
964,0, 660, False, 4
965,10, 670, False, 4
966,0, 670, False, 4
967,0, 670, False, 4
968,0, 670, False, 4
969,0, 670, False, 4
970,0, 670, False, 4
971,0, 670, False, 4
972,0, 670, False, 4
973,0, 670, False, 4
974,0, 670, False, 4
975,0, 670, False, 4
976,0, 670, False, 4
977,0, 670, False, 4
978,0, 670, False, 4
979,10, 680, False, 4
980,0, 680, False, 4
981,0, 680, False, 3
982,0, 680, False, 3
983,0, 680, False, 3
984,0, 680, False, 3
985,0, 680, False, 3
986,0, 680, False, 3
987,0, 680, False, 3
988,0, 680, False, 3
989,0, 680, False, 3
990,0, 680, False, 3
991,0, 680, False, 3
992,0, 680, False, 3
993,0, 680, False, 3
994,0, 680, False, 3
995,0, 680, False, 3
996,0, 680, False, 3
997,0, 680, False, 3
998,0, 680, False, 0
999,0, 680, False, 0
1000,0, 680, False, 5
1001,0, 680, False, 5
1002,0, 680, False, 5
1003,10, 690, False, 5
1004,0, 690, False, 5
1005,0, 690, False, 5
1006,0, 690, False, 5
1007,0, 690, False, 5
1008,0, 690, False, 5
1009,0, 690, False, 5
1010,0, 690, False, 5
1011,0, 690, False, 5
1012,0, 690, False, 5
1013,0, 690, False, 5
1014,0, 690, False, 5
1015,10, 700, False, 5
1016,0, 700, False, 5
1017,0, 700, False, 5
1018,0, 700, False, 5
1019,0, 700, False, 9
1020,0, 700, False, 9
1021,0, 700, False, 5
1022,0, 700, False, 5
1023,0, 700, False, 5
1024,0, 700, False, 5
1025,0, 700, False, 5
1026,0, 700, False, 5
1027,0, 700, False, 5
1028,0, 700, False, 5
1029,0, 700, False, 5
1030,0, 700, False, 5
1031,0, 700, False, 5
1032,0, 700, False, 5
1033,0, 700, False, 5
1034,0, 700, False, 0
1035,0, 700, False, 0
1036,0, 700, False, 0
1037,0, 700, False, 0
1038,0, 700, False, 0
1039,0, 700, False, 0
1040,0, 700, False, 0
1041,0, 700, False, 0
1042,0, 700, False, 0
1043,0, 700, False, 0
1044,0, 700, False, 0
1045,0, 700, False, 0
1046,0, 700, False, 0
1047,0, 700, False, 0
1048,0, 700, False, 0
1049,0, 700, False, 0
1050,0, 700, False, 4
1051,0, 700, False, 4
1052,0, 700, False, 4
1053,0, 700, False, 4
1054,0, 700, False, 0
1055,0, 700, False, 0
1056,0, 700, False, 5
1057,0, 700, False, 5
1058,0, 700, False, 5
1059,0, 700, False, 5
1060,0, 700, False, 5
1061,0, 700, False, 5
1062,0, 700, False, 5
1063,0, 700, False, 5
1064,0, 700, False, 5
1065,0, 700, False, 5
1066,0, 700, False, 5
1067,0, 700, False, 5
1068,0, 700, False, 5
1069,0, 700, False, 5
1070,0, 700, False, 5
1071,0, 700, False, 5
1072,0, 700, False, 5
1073,0, 700, False, 5
1074,0, 700, False, 5
1075,0, 700, False, 5
1076,0, 700, False, 5
1077,0, 700, False, 5
1078,0, 700, False, 5
1079,0, 700, False, 5
1080,0, 700, False, 8
1081,0, 700, False, 3
1082,0, 700, False, 3
1083,0, 700, False, 3
1084,0, 700, False, 3
1085,0, 700, False, 3
1086,0, 700, False, 3
1087,0, 700, False, 3
1088,0, 700, False, 3
1089,0, 700, False, 3
1090,0, 700, False, 3
1091,0, 700, False, 3
1092,0, 700, False, 3
1093,0, 700, False, 3
1094,0, 700, False, 3
1095,0, 700, False, 3
1096,0, 700, False, 3
1097,0, 700, False, 3
1098,0, 700, False, 3
1099,0, 700, False, 3
1100,0, 700, False, 3
1101,0, 700, False, 3
1102,0, 700, False, 3
1103,0, 700, False, 3
1104,0, 700, False, 3
1105,0, 700, False, 3
1106,0, 700, False, 0
1107,0, 700, False, 0
1108,0, 700, False, 0
1109,0, 700, False, 0
1110,0, 700, False, 3
1111,0, 700, False, 3
1112,0, 700, False, 3
1113,0, 700, False, 3
1114,0, 700, False, 3
1115,0, 700, False, 0
1116,0, 700, False, 0
1117,0, 700, False, 3
1118,0, 700, False, 3
1119,10, 710, False, 3
1120,0, 710, False, 3
1121,0, 710, False, 3
1122,0, 710, False, 3
1123,0, 710, False, 3
1124,0, 710, False, 3
1125,0, 710, False, 3
1126,0, 710, False, 3
1127,0, 710, False, 3
1128,0, 710, False, 3
1129,0, 710, False, 3
1130,0, 710, False, 3
1131,0, 710, False, 3
1132,0, 710, False, 3
1133,10, 720, False, 3
1134,0, 720, False, 3
1135,0, 720, False, 3
1136,0, 720, False, 3
1137,0, 720, False, 3
1138,0, 720, False, 3
1139,0, 720, False, 3
1140,0, 720, False, 3
1141,0, 720, False, 3
1142,0, 720, False, 3
1143,0, 720, False, 3
1144,0, 720, False, 3
1145,0, 720, False, 3
1146,0, 720, False, 3
1147,10, 730, False, 3
1148,0, 730, False, 3
1149,0, 730, False, 3
1150,0, 730, False, 3
1151,0, 730, False, 3
1152,0, 730, False, 3
1153,0, 730, False, 3
1154,0, 730, False, 3
1155,0, 730, False, 3
1156,0, 730, False, 3
1157,0, 730, False, 3
1158,0, 730, False, 3
1159,10, 740, False, 3
1160,0, 740, False, 3
1161,0, 740, False, 3
1162,0, 740, False, 3
1163,0, 740, False, 3
1164,0, 740, False, 3
1165,0, 740, False, 3
1166,0, 740, False, 3
1167,0, 740, False, 3
1168,0, 740, False, 3
1169,0, 740, False, 3
1170,0, 740, False, 3
1171,0, 740, False, 3
1172,0, 740, False, 0
1173,10, 750, False, 0
1174,0, 750, False, 0
1175,0, 750, False, 0
1176,0, 750, False, 0
1177,0, 750, False, 0
1178,0, 750, False, 0
1179,0, 750, False, 5
1180,0, 750, False, 5
1181,0, 750, False, 5
1182,0, 750, False, 5
1183,0, 750, False, 5
1184,0, 750, False, 5
1185,0, 750, False, 5
1186,0, 750, False, 5
1187,10, 760, False, 5
1188,0, 760, False, 5
1189,0, 760, False, 5
1190,0, 760, False, 5
1191,0, 760, False, 0
1192,0, 760, False, 0
1193,0, 760, False, 0
1194,0, 760, False, 0
1195,0, 760, False, 0
1196,0, 760, False, 0
1197,0, 760, False, 0
1198,0, 760, False, 0
1199,0, 760, False, 2
1200,0, 760, False, 2
1201,0, 760, False, 2
1202,0, 760, False, 2
1203,0, 760, False, 2
1204,0, 760, False, 2
1205,0, 760, False, 2
1206,0, 760, False, 2
1207,0, 760, False, 2
1208,0, 760, False, 2
1209,0, 760, False, 2
1210,0, 760, False, 2
1211,0, 760, False, 2
1212,0, 760, False, 2
1213,0, 760, False, 2
1214,0, 760, False, 2
1215,0, 760, False, 2
1216,0, 760, False, 2
1217,0, 760, False, 2
1218,0, 760, False, 2
1219,0, 760, False, 2
1220,0, 760, False, 2
1221,0, 760, False, 2
1222,0, 760, False, 2
1223,0, 760, False, 2
1224,0, 760, False, 2
1225,0, 760, False, 2
1226,0, 760, False, 2
1227,0, 760, False, 2
1228,0, 760, False, 2
1229,10, 770, False, 2
1230,0, 770, False, 0
1231,0, 770, False, 0
1232,0, 770, False, 0
1233,0, 770, False, 0
1234,0, 770, False, 0
1235,0, 770, False, 0
1236,0, 770, False, 0
1237,0, 770, False, 0
1238,0, 770, False, 0
1239,0, 770, False, 4
1240,0, 770, False, 4
1241,0, 770, False, 4
1242,0, 770, False, 4
1243,10, 780, False, 4
1244,0, 780, False, 4
1245,0, 780, False, 4
1246,0, 780, False, 4
1247,0, 780, False, 4
1248,0, 780, False, 4
1249,0, 780, False, 4
1250,0, 780, False, 4
1251,0, 780, False, 4
1252,0, 780, False, 4
1253,0, 780, False, 4
1254,0, 780, False, 4
1255,10, 790, False, 4
1256,0, 790, False, 4
1257,0, 790, False, 4
1258,0, 790, False, 4
1259,0, 790, False, 4
1260,0, 790, False, 4
1261,0, 790, False, 4
1262,0, 790, False, 4
1263,0, 790, False, 4
1264,0, 790, False, 4
1265,0, 790, False, 4
1266,0, 790, False, 4
1267,0, 790, False, 4
1268,0, 790, False, 4
1269,10, 800, False, 4
1270,0, 800, False, 4
1271,0, 800, False, 4
1272,0, 800, False, 4
1273,0, 800, False, 4
1274,0, 800, False, 4
1275,0, 800, False, 4
1276,0, 800, False, 4
1277,0, 800, False, 4
1278,0, 800, False, 4
1279,0, 800, False, 0
1280,0, 800, False, 0
1281,0, 800, False, 0
1282,0, 800, False, 0
1283,10, 810, False, 0
1284,0, 810, False, 2
1285,0, 810, False, 2
1286,0, 810, False, 2
1287,0, 810, False, 2
1288,0, 810, False, 2
1289,0, 810, False, 2
1290,0, 810, False, 2
1291,0, 810, False, 2
1292,0, 810, False, 2
1293,0, 810, False, 2
1294,0, 810, False, 2
1295,0, 810, False, 2
1296,0, 810, False, 2
1297,10, 820, False, 2
1298,0, 820, False, 2
1299,0, 820, False, 0
1300,0, 820, False, 0
1301,0, 820, False, 0
1302,0, 820, False, 0
1303,0, 820, False, 0
1304,0, 820, False, 0
1305,0, 820, False, 4
1306,0, 820, False, 4
1307,0, 820, False, 4
1308,0, 820, False, 4
1309,0, 820, False, 4
1310,0, 820, False, 4
1311,0, 820, False, 4
1312,0, 820, False, 4
1313,0, 820, False, 4
1314,0, 820, False, 4
1315,0, 820, False, 4
1316,0, 820, False, 4
1317,0, 820, False, 4
1318,0, 820, False, 4
1319,0, 820, False, 4
1320,0, 820, False, 4
1321,0, 820, False, 4
1322,0, 820, False, 4
1323,0, 820, False, 4
1324,0, 820, False, 9
1325,0, 820, False, 5
1326,0, 820, False, 5
1327,0, 820, False, 5
1328,0, 820, False, 5
1329,0, 820, False, 5
1330,0, 820, False, 5
1331,0, 820, False, 5
1332,0, 820, False, 5
1333,0, 820, False, 5
1334,0, 820, False, 5
1335,0, 820, False, 5
1336,0, 820, False, 5
1337,0, 820, False, 5
1338,0, 820, False, 5
1339,0, 820, False, 5
1340,0, 820, False, 5
1341,0, 820, False, 5
1342,0, 820, False, 5
1343,0, 820, False, 5
1344,0, 820, False, 5
1345,0, 820, False, 0
1346,0, 820, False, 4
1347,0, 820, False, 4
1348,0, 820, False, 4
1349,0, 820, False, 4
1350,0, 820, False, 4
1351,0, 820, False, 4
1352,0, 820, False, 4
1353,0, 820, False, 4
1354,0, 820, False, 4
1355,0, 820, False, 4
1356,0, 820, False, 4
1357,0, 820, False, 4
1358,0, 820, False, 4
1359,0, 820, False, 4
1360,0, 820, False, 4
1361,0, 820, False, 4
1362,0, 820, False, 4
1363,0, 820, False, 4
1364,0, 820, False, 4
1365,0, 820, False, 4
1366,0, 820, False, 4
1367,0, 820, False, 4
1368,0, 820, False, 4
1369,0, 820, False, 4
1370,0, 820, False, 4
1371,0, 820, False, 4
1372,0, 820, False, 4
1373,0, 820, False, 4
1374,0, 820, False, 4
1375,0, 820, False, 4
1376,0, 820, False, 4
1377,0, 820, False, 4
1378,0, 820, False, 4
1379,0, 820, False, 4
1380,0, 820, False, 4
1381,0, 820, False, 4
1382,0, 820, False, 4
1383,0, 820, False, 4
1384,0, 820, False, 4
1385,0, 820, False, 4
1386,0, 820, False, 4
1387,0, 820, False, 4
1388,0, 820, False, 4
1389,0, 820, False, 4
1390,0, 820, False, 4
1391,0, 820, False, 4
1392,0, 820, False, 4
1393,10, 830, False, 4
1394,0, 830, False, 4
1395,0, 830, False, 4
1396,0, 830, False, 4
1397,0, 830, False, 4
1398,0, 830, False, 4
1399,0, 830, False, 4
1400,0, 830, False, 4
1401,0, 830, False, 4
1402,0, 830, False, 4
1403,0, 830, False, 4
1404,0, 830, False, 4
1405,0, 830, False, 4
1406,0, 830, False, 4
1407,10, 840, False, 4
1408,0, 840, False, 4
1409,0, 840, False, 4
1410,0, 840, False, 0
1411,0, 840, False, 0
1412,0, 840, False, 0
1413,0, 840, False, 0
1414,0, 840, False, 0
1415,0, 840, False, 0
1416,0, 840, False, 0
1417,0, 840, False, 0
1418,0, 840, False, 0
1419,0, 840, False, 0
1420,0, 840, False, 0
1421,0, 840, False, 5
1422,0, 840, False, 5
1423,0, 840, False, 5
1424,0, 840, False, 5
1425,0, 840, False, 5
1426,0, 840, False, 5
1427,0, 840, False, 5
1428,0, 840, False, 5
1429,10, 850, False, 5
1430,0, 850, False, 5
1431,0, 850, False, 5
1432,0, 850, False, 5
1433,0, 850, False, 5
1434,0, 850, False, 5
1435,0, 850, False, 5
1436,0, 850, False, 5
1437,0, 850, False, 5
1438,0, 850, False, 5
1439,0, 850, False, 5
1440,0, 850, False, 5
1441,0, 850, False, 5
1442,0, 850, False, 5
1443,10, 860, False, 5
1444,0, 860, False, 5
1445,0, 860, False, 5
1446,0, 860, False, 5
1447,0, 860, False, 5
1448,0, 860, False, 5
1449,0, 860, False, 5
1450,0, 860, False, 5
1451,0, 860, False, 5
1452,0, 860, False, 5
1453,0, 860, False, 5
1454,0, 860, False, 5
1455,0, 860, False, 5
1456,0, 860, False, 5
1457,10, 870, False, 5
1458,0, 870, False, 5
1459,0, 870, False, 5
1460,0, 870, False, 5
1461,0, 870, False, 5
1462,0, 870, False, 5
1463,0, 870, False, 5
1464,0, 870, False, 5
1465,0, 870, False, 5
1466,0, 870, False, 5
1467,0, 870, False, 5
1468,0, 870, False, 5
1469,0, 870, False, 5
1470,0, 870, False, 5
1471,10, 880, False, 5
1472,0, 880, False, 5
1473,0, 880, False, 5
1474,0, 880, False, 5
1475,0, 880, False, 5
1476,0, 880, False, 5
1477,0, 880, False, 5
1478,0, 880, False, 5
1479,0, 880, False, 5
1480,0, 880, False, 5
1481,0, 880, False, 5
1482,0, 880, False, 5
1483,0, 880, False, 5
1484,0, 880, False, 5
1485,10, 890, False, 5
1486,0, 890, False, 5
1487,0, 890, False, 5
1488,0, 890, False, 5
1489,0, 890, False, 5
1490,0, 890, False, 5
1491,0, 890, False, 5
1492,0, 890, False, 5
1493,0, 890, False, 5
1494,0, 890, False, 5
1495,0, 890, False, 5
1496,0, 890, False, 5
1497,0, 890, False, 5
1498,0, 890, False, 5
1499,10, 900, False, 5
1500,0, 900, False, 5
1501,0, 900, False, 5
1502,0, 900, False, 5
1503,0, 900, False, 5
1504,0, 900, False, 5
1505,0, 900, False, 3
1506,0, 900, False, 3
1507,0, 900, False, 3
1508,0, 900, False, 3
1509,0, 900, False, 3
1510,0, 900, False, 3
1511,0, 900, False, 3
1512,0, 900, False, 3
1513,0, 900, False, 3
1514,0, 900, False, 3
1515,10, 910, False, 3
1516,0, 910, False, 3
1517,0, 910, False, 3
1518,0, 910, False, 3
1519,0, 910, False, 3
1520,0, 910, False, 3
1521,0, 910, False, 3
1522,0, 910, False, 5
1523,0, 910, False, 5
1524,0, 910, False, 5
1525,0, 910, False, 5
1526,0, 910, False, 5
1527,0, 910, False, 5
1528,0, 910, False, 5
1529,0, 910, False, 5
1530,0, 910, False, 5
1531,10, 920, False, 5
1532,0, 920, False, 5
1533,0, 920, False, 5
1534,0, 920, False, 5
1535,0, 920, False, 5
1536,0, 920, False, 5
1537,0, 920, False, 5
1538,0, 920, False, 5
1539,0, 920, False, 5
1540,0, 920, False, 5
1541,0, 920, False, 5
1542,0, 920, False, 5
1543,50, 970, False, 5
1544,0, 970, False, 5
1545,0, 970, False, 5
1546,0, 970, False, 5
1547,0, 970, False, 5
1548,0, 970, False, 5
1549,0, 970, False, 5
1550,0, 970, False, 5
1551,0, 970, False, 5
1552,0, 970, False, 5
1553,0, 970, False, 5
1554,0, 970, False, 5
1555,0, 970, False, 5
1556,0, 970, False, 5
1557,10, 980, False, 5
1558,0, 980, False, 5
1559,0, 980, False, 5
1560,0, 980, False, 5
1561,0, 980, False, 5
1562,0, 980, False, 4
1563,0, 980, False, 4
1564,0, 980, False, 4
1565,0, 980, False, 4
1566,0, 980, False, 4
1567,0, 980, False, 4
1568,0, 980, False, 4
1569,0, 980, False, 4
1570,0, 980, False, 4
1571,10, 990, False, 4
1572,0, 990, False, 4
1573,0, 990, False, 4
1574,0, 990, False, 4
1575,0, 990, False, 4
1576,0, 990, False, 4
1577,0, 990, False, 4
1578,0, 990, False, 4
1579,0, 990, False, 4
1580,0, 990, False, 4
1581,0, 990, False, 4
1582,0, 990, False, 4
1583,0, 990, False, 4
1584,0, 990, False, 4
1585,10, 1000, False, 4
1586,0, 1000, False, 4
1587,0, 1000, False, 4
1588,0, 1000, False, 4
1589,0, 1000, False, 4
1590,0, 1000, False, 4
1591,0, 1000, False, 4
1592,0, 1000, False, 4
1593,0, 1000, False, 4
1594,0, 1000, False, 4
1595,0, 1000, False, 4
1596,0, 1000, False, 4
1597,0, 1000, False, 4
1598,0, 1000, False, 4
1599,10, 1010, False, 2
1600,0, 1010, False, 2
1601,0, 1010, False, 2
1602,0, 1010, False, 2
1603,0, 1010, False, 2
1604,0, 1010, False, 2
1605,0, 1010, False, 2
1606,0, 1010, False, 2
1607,0, 1010, False, 2
1608,0, 1010, False, 2
1609,0, 1010, False, 2
1610,0, 1010, False, 2
1611,0, 1010, False, 2
1612,0, 1010, False, 2
1613,10, 1020, False, 2
1614,0, 1020, False, 2
1615,0, 1020, False, 2
1616,0, 1020, False, 2
1617,0, 1020, False, 2
1618,0, 1020, False, 2
1619,0, 1020, False, 2
1620,0, 1020, False, 2
1621,0, 1020, False, 2
1622,0, 1020, False, 2
1623,0, 1020, False, 2
1624,0, 1020, False, 2
1625,0, 1020, False, 2
1626,0, 1020, False, 2
1627,10, 1030, False, 2
1628,0, 1030, False, 2
1629,200, 1230, False, 2
1630,0, 1230, False, 2
1631,0, 1230, False, 2
1632,0, 1230, False, 2
1633,0, 1230, False, 2
1634,0, 1230, False, 0
1635,0, 1230, False, 3
1636,0, 1230, False, 3
1637,0, 1230, False, 3
1638,0, 1230, False, 3
1639,0, 1230, False, 3
1640,0, 1230, False, 3
1641,0, 1230, False, 3
1642,0, 1230, False, 3
1643,0, 1230, False, 3
1644,0, 1230, False, 3
1645,0, 1230, False, 3
1646,0, 1230, False, 3
1647,0, 1230, False, 3
1648,0, 1230, False, 3
1649,0, 1230, False, 3
1650,0, 1230, False, 3
1651,0, 1230, False, 3
1652,0, 1230, False, 3
1653,0, 1230, False, 3
1654,0, 1230, False, 0
1655,0, 1230, False, 0
1656,0, 1230, False, 0
1657,0, 1230, False, 0
1658,0, 1230, False, 0
1659,0, 1230, False, 0
1660,0, 1230, False, 0
1661,10, 1240, False, 0
1662,0, 1240, False, 0
1663,0, 1240, False, 0
1664,0, 1240, False, 0
1665,0, 1240, False, 0
1666,0, 1240, False, 0
1667,0, 1240, False, 0
1668,0, 1240, False, 0
1669,0, 1240, False, 0
1670,0, 1240, False, 0
1671,0, 1240, False, 0
1672,0, 1240, False, 0
1673,0, 1240, False, 0
1674,0, 1240, False, 0
1675,10, 1250, False, 0
1676,0, 1250, False, 0
1677,0, 1250, False, 0
1678,0, 1250, False, 0
1679,0, 1250, False, 0
1680,0, 1250, False, 3
1681,0, 1250, False, 3
1682,0, 1250, False, 3
1683,0, 1250, False, 3
1684,0, 1250, False, 3
1685,0, 1250, False, 3
1686,0, 1250, False, 3
1687,0, 1250, False, 3
1688,0, 1250, False, 3
1689,10, 1260, False, 3
1690,0, 1260, False, 3
1691,0, 1260, False, 3
1692,0, 1260, False, 3
1693,0, 1260, False, 3
1694,0, 1260, False, 3
1695,0, 1260, False, 3
1696,0, 1260, False, 3
1697,0, 1260, False, 3
1698,0, 1260, False, 3
1699,0, 1260, False, 0
1700,0, 1260, False, 5
1701,0, 1260, False, 5
1702,0, 1260, False, 5
1703,0, 1260, False, 5
1704,0, 1260, False, 5
1705,0, 1260, False, 5
1706,0, 1260, False, 5
1707,0, 1260, False, 5
1708,0, 1260, False, 5
1709,0, 1260, False, 5
1710,0, 1260, False, 0
1711,0, 1260, False, 0
1712,0, 1260, False, 3
1713,0, 1260, False, 3
1714,0, 1260, False, 3
1715,0, 1260, False, 3
1716,0, 1260, False, 3
1717,0, 1260, False, 3
1718,0, 1260, False, 3
1719,0, 1260, False, 3
1720,0, 1260, False, 3
1721,0, 1260, False, 3
1722,0, 1260, False, 3
1723,0, 1260, False, 3
1724,0, 1260, False, 3
1725,0, 1260, False, 3
1726,0, 1260, False, 3
1727,0, 1260, False, 3
1728,0, 1260, False, 3
1729,0, 1260, False, 3
1730,0, 1260, False, 3
1731,10, 1270, False, 3
1732,0, 1270, False, 3
1733,0, 1270, False, 3
1734,0, 1270, False, 2
1735,0, 1270, False, 2
1736,0, 1270, False, 2
1737,0, 1270, False, 2
1738,0, 1270, False, 2
1739,0, 1270, False, 2
1740,0, 1270, False, 2
1741,0, 1270, False, 2
1742,0, 1270, False, 2
1743,0, 1270, False, 2
1744,0, 1270, False, 2
1745,0, 1270, False, 2
1746,0, 1270, False, 2
1747,0, 1270, False, 2
1748,0, 1270, False, 2
1749,0, 1270, False, 2
1750,0, 1270, False, 2
1751,0, 1270, False, 2
1752,0, 1270, False, 2
1753,0, 1270, False, 2
1754,0, 1270, False, 2
1755,0, 1270, False, 2
1756,0, 1270, False, 2
1757,0, 1270, False, 2
1758,0, 1270, False, 2
1759,0, 1270, False, 2
1760,0, 1270, False, 2
1761,0, 1270, False, 2
1762,0, 1270, False, 2
1763,0, 1270, False, 2
1764,0, 1270, False, 2
1765,0, 1270, False, 2
1766,0, 1270, False, 2
1767,0, 1270, False, 2
1768,0, 1270, False, 0
1769,0, 1270, False, 0
1770,0, 1270, False, 0
1771,0, 1270, False, 0
1772,0, 1270, False, 0
1773,0, 1270, False, 0
1774,0, 1270, False, 0
1775,0, 1270, False, 0
1776,0, 1270, False, 0
1777,0, 1270, False, 3
1778,0, 1270, False, 3
1779,0, 1270, False, 3
1780,0, 1270, False, 3
1781,0, 1270, False, 3
1782,0, 1270, False, 3
1783,0, 1270, False, 3
1784,0, 1270, False, 3
1785,0, 1270, False, 3
1786,0, 1270, False, 3
1787,0, 1270, False, 3
1788,0, 1270, False, 3
1789,0, 1270, False, 3
1790,0, 1270, False, 3
1791,0, 1270, False, 3
1792,0, 1270, False, 3
1793,0, 1270, False, 0
1794,0, 1270, False, 3
1795,400, 1670, False, 3
1796,0, 1670, False, 0
1797,0, 1670, False, 5
1798,0, 1670, False, 5
1799,0, 1670, False, 5
1800,0, 1670, False, 5
1801,0, 1670, False, 5
1802,0, 1670, False, 5
1803,0, 1670, False, 5
1804,0, 1670, False, 5
1805,0, 1670, False, 0
1806,0, 1670, False, 0
1807,0, 1670, False, 0
1808,0, 1670, False, 0
1809,0, 1670, False, 0
1810,0, 1670, False, 3
1811,0, 1670, False, 3
1812,0, 1670, False, 3
1813,0, 1670, False, 3
1814,0, 1670, False, 3
1815,0, 1670, False, 3
1816,0, 1670, False, 3
1817,0, 1670, False, 3
1818,0, 1670, False, 3
1819,0, 1670, False, 3
1820,0, 1670, False, 3
1821,0, 1670, False, 3
1822,0, 1670, False, 3
1823,0, 1670, False, 3
1824,0, 1670, False, 8
1825,0, 1670, False, 8
1826,0, 1670, False, 5
1827,0, 1670, False, 5
1828,0, 1670, False, 5
1829,0, 1670, False, 5
1830,0, 1670, False, 5
1831,0, 1670, False, 5
1832,0, 1670, False, 5
1833,0, 1670, False, 5
1834,0, 1670, False, 5
1835,0, 1670, False, 0
1836,0, 1670, False, 0
1837,0, 1670, False, 0
1838,0, 1670, False, 0
1839,0, 1670, False, 0
1840,0, 1670, False, 0
1841,0, 1670, False, 0
1842,0, 1670, False, 5
1843,0, 1670, False, 5
1844,0, 1670, False, 5
1845,0, 1670, False, 0
1846,0, 1670, False, 0
1847,0, 1670, False, 0
1848,0, 1670, False, 3
1849,0, 1670, False, 3
1850,0, 1670, False, 3
1851,0, 1670, False, 3
1852,0, 1670, False, 3
1853,0, 1670, False, 3
1854,0, 1670, False, 3
1855,0, 1670, False, 3
1856,0, 1670, False, 3
1857,0, 1670, False, 3
1858,0, 1670, False, 3
1859,0, 1670, False, 3
1860,0, 1670, False, 3
1861,0, 1670, False, 3
1862,0, 1670, False, 3
1863,0, 1670, False, 3
1864,0, 1670, False, 3
1865,10, 1680, False, 0
1866,0, 1680, False, 0
1867,0, 1680, False, 0
1868,0, 1680, False, 4
1869,0, 1680, False, 4
1870,0, 1680, False, 4
1871,0, 1680, False, 4
1872,0, 1680, False, 0
1873,0, 1680, False, 0
1874,0, 1680, False, 0
1875,0, 1680, False, 4
1876,0, 1680, False, 4
1877,0, 1680, False, 4
1878,0, 1680, False, 4
1879,0, 1680, False, 4
1880,0, 1680, False, 0
1881,0, 1680, False, 0
1882,0, 1680, False, 0
1883,0, 1680, False, 4
1884,0, 1680, False, 4
1885,0, 1680, False, 4
1886,0, 1680, False, 4
1887,0, 1680, False, 4
1888,0, 1680, False, 0
1889,0, 1680, False, 0
1890,0, 1680, False, 0
1891,0, 1680, False, 0
1892,0, 1680, False, 2
1893,0, 1680, False, 2
1894,0, 1680, False, 2
1895,0, 1680, False, 2
1896,0, 1680, False, 2
1897,0, 1680, False, 2
1898,0, 1680, False, 2
1899,0, 1680, False, 2
1900,0, 1680, False, 4
1901,0, 1680, False, 4
1902,0, 1680, False, 4
1903,0, 1680, False, 4
1904,0, 1680, False, 4
1905,0, 1680, False, 4
1906,0, 1680, False, 4
1907,0, 1680, False, 4
1908,0, 1680, False, 4
1909,0, 1680, False, 4
1910,0, 1680, False, 4
1911,0, 1680, False, 4
1912,0, 1680, False, 4
1913,0, 1680, False, 4
1914,0, 1680, False, 4
1915,0, 1680, False, 4
1916,0, 1680, False, 4
1917,0, 1680, False, 4
1918,0, 1680, False, 4
1919,0, 1680, False, 4
1920,0, 1680, False, 4
1921,0, 1680, False, 4
1922,0, 1680, False, 4
1923,0, 1680, False, 4
1924,0, 1680, False, 4
1925,10, 1690, False, 4
1926,0, 1690, False, 4
1927,0, 1690, False, 4
1928,0, 1690, False, 4
1929,0, 1690, False, 4
1930,0, 1690, False, 4
1931,0, 1690, False, 4
1932,0, 1690, False, 4
1933,0, 1690, False, 4
1934,0, 1690, False, 4
1935,0, 1690, False, 4
1936,0, 1690, False, 4
1937,0, 1690, False, 4
1938,0, 1690, False, 4
1939,10, 1700, False, 4
1940,0, 1700, False, 4
1941,0, 1700, False, 4
1942,0, 1700, False, 4
1943,0, 1700, False, 4
1944,0, 1700, False, 4
1945,0, 1700, False, 4
1946,0, 1700, False, 4
1947,0, 1700, False, 4
1948,0, 1700, False, 4
1949,0, 1700, False, 4
1950,0, 1700, False, 4
1951,10, 1710, False, 4
1952,0, 1710, False, 4
1953,0, 1710, False, 4
1954,0, 1710, False, 4
1955,0, 1710, False, 4
1956,0, 1710, False, 4
1957,0, 1710, False, 4
1958,0, 1710, False, 4
1959,0, 1710, False, 4
1960,0, 1710, False, 4
1961,0, 1710, False, 4
1962,0, 1710, False, 4
1963,0, 1710, False, 4
1964,0, 1710, False, 4
1965,10, 1720, False, 4
1966,0, 1720, False, 4
1967,0, 1720, False, 4
1968,0, 1720, False, 4
1969,0, 1720, False, 4
1970,0, 1720, False, 4
1971,0, 1720, False, 4
1972,0, 1720, False, 4
1973,0, 1720, False, 4
1974,0, 1720, False, 4
1975,0, 1720, False, 4
1976,0, 1720, False, 4
1977,0, 1720, False, 4
1978,0, 1720, False, 7
1979,10, 1730, False, 2
1980,0, 1730, False, 2
1981,0, 1730, False, 2
1982,0, 1730, False, 2
1983,0, 1730, False, 2
1984,0, 1730, False, 2
1985,0, 1730, False, 2
1986,0, 1730, False, 2
1987,0, 1730, False, 2
1988,0, 1730, False, 2
1989,0, 1730, False, 2
1990,0, 1730, False, 2
1991,0, 1730, False, 2
1992,0, 1730, False, 2
1993,10, 1740, False, 2
1994,0, 1740, False, 2
1995,0, 1740, False, 2
1996,0, 1740, False, 2
1997,0, 1740, False, 2
1998,0, 1740, False, 2
1999,0, 1740, False, 2
2000,0, 1740, False, 2
2001,0, 1740, False, 2
2002,0, 1740, False, 2
2003,0, 1740, False, 2
2004,0, 1740, False, 2
2005,0, 1740, False, 2
2006,0, 1740, False, 2
2007,810, 2550, False, 2
2008,0, 2550, False, 2
2009,0, 2550, False, 2
2010,0, 2550, False, 2
2011,0, 2550, False, 2
2012,0, 2550, False, 2
2013,0, 2550, False, 2
2014,0, 2550, False, 2
2015,0, 2550, False, 2
2016,0, 2550, False, 2
2017,0, 2550, False, 2
2018,0, 2550, False, 2
2019,0, 2550, False, 2
2020,0, 2550, False, 2
2021,0, 2550, False, 2
2022,0, 2550, False, 2
2023,0, 2550, False, 2
2024,0, 2550, False, 2
2025,0, 2550, False, 2
2026,0, 2550, False, 2
2027,0, 2550, False, 2
2028,0, 2550, False, 2
2029,0, 2550, False, 2
2030,0, 2550, False, 2
2031,0, 2550, False, 2
2032,0, 2550, False, 2
2033,0, 2550, False, 2
2034,0, 2550, False, 2
2035,0, 2550, False, 2
2036,0, 2550, False, 2
2037,0, 2550, False, 2
2038,0, 2550, False, 2
2039,10, 2560, False, 2
2040,0, 2560, False, 2
2041,0, 2560, False, 2
2042,0, 2560, False, 2
2043,0, 2560, False, 2
2044,0, 2560, False, 2
2045,0, 2560, False, 2
2046,0, 2560, False, 2
2047,0, 2560, False, 2
2048,0, 2560, False, 2
2049,0, 2560, False, 2
2050,0, 2560, False, 2
2051,0, 2560, False, 2
2052,0, 2560, False, 2
2053,10, 2570, False, 2
2054,0, 2570, False, 2
2055,0, 2570, False, 2
2056,0, 2570, False, 3
2057,0, 2570, False, 3
2058,0, 2570, False, 3
2059,0, 2570, False, 3
2060,0, 2570, False, 3
2061,0, 2570, False, 3
2062,0, 2570, False, 3
2063,0, 2570, False, 3
2064,0, 2570, False, 3
2065,10, 2580, False, 3
2066,0, 2580, False, 3
2067,0, 2580, False, 3
2068,0, 2580, False, 3
2069,0, 2580, False, 3
2070,0, 2580, False, 3
2071,0, 2580, False, 3
2072,0, 2580, False, 3
2073,0, 2580, False, 3
2074,0, 2580, False, 3
2075,0, 2580, False, 3
2076,0, 2580, False, 3
2077,0, 2580, False, 3
2078,0, 2580, False, 3
2079,10, 2590, False, 3
2080,0, 2590, False, 3
2081,0, 2590, False, 3
2082,0, 2590, False, 3
2083,0, 2590, False, 3
2084,0, 2590, False, 3
2085,0, 2590, False, 3
2086,0, 2590, False, 3
2087,0, 2590, False, 3
2088,0, 2590, False, 3
2089,0, 2590, False, 3
2090,0, 2590, False, 3
2091,10, 2600, False, 3
2092,0, 2600, False, 3
2093,0, 2600, False, 3
2094,0, 2600, False, 5
2095,0, 2600, False, 5
2096,0, 2600, False, 5
2097,0, 2600, False, 5
2098,0, 2600, False, 5
2099,0, 2600, False, 5
2100,0, 2600, False, 5
2101,0, 2600, False, 5
2102,0, 2600, False, 5
2103,0, 2600, False, 5
2104,0, 2600, False, 5
2105,10, 2610, False, 5
2106,0, 2610, False, 5
2107,0, 2610, False, 5
2108,0, 2610, False, 5
2109,0, 2610, False, 5
2110,0, 2610, False, 5
2111,0, 2610, False, 5
2112,0, 2610, False, 5
2113,0, 2610, False, 5
2114,0, 2610, False, 5
2115,0, 2610, False, 5
2116,0, 2610, False, 0
2117,0, 2610, False, 0
2118,0, 2610, False, 0
2119,10, 2620, False, 0
2120,0, 2620, False, 0
2121,0, 2620, False, 2
2122,0, 2620, False, 2
2123,0, 2620, False, 2
2124,0, 2620, False, 2
2125,0, 2620, False, 2
2126,0, 2620, False, 2
2127,0, 2620, False, 2
2128,0, 2620, False, 2
2129,0, 2620, False, 2
2130,0, 2620, False, 2
2131,0, 2620, False, 2
2132,0, 2620, False, 2
2133,0, 2620, False, 2
2134,0, 2620, False, 2
2135,0, 2620, False, 2
2136,0, 2620, False, 2
2137,0, 2620, False, 2
2138,0, 2620, False, 2
2139,0, 2620, False, 2
2140,0, 2620, False, 2
2141,0, 2620, False, 2
2142,0, 2620, False, 2
2143,0, 2620, False, 2
2144,0, 2620, False, 2
2145,0, 2620, False, 2
2146,0, 2620, False, 2
2147,0, 2620, False, 2
2148,0, 2620, False, 2
2149,0, 2620, False, 2
2150,0, 2620, False, 2
2151,0, 2620, False, 2
2152,0, 2620, False, 2
2153,0, 2620, False, 2
2154,0, 2620, False, 2
2155,0, 2620, False, 2
2156,0, 2620, False, 2
2157,0, 2620, False, 2
2158,0, 2620, False, 2
2159,10, 2630, False, 2
2160,0, 2630, False, 2
2161,0, 2630, False, 2
2162,0, 2630, False, 2
2163,0, 2630, False, 2
2164,0, 2630, False, 2
2165,0, 2630, False, 2
2166,0, 2630, False, 2
2167,0, 2630, False, 3
2168,0, 2630, False, 3
2169,0, 2630, False, 3
2170,0, 2630, False, 3
2171,0, 2630, False, 3
2172,0, 2630, False, 3
2173,10, 2640, False, 3
2174,0, 2640, False, 3
2175,0, 2640, False, 3
2176,0, 2640, False, 3
2177,0, 2640, False, 3
2178,0, 2640, False, 3
2179,0, 2640, False, 3
2180,0, 2640, False, 3
2181,0, 2640, False, 3
2182,0, 2640, False, 3
2183,10, 2650, False, 3
2184,0, 2650, False, 3
2185,0, 2650, False, 3
2186,0, 2650, False, 3
2187,0, 2650, False, 3
2188,0, 2650, False, 3
2189,0, 2650, False, 3
2190,0, 2650, False, 3
2191,0, 2650, False, 3
2192,0, 2650, False, 3
2193,0, 2650, False, 3
2194,0, 2650, False, 3
2195,10, 2660, False, 3
2196,0, 2660, False, 3
2197,0, 2660, False, 3
2198,0, 2660, False, 3
2199,0, 2660, False, 3
2200,0, 2660, False, 3
2201,0, 2660, False, 3
2202,0, 2660, False, 3
2203,0, 2660, False, 3
2204,0, 2660, False, 3
2205,0, 2660, False, 3
2206,0, 2660, False, 3
2207,0, 2660, False, 3
2208,0, 2660, False, 3
2209,10, 2670, False, 3
2210,0, 2670, False, 3
2211,0, 2670, False, 3
2212,0, 2670, False, 3
2213,0, 2670, False, 8
2214,0, 2670, False, 5
2215,0, 2670, False, 5
2216,0, 2670, False, 5
2217,0, 2670, False, 5
2218,0, 2670, False, 5
2219,50, 2720, False, 5
2220,0, 2720, False, 5
2221,0, 2720, False, 5
2222,0, 2720, False, 5
2223,0, 2720, False, 5
2224,0, 2720, False, 5
2225,0, 2720, False, 5
2226,0, 2720, False, 5
2227,0, 2720, False, 5
2228,0, 2720, False, 5
2229,0, 2720, False, 5
2230,0, 2720, False, 5
2231,0, 2720, False, 5
2232,0, 2720, False, 5
2233,0, 2720, False, 5
2234,0, 2720, False, 5
2235,10, 2730, False, 5
2236,0, 2730, False, 5
2237,0, 2730, False, 5
2238,0, 2730, False, 5
2239,0, 2730, False, 5
2240,0, 2730, False, 5
2241,0, 2730, False, 5
2242,0, 2730, False, 5
2243,0, 2730, False, 5
2244,0, 2730, False, 5
2245,0, 2730, False, 5
2246,0, 2730, False, 5
2247,0, 2730, False, 5
2248,0, 2730, False, 4
2249,0, 2730, False, 4
2250,0, 2730, False, 4
2251,0, 2730, False, 4
2252,0, 2730, False, 4
2253,0, 2730, False, 4
2254,0, 2730, False, 4
2255,0, 2730, False, 4
2256,0, 2730, False, 4
2257,10, 2740, False, 4
2258,0, 2740, False, 4
2259,0, 2740, False, 4
2260,0, 2740, False, 4
2261,200, 2940, False, 4
2262,0, 2940, False, 4
2263,0, 2940, False, 4
2264,0, 2940, False, 4
2265,0, 2940, False, 4
2266,0, 2940, False, 4
2267,0, 2940, False, 4
2268,0, 2940, False, 4
2269,0, 2940, False, 4
2270,0, 2940, False, 4
2271,0, 2940, False, 4
2272,0, 2940, False, 4
2273,0, 2940, False, 4
2274,0, 2940, False, 0
2275,0, 2940, False, 0
2276,0, 2940, False, 3
2277,0, 2940, False, 3
2278,0, 2940, False, 3
2279,0, 2940, False, 3
2280,0, 2940, False, 3
2281,0, 2940, False, 3
2282,0, 2940, False, 3
2283,0, 2940, False, 3
2284,0, 2940, False, 3
2285,0, 2940, False, 3
2286,0, 2940, False, 3
2287,0, 2940, False, 3
2288,0, 2940, False, 3
2289,0, 2940, False, 3
2290,0, 2940, False, 3
2291,0, 2940, False, 3
2292,0, 2940, False, 3
2293,0, 2940, False, 3
2294,0, 2940, False, 0
2295,0, 2940, False, 0
2296,0, 2940, False, 0
2297,0, 2940, False, 5
2298,0, 2940, False, 5
2299,0, 2940, False, 5
2300,0, 2940, False, 5
2301,0, 2940, False, 5
2302,0, 2940, False, 5
2303,0, 2940, False, 5
2304,0, 2940, False, 5
2305,0, 2940, False, 5
2306,0, 2940, False, 5
2307,0, 2940, False, 5
2308,0, 2940, False, 5
2309,0, 2940, False, 5
2310,0, 2940, False, 5
2311,0, 2940, False, 4
2312,0, 2940, False, 4
2313,0, 2940, False, 4
2314,0, 2940, False, 4
2315,0, 2940, False, 4
2316,0, 2940, False, 4
2317,0, 2940, False, 4
2318,0, 2940, False, 4
2319,0, 2940, False, 4
2320,0, 2940, False, 4
2321,0, 2940, False, 4
2322,0, 2940, False, 5
2323,0, 2940, False, 5
2324,0, 2940, False, 5
2325,0, 2940, False, 5
2326,0, 2940, False, 5
2327,0, 2940, False, 5
2328,0, 2940, False, 5
2329,0, 2940, False, 5
2330,0, 2940, False, 5
2331,10, 2950, False, 5
2332,0, 2950, False, 5
2333,0, 2950, False, 5
2334,0, 2950, False, 5
2335,0, 2950, False, 5
2336,0, 2950, False, 5
2337,0, 2950, False, 5
2338,0, 2950, False, 5
2339,0, 2950, False, 5
2340,0, 2950, False, 5
2341,0, 2950, False, 0
2342,0, 2950, False, 0
2343,0, 2950, False, 0
2344,0, 2950, False, 0
2345,0, 2950, False, 0
2346,0, 2950, False, 0
2347,0, 2950, False, 0
2348,0, 2950, False, 2
2349,0, 2950, False, 2
2350,0, 2950, False, 2
2351,0, 2950, False, 2
2352,0, 2950, False, 2
2353,0, 2950, False, 2
2354,0, 2950, False, 2
2355,0, 2950, False, 2
2356,0, 2950, False, 2
2357,0, 2950, False, 7
2358,0, 2950, False, 7
2359,0, 2950, False, 4
2360,0, 2950, False, 4
2361,0, 2950, False, 4
2362,0, 2950, False, 4
2363,0, 2950, False, 4
2364,0, 2950, False, 4
2365,0, 2950, False, 4
2366,0, 2950, False, 4
2367,0, 2950, False, 4
2368,0, 2950, False, 4
2369,0, 2950, False, 4
2370,0, 2950, False, 4
2371,0, 2950, False, 4
2372,0, 2950, False, 4
2373,0, 2950, False, 4
2374,0, 2950, False, 4
2375,0, 2950, False, 4
2376,0, 2950, False, 4
2377,0, 2950, False, 4
2378,0, 2950, False, 4
2379,10, 2960, False, 4
2380,0, 2960, False, 9
2381,0, 2960, False, 9
2382,0, 2960, False, 9
2383,0, 2960, False, 5
2384,0, 2960, False, 5
2385,400, 3360, False, 5
2386,0, 3360, False, 5
2387,0, 3360, False, 5
2388,0, 3360, False, 5
2389,0, 3360, False, 5
2390,0, 3360, False, 5
2391,0, 3360, False, 5
2392,0, 3360, False, 5
2393,0, 3360, False, 5
2394,0, 3360, False, 5
2395,0, 3360, False, 5
2396,0, 3360, False, 5
2397,0, 3360, False, 5
2398,0, 3360, False, 5
2399,0, 3360, False, 5
2400,0, 3360, False, 5
2401,0, 3360, False, 5
2402,0, 3360, False, 5
2403,0, 3360, False, 5
2404,0, 3360, False, 5
2405,0, 3360, False, 5
2406,0, 3360, False, 5
2407,0, 3360, False, 9
2408,0, 3360, False, 9
2409,0, 3360, False, 5
2410,0, 3360, False, 5
2411,0, 3360, False, 5
2412,0, 3360, False, 9
2413,0, 3360, False, 9
2414,0, 3360, False, 9
2415,0, 3360, False, 9
2416,0, 3360, False, 9
2417,0, 3360, False, 9
2418,0, 3360, False, 9
2419,0, 3360, False, 5
2420,0, 3360, False, 5
2421,0, 3360, False, 5
2422,0, 3360, False, 5
2423,0, 3360, False, 5
2424,0, 3360, False, 5
2425,0, 3360, False, 5
2426,0, 3360, False, 5
2427,0, 3360, False, 5
2428,0, 3360, False, 5
2429,0, 3360, False, 5
2430,0, 3360, False, 5
2431,0, 3360, False, 5
2432,0, 3360, False, 5
2433,0, 3360, False, 9
2434,0, 3360, False, 4
2435,0, 3360, False, 4
2436,0, 3360, False, 4
2437,0, 3360, False, 4
2438,0, 3360, False, 4
2439,0, 3360, False, 4
2440,0, 3360, False, 4
2441,0, 3360, False, 4
2442,0, 3360, False, 4
2443,10, 3370, False, 4
2444,0, 3370, False, 4
2445,0, 3370, False, 4
2446,0, 3370, False, 4
2447,0, 3370, False, 4
2448,0, 3370, False, 4
2449,0, 3370, False, 4
2450,0, 3370, False, 4
2451,0, 3370, False, 4
2452,0, 3370, False, 4
2453,0, 3370, False, 4
2454,0, 3370, False, 4
2455,0, 3370, False, 4
2456,0, 3370, False, 4
2457,10, 3380, False, 4
2458,0, 3380, False, 4
2459,0, 3380, False, 4
2460,0, 3380, False, 4
2461,0, 3380, False, 4
2462,0, 3380, False, 4
2463,0, 3380, False, 4
2464,0, 3380, False, 4
2465,0, 3380, False, 4
2466,0, 3380, False, 2
2467,0, 3380, False, 2
2468,0, 3380, False, 2
2469,0, 3380, False, 2
2470,0, 3380, False, 2
2471,0, 3380, False, 2
2472,0, 3380, False, 2
2473,0, 3380, False, 2
2474,0, 3380, False, 2
2475,0, 3380, False, 2
2476,0, 3380, False, 2
2477,0, 3380, False, 2
2478,0, 3380, False, 2
2479,0, 3380, False, 2
2480,0, 3380, False, 2
2481,0, 3380, False, 2
2482,0, 3380, False, 2
2483,0, 3380, False, 2
2484,0, 3380, False, 2
2485,0, 3380, False, 2
2486,0, 3380, False, 2
2487,0, 3380, False, 2
2488,0, 3380, False, 2
2489,0, 3380, False, 2
2490,0, 3380, False, 6
2491,0, 3380, False, 3
2492,0, 3380, False, 3
2493,0, 3380, False, 3
2494,0, 3380, False, 3
2495,0, 3380, False, 3
2496,0, 3380, False, 3
2497,0, 3380, False, 6
2498,0, 3380, False, 6
2499,0, 3380, False, 6
2500,0, 3380, False, 3
2501,0, 3380, False, 3
2502,0, 3380, False, 3
2503,0, 3380, False, 3
2504,0, 3380, False, 3
2505,0, 3380, False, 3
2506,0, 3380, False, 3
2507,0, 3380, False, 3
2508,0, 3380, False, 2
2509,0, 3380, False, 2
2510,0, 3380, False, 2
2511,0, 3380, False, 2
2512,0, 3380, False, 2
2513,0, 3380, False, 2
2514,0, 3380, False, 2
2515,0, 3380, False, 2
2516,0, 3380, False, 2
2517,0, 3380, False, 2
2518,0, 3380, False, 2
2519,0, 3380, False, 2
2520,0, 3380, False, 2
2521,0, 3380, False, 2
2522,0, 3380, False, 2
2523,0, 3380, False, 2
2524,0, 3380, False, 2
2525,0, 3380, False, 2
2526,0, 3380, False, 2
2527,0, 3380, False, 2
2528,0, 3380, False, 2
2529,0, 3380, False, 2
2530,0, 3380, False, 7
2531,0, 3380, False, 7
2532,0, 3380, False, 4
2533,0, 3380, False, 4
2534,0, 3380, False, 4
2535,0, 3380, False, 4
2536,0, 3380, False, 4
2537,0, 3380, False, 4
2538,0, 3380, False, 4
2539,0, 3380, False, 4
2540,0, 3380, False, 4
2541,0, 3380, False, 4
2542,0, 3380, False, 4
2543,0, 3380, False, 4
2544,0, 3380, False, 4
2545,0, 3380, False, 4
2546,0, 3380, False, 4
2547,0, 3380, False, 4
2548,0, 3380, False, 4
2549,0, 3380, False, 4
2550,0, 3380, False, 4
2551,0, 3380, False, 4
2552,0, 3380, False, 4
2553,0, 3380, False, 4
2554,0, 3380, False, 4
2555,0, 3380, False, 0
2556,0, 3380, False, 0
2557,0, 3380, False, 0
2558,0, 3380, False, 0
2559,0, 3380, False, 5
2560,0, 3380, False, 5
2561,0, 3380, False, 5
2562,0, 3380, False, 5
2563,0, 3380, False, 5
2564,0, 3380, False, 5
2565,0, 3380, False, 5
2566,0, 3380, False, 5
2567,0, 3380, False, 5
2568,0, 3380, False, 5
2569,0, 3380, False, 5
2570,0, 3380, False, 5
2571,0, 3380, False, 4
2572,0, 3380, False, 4
2573,0, 3380, False, 4
2574,0, 3380, False, 4
2575,0, 3380, False, 4
2576,0, 3380, False, 4
2577,0, 3380, False, 4
2578,0, 3380, False, 4
2579,0, 3380, False, 4
2580,0, 3380, False, 4
2581,0, 3380, False, 4
2582,0, 3380, False, 4
2583,0, 3380, False, 4
2584,0, 3380, False, 4
2585,0, 3380, False, 4
2586,0, 3380, False, 4
2587,0, 3380, False, 4
2588,0, 3380, False, 4
2589,0, 3380, False, 4
2590,0, 3380, False, 4
2591,0, 3380, False, 4
2592,0, 3380, False, 4
2593,0, 3380, False, 4
2594,0, 3380, False, 7
2595,0, 3380, False, 2
2596,0, 3380, False, 2
2597,0, 3380, False, 2
2598,0, 3380, False, 2
2599,0, 3380, False, 2
2600,0, 3380, False, 2
2601,0, 3380, False, 2
2602,0, 3380, False, 2
2603,0, 3380, False, 2
2604,0, 3380, False, 2
2605,0, 3380, False, 2
2606,0, 3380, False, 2
2607,0, 3380, False, 2
2608,0, 3380, False, 2
2609,0, 3380, False, 2
2610,0, 3380, False, 2
2611,0, 3380, False, 2
2612,0, 3380, False, 2
2613,0, 3380, False, 2
2614,0, 3380, False, 2
2615,0, 3380, False, 2
2616,0, 3380, False, 2
2617,10, 3390, False, 2
2618,0, 3390, False, 7
2619,0, 3390, False, 7
2620,0, 3390, False, 4
2621,0, 3390, False, 4
2622,0, 3390, False, 4
2623,0, 3390, False, 4
2624,0, 3390, False, 4
2625,0, 3390, False, 4
2626,0, 3390, False, 4
2627,0, 3390, False, 4
2628,0, 3390, False, 4
2629,0, 3390, False, 4
2630,0, 3390, False, 4
2631,10, 3400, False, 4
2632,0, 3400, False, 4
2633,0, 3400, False, 4
2634,0, 3400, False, 4
2635,0, 3400, False, 4
2636,0, 3400, False, 4
2637,0, 3400, False, 4
2638,0, 3400, False, 4
2639,0, 3400, False, 4
2640,0, 3400, False, 4
2641,0, 3400, False, 4
2642,0, 3400, False, 4
2643,10, 3410, False, 4
2644,0, 3410, False, 4
2645,0, 3410, False, 4
2646,0, 3410, False, 4
2647,0, 3410, False, 4
2648,0, 3410, False, 4
2649,0, 3410, False, 4
2650,0, 3410, False, 4
2651,0, 3410, False, 4
2652,0, 3410, False, 4
2653,0, 3410, False, 4
2654,0, 3410, False, 4
2655,0, 3410, False, 4
2656,0, 3410, False, 4
2657,10, 3420, False, 4
2658,0, 3420, False, 4
2659,0, 3420, False, 4
2660,0, 3420, False, 4
2661,0, 3420, False, 4
2662,0, 3420, False, 4
2663,0, 3420, False, 4
2664,0, 3420, False, 4
2665,0, 3420, False, 4
2666,0, 3420, False, 4
2667,0, 3420, False, 4
2668,0, 3420, False, 4
2669,0, 3420, False, 4
2670,0, 3420, False, 4
2671,10, 3430, False, 4
2672,0, 3430, False, 4
2673,0, 3430, False, 4
2674,0, 3430, False, 4
2675,0, 3430, False, 4
2676,0, 3430, False, 4
2677,0, 3430, False, 4
2678,0, 3430, False, 4
2679,0, 3430, False, 4
2680,0, 3430, False, 4
2681,0, 3430, False, 4
2682,0, 3430, False, 4
2683,0, 3430, False, 4
2684,0, 3430, False, 4
2685,0, 3430, False, 4
2686,0, 3430, False, 4
2687,0, 3430, False, 4
2688,0, 3430, False, 4
2689,10, 3440, False, 4
2690,0, 3440, False, 4
2691,0, 3440, False, 4
2692,0, 3440, False, 4
2693,0, 3440, False, 4
2694,0, 3440, False, 4
2695,0, 3440, False, 4
2696,0, 3440, False, 4
2697,0, 3440, False, 4
2698,0, 3440, False, 4
2699,0, 3440, False, 4
2700,0, 3440, False, 4
2701,0, 3440, False, 4
2702,0, 3440, False, 4
2703,10, 3450, False, 4
2704,0, 3450, False, 4
2705,0, 3450, False, 4
2706,0, 3450, False, 4
2707,0, 3450, False, 4
2708,0, 3450, False, 4
2709,0, 3450, False, 4
2710,0, 3450, False, 4
2711,0, 3450, False, 4
2712,0, 3450, False, 4
2713,0, 3450, False, 4
2714,0, 3450, False, 4
2715,10, 3460, False, 4
2716,0, 3460, False, 4
2717,0, 3460, False, 4
2718,0, 3460, False, 4
2719,0, 3460, False, 4
2720,0, 3460, False, 4
2721,0, 3460, False, 4
2722,0, 3460, False, 4
2723,0, 3460, False, 4
2724,0, 3460, False, 4
2725,0, 3460, False, 4
2726,0, 3460, False, 4
2727,0, 3460, False, 4
2728,0, 3460, False, 4
2729,10, 3470, False, 4
2730,0, 3470, False, 9
2731,0, 3470, False, 9
2732,0, 3470, False, 5
2733,0, 3470, False, 5
2734,0, 3470, False, 5
2735,0, 3470, False, 5
2736,0, 3470, False, 5
2737,0, 3470, False, 5
2738,0, 3470, False, 5
2739,0, 3470, False, 5
2740,0, 3470, False, 5
2741,10, 3480, False, 5
2742,0, 3480, False, 5
2743,0, 3480, False, 5
2744,0, 3480, False, 5
2745,0, 3480, False, 5
2746,0, 3480, False, 5
2747,0, 3480, False, 5
2748,0, 3480, False, 5
2749,0, 3480, False, 5
2750,0, 3480, False, 5
2751,0, 3480, False, 5
2752,0, 3480, False, 8
2753,0, 3480, False, 8
2754,0, 3480, False, 8
2755,0, 3480, False, 3
2756,0, 3480, False, 3
2757,0, 3480, False, 3
2758,0, 3480, False, 3
2759,0, 3480, False, 3
2760,0, 3480, False, 3
2761,0, 3480, False, 3
2762,0, 3480, False, 3
2763,0, 3480, False, 3
2764,0, 3480, False, 3
2765,0, 3480, False, 3
2766,0, 3480, False, 3
2767,10, 3490, False, 3
2768,0, 3490, False, 3
2769,0, 3490, False, 3
2770,0, 3490, False, 5
2771,0, 3490, False, 5
2772,0, 3490, False, 5
2773,0, 3490, False, 5
2774,0, 3490, False, 5
2775,0, 3490, False, 5
2776,0, 3490, False, 5
2777,0, 3490, False, 5
2778,0, 3490, False, 5
2779,10, 3500, False, 5
2780,0, 3500, False, 5
2781,0, 3500, False, 5
2782,0, 3500, False, 5
2783,0, 3500, False, 5
2784,0, 3500, False, 5
2785,0, 3500, False, 5
2786,0, 3500, False, 5
2787,0, 3500, False, 5
2788,0, 3500, False, 5
2789,0, 3500, False, 5
2790,0, 3500, False, 5
2791,0, 3500, False, 3
2792,0, 3500, False, 3
2793,0, 3500, False, 3
2794,0, 3500, False, 3
2795,0, 3500, False, 3
2796,0, 3500, False, 3
2797,0, 3500, False, 3
2798,0, 3500, False, 3
2799,0, 3500, False, 3
2800,0, 3500, False, 3
2801,0, 3500, False, 3
2802,0, 3500, False, 3
2803,0, 3500, False, 3
2804,0, 3500, False, 3
2805,10, 3510, False, 3
2806,0, 3510, False, 3
2807,0, 3510, False, 3
2808,0, 3510, False, 3
2809,0, 3510, False, 3
2810,0, 3510, False, 3
2811,0, 3510, False, 3
2812,0, 3510, False, 3
2813,0, 3510, False, 3
2814,0, 3510, False, 3
2815,0, 3510, False, 3
2816,0, 3510, False, 3
2817,100, 3610, False, 3
2818,0, 3610, False, 3
2819,0, 3610, False, 3
2820,0, 3610, False, 3
2821,0, 3610, False, 3
2822,0, 3610, False, 3
2823,0, 3610, False, 3
2824,0, 3610, False, 3
2825,0, 3610, False, 3
2826,0, 3610, False, 3
2827,0, 3610, False, 3
2828,0, 3610, False, 3
2829,0, 3610, False, 3
2830,0, 3610, False, 3
2831,0, 3610, False, 3
2832,0, 3610, False, 3
2833,0, 3610, False, 3
2834,0, 3610, False, 3
2835,10, 3620, False, 3
2836,0, 3620, False, 3
2837,0, 3620, False, 3
2838,0, 3620, False, 3
2839,0, 3620, False, 3
2840,0, 3620, False, 3
2841,0, 3620, False, 3
2842,0, 3620, False, 3
2843,0, 3620, False, 3
2844,0, 3620, False, 3
2845,0, 3620, False, 3
2846,0, 3620, False, 3
2847,0, 3620, False, 3
2848,0, 3620, False, 3
2849,0, 3620, False, 0
2850,0, 3620, False, 0
2851,0, 3620, False, 0
2852,0, 3620, False, 0
2853,0, 3620, False, 4
2854,0, 3620, False, 4
2855,0, 3620, False, 4
2856,0, 3620, False, 4
2857,0, 3620, False, 4
2858,0, 3620, False, 4
2859,0, 3620, False, 4
2860,0, 3620, False, 4
2861,0, 3620, False, 4
2862,0, 3620, False, 4
2863,0, 3620, False, 4
2864,0, 3620, False, 4
2865,0, 3620, False, 4
2866,0, 3620, False, 4
2867,0, 3620, False, 4
2868,0, 3620, False, 4
2869,0, 3620, False, 4
2870,0, 3620, False, 4
2871,0, 3620, False, 4
2872,0, 3620, False, 4
2873,0, 3620, False, 4
2874,0, 3620, False, 4
2875,0, 3620, False, 4
2876,0, 3620, False, 4
2877,0, 3620, False, 4
2878,0, 3620, False, 4
2879,0, 3620, False, 4
2880,0, 3620, False, 4
2881,0, 3620, False, 4
2882,0, 3620, False, 4
2883,0, 3620, False, 4
2884,0, 3620, False, 4
2885,0, 3620, False, 4
2886,0, 3620, False, 4
2887,0, 3620, False, 4
2888,0, 3620, False, 4
2889,0, 3620, False, 4
2890,0, 3620, False, 4
2891,0, 3620, False, 4
2892,0, 3620, False, 4
2893,0, 3620, False, 4
2894,0, 3620, False, 4
2895,0, 3620, False, 4
2896,0, 3620, False, 4
2897,0, 3620, False, 4
2898,0, 3620, False, 4
2899,0, 3620, False, 4
2900,0, 3620, False, 4
2901,0, 3620, False, 4
2902,0, 3620, False, 4
2903,0, 3620, False, 4
2904,0, 3620, False, 4
2905,0, 3620, False, 4
2906,0, 3620, False, 4
2907,0, 3620, False, 4
2908,0, 3620, False, 4
2909,0, 3620, False, 4
2910,0, 3620, False, 4
2911,0, 3620, False, 4
2912,0, 3620, False, 4
2913,0, 3620, False, 4
2914,0, 3620, False, 0
2915,0, 3620, False, 0
2916,0, 3620, False, 0
2917,0, 3620, False, 0
2918,0, 3620, False, 0
2919,0, 3620, False, 0
2920,0, 3620, False, 0
2921,0, 3620, False, 0
2922,0, 3620, False, 0
2923,0, 3620, False, 0
2924,0, 3620, False, 0
2925,0, 3620, False, 0
2926,0, 3620, False, 0
2927,0, 3620, False, 0
2928,0, 3620, False, 0
2929,0, 3620, False, 0
2930,0, 3620, False, 0
2931,0, 3620, False, 0
2932,0, 3620, False, 0
2933,0, 3620, False, 0
2934,0, 3620, False, 0
2935,0, 3620, False, 0
2936,0, 3620, False, 0
2937,0, 3620, False, 0
2938,0, 3620, False, 0
2939,0, 3620, False, 0
2940,0, 3620, False, 0
2941,0, 3620, False, 0
2942,0, 3620, False, 0
2943,0, 3620, False, 0
2944,0, 3620, False, 0
2945,0, 3620, False, 0
2946,0, 3620, False, 0
2947,0, 3620, False, 0
2948,0, 3620, False, 0
2949,0, 3620, False, 0
2950,0, 3620, False, 0
2951,0, 3620, False, 0
2952,0, 3620, False, 0
2953,0, 3620, False, 0
2954,0, 3620, False, 0
2955,0, 3620, False, 0
2956,0, 3620, False, 0
2957,0, 3620, False, 0
2958,0, 3620, False, 0
2959,0, 3620, False, 0
2960,0, 3620, False, 0
2961,0, 3620, False, 0
2962,0, 3620, False, 0
2963,0, 3620, False, 0
2964,0, 3620, False, 0
2965,0, 3620, False, 0
2966,0, 3620, False, 0
2967,0, 3620, False, 0
2968,0, 3620, False, 0
2969,0, 3620, False, 0
2970,0, 3620, False, 0
2971,0, 3620, False, 0
2972,0, 3620, False, 0
2973,0, 3620, False, 0
2974,0, 3620, False, 0
2975,0, 3620, False, 0
2976,0, 3620, False, 0
2977,0, 3620, False, 0
2978,0, 3620, False, 0
2979,0, 3620, False, 0
2980,0, 3620, False, 0
2981,0, 3620, False, 0
2982,0, 3620, False, 0
2983,0, 3620, False, 0
2984,0, 3620, False, 0
2985,0, 3620, False, 0
2986,0, 3620, False, 0
2987,0, 3620, False, 0
2988,0, 3620, False, 0
2989,0, 3620, False, 0
2990,0, 3620, False, 0
2991,0, 3620, False, 0
2992,0, 3620, False, 0
2993,0, 3620, False, 0
2994,0, 3620, False, 0
2995,0, 3620, False, 0
2996,0, 3620, False, 0
2997,0, 3620, False, 0
2998,0, 3620, False, 0
2999,0, 3620, False, 0
3000,0, 3620, False, 0
3001,0, 3620, False, 0
3002,0, 3620, False, 0
3003,0, 3620, False, 0
3004,0, 3620, False, 0
