db traj id : 2966
frame,reward,score,terminal, action
0,0, 0, False, 0
1,0, 0, False, 0
2,0, 0, False, 0
3,0, 0, False, 0
4,0, 0, False, 0
5,0, 0, False, 0
6,0, 0, False, 0
7,0, 0, False, 0
8,0, 0, False, 0
9,0, 0, False, 0
10,0, 0, False, 0
11,0, 0, False, 0
12,0, 0, False, 0
13,0, 0, False, 0
14,0, 0, False, 0
15,0, 0, False, 0
16,0, 0, False, 0
17,0, 0, False, 0
18,0, 0, False, 0
19,0, 0, False, 0
20,0, 0, False, 0
21,0, 0, False, 0
22,0, 0, False, 0
23,0, 0, False, 0
24,0, 0, False, 0
25,0, 0, False, 0
26,0, 0, False, 0
27,0, 0, False, 0
28,0, 0, False, 0
29,0, 0, False, 0
30,0, 0, False, 0
31,0, 0, False, 0
32,0, 0, False, 0
33,0, 0, False, 0
34,0, 0, False, 0
35,0, 0, False, 0
36,0, 0, False, 0
37,0, 0, False, 0
38,0, 0, False, 0
39,0, 0, False, 0
40,0, 0, False, 0
41,0, 0, False, 0
42,0, 0, False, 0
43,0, 0, False, 0
44,0, 0, False, 0
45,0, 0, False, 0
46,0, 0, False, 0
47,0, 0, False, 0
48,0, 0, False, 0
49,0, 0, False, 0
50,0, 0, False, 0
51,0, 0, False, 0
52,0, 0, False, 0
53,0, 0, False, 0
54,0, 0, False, 0
55,0, 0, False, 0
56,0, 0, False, 0
57,0, 0, False, 0
58,0, 0, False, 0
59,0, 0, False, 0
60,0, 0, False, 0
61,0, 0, False, 0
62,0, 0, False, 0
63,0, 0, False, 0
64,0, 0, False, 0
65,0, 0, False, 0
66,0, 0, False, 0
67,0, 0, False, 0
68,0, 0, False, 0
69,0, 0, False, 0
70,0, 0, False, 0
71,0, 0, False, 0
72,0, 0, False, 0
73,0, 0, False, 0
74,0, 0, False, 0
75,0, 0, False, 0
76,0, 0, False, 0
77,0, 0, False, 0
78,0, 0, False, 0
79,0, 0, False, 0
80,0, 0, False, 0
81,0, 0, False, 0
82,0, 0, False, 0
83,0, 0, False, 0
84,0, 0, False, 0
85,0, 0, False, 0
86,0, 0, False, 0
87,0, 0, False, 0
88,0, 0, False, 0
89,0, 0, False, 0
90,0, 0, False, 0
91,0, 0, False, 0
92,0, 0, False, 0
93,0, 0, False, 0
94,0, 0, False, 0
95,0, 0, False, 0
96,0, 0, False, 0
97,0, 0, False, 0
98,0, 0, False, 0
99,0, 0, False, 0
100,0, 0, False, 0
101,0, 0, False, 0
102,0, 0, False, 0
103,0, 0, False, 0
104,0, 0, False, 0
105,0, 0, False, 0
106,0, 0, False, 0
107,0, 0, False, 0
108,0, 0, False, 0
109,0, 0, False, 0
110,0, 0, False, 0
111,0, 0, False, 0
112,0, 0, False, 0
113,0, 0, False, 0
114,0, 0, False, 0
115,0, 0, False, 0
116,0, 0, False, 0
117,0, 0, False, 0
118,0, 0, False, 0
119,0, 0, False, 0
120,0, 0, False, 0
121,0, 0, False, 0
122,0, 0, False, 0
123,0, 0, False, 0
124,0, 0, False, 0
125,0, 0, False, 0
126,0, 0, False, 0
127,0, 0, False, 0
128,0, 0, False, 0
129,0, 0, False, 0
130,0, 0, False, 0
131,0, 0, False, 0
132,0, 0, False, 0
133,0, 0, False, 0
134,0, 0, False, 0
135,0, 0, False, 0
136,0, 0, False, 0
137,0, 0, False, 0
138,0, 0, False, 4
139,0, 0, False, 4
140,0, 0, False, 4
141,0, 0, False, 4
142,0, 0, False, 4
143,0, 0, False, 4
144,0, 0, False, 4
145,0, 0, False, 4
146,0, 0, False, 4
147,0, 0, False, 4
148,0, 0, False, 4
149,0, 0, False, 4
150,0, 0, False, 4
151,0, 0, False, 4
152,0, 0, False, 4
153,0, 0, False, 4
154,0, 0, False, 0
155,0, 0, False, 0
156,0, 0, False, 0
157,0, 0, False, 0
158,0, 0, False, 0
159,0, 0, False, 0
160,0, 0, False, 0
161,0, 0, False, 0
162,0, 0, False, 0
163,0, 0, False, 0
164,0, 0, False, 3
165,0, 0, False, 3
166,0, 0, False, 0
167,0, 0, False, 3
168,0, 0, False, 3
169,0, 0, False, 3
170,0, 0, False, 3
171,0, 0, False, 3
172,0, 0, False, 3
173,0, 0, False, 3
174,0, 0, False, 3
175,0, 0, False, 3
176,0, 0, False, 3
177,0, 0, False, 3
178,0, 0, False, 3
179,0, 0, False, 3
180,0, 0, False, 0
181,0, 0, False, 0
182,0, 0, False, 0
183,0, 0, False, 3
184,0, 0, False, 3
185,0, 0, False, 3
186,0, 0, False, 3
187,0, 0, False, 3
188,0, 0, False, 3
189,0, 0, False, 0
190,0, 0, False, 0
191,0, 0, False, 3
192,0, 0, False, 3
193,0, 0, False, 3
194,0, 0, False, 3
195,0, 0, False, 3
196,0, 0, False, 3
197,0, 0, False, 3
198,0, 0, False, 3
199,0, 0, False, 3
200,0, 0, False, 3
201,0, 0, False, 3
202,0, 0, False, 3
203,0, 0, False, 3
204,0, 0, False, 3
205,0, 0, False, 3
206,0, 0, False, 3
207,0, 0, False, 6
208,0, 0, False, 2
209,0, 0, False, 2
210,0, 0, False, 2
211,0, 0, False, 2
212,0, 0, False, 2
213,0, 0, False, 2
214,0, 0, False, 2
215,0, 0, False, 2
216,0, 0, False, 2
217,0, 0, False, 2
218,0, 0, False, 0
219,0, 0, False, 0
220,0, 0, False, 0
221,0, 0, False, 0
222,0, 0, False, 0
223,0, 0, False, 0
224,0, 0, False, 2
225,0, 0, False, 2
226,0, 0, False, 2
227,0, 0, False, 2
228,0, 0, False, 0
229,0, 0, False, 0
230,0, 0, False, 0
231,0, 0, False, 0
232,0, 0, False, 5
233,0, 0, False, 5
234,0, 0, False, 5
235,0, 0, False, 5
236,0, 0, False, 5
237,0, 0, False, 5
238,0, 0, False, 5
239,0, 0, False, 0
240,0, 0, False, 0
241,0, 0, False, 0
242,0, 0, False, 0
243,0, 0, False, 0
244,0, 0, False, 0
245,0, 0, False, 0
246,0, 0, False, 0
247,0, 0, False, 0
248,0, 0, False, 0
249,0, 0, False, 0
250,0, 0, False, 0
251,0, 0, False, 0
252,0, 0, False, 0
253,0, 0, False, 0
254,0, 0, False, 0
255,0, 0, False, 0
256,0, 0, False, 0
257,0, 0, False, 0
258,0, 0, False, 0
259,0, 0, False, 0
260,0, 0, False, 0
261,0, 0, False, 0
262,0, 0, False, 0
263,0, 0, False, 0
264,0, 0, False, 0
265,0, 0, False, 0
266,0, 0, False, 0
267,0, 0, False, 0
268,0, 0, False, 0
269,0, 0, False, 0
270,0, 0, False, 0
271,0, 0, False, 0
272,0, 0, False, 0
273,0, 0, False, 0
274,0, 0, False, 0
275,0, 0, False, 0
276,0, 0, False, 0
277,0, 0, False, 0
278,10, 10, False, 0
279,0, 10, False, 0
280,0, 10, False, 0
281,0, 10, False, 0
282,0, 10, False, 0
283,0, 10, False, 0
284,0, 10, False, 0
285,0, 10, False, 0
286,0, 10, False, 0
287,0, 10, False, 0
288,0, 10, False, 0
289,0, 10, False, 0
290,0, 10, False, 0
291,0, 10, False, 0
292,10, 20, False, 0
293,0, 20, False, 0
294,0, 20, False, 0
295,0, 20, False, 0
296,0, 20, False, 0
297,0, 20, False, 0
298,0, 20, False, 0
299,0, 20, False, 0
300,0, 20, False, 0
301,0, 20, False, 0
302,0, 20, False, 0
303,0, 20, False, 0
304,0, 20, False, 0
305,0, 20, False, 0
306,10, 30, False, 0
307,0, 30, False, 0
308,0, 30, False, 0
309,0, 30, False, 0
310,0, 30, False, 0
311,0, 30, False, 0
312,0, 30, False, 0
313,0, 30, False, 0
314,0, 30, False, 0
315,0, 30, False, 0
316,0, 30, False, 0
317,0, 30, False, 0
318,10, 40, False, 0
319,0, 40, False, 0
320,0, 40, False, 0
321,0, 40, False, 0
322,0, 40, False, 0
323,0, 40, False, 0
324,0, 40, False, 0
325,0, 40, False, 0
326,0, 40, False, 0
327,0, 40, False, 0
328,0, 40, False, 0
329,0, 40, False, 0
330,0, 40, False, 0
331,0, 40, False, 0
332,10, 50, False, 0
333,0, 50, False, 0
334,0, 50, False, 0
335,0, 50, False, 0
336,0, 50, False, 0
337,0, 50, False, 0
338,0, 50, False, 0
339,0, 50, False, 0
340,0, 50, False, 0
341,0, 50, False, 0
342,0, 50, False, 0
343,0, 50, False, 0
344,0, 50, False, 0
345,0, 50, False, 0
346,10, 60, False, 0
347,0, 60, False, 0
348,0, 60, False, 0
349,0, 60, False, 0
350,0, 60, False, 0
351,0, 60, False, 0
352,0, 60, False, 0
353,0, 60, False, 0
354,0, 60, False, 0
355,0, 60, False, 0
356,0, 60, False, 0
357,0, 60, False, 0
358,0, 60, False, 0
359,0, 60, False, 0
360,0, 60, False, 0
361,0, 60, False, 0
362,0, 60, False, 0
363,0, 60, False, 0
364,0, 60, False, 0
365,0, 60, False, 0
366,0, 60, False, 0
367,0, 60, False, 0
368,0, 60, False, 0
369,0, 60, False, 0
370,0, 60, False, 0
371,0, 60, False, 0
372,0, 60, False, 0
373,0, 60, False, 0
374,0, 60, False, 0
375,0, 60, False, 0
376,0, 60, False, 0
377,0, 60, False, 0
378,0, 60, False, 0
379,0, 60, False, 0
380,0, 60, False, 0
381,0, 60, False, 0
382,0, 60, False, 0
383,0, 60, False, 0
384,0, 60, False, 0
385,0, 60, False, 0
386,0, 60, False, 0
387,0, 60, False, 0
388,0, 60, False, 0
389,0, 60, False, 0
390,0, 60, False, 0
391,0, 60, False, 0
392,0, 60, False, 0
393,0, 60, False, 0
394,0, 60, False, 0
395,0, 60, False, 0
396,0, 60, False, 0
397,0, 60, False, 0
398,0, 60, False, 0
399,0, 60, False, 0
400,0, 60, False, 0
401,0, 60, False, 0
402,0, 60, False, 0
403,0, 60, False, 0
404,0, 60, False, 0
405,0, 60, False, 0
406,0, 60, False, 0
407,0, 60, False, 0
408,0, 60, False, 0
409,0, 60, False, 0
410,0, 60, False, 0
411,0, 60, False, 0
412,0, 60, False, 0
413,0, 60, False, 0
414,0, 60, False, 0
415,0, 60, False, 0
416,0, 60, False, 0
417,0, 60, False, 0
418,0, 60, False, 0
419,0, 60, False, 0
420,0, 60, False, 0
421,0, 60, False, 0
422,0, 60, False, 0
423,0, 60, False, 0
424,0, 60, False, 0
425,0, 60, False, 0
426,0, 60, False, 0
427,0, 60, False, 0
428,0, 60, False, 0
429,0, 60, False, 0
430,0, 60, False, 0
431,0, 60, False, 0
432,0, 60, False, 0
433,0, 60, False, 0
434,0, 60, False, 0
435,0, 60, False, 0
436,0, 60, False, 0
437,0, 60, False, 0
438,0, 60, False, 0
439,0, 60, False, 0
440,0, 60, False, 0
441,0, 60, False, 0
442,0, 60, False, 0
443,0, 60, False, 0
444,0, 60, False, 0
445,0, 60, False, 0
446,0, 60, False, 0
447,0, 60, False, 0
448,0, 60, False, 0
449,0, 60, False, 0
450,0, 60, False, 0
451,0, 60, False, 0
452,0, 60, False, 0
453,0, 60, False, 0
454,0, 60, False, 0
455,0, 60, False, 0
456,0, 60, False, 0
457,0, 60, False, 0
458,0, 60, False, 0
459,0, 60, False, 0
460,0, 60, False, 0
461,0, 60, False, 0
462,0, 60, False, 0
463,0, 60, False, 0
464,0, 60, False, 0
465,0, 60, False, 0
466,0, 60, False, 0
467,0, 60, False, 0
468,0, 60, False, 0
469,0, 60, False, 0
470,0, 60, False, 0
471,0, 60, False, 0
472,0, 60, False, 0
473,0, 60, False, 0
474,0, 60, False, 0
475,0, 60, False, 0
476,0, 60, False, 0
477,0, 60, False, 0
478,0, 60, False, 0
479,0, 60, False, 0
480,0, 60, False, 0
481,0, 60, False, 0
482,0, 60, False, 0
483,0, 60, False, 0
484,0, 60, False, 0
485,0, 60, False, 0
486,0, 60, False, 0
487,0, 60, False, 0
488,0, 60, False, 0
489,0, 60, False, 0
490,0, 60, False, 0
491,0, 60, False, 0
492,0, 60, False, 0
493,0, 60, False, 0
494,0, 60, False, 0
495,0, 60, False, 0
496,0, 60, False, 0
497,0, 60, False, 0
498,0, 60, False, 0
499,0, 60, False, 0
500,0, 60, False, 0
501,0, 60, False, 0
502,0, 60, False, 0
503,0, 60, False, 0
504,0, 60, False, 0
505,0, 60, False, 0
506,0, 60, False, 0
507,0, 60, False, 0
508,0, 60, False, 0
509,0, 60, False, 0
510,0, 60, False, 0
511,0, 60, False, 0
512,0, 60, False, 0
513,0, 60, False, 0
514,0, 60, False, 0
515,0, 60, False, 0
516,0, 60, False, 0
517,0, 60, False, 0
518,0, 60, False, 0
519,0, 60, False, 0
520,0, 60, False, 0
521,0, 60, False, 0
522,0, 60, False, 0
523,0, 60, False, 0
524,0, 60, False, 0
525,0, 60, False, 0
526,0, 60, False, 0
527,0, 60, False, 0
528,0, 60, False, 0
529,0, 60, False, 0
530,0, 60, False, 0
531,0, 60, False, 0
532,0, 60, False, 0
533,0, 60, False, 0
534,0, 60, False, 0
535,0, 60, False, 0
536,0, 60, False, 0
537,0, 60, False, 0
538,0, 60, False, 0
539,0, 60, False, 0
540,0, 60, False, 0
541,0, 60, False, 0
542,0, 60, False, 0
543,0, 60, False, 0
544,0, 60, False, 0
545,0, 60, False, 0
546,0, 60, False, 0
547,0, 60, False, 0
548,0, 60, False, 0
549,0, 60, False, 0
550,0, 60, False, 0
551,0, 60, False, 0
552,0, 60, False, 0
553,0, 60, False, 3
554,0, 60, False, 3
555,0, 60, False, 3
556,0, 60, False, 3
557,0, 60, False, 3
558,0, 60, False, 3
559,0, 60, False, 3
560,0, 60, False, 3
561,0, 60, False, 3
562,0, 60, False, 3
563,0, 60, False, 3
564,0, 60, False, 3
565,0, 60, False, 3
566,0, 60, False, 3
567,0, 60, False, 3
568,0, 60, False, 3
569,0, 60, False, 3
570,0, 60, False, 3
571,0, 60, False, 3
572,0, 60, False, 3
573,0, 60, False, 3
574,0, 60, False, 3
575,0, 60, False, 3
576,0, 60, False, 3
577,0, 60, False, 3
578,0, 60, False, 3
579,0, 60, False, 3
580,0, 60, False, 0
581,0, 60, False, 0
582,0, 60, False, 0
583,0, 60, False, 0
584,0, 60, False, 0
585,0, 60, False, 0
586,0, 60, False, 0
587,0, 60, False, 3
588,0, 60, False, 3
589,0, 60, False, 3
590,0, 60, False, 3
591,0, 60, False, 3
592,0, 60, False, 3
593,0, 60, False, 3
594,10, 70, False, 3
595,0, 70, False, 3
596,0, 70, False, 3
597,0, 70, False, 3
598,0, 70, False, 0
599,0, 70, False, 0
600,0, 70, False, 0
601,0, 70, False, 0
602,0, 70, False, 0
603,0, 70, False, 0
604,0, 70, False, 0
605,0, 70, False, 0
606,0, 70, False, 3
607,0, 70, False, 3
608,10, 80, False, 3
609,0, 80, False, 3
610,0, 80, False, 3
611,0, 80, False, 3
612,0, 80, False, 3
613,0, 80, False, 3
614,0, 80, False, 3
615,0, 80, False, 3
616,0, 80, False, 3
617,0, 80, False, 3
618,0, 80, False, 3
619,0, 80, False, 3
620,0, 80, False, 3
621,0, 80, False, 3
622,10, 90, False, 3
623,0, 90, False, 3
624,0, 90, False, 3
625,0, 90, False, 3
626,0, 90, False, 3
627,0, 90, False, 3
628,0, 90, False, 3
629,0, 90, False, 3
630,0, 90, False, 3
631,0, 90, False, 3
632,0, 90, False, 3
633,0, 90, False, 3
634,10, 100, False, 3
635,0, 100, False, 3
636,0, 100, False, 3
637,0, 100, False, 3
638,0, 100, False, 3
639,0, 100, False, 3
640,0, 100, False, 3
641,0, 100, False, 3
642,0, 100, False, 3
643,0, 100, False, 0
644,0, 100, False, 0
645,0, 100, False, 0
646,0, 100, False, 0
647,0, 100, False, 0
648,10, 110, False, 3
649,0, 110, False, 3
650,0, 110, False, 3
651,0, 110, False, 0
652,0, 110, False, 0
653,0, 110, False, 0
654,0, 110, False, 0
655,0, 110, False, 0
656,0, 110, False, 0
657,0, 110, False, 0
658,0, 110, False, 0
659,0, 110, False, 0
660,0, 110, False, 0
661,0, 110, False, 0
662,10, 120, False, 0
663,0, 120, False, 0
664,0, 120, False, 0
665,0, 120, False, 0
666,0, 120, False, 0
667,0, 120, False, 0
668,0, 120, False, 0
669,0, 120, False, 0
670,0, 120, False, 0
671,0, 120, False, 0
672,0, 120, False, 5
673,0, 120, False, 5
674,0, 120, False, 5
675,0, 120, False, 5
676,0, 120, False, 5
677,0, 120, False, 5
678,0, 120, False, 5
679,0, 120, False, 5
680,10, 130, False, 5
681,0, 130, False, 5
682,0, 130, False, 5
683,0, 130, False, 5
684,0, 130, False, 5
685,0, 130, False, 5
686,0, 130, False, 5
687,0, 130, False, 5
688,0, 130, False, 5
689,0, 130, False, 5
690,0, 130, False, 5
691,0, 130, False, 5
692,0, 130, False, 5
693,0, 130, False, 5
694,10, 140, False, 5
695,0, 140, False, 5
696,0, 140, False, 5
697,0, 140, False, 5
698,0, 140, False, 5
699,0, 140, False, 5
700,0, 140, False, 5
701,0, 140, False, 5
702,0, 140, False, 5
703,0, 140, False, 5
704,0, 140, False, 5
705,0, 140, False, 5
706,0, 140, False, 5
707,0, 140, False, 5
708,10, 150, False, 5
709,0, 150, False, 5
710,0, 150, False, 5
711,0, 150, False, 5
712,0, 150, False, 5
713,0, 150, False, 5
714,0, 150, False, 5
715,0, 150, False, 5
716,0, 150, False, 5
717,0, 150, False, 5
718,0, 150, False, 5
719,0, 150, False, 5
720,0, 150, False, 5
721,0, 150, False, 5
722,10, 160, False, 5
723,0, 160, False, 5
724,0, 160, False, 5
725,0, 160, False, 5
726,0, 160, False, 5
727,0, 160, False, 5
728,0, 160, False, 5
729,0, 160, False, 5
730,0, 160, False, 5
731,0, 160, False, 5
732,0, 160, False, 5
733,0, 160, False, 5
734,0, 160, False, 5
735,0, 160, False, 5
736,10, 170, False, 0
737,0, 170, False, 0
738,0, 170, False, 0
739,0, 170, False, 0
740,0, 170, False, 0
741,0, 170, False, 3
742,0, 170, False, 3
743,0, 170, False, 3
744,0, 170, False, 3
745,0, 170, False, 3
746,0, 170, False, 3
747,0, 170, False, 3
748,0, 170, False, 3
749,0, 170, False, 3
750,10, 180, False, 3
751,0, 180, False, 3
752,0, 180, False, 3
753,0, 180, False, 3
754,0, 180, False, 3
755,0, 180, False, 3
756,0, 180, False, 3
757,0, 180, False, 3
758,0, 180, False, 3
759,0, 180, False, 3
760,0, 180, False, 3
761,0, 180, False, 3
762,0, 180, False, 3
763,0, 180, False, 3
764,10, 190, False, 3
765,0, 190, False, 3
766,0, 190, False, 3
767,0, 190, False, 3
768,0, 190, False, 3
769,0, 190, False, 3
770,0, 190, False, 3
771,0, 190, False, 3
772,0, 190, False, 3
773,0, 190, False, 3
774,0, 190, False, 3
775,0, 190, False, 3
776,0, 190, False, 3
777,0, 190, False, 3
778,10, 200, False, 3
779,0, 200, False, 3
780,0, 200, False, 3
781,0, 200, False, 3
782,0, 200, False, 3
783,0, 200, False, 3
784,0, 200, False, 3
785,0, 200, False, 3
786,0, 200, False, 3
787,0, 200, False, 3
788,0, 200, False, 3
789,0, 200, False, 3
790,0, 200, False, 6
791,0, 200, False, 6
792,0, 200, False, 6
793,0, 200, False, 6
794,0, 200, False, 6
795,0, 200, False, 6
796,0, 200, False, 2
797,0, 200, False, 2
798,0, 200, False, 2
799,0, 200, False, 2
800,50, 250, False, 2
801,0, 250, False, 2
802,0, 250, False, 2
803,0, 250, False, 2
804,0, 250, False, 2
805,0, 250, False, 2
806,0, 250, False, 2
807,0, 250, False, 2
808,0, 250, False, 2
809,0, 250, False, 2
810,0, 250, False, 2
811,0, 250, False, 2
812,0, 250, False, 2
813,0, 250, False, 2
814,10, 260, False, 2
815,0, 260, False, 2
816,0, 260, False, 2
817,0, 260, False, 2
818,0, 260, False, 2
819,0, 260, False, 2
820,0, 260, False, 2
821,0, 260, False, 2
822,0, 260, False, 2
823,0, 260, False, 2
824,0, 260, False, 2
825,0, 260, False, 2
826,0, 260, False, 2
827,0, 260, False, 2
828,10, 270, False, 2
829,0, 270, False, 2
830,0, 270, False, 2
831,0, 270, False, 2
832,0, 270, False, 4
833,0, 270, False, 4
834,0, 270, False, 4
835,0, 270, False, 4
836,0, 270, False, 4
837,0, 270, False, 4
838,0, 270, False, 4
839,0, 270, False, 4
840,0, 270, False, 4
841,0, 270, False, 4
842,10, 280, False, 4
843,0, 280, False, 4
844,0, 280, False, 4
845,0, 280, False, 4
846,0, 280, False, 4
847,0, 280, False, 4
848,0, 280, False, 4
849,0, 280, False, 4
850,0, 280, False, 4
851,0, 280, False, 4
852,0, 280, False, 4
853,0, 280, False, 4
854,0, 280, False, 4
855,0, 280, False, 4
856,10, 290, False, 4
857,0, 290, False, 4
858,0, 290, False, 4
859,0, 290, False, 4
860,0, 290, False, 0
861,0, 290, False, 0
862,0, 290, False, 3
863,0, 290, False, 3
864,0, 290, False, 3
865,0, 290, False, 3
866,0, 290, False, 3
867,0, 290, False, 3
868,0, 290, False, 3
869,0, 290, False, 3
870,0, 290, False, 3
871,0, 290, False, 3
872,0, 290, False, 3
873,0, 290, False, 3
874,0, 290, False, 3
875,0, 290, False, 3
876,0, 290, False, 3
877,0, 290, False, 3
878,0, 290, False, 3
879,0, 290, False, 0
880,0, 290, False, 0
881,0, 290, False, 0
882,0, 290, False, 2
883,0, 290, False, 2
884,0, 290, False, 2
885,0, 290, False, 2
886,0, 290, False, 2
887,0, 290, False, 2
888,0, 290, False, 2
889,0, 290, False, 2
890,0, 290, False, 2
891,0, 290, False, 2
892,0, 290, False, 2
893,0, 290, False, 2
894,0, 290, False, 2
895,0, 290, False, 2
896,0, 290, False, 2
897,0, 290, False, 2
898,0, 290, False, 2
899,0, 290, False, 2
900,0, 290, False, 2
901,0, 290, False, 2
902,0, 290, False, 2
903,0, 290, False, 2
904,0, 290, False, 2
905,0, 290, False, 2
906,0, 290, False, 0
907,0, 290, False, 0
908,0, 290, False, 0
909,0, 290, False, 0
910,0, 290, False, 0
911,0, 290, False, 0
912,0, 290, False, 4
913,0, 290, False, 4
914,0, 290, False, 4
915,0, 290, False, 4
916,0, 290, False, 4
917,0, 290, False, 4
918,0, 290, False, 4
919,0, 290, False, 4
920,0, 290, False, 4
921,0, 290, False, 4
922,0, 290, False, 0
923,0, 290, False, 0
924,0, 290, False, 0
925,0, 290, False, 0
926,0, 290, False, 0
927,0, 290, False, 0
928,0, 290, False, 0
929,0, 290, False, 0
930,0, 290, False, 2
931,0, 290, False, 2
932,0, 290, False, 2
933,0, 290, False, 2
934,0, 290, False, 2
935,0, 290, False, 2
936,0, 290, False, 2
937,0, 290, False, 2
938,0, 290, False, 2
939,0, 290, False, 2
940,0, 290, False, 2
941,0, 290, False, 2
942,0, 290, False, 2
943,0, 290, False, 2
944,0, 290, False, 2
945,0, 290, False, 2
946,0, 290, False, 2
947,0, 290, False, 2
948,0, 290, False, 2
949,0, 290, False, 2
950,0, 290, False, 2
951,0, 290, False, 2
952,0, 290, False, 2
953,0, 290, False, 2
954,0, 290, False, 2
955,0, 290, False, 0
956,0, 290, False, 0
957,0, 290, False, 0
958,0, 290, False, 0
959,0, 290, False, 0
960,0, 290, False, 0
961,0, 290, False, 0
962,0, 290, False, 0
963,0, 290, False, 0
964,0, 290, False, 0
965,0, 290, False, 0
966,0, 290, False, 0
967,0, 290, False, 0
968,0, 290, False, 0
969,0, 290, False, 0
970,0, 290, False, 0
971,0, 290, False, 0
972,0, 290, False, 0
973,0, 290, False, 0
974,0, 290, False, 0
975,0, 290, False, 0
976,0, 290, False, 0
977,0, 290, False, 4
978,0, 290, False, 4
979,0, 290, False, 4
980,0, 290, False, 4
981,0, 290, False, 4
982,0, 290, False, 4
983,0, 290, False, 4
984,0, 290, False, 4
985,0, 290, False, 4
986,0, 290, False, 4
987,0, 290, False, 4
988,0, 290, False, 4
989,0, 290, False, 4
990,0, 290, False, 4
991,0, 290, False, 4
992,0, 290, False, 4
993,0, 290, False, 4
994,0, 290, False, 4
995,0, 290, False, 4
996,0, 290, False, 4
997,0, 290, False, 0
998,0, 290, False, 0
999,0, 290, False, 0
1000,0, 290, False, 5
1001,0, 290, False, 5
1002,0, 290, False, 5
1003,0, 290, False, 5
1004,0, 290, False, 5
1005,0, 290, False, 5
1006,0, 290, False, 5
1007,0, 290, False, 5
1008,0, 290, False, 5
1009,0, 290, False, 5
1010,0, 290, False, 5
1011,0, 290, False, 5
1012,0, 290, False, 5
1013,0, 290, False, 5
1014,0, 290, False, 5
1015,0, 290, False, 5
1016,0, 290, False, 5
1017,0, 290, False, 5
1018,0, 290, False, 5
1019,0, 290, False, 5
1020,0, 290, False, 5
1021,0, 290, False, 5
1022,0, 290, False, 5
1023,0, 290, False, 5
1024,0, 290, False, 5
1025,0, 290, False, 5
1026,10, 300, False, 5
1027,0, 300, False, 5
1028,0, 300, False, 5
1029,0, 300, False, 5
1030,0, 300, False, 5
1031,0, 300, False, 5
1032,0, 300, False, 5
1033,0, 300, False, 5
1034,0, 300, False, 5
1035,0, 300, False, 5
1036,0, 300, False, 5
1037,0, 300, False, 5
1038,0, 300, False, 0
1039,0, 300, False, 0
1040,10, 310, False, 0
1041,0, 310, False, 0
1042,0, 310, False, 0
1043,0, 310, False, 0
1044,0, 310, False, 0
1045,0, 310, False, 0
1046,0, 310, False, 0
1047,0, 310, False, 0
1048,0, 310, False, 0
1049,0, 310, False, 0
1050,0, 310, False, 0
1051,0, 310, False, 0
1052,0, 310, False, 0
1053,0, 310, False, 0
1054,10, 320, False, 0
1055,0, 320, False, 0
1056,0, 320, False, 0
1057,0, 320, False, 0
1058,0, 320, False, 0
1059,0, 320, False, 0
1060,0, 320, False, 0
1061,0, 320, False, 0
1062,0, 320, False, 0
1063,0, 320, False, 0
1064,0, 320, False, 0
1065,0, 320, False, 0
1066,0, 320, False, 0
1067,0, 320, False, 0
1068,10, 330, False, 0
1069,0, 330, False, 0
1070,0, 330, False, 0
1071,0, 330, False, 0
1072,0, 330, False, 0
1073,0, 330, False, 0
1074,0, 330, False, 0
1075,0, 330, False, 0
1076,0, 330, False, 0
1077,0, 330, False, 0
1078,0, 330, False, 4
1079,0, 330, False, 4
1080,0, 330, False, 4
1081,0, 330, False, 4
1082,10, 340, False, 4
1083,0, 340, False, 4
1084,0, 340, False, 4
1085,0, 340, False, 4
1086,0, 340, False, 4
1087,0, 340, False, 4
1088,0, 340, False, 4
1089,0, 340, False, 4
1090,0, 340, False, 4
1091,0, 340, False, 4
1092,0, 340, False, 4
1093,0, 340, False, 4
1094,0, 340, False, 4
1095,0, 340, False, 4
1096,0, 340, False, 4
1097,0, 340, False, 4
1098,10, 350, False, 4
1099,0, 350, False, 4
1100,0, 350, False, 4
1101,0, 350, False, 4
1102,0, 350, False, 4
1103,0, 350, False, 4
1104,0, 350, False, 4
1105,0, 350, False, 4
1106,0, 350, False, 4
1107,0, 350, False, 4
1108,0, 350, False, 4
1109,0, 350, False, 4
1110,0, 350, False, 4
1111,0, 350, False, 4
1112,0, 350, False, 4
1113,0, 350, False, 4
1114,0, 350, False, 4
1115,0, 350, False, 4
1116,10, 360, False, 4
1117,0, 360, False, 4
1118,0, 360, False, 4
1119,0, 360, False, 4
1120,0, 360, False, 4
1121,0, 360, False, 4
1122,0, 360, False, 4
1123,0, 360, False, 4
1124,0, 360, False, 4
1125,0, 360, False, 4
1126,0, 360, False, 4
1127,0, 360, False, 4
1128,0, 360, False, 4
1129,0, 360, False, 4
1130,10, 370, False, 4
1131,0, 370, False, 4
1132,0, 370, False, 4
1133,0, 370, False, 4
1134,0, 370, False, 4
1135,0, 370, False, 4
1136,0, 370, False, 4
1137,0, 370, False, 4
1138,0, 370, False, 4
1139,0, 370, False, 4
1140,0, 370, False, 4
1141,0, 370, False, 4
1142,10, 380, False, 4
1143,0, 380, False, 4
1144,0, 380, False, 4
1145,0, 380, False, 4
1146,0, 380, False, 4
1147,0, 380, False, 4
1148,0, 380, False, 4
1149,0, 380, False, 4
1150,0, 380, False, 4
1151,0, 380, False, 4
1152,0, 380, False, 4
1153,0, 380, False, 4
1154,0, 380, False, 4
1155,0, 380, False, 4
1156,10, 390, False, 4
1157,0, 390, False, 4
1158,0, 390, False, 4
1159,0, 390, False, 4
1160,0, 390, False, 4
1161,0, 390, False, 4
1162,0, 390, False, 4
1163,0, 390, False, 4
1164,0, 390, False, 4
1165,0, 390, False, 4
1166,0, 390, False, 4
1167,0, 390, False, 4
1168,0, 390, False, 4
1169,0, 390, False, 4
1170,10, 400, False, 4
1171,0, 400, False, 4
1172,0, 400, False, 4
1173,0, 400, False, 4
1174,0, 400, False, 4
1175,0, 400, False, 4
1176,0, 400, False, 4
1177,0, 400, False, 4
1178,0, 400, False, 4
1179,0, 400, False, 4
1180,0, 400, False, 4
1181,0, 400, False, 4
1182,10, 410, False, 4
1183,0, 410, False, 4
1184,0, 410, False, 4
1185,0, 410, False, 4
1186,0, 410, False, 4
1187,0, 410, False, 4
1188,0, 410, False, 4
1189,0, 410, False, 4
1190,0, 410, False, 4
1191,0, 410, False, 4
1192,0, 410, False, 4
1193,0, 410, False, 4
1194,0, 410, False, 4
1195,0, 410, False, 4
1196,10, 420, False, 4
1197,0, 420, False, 4
1198,0, 420, False, 4
1199,0, 420, False, 4
1200,0, 420, False, 4
1201,0, 420, False, 4
1202,0, 420, False, 4
1203,0, 420, False, 4
1204,0, 420, False, 4
1205,0, 420, False, 4
1206,0, 420, False, 4
1207,0, 420, False, 4
1208,0, 420, False, 4
1209,0, 420, False, 4
1210,10, 430, False, 4
1211,0, 430, False, 4
1212,0, 430, False, 4
1213,0, 430, False, 4
1214,0, 430, False, 4
1215,0, 430, False, 4
1216,0, 430, False, 4
1217,0, 430, False, 4
1218,0, 430, False, 4
1219,0, 430, False, 4
1220,0, 430, False, 4
1221,0, 430, False, 4
1222,10, 440, False, 4
1223,0, 440, False, 4
1224,0, 440, False, 4
1225,0, 440, False, 4
1226,0, 440, False, 4
1227,0, 440, False, 4
1228,0, 440, False, 4
1229,0, 440, False, 4
1230,0, 440, False, 4
1231,0, 440, False, 4
1232,0, 440, False, 4
1233,0, 440, False, 4
1234,0, 440, False, 4
1235,0, 440, False, 4
1236,0, 440, False, 4
1237,0, 440, False, 4
1238,0, 440, False, 4
1239,0, 440, False, 4
1240,0, 440, False, 4
1241,0, 440, False, 4
1242,0, 440, False, 4
1243,0, 440, False, 4
1244,0, 440, False, 4
1245,0, 440, False, 2
1246,0, 440, False, 2
1247,0, 440, False, 2
1248,0, 440, False, 2
1249,0, 440, False, 2
1250,0, 440, False, 2
1251,0, 440, False, 2
1252,50, 490, False, 2
1253,0, 490, False, 2
1254,0, 490, False, 2
1255,0, 490, False, 2
1256,0, 490, False, 2
1257,0, 490, False, 2
1258,0, 490, False, 2
1259,0, 490, False, 2
1260,0, 490, False, 2
1261,0, 490, False, 2
1262,0, 490, False, 2
1263,0, 490, False, 2
1264,0, 490, False, 2
1265,0, 490, False, 2
1266,0, 490, False, 0
1267,0, 490, False, 0
1268,10, 500, False, 0
1269,0, 500, False, 0
1270,0, 500, False, 0
1271,0, 500, False, 0
1272,0, 500, False, 0
1273,0, 500, False, 0
1274,0, 500, False, 0
1275,0, 500, False, 2
1276,0, 500, False, 2
1277,0, 500, False, 2
1278,0, 500, False, 2
1279,0, 500, False, 2
1280,0, 500, False, 2
1281,0, 500, False, 2
1282,10, 510, False, 2
1283,0, 510, False, 2
1284,0, 510, False, 2
1285,0, 510, False, 2
1286,0, 510, False, 2
1287,0, 510, False, 2
1288,0, 510, False, 2
1289,0, 510, False, 0
1290,0, 510, False, 0
1291,0, 510, False, 3
1292,0, 510, False, 3
1293,0, 510, False, 3
1294,0, 510, False, 3
1295,0, 510, False, 3
1296,0, 510, False, 3
1297,0, 510, False, 3
1298,10, 520, False, 3
1299,0, 520, False, 3
1300,0, 520, False, 3
1301,0, 520, False, 3
1302,0, 520, False, 0
1303,0, 520, False, 0
1304,0, 520, False, 0
1305,0, 520, False, 0
1306,0, 520, False, 0
1307,0, 520, False, 0
1308,0, 520, False, 0
1309,0, 520, False, 0
1310,0, 520, False, 2
1311,0, 520, False, 2
1312,10, 530, False, 2
1313,0, 530, False, 2
1314,0, 530, False, 2
1315,0, 530, False, 2
1316,0, 530, False, 2
1317,0, 530, False, 2
1318,0, 530, False, 2
1319,0, 530, False, 2
1320,0, 530, False, 2
1321,0, 530, False, 2
1322,0, 530, False, 2
1323,0, 530, False, 2
1324,0, 530, False, 2
1325,0, 530, False, 2
1326,10, 540, False, 2
1327,0, 540, False, 2
1328,0, 540, False, 2
1329,0, 540, False, 2
1330,0, 540, False, 2
1331,0, 540, False, 2
1332,0, 540, False, 2
1333,0, 540, False, 2
1334,0, 540, False, 4
1335,0, 540, False, 4
1336,0, 540, False, 4
1337,0, 540, False, 4
1338,0, 540, False, 4
1339,0, 540, False, 4
1340,0, 540, False, 4
1341,0, 540, False, 4
1342,10, 550, False, 4
1343,0, 550, False, 4
1344,0, 550, False, 4
1345,0, 550, False, 4
1346,0, 550, False, 4
1347,0, 550, False, 4
1348,0, 550, False, 4
1349,0, 550, False, 4
1350,0, 550, False, 4
1351,0, 550, False, 4
1352,0, 550, False, 4
1353,0, 550, False, 4
1354,0, 550, False, 4
1355,0, 550, False, 4
1356,0, 550, False, 4
1357,0, 550, False, 4
1358,0, 550, False, 4
1359,0, 550, False, 0
1360,0, 550, False, 0
1361,0, 550, False, 0
1362,0, 550, False, 0
1363,0, 550, False, 0
1364,0, 550, False, 0
1365,0, 550, False, 0
1366,0, 550, False, 0
1367,0, 550, False, 0
1368,0, 550, False, 0
1369,0, 550, False, 0
1370,0, 550, False, 0
1371,0, 550, False, 0
1372,0, 550, False, 0
1373,0, 550, False, 5
1374,0, 550, False, 5
1375,0, 550, False, 5
1376,0, 550, False, 5
1377,0, 550, False, 5
1378,0, 550, False, 5
1379,0, 550, False, 5
1380,0, 550, False, 5
1381,0, 550, False, 5
1382,0, 550, False, 5
1383,0, 550, False, 5
1384,0, 550, False, 5
1385,0, 550, False, 5
1386,0, 550, False, 5
1387,0, 550, False, 5
1388,0, 550, False, 5
1389,0, 550, False, 5
1390,0, 550, False, 5
1391,0, 550, False, 5
1392,0, 550, False, 5
1393,0, 550, False, 5
1394,0, 550, False, 5
1395,0, 550, False, 5
1396,0, 550, False, 5
1397,0, 550, False, 5
1398,0, 550, False, 5
1399,0, 550, False, 5
1400,0, 550, False, 5
1401,0, 550, False, 5
1402,0, 550, False, 5
1403,0, 550, False, 5
1404,10, 560, False, 5
1405,0, 560, False, 5
1406,0, 560, False, 5
1407,0, 560, False, 5
1408,0, 560, False, 5
1409,0, 560, False, 5
1410,0, 560, False, 5
1411,0, 560, False, 5
1412,0, 560, False, 5
1413,0, 560, False, 0
1414,0, 560, False, 0
1415,0, 560, False, 0
1416,0, 560, False, 0
1417,0, 560, False, 0
1418,10, 570, False, 0
1419,0, 570, False, 0
1420,0, 570, False, 0
1421,0, 570, False, 0
1422,0, 570, False, 0
1423,0, 570, False, 0
1424,0, 570, False, 0
1425,0, 570, False, 0
1426,0, 570, False, 0
1427,0, 570, False, 0
1428,0, 570, False, 0
1429,0, 570, False, 0
1430,0, 570, False, 0
1431,0, 570, False, 0
1432,0, 570, False, 0
1433,0, 570, False, 0
1434,0, 570, False, 0
1435,0, 570, False, 4
1436,0, 570, False, 4
1437,0, 570, False, 4
1438,0, 570, False, 4
1439,0, 570, False, 4
1440,0, 570, False, 4
1441,0, 570, False, 4
1442,0, 570, False, 4
1443,0, 570, False, 4
1444,0, 570, False, 4
1445,0, 570, False, 4
1446,0, 570, False, 4
1447,0, 570, False, 4
1448,0, 570, False, 4
1449,0, 570, False, 4
1450,0, 570, False, 4
1451,0, 570, False, 4
1452,0, 570, False, 4
1453,0, 570, False, 4
1454,0, 570, False, 4
1455,0, 570, False, 4
1456,0, 570, False, 4
1457,0, 570, False, 4
1458,0, 570, False, 4
1459,0, 570, False, 4
1460,0, 570, False, 4
1461,0, 570, False, 4
1462,0, 570, False, 4
1463,0, 570, False, 4
1464,0, 570, False, 4
1465,0, 570, False, 4
1466,0, 570, False, 4
1467,0, 570, False, 4
1468,0, 570, False, 4
1469,0, 570, False, 4
1470,0, 570, False, 4
1471,0, 570, False, 4
1472,0, 570, False, 0
1473,0, 570, False, 2
1474,0, 570, False, 2
1475,0, 570, False, 2
1476,0, 570, False, 2
1477,0, 570, False, 2
1478,0, 570, False, 2
1479,0, 570, False, 2
1480,0, 570, False, 2
1481,0, 570, False, 2
1482,0, 570, False, 2
1483,0, 570, False, 2
1484,0, 570, False, 2
1485,0, 570, False, 2
1486,0, 570, False, 2
1487,0, 570, False, 2
1488,0, 570, False, 2
1489,0, 570, False, 2
1490,0, 570, False, 2
1491,0, 570, False, 2
1492,0, 570, False, 0
1493,0, 570, False, 0
1494,0, 570, False, 0
1495,0, 570, False, 2
1496,0, 570, False, 2
1497,0, 570, False, 2
1498,0, 570, False, 2
1499,0, 570, False, 2
1500,0, 570, False, 2
1501,0, 570, False, 2
1502,0, 570, False, 2
1503,0, 570, False, 2
1504,0, 570, False, 0
1505,0, 570, False, 0
1506,0, 570, False, 0
1507,0, 570, False, 0
1508,0, 570, False, 0
1509,0, 570, False, 0
1510,0, 570, False, 0
1511,0, 570, False, 0
1512,0, 570, False, 2
1513,0, 570, False, 2
1514,0, 570, False, 2
1515,0, 570, False, 0
1516,0, 570, False, 0
1517,0, 570, False, 0
1518,0, 570, False, 3
1519,0, 570, False, 3
1520,0, 570, False, 3
1521,0, 570, False, 3
1522,0, 570, False, 3
1523,0, 570, False, 3
1524,0, 570, False, 3
1525,0, 570, False, 3
1526,0, 570, False, 0
1527,0, 570, False, 0
1528,0, 570, False, 0
1529,0, 570, False, 0
1530,0, 570, False, 0
1531,0, 570, False, 0
1532,0, 570, False, 0
1533,0, 570, False, 0
1534,0, 570, False, 0
1535,0, 570, False, 0
1536,0, 570, False, 2
1537,0, 570, False, 2
1538,0, 570, False, 2
1539,0, 570, False, 2
1540,0, 570, False, 2
1541,0, 570, False, 2
1542,0, 570, False, 2
1543,0, 570, False, 2
1544,0, 570, False, 2
1545,0, 570, False, 2
1546,0, 570, False, 2
1547,0, 570, False, 2
1548,0, 570, False, 2
1549,0, 570, False, 2
1550,0, 570, False, 2
1551,0, 570, False, 2
1552,0, 570, False, 2
1553,0, 570, False, 2
1554,0, 570, False, 2
1555,0, 570, False, 2
1556,0, 570, False, 2
1557,0, 570, False, 2
1558,0, 570, False, 2
1559,0, 570, False, 2
1560,0, 570, False, 2
1561,0, 570, False, 2
1562,0, 570, False, 2
1563,0, 570, False, 2
1564,0, 570, False, 2
1565,0, 570, False, 2
1566,0, 570, False, 2
1567,0, 570, False, 2
1568,0, 570, False, 7
1569,0, 570, False, 7
1570,0, 570, False, 4
1571,0, 570, False, 4
1572,0, 570, False, 4
1573,0, 570, False, 4
1574,0, 570, False, 4
1575,0, 570, False, 4
1576,0, 570, False, 4
1577,0, 570, False, 4
1578,0, 570, False, 4
1579,0, 570, False, 4
1580,0, 570, False, 4
1581,0, 570, False, 0
1582,0, 570, False, 0
1583,0, 570, False, 0
1584,0, 570, False, 0
1585,0, 570, False, 0
1586,0, 570, False, 0
1587,0, 570, False, 0
1588,0, 570, False, 5
1589,0, 570, False, 5
1590,0, 570, False, 5
1591,0, 570, False, 5
1592,0, 570, False, 5
1593,0, 570, False, 5
1594,0, 570, False, 5
1595,0, 570, False, 5
1596,0, 570, False, 5
1597,0, 570, False, 5
1598,0, 570, False, 5
1599,0, 570, False, 5
1600,0, 570, False, 5
1601,0, 570, False, 4
1602,0, 570, False, 4
1603,0, 570, False, 4
1604,0, 570, False, 4
1605,0, 570, False, 4
1606,0, 570, False, 4
1607,0, 570, False, 4
1608,0, 570, False, 4
1609,0, 570, False, 4
1610,0, 570, False, 4
1611,0, 570, False, 4
1612,0, 570, False, 4
1613,0, 570, False, 4
1614,0, 570, False, 4
1615,0, 570, False, 4
1616,0, 570, False, 4
1617,0, 570, False, 4
1618,0, 570, False, 4
1619,0, 570, False, 4
1620,0, 570, False, 4
1621,0, 570, False, 4
1622,0, 570, False, 4
1623,0, 570, False, 4
1624,0, 570, False, 4
1625,0, 570, False, 4
1626,0, 570, False, 4
1627,0, 570, False, 4
1628,0, 570, False, 4
1629,0, 570, False, 4
1630,0, 570, False, 4
1631,0, 570, False, 4
1632,0, 570, False, 4
1633,0, 570, False, 4
1634,0, 570, False, 0
1635,0, 570, False, 2
1636,0, 570, False, 2
1637,0, 570, False, 2
1638,0, 570, False, 2
1639,0, 570, False, 2
1640,0, 570, False, 2
1641,0, 570, False, 2
1642,0, 570, False, 2
1643,0, 570, False, 2
1644,0, 570, False, 2
1645,0, 570, False, 2
1646,0, 570, False, 2
1647,0, 570, False, 2
1648,0, 570, False, 2
1649,0, 570, False, 2
1650,0, 570, False, 2
1651,0, 570, False, 2
1652,0, 570, False, 2
1653,0, 570, False, 2
1654,0, 570, False, 2
1655,0, 570, False, 2
1656,0, 570, False, 2
1657,0, 570, False, 2
1658,0, 570, False, 2
1659,0, 570, False, 2
1660,0, 570, False, 2
1661,0, 570, False, 2
1662,0, 570, False, 2
1663,0, 570, False, 2
1664,0, 570, False, 6
1665,0, 570, False, 6
1666,0, 570, False, 6
1667,0, 570, False, 6
1668,0, 570, False, 6
1669,0, 570, False, 6
1670,0, 570, False, 6
1671,0, 570, False, 6
1672,0, 570, False, 6
1673,0, 570, False, 6
1674,0, 570, False, 6
1675,0, 570, False, 6
1676,0, 570, False, 6
1677,0, 570, False, 2
1678,0, 570, False, 2
1679,0, 570, False, 2
1680,0, 570, False, 2
1681,0, 570, False, 2
1682,0, 570, False, 2
1683,0, 570, False, 2
1684,0, 570, False, 2
1685,0, 570, False, 2
1686,10, 580, False, 2
1687,0, 580, False, 2
1688,0, 580, False, 2
1689,0, 580, False, 2
1690,0, 580, False, 2
1691,0, 580, False, 2
1692,0, 580, False, 2
1693,0, 580, False, 2
1694,0, 580, False, 2
1695,0, 580, False, 2
1696,0, 580, False, 2
1697,0, 580, False, 2
1698,0, 580, False, 2
1699,0, 580, False, 2
1700,10, 590, False, 2
1701,0, 590, False, 2
1702,0, 590, False, 2
1703,0, 590, False, 2
1704,0, 590, False, 2
1705,0, 590, False, 2
1706,0, 590, False, 2
1707,0, 590, False, 2
1708,0, 590, False, 2
1709,0, 590, False, 2
1710,0, 590, False, 2
1711,0, 590, False, 2
1712,0, 590, False, 2
1713,0, 590, False, 2
1714,10, 600, False, 2
1715,0, 600, False, 2
1716,0, 600, False, 2
1717,0, 600, False, 2
1718,0, 600, False, 2
1719,0, 600, False, 2
1720,0, 600, False, 2
1721,0, 600, False, 2
1722,0, 600, False, 2
1723,0, 600, False, 2
1724,0, 600, False, 2
1725,0, 600, False, 2
1726,0, 600, False, 2
1727,0, 600, False, 2
1728,10, 610, False, 2
1729,0, 610, False, 2
1730,0, 610, False, 2
1731,0, 610, False, 2
1732,0, 610, False, 2
1733,0, 610, False, 2
1734,0, 610, False, 2
1735,0, 610, False, 0
1736,0, 610, False, 0
1737,0, 610, False, 0
1738,0, 610, False, 0
1739,0, 610, False, 0
1740,0, 610, False, 0
1741,0, 610, False, 0
1742,10, 620, False, 0
1743,0, 620, False, 0
1744,0, 620, False, 0
1745,0, 620, False, 0
1746,0, 620, False, 4
1747,0, 620, False, 4
1748,0, 620, False, 4
1749,0, 620, False, 4
1750,0, 620, False, 4
1751,0, 620, False, 4
1752,0, 620, False, 4
1753,0, 620, False, 4
1754,0, 620, False, 4
1755,0, 620, False, 4
1756,10, 630, False, 4
1757,0, 630, False, 4
1758,0, 630, False, 4
1759,0, 630, False, 4
1760,0, 630, False, 4
1761,0, 630, False, 4
1762,0, 630, False, 4
1763,0, 630, False, 4
1764,0, 630, False, 4
1765,0, 630, False, 4
1766,0, 630, False, 4
1767,0, 630, False, 4
1768,10, 640, False, 4
1769,0, 640, False, 4
1770,0, 640, False, 4
1771,0, 640, False, 4
1772,0, 640, False, 0
1773,0, 640, False, 0
1774,0, 640, False, 0
1775,0, 640, False, 0
1776,0, 640, False, 0
1777,0, 640, False, 0
1778,0, 640, False, 0
1779,0, 640, False, 0
1780,0, 640, False, 0
1781,0, 640, False, 0
1782,0, 640, False, 0
1783,0, 640, False, 0
1784,0, 640, False, 0
1785,0, 640, False, 0
1786,0, 640, False, 0
1787,0, 640, False, 0
1788,0, 640, False, 0
1789,0, 640, False, 0
1790,0, 640, False, 0
1791,0, 640, False, 0
1792,0, 640, False, 0
1793,0, 640, False, 0
1794,0, 640, False, 0
1795,0, 640, False, 0
1796,0, 640, False, 0
1797,0, 640, False, 0
1798,10, 650, False, 0
1799,0, 650, False, 0
1800,0, 650, False, 0
1801,0, 650, False, 0
1802,0, 650, False, 0
1803,0, 650, False, 0
1804,0, 650, False, 0
1805,0, 650, False, 0
1806,0, 650, False, 0
1807,0, 650, False, 0
1808,0, 650, False, 0
1809,0, 650, False, 0
1810,10, 660, False, 0
1811,0, 660, False, 0
1812,0, 660, False, 0
1813,0, 660, False, 0
1814,0, 660, False, 0
1815,0, 660, False, 0
1816,0, 660, False, 0
1817,0, 660, False, 0
1818,0, 660, False, 0
1819,0, 660, False, 0
1820,0, 660, False, 0
1821,0, 660, False, 0
1822,0, 660, False, 0
1823,0, 660, False, 0
1824,0, 660, False, 0
1825,0, 660, False, 4
1826,0, 660, False, 4
1827,0, 660, False, 4
1828,0, 660, False, 4
1829,0, 660, False, 0
1830,0, 660, False, 5
1831,0, 660, False, 5
1832,0, 660, False, 5
1833,0, 660, False, 5
1834,0, 660, False, 5
1835,0, 660, False, 5
1836,0, 660, False, 5
1837,0, 660, False, 5
1838,10, 670, False, 5
1839,0, 670, False, 5
1840,0, 670, False, 5
1841,0, 670, False, 5
1842,0, 670, False, 5
1843,0, 670, False, 5
1844,0, 670, False, 5
1845,0, 670, False, 5
1846,0, 670, False, 5
1847,0, 670, False, 5
1848,0, 670, False, 5
1849,0, 670, False, 5
1850,0, 670, False, 5
1851,0, 670, False, 5
1852,10, 680, False, 5
1853,0, 680, False, 5
1854,0, 680, False, 5
1855,0, 680, False, 5
1856,0, 680, False, 5
1857,0, 680, False, 5
1858,0, 680, False, 5
1859,0, 680, False, 5
1860,0, 680, False, 5
1861,0, 680, False, 5
1862,0, 680, False, 5
1863,0, 680, False, 5
1864,0, 680, False, 5
1865,0, 680, False, 5
1866,10, 690, False, 5
1867,0, 690, False, 5
1868,0, 690, False, 5
1869,0, 690, False, 5
1870,0, 690, False, 5
1871,0, 690, False, 5
1872,0, 690, False, 5
1873,0, 690, False, 5
1874,0, 690, False, 5
1875,0, 690, False, 5
1876,0, 690, False, 5
1877,0, 690, False, 5
1878,0, 690, False, 5
1879,0, 690, False, 5
1880,10, 700, False, 8
1881,0, 700, False, 3
1882,0, 700, False, 3
1883,0, 700, False, 3
1884,0, 700, False, 3
1885,0, 700, False, 3
1886,0, 700, False, 3
1887,0, 700, False, 3
1888,0, 700, False, 3
1889,0, 700, False, 3
1890,0, 700, False, 3
1891,0, 700, False, 3
1892,0, 700, False, 3
1893,0, 700, False, 3
1894,10, 710, False, 3
1895,0, 710, False, 3
1896,0, 710, False, 3
1897,0, 710, False, 3
1898,0, 710, False, 3
1899,0, 710, False, 3
1900,0, 710, False, 3
1901,0, 710, False, 3
1902,0, 710, False, 3
1903,0, 710, False, 3
1904,0, 710, False, 3
1905,0, 710, False, 3
1906,0, 710, False, 3
1907,0, 710, False, 3
1908,0, 710, False, 3
1909,0, 710, False, 3
1910,0, 710, False, 3
1911,0, 710, False, 3
1912,0, 710, False, 0
1913,0, 710, False, 0
1914,0, 710, False, 0
1915,0, 710, False, 0
1916,0, 710, False, 0
1917,0, 710, False, 0
1918,0, 710, False, 0
1919,0, 710, False, 0
1920,0, 710, False, 0
1921,0, 710, False, 0
1922,0, 710, False, 0
1923,0, 710, False, 0
1924,10, 720, False, 0
1925,0, 720, False, 0
1926,0, 720, False, 0
1927,0, 720, False, 0
1928,0, 720, False, 0
1929,0, 720, False, 0
1930,0, 720, False, 0
1931,0, 720, False, 0
1932,0, 720, False, 0
1933,0, 720, False, 0
1934,0, 720, False, 0
1935,0, 720, False, 0
1936,0, 720, False, 0
1937,0, 720, False, 0
1938,0, 720, False, 0
1939,0, 720, False, 0
1940,0, 720, False, 0
1941,0, 720, False, 0
1942,0, 720, False, 0
1943,0, 720, False, 0
1944,0, 720, False, 0
1945,0, 720, False, 0
1946,0, 720, False, 0
1947,0, 720, False, 0
1948,0, 720, False, 0
1949,0, 720, False, 0
1950,0, 720, False, 5
1951,0, 720, False, 5
1952,0, 720, False, 5
1953,0, 720, False, 5
1954,0, 720, False, 5
1955,0, 720, False, 5
1956,0, 720, False, 5
1957,0, 720, False, 5
1958,0, 720, False, 5
1959,0, 720, False, 5
1960,0, 720, False, 5
1961,0, 720, False, 5
1962,0, 720, False, 5
1963,0, 720, False, 5
1964,0, 720, False, 5
1965,0, 720, False, 5
1966,0, 720, False, 5
1967,0, 720, False, 5
1968,0, 720, False, 5
1969,0, 720, False, 5
1970,0, 720, False, 5
1971,0, 720, False, 5
1972,0, 720, False, 5
1973,0, 720, False, 5
1974,0, 720, False, 5
1975,0, 720, False, 5
1976,0, 720, False, 5
1977,0, 720, False, 5
1978,0, 720, False, 5
1979,0, 720, False, 5
1980,0, 720, False, 5
1981,0, 720, False, 5
1982,0, 720, False, 5
1983,0, 720, False, 5
1984,0, 720, False, 5
1985,0, 720, False, 5
1986,0, 720, False, 5
1987,0, 720, False, 5
1988,0, 720, False, 5
1989,0, 720, False, 8
1990,0, 720, False, 8
1991,0, 720, False, 8
1992,0, 720, False, 8
1993,0, 720, False, 8
1994,0, 720, False, 8
1995,0, 720, False, 8
1996,0, 720, False, 8
1997,0, 720, False, 8
1998,0, 720, False, 8
1999,0, 720, False, 8
2000,0, 720, False, 8
2001,0, 720, False, 8
2002,0, 720, False, 3
2003,0, 720, False, 3
2004,0, 720, False, 3
2005,0, 720, False, 3
2006,0, 720, False, 3
2007,0, 720, False, 3
2008,0, 720, False, 3
2009,0, 720, False, 3
2010,0, 720, False, 3
2011,0, 720, False, 3
2012,0, 720, False, 3
2013,0, 720, False, 3
2014,0, 720, False, 3
2015,0, 720, False, 3
2016,0, 720, False, 3
2017,0, 720, False, 3
2018,0, 720, False, 3
2019,0, 720, False, 3
2020,0, 720, False, 3
2021,0, 720, False, 3
2022,0, 720, False, 3
2023,0, 720, False, 3
2024,0, 720, False, 3
2025,0, 720, False, 3
2026,0, 720, False, 3
2027,0, 720, False, 3
2028,0, 720, False, 3
2029,0, 720, False, 3
2030,0, 720, False, 3
2031,0, 720, False, 3
2032,0, 720, False, 3
2033,0, 720, False, 3
2034,0, 720, False, 3
2035,0, 720, False, 3
2036,0, 720, False, 3
2037,0, 720, False, 3
2038,0, 720, False, 3
2039,0, 720, False, 3
2040,0, 720, False, 3
2041,0, 720, False, 3
2042,0, 720, False, 3
2043,0, 720, False, 3
2044,0, 720, False, 3
2045,0, 720, False, 3
2046,0, 720, False, 0
2047,0, 720, False, 0
2048,0, 720, False, 0
2049,0, 720, False, 0
2050,0, 720, False, 0
2051,0, 720, False, 0
2052,0, 720, False, 0
2053,0, 720, False, 0
2054,0, 720, False, 0
2055,0, 720, False, 0
2056,0, 720, False, 0
2057,0, 720, False, 0
2058,0, 720, False, 0
2059,0, 720, False, 0
2060,0, 720, False, 0
2061,0, 720, False, 0
2062,0, 720, False, 0
2063,0, 720, False, 0
2064,0, 720, False, 0
2065,0, 720, False, 0
2066,0, 720, False, 0
2067,0, 720, False, 0
2068,0, 720, False, 0
2069,0, 720, False, 0
2070,0, 720, False, 0
2071,0, 720, False, 0
2072,0, 720, False, 0
2073,0, 720, False, 0
2074,0, 720, False, 0
2075,0, 720, False, 0
2076,0, 720, False, 0
2077,0, 720, False, 0
2078,0, 720, False, 0
2079,0, 720, False, 0
2080,0, 720, False, 0
2081,0, 720, False, 0
2082,0, 720, False, 0
2083,0, 720, False, 0
2084,0, 720, False, 0
2085,0, 720, False, 0
2086,0, 720, False, 0
2087,0, 720, False, 0
2088,0, 720, False, 0
2089,0, 720, False, 0
2090,0, 720, False, 0
2091,0, 720, False, 0
2092,0, 720, False, 0
2093,0, 720, False, 0
2094,0, 720, False, 0
2095,0, 720, False, 0
2096,0, 720, False, 0
2097,0, 720, False, 0
2098,0, 720, False, 5
2099,0, 720, False, 5
2100,0, 720, False, 5
2101,0, 720, False, 5
2102,0, 720, False, 0
2103,0, 720, False, 4
2104,0, 720, False, 4
2105,0, 720, False, 4
2106,0, 720, False, 4
2107,0, 720, False, 4
2108,0, 720, False, 4
2109,0, 720, False, 4
2110,0, 720, False, 4
2111,0, 720, False, 4
2112,0, 720, False, 4
2113,0, 720, False, 4
2114,0, 720, False, 4
2115,0, 720, False, 4
2116,0, 720, False, 0
2117,0, 720, False, 0
2118,0, 720, False, 0
2119,0, 720, False, 0
2120,0, 720, False, 0
2121,0, 720, False, 0
2122,0, 720, False, 0
2123,0, 720, False, 0
2124,0, 720, False, 0
2125,0, 720, False, 0
2126,0, 720, False, 0
2127,0, 720, False, 0
2128,0, 720, False, 0
2129,0, 720, False, 0
2130,0, 720, False, 0
2131,0, 720, False, 0
2132,0, 720, False, 0
2133,0, 720, False, 0
2134,0, 720, False, 0
2135,0, 720, False, 0
2136,0, 720, False, 0
2137,0, 720, False, 0
2138,0, 720, False, 0
2139,0, 720, False, 0
2140,0, 720, False, 0
2141,0, 720, False, 0
2142,0, 720, False, 0
2143,0, 720, False, 0
2144,0, 720, False, 0
2145,0, 720, False, 0
2146,0, 720, False, 0
2147,0, 720, False, 0
2148,0, 720, False, 0
2149,0, 720, False, 0
2150,0, 720, False, 0
2151,0, 720, False, 0
2152,0, 720, False, 0
2153,0, 720, False, 0
2154,0, 720, False, 0
2155,0, 720, False, 0
2156,0, 720, False, 0
2157,0, 720, False, 0
2158,0, 720, False, 0
2159,0, 720, False, 0
2160,0, 720, False, 0
2161,0, 720, False, 0
2162,0, 720, False, 0
2163,0, 720, False, 0
2164,0, 720, False, 4
2165,0, 720, False, 4
2166,0, 720, False, 4
2167,0, 720, False, 4
2168,0, 720, False, 4
2169,0, 720, False, 4
2170,0, 720, False, 4
2171,0, 720, False, 4
2172,0, 720, False, 4
2173,0, 720, False, 4
2174,0, 720, False, 4
2175,0, 720, False, 4
2176,0, 720, False, 0
2177,0, 720, False, 0
2178,0, 720, False, 0
2179,0, 720, False, 0
2180,0, 720, False, 0
2181,0, 720, False, 0
2182,0, 720, False, 0
2183,0, 720, False, 0
2184,0, 720, False, 0
2185,0, 720, False, 0
2186,0, 720, False, 0
2187,0, 720, False, 0
2188,0, 720, False, 0
2189,0, 720, False, 0
2190,0, 720, False, 0
2191,0, 720, False, 0
2192,0, 720, False, 0
2193,0, 720, False, 0
2194,0, 720, False, 0
2195,0, 720, False, 0
2196,0, 720, False, 4
2197,0, 720, False, 4
2198,0, 720, False, 4
2199,0, 720, False, 4
2200,0, 720, False, 4
2201,0, 720, False, 4
2202,0, 720, False, 4
2203,0, 720, False, 9
2204,0, 720, False, 5
2205,0, 720, False, 5
2206,0, 720, False, 5
2207,0, 720, False, 5
2208,0, 720, False, 5
2209,0, 720, False, 5
2210,0, 720, False, 5
2211,0, 720, False, 5
2212,0, 720, False, 5
2213,0, 720, False, 5
2214,0, 720, False, 5
2215,0, 720, False, 5
2216,0, 720, False, 5
2217,0, 720, False, 5
2218,0, 720, False, 5
2219,0, 720, False, 5
2220,0, 720, False, 5
2221,0, 720, False, 5
2222,0, 720, False, 5
2223,0, 720, False, 5
2224,10, 730, False, 5
2225,0, 730, False, 5
2226,0, 730, False, 5
2227,0, 730, False, 5
2228,0, 730, False, 5
2229,0, 730, False, 5
2230,0, 730, False, 5
2231,0, 730, False, 5
2232,0, 730, False, 5
2233,0, 730, False, 5
2234,0, 730, False, 5
2235,0, 730, False, 5
2236,0, 730, False, 0
2237,0, 730, False, 0
2238,10, 740, False, 0
2239,0, 740, False, 0
2240,0, 740, False, 0
2241,0, 740, False, 0
2242,0, 740, False, 0
2243,0, 740, False, 0
2244,0, 740, False, 0
2245,0, 740, False, 0
2246,0, 740, False, 0
2247,0, 740, False, 0
2248,0, 740, False, 3
2249,0, 740, False, 3
2250,0, 740, False, 3
2251,0, 740, False, 3
2252,10, 750, False, 3
2253,0, 750, False, 3
2254,0, 750, False, 3
2255,0, 750, False, 3
2256,0, 750, False, 3
2257,0, 750, False, 3
2258,0, 750, False, 3
2259,0, 750, False, 3
2260,0, 750, False, 3
2261,0, 750, False, 3
2262,0, 750, False, 3
2263,0, 750, False, 3
2264,0, 750, False, 3
2265,0, 750, False, 3
2266,10, 760, False, 3
2267,0, 760, False, 3
2268,0, 760, False, 3
2269,0, 760, False, 3
2270,0, 760, False, 3
2271,0, 760, False, 3
2272,0, 760, False, 3
2273,0, 760, False, 3
2274,0, 760, False, 3
2275,0, 760, False, 3
2276,0, 760, False, 0
2277,0, 760, False, 0
2278,0, 760, False, 0
2279,0, 760, False, 2
2280,10, 770, False, 2
2281,0, 770, False, 2
2282,0, 770, False, 2
2283,0, 770, False, 2
2284,0, 770, False, 2
2285,0, 770, False, 2
2286,0, 770, False, 2
2287,0, 770, False, 2
2288,0, 770, False, 2
2289,0, 770, False, 2
2290,0, 770, False, 2
2291,0, 770, False, 2
2292,0, 770, False, 2
2293,0, 770, False, 2
2294,0, 770, False, 2
2295,0, 770, False, 2
2296,0, 770, False, 2
2297,0, 770, False, 2
2298,10, 780, False, 2
2299,0, 780, False, 2
2300,0, 780, False, 2
2301,0, 780, False, 2
2302,0, 780, False, 0
2303,0, 780, False, 0
2304,0, 780, False, 0
2305,0, 780, False, 0
2306,0, 780, False, 0
2307,0, 780, False, 0
2308,0, 780, False, 0
2309,0, 780, False, 0
2310,0, 780, False, 0
2311,0, 780, False, 0
2312,10, 790, False, 0
2313,0, 790, False, 0
2314,0, 790, False, 0
2315,0, 790, False, 0
2316,0, 790, False, 0
2317,0, 790, False, 0
2318,0, 790, False, 0
2319,0, 790, False, 0
2320,0, 790, False, 0
2321,0, 790, False, 0
2322,0, 790, False, 0
2323,0, 790, False, 0
2324,0, 790, False, 0
2325,0, 790, False, 4
2326,0, 790, False, 4
2327,0, 790, False, 4
2328,0, 790, False, 4
2329,0, 790, False, 4
2330,0, 790, False, 4
2331,0, 790, False, 4
2332,0, 790, False, 4
2333,0, 790, False, 4
2334,0, 790, False, 4
2335,0, 790, False, 4
2336,0, 790, False, 4
2337,0, 790, False, 0
2338,0, 790, False, 2
2339,0, 790, False, 2
2340,0, 790, False, 2
2341,0, 790, False, 2
2342,0, 790, False, 2
2343,0, 790, False, 2
2344,0, 790, False, 2
2345,0, 790, False, 2
2346,0, 790, False, 2
2347,0, 790, False, 2
2348,0, 790, False, 2
2349,0, 790, False, 2
2350,0, 790, False, 2
2351,0, 790, False, 2
2352,0, 790, False, 2
2353,0, 790, False, 2
2354,0, 790, False, 2
2355,0, 790, False, 2
2356,0, 790, False, 2
2357,0, 790, False, 2
2358,0, 790, False, 2
2359,0, 790, False, 2
2360,0, 790, False, 2
2361,0, 790, False, 2
2362,0, 790, False, 2
2363,0, 790, False, 0
2364,0, 790, False, 0
2365,0, 790, False, 0
2366,0, 790, False, 3
2367,0, 790, False, 3
2368,0, 790, False, 3
2369,0, 790, False, 3
2370,0, 790, False, 3
2371,0, 790, False, 3
2372,0, 790, False, 3
2373,0, 790, False, 3
2374,0, 790, False, 3
2375,0, 790, False, 3
2376,0, 790, False, 3
2377,0, 790, False, 3
2378,0, 790, False, 3
2379,0, 790, False, 3
2380,0, 790, False, 3
2381,0, 790, False, 3
2382,0, 790, False, 3
2383,0, 790, False, 3
2384,0, 790, False, 3
2385,0, 790, False, 3
2386,0, 790, False, 3
2387,0, 790, False, 3
2388,0, 790, False, 3
2389,0, 790, False, 3
2390,0, 790, False, 3
2391,0, 790, False, 3
2392,0, 790, False, 3
2393,0, 790, False, 3
2394,0, 790, False, 3
2395,0, 790, False, 3
2396,0, 790, False, 3
2397,0, 790, False, 0
2398,0, 790, False, 0
2399,0, 790, False, 2
2400,0, 790, False, 2
2401,0, 790, False, 2
2402,0, 790, False, 2
2403,0, 790, False, 2
2404,0, 790, False, 2
2405,0, 790, False, 2
2406,0, 790, False, 2
2407,0, 790, False, 2
2408,0, 790, False, 2
2409,0, 790, False, 2
2410,0, 790, False, 2
2411,0, 790, False, 2
2412,0, 790, False, 2
2413,0, 790, False, 2
2414,0, 790, False, 2
2415,0, 790, False, 2
2416,0, 790, False, 2
2417,0, 790, False, 2
2418,0, 790, False, 2
2419,0, 790, False, 2
2420,0, 790, False, 2
2421,0, 790, False, 2
2422,0, 790, False, 2
2423,0, 790, False, 2
2424,0, 790, False, 2
2425,0, 790, False, 2
2426,0, 790, False, 2
2427,0, 790, False, 2
2428,0, 790, False, 2
2429,0, 790, False, 2
2430,0, 790, False, 2
2431,0, 790, False, 2
2432,0, 790, False, 2
2433,0, 790, False, 2
2434,0, 790, False, 2
2435,0, 790, False, 2
2436,0, 790, False, 2
2437,0, 790, False, 2
2438,0, 790, False, 2
2439,0, 790, False, 2
2440,0, 790, False, 2
2441,0, 790, False, 2
2442,0, 790, False, 2
2443,0, 790, False, 2
2444,0, 790, False, 2
2445,0, 790, False, 2
2446,0, 790, False, 2
2447,0, 790, False, 2
2448,0, 790, False, 2
2449,0, 790, False, 2
2450,0, 790, False, 2
2451,0, 790, False, 2
2452,0, 790, False, 2
2453,0, 790, False, 2
2454,0, 790, False, 2
2455,0, 790, False, 0
2456,0, 790, False, 0
2457,0, 790, False, 0
2458,0, 790, False, 0
2459,0, 790, False, 0
2460,0, 790, False, 2
2461,0, 790, False, 2
2462,0, 790, False, 2
2463,0, 790, False, 2
2464,0, 790, False, 2
2465,0, 790, False, 2
2466,0, 790, False, 2
2467,0, 790, False, 2
2468,0, 790, False, 2
2469,0, 790, False, 2
2470,0, 790, False, 2
2471,0, 790, False, 2
2472,0, 790, False, 2
2473,0, 790, False, 2
2474,0, 790, False, 2
2475,0, 790, False, 2
2476,0, 790, False, 2
2477,0, 790, False, 2
2478,0, 790, False, 2
2479,0, 790, False, 2
2480,0, 790, False, 2
2481,0, 790, False, 2
2482,0, 790, False, 2
2483,0, 790, False, 2
2484,0, 790, False, 2
2485,0, 790, False, 2
2486,0, 790, False, 2
2487,0, 790, False, 2
2488,0, 790, False, 2
2489,0, 790, False, 2
2490,0, 790, False, 2
2491,0, 790, False, 2
2492,0, 790, False, 2
2493,0, 790, False, 2
2494,0, 790, False, 2
2495,0, 790, False, 2
2496,0, 790, False, 2
2497,0, 790, False, 2
2498,0, 790, False, 2
2499,0, 790, False, 2
2500,0, 790, False, 2
2501,0, 790, False, 2
2502,0, 790, False, 2
2503,0, 790, False, 0
2504,0, 790, False, 0
2505,0, 790, False, 0
2506,0, 790, False, 0
2507,0, 790, False, 0
2508,0, 790, False, 0
2509,0, 790, False, 0
2510,0, 790, False, 0
2511,0, 790, False, 0
2512,0, 790, False, 0
2513,0, 790, False, 0
2514,0, 790, False, 0
2515,0, 790, False, 0
2516,0, 790, False, 0
2517,0, 790, False, 4
2518,0, 790, False, 4
2519,0, 790, False, 4
2520,0, 790, False, 4
2521,0, 790, False, 4
2522,0, 790, False, 4
2523,0, 790, False, 4
2524,0, 790, False, 4
2525,0, 790, False, 4
2526,0, 790, False, 4
2527,0, 790, False, 4
2528,0, 790, False, 4
2529,0, 790, False, 4
2530,0, 790, False, 0
2531,0, 790, False, 0
2532,0, 790, False, 2
2533,0, 790, False, 2
2534,0, 790, False, 2
2535,0, 790, False, 2
2536,0, 790, False, 2
2537,0, 790, False, 2
2538,0, 790, False, 2
2539,0, 790, False, 2
2540,0, 790, False, 2
2541,0, 790, False, 2
2542,0, 790, False, 2
2543,0, 790, False, 2
2544,0, 790, False, 2
2545,0, 790, False, 2
2546,0, 790, False, 2
2547,0, 790, False, 2
2548,0, 790, False, 2
2549,0, 790, False, 2
2550,0, 790, False, 2
2551,0, 790, False, 2
2552,0, 790, False, 2
2553,0, 790, False, 2
2554,0, 790, False, 2
2555,0, 790, False, 2
2556,0, 790, False, 2
2557,0, 790, False, 2
2558,0, 790, False, 0
2559,0, 790, False, 0
2560,10, 800, False, 0
2561,0, 800, False, 0
2562,0, 800, False, 0
2563,0, 800, False, 0
2564,0, 800, False, 0
2565,0, 800, False, 0
2566,0, 800, False, 0
2567,0, 800, False, 0
2568,0, 800, False, 0
2569,0, 800, False, 0
2570,0, 800, False, 5
2571,0, 800, False, 5
2572,0, 800, False, 5
2573,0, 800, False, 5
2574,0, 800, False, 5
2575,0, 800, False, 5
2576,0, 800, False, 0
2577,0, 800, False, 0
2578,0, 800, False, 0
2579,0, 800, False, 0
2580,0, 800, False, 0
2581,0, 800, False, 0
2582,0, 800, False, 0
2583,0, 800, False, 0
2584,0, 800, False, 0
2585,0, 800, False, 0
2586,0, 800, False, 0
2587,0, 800, False, 0
2588,0, 800, False, 0
2589,0, 800, False, 0
2590,0, 800, False, 0
2591,0, 800, False, 0
2592,0, 800, False, 0
2593,0, 800, False, 0
2594,0, 800, False, 0
2595,0, 800, False, 0
2596,0, 800, False, 0
2597,0, 800, False, 0
2598,0, 800, False, 0
2599,0, 800, False, 0
2600,0, 800, False, 0
2601,0, 800, False, 0
2602,0, 800, False, 0
2603,0, 800, False, 0
2604,0, 800, False, 0
2605,0, 800, False, 0
2606,0, 800, False, 0
2607,0, 800, False, 0
2608,0, 800, False, 0
2609,0, 800, False, 0
2610,0, 800, False, 0
2611,0, 800, False, 0
2612,0, 800, False, 0
2613,0, 800, False, 0
2614,0, 800, False, 0
2615,0, 800, False, 0
2616,0, 800, False, 0
2617,0, 800, False, 0
2618,0, 800, False, 0
2619,0, 800, False, 0
2620,0, 800, False, 0
2621,0, 800, False, 0
2622,0, 800, False, 0
2623,0, 800, False, 0
2624,0, 800, False, 0
2625,0, 800, False, 0
2626,0, 800, False, 0
2627,0, 800, False, 0
2628,0, 800, False, 0
2629,0, 800, False, 0
2630,0, 800, False, 0
2631,0, 800, False, 0
2632,0, 800, False, 0
2633,0, 800, False, 0
2634,0, 800, False, 0
2635,0, 800, False, 0
2636,0, 800, False, 0
2637,0, 800, False, 0
2638,0, 800, False, 0
2639,0, 800, False, 0
2640,0, 800, False, 0
2641,0, 800, False, 0
2642,0, 800, True, 0
