db traj id : 2985
frame,reward,score,terminal, action
0,0, 0, False, 0
1,0, 0, False, 0
2,0, 0, False, 0
3,0, 0, False, 0
4,0, 0, False, 0
5,0, 0, False, 0
6,0, 0, False, 0
7,0, 0, False, 0
8,0, 0, False, 0
9,0, 0, False, 0
10,0, 0, False, 0
11,0, 0, False, 0
12,0, 0, False, 0
13,0, 0, False, 0
14,0, 0, False, 0
15,0, 0, False, 0
16,0, 0, False, 0
17,0, 0, False, 0
18,0, 0, False, 0
19,0, 0, False, 0
20,0, 0, False, 0
21,0, 0, False, 0
22,0, 0, False, 0
23,0, 0, False, 0
24,0, 0, False, 0
25,0, 0, False, 0
26,0, 0, False, 4
27,0, 0, False, 4
28,0, 0, False, 4
29,0, 0, False, 4
30,0, 0, False, 4
31,0, 0, False, 4
32,0, 0, False, 4
33,0, 0, False, 4
34,0, 0, False, 4
35,0, 0, False, 0
36,0, 0, False, 0
37,0, 0, False, 0
38,0, 0, False, 0
39,0, 0, False, 0
40,0, 0, False, 0
41,0, 0, False, 0
42,0, 0, False, 0
43,0, 0, False, 0
44,0, 0, False, 0
45,0, 0, False, 0
46,0, 0, False, 0
47,0, 0, False, 0
48,0, 0, False, 0
49,0, 0, False, 0
50,0, 0, False, 0
51,0, 0, False, 0
52,0, 0, False, 0
53,0, 0, False, 0
54,0, 0, False, 0
55,0, 0, False, 0
56,0, 0, False, 0
57,0, 0, False, 0
58,0, 0, False, 0
59,0, 0, False, 0
60,0, 0, False, 0
61,0, 0, False, 0
62,0, 0, False, 0
63,0, 0, False, 0
64,0, 0, False, 0
65,0, 0, False, 0
66,0, 0, False, 0
67,0, 0, False, 0
68,0, 0, False, 0
69,0, 0, False, 0
70,0, 0, False, 0
71,0, 0, False, 0
72,0, 0, False, 0
73,0, 0, False, 0
74,0, 0, False, 0
75,0, 0, False, 0
76,0, 0, False, 0
77,0, 0, False, 0
78,0, 0, False, 0
79,0, 0, False, 0
80,0, 0, False, 0
81,0, 0, False, 0
82,0, 0, False, 0
83,0, 0, False, 0
84,0, 0, False, 0
85,0, 0, False, 0
86,0, 0, False, 0
87,0, 0, False, 0
88,0, 0, False, 0
89,0, 0, False, 0
90,0, 0, False, 0
91,0, 0, False, 0
92,0, 0, False, 0
93,0, 0, False, 0
94,0, 0, False, 0
95,0, 0, False, 0
96,0, 0, False, 0
97,0, 0, False, 0
98,0, 0, False, 0
99,0, 0, False, 0
100,0, 0, False, 0
101,0, 0, False, 0
102,0, 0, False, 0
103,0, 0, False, 0
104,0, 0, False, 0
105,0, 0, False, 0
106,0, 0, False, 0
107,0, 0, False, 0
108,0, 0, False, 0
109,0, 0, False, 0
110,0, 0, False, 0
111,0, 0, False, 0
112,0, 0, False, 0
113,0, 0, False, 0
114,0, 0, False, 0
115,0, 0, False, 0
116,0, 0, False, 0
117,0, 0, False, 0
118,0, 0, False, 0
119,0, 0, False, 0
120,0, 0, False, 0
121,0, 0, False, 0
122,0, 0, False, 0
123,0, 0, False, 0
124,0, 0, False, 0
125,0, 0, False, 0
126,0, 0, False, 0
127,0, 0, False, 0
128,0, 0, False, 0
129,0, 0, False, 0
130,0, 0, False, 0
131,0, 0, False, 0
132,0, 0, False, 0
133,0, 0, False, 0
134,0, 0, False, 0
135,0, 0, False, 0
136,0, 0, False, 0
137,0, 0, False, 0
138,0, 0, False, 0
139,0, 0, False, 0
140,0, 0, False, 0
141,0, 0, False, 0
142,0, 0, False, 0
143,0, 0, False, 0
144,0, 0, False, 0
145,0, 0, False, 0
146,0, 0, False, 0
147,0, 0, False, 0
148,0, 0, False, 0
149,0, 0, False, 0
150,0, 0, False, 0
151,0, 0, False, 0
152,0, 0, False, 0
153,0, 0, False, 0
154,0, 0, False, 0
155,0, 0, False, 0
156,0, 0, False, 0
157,0, 0, False, 0
158,0, 0, False, 0
159,0, 0, False, 0
160,0, 0, False, 0
161,0, 0, False, 0
162,0, 0, False, 0
163,0, 0, False, 0
164,0, 0, False, 0
165,0, 0, False, 0
166,0, 0, False, 0
167,0, 0, False, 0
168,0, 0, False, 0
169,0, 0, False, 0
170,0, 0, False, 0
171,0, 0, False, 0
172,0, 0, False, 0
173,0, 0, False, 0
174,0, 0, False, 0
175,0, 0, False, 0
176,0, 0, False, 0
177,0, 0, False, 0
178,0, 0, False, 0
179,0, 0, False, 0
180,0, 0, False, 0
181,0, 0, False, 0
182,0, 0, False, 0
183,0, 0, False, 0
184,0, 0, False, 0
185,0, 0, False, 0
186,0, 0, False, 0
187,0, 0, False, 0
188,0, 0, False, 0
189,0, 0, False, 0
190,0, 0, False, 0
191,0, 0, False, 0
192,0, 0, False, 0
193,0, 0, False, 0
194,0, 0, False, 0
195,0, 0, False, 0
196,0, 0, False, 0
197,0, 0, False, 0
198,0, 0, False, 0
199,0, 0, False, 0
200,0, 0, False, 0
201,0, 0, False, 0
202,0, 0, False, 0
203,0, 0, False, 0
204,0, 0, False, 5
205,0, 0, False, 5
206,0, 0, False, 5
207,0, 0, False, 5
208,0, 0, False, 5
209,0, 0, False, 5
210,0, 0, False, 0
211,0, 0, False, 0
212,0, 0, False, 0
213,0, 0, False, 0
214,0, 0, False, 0
215,0, 0, False, 0
216,0, 0, False, 0
217,0, 0, False, 0
218,0, 0, False, 0
219,0, 0, False, 0
220,0, 0, False, 0
221,0, 0, False, 0
222,0, 0, False, 0
223,0, 0, False, 0
224,0, 0, False, 0
225,0, 0, False, 0
226,0, 0, False, 0
227,0, 0, False, 0
228,0, 0, False, 3
229,0, 0, False, 3
230,0, 0, False, 3
231,0, 0, False, 3
232,0, 0, False, 3
233,0, 0, False, 3
234,0, 0, False, 3
235,0, 0, False, 0
236,0, 0, False, 0
237,0, 0, False, 0
238,0, 0, False, 0
239,0, 0, False, 0
240,0, 0, False, 0
241,0, 0, False, 0
242,0, 0, False, 0
243,0, 0, False, 0
244,0, 0, False, 0
245,0, 0, False, 0
246,0, 0, False, 0
247,0, 0, False, 0
248,0, 0, False, 0
249,0, 0, False, 0
250,0, 0, False, 0
251,0, 0, False, 0
252,0, 0, False, 0
253,0, 0, False, 0
254,0, 0, False, 0
255,0, 0, False, 0
256,0, 0, False, 0
257,0, 0, False, 0
258,0, 0, False, 0
259,0, 0, False, 0
260,0, 0, False, 0
261,0, 0, False, 0
262,0, 0, False, 0
263,0, 0, False, 0
264,0, 0, False, 0
265,0, 0, False, 0
266,0, 0, False, 0
267,0, 0, False, 0
268,0, 0, False, 4
269,0, 0, False, 4
270,0, 0, False, 4
271,0, 0, False, 4
272,10, 10, False, 4
273,0, 10, False, 4
274,0, 10, False, 4
275,0, 10, False, 4
276,0, 10, False, 4
277,0, 10, False, 0
278,0, 10, False, 0
279,0, 10, False, 0
280,0, 10, False, 0
281,0, 10, False, 0
282,0, 10, False, 0
283,0, 10, False, 0
284,0, 10, False, 0
285,0, 10, False, 0
286,10, 20, False, 0
287,0, 20, False, 0
288,0, 20, False, 0
289,0, 20, False, 0
290,0, 20, False, 0
291,0, 20, False, 0
292,0, 20, False, 0
293,0, 20, False, 0
294,0, 20, False, 0
295,0, 20, False, 0
296,0, 20, False, 0
297,0, 20, False, 0
298,0, 20, False, 0
299,0, 20, False, 0
300,10, 30, False, 0
301,0, 30, False, 0
302,0, 30, False, 0
303,0, 30, False, 0
304,0, 30, False, 0
305,0, 30, False, 0
306,0, 30, False, 4
307,0, 30, False, 4
308,0, 30, False, 4
309,0, 30, False, 4
310,0, 30, False, 4
311,0, 30, False, 4
312,10, 40, False, 4
313,0, 40, False, 0
314,0, 40, False, 0
315,0, 40, False, 0
316,0, 40, False, 0
317,0, 40, False, 0
318,0, 40, False, 0
319,0, 40, False, 0
320,0, 40, False, 0
321,0, 40, False, 0
322,0, 40, False, 5
323,0, 40, False, 5
324,0, 40, False, 5
325,0, 40, False, 5
326,10, 50, False, 5
327,0, 50, False, 5
328,0, 50, False, 5
329,0, 50, False, 5
330,0, 50, False, 0
331,0, 50, False, 0
332,0, 50, False, 0
333,0, 50, False, 0
334,0, 50, False, 0
335,0, 50, False, 0
336,0, 50, False, 0
337,0, 50, False, 0
338,0, 50, False, 0
339,0, 50, False, 0
340,10, 60, False, 0
341,0, 60, False, 0
342,0, 60, False, 0
343,0, 60, False, 0
344,0, 60, False, 0
345,0, 60, False, 0
346,0, 60, False, 0
347,0, 60, False, 0
348,0, 60, False, 0
349,0, 60, False, 5
350,0, 60, False, 5
351,0, 60, False, 5
352,0, 60, False, 5
353,0, 60, False, 5
354,0, 60, False, 5
355,0, 60, False, 5
356,10, 70, False, 5
357,0, 70, False, 5
358,0, 70, False, 0
359,0, 70, False, 0
360,0, 70, False, 0
361,0, 70, False, 0
362,0, 70, False, 0
363,0, 70, False, 0
364,0, 70, False, 0
365,0, 70, False, 0
366,0, 70, False, 0
367,0, 70, False, 0
368,0, 70, False, 3
369,0, 70, False, 3
370,10, 80, False, 3
371,0, 80, False, 3
372,0, 80, False, 3
373,0, 80, False, 0
374,0, 80, False, 0
375,0, 80, False, 0
376,0, 80, False, 0
377,0, 80, False, 0
378,0, 80, False, 0
379,0, 80, False, 0
380,0, 80, False, 0
381,0, 80, False, 0
382,0, 80, False, 0
383,0, 80, False, 0
384,10, 90, False, 0
385,0, 90, False, 0
386,0, 90, False, 0
387,0, 90, False, 0
388,0, 90, False, 0
389,0, 90, False, 0
390,0, 90, False, 0
391,0, 90, False, 0
392,0, 90, False, 0
393,0, 90, False, 0
394,0, 90, False, 0
395,0, 90, False, 3
396,0, 90, False, 3
397,0, 90, False, 3
398,10, 100, False, 3
399,0, 100, False, 3
400,0, 100, False, 3
401,0, 100, False, 3
402,0, 100, False, 0
403,0, 100, False, 0
404,0, 100, False, 0
405,0, 100, False, 0
406,0, 100, False, 0
407,0, 100, False, 0
408,0, 100, False, 0
409,0, 100, False, 0
410,0, 100, False, 3
411,0, 100, False, 3
412,10, 110, False, 3
413,0, 110, False, 3
414,0, 110, False, 3
415,0, 110, False, 3
416,0, 110, False, 0
417,0, 110, False, 0
418,0, 110, False, 0
419,0, 110, False, 0
420,0, 110, False, 0
421,0, 110, False, 0
422,0, 110, False, 0
423,0, 110, False, 3
424,0, 110, False, 3
425,0, 110, False, 3
426,0, 110, False, 3
427,0, 110, False, 3
428,0, 110, False, 3
429,0, 110, False, 3
430,10, 120, False, 0
431,0, 120, False, 0
432,0, 120, False, 0
433,0, 120, False, 0
434,0, 120, False, 0
435,0, 120, False, 0
436,0, 120, False, 0
437,0, 120, False, 0
438,0, 120, False, 0
439,0, 120, False, 0
440,0, 120, False, 0
441,0, 120, False, 0
442,0, 120, False, 0
443,0, 120, False, 0
444,10, 130, False, 0
445,0, 130, False, 0
446,0, 130, False, 0
447,0, 130, False, 0
448,0, 130, False, 0
449,0, 130, False, 0
450,0, 130, False, 0
451,0, 130, False, 0
452,0, 130, False, 0
453,0, 130, False, 0
454,0, 130, False, 0
455,0, 130, False, 0
456,10, 140, False, 0
457,0, 140, False, 0
458,0, 140, False, 0
459,0, 140, False, 0
460,0, 140, False, 0
461,0, 140, False, 0
462,0, 140, False, 0
463,0, 140, False, 0
464,0, 140, False, 0
465,0, 140, False, 0
466,0, 140, False, 0
467,0, 140, False, 2
468,0, 140, False, 2
469,0, 140, False, 2
470,10, 150, False, 2
471,0, 150, False, 2
472,0, 150, False, 2
473,0, 150, False, 2
474,0, 150, False, 0
475,0, 150, False, 0
476,0, 150, False, 0
477,0, 150, False, 0
478,0, 150, False, 0
479,0, 150, False, 0
480,0, 150, False, 0
481,0, 150, False, 0
482,0, 150, False, 0
483,0, 150, False, 0
484,10, 160, False, 0
485,0, 160, False, 0
486,0, 160, False, 0
487,0, 160, False, 0
488,0, 160, False, 0
489,0, 160, False, 0
490,0, 160, False, 0
491,0, 160, False, 0
492,0, 160, False, 0
493,0, 160, False, 0
494,0, 160, False, 0
495,0, 160, False, 0
496,0, 160, False, 0
497,0, 160, False, 0
498,0, 160, False, 0
499,0, 160, False, 0
500,0, 160, False, 0
501,0, 160, False, 0
502,10, 170, False, 0
503,0, 170, False, 0
504,0, 170, False, 0
505,0, 170, False, 0
506,0, 170, False, 0
507,0, 170, False, 0
508,0, 170, False, 2
509,0, 170, False, 2
510,0, 170, False, 2
511,0, 170, False, 2
512,0, 170, False, 2
513,0, 170, False, 2
514,0, 170, False, 2
515,0, 170, False, 2
516,10, 180, False, 2
517,0, 180, False, 2
518,0, 180, False, 2
519,0, 180, False, 0
520,0, 180, False, 0
521,0, 180, False, 0
522,0, 180, False, 0
523,0, 180, False, 4
524,0, 180, False, 4
525,0, 180, False, 4
526,0, 180, False, 4
527,0, 180, False, 4
528,0, 180, False, 4
529,0, 180, False, 4
530,0, 180, False, 4
531,0, 180, False, 4
532,0, 180, False, 4
533,0, 180, False, 0
534,0, 180, False, 0
535,0, 180, False, 0
536,0, 180, False, 0
537,0, 180, False, 0
538,0, 180, False, 0
539,0, 180, False, 0
540,0, 180, False, 0
541,0, 180, False, 0
542,0, 180, False, 0
543,0, 180, False, 0
544,0, 180, False, 0
545,0, 180, False, 0
546,0, 180, False, 0
547,0, 180, False, 0
548,0, 180, False, 0
549,0, 180, False, 0
550,0, 180, False, 0
551,0, 180, False, 0
552,0, 180, False, 0
553,0, 180, False, 0
554,0, 180, False, 0
555,0, 180, False, 0
556,0, 180, False, 0
557,0, 180, False, 0
558,0, 180, False, 0
559,0, 180, False, 0
560,0, 180, False, 0
561,0, 180, False, 0
562,0, 180, False, 0
563,0, 180, False, 0
564,0, 180, False, 0
565,0, 180, False, 0
566,0, 180, False, 0
567,0, 180, False, 0
568,0, 180, False, 0
569,0, 180, False, 0
570,0, 180, False, 0
571,0, 180, False, 0
572,0, 180, False, 0
573,0, 180, False, 0
574,0, 180, False, 0
575,0, 180, False, 0
576,0, 180, False, 0
577,0, 180, False, 0
578,0, 180, False, 0
579,0, 180, False, 0
580,0, 180, False, 0
581,0, 180, False, 0
582,0, 180, False, 0
583,0, 180, False, 0
584,0, 180, False, 0
585,0, 180, False, 0
586,0, 180, False, 0
587,0, 180, False, 0
588,0, 180, False, 0
589,0, 180, False, 0
590,0, 180, False, 0
591,0, 180, False, 0
592,0, 180, False, 0
593,0, 180, False, 0
594,0, 180, False, 0
595,0, 180, False, 0
596,0, 180, False, 0
597,0, 180, False, 0
598,0, 180, False, 0
599,0, 180, False, 0
600,0, 180, False, 0
601,0, 180, False, 0
602,0, 180, False, 0
603,0, 180, False, 0
604,0, 180, False, 0
605,0, 180, False, 0
606,0, 180, False, 0
607,0, 180, False, 0
608,0, 180, False, 0
609,0, 180, False, 0
610,0, 180, False, 0
611,0, 180, False, 0
612,0, 180, False, 0
613,0, 180, False, 0
614,0, 180, False, 0
615,0, 180, False, 0
616,0, 180, False, 0
617,0, 180, False, 0
618,0, 180, False, 0
619,0, 180, False, 0
620,0, 180, False, 0
621,0, 180, False, 0
622,0, 180, False, 0
623,0, 180, False, 0
624,0, 180, False, 0
625,0, 180, False, 0
626,0, 180, False, 0
627,0, 180, False, 0
628,0, 180, False, 0
629,0, 180, False, 0
630,0, 180, False, 0
631,0, 180, False, 0
632,0, 180, False, 0
633,0, 180, False, 0
634,0, 180, False, 0
635,0, 180, False, 0
636,0, 180, False, 0
637,0, 180, False, 0
638,0, 180, False, 0
639,0, 180, False, 0
640,0, 180, False, 0
641,0, 180, False, 0
642,0, 180, False, 0
643,0, 180, False, 0
644,0, 180, False, 0
645,0, 180, False, 0
646,0, 180, False, 0
647,0, 180, False, 0
648,0, 180, False, 0
649,0, 180, False, 0
650,0, 180, False, 0
651,0, 180, False, 0
652,0, 180, False, 0
653,0, 180, False, 0
654,0, 180, False, 0
655,0, 180, False, 0
656,0, 180, False, 0
657,0, 180, False, 0
658,0, 180, False, 0
659,0, 180, False, 0
660,0, 180, False, 0
661,0, 180, False, 0
662,0, 180, False, 0
663,0, 180, False, 0
664,0, 180, False, 0
665,0, 180, False, 0
666,0, 180, False, 0
667,0, 180, False, 0
668,0, 180, False, 0
669,0, 180, False, 0
670,0, 180, False, 0
671,0, 180, False, 0
672,0, 180, False, 0
673,0, 180, False, 0
674,0, 180, False, 0
675,0, 180, False, 0
676,0, 180, False, 0
677,0, 180, False, 0
678,0, 180, False, 0
679,0, 180, False, 0
680,0, 180, False, 0
681,0, 180, False, 0
682,0, 180, False, 0
683,0, 180, False, 0
684,0, 180, False, 0
685,0, 180, False, 0
686,0, 180, False, 0
687,0, 180, False, 0
688,0, 180, False, 0
689,0, 180, False, 0
690,0, 180, False, 0
691,0, 180, False, 0
692,0, 180, False, 0
693,0, 180, False, 0
694,0, 180, False, 0
695,0, 180, False, 0
696,0, 180, False, 0
697,0, 180, False, 0
698,0, 180, False, 0
699,0, 180, False, 0
700,0, 180, False, 0
701,0, 180, False, 0
702,0, 180, False, 0
703,0, 180, False, 0
704,0, 180, False, 0
705,0, 180, False, 0
706,0, 180, False, 0
707,0, 180, False, 0
708,0, 180, False, 0
709,0, 180, False, 0
710,0, 180, False, 0
711,0, 180, False, 0
712,0, 180, False, 0
713,0, 180, False, 0
714,0, 180, False, 0
715,0, 180, False, 0
716,0, 180, False, 0
717,0, 180, False, 0
718,0, 180, False, 0
719,0, 180, False, 0
720,0, 180, False, 0
721,0, 180, False, 0
722,0, 180, False, 0
723,0, 180, False, 0
724,0, 180, False, 0
725,0, 180, False, 0
726,0, 180, False, 0
727,0, 180, False, 0
728,0, 180, False, 0
729,0, 180, False, 0
730,0, 180, False, 0
731,0, 180, False, 0
732,0, 180, False, 0
733,0, 180, False, 0
734,0, 180, False, 0
735,0, 180, False, 0
736,0, 180, False, 0
737,0, 180, False, 0
738,0, 180, False, 0
739,0, 180, False, 0
740,0, 180, False, 0
741,0, 180, False, 0
742,0, 180, False, 0
743,0, 180, False, 0
744,0, 180, False, 0
745,0, 180, False, 0
746,0, 180, False, 0
747,0, 180, False, 0
748,0, 180, False, 0
749,0, 180, False, 0
750,0, 180, False, 0
751,0, 180, False, 0
752,0, 180, False, 0
753,0, 180, False, 0
754,0, 180, False, 0
755,0, 180, False, 0
756,0, 180, False, 0
757,0, 180, False, 0
758,0, 180, False, 0
759,0, 180, False, 0
760,0, 180, False, 0
761,0, 180, False, 0
762,0, 180, False, 0
763,0, 180, False, 0
764,0, 180, False, 0
765,0, 180, False, 0
766,0, 180, False, 0
767,0, 180, False, 0
768,0, 180, False, 0
769,0, 180, False, 0
770,0, 180, False, 0
771,0, 180, False, 0
772,0, 180, False, 0
773,0, 180, False, 0
774,0, 180, False, 0
775,0, 180, False, 0
776,0, 180, False, 0
777,0, 180, False, 0
778,0, 180, False, 0
779,0, 180, False, 0
780,0, 180, False, 0
781,0, 180, False, 0
782,0, 180, False, 0
783,0, 180, False, 0
784,0, 180, False, 0
785,0, 180, False, 0
786,0, 180, False, 0
787,0, 180, False, 0
788,0, 180, False, 0
789,0, 180, False, 0
790,0, 180, False, 0
791,0, 180, False, 0
792,0, 180, False, 0
793,0, 180, False, 0
794,0, 180, False, 0
795,0, 180, False, 0
796,0, 180, False, 0
797,0, 180, False, 0
798,0, 180, False, 0
799,0, 180, False, 0
800,0, 180, False, 0
801,0, 180, False, 0
802,0, 180, False, 0
803,0, 180, False, 0
804,0, 180, False, 0
805,0, 180, False, 0
806,0, 180, False, 0
807,0, 180, False, 0
808,0, 180, False, 0
809,0, 180, False, 0
810,0, 180, False, 0
811,0, 180, False, 0
812,0, 180, False, 0
813,0, 180, False, 0
814,0, 180, False, 0
815,0, 180, False, 0
816,0, 180, False, 0
817,0, 180, False, 0
818,0, 180, False, 0
819,0, 180, False, 0
820,0, 180, False, 0
821,0, 180, False, 0
822,0, 180, False, 0
823,0, 180, False, 0
824,0, 180, False, 0
825,0, 180, False, 0
826,0, 180, False, 0
827,0, 180, False, 0
828,0, 180, False, 0
829,0, 180, False, 0
830,0, 180, False, 0
831,0, 180, False, 0
832,0, 180, False, 0
833,0, 180, False, 0
834,0, 180, False, 0
835,0, 180, False, 0
836,0, 180, False, 0
837,0, 180, False, 0
838,0, 180, False, 0
839,0, 180, False, 0
840,0, 180, False, 0
841,0, 180, False, 0
842,0, 180, False, 0
843,0, 180, False, 0
844,0, 180, False, 0
845,0, 180, False, 0
846,0, 180, False, 0
847,0, 180, False, 0
848,0, 180, False, 0
849,0, 180, False, 0
850,0, 180, False, 0
851,0, 180, False, 0
852,0, 180, False, 0
853,0, 180, False, 0
854,0, 180, False, 0
855,0, 180, False, 0
856,0, 180, False, 0
857,0, 180, False, 0
858,0, 180, False, 0
859,0, 180, False, 0
860,0, 180, False, 0
861,0, 180, False, 0
862,0, 180, False, 0
863,0, 180, False, 0
864,0, 180, False, 0
865,0, 180, False, 0
866,0, 180, False, 0
867,0, 180, False, 0
868,0, 180, False, 0
869,0, 180, False, 0
870,0, 180, False, 0
871,0, 180, False, 0
872,0, 180, False, 0
873,0, 180, False, 0
874,0, 180, False, 0
875,0, 180, False, 0
876,0, 180, False, 0
877,0, 180, False, 0
878,0, 180, False, 0
879,0, 180, False, 0
880,0, 180, False, 0
881,0, 180, False, 0
882,0, 180, False, 0
883,0, 180, False, 0
884,0, 180, False, 0
885,0, 180, False, 0
886,0, 180, False, 0
887,0, 180, False, 0
888,0, 180, False, 0
889,0, 180, False, 0
890,0, 180, False, 0
891,0, 180, False, 0
892,0, 180, False, 0
893,0, 180, False, 0
894,0, 180, False, 0
895,0, 180, False, 0
896,0, 180, False, 0
897,0, 180, False, 0
898,0, 180, False, 0
899,0, 180, False, 0
900,0, 180, False, 0
901,0, 180, False, 0
902,0, 180, False, 0
903,0, 180, False, 0
904,0, 180, False, 0
905,0, 180, False, 0
906,0, 180, False, 0
907,0, 180, False, 0
908,0, 180, False, 0
909,0, 180, False, 0
910,0, 180, False, 0
911,0, 180, False, 0
912,0, 180, False, 0
913,0, 180, False, 0
914,0, 180, False, 0
915,0, 180, False, 0
916,0, 180, False, 0
917,0, 180, False, 0
918,0, 180, False, 0
919,0, 180, False, 0
920,0, 180, False, 0
921,0, 180, False, 0
922,0, 180, False, 0
923,0, 180, False, 0
924,0, 180, False, 0
925,0, 180, False, 0
926,0, 180, False, 0
927,0, 180, False, 0
928,0, 180, False, 0
929,0, 180, False, 0
930,0, 180, False, 0
931,0, 180, False, 0
932,0, 180, False, 0
933,0, 180, False, 0
934,0, 180, False, 0
935,0, 180, False, 0
936,0, 180, False, 0
937,0, 180, False, 0
938,0, 180, False, 0
939,0, 180, False, 0
940,0, 180, False, 0
941,0, 180, False, 0
942,0, 180, False, 0
943,0, 180, False, 0
944,0, 180, False, 0
945,0, 180, False, 0
946,0, 180, False, 0
947,0, 180, False, 0
948,0, 180, False, 0
949,0, 180, False, 0
950,0, 180, False, 0
951,0, 180, False, 0
952,0, 180, False, 0
953,0, 180, False, 0
954,0, 180, False, 0
955,0, 180, False, 0
956,0, 180, False, 0
957,0, 180, False, 0
958,0, 180, False, 0
959,0, 180, False, 0
960,0, 180, False, 0
961,0, 180, False, 0
962,0, 180, False, 0
963,0, 180, False, 0
964,0, 180, False, 0
965,0, 180, False, 0
966,0, 180, False, 0
967,0, 180, False, 0
968,0, 180, False, 0
969,0, 180, False, 0
970,0, 180, False, 0
971,0, 180, False, 0
972,0, 180, False, 0
973,0, 180, False, 0
974,0, 180, False, 0
975,0, 180, False, 0
976,0, 180, False, 0
977,0, 180, False, 0
978,0, 180, False, 0
979,0, 180, False, 0
980,0, 180, False, 0
981,0, 180, False, 0
982,0, 180, False, 0
983,0, 180, False, 0
984,0, 180, False, 0
985,0, 180, False, 0
986,0, 180, False, 0
987,0, 180, False, 0
988,0, 180, False, 0
989,0, 180, False, 0
990,0, 180, False, 0
991,0, 180, False, 0
992,0, 180, False, 0
993,0, 180, False, 0
994,0, 180, False, 0
995,0, 180, False, 0
996,0, 180, False, 0
997,0, 180, False, 0
998,0, 180, False, 0
999,0, 180, False, 0
1000,0, 180, False, 0
1001,0, 180, False, 0
1002,0, 180, False, 0
1003,0, 180, False, 0
1004,0, 180, False, 0
1005,0, 180, False, 0
1006,0, 180, False, 0
1007,0, 180, False, 0
1008,0, 180, False, 0
1009,0, 180, False, 0
1010,0, 180, False, 0
1011,0, 180, False, 0
1012,0, 180, False, 0
1013,0, 180, False, 0
1014,0, 180, False, 0
1015,0, 180, False, 0
1016,0, 180, False, 0
1017,0, 180, False, 0
1018,0, 180, False, 0
1019,0, 180, False, 0
1020,0, 180, False, 0
1021,0, 180, False, 0
1022,0, 180, False, 0
1023,0, 180, False, 0
1024,0, 180, False, 0
1025,0, 180, False, 0
1026,0, 180, False, 0
1027,0, 180, False, 0
1028,0, 180, False, 0
1029,0, 180, False, 0
1030,0, 180, False, 0
1031,0, 180, False, 0
1032,0, 180, False, 0
1033,0, 180, False, 0
1034,0, 180, False, 0
1035,0, 180, False, 0
1036,0, 180, False, 0
1037,0, 180, False, 0
1038,0, 180, False, 0
1039,0, 180, False, 0
1040,0, 180, False, 0
1041,0, 180, False, 0
1042,0, 180, False, 0
1043,0, 180, False, 4
1044,0, 180, False, 4
1045,0, 180, False, 4
1046,0, 180, False, 4
1047,0, 180, False, 4
1048,0, 180, False, 4
1049,0, 180, False, 4
1050,0, 180, False, 0
1051,0, 180, False, 0
1052,0, 180, False, 0
1053,0, 180, False, 0
1054,0, 180, False, 0
1055,0, 180, False, 0
1056,0, 180, False, 0
1057,0, 180, False, 0
1058,0, 180, False, 0
1059,0, 180, False, 0
1060,0, 180, False, 0
1061,0, 180, False, 0
1062,0, 180, False, 0
1063,0, 180, False, 0
1064,0, 180, False, 0
1065,0, 180, False, 0
1066,0, 180, False, 0
1067,0, 180, False, 0
1068,0, 180, False, 0
1069,0, 180, False, 0
1070,0, 180, False, 0
1071,0, 180, False, 0
1072,0, 180, False, 0
1073,0, 180, False, 0
1074,0, 180, False, 0
1075,0, 180, False, 0
1076,0, 180, False, 0
1077,0, 180, False, 0
1078,0, 180, False, 0
1079,0, 180, False, 0
1080,0, 180, False, 0
1081,0, 180, False, 0
1082,0, 180, False, 0
1083,0, 180, False, 0
1084,0, 180, False, 3
1085,0, 180, False, 3
1086,0, 180, False, 3
1087,0, 180, False, 3
1088,0, 180, False, 3
1089,0, 180, False, 3
1090,0, 180, False, 3
1091,0, 180, False, 0
1092,10, 190, False, 0
1093,0, 190, False, 0
1094,0, 190, False, 0
1095,0, 190, False, 0
1096,0, 190, False, 0
1097,0, 190, False, 0
1098,0, 190, False, 0
1099,0, 190, False, 0
1100,0, 190, False, 0
1101,0, 190, False, 0
1102,0, 190, False, 0
1103,0, 190, False, 0
1104,0, 190, False, 0
1105,0, 190, False, 0
1106,10, 200, False, 0
1107,0, 200, False, 0
1108,0, 200, False, 0
1109,0, 200, False, 0
1110,0, 200, False, 0
1111,0, 200, False, 0
1112,0, 200, False, 0
1113,0, 200, False, 0
1114,0, 200, False, 0
1115,0, 200, False, 0
1116,0, 200, False, 2
1117,0, 200, False, 2
1118,0, 200, False, 2
1119,0, 200, False, 2
1120,10, 210, False, 2
1121,0, 210, False, 2
1122,0, 210, False, 0
1123,0, 210, False, 0
1124,0, 210, False, 0
1125,0, 210, False, 0
1126,0, 210, False, 0
1127,0, 210, False, 0
1128,0, 210, False, 0
1129,0, 210, False, 0
1130,0, 210, False, 0
1131,0, 210, False, 0
1132,10, 220, False, 0
1133,0, 220, False, 0
1134,0, 220, False, 0
1135,0, 220, False, 0
1136,0, 220, False, 0
1137,0, 220, False, 0
1138,0, 220, False, 0
1139,0, 220, False, 0
1140,0, 220, False, 0
1141,0, 220, False, 0
1142,0, 220, False, 0
1143,0, 220, False, 0
1144,0, 220, False, 0
1145,0, 220, False, 0
1146,10, 230, False, 0
1147,0, 230, False, 0
1148,0, 230, False, 0
1149,0, 230, False, 0
1150,0, 230, False, 0
1151,0, 230, False, 0
1152,0, 230, False, 0
1153,0, 230, False, 0
1154,0, 230, False, 0
1155,0, 230, False, 0
1156,0, 230, False, 0
1157,0, 230, False, 0
1158,0, 230, False, 0
1159,0, 230, False, 0
1160,10, 240, False, 0
1161,0, 240, False, 0
1162,0, 240, False, 0
1163,0, 240, False, 0
1164,0, 240, False, 5
1165,0, 240, False, 5
1166,0, 240, False, 5
1167,0, 240, False, 5
1168,0, 240, False, 5
1169,0, 240, False, 5
1170,0, 240, False, 5
1171,0, 240, False, 5
1172,0, 240, False, 0
1173,0, 240, False, 0
1174,10, 250, False, 0
1175,0, 250, False, 0
1176,0, 250, False, 0
1177,0, 250, False, 0
1178,0, 250, False, 0
1179,0, 250, False, 0
1180,0, 250, False, 0
1181,0, 250, False, 0
1182,0, 250, False, 0
1183,0, 250, False, 0
1184,0, 250, False, 0
1185,0, 250, False, 0
1186,0, 250, False, 0
1187,0, 250, False, 0
1188,10, 260, False, 0
1189,0, 260, False, 0
1190,0, 260, False, 0
1191,0, 260, False, 0
1192,0, 260, False, 0
1193,0, 260, False, 0
1194,0, 260, False, 0
1195,0, 260, False, 0
1196,0, 260, False, 0
1197,0, 260, False, 0
1198,0, 260, False, 0
1199,0, 260, False, 0
1200,0, 260, False, 0
1201,0, 260, False, 0
1202,10, 270, False, 0
1203,0, 270, False, 0
1204,0, 270, False, 0
1205,0, 270, False, 0
1206,0, 270, False, 0
1207,0, 270, False, 0
1208,0, 270, False, 0
1209,0, 270, False, 0
1210,0, 270, False, 0
1211,0, 270, False, 0
1212,0, 270, False, 0
1213,0, 270, False, 0
1214,0, 270, False, 0
1215,0, 270, False, 0
1216,10, 280, False, 0
1217,0, 280, False, 0
1218,0, 280, False, 0
1219,0, 280, False, 0
1220,0, 280, False, 0
1221,0, 280, False, 0
1222,0, 280, False, 3
1223,0, 280, False, 3
1224,0, 280, False, 3
1225,0, 280, False, 3
1226,0, 280, False, 3
1227,0, 280, False, 3
1228,0, 280, False, 3
1229,0, 280, False, 0
1230,10, 290, False, 0
1231,0, 290, False, 0
1232,0, 290, False, 0
1233,0, 290, False, 0
1234,0, 290, False, 0
1235,0, 290, False, 0
1236,0, 290, False, 0
1237,0, 290, False, 0
1238,0, 290, False, 0
1239,0, 290, False, 0
1240,0, 290, False, 0
1241,0, 290, False, 0
1242,0, 290, False, 0
1243,0, 290, False, 0
1244,0, 290, False, 0
1245,0, 290, False, 0
1246,0, 290, False, 0
1247,0, 290, False, 0
1248,0, 290, False, 0
1249,0, 290, False, 0
1250,0, 290, False, 0
1251,0, 290, False, 0
1252,0, 290, False, 0
1253,0, 290, False, 0
1254,0, 290, False, 0
1255,0, 290, False, 0
1256,0, 290, False, 0
1257,0, 290, False, 0
1258,0, 290, False, 0
1259,0, 290, False, 0
1260,0, 290, False, 3
1261,0, 290, False, 3
1262,0, 290, False, 3
1263,0, 290, False, 3
1264,0, 290, False, 3
1265,0, 290, False, 3
1266,0, 290, False, 3
1267,0, 290, False, 3
1268,10, 300, False, 3
1269,0, 300, False, 3
1270,0, 300, False, 0
1271,0, 300, False, 0
1272,0, 300, False, 0
1273,0, 300, False, 0
1274,0, 300, False, 0
1275,0, 300, False, 0
1276,0, 300, False, 0
1277,0, 300, False, 0
1278,0, 300, False, 0
1279,0, 300, False, 0
1280,0, 300, False, 0
1281,0, 300, False, 0
1282,10, 310, False, 0
1283,0, 310, False, 0
1284,0, 310, False, 0
1285,0, 310, False, 0
1286,0, 310, False, 0
1287,0, 310, False, 0
1288,0, 310, False, 0
1289,0, 310, False, 0
1290,0, 310, False, 0
1291,0, 310, False, 0
1292,0, 310, False, 0
1293,0, 310, False, 2
1294,0, 310, False, 2
1295,0, 310, False, 2
1296,10, 320, False, 2
1297,0, 320, False, 2
1298,0, 320, False, 2
1299,0, 320, False, 2
1300,0, 320, False, 2
1301,0, 320, False, 2
1302,0, 320, False, 0
1303,0, 320, False, 0
1304,0, 320, False, 0
1305,0, 320, False, 0
1306,0, 320, False, 0
1307,0, 320, False, 0
1308,0, 320, False, 0
1309,0, 320, False, 0
1310,0, 320, False, 0
1311,0, 320, False, 2
1312,50, 370, False, 2
1313,0, 370, False, 2
1314,0, 370, False, 2
1315,0, 370, False, 2
1316,0, 370, False, 2
1317,0, 370, False, 2
1318,0, 370, False, 2
1319,0, 370, False, 0
1320,0, 370, False, 0
1321,0, 370, False, 0
1322,0, 370, False, 0
1323,0, 370, False, 0
1324,10, 380, False, 0
1325,0, 380, False, 0
1326,0, 380, False, 0
1327,0, 380, False, 0
1328,0, 380, False, 0
1329,0, 380, False, 0
1330,0, 380, False, 4
1331,0, 380, False, 4
1332,0, 380, False, 4
1333,0, 380, False, 4
1334,0, 380, False, 4
1335,0, 380, False, 4
1336,0, 380, False, 4
1337,0, 380, False, 4
1338,10, 390, False, 4
1339,0, 390, False, 4
1340,0, 390, False, 0
1341,0, 390, False, 0
1342,0, 390, False, 0
1343,0, 390, False, 0
1344,0, 390, False, 0
1345,0, 390, False, 0
1346,0, 390, False, 0
1347,0, 390, False, 0
1348,0, 390, False, 0
1349,0, 390, False, 0
1350,10, 400, False, 0
1351,0, 400, False, 0
1352,0, 400, False, 0
1353,0, 400, False, 0
1354,0, 400, False, 0
1355,0, 400, False, 0
1356,0, 400, False, 0
1357,0, 400, False, 0
1358,0, 400, False, 0
1359,0, 400, False, 0
1360,0, 400, False, 0
1361,0, 400, False, 0
1362,0, 400, False, 0
1363,0, 400, False, 2
1364,10, 410, False, 2
1365,0, 410, False, 2
1366,0, 410, False, 2
1367,0, 410, False, 2
1368,0, 410, False, 2
1369,0, 410, False, 2
1370,0, 410, False, 2
1371,0, 410, False, 2
1372,0, 410, False, 2
1373,0, 410, False, 0
1374,0, 410, False, 0
1375,0, 410, False, 0
1376,0, 410, False, 0
1377,0, 410, False, 0
1378,0, 410, False, 0
1379,0, 410, False, 0
1380,0, 410, False, 0
1381,0, 410, False, 0
1382,0, 410, False, 0
1383,0, 410, False, 0
1384,0, 410, False, 0
1385,0, 410, False, 0
1386,0, 410, False, 0
1387,0, 410, False, 0
1388,0, 410, False, 0
1389,0, 410, False, 0
1390,0, 410, False, 0
1391,0, 410, False, 0
1392,0, 410, False, 0
1393,0, 410, False, 0
1394,0, 410, False, 0
1395,0, 410, False, 0
1396,0, 410, False, 0
1397,0, 410, False, 0
1398,0, 410, False, 0
1399,0, 410, False, 0
1400,0, 410, False, 0
1401,0, 410, False, 0
1402,0, 410, False, 0
1403,0, 410, False, 0
1404,0, 410, False, 0
1405,0, 410, False, 0
1406,0, 410, False, 0
1407,0, 410, False, 0
1408,0, 410, False, 0
1409,0, 410, False, 0
1410,0, 410, False, 0
1411,0, 410, False, 0
1412,0, 410, False, 0
1413,0, 410, False, 0
1414,0, 410, False, 0
1415,0, 410, False, 9
1416,0, 410, False, 9
1417,0, 410, False, 9
1418,0, 410, False, 9
1419,0, 410, False, 9
1420,0, 410, False, 9
1421,0, 410, False, 9
1422,0, 410, False, 5
1423,0, 410, False, 5
1424,0, 410, False, 5
1425,0, 410, False, 5
1426,0, 410, False, 5
1427,0, 410, False, 5
1428,0, 410, False, 5
1429,0, 410, False, 5
1430,0, 410, False, 0
1431,0, 410, False, 0
1432,0, 410, False, 0
1433,0, 410, False, 0
1434,0, 410, False, 0
1435,0, 410, False, 0
1436,0, 410, False, 0
1437,0, 410, False, 0
1438,0, 410, False, 0
1439,0, 410, False, 0
1440,0, 410, False, 0
1441,0, 410, False, 0
1442,0, 410, False, 0
1443,0, 410, False, 0
1444,0, 410, False, 0
1445,0, 410, False, 0
1446,0, 410, False, 0
1447,0, 410, False, 4
1448,0, 410, False, 4
1449,0, 410, False, 4
1450,0, 410, False, 4
1451,0, 410, False, 4
1452,0, 410, False, 4
1453,0, 410, False, 4
1454,0, 410, False, 4
1455,0, 410, False, 4
1456,0, 410, False, 4
1457,0, 410, False, 0
1458,0, 410, False, 0
1459,0, 410, False, 0
1460,10, 420, False, 0
1461,0, 420, False, 0
1462,0, 420, False, 0
1463,0, 420, False, 0
1464,0, 420, False, 0
1465,0, 420, False, 0
1466,0, 420, False, 0
1467,0, 420, False, 0
1468,0, 420, False, 0
1469,0, 420, False, 0
1470,0, 420, False, 0
1471,0, 420, False, 0
1472,10, 430, False, 0
1473,0, 430, False, 0
1474,0, 430, False, 0
1475,0, 430, False, 0
1476,0, 430, False, 0
1477,0, 430, False, 0
1478,0, 430, False, 0
1479,0, 430, False, 0
1480,0, 430, False, 0
1481,0, 430, False, 0
1482,0, 430, False, 0
1483,0, 430, False, 0
1484,0, 430, False, 0
1485,0, 430, False, 0
1486,10, 440, False, 0
1487,0, 440, False, 0
1488,0, 440, False, 0
1489,0, 440, False, 0
1490,0, 440, False, 0
1491,0, 440, False, 0
1492,0, 440, False, 0
1493,0, 440, False, 0
1494,0, 440, False, 0
1495,0, 440, False, 0
1496,0, 440, False, 0
1497,0, 440, False, 0
1498,0, 440, False, 0
1499,0, 440, False, 0
1500,0, 440, False, 0
1501,0, 440, False, 0
1502,0, 440, False, 0
1503,0, 440, False, 0
1504,0, 440, False, 0
1505,0, 440, False, 0
1506,0, 440, False, 0
1507,0, 440, False, 0
1508,0, 440, False, 0
1509,0, 440, False, 0
1510,0, 440, False, 0
1511,0, 440, False, 0
1512,0, 440, False, 0
1513,0, 440, False, 0
1514,0, 440, False, 0
1515,0, 440, False, 0
1516,0, 440, False, 0
1517,0, 440, False, 0
1518,0, 440, False, 0
1519,0, 440, False, 0
1520,0, 440, False, 0
1521,0, 440, False, 0
1522,0, 440, False, 0
1523,0, 440, False, 0
1524,0, 440, False, 0
1525,0, 440, False, 0
1526,0, 440, False, 0
1527,0, 440, False, 0
1528,0, 440, False, 0
1529,0, 440, False, 0
1530,0, 440, False, 0
1531,0, 440, False, 0
1532,0, 440, False, 0
1533,0, 440, False, 0
1534,0, 440, False, 0
1535,0, 440, False, 0
1536,0, 440, False, 0
1537,0, 440, False, 0
1538,0, 440, False, 0
1539,0, 440, False, 0
1540,0, 440, False, 0
1541,0, 440, False, 0
1542,0, 440, False, 0
1543,0, 440, False, 0
1544,0, 440, False, 0
1545,0, 440, False, 0
1546,0, 440, False, 0
1547,0, 440, False, 0
1548,0, 440, False, 0
1549,0, 440, False, 0
1550,0, 440, False, 0
1551,0, 440, False, 0
1552,0, 440, False, 0
1553,0, 440, False, 0
1554,0, 440, False, 0
1555,0, 440, False, 0
1556,0, 440, False, 0
1557,0, 440, False, 0
1558,0, 440, False, 0
1559,0, 440, False, 0
1560,0, 440, False, 0
1561,0, 440, False, 0
1562,0, 440, False, 0
1563,0, 440, False, 0
1564,0, 440, False, 0
1565,0, 440, False, 0
1566,0, 440, False, 0
1567,0, 440, False, 0
1568,0, 440, False, 0
1569,0, 440, False, 0
1570,0, 440, False, 0
1571,0, 440, False, 0
1572,0, 440, False, 0
1573,0, 440, False, 0
1574,0, 440, False, 0
1575,0, 440, False, 0
1576,0, 440, False, 0
1577,0, 440, False, 0
1578,0, 440, False, 0
1579,0, 440, False, 0
1580,0, 440, False, 0
1581,0, 440, False, 0
1582,0, 440, False, 0
1583,0, 440, False, 0
1584,0, 440, False, 0
1585,0, 440, False, 0
1586,0, 440, False, 0
1587,0, 440, False, 0
1588,0, 440, False, 0
1589,0, 440, False, 0
1590,10, 450, False, 0
1591,0, 450, False, 0
1592,0, 450, False, 0
1593,0, 450, False, 0
1594,0, 450, False, 0
1595,0, 450, False, 0
1596,0, 450, False, 0
1597,0, 450, False, 0
1598,0, 450, False, 0
1599,0, 450, False, 0
1600,0, 450, False, 0
1601,0, 450, False, 0
1602,0, 450, False, 0
1603,0, 450, False, 0
1604,10, 460, False, 0
1605,0, 460, False, 0
1606,0, 460, False, 0
1607,0, 460, False, 0
1608,0, 460, False, 0
1609,0, 460, False, 0
1610,0, 460, False, 0
1611,0, 460, False, 0
1612,0, 460, False, 0
1613,0, 460, False, 0
1614,0, 460, False, 0
1615,0, 460, False, 0
1616,10, 470, False, 0
1617,0, 470, False, 0
1618,0, 470, False, 0
1619,0, 470, False, 0
1620,0, 470, False, 0
1621,0, 470, False, 2
1622,0, 470, False, 2
1623,0, 470, False, 2
1624,0, 470, False, 2
1625,0, 470, False, 2
1626,0, 470, False, 2
1627,0, 470, False, 2
1628,0, 470, False, 2
1629,0, 470, False, 2
1630,0, 470, False, 0
1631,0, 470, False, 0
1632,0, 470, False, 0
1633,0, 470, False, 0
1634,0, 470, False, 0
1635,0, 470, False, 0
1636,0, 470, False, 0
1637,0, 470, False, 0
1638,50, 520, False, 0
1639,0, 520, False, 0
1640,0, 520, False, 0
1641,0, 520, False, 0
1642,0, 520, False, 0
1643,0, 520, False, 0
1644,0, 520, False, 0
1645,0, 520, False, 0
1646,10, 530, False, 0
1647,0, 530, False, 0
1648,0, 530, False, 0
1649,0, 530, False, 0
1650,0, 530, False, 0
1651,0, 530, False, 3
1652,0, 530, False, 3
1653,0, 530, False, 3
1654,0, 530, False, 3
1655,0, 530, False, 3
1656,0, 530, False, 3
1657,0, 530, False, 3
1658,0, 530, False, 0
1659,0, 530, False, 0
1660,10, 540, False, 0
1661,0, 540, False, 0
1662,0, 540, False, 0
1663,0, 540, False, 0
1664,0, 540, False, 0
1665,0, 540, False, 0
1666,0, 540, False, 0
1667,0, 540, False, 0
1668,0, 540, False, 2
1669,0, 540, False, 2
1670,0, 540, False, 2
1671,0, 540, False, 2
1672,0, 540, False, 2
1673,0, 540, False, 2
1674,0, 540, False, 2
1675,0, 540, False, 2
1676,0, 540, False, 2
1677,0, 540, False, 2
1678,0, 540, False, 0
1679,0, 540, False, 0
1680,0, 540, False, 0
1681,0, 540, False, 0
1682,0, 540, False, 0
1683,0, 540, False, 0
1684,0, 540, False, 0
1685,0, 540, False, 0
1686,0, 540, False, 0
1687,0, 540, False, 0
1688,0, 540, False, 0
1689,0, 540, False, 0
1690,0, 540, False, 3
1691,0, 540, False, 3
1692,0, 540, False, 3
1693,0, 540, False, 3
1694,0, 540, False, 3
1695,0, 540, False, 3
1696,0, 540, False, 3
1697,0, 540, False, 3
1698,10, 550, False, 3
1699,0, 550, False, 3
1700,0, 550, False, 0
1701,0, 550, False, 0
1702,0, 550, False, 0
1703,0, 550, False, 0
1704,0, 550, False, 2
1705,0, 550, False, 2
1706,0, 550, False, 2
1707,0, 550, False, 2
1708,0, 550, False, 2
1709,0, 550, False, 2
1710,0, 550, False, 2
1711,0, 550, False, 2
1712,10, 560, False, 2
1713,0, 560, False, 2
1714,0, 560, False, 2
1715,0, 560, False, 2
1716,0, 560, False, 2
1717,0, 560, False, 2
1718,0, 560, False, 2
1719,0, 560, False, 2
1720,0, 560, False, 0
1721,0, 560, False, 0
1722,0, 560, False, 0
1723,0, 560, False, 0
1724,0, 560, False, 0
1725,0, 560, False, 0
1726,0, 560, False, 0
1727,0, 560, False, 0
1728,0, 560, False, 0
1729,0, 560, False, 0
1730,0, 560, False, 0
1731,0, 560, False, 0
1732,0, 560, False, 0
1733,0, 560, False, 0
1734,0, 560, False, 0
1735,0, 560, False, 0
1736,0, 560, False, 0
1737,0, 560, False, 0
1738,0, 560, False, 0
1739,0, 560, False, 0
1740,0, 560, False, 0
1741,0, 560, False, 0
1742,0, 560, False, 0
1743,0, 560, False, 0
1744,0, 560, False, 0
1745,0, 560, False, 0
1746,0, 560, False, 0
1747,0, 560, False, 0
1748,0, 560, False, 0
1749,0, 560, False, 0
1750,0, 560, False, 0
1751,0, 560, False, 0
1752,0, 560, False, 0
1753,0, 560, False, 0
1754,0, 560, False, 2
1755,0, 560, False, 2
1756,0, 560, False, 2
1757,0, 560, False, 2
1758,0, 560, False, 2
1759,0, 560, False, 2
1760,0, 560, False, 2
1761,0, 560, False, 2
1762,0, 560, False, 2
1763,0, 560, False, 2
1764,0, 560, False, 0
1765,0, 560, False, 0
1766,0, 560, False, 0
1767,0, 560, False, 0
1768,0, 560, False, 0
1769,0, 560, False, 0
1770,0, 560, False, 0
1771,0, 560, False, 0
1772,0, 560, False, 0
1773,0, 560, False, 0
1774,0, 560, False, 0
1775,0, 560, False, 0
1776,0, 560, False, 0
1777,0, 560, False, 0
1778,0, 560, False, 0
1779,0, 560, False, 0
1780,0, 560, False, 0
1781,0, 560, False, 0
1782,0, 560, False, 0
1783,0, 560, False, 3
1784,0, 560, False, 3
1785,0, 560, False, 3
1786,0, 560, False, 3
1787,0, 560, False, 3
1788,0, 560, False, 3
1789,0, 560, False, 3
1790,0, 560, False, 0
1791,0, 560, False, 0
1792,0, 560, False, 0
1793,0, 560, False, 0
1794,0, 560, False, 0
1795,0, 560, False, 0
1796,0, 560, False, 0
1797,0, 560, False, 0
1798,0, 560, False, 0
1799,0, 560, False, 0
1800,0, 560, False, 0
1801,0, 560, False, 0
1802,0, 560, False, 0
1803,0, 560, False, 0
1804,0, 560, False, 0
1805,0, 560, False, 0
1806,0, 560, False, 0
1807,0, 560, False, 0
1808,0, 560, False, 0
1809,0, 560, False, 0
1810,0, 560, False, 0
1811,0, 560, False, 0
1812,0, 560, False, 0
1813,0, 560, False, 0
1814,0, 560, False, 0
1815,0, 560, False, 0
1816,0, 560, False, 5
1817,0, 560, False, 5
1818,0, 560, False, 5
1819,0, 560, False, 5
1820,0, 560, False, 5
1821,0, 560, False, 5
1822,0, 560, False, 5
1823,0, 560, False, 5
1824,0, 560, False, 5
1825,0, 560, False, 5
1826,0, 560, False, 5
1827,0, 560, False, 5
1828,0, 560, False, 0
1829,0, 560, False, 0
1830,0, 560, False, 0
1831,0, 560, False, 0
1832,10, 570, False, 0
1833,0, 570, False, 0
1834,0, 570, False, 0
1835,0, 570, False, 0
1836,0, 570, False, 0
1837,0, 570, False, 0
1838,0, 570, False, 0
1839,0, 570, False, 0
1840,0, 570, False, 0
1841,0, 570, False, 0
1842,0, 570, False, 0
1843,0, 570, False, 0
1844,0, 570, False, 0
1845,0, 570, False, 0
1846,10, 580, False, 0
1847,0, 580, False, 0
1848,0, 580, False, 0
1849,0, 580, False, 0
1850,0, 580, False, 0
1851,0, 580, False, 0
1852,0, 580, False, 0
1853,0, 580, False, 0
1854,0, 580, False, 0
1855,0, 580, False, 0
1856,0, 580, False, 0
1857,0, 580, False, 0
1858,0, 580, False, 0
1859,0, 580, False, 0
1860,10, 590, False, 0
1861,0, 590, False, 0
1862,0, 590, False, 0
1863,0, 590, False, 0
1864,0, 590, False, 0
1865,0, 590, False, 0
1866,0, 590, False, 0
1867,0, 590, False, 0
1868,0, 590, False, 0
1869,0, 590, False, 0
1870,0, 590, False, 0
1871,0, 590, False, 0
1872,0, 590, False, 0
1873,0, 590, False, 0
1874,10, 600, False, 3
1875,0, 600, False, 3
1876,0, 600, False, 3
1877,0, 600, False, 3
1878,0, 600, False, 3
1879,0, 600, False, 3
1880,0, 600, False, 3
1881,0, 600, False, 3
1882,0, 600, False, 3
1883,0, 600, False, 0
1884,0, 600, False, 0
1885,0, 600, False, 0
1886,0, 600, False, 0
1887,0, 600, False, 0
1888,0, 600, False, 0
1889,0, 600, False, 0
1890,0, 600, False, 0
1891,0, 600, False, 0
1892,0, 600, False, 0
1893,0, 600, False, 0
1894,0, 600, False, 0
1895,0, 600, False, 0
1896,0, 600, False, 0
1897,0, 600, False, 0
1898,0, 600, False, 0
1899,0, 600, False, 0
1900,0, 600, False, 0
1901,0, 600, False, 0
1902,0, 600, False, 0
1903,0, 600, False, 0
1904,0, 600, False, 3
1905,0, 600, False, 3
1906,0, 600, False, 3
1907,0, 600, False, 0
1908,0, 600, False, 0
1909,0, 600, False, 0
1910,0, 600, False, 0
1911,0, 600, False, 0
1912,0, 600, False, 0
1913,0, 600, False, 0
1914,0, 600, False, 0
1915,0, 600, False, 0
1916,0, 600, False, 0
1917,0, 600, False, 0
1918,0, 600, False, 0
1919,0, 600, False, 0
1920,0, 600, False, 0
1921,0, 600, False, 0
1922,0, 600, False, 0
1923,0, 600, False, 0
1924,0, 600, False, 0
1925,0, 600, False, 0
1926,0, 600, False, 0
1927,0, 600, False, 0
1928,0, 600, False, 0
1929,0, 600, False, 2
1930,0, 600, False, 2
1931,0, 600, False, 2
1932,0, 600, False, 2
1933,0, 600, False, 2
1934,0, 600, False, 2
1935,0, 600, False, 2
1936,0, 600, False, 2
1937,0, 600, False, 2
1938,0, 600, False, 2
1939,0, 600, False, 2
1940,0, 600, False, 2
1941,0, 600, False, 2
1942,0, 600, False, 2
1943,0, 600, False, 0
1944,0, 600, False, 0
1945,0, 600, False, 0
1946,0, 600, False, 0
1947,0, 600, False, 0
1948,0, 600, False, 0
1949,0, 600, False, 0
1950,0, 600, False, 0
1951,0, 600, False, 0
1952,0, 600, False, 2
1953,0, 600, False, 2
1954,0, 600, False, 2
1955,0, 600, False, 2
1956,0, 600, False, 2
1957,0, 600, False, 2
1958,0, 600, False, 2
1959,0, 600, False, 2
1960,0, 600, False, 0
1961,0, 600, False, 0
1962,0, 600, False, 0
1963,0, 600, False, 0
1964,0, 600, False, 0
1965,0, 600, False, 0
1966,0, 600, False, 0
1967,0, 600, False, 0
1968,0, 600, False, 0
1969,0, 600, False, 0
1970,0, 600, False, 0
1971,0, 600, False, 0
1972,0, 600, False, 0
1973,0, 600, False, 0
1974,0, 600, False, 0
1975,0, 600, False, 0
1976,0, 600, False, 0
1977,0, 600, False, 0
1978,0, 600, False, 0
1979,0, 600, False, 0
1980,0, 600, False, 0
1981,0, 600, False, 0
1982,0, 600, False, 0
1983,0, 600, False, 0
1984,0, 600, False, 2
1985,0, 600, False, 2
1986,0, 600, False, 2
1987,0, 600, False, 2
1988,0, 600, False, 2
1989,0, 600, False, 2
1990,0, 600, False, 2
1991,0, 600, False, 2
1992,0, 600, False, 2
1993,0, 600, False, 2
1994,0, 600, False, 2
1995,0, 600, False, 2
1996,0, 600, False, 2
1997,0, 600, False, 2
1998,0, 600, False, 2
1999,0, 600, False, 2
2000,0, 600, False, 2
2001,0, 600, False, 2
2002,0, 600, False, 2
2003,0, 600, False, 2
2004,0, 600, False, 2
2005,0, 600, False, 2
2006,0, 600, False, 2
2007,0, 600, False, 2
2008,0, 600, False, 2
2009,0, 600, False, 0
2010,0, 600, False, 0
2011,0, 600, False, 0
2012,0, 600, False, 0
2013,0, 600, False, 0
2014,0, 600, False, 0
2015,0, 600, False, 0
2016,0, 600, False, 0
2017,0, 600, False, 0
2018,0, 600, False, 0
2019,0, 600, False, 0
2020,0, 600, False, 0
2021,0, 600, False, 0
2022,0, 600, False, 4
2023,0, 600, False, 4
2024,0, 600, False, 4
2025,0, 600, False, 4
2026,0, 600, False, 4
2027,0, 600, False, 0
2028,0, 600, False, 0
2029,0, 600, False, 0
2030,0, 600, False, 0
2031,0, 600, False, 0
2032,0, 600, False, 0
2033,0, 600, False, 0
2034,0, 600, False, 0
2035,0, 600, False, 0
2036,0, 600, False, 4
2037,0, 600, False, 4
2038,0, 600, False, 4
2039,0, 600, False, 4
2040,0, 600, False, 4
2041,0, 600, False, 4
2042,0, 600, False, 4
2043,0, 600, False, 4
2044,0, 600, False, 4
2045,0, 600, False, 4
2046,0, 600, False, 4
2047,0, 600, False, 0
2048,0, 600, False, 0
2049,0, 600, False, 0
2050,0, 600, False, 0
2051,0, 600, False, 0
2052,0, 600, False, 0
2053,0, 600, False, 0
2054,0, 600, False, 0
2055,0, 600, False, 0
2056,0, 600, False, 0
2057,0, 600, False, 0
2058,0, 600, False, 0
2059,0, 600, False, 0
2060,0, 600, False, 0
2061,0, 600, False, 0
2062,0, 600, False, 0
2063,0, 600, False, 0
2064,0, 600, False, 0
2065,0, 600, False, 5
2066,0, 600, False, 5
2067,0, 600, False, 5
2068,0, 600, False, 5
2069,0, 600, False, 5
2070,0, 600, False, 5
2071,0, 600, False, 5
2072,0, 600, False, 5
2073,0, 600, False, 5
2074,10, 610, False, 5
2075,0, 610, False, 5
2076,0, 610, False, 0
2077,0, 610, False, 0
2078,0, 610, False, 0
2079,0, 610, False, 0
2080,0, 610, False, 0
2081,0, 610, False, 0
2082,0, 610, False, 0
2083,0, 610, False, 0
2084,0, 610, False, 0
2085,0, 610, False, 0
2086,0, 610, False, 0
2087,0, 610, False, 0
2088,10, 620, False, 0
2089,0, 620, False, 0
2090,0, 620, False, 0
2091,0, 620, False, 0
2092,0, 620, False, 0
2093,0, 620, False, 0
2094,0, 620, False, 0
2095,0, 620, False, 0
2096,0, 620, False, 0
2097,0, 620, False, 0
2098,0, 620, False, 0
2099,0, 620, False, 0
2100,0, 620, False, 0
2101,0, 620, False, 0
2102,10, 630, False, 0
2103,0, 630, False, 0
2104,0, 630, False, 0
2105,0, 630, False, 0
2106,0, 630, False, 0
2107,0, 630, False, 0
2108,0, 630, False, 0
2109,0, 630, False, 0
2110,0, 630, False, 0
2111,0, 630, False, 4
2112,0, 630, False, 4
2113,0, 630, False, 4
2114,0, 630, False, 4
2115,0, 630, False, 4
2116,0, 630, False, 4
2117,0, 630, False, 4
2118,0, 630, False, 4
2119,0, 630, False, 4
2120,10, 640, False, 0
2121,0, 640, False, 0
2122,0, 640, False, 0
2123,0, 640, False, 0
2124,0, 640, False, 0
2125,0, 640, False, 5
2126,0, 640, False, 5
2127,0, 640, False, 5
2128,0, 640, False, 5
2129,0, 640, False, 5
2130,0, 640, False, 5
2131,0, 640, False, 5
2132,10, 650, False, 5
2133,0, 650, False, 5
2134,0, 650, False, 5
2135,0, 650, False, 5
2136,0, 650, False, 5
2137,0, 650, False, 5
2138,0, 650, False, 5
2139,0, 650, False, 5
2140,0, 650, False, 0
2141,0, 650, False, 0
2142,0, 650, False, 0
2143,0, 650, False, 0
2144,10, 660, False, 0
2145,0, 660, False, 0
2146,0, 660, False, 0
2147,0, 660, False, 0
2148,0, 660, False, 0
2149,0, 660, False, 0
2150,0, 660, False, 0
2151,0, 660, False, 0
2152,0, 660, False, 0
2153,0, 660, False, 0
2154,0, 660, False, 0
2155,0, 660, False, 0
2156,0, 660, False, 0
2157,0, 660, False, 0
2158,0, 660, False, 0
2159,0, 660, False, 0
2160,0, 660, False, 0
2161,0, 660, False, 0
2162,0, 660, False, 0
2163,0, 660, False, 3
2164,0, 660, False, 3
2165,0, 660, False, 3
2166,0, 660, False, 3
2167,0, 660, False, 3
2168,0, 660, False, 3
2169,0, 660, False, 3
2170,0, 660, False, 3
2171,0, 660, False, 3
2172,0, 660, False, 3
2173,0, 660, False, 3
2174,0, 660, False, 3
2175,0, 660, False, 3
2176,0, 660, False, 3
2177,0, 660, False, 3
2178,0, 660, False, 0
2179,0, 660, False, 0
2180,0, 660, False, 0
2181,0, 660, False, 0
2182,0, 660, False, 0
2183,0, 660, False, 0
2184,0, 660, False, 0
2185,0, 660, False, 0
2186,0, 660, False, 0
2187,0, 660, False, 0
2188,0, 660, False, 0
2189,0, 660, False, 0
2190,0, 660, False, 0
2191,0, 660, False, 0
2192,0, 660, False, 0
2193,0, 660, False, 0
2194,0, 660, False, 0
2195,0, 660, False, 0
2196,0, 660, False, 0
2197,0, 660, False, 0
2198,0, 660, False, 0
2199,0, 660, False, 0
2200,0, 660, False, 0
2201,0, 660, False, 0
2202,0, 660, False, 0
2203,0, 660, False, 0
2204,0, 660, False, 0
2205,0, 660, False, 0
2206,0, 660, False, 0
2207,0, 660, False, 0
2208,0, 660, False, 0
2209,0, 660, False, 0
2210,0, 660, False, 0
2211,0, 660, False, 0
2212,0, 660, False, 0
2213,0, 660, False, 0
2214,0, 660, False, 0
2215,0, 660, False, 0
2216,0, 660, False, 0
2217,0, 660, False, 0
2218,0, 660, False, 0
2219,0, 660, False, 0
2220,0, 660, False, 0
2221,0, 660, False, 0
2222,0, 660, False, 0
2223,0, 660, False, 0
2224,0, 660, False, 0
2225,0, 660, False, 0
2226,0, 660, False, 0
2227,0, 660, False, 0
2228,0, 660, False, 0
2229,0, 660, False, 2
2230,0, 660, False, 2
2231,0, 660, False, 2
2232,0, 660, False, 2
2233,0, 660, False, 2
2234,0, 660, False, 2
2235,0, 660, False, 2
2236,0, 660, False, 2
2237,0, 660, False, 2
2238,0, 660, False, 2
2239,0, 660, False, 2
2240,0, 660, False, 2
2241,0, 660, False, 0
2242,0, 660, False, 0
2243,0, 660, False, 0
2244,0, 660, False, 0
2245,0, 660, False, 0
2246,0, 660, False, 0
2247,0, 660, False, 0
2248,0, 660, False, 0
2249,0, 660, False, 0
2250,0, 660, False, 0
2251,0, 660, False, 0
2252,0, 660, False, 0
2253,0, 660, False, 0
2254,0, 660, False, 0
2255,0, 660, False, 0
2256,0, 660, False, 0
2257,0, 660, False, 0
2258,0, 660, False, 0
2259,0, 660, False, 0
2260,0, 660, False, 0
2261,0, 660, False, 0
2262,0, 660, False, 0
2263,0, 660, False, 0
2264,0, 660, False, 0
2265,0, 660, False, 0
2266,0, 660, False, 0
2267,0, 660, False, 0
2268,0, 660, False, 4
2269,0, 660, False, 4
2270,0, 660, False, 4
2271,0, 660, False, 4
2272,0, 660, False, 4
2273,0, 660, False, 4
2274,0, 660, False, 4
2275,0, 660, False, 4
2276,0, 660, False, 0
2277,0, 660, False, 0
2278,0, 660, False, 0
2279,0, 660, False, 2
2280,0, 660, False, 2
2281,0, 660, False, 2
2282,0, 660, False, 2
2283,0, 660, False, 2
2284,0, 660, False, 2
2285,0, 660, False, 2
2286,0, 660, False, 2
2287,0, 660, False, 2
2288,0, 660, False, 2
2289,0, 660, False, 2
2290,0, 660, False, 0
2291,0, 660, False, 0
2292,0, 660, False, 0
2293,0, 660, False, 0
2294,0, 660, False, 0
2295,0, 660, False, 0
2296,10, 670, False, 0
2297,0, 670, False, 0
2298,0, 670, False, 0
2299,0, 670, False, 0
2300,0, 670, False, 0
2301,0, 670, False, 0
2302,0, 670, False, 0
2303,0, 670, False, 0
2304,0, 670, False, 0
2305,0, 670, False, 0
2306,0, 670, False, 0
2307,0, 670, False, 0
2308,0, 670, False, 0
2309,0, 670, False, 0
2310,10, 680, False, 0
2311,0, 680, False, 0
2312,0, 680, False, 0
2313,0, 680, False, 0
2314,0, 680, False, 0
2315,0, 680, False, 0
2316,0, 680, False, 0
2317,0, 680, False, 0
2318,0, 680, False, 0
2319,0, 680, False, 0
2320,0, 680, False, 0
2321,0, 680, False, 0
2322,0, 680, False, 0
2323,0, 680, False, 0
2324,10, 690, False, 0
2325,0, 690, False, 0
2326,0, 690, False, 0
2327,0, 690, False, 0
2328,0, 690, False, 0
2329,0, 690, False, 0
2330,0, 690, False, 0
2331,0, 690, False, 0
2332,0, 690, False, 0
2333,0, 690, False, 0
2334,0, 690, False, 0
2335,0, 690, False, 0
2336,0, 690, False, 0
2337,0, 690, False, 0
2338,10, 700, False, 0
2339,0, 700, False, 0
2340,0, 700, False, 0
2341,0, 700, False, 0
2342,0, 700, False, 0
2343,0, 700, False, 0
2344,0, 700, False, 0
2345,0, 700, False, 0
2346,0, 700, False, 0
2347,0, 700, False, 0
2348,0, 700, False, 0
2349,0, 700, False, 0
2350,0, 700, False, 0
2351,0, 700, False, 0
2352,10, 710, False, 0
2353,0, 710, False, 0
2354,0, 710, False, 0
2355,0, 710, False, 0
2356,0, 710, False, 0
2357,0, 710, False, 0
2358,0, 710, False, 0
2359,0, 710, False, 0
2360,0, 710, False, 0
2361,0, 710, False, 0
2362,0, 710, False, 0
2363,0, 710, False, 0
2364,0, 710, False, 0
2365,0, 710, False, 0
2366,10, 720, False, 0
2367,0, 720, False, 0
2368,0, 720, False, 0
2369,0, 720, False, 0
2370,0, 720, False, 0
2371,0, 720, False, 0
2372,0, 720, False, 0
2373,0, 720, False, 0
2374,0, 720, False, 0
2375,0, 720, False, 0
2376,0, 720, False, 0
2377,0, 720, False, 0
2378,0, 720, False, 0
2379,0, 720, False, 0
2380,10, 730, False, 0
2381,0, 730, False, 3
2382,0, 730, False, 3
2383,0, 730, False, 3
2384,0, 730, False, 3
2385,0, 730, False, 3
2386,0, 730, False, 3
2387,0, 730, False, 3
2388,0, 730, False, 3
2389,0, 730, False, 3
2390,0, 730, False, 3
2391,0, 730, False, 3
2392,0, 730, False, 0
2393,0, 730, False, 0
2394,10, 740, False, 0
2395,0, 740, False, 0
2396,0, 740, False, 0
2397,0, 740, False, 0
2398,0, 740, False, 0
2399,0, 740, False, 0
2400,0, 740, False, 0
2401,0, 740, False, 0
2402,0, 740, False, 0
2403,0, 740, False, 0
2404,0, 740, False, 0
2405,0, 740, False, 0
2406,0, 740, False, 0
2407,0, 740, False, 0
2408,0, 740, False, 0
2409,0, 740, False, 0
2410,0, 740, False, 0
2411,0, 740, False, 0
2412,0, 740, False, 0
2413,0, 740, False, 0
2414,0, 740, False, 0
2415,0, 740, False, 0
2416,0, 740, False, 0
2417,0, 740, False, 0
2418,0, 740, False, 0
2419,0, 740, False, 0
2420,0, 740, False, 0
2421,0, 740, False, 0
2422,0, 740, False, 0
2423,0, 740, False, 0
2424,0, 740, False, 0
2425,0, 740, False, 3
2426,0, 740, False, 3
2427,0, 740, False, 3
2428,0, 740, False, 3
2429,0, 740, False, 3
2430,0, 740, False, 3
2431,0, 740, False, 0
2432,0, 740, False, 0
2433,0, 740, False, 0
2434,0, 740, False, 5
2435,0, 740, False, 5
2436,0, 740, False, 5
2437,0, 740, False, 5
2438,0, 740, False, 5
2439,0, 740, False, 5
2440,0, 740, False, 5
2441,0, 740, False, 5
2442,0, 740, False, 5
2443,0, 740, False, 5
2444,0, 740, False, 5
2445,0, 740, False, 0
2446,0, 740, False, 0
2447,0, 740, False, 0
2448,0, 740, False, 0
2449,0, 740, False, 0
2450,0, 740, False, 0
2451,0, 740, False, 0
2452,0, 740, False, 0
2453,0, 740, False, 0
2454,0, 740, False, 0
2455,0, 740, False, 0
2456,0, 740, False, 0
2457,0, 740, False, 0
2458,0, 740, False, 0
2459,0, 740, False, 0
2460,0, 740, False, 0
2461,0, 740, False, 0
2462,0, 740, False, 0
2463,0, 740, False, 0
2464,0, 740, False, 0
2465,0, 740, False, 0
2466,0, 740, False, 0
2467,0, 740, False, 0
2468,0, 740, False, 0
2469,0, 740, False, 0
2470,0, 740, False, 0
2471,0, 740, False, 0
2472,0, 740, False, 0
2473,0, 740, False, 0
2474,0, 740, False, 0
2475,0, 740, False, 0
2476,0, 740, False, 0
2477,0, 740, False, 0
2478,0, 740, False, 0
2479,0, 740, False, 0
2480,0, 740, False, 0
2481,0, 740, False, 0
2482,0, 740, False, 0
2483,0, 740, False, 0
2484,0, 740, False, 0
2485,0, 740, False, 0
2486,0, 740, False, 0
2487,0, 740, False, 0
2488,0, 740, False, 0
2489,0, 740, False, 0
2490,0, 740, False, 0
2491,0, 740, False, 0
2492,0, 740, False, 0
2493,0, 740, False, 0
2494,0, 740, False, 0
2495,0, 740, False, 0
2496,0, 740, False, 0
2497,0, 740, False, 0
2498,0, 740, False, 0
2499,0, 740, False, 0
2500,0, 740, True, 0
