db traj id : 3106
frame,reward,score,terminal, action
0,0, 0, False, 0
1,0, 0, False, 0
2,0, 0, False, 0
3,0, 0, False, 0
4,0, 0, False, 0
5,0, 0, False, 0
6,0, 0, False, 0
7,0, 0, False, 0
8,0, 0, False, 0
9,0, 0, False, 0
10,0, 0, False, 0
11,0, 0, False, 0
12,0, 0, False, 0
13,0, 0, False, 0
14,0, 0, False, 0
15,0, 0, False, 0
16,0, 0, False, 0
17,0, 0, False, 0
18,0, 0, False, 0
19,0, 0, False, 0
20,0, 0, False, 0
21,0, 0, False, 0
22,0, 0, False, 0
23,0, 0, False, 0
24,0, 0, False, 0
25,0, 0, False, 0
26,0, 0, False, 0
27,0, 0, False, 0
28,0, 0, False, 0
29,0, 0, False, 0
30,0, 0, False, 0
31,0, 0, False, 0
32,0, 0, False, 0
33,0, 0, False, 0
34,0, 0, False, 0
35,0, 0, False, 0
36,0, 0, False, 0
37,0, 0, False, 0
38,0, 0, False, 0
39,0, 0, False, 0
40,0, 0, False, 0
41,0, 0, False, 0
42,0, 0, False, 0
43,0, 0, False, 0
44,0, 0, False, 0
45,0, 0, False, 0
46,0, 0, False, 0
47,0, 0, False, 0
48,0, 0, False, 0
49,0, 0, False, 0
50,0, 0, False, 0
51,0, 0, False, 0
52,0, 0, False, 0
53,0, 0, False, 0
54,0, 0, False, 0
55,0, 0, False, 0
56,0, 0, False, 0
57,0, 0, False, 0
58,0, 0, False, 0
59,0, 0, False, 0
60,0, 0, False, 0
61,0, 0, False, 0
62,0, 0, False, 0
63,0, 0, False, 0
64,0, 0, False, 0
65,0, 0, False, 0
66,0, 0, False, 0
67,0, 0, False, 0
68,0, 0, False, 0
69,0, 0, False, 0
70,0, 0, False, 0
71,0, 0, False, 0
72,0, 0, False, 0
73,0, 0, False, 0
74,0, 0, False, 0
75,0, 0, False, 0
76,0, 0, False, 0
77,0, 0, False, 0
78,0, 0, False, 0
79,0, 0, False, 0
80,0, 0, False, 0
81,0, 0, False, 0
82,0, 0, False, 0
83,0, 0, False, 0
84,0, 0, False, 0
85,0, 0, False, 0
86,0, 0, False, 0
87,0, 0, False, 0
88,0, 0, False, 0
89,0, 0, False, 0
90,0, 0, False, 0
91,0, 0, False, 0
92,0, 0, False, 0
93,0, 0, False, 0
94,0, 0, False, 0
95,0, 0, False, 0
96,0, 0, False, 0
97,0, 0, False, 0
98,0, 0, False, 0
99,0, 0, False, 0
100,0, 0, False, 0
101,0, 0, False, 0
102,0, 0, False, 0
103,0, 0, False, 0
104,0, 0, False, 0
105,0, 0, False, 0
106,0, 0, False, 0
107,0, 0, False, 0
108,0, 0, False, 0
109,0, 0, False, 0
110,0, 0, False, 0
111,0, 0, False, 0
112,0, 0, False, 0
113,0, 0, False, 0
114,0, 0, False, 0
115,0, 0, False, 0
116,0, 0, False, 0
117,0, 0, False, 0
118,0, 0, False, 4
119,0, 0, False, 4
120,0, 0, False, 4
121,0, 0, False, 4
122,0, 0, False, 4
123,0, 0, False, 4
124,0, 0, False, 4
125,0, 0, False, 4
126,0, 0, False, 4
127,0, 0, False, 4
128,0, 0, False, 4
129,0, 0, False, 4
130,0, 0, False, 4
131,0, 0, False, 4
132,0, 0, False, 4
133,0, 0, False, 4
134,0, 0, False, 4
135,0, 0, False, 4
136,0, 0, False, 4
137,0, 0, False, 4
138,0, 0, False, 4
139,0, 0, False, 4
140,0, 0, False, 4
141,0, 0, False, 4
142,0, 0, False, 4
143,0, 0, False, 4
144,0, 0, False, 4
145,0, 0, False, 4
146,0, 0, False, 4
147,0, 0, False, 4
148,0, 0, False, 4
149,0, 0, False, 4
150,0, 0, False, 4
151,0, 0, False, 4
152,0, 0, False, 4
153,0, 0, False, 0
154,0, 0, False, 0
155,0, 0, False, 0
156,0, 0, False, 0
157,0, 0, False, 0
158,0, 0, False, 0
159,0, 0, False, 0
160,0, 0, False, 0
161,0, 0, False, 0
162,0, 0, False, 4
163,0, 0, False, 4
164,0, 0, False, 4
165,0, 0, False, 4
166,0, 0, False, 4
167,0, 0, False, 4
168,0, 0, False, 4
169,0, 0, False, 4
170,0, 0, False, 4
171,0, 0, False, 4
172,0, 0, False, 4
173,0, 0, False, 4
174,0, 0, False, 4
175,0, 0, False, 4
176,0, 0, False, 4
177,0, 0, False, 4
178,0, 0, False, 4
179,0, 0, False, 4
180,0, 0, False, 4
181,0, 0, False, 4
182,0, 0, False, 4
183,0, 0, False, 4
184,0, 0, False, 4
185,0, 0, False, 4
186,0, 0, False, 4
187,0, 0, False, 4
188,0, 0, False, 4
189,0, 0, False, 4
190,0, 0, False, 0
191,0, 0, False, 0
192,0, 0, False, 0
193,0, 0, False, 0
194,0, 0, False, 3
195,0, 0, False, 3
196,0, 0, False, 3
197,0, 0, False, 3
198,0, 0, False, 3
199,0, 0, False, 3
200,0, 0, False, 3
201,0, 0, False, 3
202,0, 0, False, 3
203,0, 0, False, 3
204,0, 0, False, 3
205,0, 0, False, 3
206,0, 0, False, 3
207,0, 0, False, 3
208,0, 0, False, 3
209,0, 0, False, 0
210,0, 0, False, 0
211,0, 0, False, 0
212,0, 0, False, 0
213,0, 0, False, 0
214,0, 0, False, 4
215,0, 0, False, 4
216,0, 0, False, 4
217,0, 0, False, 4
218,0, 0, False, 4
219,0, 0, False, 4
220,0, 0, False, 4
221,0, 0, False, 4
222,0, 0, False, 4
223,0, 0, False, 4
224,0, 0, False, 4
225,0, 0, False, 4
226,0, 0, False, 4
227,0, 0, False, 4
228,0, 0, False, 4
229,0, 0, False, 4
230,0, 0, False, 4
231,0, 0, False, 0
232,0, 0, False, 0
233,0, 0, False, 0
234,0, 0, False, 0
235,0, 0, False, 3
236,0, 0, False, 3
237,0, 0, False, 3
238,0, 0, False, 3
239,0, 0, False, 3
240,0, 0, False, 3
241,0, 0, False, 3
242,0, 0, False, 3
243,0, 0, False, 3
244,0, 0, False, 3
245,0, 0, False, 3
246,0, 0, False, 3
247,0, 0, False, 3
248,0, 0, False, 0
249,0, 0, False, 0
250,0, 0, False, 0
251,0, 0, False, 0
252,0, 0, False, 4
253,0, 0, False, 4
254,0, 0, False, 4
255,0, 0, False, 4
256,0, 0, False, 4
257,0, 0, False, 4
258,0, 0, False, 4
259,0, 0, False, 4
260,0, 0, False, 4
261,0, 0, False, 0
262,0, 0, False, 0
263,0, 0, False, 0
264,0, 0, False, 0
265,0, 0, False, 0
266,0, 0, False, 0
267,0, 0, False, 0
268,0, 0, False, 0
269,0, 0, False, 0
270,0, 0, False, 0
271,0, 0, False, 0
272,0, 0, False, 0
273,10, 10, False, 0
274,0, 10, False, 0
275,0, 10, False, 0
276,0, 10, False, 0
277,0, 10, False, 0
278,0, 10, False, 0
279,0, 10, False, 0
280,0, 10, False, 0
281,0, 10, False, 0
282,0, 10, False, 0
283,0, 10, False, 0
284,0, 10, False, 0
285,0, 10, False, 0
286,0, 10, False, 0
287,10, 20, False, 0
288,0, 20, False, 0
289,0, 20, False, 0
290,0, 20, False, 0
291,0, 20, False, 0
292,0, 20, False, 0
293,0, 20, False, 0
294,0, 20, False, 0
295,0, 20, False, 0
296,0, 20, False, 0
297,0, 20, False, 0
298,0, 20, False, 0
299,0, 20, False, 0
300,0, 20, False, 0
301,10, 30, False, 0
302,0, 30, False, 0
303,0, 30, False, 0
304,0, 30, False, 0
305,0, 30, False, 0
306,0, 30, False, 0
307,0, 30, False, 0
308,0, 30, False, 0
309,0, 30, False, 0
310,0, 30, False, 0
311,0, 30, False, 0
312,0, 30, False, 0
313,10, 40, False, 0
314,0, 40, False, 0
315,0, 40, False, 0
316,0, 40, False, 0
317,0, 40, False, 0
318,0, 40, False, 0
319,0, 40, False, 0
320,0, 40, False, 0
321,0, 40, False, 0
322,0, 40, False, 0
323,0, 40, False, 0
324,0, 40, False, 0
325,0, 40, False, 0
326,0, 40, False, 0
327,10, 50, False, 0
328,0, 50, False, 0
329,0, 50, False, 0
330,0, 50, False, 0
331,0, 50, False, 0
332,0, 50, False, 0
333,0, 50, False, 0
334,0, 50, False, 0
335,0, 50, False, 0
336,0, 50, False, 0
337,0, 50, False, 0
338,0, 50, False, 0
339,0, 50, False, 0
340,0, 50, False, 0
341,10, 60, False, 0
342,0, 60, False, 0
343,0, 60, False, 0
344,0, 60, False, 0
345,0, 60, False, 0
346,0, 60, False, 0
347,0, 60, False, 0
348,0, 60, False, 0
349,0, 60, False, 0
350,0, 60, False, 0
351,0, 60, False, 0
352,0, 60, False, 0
353,0, 60, False, 0
354,0, 60, False, 0
355,0, 60, False, 0
356,0, 60, False, 0
357,0, 60, False, 0
358,0, 60, False, 0
359,0, 60, False, 0
360,0, 60, False, 0
361,0, 60, False, 0
362,0, 60, False, 0
363,0, 60, False, 0
364,0, 60, False, 0
365,0, 60, False, 0
366,0, 60, False, 0
367,0, 60, False, 0
368,0, 60, False, 0
369,0, 60, False, 0
370,0, 60, False, 0
371,0, 60, False, 0
372,0, 60, False, 0
373,0, 60, False, 0
374,0, 60, False, 0
375,0, 60, False, 0
376,0, 60, False, 0
377,0, 60, False, 0
378,0, 60, False, 0
379,0, 60, False, 0
380,0, 60, False, 0
381,0, 60, False, 0
382,0, 60, False, 0
383,0, 60, False, 0
384,0, 60, False, 0
385,0, 60, False, 0
386,0, 60, False, 0
387,0, 60, False, 0
388,0, 60, False, 0
389,0, 60, False, 0
390,0, 60, False, 0
391,0, 60, False, 0
392,0, 60, False, 0
393,0, 60, False, 0
394,0, 60, False, 0
395,0, 60, False, 0
396,0, 60, False, 0
397,0, 60, False, 5
398,0, 60, False, 5
399,0, 60, False, 5
400,0, 60, False, 5
401,0, 60, False, 5
402,0, 60, False, 5
403,0, 60, False, 5
404,0, 60, False, 5
405,0, 60, False, 5
406,0, 60, False, 5
407,0, 60, False, 5
408,0, 60, False, 5
409,0, 60, False, 5
410,0, 60, False, 5
411,0, 60, False, 5
412,0, 60, False, 5
413,0, 60, False, 5
414,0, 60, False, 5
415,0, 60, False, 5
416,0, 60, False, 5
417,0, 60, False, 5
418,0, 60, False, 5
419,0, 60, False, 0
420,0, 60, False, 0
421,0, 60, False, 0
422,0, 60, False, 0
423,0, 60, False, 0
424,0, 60, False, 0
425,0, 60, False, 0
426,0, 60, False, 0
427,0, 60, False, 0
428,0, 60, False, 0
429,0, 60, False, 0
430,0, 60, False, 0
431,0, 60, False, 0
432,0, 60, False, 0
433,0, 60, False, 0
434,0, 60, False, 0
435,0, 60, False, 0
436,0, 60, False, 0
437,0, 60, False, 0
438,0, 60, False, 0
439,0, 60, False, 0
440,0, 60, False, 0
441,0, 60, False, 0
442,0, 60, False, 0
443,0, 60, False, 0
444,0, 60, False, 0
445,0, 60, False, 0
446,0, 60, False, 0
447,0, 60, False, 0
448,0, 60, False, 0
449,0, 60, False, 0
450,0, 60, False, 0
451,0, 60, False, 0
452,0, 60, False, 0
453,0, 60, False, 0
454,0, 60, False, 0
455,0, 60, False, 0
456,0, 60, False, 0
457,0, 60, False, 0
458,0, 60, False, 0
459,0, 60, False, 0
460,0, 60, False, 0
461,0, 60, False, 0
462,0, 60, False, 0
463,0, 60, False, 0
464,0, 60, False, 0
465,0, 60, False, 0
466,0, 60, False, 0
467,0, 60, False, 0
468,0, 60, False, 0
469,0, 60, False, 0
470,0, 60, False, 0
471,0, 60, False, 0
472,0, 60, False, 0
473,0, 60, False, 0
474,0, 60, False, 0
475,0, 60, False, 0
476,0, 60, False, 0
477,0, 60, False, 0
478,0, 60, False, 0
479,0, 60, False, 0
480,0, 60, False, 0
481,0, 60, False, 0
482,0, 60, False, 0
483,0, 60, False, 0
484,0, 60, False, 0
485,0, 60, False, 0
486,0, 60, False, 0
487,0, 60, False, 0
488,0, 60, False, 0
489,0, 60, False, 0
490,0, 60, False, 0
491,0, 60, False, 0
492,0, 60, False, 0
493,0, 60, False, 0
494,0, 60, False, 0
495,0, 60, False, 0
496,0, 60, False, 0
497,0, 60, False, 0
498,0, 60, False, 0
499,0, 60, False, 0
500,0, 60, False, 0
501,0, 60, False, 0
502,0, 60, False, 0
503,0, 60, False, 0
504,0, 60, False, 0
505,0, 60, False, 0
506,0, 60, False, 0
507,0, 60, False, 0
508,0, 60, False, 0
509,0, 60, False, 0
510,0, 60, False, 0
511,0, 60, False, 0
512,0, 60, False, 0
513,0, 60, False, 0
514,0, 60, False, 0
515,0, 60, False, 0
516,0, 60, False, 4
517,0, 60, False, 4
518,0, 60, False, 4
519,0, 60, False, 4
520,0, 60, False, 4
521,0, 60, False, 4
522,0, 60, False, 4
523,0, 60, False, 4
524,0, 60, False, 4
525,0, 60, False, 4
526,0, 60, False, 4
527,0, 60, False, 4
528,0, 60, False, 4
529,0, 60, False, 4
530,0, 60, False, 4
531,0, 60, False, 4
532,0, 60, False, 4
533,0, 60, False, 4
534,0, 60, False, 4
535,0, 60, False, 4
536,0, 60, False, 4
537,0, 60, False, 4
538,0, 60, False, 4
539,0, 60, False, 0
540,0, 60, False, 0
541,0, 60, False, 0
542,0, 60, False, 0
543,0, 60, False, 3
544,0, 60, False, 3
545,0, 60, False, 3
546,0, 60, False, 3
547,0, 60, False, 3
548,0, 60, False, 3
549,0, 60, False, 3
550,0, 60, False, 3
551,0, 60, False, 3
552,0, 60, False, 3
553,0, 60, False, 3
554,0, 60, False, 3
555,0, 60, False, 3
556,0, 60, False, 3
557,0, 60, False, 3
558,0, 60, False, 3
559,0, 60, False, 3
560,0, 60, False, 3
561,0, 60, False, 3
562,0, 60, False, 3
563,0, 60, False, 3
564,0, 60, False, 3
565,0, 60, False, 3
566,0, 60, False, 3
567,0, 60, False, 3
568,0, 60, False, 3
569,0, 60, False, 3
570,0, 60, False, 3
571,0, 60, False, 3
572,0, 60, False, 3
573,0, 60, False, 3
574,0, 60, False, 3
575,0, 60, False, 3
576,0, 60, False, 3
577,0, 60, False, 3
578,0, 60, False, 3
579,0, 60, False, 3
580,0, 60, False, 3
581,0, 60, False, 3
582,0, 60, False, 3
583,0, 60, False, 3
584,0, 60, False, 0
585,10, 70, False, 0
586,0, 70, False, 0
587,0, 70, False, 0
588,0, 70, False, 0
589,0, 70, False, 0
590,0, 70, False, 0
591,0, 70, False, 0
592,0, 70, False, 0
593,0, 70, False, 0
594,0, 70, False, 0
595,0, 70, False, 3
596,0, 70, False, 3
597,10, 80, False, 3
598,0, 80, False, 3
599,0, 80, False, 3
600,0, 80, False, 3
601,0, 80, False, 3
602,0, 80, False, 3
603,0, 80, False, 3
604,0, 80, False, 3
605,0, 80, False, 3
606,0, 80, False, 3
607,0, 80, False, 3
608,0, 80, False, 3
609,0, 80, False, 3
610,0, 80, False, 3
611,10, 90, False, 3
612,0, 90, False, 3
613,0, 90, False, 3
614,0, 90, False, 3
615,0, 90, False, 3
616,0, 90, False, 3
617,0, 90, False, 3
618,0, 90, False, 3
619,0, 90, False, 3
620,0, 90, False, 3
621,0, 90, False, 3
622,0, 90, False, 3
623,0, 90, False, 3
624,0, 90, False, 3
625,10, 100, False, 3
626,0, 100, False, 3
627,0, 100, False, 3
628,0, 100, False, 3
629,0, 100, False, 3
630,0, 100, False, 3
631,0, 100, False, 3
632,0, 100, False, 3
633,0, 100, False, 3
634,0, 100, False, 3
635,0, 100, False, 3
636,0, 100, False, 3
637,10, 110, False, 3
638,0, 110, False, 3
639,0, 110, False, 3
640,0, 110, False, 3
641,0, 110, False, 3
642,0, 110, False, 3
643,0, 110, False, 3
644,0, 110, False, 3
645,0, 110, False, 0
646,0, 110, False, 0
647,0, 110, False, 0
648,0, 110, False, 0
649,0, 110, False, 0
650,0, 110, False, 0
651,10, 120, False, 0
652,0, 120, False, 5
653,0, 120, False, 5
654,0, 120, False, 5
655,0, 120, False, 5
656,0, 120, False, 5
657,0, 120, False, 5
658,0, 120, False, 5
659,0, 120, False, 5
660,0, 120, False, 5
661,0, 120, False, 5
662,0, 120, False, 5
663,0, 120, False, 5
664,0, 120, False, 5
665,10, 130, False, 5
666,0, 130, False, 5
667,0, 130, False, 5
668,0, 130, False, 5
669,0, 130, False, 5
670,0, 130, False, 5
671,0, 130, False, 5
672,0, 130, False, 5
673,0, 130, False, 5
674,0, 130, False, 5
675,0, 130, False, 5
676,0, 130, False, 5
677,0, 130, False, 5
678,0, 130, False, 5
679,10, 140, False, 5
680,0, 140, False, 5
681,0, 140, False, 5
682,0, 140, False, 5
683,0, 140, False, 5
684,0, 140, False, 5
685,0, 140, False, 5
686,0, 140, False, 5
687,0, 140, False, 5
688,0, 140, False, 5
689,0, 140, False, 5
690,0, 140, False, 5
691,0, 140, False, 5
692,0, 140, False, 5
693,10, 150, False, 5
694,0, 150, False, 5
695,0, 150, False, 5
696,0, 150, False, 5
697,0, 150, False, 5
698,0, 150, False, 5
699,0, 150, False, 5
700,0, 150, False, 5
701,0, 150, False, 5
702,0, 150, False, 5
703,0, 150, False, 5
704,0, 150, False, 5
705,0, 150, False, 5
706,0, 150, False, 5
707,10, 160, False, 5
708,0, 160, False, 5
709,0, 160, False, 5
710,0, 160, False, 5
711,0, 160, False, 5
712,0, 160, False, 5
713,0, 160, False, 5
714,0, 160, False, 5
715,0, 160, False, 5
716,0, 160, False, 5
717,0, 160, False, 5
718,0, 160, False, 5
719,0, 160, False, 0
720,0, 160, False, 3
721,10, 170, False, 3
722,0, 170, False, 3
723,0, 170, False, 3
724,0, 170, False, 3
725,0, 170, False, 3
726,0, 170, False, 3
727,0, 170, False, 3
728,0, 170, False, 3
729,0, 170, False, 3
730,0, 170, False, 3
731,0, 170, False, 3
732,0, 170, False, 3
733,0, 170, False, 3
734,0, 170, False, 3
735,10, 180, False, 3
736,0, 180, False, 3
737,0, 180, False, 3
738,0, 180, False, 3
739,0, 180, False, 3
740,0, 180, False, 3
741,0, 180, False, 3
742,0, 180, False, 3
743,0, 180, False, 3
744,0, 180, False, 3
745,0, 180, False, 3
746,0, 180, False, 3
747,0, 180, False, 3
748,0, 180, False, 3
749,10, 190, False, 3
750,0, 190, False, 3
751,0, 190, False, 3
752,0, 190, False, 3
753,0, 190, False, 3
754,0, 190, False, 3
755,0, 190, False, 3
756,0, 190, False, 3
757,0, 190, False, 3
758,0, 190, False, 3
759,0, 190, False, 3
760,0, 190, False, 3
761,10, 200, False, 3
762,0, 200, False, 3
763,0, 200, False, 3
764,0, 200, False, 6
765,0, 200, False, 2
766,0, 200, False, 2
767,0, 200, False, 2
768,0, 200, False, 2
769,0, 200, False, 2
770,0, 200, False, 2
771,0, 200, False, 2
772,0, 200, False, 2
773,0, 200, False, 2
774,0, 200, False, 2
775,0, 200, False, 2
776,0, 200, False, 2
777,0, 200, False, 2
778,0, 200, False, 2
779,0, 200, False, 2
780,0, 200, False, 2
781,0, 200, False, 2
782,0, 200, False, 2
783,50, 250, False, 2
784,0, 250, False, 2
785,0, 250, False, 2
786,0, 250, False, 2
787,0, 250, False, 2
788,0, 250, False, 2
789,0, 250, False, 2
790,0, 250, False, 2
791,10, 260, False, 2
792,0, 260, False, 2
793,0, 260, False, 2
794,0, 260, False, 2
795,0, 260, False, 2
796,0, 260, False, 2
797,0, 260, False, 2
798,0, 260, False, 2
799,0, 260, False, 2
800,0, 260, False, 2
801,0, 260, False, 2
802,0, 260, False, 2
803,0, 260, False, 2
804,0, 260, False, 2
805,10, 270, False, 2
806,0, 270, False, 0
807,0, 270, False, 4
808,0, 270, False, 4
809,0, 270, False, 4
810,0, 270, False, 4
811,0, 270, False, 4
812,0, 270, False, 4
813,0, 270, False, 4
814,0, 270, False, 4
815,0, 270, False, 4
816,0, 270, False, 4
817,0, 270, False, 4
818,0, 270, False, 4
819,10, 280, False, 4
820,0, 280, False, 4
821,0, 280, False, 4
822,0, 280, False, 0
823,0, 280, False, 0
824,0, 280, False, 0
825,0, 280, False, 0
826,0, 280, False, 0
827,0, 280, False, 0
828,0, 280, False, 0
829,0, 280, False, 0
830,0, 280, False, 2
831,0, 280, False, 2
832,0, 280, False, 2
833,10, 290, False, 2
834,0, 290, False, 2
835,0, 290, False, 2
836,0, 290, False, 2
837,0, 290, False, 2
838,0, 290, False, 2
839,0, 290, False, 2
840,0, 290, False, 2
841,0, 290, False, 2
842,0, 290, False, 2
843,0, 290, False, 2
844,0, 290, False, 2
845,0, 290, False, 2
846,0, 290, False, 2
847,0, 290, False, 2
848,0, 290, False, 2
849,0, 290, False, 2
850,0, 290, False, 2
851,0, 290, False, 2
852,0, 290, False, 2
853,0, 290, False, 2
854,0, 290, False, 2
855,0, 290, False, 2
856,0, 290, False, 2
857,0, 290, False, 2
858,0, 290, False, 2
859,0, 290, False, 2
860,0, 290, False, 2
861,0, 290, False, 2
862,0, 290, False, 2
863,0, 290, False, 2
864,0, 290, False, 2
865,0, 290, False, 2
866,0, 290, False, 2
867,0, 290, False, 2
868,0, 290, False, 2
869,0, 290, False, 2
870,0, 290, False, 2
871,0, 290, False, 0
872,0, 290, False, 0
873,0, 290, False, 0
874,0, 290, False, 0
875,0, 290, False, 0
876,0, 290, False, 0
877,0, 290, False, 0
878,0, 290, False, 0
879,0, 290, False, 0
880,0, 290, False, 0
881,0, 290, False, 0
882,0, 290, False, 0
883,0, 290, False, 0
884,0, 290, False, 0
885,0, 290, False, 0
886,0, 290, False, 0
887,0, 290, False, 0
888,0, 290, False, 5
889,0, 290, False, 5
890,0, 290, False, 5
891,0, 290, False, 5
892,0, 290, False, 5
893,0, 290, False, 5
894,0, 290, False, 5
895,0, 290, False, 5
896,0, 290, False, 5
897,0, 290, False, 5
898,0, 290, False, 5
899,0, 290, False, 5
900,0, 290, False, 5
901,0, 290, False, 5
902,0, 290, False, 5
903,0, 290, False, 5
904,0, 290, False, 5
905,0, 290, False, 5
906,0, 290, False, 5
907,0, 290, False, 5
908,0, 290, False, 5
909,0, 290, False, 5
910,0, 290, False, 5
911,0, 290, False, 0
912,0, 290, False, 0
913,0, 290, False, 0
914,0, 290, False, 0
915,0, 290, False, 0
916,0, 290, False, 0
917,0, 290, False, 0
918,0, 290, False, 0
919,0, 290, False, 0
920,0, 290, False, 0
921,0, 290, False, 0
922,0, 290, False, 0
923,0, 290, False, 0
924,0, 290, False, 0
925,0, 290, False, 0
926,0, 290, False, 0
927,0, 290, False, 0
928,0, 290, False, 0
929,0, 290, False, 0
930,0, 290, False, 0
931,0, 290, False, 0
932,0, 290, False, 0
933,0, 290, False, 0
934,0, 290, False, 0
935,0, 290, False, 0
936,0, 290, False, 0
937,0, 290, False, 0
938,0, 290, False, 0
939,0, 290, False, 0
940,0, 290, False, 0
941,0, 290, False, 0
942,0, 290, False, 0
943,0, 290, False, 0
944,0, 290, False, 0
945,0, 290, False, 0
946,0, 290, False, 0
947,0, 290, False, 0
948,0, 290, False, 0
949,0, 290, False, 0
950,0, 290, False, 0
951,0, 290, False, 0
952,0, 290, False, 0
953,0, 290, False, 0
954,0, 290, False, 0
955,0, 290, False, 0
956,0, 290, False, 0
957,0, 290, False, 0
958,0, 290, False, 4
959,0, 290, False, 4
960,0, 290, False, 4
961,0, 290, False, 4
962,0, 290, False, 4
963,0, 290, False, 4
964,0, 290, False, 4
965,0, 290, False, 4
966,0, 290, False, 4
967,10, 300, False, 4
968,0, 300, False, 4
969,0, 300, False, 4
970,0, 300, False, 4
971,0, 300, False, 4
972,0, 300, False, 4
973,0, 300, False, 4
974,0, 300, False, 4
975,0, 300, False, 4
976,0, 300, False, 4
977,0, 300, False, 4
978,0, 300, False, 4
979,0, 300, False, 4
980,0, 300, False, 4
981,10, 310, False, 4
982,0, 310, False, 4
983,0, 310, False, 4
984,0, 310, False, 4
985,0, 310, False, 4
986,0, 310, False, 4
987,0, 310, False, 4
988,0, 310, False, 4
989,0, 310, False, 4
990,0, 310, False, 4
991,0, 310, False, 4
992,0, 310, False, 4
993,10, 320, False, 4
994,0, 320, False, 4
995,0, 320, False, 4
996,0, 320, False, 4
997,0, 320, False, 4
998,0, 320, False, 4
999,0, 320, False, 4
1000,0, 320, False, 4
1001,0, 320, False, 4
1002,0, 320, False, 4
1003,0, 320, False, 4
1004,0, 320, False, 4
1005,0, 320, False, 4
1006,0, 320, False, 4
1007,10, 330, False, 4
1008,0, 330, False, 4
1009,0, 330, False, 4
1010,0, 330, False, 4
1011,0, 330, False, 4
1012,0, 330, False, 4
1013,0, 330, False, 4
1014,0, 330, False, 4
1015,0, 330, False, 4
1016,0, 330, False, 4
1017,0, 330, False, 4
1018,0, 330, False, 4
1019,0, 330, False, 4
1020,0, 330, False, 4
1021,10, 340, False, 4
1022,0, 340, False, 4
1023,0, 340, False, 4
1024,0, 340, False, 4
1025,0, 340, False, 4
1026,0, 340, False, 0
1027,0, 340, False, 0
1028,0, 340, False, 0
1029,0, 340, False, 0
1030,0, 340, False, 0
1031,0, 340, False, 0
1032,0, 340, False, 0
1033,0, 340, False, 0
1034,0, 340, False, 0
1035,0, 340, False, 0
1036,0, 340, False, 0
1037,0, 340, False, 0
1038,0, 340, False, 0
1039,10, 350, False, 0
1040,0, 350, False, 0
1041,0, 350, False, 0
1042,0, 350, False, 0
1043,0, 350, False, 0
1044,0, 350, False, 0
1045,0, 350, False, 0
1046,0, 350, False, 0
1047,0, 350, False, 0
1048,0, 350, False, 0
1049,0, 350, False, 0
1050,0, 350, False, 0
1051,0, 350, False, 0
1052,0, 350, False, 0
1053,10, 360, False, 0
1054,0, 360, False, 0
1055,0, 360, False, 0
1056,0, 360, False, 0
1057,0, 360, False, 0
1058,0, 360, False, 0
1059,0, 360, False, 0
1060,0, 360, False, 0
1061,0, 360, False, 0
1062,0, 360, False, 0
1063,0, 360, False, 0
1064,0, 360, False, 0
1065,10, 370, False, 0
1066,0, 370, False, 0
1067,0, 370, False, 0
1068,0, 370, False, 0
1069,0, 370, False, 0
1070,0, 370, False, 0
1071,0, 370, False, 0
1072,0, 370, False, 0
1073,0, 370, False, 0
1074,0, 370, False, 0
1075,0, 370, False, 0
1076,0, 370, False, 0
1077,0, 370, False, 0
1078,0, 370, False, 0
1079,10, 380, False, 0
1080,0, 380, False, 0
1081,0, 380, False, 0
1082,0, 380, False, 0
1083,0, 380, False, 0
1084,0, 380, False, 0
1085,0, 380, False, 0
1086,0, 380, False, 0
1087,0, 380, False, 0
1088,0, 380, False, 0
1089,0, 380, False, 0
1090,0, 380, False, 0
1091,0, 380, False, 0
1092,0, 380, False, 0
1093,10, 390, False, 0
1094,0, 390, False, 0
1095,0, 390, False, 0
1096,0, 390, False, 0
1097,0, 390, False, 0
1098,0, 390, False, 0
1099,0, 390, False, 0
1100,0, 390, False, 0
1101,0, 390, False, 0
1102,0, 390, False, 0
1103,0, 390, False, 0
1104,0, 390, False, 0
1105,10, 400, False, 0
1106,0, 400, False, 0
1107,0, 400, False, 0
1108,0, 400, False, 0
1109,0, 400, False, 0
1110,0, 400, False, 0
1111,0, 400, False, 0
1112,0, 400, False, 0
1113,0, 400, False, 0
1114,0, 400, False, 0
1115,0, 400, False, 0
1116,0, 400, False, 0
1117,0, 400, False, 0
1118,0, 400, False, 0
1119,10, 410, False, 0
1120,0, 410, False, 0
1121,0, 410, False, 0
1122,0, 410, False, 0
1123,0, 410, False, 0
1124,0, 410, False, 0
1125,0, 410, False, 0
1126,0, 410, False, 0
1127,0, 410, False, 0
1128,0, 410, False, 0
1129,0, 410, False, 0
1130,0, 410, False, 0
1131,0, 410, False, 0
1132,0, 410, False, 0
1133,10, 420, False, 0
1134,0, 420, False, 0
1135,0, 420, False, 0
1136,0, 420, False, 0
1137,0, 420, False, 0
1138,0, 420, False, 0
1139,0, 420, False, 0
1140,0, 420, False, 0
1141,0, 420, False, 0
1142,0, 420, False, 0
1143,0, 420, False, 0
1144,0, 420, False, 0
1145,10, 430, False, 0
1146,0, 430, False, 0
1147,0, 430, False, 0
1148,0, 430, False, 2
1149,0, 430, False, 2
1150,0, 430, False, 2
1151,0, 430, False, 2
1152,0, 430, False, 2
1153,0, 430, False, 2
1154,0, 430, False, 2
1155,0, 430, False, 2
1156,0, 430, False, 2
1157,0, 430, False, 2
1158,0, 430, False, 2
1159,50, 480, False, 2
1160,0, 480, False, 2
1161,0, 480, False, 2
1162,0, 480, False, 2
1163,0, 480, False, 2
1164,0, 480, False, 2
1165,0, 480, False, 2
1166,0, 480, False, 2
1167,0, 480, False, 2
1168,0, 480, False, 2
1169,0, 480, False, 2
1170,0, 480, False, 2
1171,0, 480, False, 0
1172,0, 480, False, 0
1173,10, 490, False, 0
1174,0, 490, False, 0
1175,0, 490, False, 0
1176,0, 490, False, 0
1177,0, 490, False, 0
1178,0, 490, False, 0
1179,0, 490, False, 0
1180,0, 490, False, 0
1181,0, 490, False, 0
1182,0, 490, False, 0
1183,0, 490, False, 0
1184,0, 490, False, 0
1185,0, 490, False, 0
1186,0, 490, False, 0
1187,10, 500, False, 3
1188,0, 500, False, 3
1189,0, 500, False, 3
1190,0, 500, False, 3
1191,0, 500, False, 3
1192,0, 500, False, 3
1193,0, 500, False, 3
1194,0, 500, False, 0
1195,0, 500, False, 0
1196,0, 500, False, 0
1197,10, 510, False, 0
1198,0, 510, False, 0
1199,0, 510, False, 0
1200,0, 510, False, 0
1201,0, 510, False, 0
1202,0, 510, False, 2
1203,0, 510, False, 2
1204,0, 510, False, 2
1205,0, 510, False, 2
1206,0, 510, False, 2
1207,0, 510, False, 2
1208,0, 510, False, 2
1209,0, 510, False, 2
1210,0, 510, False, 2
1211,0, 510, False, 2
1212,0, 510, False, 0
1213,0, 510, False, 0
1214,0, 510, False, 0
1215,10, 520, False, 0
1216,0, 520, False, 0
1217,0, 520, False, 0
1218,0, 520, False, 0
1219,0, 520, False, 0
1220,0, 520, False, 0
1221,0, 520, False, 0
1222,0, 520, False, 0
1223,0, 520, False, 0
1224,0, 520, False, 0
1225,0, 520, False, 0
1226,0, 520, False, 0
1227,0, 520, False, 0
1228,0, 520, False, 0
1229,10, 530, False, 0
1230,0, 530, False, 0
1231,0, 530, False, 0
1232,0, 530, False, 0
1233,0, 530, False, 0
1234,0, 530, False, 0
1235,0, 530, False, 0
1236,0, 530, False, 0
1237,0, 530, False, 0
1238,0, 530, False, 4
1239,0, 530, False, 4
1240,0, 530, False, 4
1241,0, 530, False, 4
1242,0, 530, False, 4
1243,10, 540, False, 4
1244,0, 540, False, 4
1245,0, 540, False, 4
1246,0, 540, False, 4
1247,0, 540, False, 4
1248,0, 540, False, 4
1249,0, 540, False, 4
1250,0, 540, False, 4
1251,0, 540, False, 0
1252,0, 540, False, 0
1253,0, 540, False, 0
1254,0, 540, False, 0
1255,0, 540, False, 0
1256,0, 540, False, 0
1257,10, 550, False, 0
1258,0, 550, False, 0
1259,0, 550, False, 0
1260,0, 550, False, 0
1261,0, 550, False, 0
1262,0, 550, False, 0
1263,0, 550, False, 0
1264,0, 550, False, 0
1265,0, 550, False, 0
1266,0, 550, False, 0
1267,0, 550, False, 0
1268,0, 550, False, 0
1269,0, 550, False, 0
1270,0, 550, False, 0
1271,10, 560, False, 0
1272,0, 560, False, 0
1273,0, 560, False, 0
1274,0, 560, False, 0
1275,0, 560, False, 0
1276,0, 560, False, 0
1277,0, 560, False, 0
1278,0, 560, False, 0
1279,0, 560, False, 0
1280,0, 560, False, 0
1281,0, 560, False, 0
1282,0, 560, False, 0
1283,0, 560, False, 0
1284,0, 560, False, 0
1285,10, 570, False, 0
1286,0, 570, False, 0
1287,0, 570, False, 0
1288,0, 570, False, 0
1289,0, 570, False, 0
1290,0, 570, False, 0
1291,0, 570, False, 0
1292,0, 570, False, 0
1293,0, 570, False, 0
1294,0, 570, False, 0
1295,0, 570, False, 0
1296,0, 570, False, 0
1297,0, 570, False, 0
1298,0, 570, False, 0
1299,10, 580, False, 0
1300,0, 580, False, 0
1301,0, 580, False, 0
1302,0, 580, False, 0
1303,0, 580, False, 0
1304,0, 580, False, 0
1305,0, 580, False, 0
1306,0, 580, False, 4
1307,0, 580, False, 4
1308,0, 580, False, 4
1309,0, 580, False, 4
1310,0, 580, False, 4
1311,0, 580, False, 4
1312,0, 580, False, 4
1313,10, 590, False, 4
1314,0, 590, False, 4
1315,0, 590, False, 4
1316,0, 590, False, 4
1317,0, 590, False, 4
1318,0, 590, False, 4
1319,0, 590, False, 4
1320,0, 590, False, 4
1321,0, 590, False, 4
1322,0, 590, False, 0
1323,0, 590, False, 0
1324,0, 590, False, 0
1325,10, 600, False, 0
1326,0, 600, False, 0
1327,0, 600, False, 0
1328,0, 600, False, 0
1329,0, 600, False, 2
1330,0, 600, False, 2
1331,0, 600, False, 2
1332,0, 600, False, 2
1333,0, 600, False, 2
1334,0, 600, False, 2
1335,0, 600, False, 2
1336,0, 600, False, 2
1337,0, 600, False, 2
1338,0, 600, False, 2
1339,50, 650, False, 2
1340,0, 650, False, 2
1341,0, 650, False, 2
1342,0, 650, False, 2
1343,0, 650, False, 2
1344,0, 650, False, 0
1345,0, 650, False, 0
1346,0, 650, False, 0
1347,0, 650, False, 0
1348,0, 650, False, 0
1349,0, 650, False, 0
1350,0, 650, False, 0
1351,0, 650, False, 0
1352,0, 650, False, 0
1353,0, 650, False, 3
1354,0, 650, False, 3
1355,10, 660, False, 3
1356,0, 660, False, 3
1357,0, 660, False, 3
1358,0, 660, False, 3
1359,0, 660, False, 3
1360,0, 660, False, 3
1361,0, 660, False, 3
1362,0, 660, False, 3
1363,0, 660, False, 3
1364,0, 660, False, 3
1365,10, 670, False, 3
1366,0, 670, False, 3
1367,0, 670, False, 3
1368,0, 670, False, 3
1369,0, 670, False, 3
1370,0, 670, False, 3
1371,0, 670, False, 3
1372,0, 670, False, 3
1373,0, 670, False, 3
1374,0, 670, False, 3
1375,0, 670, False, 3
1376,0, 670, False, 3
1377,10, 680, False, 3
1378,0, 680, False, 3
1379,0, 680, False, 3
1380,0, 680, False, 3
1381,0, 680, False, 3
1382,0, 680, False, 3
1383,0, 680, False, 3
1384,0, 680, False, 3
1385,0, 680, False, 3
1386,0, 680, False, 3
1387,0, 680, False, 3
1388,0, 680, False, 3
1389,0, 680, False, 3
1390,0, 680, False, 3
1391,10, 690, False, 3
1392,0, 690, False, 3
1393,0, 690, False, 3
1394,0, 690, False, 3
1395,0, 690, False, 3
1396,0, 690, False, 3
1397,0, 690, False, 3
1398,0, 690, False, 0
1399,0, 690, False, 0
1400,0, 690, False, 0
1401,0, 690, False, 0
1402,0, 690, False, 0
1403,0, 690, False, 5
1404,0, 690, False, 5
1405,0, 690, False, 5
1406,0, 690, False, 5
1407,0, 690, False, 5
1408,0, 690, False, 5
1409,0, 690, False, 5
1410,0, 690, False, 5
1411,10, 700, False, 5
1412,0, 700, False, 0
1413,0, 700, False, 0
1414,0, 700, False, 0
1415,0, 700, False, 0
1416,0, 700, False, 0
1417,0, 700, False, 0
1418,0, 700, False, 0
1419,0, 700, False, 0
1420,0, 700, False, 0
1421,0, 700, False, 0
1422,0, 700, False, 0
1423,0, 700, False, 0
1424,0, 700, False, 0
1425,10, 710, False, 0
1426,0, 710, False, 0
1427,0, 710, False, 0
1428,0, 710, False, 0
1429,0, 710, False, 0
1430,0, 710, False, 0
1431,0, 710, False, 0
1432,0, 710, False, 0
1433,0, 710, False, 0
1434,0, 710, False, 0
1435,0, 710, False, 0
1436,0, 710, False, 0
1437,0, 710, False, 0
1438,0, 710, False, 0
1439,10, 720, False, 0
1440,0, 720, False, 0
1441,0, 720, False, 0
1442,0, 720, False, 4
1443,0, 720, False, 4
1444,0, 720, False, 4
1445,0, 720, False, 4
1446,0, 720, False, 4
1447,0, 720, False, 4
1448,0, 720, False, 4
1449,0, 720, False, 4
1450,0, 720, False, 4
1451,0, 720, False, 4
1452,0, 720, False, 4
1453,10, 730, False, 4
1454,0, 730, False, 4
1455,0, 730, False, 4
1456,0, 730, False, 0
1457,0, 730, False, 0
1458,0, 730, False, 0
1459,0, 730, False, 0
1460,0, 730, False, 0
1461,0, 730, False, 0
1462,0, 730, False, 0
1463,0, 730, False, 0
1464,0, 730, False, 0
1465,0, 730, False, 0
1466,0, 730, False, 0
1467,0, 730, False, 0
1468,0, 730, False, 0
1469,0, 730, False, 0
1470,0, 730, False, 0
1471,0, 730, False, 0
1472,0, 730, False, 2
1473,0, 730, False, 2
1474,0, 730, False, 2
1475,0, 730, False, 2
1476,0, 730, False, 2
1477,0, 730, False, 2
1478,0, 730, False, 2
1479,0, 730, False, 2
1480,0, 730, False, 2
1481,0, 730, False, 2
1482,0, 730, False, 2
1483,0, 730, False, 0
1484,0, 730, False, 0
1485,0, 730, False, 0
1486,0, 730, False, 0
1487,0, 730, False, 0
1488,0, 730, False, 0
1489,0, 730, False, 0
1490,0, 730, False, 0
1491,0, 730, False, 0
1492,0, 730, False, 0
1493,100, 830, False, 0
1494,0, 830, False, 0
1495,0, 830, False, 0
1496,0, 830, False, 0
1497,0, 830, False, 0
1498,0, 830, False, 0
1499,0, 830, False, 4
1500,0, 830, False, 4
1501,0, 830, False, 4
1502,0, 830, False, 4
1503,0, 830, False, 4
1504,0, 830, False, 4
1505,0, 830, False, 4
1506,0, 830, False, 4
1507,0, 830, False, 4
1508,0, 830, False, 4
1509,0, 830, False, 4
1510,0, 830, False, 4
1511,0, 830, False, 4
1512,0, 830, False, 4
1513,0, 830, False, 4
1514,0, 830, False, 4
1515,0, 830, False, 4
1516,0, 830, False, 4
1517,0, 830, False, 4
1518,0, 830, False, 4
1519,0, 830, False, 4
1520,0, 830, False, 4
1521,0, 830, False, 4
1522,0, 830, False, 4
1523,0, 830, False, 4
1524,0, 830, False, 4
1525,0, 830, False, 4
1526,0, 830, False, 4
1527,10, 840, False, 4
1528,0, 840, False, 4
1529,0, 840, False, 4
1530,0, 840, False, 4
1531,0, 840, False, 4
1532,0, 840, False, 4
1533,0, 840, False, 4
1534,0, 840, False, 4
1535,0, 840, False, 4
1536,0, 840, False, 4
1537,0, 840, False, 4
1538,0, 840, False, 4
1539,0, 840, False, 4
1540,0, 840, False, 4
1541,0, 840, False, 4
1542,0, 840, False, 4
1543,0, 840, False, 4
1544,0, 840, False, 4
1545,0, 840, False, 4
1546,0, 840, False, 4
1547,0, 840, False, 4
1548,0, 840, False, 0
1549,0, 840, False, 0
1550,0, 840, False, 0
1551,0, 840, False, 0
1552,0, 840, False, 0
1553,0, 840, False, 0
1554,0, 840, False, 0
1555,0, 840, False, 0
1556,0, 840, False, 0
1557,0, 840, False, 0
1558,0, 840, False, 5
1559,0, 840, False, 5
1560,0, 840, False, 5
1561,0, 840, False, 5
1562,0, 840, False, 5
1563,0, 840, False, 5
1564,0, 840, False, 5
1565,0, 840, False, 5
1566,0, 840, False, 5
1567,0, 840, False, 0
1568,0, 840, False, 0
1569,0, 840, False, 0
1570,0, 840, False, 0
1571,0, 840, False, 0
1572,0, 840, False, 0
1573,0, 840, False, 0
1574,0, 840, False, 0
1575,0, 840, False, 0
1576,0, 840, False, 0
1577,0, 840, False, 0
1578,0, 840, False, 0
1579,0, 840, False, 0
1580,0, 840, False, 0
1581,0, 840, False, 0
1582,0, 840, False, 0
1583,0, 840, False, 0
1584,0, 840, False, 0
1585,0, 840, False, 0
1586,0, 840, False, 0
1587,0, 840, False, 0
1588,0, 840, False, 0
1589,0, 840, False, 0
1590,0, 840, False, 0
1591,0, 840, False, 0
1592,0, 840, False, 0
1593,0, 840, False, 0
1594,0, 840, False, 0
1595,0, 840, False, 0
1596,0, 840, False, 0
1597,0, 840, False, 3
1598,0, 840, False, 3
1599,0, 840, False, 3
1600,0, 840, False, 3
1601,0, 840, False, 3
1602,0, 840, False, 3
1603,0, 840, False, 3
1604,0, 840, False, 0
1605,0, 840, False, 0
1606,0, 840, False, 0
1607,0, 840, False, 0
1608,0, 840, False, 0
1609,0, 840, False, 5
1610,0, 840, False, 5
1611,0, 840, False, 5
1612,0, 840, False, 5
1613,0, 840, False, 5
1614,0, 840, False, 5
1615,0, 840, False, 5
1616,0, 840, False, 5
1617,0, 840, False, 5
1618,0, 840, False, 5
1619,0, 840, False, 0
1620,0, 840, False, 0
1621,0, 840, False, 0
1622,0, 840, False, 0
1623,0, 840, False, 0
1624,0, 840, False, 0
1625,0, 840, False, 0
1626,0, 840, False, 0
1627,0, 840, False, 0
1628,0, 840, False, 0
1629,0, 840, False, 0
1630,0, 840, False, 0
1631,0, 840, False, 0
1632,0, 840, False, 0
1633,0, 840, False, 0
1634,0, 840, False, 0
1635,0, 840, False, 0
1636,0, 840, False, 0
1637,10, 850, False, 0
1638,0, 850, False, 0
1639,0, 850, False, 0
1640,0, 850, False, 0
1641,0, 850, False, 0
1642,0, 850, False, 0
1643,0, 850, False, 0
1644,0, 850, False, 0
1645,0, 850, False, 0
1646,0, 850, False, 0
1647,0, 850, False, 0
1648,0, 850, False, 0
1649,0, 850, False, 0
1650,0, 850, False, 0
1651,10, 860, False, 0
1652,0, 860, False, 0
1653,0, 860, False, 0
1654,0, 860, False, 0
1655,0, 860, False, 0
1656,0, 860, False, 0
1657,0, 860, False, 0
1658,0, 860, False, 0
1659,0, 860, False, 0
1660,0, 860, False, 0
1661,0, 860, False, 0
1662,0, 860, False, 0
1663,0, 860, False, 0
1664,0, 860, False, 0
1665,10, 870, False, 0
1666,0, 870, False, 0
1667,0, 870, False, 0
1668,0, 870, False, 0
1669,0, 870, False, 0
1670,0, 870, False, 0
1671,0, 870, False, 0
1672,0, 870, False, 0
1673,0, 870, False, 0
1674,0, 870, False, 0
1675,0, 870, False, 0
1676,0, 870, False, 0
1677,10, 880, False, 0
1678,0, 880, False, 0
1679,0, 880, False, 0
1680,0, 880, False, 0
1681,0, 880, False, 0
1682,0, 880, False, 0
1683,0, 880, False, 0
1684,0, 880, False, 0
1685,0, 880, False, 0
1686,0, 880, False, 0
1687,0, 880, False, 0
1688,0, 880, False, 0
1689,0, 880, False, 0
1690,0, 880, False, 0
1691,10, 890, False, 0
1692,0, 890, False, 0
1693,0, 890, False, 0
1694,0, 890, False, 0
1695,0, 890, False, 0
1696,0, 890, False, 0
1697,0, 890, False, 0
1698,0, 890, False, 0
1699,0, 890, False, 0
1700,0, 890, False, 0
1701,0, 890, False, 0
1702,0, 890, False, 0
1703,0, 890, False, 0
1704,0, 890, False, 0
1705,0, 890, False, 0
1706,0, 890, False, 0
1707,0, 890, False, 0
1708,0, 890, False, 0
1709,10, 900, False, 0
1710,0, 900, False, 0
1711,0, 900, False, 0
1712,0, 900, False, 0
1713,0, 900, False, 0
1714,0, 900, False, 0
1715,0, 900, False, 0
1716,0, 900, False, 0
1717,0, 900, False, 0
1718,0, 900, False, 0
1719,0, 900, False, 0
1720,0, 900, False, 0
1721,0, 900, False, 0
1722,0, 900, False, 0
1723,10, 910, False, 0
1724,0, 910, False, 0
1725,0, 910, False, 0
1726,0, 910, False, 0
1727,0, 910, False, 0
1728,0, 910, False, 0
1729,0, 910, False, 0
1730,0, 910, False, 0
1731,0, 910, False, 0
1732,0, 910, False, 0
1733,0, 910, False, 0
1734,0, 910, False, 0
1735,0, 910, False, 0
1736,0, 910, False, 0
1737,10, 920, False, 0
1738,0, 920, False, 0
1739,0, 920, False, 0
1740,0, 920, False, 0
1741,0, 920, False, 0
1742,0, 920, False, 0
1743,0, 920, False, 0
1744,0, 920, False, 0
1745,0, 920, False, 0
1746,0, 920, False, 0
1747,0, 920, False, 0
1748,0, 920, False, 0
1749,10, 930, False, 0
1750,0, 930, False, 0
1751,0, 930, False, 0
1752,0, 930, False, 0
1753,0, 930, False, 0
1754,0, 930, False, 0
1755,0, 930, False, 0
1756,0, 930, False, 0
1757,0, 930, False, 0
1758,0, 930, False, 0
1759,0, 930, False, 0
1760,0, 930, False, 0
1761,0, 930, False, 0
1762,0, 930, False, 0
1763,10, 940, False, 0
1764,0, 940, False, 0
1765,0, 940, False, 0
1766,0, 940, False, 0
1767,0, 940, False, 0
1768,0, 940, False, 0
1769,0, 940, False, 0
1770,0, 940, False, 0
1771,0, 940, False, 0
1772,0, 940, False, 0
1773,0, 940, False, 0
1774,0, 940, False, 0
1775,0, 940, False, 0
1776,0, 940, False, 0
1777,10, 950, False, 0
1778,0, 950, False, 0
1779,0, 950, False, 0
1780,0, 950, False, 0
1781,0, 950, False, 0
1782,0, 950, False, 0
1783,0, 950, False, 0
1784,0, 950, False, 0
1785,0, 950, False, 0
1786,0, 950, False, 0
1787,0, 950, False, 0
1788,0, 950, False, 0
1789,10, 960, False, 0
1790,0, 960, False, 0
1791,0, 960, False, 0
1792,0, 960, False, 0
1793,0, 960, False, 0
1794,0, 960, False, 0
1795,0, 960, False, 0
1796,0, 960, False, 0
1797,0, 960, False, 0
1798,0, 960, False, 0
1799,0, 960, False, 0
1800,0, 960, False, 0
1801,0, 960, False, 0
1802,0, 960, False, 0
1803,10, 970, False, 0
1804,0, 970, False, 0
1805,0, 970, False, 0
1806,0, 970, False, 0
1807,0, 970, False, 0
1808,0, 970, False, 0
1809,0, 970, False, 0
1810,0, 970, False, 0
1811,0, 970, False, 0
1812,0, 970, False, 0
1813,0, 970, False, 0
1814,0, 970, False, 0
1815,0, 970, False, 0
1816,0, 970, False, 0
1817,10, 980, False, 0
1818,0, 980, False, 0
1819,0, 980, False, 0
1820,0, 980, False, 0
1821,0, 980, False, 0
1822,0, 980, False, 0
1823,0, 980, False, 0
1824,0, 980, False, 0
1825,0, 980, False, 0
1826,0, 980, False, 0
1827,0, 980, False, 0
1828,0, 980, False, 0
1829,0, 980, False, 0
1830,0, 980, False, 0
1831,0, 980, False, 0
1832,0, 980, False, 0
1833,0, 980, False, 0
1834,0, 980, False, 0
1835,0, 980, False, 0
1836,0, 980, False, 0
1837,0, 980, False, 0
1838,0, 980, False, 0
1839,0, 980, False, 0
1840,0, 980, False, 0
1841,0, 980, False, 0
1842,0, 980, False, 0
1843,0, 980, False, 0
1844,0, 980, False, 0
1845,0, 980, False, 0
1846,0, 980, False, 0
1847,0, 980, False, 0
1848,0, 980, False, 2
1849,0, 980, False, 2
1850,0, 980, False, 2
1851,0, 980, False, 2
1852,0, 980, False, 2
1853,0, 980, False, 2
1854,0, 980, False, 2
1855,0, 980, False, 2
1856,0, 980, False, 2
1857,0, 980, False, 2
1858,0, 980, False, 2
1859,50, 1030, False, 0
1860,0, 1030, False, 0
1861,0, 1030, False, 0
1862,0, 1030, False, 0
1863,0, 1030, False, 0
1864,0, 1030, False, 0
1865,0, 1030, False, 0
1866,0, 1030, False, 0
1867,0, 1030, False, 0
1868,0, 1030, False, 0
1869,0, 1030, False, 0
1870,0, 1030, False, 0
1871,10, 1040, False, 0
1872,0, 1040, False, 0
1873,0, 1040, False, 0
1874,0, 1040, False, 0
1875,0, 1040, False, 0
1876,0, 1040, False, 0
1877,0, 1040, False, 0
1878,0, 1040, False, 0
1879,0, 1040, False, 0
1880,0, 1040, False, 0
1881,0, 1040, False, 0
1882,0, 1040, False, 0
1883,0, 1040, False, 0
1884,0, 1040, False, 0
1885,0, 1040, False, 4
1886,0, 1040, False, 4
1887,0, 1040, False, 4
1888,0, 1040, False, 4
1889,0, 1040, False, 4
1890,0, 1040, False, 4
1891,0, 1040, False, 4
1892,0, 1040, False, 4
1893,0, 1040, False, 4
1894,0, 1040, False, 4
1895,10, 1050, False, 4
1896,0, 1050, False, 4
1897,0, 1050, False, 4
1898,0, 1050, False, 4
1899,0, 1050, False, 4
1900,0, 1050, False, 4
1901,0, 1050, False, 4
1902,0, 1050, False, 4
1903,0, 1050, False, 4
1904,0, 1050, False, 4
1905,0, 1050, False, 4
1906,0, 1050, False, 4
1907,0, 1050, False, 4
1908,0, 1050, False, 4
1909,10, 1060, False, 4
1910,0, 1060, False, 4
1911,200, 1260, False, 4
1912,0, 1260, False, 4
1913,0, 1260, False, 4
1914,0, 1260, False, 4
1915,0, 1260, False, 4
1916,0, 1260, False, 4
1917,0, 1260, False, 4
1918,0, 1260, False, 4
1919,0, 1260, False, 4
1920,0, 1260, False, 4
1921,0, 1260, False, 4
1922,0, 1260, False, 4
1923,0, 1260, False, 4
1924,0, 1260, False, 4
1925,0, 1260, False, 0
1926,0, 1260, False, 0
1927,0, 1260, False, 0
1928,0, 1260, False, 0
1929,0, 1260, False, 0
1930,0, 1260, False, 0
1931,0, 1260, False, 0
1932,0, 1260, False, 0
1933,0, 1260, False, 0
1934,0, 1260, False, 0
1935,0, 1260, False, 0
1936,0, 1260, False, 0
1937,0, 1260, False, 0
1938,0, 1260, False, 0
1939,0, 1260, False, 0
1940,0, 1260, False, 0
1941,10, 1270, False, 0
1942,0, 1270, False, 0
1943,400, 1670, False, 0
1944,0, 1670, False, 0
1945,0, 1670, False, 0
1946,0, 1670, False, 0
1947,0, 1670, False, 0
1948,0, 1670, False, 0
1949,0, 1670, False, 0
1950,0, 1670, False, 0
1951,0, 1670, False, 0
1952,0, 1670, False, 0
1953,0, 1670, False, 0
1954,0, 1670, False, 0
1955,0, 1670, False, 0
1956,0, 1670, False, 0
1957,0, 1670, False, 0
1958,0, 1670, False, 0
1959,0, 1670, False, 0
1960,0, 1670, False, 0
1961,0, 1670, False, 0
1962,0, 1670, False, 0
1963,0, 1670, False, 0
1964,0, 1670, False, 0
1965,0, 1670, False, 0
1966,0, 1670, False, 0
1967,0, 1670, False, 0
1968,0, 1670, False, 0
1969,0, 1670, False, 0
1970,0, 1670, False, 0
1971,0, 1670, False, 0
1972,0, 1670, False, 0
1973,0, 1670, False, 0
1974,0, 1670, False, 0
1975,0, 1670, False, 5
1976,0, 1670, False, 5
1977,0, 1670, False, 5
1978,0, 1670, False, 5
1979,0, 1670, False, 5
1980,0, 1670, False, 5
1981,0, 1670, False, 5
1982,0, 1670, False, 5
1983,10, 1680, False, 5
1984,0, 1680, False, 5
1985,0, 1680, False, 5
1986,0, 1680, False, 5
1987,0, 1680, False, 5
1988,0, 1680, False, 5
1989,0, 1680, False, 5
1990,0, 1680, False, 5
1991,0, 1680, False, 5
1992,0, 1680, False, 5
1993,0, 1680, False, 5
1994,0, 1680, False, 5
1995,0, 1680, False, 5
1996,0, 1680, False, 5
1997,0, 1680, False, 5
1998,0, 1680, False, 5
1999,0, 1680, False, 5
2000,0, 1680, False, 5
2001,0, 1680, False, 5
2002,0, 1680, False, 5
2003,0, 1680, False, 5
2004,0, 1680, False, 0
2005,0, 1680, False, 0
2006,0, 1680, False, 0
2007,0, 1680, False, 0
2008,0, 1680, False, 0
2009,10, 1690, False, 0
2010,0, 1690, False, 0
2011,0, 1690, False, 0
2012,0, 1690, False, 0
2013,0, 1690, False, 0
2014,0, 1690, False, 0
2015,0, 1690, False, 0
2016,0, 1690, False, 0
2017,0, 1690, False, 0
2018,0, 1690, False, 0
2019,0, 1690, False, 0
2020,0, 1690, False, 0
2021,0, 1690, False, 0
2022,0, 1690, False, 0
2023,10, 1700, False, 0
2024,0, 1700, False, 0
2025,0, 1700, False, 0
2026,0, 1700, False, 0
2027,0, 1700, False, 0
2028,0, 1700, False, 0
2029,0, 1700, False, 0
2030,0, 1700, False, 0
2031,0, 1700, False, 0
2032,0, 1700, False, 0
2033,0, 1700, False, 0
2034,0, 1700, False, 0
2035,0, 1700, False, 4
2036,0, 1700, False, 4
2037,0, 1700, False, 4
2038,0, 1700, False, 4
2039,0, 1700, False, 4
2040,0, 1700, False, 4
2041,0, 1700, False, 4
2042,0, 1700, False, 4
2043,0, 1700, False, 4
2044,0, 1700, False, 4
2045,10, 1710, False, 4
2046,0, 1710, False, 4
2047,0, 1710, False, 4
2048,0, 1710, False, 4
2049,0, 1710, False, 4
2050,0, 1710, False, 4
2051,0, 1710, False, 4
2052,0, 1710, False, 4
2053,0, 1710, False, 4
2054,0, 1710, False, 4
2055,0, 1710, False, 4
2056,0, 1710, False, 4
2057,10, 1720, False, 4
2058,0, 1720, False, 4
2059,0, 1720, False, 4
2060,0, 1720, False, 4
2061,0, 1720, False, 4
2062,0, 1720, False, 4
2063,0, 1720, False, 4
2064,0, 1720, False, 4
2065,0, 1720, False, 4
2066,0, 1720, False, 4
2067,0, 1720, False, 4
2068,0, 1720, False, 4
2069,0, 1720, False, 4
2070,0, 1720, False, 4
2071,10, 1730, False, 4
2072,0, 1730, False, 4
2073,0, 1730, False, 4
2074,0, 1730, False, 4
2075,0, 1730, False, 4
2076,0, 1730, False, 4
2077,0, 1730, False, 4
2078,0, 1730, False, 4
2079,0, 1730, False, 4
2080,0, 1730, False, 4
2081,0, 1730, False, 4
2082,0, 1730, False, 4
2083,0, 1730, False, 4
2084,0, 1730, False, 4
2085,10, 1740, False, 4
2086,0, 1740, False, 4
2087,0, 1740, False, 4
2088,0, 1740, False, 4
2089,0, 1740, False, 4
2090,0, 1740, False, 4
2091,0, 1740, False, 4
2092,0, 1740, False, 4
2093,0, 1740, False, 4
2094,0, 1740, False, 4
2095,0, 1740, False, 4
2096,0, 1740, False, 4
2097,10, 1750, False, 4
2098,0, 1750, False, 4
2099,0, 1750, False, 0
2100,0, 1750, False, 4
2101,0, 1750, False, 4
2102,0, 1750, False, 4
2103,0, 1750, False, 4
2104,0, 1750, False, 4
2105,0, 1750, False, 4
2106,0, 1750, False, 4
2107,0, 1750, False, 4
2108,0, 1750, False, 4
2109,0, 1750, False, 4
2110,0, 1750, False, 4
2111,0, 1750, False, 4
2112,0, 1750, False, 4
2113,0, 1750, False, 4
2114,0, 1750, False, 4
2115,0, 1750, False, 4
2116,0, 1750, False, 4
2117,10, 1760, False, 4
2118,0, 1760, False, 4
2119,0, 1760, False, 0
2120,0, 1760, False, 4
2121,0, 1760, False, 4
2122,0, 1760, False, 4
2123,0, 1760, False, 4
2124,0, 1760, False, 4
2125,0, 1760, False, 4
2126,0, 1760, False, 4
2127,0, 1760, False, 4
2128,0, 1760, False, 4
2129,10, 1770, False, 4
2130,0, 1770, False, 4
2131,0, 1770, False, 0
2132,0, 1770, False, 0
2133,0, 1770, False, 0
2134,0, 1770, False, 0
2135,0, 1770, False, 0
2136,0, 1770, False, 2
2137,0, 1770, False, 2
2138,0, 1770, False, 2
2139,0, 1770, False, 2
2140,0, 1770, False, 2
2141,0, 1770, False, 2
2142,0, 1770, False, 2
2143,10, 1780, False, 0
2144,0, 1780, False, 0
2145,0, 1780, False, 0
2146,0, 1780, False, 0
2147,0, 1780, False, 0
2148,0, 1780, False, 0
2149,0, 1780, False, 0
2150,0, 1780, False, 0
2151,0, 1780, False, 0
2152,0, 1780, False, 0
2153,0, 1780, False, 0
2154,0, 1780, False, 0
2155,0, 1780, False, 0
2156,0, 1780, False, 0
2157,10, 1790, False, 0
2158,0, 1790, False, 0
2159,0, 1790, False, 0
2160,0, 1790, False, 0
2161,0, 1790, False, 0
2162,0, 1790, False, 0
2163,0, 1790, False, 0
2164,0, 1790, False, 0
2165,0, 1790, False, 0
2166,0, 1790, False, 0
2167,0, 1790, False, 0
2168,0, 1790, False, 0
2169,10, 1800, False, 0
2170,0, 1800, False, 0
2171,0, 1800, False, 0
2172,0, 1800, False, 0
2173,0, 1800, False, 0
2174,0, 1800, False, 0
2175,0, 1800, False, 0
2176,0, 1800, False, 0
2177,0, 1800, False, 0
2178,0, 1800, False, 0
2179,0, 1800, False, 0
2180,0, 1800, False, 0
2181,0, 1800, False, 0
2182,0, 1800, False, 0
2183,0, 1800, False, 0
2184,0, 1800, False, 0
2185,0, 1800, False, 0
2186,0, 1800, False, 0
2187,0, 1800, False, 0
2188,0, 1800, False, 0
2189,0, 1800, False, 0
2190,0, 1800, False, 0
2191,0, 1800, False, 0
2192,0, 1800, False, 0
2193,0, 1800, False, 2
2194,0, 1800, False, 2
2195,0, 1800, False, 2
2196,0, 1800, False, 2
2197,0, 1800, False, 2
2198,0, 1800, False, 2
2199,0, 1800, False, 2
2200,0, 1800, False, 2
2201,0, 1800, False, 2
2202,0, 1800, False, 2
2203,0, 1800, False, 2
2204,0, 1800, False, 2
2205,0, 1800, False, 2
2206,0, 1800, False, 2
2207,0, 1800, False, 2
2208,0, 1800, False, 2
2209,0, 1800, False, 2
2210,0, 1800, False, 2
2211,0, 1800, False, 2
2212,0, 1800, False, 2
2213,0, 1800, False, 2
2214,0, 1800, False, 0
2215,0, 1800, False, 0
2216,0, 1800, False, 0
2217,0, 1800, False, 0
2218,0, 1800, False, 0
2219,0, 1800, False, 0
2220,0, 1800, False, 0
2221,0, 1800, False, 0
2222,0, 1800, False, 0
2223,0, 1800, False, 0
2224,0, 1800, False, 0
2225,0, 1800, False, 0
2226,0, 1800, False, 0
2227,0, 1800, False, 0
2228,0, 1800, False, 0
2229,0, 1800, False, 0
2230,0, 1800, False, 0
2231,0, 1800, False, 0
2232,0, 1800, False, 0
2233,0, 1800, False, 0
2234,0, 1800, False, 0
2235,0, 1800, False, 0
2236,0, 1800, False, 0
2237,0, 1800, False, 0
2238,0, 1800, False, 0
2239,0, 1800, False, 0
2240,0, 1800, False, 0
2241,0, 1800, False, 0
2242,0, 1800, False, 0
2243,0, 1800, False, 0
2244,0, 1800, False, 0
2245,0, 1800, False, 0
2246,0, 1800, False, 0
2247,0, 1800, False, 0
2248,0, 1800, False, 0
2249,0, 1800, False, 0
2250,0, 1800, False, 0
2251,0, 1800, False, 0
2252,0, 1800, False, 0
2253,0, 1800, False, 0
2254,0, 1800, False, 5
2255,0, 1800, False, 5
2256,0, 1800, False, 5
2257,0, 1800, False, 5
2258,0, 1800, False, 5
2259,0, 1800, False, 5
2260,0, 1800, False, 5
2261,0, 1800, False, 5
2262,0, 1800, False, 0
2263,0, 1800, False, 0
2264,0, 1800, False, 0
2265,0, 1800, False, 0
2266,0, 1800, False, 0
2267,0, 1800, False, 0
2268,0, 1800, False, 0
2269,0, 1800, False, 0
2270,0, 1800, False, 0
2271,0, 1800, False, 0
2272,0, 1800, False, 3
2273,0, 1800, False, 3
2274,0, 1800, False, 3
2275,0, 1800, False, 3
2276,0, 1800, False, 3
2277,0, 1800, False, 3
2278,0, 1800, False, 3
2279,0, 1800, False, 3
2280,0, 1800, False, 3
2281,0, 1800, False, 3
2282,0, 1800, False, 3
2283,0, 1800, False, 3
2284,0, 1800, False, 3
2285,0, 1800, False, 3
2286,0, 1800, False, 3
2287,0, 1800, False, 3
2288,0, 1800, False, 3
2289,0, 1800, False, 3
2290,0, 1800, False, 3
2291,0, 1800, False, 0
2292,0, 1800, False, 0
2293,0, 1800, False, 0
2294,0, 1800, False, 0
2295,0, 1800, False, 0
2296,0, 1800, False, 0
2297,0, 1800, False, 0
2298,0, 1800, False, 0
2299,0, 1800, False, 0
2300,0, 1800, False, 2
2301,0, 1800, False, 2
2302,0, 1800, False, 2
2303,0, 1800, False, 2
2304,0, 1800, False, 2
2305,0, 1800, False, 2
2306,0, 1800, False, 2
2307,0, 1800, False, 2
2308,0, 1800, False, 0
2309,0, 1800, False, 0
2310,0, 1800, False, 0
2311,10, 1810, False, 0
2312,0, 1810, False, 0
2313,0, 1810, False, 0
2314,0, 1810, False, 0
2315,0, 1810, False, 0
2316,0, 1810, False, 0
2317,0, 1810, False, 0
2318,0, 1810, False, 0
2319,0, 1810, False, 0
2320,0, 1810, False, 0
2321,0, 1810, False, 3
2322,0, 1810, False, 3
2323,0, 1810, False, 3
2324,0, 1810, False, 3
2325,10, 1820, False, 3
2326,0, 1820, False, 3
2327,0, 1820, False, 3
2328,0, 1820, False, 3
2329,0, 1820, False, 3
2330,0, 1820, False, 3
2331,0, 1820, False, 3
2332,0, 1820, False, 3
2333,0, 1820, False, 3
2334,0, 1820, False, 3
2335,0, 1820, False, 3
2336,0, 1820, False, 3
2337,10, 1830, False, 3
2338,0, 1830, False, 3
2339,0, 1830, False, 3
2340,0, 1830, False, 3
2341,0, 1830, False, 3
2342,0, 1830, False, 3
2343,0, 1830, False, 3
2344,0, 1830, False, 3
2345,0, 1830, False, 3
2346,0, 1830, False, 3
2347,0, 1830, False, 3
2348,0, 1830, False, 3
2349,10, 1840, False, 3
2350,0, 1840, False, 3
2351,0, 1840, False, 3
2352,0, 1840, False, 3
2353,0, 1840, False, 3
2354,0, 1840, False, 3
2355,0, 1840, False, 3
2356,0, 1840, False, 3
2357,0, 1840, False, 3
2358,0, 1840, False, 3
2359,0, 1840, False, 3
2360,0, 1840, False, 3
2361,0, 1840, False, 3
2362,0, 1840, False, 3
2363,10, 1850, False, 3
2364,0, 1850, False, 3
2365,0, 1850, False, 3
2366,0, 1850, False, 3
2367,0, 1850, False, 3
2368,0, 1850, False, 3
2369,0, 1850, False, 3
2370,0, 1850, False, 3
2371,0, 1850, False, 3
2372,0, 1850, False, 3
2373,0, 1850, False, 3
2374,0, 1850, False, 3
2375,0, 1850, False, 3
2376,0, 1850, False, 3
2377,0, 1850, False, 3
2378,0, 1850, False, 3
2379,0, 1850, False, 3
2380,0, 1850, False, 3
2381,10, 1860, False, 3
2382,0, 1860, False, 3
2383,0, 1860, False, 3
2384,0, 1860, False, 3
2385,0, 1860, False, 0
2386,0, 1860, False, 3
2387,0, 1860, False, 3
2388,0, 1860, False, 3
2389,0, 1860, False, 3
2390,0, 1860, False, 3
2391,0, 1860, False, 3
2392,0, 1860, False, 3
2393,0, 1860, False, 3
2394,0, 1860, False, 3
2395,10, 1870, False, 3
2396,0, 1870, False, 3
2397,0, 1870, False, 3
2398,0, 1870, False, 3
2399,0, 1870, False, 3
2400,0, 1870, False, 3
2401,0, 1870, False, 3
2402,0, 1870, False, 3
2403,0, 1870, False, 0
2404,0, 1870, False, 3
2405,0, 1870, False, 3
2406,0, 1870, False, 3
2407,0, 1870, False, 3
2408,0, 1870, False, 3
2409,10, 1880, False, 3
2410,0, 1880, False, 3
2411,0, 1880, False, 3
2412,0, 1880, False, 3
2413,0, 1880, False, 3
2414,0, 1880, False, 3
2415,0, 1880, False, 3
2416,0, 1880, False, 3
2417,0, 1880, False, 3
2418,0, 1880, False, 3
2419,0, 1880, False, 3
2420,0, 1880, False, 3
2421,10, 1890, False, 3
2422,0, 1890, False, 3
2423,0, 1890, False, 3
2424,0, 1890, False, 3
2425,0, 1890, False, 3
2426,0, 1890, False, 3
2427,0, 1890, False, 3
2428,0, 1890, False, 3
2429,0, 1890, False, 3
2430,0, 1890, False, 0
2431,0, 1890, False, 0
2432,0, 1890, False, 0
2433,0, 1890, False, 0
2434,0, 1890, False, 0
2435,0, 1890, False, 0
2436,0, 1890, False, 0
2437,0, 1890, False, 0
2438,0, 1890, False, 0
2439,0, 1890, False, 5
2440,0, 1890, False, 5
2441,0, 1890, False, 5
2442,0, 1890, False, 5
2443,0, 1890, False, 5
2444,0, 1890, False, 5
2445,0, 1890, False, 5
2446,0, 1890, False, 5
2447,10, 1900, False, 5
2448,0, 1900, False, 5
2449,0, 1900, False, 5
2450,0, 1900, False, 5
2451,0, 1900, False, 5
2452,0, 1900, False, 5
2453,0, 1900, False, 5
2454,0, 1900, False, 5
2455,0, 1900, False, 5
2456,0, 1900, False, 5
2457,0, 1900, False, 0
2458,0, 1900, False, 0
2459,0, 1900, False, 0
2460,0, 1900, False, 0
2461,0, 1900, False, 0
2462,0, 1900, False, 0
2463,0, 1900, False, 0
2464,0, 1900, False, 0
2465,0, 1900, False, 3
2466,0, 1900, False, 3
2467,0, 1900, False, 3
2468,0, 1900, False, 3
2469,0, 1900, False, 3
2470,0, 1900, False, 3
2471,0, 1900, False, 3
2472,0, 1900, False, 3
2473,0, 1900, False, 3
2474,0, 1900, False, 3
2475,0, 1900, False, 3
2476,0, 1900, False, 3
2477,0, 1900, False, 3
2478,0, 1900, False, 3
2479,0, 1900, False, 3
2480,0, 1900, False, 3
2481,0, 1900, False, 3
2482,0, 1900, False, 3
2483,0, 1900, False, 3
2484,0, 1900, False, 3
2485,0, 1900, False, 3
2486,0, 1900, False, 3
2487,0, 1900, False, 3
2488,0, 1900, False, 3
2489,0, 1900, False, 3
2490,0, 1900, False, 3
2491,0, 1900, False, 3
2492,0, 1900, False, 3
2493,0, 1900, False, 3
2494,0, 1900, False, 3
2495,0, 1900, False, 3
2496,0, 1900, False, 3
2497,0, 1900, False, 3
2498,0, 1900, False, 3
2499,0, 1900, False, 3
2500,0, 1900, False, 3
2501,100, 2000, False, 3
2502,0, 2000, False, 3
2503,0, 2000, False, 3
2504,0, 2000, False, 3
2505,0, 2000, False, 3
2506,0, 2000, False, 3
2507,0, 2000, False, 3
2508,0, 2000, False, 3
2509,0, 2000, False, 3
2510,0, 2000, False, 3
2511,0, 2000, False, 3
2512,0, 2000, False, 3
2513,0, 2000, False, 3
2514,0, 2000, False, 3
2515,0, 2000, False, 3
2516,0, 2000, False, 0
2517,0, 2000, False, 0
2518,0, 2000, False, 0
2519,0, 2000, False, 0
2520,0, 2000, False, 0
2521,0, 2000, False, 0
2522,0, 2000, False, 0
2523,0, 2000, False, 0
2524,0, 2000, False, 0
2525,0, 2000, False, 0
2526,0, 2000, False, 0
2527,0, 2000, False, 0
2528,0, 2000, False, 0
2529,0, 2000, False, 0
2530,0, 2000, False, 0
2531,0, 2000, False, 0
2532,0, 2000, False, 0
2533,0, 2000, False, 0
2534,0, 2000, False, 0
2535,0, 2000, False, 0
2536,0, 2000, False, 0
2537,0, 2000, False, 0
2538,0, 2000, False, 0
2539,0, 2000, False, 0
2540,0, 2000, False, 0
2541,0, 2000, False, 0
2542,0, 2000, False, 0
2543,0, 2000, False, 0
2544,0, 2000, False, 0
2545,0, 2000, False, 0
2546,0, 2000, False, 0
2547,0, 2000, False, 0
2548,0, 2000, False, 0
2549,0, 2000, False, 0
2550,0, 2000, False, 0
2551,0, 2000, False, 0
2552,0, 2000, False, 0
2553,0, 2000, False, 0
2554,0, 2000, False, 0
2555,0, 2000, False, 0
2556,0, 2000, False, 0
2557,0, 2000, False, 0
2558,0, 2000, False, 0
2559,0, 2000, False, 2
2560,0, 2000, False, 2
2561,0, 2000, False, 2
2562,0, 2000, False, 2
2563,0, 2000, False, 2
2564,0, 2000, False, 2
2565,0, 2000, False, 2
2566,0, 2000, False, 2
2567,0, 2000, False, 2
2568,0, 2000, False, 2
2569,0, 2000, False, 2
2570,0, 2000, False, 2
2571,0, 2000, False, 2
2572,0, 2000, False, 2
2573,0, 2000, False, 2
2574,0, 2000, False, 2
2575,0, 2000, False, 2
2576,0, 2000, False, 2
2577,0, 2000, False, 2
2578,0, 2000, False, 2
2579,0, 2000, False, 2
2580,0, 2000, False, 2
2581,0, 2000, False, 2
2582,0, 2000, False, 2
2583,0, 2000, False, 2
2584,0, 2000, False, 2
2585,0, 2000, False, 2
2586,0, 2000, False, 2
2587,0, 2000, False, 2
2588,0, 2000, False, 2
2589,0, 2000, False, 0
2590,0, 2000, False, 0
2591,0, 2000, False, 0
2592,0, 2000, False, 0
2593,0, 2000, False, 0
2594,0, 2000, False, 4
2595,0, 2000, False, 4
2596,0, 2000, False, 4
2597,0, 2000, False, 4
2598,0, 2000, False, 4
2599,0, 2000, False, 4
2600,0, 2000, False, 4
2601,0, 2000, False, 4
2602,0, 2000, False, 4
2603,0, 2000, False, 4
2604,0, 2000, False, 4
2605,0, 2000, False, 4
2606,0, 2000, False, 4
2607,0, 2000, False, 4
2608,0, 2000, False, 4
2609,0, 2000, False, 4
2610,0, 2000, False, 4
2611,0, 2000, False, 4
2612,0, 2000, False, 4
2613,0, 2000, False, 4
2614,0, 2000, False, 4
2615,0, 2000, False, 4
2616,0, 2000, False, 4
2617,0, 2000, False, 4
2618,0, 2000, False, 4
2619,0, 2000, False, 4
2620,0, 2000, False, 4
2621,0, 2000, False, 4
2622,0, 2000, False, 4
2623,0, 2000, False, 4
2624,0, 2000, False, 0
2625,0, 2000, False, 0
2626,0, 2000, False, 0
2627,0, 2000, False, 0
2628,0, 2000, False, 0
2629,0, 2000, False, 0
2630,0, 2000, False, 0
2631,0, 2000, False, 0
2632,0, 2000, False, 0
2633,0, 2000, False, 5
2634,0, 2000, False, 5
2635,0, 2000, False, 5
2636,0, 2000, False, 5
2637,0, 2000, False, 5
2638,0, 2000, False, 5
2639,0, 2000, False, 5
2640,0, 2000, False, 5
2641,0, 2000, False, 5
2642,0, 2000, False, 5
2643,0, 2000, False, 5
2644,0, 2000, False, 5
2645,0, 2000, False, 5
2646,0, 2000, False, 5
2647,0, 2000, False, 5
2648,0, 2000, False, 5
2649,0, 2000, False, 5
2650,0, 2000, False, 5
2651,0, 2000, False, 5
2652,0, 2000, False, 5
2653,0, 2000, False, 5
2654,0, 2000, False, 5
2655,0, 2000, False, 5
2656,0, 2000, False, 5
2657,0, 2000, False, 5
2658,0, 2000, False, 5
2659,0, 2000, False, 5
2660,0, 2000, False, 5
2661,0, 2000, False, 5
2662,0, 2000, False, 5
2663,0, 2000, False, 5
2664,0, 2000, False, 5
2665,0, 2000, False, 5
2666,0, 2000, False, 5
2667,0, 2000, False, 5
2668,0, 2000, False, 5
2669,0, 2000, False, 5
2670,0, 2000, False, 5
2671,0, 2000, False, 5
2672,0, 2000, False, 5
2673,0, 2000, False, 5
2674,0, 2000, False, 5
2675,0, 2000, False, 5
2676,0, 2000, False, 5
2677,0, 2000, False, 5
2678,0, 2000, False, 5
2679,0, 2000, False, 5
2680,0, 2000, False, 5
2681,0, 2000, False, 5
2682,0, 2000, False, 5
2683,0, 2000, False, 5
2684,0, 2000, False, 5
2685,0, 2000, False, 5
2686,0, 2000, False, 5
2687,0, 2000, False, 5
2688,0, 2000, False, 5
2689,0, 2000, False, 5
2690,0, 2000, False, 0
2691,0, 2000, False, 0
2692,0, 2000, False, 0
2693,0, 2000, False, 0
2694,0, 2000, False, 0
2695,0, 2000, False, 0
2696,0, 2000, False, 0
2697,0, 2000, False, 0
2698,0, 2000, False, 0
2699,0, 2000, False, 0
2700,0, 2000, False, 0
2701,0, 2000, False, 0
2702,0, 2000, False, 0
2703,0, 2000, False, 0
2704,0, 2000, False, 0
2705,0, 2000, False, 0
2706,0, 2000, False, 0
2707,0, 2000, False, 0
2708,0, 2000, False, 0
2709,0, 2000, False, 0
2710,0, 2000, False, 0
2711,0, 2000, False, 0
2712,0, 2000, False, 0
2713,0, 2000, False, 0
2714,0, 2000, False, 0
2715,0, 2000, False, 0
2716,0, 2000, False, 0
2717,0, 2000, False, 0
2718,0, 2000, False, 0
2719,0, 2000, False, 0
2720,0, 2000, False, 0
2721,0, 2000, False, 0
2722,0, 2000, False, 0
2723,0, 2000, False, 0
2724,0, 2000, False, 0
2725,0, 2000, False, 0
2726,0, 2000, False, 0
2727,0, 2000, False, 0
2728,0, 2000, False, 0
2729,0, 2000, False, 0
2730,0, 2000, False, 0
2731,0, 2000, False, 0
2732,0, 2000, False, 0
2733,0, 2000, False, 0
2734,0, 2000, False, 0
2735,0, 2000, False, 0
2736,0, 2000, False, 0
2737,0, 2000, False, 0
2738,0, 2000, False, 0
2739,0, 2000, False, 0
2740,0, 2000, False, 0
2741,0, 2000, False, 0
2742,0, 2000, False, 0
2743,0, 2000, False, 0
2744,0, 2000, False, 0
2745,0, 2000, False, 0
2746,0, 2000, False, 0
2747,0, 2000, False, 0
2748,0, 2000, False, 0
2749,0, 2000, False, 0
2750,0, 2000, False, 0
2751,0, 2000, False, 0
2752,0, 2000, False, 0
2753,0, 2000, False, 0
2754,0, 2000, False, 0
2755,0, 2000, False, 0
2756,0, 2000, False, 0
2757,0, 2000, False, 0
2758,0, 2000, False, 0
2759,0, 2000, False, 0
2760,0, 2000, False, 0
2761,0, 2000, False, 0
2762,0, 2000, False, 0
2763,0, 2000, False, 0
2764,0, 2000, False, 0
2765,0, 2000, False, 0
2766,0, 2000, False, 0
2767,0, 2000, False, 0
2768,0, 2000, False, 0
2769,0, 2000, False, 0
2770,0, 2000, False, 0
2771,0, 2000, False, 0
2772,0, 2000, False, 0
2773,0, 2000, False, 0
2774,0, 2000, False, 0
2775,0, 2000, False, 0
2776,0, 2000, False, 0
2777,0, 2000, False, 0
2778,0, 2000, False, 0
2779,0, 2000, False, 0
2780,0, 2000, False, 0
2781,0, 2000, False, 0
2782,0, 2000, False, 0
2783,0, 2000, False, 0
2784,0, 2000, False, 0
2785,0, 2000, False, 0
2786,0, 2000, False, 0
2787,0, 2000, False, 0
2788,0, 2000, False, 0
2789,0, 2000, False, 0
2790,0, 2000, False, 0
2791,0, 2000, False, 0
2792,0, 2000, False, 0
2793,0, 2000, False, 0
2794,0, 2000, False, 0
2795,0, 2000, False, 0
2796,0, 2000, False, 0
2797,0, 2000, False, 0
2798,0, 2000, False, 0
2799,0, 2000, False, 0
2800,0, 2000, False, 0
2801,0, 2000, False, 0
2802,0, 2000, False, 0
2803,0, 2000, False, 0
2804,0, 2000, False, 0
2805,0, 2000, False, 0
2806,0, 2000, False, 0
2807,0, 2000, False, 0
2808,0, 2000, False, 0
2809,0, 2000, False, 0
2810,0, 2000, False, 0
2811,0, 2000, False, 0
2812,0, 2000, False, 0
2813,0, 2000, False, 0
2814,0, 2000, False, 0
2815,0, 2000, False, 0
2816,0, 2000, False, 0
2817,0, 2000, False, 0
2818,0, 2000, False, 0
2819,0, 2000, False, 0
2820,0, 2000, False, 0
2821,0, 2000, False, 0
2822,0, 2000, False, 0
2823,0, 2000, False, 0
2824,0, 2000, False, 0
2825,0, 2000, False, 0
2826,0, 2000, False, 0
2827,0, 2000, False, 0
2828,0, 2000, False, 0
2829,0, 2000, False, 0
2830,0, 2000, False, 0
2831,0, 2000, False, 0
2832,0, 2000, False, 0
2833,0, 2000, False, 0
2834,0, 2000, False, 0
2835,0, 2000, False, 0
2836,0, 2000, False, 0
2837,0, 2000, False, 0
2838,0, 2000, False, 0
2839,0, 2000, False, 0
2840,0, 2000, False, 0
2841,0, 2000, False, 0
2842,0, 2000, False, 0
2843,0, 2000, False, 0
2844,0, 2000, False, 0
2845,0, 2000, False, 0
2846,0, 2000, False, 0
2847,0, 2000, False, 0
2848,0, 2000, False, 0
2849,0, 2000, False, 0
2850,0, 2000, False, 0
2851,0, 2000, False, 0
2852,0, 2000, False, 0
2853,0, 2000, False, 0
2854,0, 2000, False, 0
2855,0, 2000, False, 0
2856,0, 2000, False, 0
2857,0, 2000, False, 0
2858,0, 2000, False, 0
2859,0, 2000, False, 0
2860,0, 2000, False, 4
2861,0, 2000, False, 4
2862,0, 2000, False, 4
2863,0, 2000, False, 4
2864,0, 2000, False, 4
2865,0, 2000, False, 4
2866,0, 2000, False, 4
2867,0, 2000, False, 4
2868,0, 2000, False, 4
2869,0, 2000, False, 4
2870,0, 2000, False, 4
2871,0, 2000, False, 4
2872,0, 2000, False, 0
2873,0, 2000, False, 0
2874,0, 2000, False, 0
2875,0, 2000, False, 0
2876,0, 2000, False, 0
2877,0, 2000, False, 0
2878,0, 2000, False, 0
2879,0, 2000, False, 0
2880,0, 2000, False, 0
2881,0, 2000, False, 0
2882,0, 2000, False, 0
2883,0, 2000, False, 0
2884,0, 2000, False, 0
2885,0, 2000, False, 0
2886,0, 2000, False, 0
2887,0, 2000, False, 0
2888,0, 2000, False, 0
2889,0, 2000, False, 0
2890,0, 2000, False, 0
2891,0, 2000, False, 0
2892,0, 2000, False, 0
2893,0, 2000, False, 0
2894,0, 2000, False, 0
2895,0, 2000, False, 0
2896,0, 2000, False, 0
2897,0, 2000, False, 0
2898,0, 2000, False, 0
2899,0, 2000, False, 0
2900,0, 2000, False, 0
2901,0, 2000, False, 0
2902,0, 2000, False, 4
2903,0, 2000, False, 4
2904,0, 2000, False, 4
2905,0, 2000, False, 4
2906,0, 2000, False, 4
2907,0, 2000, False, 4
2908,0, 2000, False, 4
2909,0, 2000, False, 4
2910,0, 2000, False, 4
2911,0, 2000, False, 4
2912,0, 2000, False, 4
2913,0, 2000, False, 4
2914,0, 2000, False, 4
2915,0, 2000, False, 4
2916,0, 2000, False, 0
2917,0, 2000, False, 0
2918,0, 2000, False, 0
2919,0, 2000, False, 0
2920,0, 2000, False, 0
2921,0, 2000, False, 0
2922,0, 2000, False, 0
2923,0, 2000, False, 0
2924,0, 2000, False, 0
2925,0, 2000, False, 0
2926,0, 2000, False, 0
2927,0, 2000, False, 0
2928,0, 2000, False, 0
2929,0, 2000, False, 0
2930,0, 2000, False, 0
2931,0, 2000, False, 0
2932,0, 2000, False, 0
2933,0, 2000, False, 0
2934,0, 2000, False, 0
2935,0, 2000, False, 0
2936,0, 2000, False, 4
2937,0, 2000, False, 4
2938,0, 2000, False, 4
2939,0, 2000, False, 4
2940,0, 2000, False, 4
2941,0, 2000, False, 0
2942,0, 2000, False, 0
2943,0, 2000, False, 0
2944,0, 2000, False, 0
2945,0, 2000, False, 0
2946,0, 2000, False, 0
2947,0, 2000, False, 0
2948,0, 2000, False, 0
2949,0, 2000, False, 0
2950,0, 2000, False, 0
2951,0, 2000, False, 0
2952,0, 2000, False, 0
2953,0, 2000, False, 0
2954,0, 2000, False, 0
2955,0, 2000, False, 0
2956,0, 2000, False, 0
2957,0, 2000, False, 0
2958,0, 2000, False, 0
2959,0, 2000, False, 0
2960,0, 2000, False, 0
2961,0, 2000, False, 0
2962,0, 2000, False, 0
2963,0, 2000, False, 0
2964,0, 2000, False, 0
2965,0, 2000, False, 0
2966,0, 2000, False, 0
2967,0, 2000, False, 0
2968,0, 2000, False, 0
2969,0, 2000, False, 0
2970,0, 2000, False, 0
2971,0, 2000, False, 0
2972,0, 2000, False, 0
2973,0, 2000, False, 0
2974,0, 2000, False, 0
2975,0, 2000, False, 0
2976,0, 2000, False, 0
2977,0, 2000, False, 0
2978,0, 2000, False, 0
2979,0, 2000, False, 0
2980,0, 2000, False, 0
2981,0, 2000, False, 0
2982,0, 2000, False, 0
2983,0, 2000, False, 0
2984,0, 2000, False, 0
2985,0, 2000, False, 0
2986,0, 2000, False, 0
2987,0, 2000, False, 5
2988,0, 2000, False, 5
2989,0, 2000, False, 5
2990,0, 2000, False, 5
2991,0, 2000, False, 5
2992,0, 2000, False, 5
2993,0, 2000, False, 5
2994,0, 2000, False, 5
2995,10, 2010, False, 5
2996,0, 2010, False, 5
2997,0, 2010, False, 5
2998,0, 2010, False, 0
2999,0, 2010, False, 0
3000,0, 2010, False, 0
3001,0, 2010, False, 0
3002,0, 2010, False, 0
3003,0, 2010, False, 0
3004,0, 2010, False, 0
3005,0, 2010, False, 0
3006,0, 2010, False, 0
3007,0, 2010, False, 0
3008,0, 2010, False, 0
3009,10, 2020, False, 0
3010,0, 2020, False, 0
3011,0, 2020, False, 0
3012,0, 2020, False, 0
3013,0, 2020, False, 0
3014,0, 2020, False, 0
3015,0, 2020, False, 0
3016,0, 2020, False, 0
3017,0, 2020, False, 0
3018,0, 2020, False, 0
3019,0, 2020, False, 0
3020,0, 2020, False, 0
3021,0, 2020, False, 0
3022,0, 2020, False, 0
3023,10, 2030, False, 0
3024,0, 2030, False, 0
3025,0, 2030, False, 0
3026,0, 2030, False, 0
3027,0, 2030, False, 0
3028,0, 2030, False, 0
3029,0, 2030, False, 0
3030,0, 2030, False, 0
3031,0, 2030, False, 0
3032,0, 2030, False, 0
3033,0, 2030, False, 0
3034,0, 2030, False, 0
3035,0, 2030, False, 0
3036,0, 2030, False, 0
3037,10, 2040, False, 0
3038,0, 2040, False, 0
3039,0, 2040, False, 0
3040,0, 2040, False, 0
3041,0, 2040, False, 0
3042,0, 2040, False, 0
3043,0, 2040, False, 0
3044,0, 2040, False, 0
3045,0, 2040, False, 0
3046,0, 2040, False, 0
3047,0, 2040, False, 0
3048,0, 2040, False, 0
3049,0, 2040, False, 0
3050,0, 2040, False, 0
3051,0, 2040, False, 4
3052,0, 2040, False, 4
3053,0, 2040, False, 4
3054,0, 2040, False, 4
3055,0, 2040, False, 4
3056,0, 2040, False, 4
3057,0, 2040, False, 4
3058,0, 2040, False, 4
3059,0, 2040, False, 4
3060,0, 2040, False, 4
3061,0, 2040, False, 4
3062,0, 2040, False, 4
3063,0, 2040, False, 4
3064,0, 2040, False, 4
3065,0, 2040, False, 0
3066,0, 2040, False, 0
3067,0, 2040, False, 0
3068,0, 2040, False, 0
3069,0, 2040, False, 0
3070,0, 2040, False, 0
3071,0, 2040, False, 0
3072,0, 2040, False, 0
3073,0, 2040, False, 0
3074,0, 2040, False, 0
3075,0, 2040, False, 0
3076,0, 2040, False, 0
3077,0, 2040, False, 0
3078,0, 2040, False, 0
3079,0, 2040, False, 0
3080,0, 2040, False, 0
3081,0, 2040, False, 0
3082,0, 2040, False, 0
3083,0, 2040, False, 0
3084,0, 2040, False, 0
3085,0, 2040, False, 0
3086,0, 2040, False, 0
3087,0, 2040, False, 0
3088,0, 2040, False, 0
3089,0, 2040, False, 0
3090,0, 2040, False, 0
3091,0, 2040, False, 0
3092,0, 2040, False, 0
3093,0, 2040, False, 0
3094,0, 2040, False, 0
3095,0, 2040, False, 0
3096,0, 2040, False, 0
3097,0, 2040, False, 2
3098,0, 2040, False, 2
3099,0, 2040, False, 2
3100,0, 2040, False, 2
3101,0, 2040, False, 2
3102,0, 2040, False, 2
3103,0, 2040, False, 2
3104,0, 2040, False, 2
3105,0, 2040, False, 2
3106,0, 2040, False, 2
3107,0, 2040, False, 0
3108,0, 2040, False, 0
3109,0, 2040, False, 0
3110,0, 2040, False, 0
3111,0, 2040, False, 0
3112,0, 2040, False, 0
3113,0, 2040, False, 0
3114,0, 2040, False, 0
3115,0, 2040, False, 0
3116,0, 2040, False, 0
3117,0, 2040, False, 0
3118,0, 2040, False, 0
3119,0, 2040, False, 0
3120,0, 2040, False, 0
3121,0, 2040, False, 0
3122,0, 2040, False, 0
3123,0, 2040, False, 3
3124,0, 2040, False, 3
3125,0, 2040, False, 3
3126,0, 2040, False, 3
3127,0, 2040, False, 3
3128,0, 2040, False, 3
3129,0, 2040, False, 3
3130,0, 2040, False, 3
3131,0, 2040, False, 3
3132,0, 2040, False, 3
3133,0, 2040, False, 3
3134,0, 2040, False, 3
3135,0, 2040, False, 3
3136,0, 2040, False, 3
3137,0, 2040, False, 3
3138,0, 2040, False, 3
3139,0, 2040, False, 3
3140,0, 2040, False, 3
3141,0, 2040, False, 3
3142,0, 2040, False, 3
3143,0, 2040, False, 3
3144,0, 2040, False, 3
3145,0, 2040, False, 0
3146,0, 2040, False, 0
3147,0, 2040, False, 0
3148,0, 2040, False, 0
3149,0, 2040, False, 0
3150,0, 2040, False, 3
3151,0, 2040, False, 3
3152,0, 2040, False, 3
3153,10, 2050, False, 3
3154,0, 2050, False, 3
3155,0, 2050, False, 3
3156,0, 2050, False, 3
3157,0, 2050, False, 3
3158,0, 2050, False, 0
3159,0, 2050, False, 0
3160,0, 2050, False, 0
3161,0, 2050, False, 0
3162,0, 2050, False, 0
3163,0, 2050, False, 0
3164,0, 2050, False, 0
3165,0, 2050, False, 0
3166,0, 2050, False, 0
3167,0, 2050, False, 0
3168,0, 2050, False, 0
3169,0, 2050, False, 0
3170,0, 2050, False, 0
3171,0, 2050, False, 0
3172,0, 2050, False, 0
3173,0, 2050, False, 0
3174,0, 2050, False, 0
3175,0, 2050, False, 0
3176,0, 2050, False, 0
3177,0, 2050, False, 0
3178,0, 2050, False, 0
3179,0, 2050, False, 0
3180,0, 2050, False, 0
3181,0, 2050, False, 5
3182,0, 2050, False, 5
3183,0, 2050, False, 5
3184,0, 2050, False, 5
3185,0, 2050, False, 5
3186,0, 2050, False, 5
3187,0, 2050, False, 5
3188,0, 2050, False, 5
3189,0, 2050, False, 5
3190,0, 2050, False, 5
3191,0, 2050, False, 5
3192,0, 2050, False, 5
3193,0, 2050, False, 5
3194,0, 2050, False, 5
3195,0, 2050, False, 5
3196,0, 2050, False, 5
3197,0, 2050, False, 5
3198,0, 2050, False, 5
3199,0, 2050, False, 5
3200,0, 2050, False, 5
3201,0, 2050, False, 5
3202,0, 2050, False, 5
3203,0, 2050, False, 0
3204,0, 2050, False, 0
3205,0, 2050, False, 0
3206,0, 2050, False, 0
3207,0, 2050, False, 0
3208,0, 2050, False, 3
3209,0, 2050, False, 3
3210,0, 2050, False, 3
3211,0, 2050, False, 3
3212,0, 2050, False, 3
3213,0, 2050, False, 3
3214,0, 2050, False, 3
3215,0, 2050, False, 3
3216,0, 2050, False, 3
3217,0, 2050, False, 3
3218,0, 2050, False, 3
3219,0, 2050, False, 3
3220,0, 2050, False, 3
3221,0, 2050, False, 3
3222,0, 2050, False, 3
3223,0, 2050, False, 3
3224,0, 2050, False, 3
3225,0, 2050, False, 3
3226,0, 2050, False, 3
3227,0, 2050, False, 3
3228,0, 2050, False, 3
3229,0, 2050, False, 3
3230,0, 2050, False, 3
3231,0, 2050, False, 3
3232,0, 2050, False, 3
3233,0, 2050, False, 3
3234,0, 2050, False, 3
3235,0, 2050, False, 3
3236,0, 2050, False, 3
3237,0, 2050, False, 3
3238,0, 2050, False, 3
3239,0, 2050, False, 0
3240,0, 2050, False, 3
3241,0, 2050, False, 3
3242,0, 2050, False, 3
3243,0, 2050, False, 3
3244,0, 2050, False, 3
3245,0, 2050, False, 3
3246,0, 2050, False, 0
3247,0, 2050, False, 0
3248,0, 2050, False, 0
3249,0, 2050, False, 0
3250,0, 2050, False, 0
3251,0, 2050, False, 0
3252,0, 2050, False, 0
3253,0, 2050, False, 0
3254,0, 2050, False, 0
3255,0, 2050, False, 0
3256,0, 2050, False, 0
3257,0, 2050, False, 0
3258,0, 2050, False, 0
3259,0, 2050, False, 0
3260,0, 2050, False, 0
3261,0, 2050, False, 0
3262,0, 2050, False, 0
3263,0, 2050, False, 0
3264,0, 2050, False, 0
3265,0, 2050, False, 2
3266,0, 2050, False, 2
3267,0, 2050, False, 2
3268,0, 2050, False, 2
3269,0, 2050, False, 2
3270,0, 2050, False, 2
3271,0, 2050, False, 2
3272,0, 2050, False, 2
3273,0, 2050, False, 2
3274,0, 2050, False, 2
3275,0, 2050, False, 0
3276,0, 2050, False, 0
3277,0, 2050, False, 0
3278,0, 2050, False, 0
3279,0, 2050, False, 0
3280,0, 2050, False, 0
3281,0, 2050, False, 0
3282,0, 2050, False, 0
3283,0, 2050, False, 0
3284,0, 2050, False, 0
3285,0, 2050, False, 0
3286,0, 2050, False, 0
3287,0, 2050, False, 0
3288,0, 2050, False, 0
3289,0, 2050, False, 0
3290,0, 2050, False, 0
3291,0, 2050, False, 0
3292,0, 2050, False, 0
3293,0, 2050, False, 0
3294,0, 2050, False, 0
3295,0, 2050, False, 0
3296,0, 2050, False, 0
3297,0, 2050, False, 0
3298,0, 2050, False, 0
3299,0, 2050, False, 2
3300,0, 2050, False, 2
3301,0, 2050, False, 2
3302,0, 2050, False, 2
3303,0, 2050, False, 2
3304,0, 2050, False, 2
3305,0, 2050, False, 2
3306,0, 2050, False, 2
3307,0, 2050, False, 2
3308,0, 2050, False, 2
3309,0, 2050, False, 0
3310,0, 2050, False, 0
3311,0, 2050, False, 0
3312,0, 2050, False, 0
3313,0, 2050, False, 0
3314,0, 2050, False, 0
3315,0, 2050, False, 0
3316,0, 2050, False, 0
3317,0, 2050, False, 0
3318,0, 2050, False, 0
3319,0, 2050, False, 0
3320,0, 2050, False, 0
3321,0, 2050, False, 0
3322,0, 2050, False, 0
3323,0, 2050, False, 0
3324,0, 2050, False, 0
3325,0, 2050, False, 0
3326,0, 2050, False, 4
3327,0, 2050, False, 4
3328,0, 2050, False, 4
3329,0, 2050, False, 4
3330,0, 2050, False, 4
3331,0, 2050, False, 4
3332,0, 2050, False, 4
3333,0, 2050, False, 4
3334,0, 2050, False, 4
3335,0, 2050, False, 4
3336,0, 2050, False, 4
3337,0, 2050, False, 4
3338,0, 2050, False, 4
3339,0, 2050, False, 4
3340,0, 2050, False, 4
3341,0, 2050, False, 4
3342,0, 2050, False, 4
3343,0, 2050, False, 4
3344,0, 2050, False, 4
3345,0, 2050, False, 4
3346,0, 2050, False, 4
3347,0, 2050, False, 4
3348,0, 2050, False, 4
3349,0, 2050, False, 4
3350,0, 2050, False, 4
3351,0, 2050, False, 4
3352,0, 2050, False, 4
3353,0, 2050, False, 4
3354,0, 2050, False, 4
3355,0, 2050, False, 4
3356,0, 2050, False, 4
3357,0, 2050, False, 0
3358,0, 2050, False, 0
3359,0, 2050, False, 2
3360,0, 2050, False, 2
3361,0, 2050, False, 2
3362,0, 2050, False, 2
3363,0, 2050, False, 2
3364,0, 2050, False, 2
3365,0, 2050, False, 0
3366,0, 2050, False, 0
3367,0, 2050, False, 0
3368,0, 2050, False, 0
3369,0, 2050, False, 0
3370,0, 2050, False, 0
3371,0, 2050, False, 0
3372,0, 2050, False, 0
3373,0, 2050, False, 0
3374,0, 2050, False, 0
3375,0, 2050, False, 0
3376,0, 2050, False, 0
3377,0, 2050, False, 0
3378,0, 2050, False, 0
3379,0, 2050, False, 0
3380,0, 2050, False, 0
3381,0, 2050, False, 0
3382,0, 2050, False, 0
3383,0, 2050, False, 0
3384,0, 2050, False, 0
3385,0, 2050, False, 0
3386,0, 2050, False, 0
3387,0, 2050, False, 0
3388,0, 2050, False, 0
3389,0, 2050, False, 0
3390,0, 2050, False, 0
3391,0, 2050, False, 0
3392,0, 2050, False, 0
3393,0, 2050, False, 0
3394,0, 2050, False, 0
3395,0, 2050, False, 2
3396,0, 2050, False, 2
3397,0, 2050, False, 2
3398,0, 2050, False, 2
3399,0, 2050, False, 2
3400,0, 2050, False, 2
3401,0, 2050, False, 2
3402,0, 2050, False, 2
3403,0, 2050, False, 2
3404,0, 2050, False, 2
3405,0, 2050, False, 2
3406,0, 2050, False, 2
3407,0, 2050, False, 2
3408,0, 2050, False, 0
3409,0, 2050, False, 0
3410,0, 2050, False, 0
3411,0, 2050, False, 0
3412,0, 2050, False, 0
3413,0, 2050, False, 0
3414,0, 2050, False, 0
3415,0, 2050, False, 0
3416,0, 2050, False, 0
3417,0, 2050, False, 0
3418,0, 2050, False, 0
3419,0, 2050, False, 0
3420,0, 2050, False, 0
3421,0, 2050, False, 0
3422,0, 2050, False, 0
3423,0, 2050, False, 0
3424,0, 2050, False, 0
3425,0, 2050, False, 0
3426,0, 2050, False, 0
3427,0, 2050, False, 0
3428,0, 2050, False, 0
3429,0, 2050, False, 0
3430,0, 2050, False, 0
3431,0, 2050, False, 0
3432,0, 2050, False, 0
3433,0, 2050, False, 2
3434,0, 2050, False, 2
3435,0, 2050, False, 2
3436,0, 2050, False, 2
3437,0, 2050, False, 2
3438,0, 2050, False, 2
3439,0, 2050, False, 2
3440,0, 2050, False, 2
3441,0, 2050, False, 2
3442,0, 2050, False, 2
3443,0, 2050, False, 2
3444,0, 2050, False, 2
3445,0, 2050, False, 2
3446,0, 2050, False, 2
3447,0, 2050, False, 2
3448,0, 2050, False, 2
3449,0, 2050, False, 0
3450,0, 2050, False, 0
3451,0, 2050, False, 0
3452,0, 2050, False, 0
3453,0, 2050, False, 0
3454,0, 2050, False, 0
3455,0, 2050, False, 0
3456,0, 2050, False, 0
3457,0, 2050, False, 0
3458,0, 2050, False, 0
3459,0, 2050, False, 0
3460,0, 2050, False, 0
3461,0, 2050, False, 0
3462,0, 2050, False, 0
3463,0, 2050, False, 0
3464,0, 2050, False, 0
3465,0, 2050, False, 0
3466,0, 2050, False, 0
3467,0, 2050, False, 0
3468,0, 2050, False, 0
3469,0, 2050, False, 0
3470,0, 2050, False, 0
3471,0, 2050, False, 0
3472,0, 2050, False, 0
3473,0, 2050, False, 0
3474,0, 2050, False, 0
3475,0, 2050, False, 0
3476,0, 2050, False, 0
3477,0, 2050, False, 0
3478,0, 2050, False, 0
3479,0, 2050, False, 0
3480,0, 2050, False, 0
3481,0, 2050, False, 0
3482,0, 2050, False, 0
3483,0, 2050, False, 0
3484,0, 2050, False, 0
3485,0, 2050, False, 3
3486,0, 2050, False, 3
3487,0, 2050, False, 3
3488,0, 2050, False, 3
3489,0, 2050, False, 3
3490,0, 2050, False, 3
3491,0, 2050, False, 3
3492,0, 2050, False, 3
3493,0, 2050, False, 3
3494,0, 2050, False, 3
3495,0, 2050, False, 3
3496,0, 2050, False, 3
3497,0, 2050, False, 3
3498,0, 2050, False, 3
3499,0, 2050, False, 3
3500,0, 2050, False, 3
3501,0, 2050, False, 3
3502,0, 2050, False, 3
3503,0, 2050, False, 3
3504,0, 2050, False, 3
3505,0, 2050, False, 3
3506,0, 2050, False, 3
3507,0, 2050, False, 0
3508,0, 2050, False, 0
3509,0, 2050, False, 0
3510,0, 2050, False, 0
3511,0, 2050, False, 0
3512,0, 2050, False, 0
3513,0, 2050, False, 0
3514,0, 2050, False, 0
3515,0, 2050, False, 0
3516,0, 2050, False, 0
3517,0, 2050, False, 0
3518,0, 2050, False, 0
3519,0, 2050, False, 0
3520,0, 2050, False, 0
3521,0, 2050, False, 0
3522,0, 2050, False, 0
3523,0, 2050, False, 0
3524,0, 2050, False, 0
3525,0, 2050, False, 0
3526,0, 2050, False, 0
3527,0, 2050, False, 0
3528,0, 2050, False, 3
3529,0, 2050, False, 3
3530,0, 2050, False, 3
3531,0, 2050, False, 3
3532,0, 2050, False, 3
3533,0, 2050, False, 3
3534,0, 2050, False, 3
3535,0, 2050, False, 3
3536,0, 2050, False, 3
3537,0, 2050, False, 3
3538,0, 2050, False, 3
3539,0, 2050, False, 3
3540,0, 2050, False, 3
3541,0, 2050, False, 3
3542,0, 2050, False, 3
3543,0, 2050, False, 3
3544,0, 2050, False, 3
3545,0, 2050, False, 3
3546,0, 2050, False, 3
3547,0, 2050, False, 3
3548,0, 2050, False, 3
3549,0, 2050, False, 3
3550,0, 2050, False, 3
3551,0, 2050, False, 3
3552,0, 2050, False, 3
3553,0, 2050, False, 0
3554,0, 2050, False, 0
3555,0, 2050, False, 0
3556,0, 2050, False, 0
3557,0, 2050, False, 0
3558,0, 2050, False, 0
3559,0, 2050, False, 0
3560,0, 2050, False, 0
3561,0, 2050, False, 0
3562,0, 2050, False, 0
3563,0, 2050, False, 0
3564,0, 2050, False, 0
3565,0, 2050, False, 0
3566,0, 2050, False, 0
3567,0, 2050, False, 0
3568,0, 2050, False, 0
3569,0, 2050, False, 0
3570,0, 2050, False, 0
3571,0, 2050, False, 0
3572,0, 2050, False, 0
3573,0, 2050, False, 0
3574,0, 2050, False, 0
3575,0, 2050, False, 0
3576,0, 2050, False, 0
3577,0, 2050, False, 0
3578,0, 2050, False, 0
3579,0, 2050, False, 0
3580,0, 2050, False, 0
3581,0, 2050, False, 0
3582,0, 2050, False, 0
3583,0, 2050, False, 0
3584,0, 2050, False, 0
3585,0, 2050, False, 0
3586,0, 2050, False, 0
3587,0, 2050, False, 2
3588,0, 2050, False, 2
3589,0, 2050, False, 2
3590,0, 2050, False, 2
3591,0, 2050, False, 2
3592,0, 2050, False, 2
3593,0, 2050, False, 2
3594,0, 2050, False, 2
3595,0, 2050, False, 2
3596,0, 2050, False, 2
3597,0, 2050, False, 2
3598,0, 2050, False, 2
3599,0, 2050, False, 0
3600,0, 2050, False, 0
3601,0, 2050, False, 0
3602,0, 2050, False, 0
3603,0, 2050, False, 0
3604,0, 2050, False, 0
3605,0, 2050, False, 0
3606,0, 2050, False, 0
3607,0, 2050, False, 0
3608,0, 2050, False, 0
3609,0, 2050, False, 0
3610,0, 2050, False, 0
3611,0, 2050, False, 0
3612,0, 2050, False, 0
3613,0, 2050, False, 0
3614,0, 2050, False, 0
3615,0, 2050, False, 0
3616,0, 2050, False, 0
3617,0, 2050, False, 0
3618,0, 2050, False, 0
3619,0, 2050, False, 0
3620,0, 2050, False, 0
3621,0, 2050, False, 0
3622,0, 2050, False, 0
3623,0, 2050, False, 0
3624,0, 2050, False, 0
3625,0, 2050, False, 0
3626,0, 2050, False, 0
3627,0, 2050, False, 0
3628,0, 2050, False, 0
3629,0, 2050, False, 0
3630,0, 2050, False, 0
3631,0, 2050, False, 0
3632,0, 2050, False, 0
3633,0, 2050, False, 0
3634,0, 2050, False, 5
3635,0, 2050, False, 5
3636,0, 2050, False, 5
3637,0, 2050, False, 5
3638,0, 2050, False, 5
3639,0, 2050, False, 5
3640,0, 2050, False, 5
3641,0, 2050, False, 5
3642,0, 2050, False, 5
3643,0, 2050, False, 5
3644,0, 2050, False, 5
3645,0, 2050, False, 5
3646,0, 2050, False, 5
3647,0, 2050, False, 5
3648,0, 2050, False, 0
3649,0, 2050, False, 0
3650,0, 2050, False, 0
3651,0, 2050, False, 0
3652,0, 2050, False, 0
3653,0, 2050, False, 0
3654,0, 2050, False, 3
3655,0, 2050, False, 3
3656,0, 2050, False, 3
3657,0, 2050, False, 3
3658,0, 2050, False, 3
3659,0, 2050, False, 3
3660,0, 2050, False, 3
3661,0, 2050, False, 3
3662,0, 2050, False, 3
3663,0, 2050, False, 3
3664,0, 2050, False, 3
3665,0, 2050, False, 3
3666,0, 2050, False, 3
3667,0, 2050, False, 3
3668,0, 2050, False, 3
3669,0, 2050, False, 3
3670,0, 2050, False, 3
3671,0, 2050, False, 3
3672,0, 2050, False, 3
3673,0, 2050, False, 3
3674,0, 2050, False, 3
3675,0, 2050, False, 3
3676,0, 2050, False, 0
3677,0, 2050, False, 0
3678,0, 2050, False, 0
3679,0, 2050, False, 0
3680,0, 2050, False, 0
3681,0, 2050, False, 0
3682,0, 2050, False, 0
3683,0, 2050, False, 0
3684,0, 2050, False, 0
3685,0, 2050, False, 2
3686,0, 2050, False, 2
3687,0, 2050, False, 2
3688,0, 2050, False, 2
3689,0, 2050, False, 2
3690,0, 2050, False, 2
3691,0, 2050, False, 2
3692,0, 2050, False, 2
3693,0, 2050, False, 2
3694,0, 2050, False, 2
3695,0, 2050, False, 0
3696,0, 2050, False, 0
3697,0, 2050, False, 0
3698,0, 2050, False, 0
3699,0, 2050, False, 0
3700,0, 2050, False, 0
3701,0, 2050, False, 0
3702,0, 2050, False, 0
3703,0, 2050, False, 0
3704,0, 2050, False, 0
3705,0, 2050, False, 0
3706,0, 2050, False, 0
3707,0, 2050, False, 0
3708,0, 2050, False, 0
3709,0, 2050, False, 0
3710,0, 2050, False, 0
3711,0, 2050, False, 4
3712,0, 2050, False, 4
3713,0, 2050, False, 4
3714,0, 2050, False, 4
3715,0, 2050, False, 4
3716,0, 2050, False, 4
3717,0, 2050, False, 4
3718,0, 2050, False, 4
3719,0, 2050, False, 4
3720,0, 2050, False, 4
3721,0, 2050, False, 0
3722,0, 2050, False, 0
3723,0, 2050, False, 0
3724,0, 2050, False, 0
3725,0, 2050, False, 0
3726,0, 2050, False, 0
3727,0, 2050, False, 2
3728,0, 2050, False, 2
3729,0, 2050, False, 2
3730,0, 2050, False, 2
3731,0, 2050, False, 2
3732,0, 2050, False, 2
3733,0, 2050, False, 2
3734,0, 2050, False, 2
3735,0, 2050, False, 2
3736,0, 2050, False, 2
3737,0, 2050, False, 0
3738,0, 2050, False, 0
3739,0, 2050, False, 0
3740,0, 2050, False, 0
3741,0, 2050, False, 0
3742,0, 2050, False, 0
3743,0, 2050, False, 0
3744,0, 2050, False, 0
3745,0, 2050, False, 0
3746,0, 2050, False, 0
3747,0, 2050, False, 0
3748,0, 2050, False, 0
3749,0, 2050, False, 0
3750,0, 2050, False, 0
3751,0, 2050, False, 0
3752,0, 2050, False, 0
3753,0, 2050, False, 0
3754,0, 2050, False, 3
3755,0, 2050, False, 3
3756,0, 2050, False, 3
3757,0, 2050, False, 3
3758,0, 2050, False, 0
3759,0, 2050, False, 0
3760,0, 2050, False, 0
3761,0, 2050, False, 0
3762,0, 2050, False, 0
3763,0, 2050, False, 0
3764,0, 2050, False, 0
3765,0, 2050, False, 3
3766,0, 2050, False, 3
3767,0, 2050, False, 3
3768,0, 2050, False, 3
3769,0, 2050, False, 3
3770,0, 2050, False, 3
3771,0, 2050, False, 3
3772,0, 2050, False, 3
3773,0, 2050, False, 3
3774,0, 2050, False, 0
3775,0, 2050, False, 0
3776,0, 2050, False, 0
3777,0, 2050, False, 0
3778,0, 2050, False, 0
3779,0, 2050, False, 0
3780,0, 2050, False, 0
3781,0, 2050, False, 2
3782,0, 2050, False, 2
3783,0, 2050, False, 2
3784,0, 2050, False, 2
3785,0, 2050, False, 2
3786,0, 2050, False, 2
3787,0, 2050, False, 2
3788,0, 2050, False, 2
3789,0, 2050, False, 0
3790,0, 2050, False, 0
3791,0, 2050, False, 0
3792,0, 2050, False, 0
3793,0, 2050, False, 0
3794,0, 2050, False, 0
3795,0, 2050, False, 0
3796,0, 2050, False, 0
3797,0, 2050, False, 0
3798,0, 2050, False, 0
3799,0, 2050, False, 4
3800,0, 2050, False, 4
3801,0, 2050, False, 4
3802,0, 2050, False, 4
3803,0, 2050, False, 4
3804,0, 2050, False, 4
3805,0, 2050, False, 4
3806,0, 2050, False, 4
3807,0, 2050, False, 0
3808,0, 2050, False, 0
3809,0, 2050, False, 0
3810,0, 2050, False, 2
3811,0, 2050, False, 2
3812,0, 2050, False, 2
3813,0, 2050, False, 2
3814,0, 2050, False, 2
3815,0, 2050, False, 2
3816,0, 2050, False, 2
3817,0, 2050, False, 2
3818,0, 2050, False, 2
3819,0, 2050, False, 0
3820,0, 2050, False, 0
3821,10, 2060, False, 0
3822,0, 2060, False, 0
3823,0, 2060, False, 0
3824,0, 2060, False, 0
3825,0, 2060, False, 0
3826,0, 2060, False, 0
3827,0, 2060, False, 0
3828,0, 2060, False, 0
3829,0, 2060, False, 0
3830,0, 2060, False, 0
3831,0, 2060, False, 0
3832,0, 2060, False, 0
3833,0, 2060, False, 0
3834,0, 2060, False, 0
3835,10, 2070, False, 0
3836,0, 2070, False, 0
3837,0, 2070, False, 0
3838,0, 2070, False, 0
3839,0, 2070, False, 0
3840,0, 2070, False, 0
3841,0, 2070, False, 0
3842,0, 2070, False, 0
3843,0, 2070, False, 0
3844,0, 2070, False, 0
3845,0, 2070, False, 0
3846,0, 2070, False, 0
3847,0, 2070, False, 0
3848,0, 2070, False, 0
3849,10, 2080, False, 0
3850,0, 2080, False, 0
3851,0, 2080, False, 0
3852,0, 2080, False, 0
3853,0, 2080, False, 0
3854,0, 2080, False, 0
3855,0, 2080, False, 0
3856,0, 2080, False, 0
3857,0, 2080, False, 0
3858,0, 2080, False, 0
3859,0, 2080, False, 0
3860,0, 2080, False, 0
3861,0, 2080, False, 0
3862,0, 2080, False, 0
3863,10, 2090, False, 0
3864,0, 2090, False, 0
3865,0, 2090, False, 0
3866,0, 2090, False, 0
3867,0, 2090, False, 0
3868,0, 2090, False, 0
3869,0, 2090, False, 0
3870,0, 2090, False, 0
3871,0, 2090, False, 0
3872,0, 2090, False, 0
3873,0, 2090, False, 0
3874,0, 2090, False, 0
3875,0, 2090, False, 0
3876,0, 2090, False, 0
3877,10, 2100, False, 0
3878,0, 2100, False, 5
3879,0, 2100, False, 5
3880,0, 2100, False, 5
3881,0, 2100, False, 5
3882,0, 2100, False, 5
3883,0, 2100, False, 5
3884,0, 2100, False, 5
3885,0, 2100, False, 5
3886,0, 2100, False, 5
3887,0, 2100, False, 5
3888,0, 2100, False, 5
3889,0, 2100, False, 0
3890,0, 2100, False, 0
3891,0, 2100, False, 0
3892,0, 2100, False, 0
3893,0, 2100, False, 0
3894,0, 2100, False, 0
3895,0, 2100, False, 0
3896,0, 2100, False, 0
3897,0, 2100, False, 0
3898,0, 2100, False, 0
3899,0, 2100, False, 0
3900,0, 2100, False, 0
3901,0, 2100, False, 0
3902,0, 2100, False, 0
3903,0, 2100, False, 0
3904,0, 2100, False, 0
3905,0, 2100, False, 0
3906,0, 2100, False, 0
3907,0, 2100, False, 0
3908,0, 2100, False, 0
3909,0, 2100, False, 0
3910,0, 2100, False, 0
3911,0, 2100, False, 0
3912,0, 2100, False, 0
3913,0, 2100, False, 0
3914,0, 2100, False, 0
3915,0, 2100, False, 0
3916,0, 2100, False, 3
3917,0, 2100, False, 3
3918,0, 2100, False, 3
3919,0, 2100, False, 3
3920,0, 2100, False, 3
3921,0, 2100, False, 3
3922,0, 2100, False, 3
3923,10, 2110, False, 3
3924,0, 2110, False, 3
3925,0, 2110, False, 3
3926,0, 2110, False, 3
3927,0, 2110, False, 0
3928,0, 2110, False, 0
3929,0, 2110, False, 0
3930,0, 2110, False, 0
3931,0, 2110, False, 0
3932,0, 2110, False, 0
3933,0, 2110, False, 0
3934,0, 2110, False, 0
3935,0, 2110, False, 0
3936,0, 2110, False, 0
3937,0, 2110, False, 0
3938,0, 2110, False, 0
3939,0, 2110, False, 0
3940,0, 2110, False, 0
3941,0, 2110, False, 0
3942,0, 2110, False, 0
3943,0, 2110, False, 4
3944,0, 2110, False, 4
3945,0, 2110, False, 4
3946,0, 2110, False, 4
3947,0, 2110, False, 4
3948,0, 2110, False, 4
3949,0, 2110, False, 4
3950,0, 2110, False, 4
3951,0, 2110, False, 4
3952,0, 2110, False, 4
3953,0, 2110, False, 4
3954,0, 2110, False, 4
3955,0, 2110, False, 4
3956,0, 2110, False, 4
3957,0, 2110, False, 4
3958,0, 2110, False, 0
3959,0, 2110, False, 0
3960,0, 2110, False, 0
3961,0, 2110, False, 0
3962,0, 2110, False, 0
3963,0, 2110, False, 0
3964,0, 2110, False, 0
3965,0, 2110, False, 0
3966,0, 2110, False, 0
3967,0, 2110, False, 0
3968,0, 2110, False, 0
3969,0, 2110, False, 0
3970,0, 2110, False, 0
3971,0, 2110, False, 0
3972,0, 2110, False, 0
3973,0, 2110, False, 0
3974,0, 2110, False, 5
3975,0, 2110, False, 5
3976,0, 2110, False, 5
3977,0, 2110, False, 5
3978,0, 2110, False, 5
3979,0, 2110, False, 5
3980,0, 2110, False, 5
3981,0, 2110, False, 5
3982,0, 2110, False, 5
3983,0, 2110, False, 5
3984,0, 2110, False, 5
3985,0, 2110, False, 5
3986,0, 2110, False, 0
3987,0, 2110, False, 0
3988,0, 2110, False, 0
3989,0, 2110, False, 0
3990,0, 2110, False, 0
3991,0, 2110, False, 0
3992,0, 2110, False, 0
3993,0, 2110, False, 0
3994,0, 2110, False, 0
3995,0, 2110, False, 0
3996,0, 2110, False, 0
3997,0, 2110, False, 0
3998,0, 2110, False, 0
3999,0, 2110, False, 0
4000,0, 2110, False, 0
4001,0, 2110, False, 4
4002,0, 2110, False, 4
4003,0, 2110, False, 4
4004,0, 2110, False, 4
4005,0, 2110, False, 4
4006,0, 2110, False, 4
4007,0, 2110, False, 4
4008,0, 2110, False, 4
4009,0, 2110, False, 4
4010,0, 2110, False, 4
4011,0, 2110, False, 4
4012,0, 2110, False, 4
4013,0, 2110, False, 0
4014,0, 2110, False, 0
4015,0, 2110, False, 0
4016,0, 2110, False, 0
4017,0, 2110, False, 0
4018,0, 2110, False, 0
4019,0, 2110, False, 0
4020,0, 2110, False, 0
4021,0, 2110, False, 3
4022,0, 2110, False, 3
4023,0, 2110, False, 3
4024,0, 2110, False, 3
4025,0, 2110, False, 3
4026,0, 2110, False, 3
4027,0, 2110, False, 3
4028,0, 2110, False, 3
4029,0, 2110, False, 3
4030,0, 2110, False, 3
4031,0, 2110, False, 3
4032,0, 2110, False, 3
4033,0, 2110, False, 3
4034,0, 2110, False, 3
4035,0, 2110, False, 3
4036,0, 2110, False, 3
4037,0, 2110, False, 3
4038,0, 2110, False, 3
4039,0, 2110, False, 3
4040,0, 2110, False, 3
4041,0, 2110, False, 3
4042,0, 2110, False, 3
4043,0, 2110, False, 3
4044,0, 2110, False, 3
4045,0, 2110, False, 3
4046,0, 2110, False, 3
4047,0, 2110, False, 3
4048,0, 2110, False, 3
4049,0, 2110, False, 3
4050,0, 2110, False, 3
4051,0, 2110, False, 3
4052,0, 2110, False, 3
4053,0, 2110, False, 3
4054,0, 2110, False, 3
4055,0, 2110, False, 3
4056,0, 2110, False, 3
4057,0, 2110, False, 3
4058,0, 2110, False, 0
4059,0, 2110, False, 0
4060,0, 2110, False, 0
4061,0, 2110, False, 0
4062,0, 2110, False, 0
4063,0, 2110, False, 5
4064,0, 2110, False, 5
4065,0, 2110, False, 5
4066,0, 2110, False, 5
4067,0, 2110, False, 5
4068,0, 2110, False, 5
4069,0, 2110, False, 5
4070,0, 2110, False, 5
4071,0, 2110, False, 5
4072,0, 2110, False, 5
4073,0, 2110, False, 5
4074,0, 2110, False, 5
4075,0, 2110, False, 5
4076,0, 2110, False, 5
4077,0, 2110, False, 5
4078,0, 2110, False, 5
4079,0, 2110, False, 5
4080,0, 2110, False, 5
4081,0, 2110, False, 5
4082,0, 2110, False, 5
4083,0, 2110, False, 5
4084,0, 2110, False, 5
4085,0, 2110, False, 5
4086,0, 2110, False, 5
4087,0, 2110, False, 5
4088,0, 2110, False, 5
4089,0, 2110, False, 5
4090,0, 2110, False, 5
4091,0, 2110, False, 5
4092,0, 2110, False, 5
4093,0, 2110, False, 5
4094,0, 2110, False, 5
4095,0, 2110, False, 5
4096,0, 2110, False, 0
4097,0, 2110, False, 0
4098,0, 2110, False, 0
4099,0, 2110, False, 0
4100,0, 2110, False, 0
4101,0, 2110, False, 0
4102,0, 2110, False, 0
4103,0, 2110, False, 0
4104,0, 2110, False, 0
4105,0, 2110, False, 0
4106,0, 2110, False, 0
4107,0, 2110, False, 0
4108,0, 2110, False, 0
4109,0, 2110, False, 0
4110,0, 2110, False, 0
4111,0, 2110, False, 0
4112,0, 2110, False, 0
4113,0, 2110, False, 0
4114,0, 2110, False, 0
4115,0, 2110, False, 0
4116,0, 2110, False, 0
4117,0, 2110, False, 0
4118,0, 2110, False, 0
4119,0, 2110, False, 0
4120,0, 2110, False, 0
4121,0, 2110, False, 0
4122,0, 2110, False, 0
4123,0, 2110, False, 0
4124,0, 2110, False, 0
4125,0, 2110, False, 0
4126,0, 2110, False, 0
4127,0, 2110, False, 0
4128,0, 2110, False, 0
4129,0, 2110, False, 0
4130,0, 2110, False, 0
4131,0, 2110, False, 0
4132,0, 2110, False, 0
4133,0, 2110, False, 0
4134,0, 2110, False, 0
4135,0, 2110, False, 0
4136,0, 2110, False, 0
4137,0, 2110, False, 0
4138,0, 2110, False, 0
4139,0, 2110, False, 0
4140,0, 2110, False, 0
4141,0, 2110, True, 0
