db traj id : 3156
frame,reward,score,terminal, action
0,0, 0, False, 0
1,0, 0, False, 0
2,0, 0, False, 0
3,0, 0, False, 0
4,0, 0, False, 0
5,0, 0, False, 0
6,0, 0, False, 0
7,0, 0, False, 0
8,0, 0, False, 0
9,0, 0, False, 0
10,0, 0, False, 0
11,0, 0, False, 0
12,0, 0, False, 0
13,0, 0, False, 0
14,0, 0, False, 0
15,0, 0, False, 0
16,0, 0, False, 0
17,0, 0, False, 0
18,0, 0, False, 0
19,0, 0, False, 0
20,0, 0, False, 0
21,0, 0, False, 0
22,0, 0, False, 0
23,0, 0, False, 0
24,0, 0, False, 0
25,0, 0, False, 0
26,0, 0, False, 0
27,0, 0, False, 0
28,0, 0, False, 0
29,0, 0, False, 0
30,0, 0, False, 0
31,0, 0, False, 0
32,0, 0, False, 0
33,0, 0, False, 0
34,0, 0, False, 0
35,0, 0, False, 0
36,0, 0, False, 0
37,0, 0, False, 0
38,0, 0, False, 0
39,0, 0, False, 0
40,0, 0, False, 0
41,0, 0, False, 0
42,0, 0, False, 0
43,0, 0, False, 0
44,0, 0, False, 0
45,0, 0, False, 0
46,0, 0, False, 0
47,0, 0, False, 0
48,0, 0, False, 0
49,0, 0, False, 0
50,0, 0, False, 0
51,0, 0, False, 0
52,0, 0, False, 0
53,0, 0, False, 0
54,0, 0, False, 0
55,0, 0, False, 0
56,0, 0, False, 0
57,0, 0, False, 4
58,0, 0, False, 4
59,0, 0, False, 4
60,0, 0, False, 4
61,0, 0, False, 4
62,0, 0, False, 4
63,0, 0, False, 4
64,0, 0, False, 4
65,0, 0, False, 4
66,0, 0, False, 4
67,0, 0, False, 4
68,0, 0, False, 4
69,0, 0, False, 4
70,0, 0, False, 0
71,0, 0, False, 0
72,0, 0, False, 0
73,0, 0, False, 0
74,0, 0, False, 0
75,0, 0, False, 0
76,0, 0, False, 0
77,0, 0, False, 0
78,0, 0, False, 0
79,0, 0, False, 0
80,0, 0, False, 0
81,0, 0, False, 0
82,0, 0, False, 0
83,0, 0, False, 0
84,0, 0, False, 0
85,0, 0, False, 0
86,0, 0, False, 0
87,0, 0, False, 0
88,0, 0, False, 0
89,0, 0, False, 0
90,0, 0, False, 0
91,0, 0, False, 0
92,0, 0, False, 0
93,0, 0, False, 0
94,0, 0, False, 0
95,0, 0, False, 0
96,0, 0, False, 0
97,0, 0, False, 0
98,0, 0, False, 0
99,0, 0, False, 0
100,0, 0, False, 0
101,0, 0, False, 0
102,0, 0, False, 0
103,0, 0, False, 0
104,0, 0, False, 0
105,0, 0, False, 0
106,0, 0, False, 0
107,0, 0, False, 0
108,0, 0, False, 0
109,0, 0, False, 0
110,0, 0, False, 0
111,0, 0, False, 0
112,0, 0, False, 0
113,0, 0, False, 0
114,0, 0, False, 0
115,0, 0, False, 0
116,0, 0, False, 0
117,0, 0, False, 0
118,0, 0, False, 0
119,0, 0, False, 0
120,0, 0, False, 0
121,0, 0, False, 0
122,0, 0, False, 0
123,0, 0, False, 0
124,0, 0, False, 0
125,0, 0, False, 0
126,0, 0, False, 0
127,0, 0, False, 0
128,0, 0, False, 0
129,0, 0, False, 0
130,0, 0, False, 0
131,0, 0, False, 0
132,0, 0, False, 0
133,0, 0, False, 0
134,0, 0, False, 0
135,0, 0, False, 0
136,0, 0, False, 0
137,0, 0, False, 0
138,0, 0, False, 0
139,0, 0, False, 0
140,0, 0, False, 0
141,0, 0, False, 0
142,0, 0, False, 0
143,0, 0, False, 0
144,0, 0, False, 0
145,0, 0, False, 0
146,0, 0, False, 0
147,0, 0, False, 0
148,0, 0, False, 4
149,0, 0, False, 4
150,0, 0, False, 4
151,0, 0, False, 4
152,0, 0, False, 4
153,0, 0, False, 4
154,0, 0, False, 4
155,0, 0, False, 4
156,0, 0, False, 4
157,0, 0, False, 0
158,0, 0, False, 0
159,0, 0, False, 0
160,0, 0, False, 0
161,0, 0, False, 0
162,0, 0, False, 0
163,0, 0, False, 0
164,0, 0, False, 0
165,0, 0, False, 0
166,0, 0, False, 0
167,0, 0, False, 0
168,0, 0, False, 0
169,0, 0, False, 0
170,0, 0, False, 0
171,0, 0, False, 0
172,0, 0, False, 0
173,0, 0, False, 0
174,0, 0, False, 0
175,0, 0, False, 0
176,0, 0, False, 0
177,0, 0, False, 0
178,0, 0, False, 0
179,0, 0, False, 0
180,0, 0, False, 0
181,0, 0, False, 0
182,0, 0, False, 0
183,0, 0, False, 0
184,0, 0, False, 0
185,0, 0, False, 0
186,0, 0, False, 0
187,0, 0, False, 0
188,0, 0, False, 0
189,0, 0, False, 0
190,0, 0, False, 0
191,0, 0, False, 0
192,0, 0, False, 0
193,0, 0, False, 0
194,0, 0, False, 0
195,0, 0, False, 0
196,0, 0, False, 0
197,0, 0, False, 0
198,0, 0, False, 0
199,0, 0, False, 0
200,0, 0, False, 0
201,0, 0, False, 0
202,0, 0, False, 0
203,0, 0, False, 0
204,0, 0, False, 0
205,0, 0, False, 0
206,0, 0, False, 0
207,0, 0, False, 4
208,0, 0, False, 4
209,0, 0, False, 4
210,0, 0, False, 4
211,0, 0, False, 4
212,0, 0, False, 4
213,0, 0, False, 4
214,0, 0, False, 4
215,0, 0, False, 4
216,0, 0, False, 4
217,0, 0, False, 4
218,0, 0, False, 4
219,0, 0, False, 4
220,0, 0, False, 4
221,0, 0, False, 4
222,0, 0, False, 4
223,0, 0, False, 4
224,0, 0, False, 4
225,0, 0, False, 4
226,0, 0, False, 4
227,0, 0, False, 4
228,0, 0, False, 4
229,0, 0, False, 4
230,0, 0, False, 4
231,0, 0, False, 0
232,0, 0, False, 0
233,0, 0, False, 0
234,0, 0, False, 0
235,0, 0, False, 0
236,0, 0, False, 0
237,0, 0, False, 0
238,0, 0, False, 0
239,0, 0, False, 0
240,0, 0, False, 0
241,0, 0, False, 0
242,0, 0, False, 0
243,0, 0, False, 0
244,0, 0, False, 0
245,0, 0, False, 0
246,0, 0, False, 0
247,0, 0, False, 0
248,0, 0, False, 0
249,0, 0, False, 0
250,0, 0, False, 0
251,0, 0, False, 0
252,0, 0, False, 0
253,0, 0, False, 4
254,0, 0, False, 4
255,0, 0, False, 4
256,0, 0, False, 4
257,0, 0, False, 4
258,0, 0, False, 4
259,0, 0, False, 4
260,0, 0, False, 4
261,0, 0, False, 4
262,0, 0, False, 4
263,0, 0, False, 4
264,0, 0, False, 4
265,0, 0, False, 4
266,0, 0, False, 4
267,0, 0, False, 4
268,0, 0, False, 4
269,0, 0, False, 4
270,10, 10, False, 4
271,0, 10, False, 4
272,0, 10, False, 4
273,0, 10, False, 4
274,0, 10, False, 0
275,0, 10, False, 0
276,0, 10, False, 0
277,0, 10, False, 0
278,0, 10, False, 0
279,0, 10, False, 0
280,0, 10, False, 0
281,0, 10, False, 0
282,0, 10, False, 0
283,0, 10, False, 0
284,10, 20, False, 0
285,0, 20, False, 0
286,0, 20, False, 0
287,0, 20, False, 4
288,0, 20, False, 4
289,0, 20, False, 4
290,0, 20, False, 4
291,0, 20, False, 4
292,0, 20, False, 4
293,0, 20, False, 4
294,0, 20, False, 4
295,0, 20, False, 4
296,0, 20, False, 4
297,0, 20, False, 0
298,10, 30, False, 0
299,0, 30, False, 0
300,0, 30, False, 2
301,0, 30, False, 2
302,0, 30, False, 2
303,0, 30, False, 2
304,0, 30, False, 2
305,0, 30, False, 2
306,0, 30, False, 2
307,0, 30, False, 2
308,0, 30, False, 2
309,0, 30, False, 2
310,10, 40, False, 2
311,0, 40, False, 2
312,0, 40, False, 2
313,0, 40, False, 2
314,0, 40, False, 2
315,0, 40, False, 2
316,0, 40, False, 2
317,0, 40, False, 0
318,0, 40, False, 0
319,0, 40, False, 0
320,0, 40, False, 0
321,0, 40, False, 0
322,0, 40, False, 0
323,0, 40, False, 0
324,10, 50, False, 0
325,0, 50, False, 0
326,0, 50, False, 0
327,0, 50, False, 0
328,0, 50, False, 0
329,0, 50, False, 0
330,0, 50, False, 0
331,0, 50, False, 0
332,0, 50, False, 0
333,0, 50, False, 0
334,0, 50, False, 0
335,0, 50, False, 0
336,0, 50, False, 0
337,0, 50, False, 0
338,10, 60, False, 0
339,0, 60, False, 0
340,0, 60, False, 0
341,0, 60, False, 0
342,0, 60, False, 0
343,0, 60, False, 0
344,0, 60, False, 5
345,0, 60, False, 5
346,0, 60, False, 5
347,0, 60, False, 5
348,0, 60, False, 5
349,0, 60, False, 5
350,0, 60, False, 5
351,0, 60, False, 5
352,0, 60, False, 5
353,0, 60, False, 5
354,10, 70, False, 5
355,0, 70, False, 5
356,0, 70, False, 5
357,0, 70, False, 5
358,0, 70, False, 0
359,0, 70, False, 0
360,0, 70, False, 0
361,0, 70, False, 0
362,0, 70, False, 0
363,0, 70, False, 0
364,0, 70, False, 0
365,0, 70, False, 0
366,0, 70, False, 0
367,0, 70, False, 0
368,10, 80, False, 0
369,0, 80, False, 4
370,0, 80, False, 4
371,0, 80, False, 4
372,0, 80, False, 4
373,0, 80, False, 4
374,0, 80, False, 4
375,0, 80, False, 4
376,0, 80, False, 4
377,0, 80, False, 4
378,0, 80, False, 4
379,0, 80, False, 4
380,0, 80, False, 4
381,0, 80, False, 0
382,10, 90, False, 0
383,0, 90, False, 0
384,0, 90, False, 0
385,0, 90, False, 0
386,0, 90, False, 0
387,0, 90, False, 0
388,0, 90, False, 0
389,0, 90, False, 0
390,0, 90, False, 0
391,0, 90, False, 0
392,0, 90, False, 0
393,0, 90, False, 0
394,0, 90, False, 0
395,0, 90, False, 0
396,10, 100, False, 0
397,0, 100, False, 0
398,0, 100, False, 0
399,0, 100, False, 0
400,0, 100, False, 0
401,0, 100, False, 5
402,0, 100, False, 5
403,0, 100, False, 5
404,0, 100, False, 5
405,0, 100, False, 5
406,0, 100, False, 5
407,0, 100, False, 5
408,0, 100, False, 5
409,0, 100, False, 5
410,10, 110, False, 5
411,0, 110, False, 5
412,0, 110, False, 5
413,0, 110, False, 5
414,0, 110, False, 5
415,0, 110, False, 0
416,0, 110, False, 0
417,0, 110, False, 0
418,0, 110, False, 0
419,0, 110, False, 0
420,10, 120, False, 0
421,0, 120, False, 0
422,0, 120, False, 0
423,0, 120, False, 0
424,0, 120, False, 0
425,0, 120, False, 0
426,0, 120, False, 0
427,0, 120, False, 0
428,0, 120, False, 0
429,0, 120, False, 0
430,0, 120, False, 0
431,0, 120, False, 0
432,50, 170, False, 0
433,0, 170, False, 0
434,0, 170, False, 0
435,0, 170, False, 0
436,0, 170, False, 0
437,0, 170, False, 0
438,0, 170, False, 0
439,0, 170, False, 0
440,0, 170, False, 0
441,0, 170, False, 3
442,0, 170, False, 3
443,0, 170, False, 3
444,0, 170, False, 3
445,0, 170, False, 3
446,10, 180, False, 3
447,0, 180, False, 3
448,0, 180, False, 3
449,0, 180, False, 3
450,0, 180, False, 3
451,0, 180, False, 3
452,0, 180, False, 3
453,0, 180, False, 3
454,0, 180, False, 3
455,0, 180, False, 3
456,0, 180, False, 3
457,0, 180, False, 3
458,0, 180, False, 3
459,0, 180, False, 3
460,10, 190, False, 3
461,0, 190, False, 3
462,0, 190, False, 3
463,0, 190, False, 3
464,0, 190, False, 3
465,0, 190, False, 3
466,0, 190, False, 3
467,0, 190, False, 3
468,0, 190, False, 3
469,0, 190, False, 3
470,0, 190, False, 3
471,0, 190, False, 3
472,0, 190, False, 3
473,0, 190, False, 0
474,10, 200, False, 0
475,0, 200, False, 0
476,0, 200, False, 0
477,0, 200, False, 0
478,0, 200, False, 0
479,0, 200, False, 2
480,0, 200, False, 2
481,0, 200, False, 2
482,0, 200, False, 2
483,0, 200, False, 2
484,0, 200, False, 2
485,0, 200, False, 2
486,10, 210, False, 2
487,0, 210, False, 2
488,0, 210, False, 2
489,0, 210, False, 2
490,0, 210, False, 2
491,0, 210, False, 2
492,0, 210, False, 2
493,0, 210, False, 2
494,0, 210, False, 2
495,0, 210, False, 2
496,0, 210, False, 2
497,0, 210, False, 2
498,0, 210, False, 2
499,0, 210, False, 2
500,0, 210, False, 2
501,0, 210, False, 2
502,0, 210, False, 2
503,0, 210, False, 2
504,10, 220, False, 2
505,0, 220, False, 2
506,0, 220, False, 2
507,0, 220, False, 2
508,0, 220, False, 2
509,0, 220, False, 2
510,0, 220, False, 2
511,0, 220, False, 2
512,0, 220, False, 2
513,0, 220, False, 2
514,0, 220, False, 2
515,0, 220, False, 2
516,0, 220, False, 2
517,0, 220, False, 2
518,10, 230, False, 0
519,0, 230, False, 0
520,0, 230, False, 0
521,0, 230, False, 0
522,0, 230, False, 0
523,0, 230, False, 0
524,0, 230, False, 0
525,0, 230, False, 0
526,0, 230, False, 0
527,0, 230, False, 0
528,0, 230, False, 0
529,0, 230, False, 0
530,0, 230, False, 0
531,0, 230, False, 0
532,0, 230, False, 0
533,0, 230, False, 0
534,0, 230, False, 0
535,0, 230, False, 0
536,0, 230, False, 0
537,0, 230, False, 0
538,0, 230, False, 0
539,0, 230, False, 0
540,0, 230, False, 0
541,0, 230, False, 0
542,0, 230, False, 0
543,0, 230, False, 3
544,0, 230, False, 3
545,0, 230, False, 3
546,0, 230, False, 3
547,0, 230, False, 3
548,0, 230, False, 3
549,0, 230, False, 3
550,0, 230, False, 3
551,0, 230, False, 3
552,0, 230, False, 3
553,0, 230, False, 3
554,0, 230, False, 3
555,0, 230, False, 3
556,0, 230, False, 3
557,0, 230, False, 3
558,0, 230, False, 3
559,0, 230, False, 3
560,0, 230, False, 3
561,0, 230, False, 3
562,0, 230, False, 3
563,0, 230, False, 0
564,0, 230, False, 0
565,0, 230, False, 0
566,0, 230, False, 0
567,0, 230, False, 0
568,0, 230, False, 0
569,0, 230, False, 0
570,0, 230, False, 0
571,0, 230, False, 0
572,0, 230, False, 0
573,0, 230, False, 0
574,0, 230, False, 5
575,0, 230, False, 5
576,0, 230, False, 5
577,0, 230, False, 5
578,0, 230, False, 5
579,0, 230, False, 5
580,0, 230, False, 5
581,0, 230, False, 5
582,0, 230, False, 5
583,0, 230, False, 5
584,10, 240, False, 5
585,0, 240, False, 5
586,0, 240, False, 5
587,0, 240, False, 5
588,0, 240, False, 5
589,0, 240, False, 5
590,0, 240, False, 5
591,0, 240, False, 5
592,0, 240, False, 5
593,0, 240, False, 5
594,0, 240, False, 5
595,0, 240, False, 5
596,0, 240, False, 5
597,0, 240, False, 5
598,10, 250, False, 0
599,0, 250, False, 0
600,0, 250, False, 0
601,0, 250, False, 0
602,0, 250, False, 0
603,0, 250, False, 0
604,0, 250, False, 0
605,0, 250, False, 0
606,0, 250, False, 0
607,0, 250, False, 0
608,0, 250, False, 0
609,0, 250, False, 0
610,0, 250, False, 0
611,0, 250, False, 0
612,10, 260, False, 0
613,0, 260, False, 0
614,0, 260, False, 0
615,0, 260, False, 0
616,0, 260, False, 0
617,0, 260, False, 0
618,0, 260, False, 0
619,0, 260, False, 0
620,0, 260, False, 0
621,0, 260, False, 0
622,0, 260, False, 0
623,0, 260, False, 0
624,0, 260, False, 0
625,0, 260, False, 0
626,0, 260, False, 2
627,0, 260, False, 2
628,0, 260, False, 2
629,0, 260, False, 2
630,0, 260, False, 2
631,0, 260, False, 2
632,0, 260, False, 2
633,0, 260, False, 2
634,0, 260, False, 2
635,0, 260, False, 2
636,0, 260, False, 2
637,0, 260, False, 2
638,0, 260, False, 2
639,0, 260, False, 2
640,0, 260, False, 2
641,0, 260, False, 2
642,0, 260, False, 2
643,0, 260, False, 2
644,0, 260, False, 2
645,0, 260, False, 2
646,0, 260, False, 2
647,0, 260, False, 2
648,0, 260, False, 2
649,0, 260, False, 0
650,0, 260, False, 0
651,0, 260, False, 0
652,0, 260, False, 0
653,0, 260, False, 0
654,0, 260, False, 0
655,0, 260, False, 0
656,0, 260, False, 0
657,0, 260, False, 0
658,0, 260, False, 0
659,0, 260, False, 3
660,0, 260, False, 3
661,0, 260, False, 3
662,0, 260, False, 3
663,0, 260, False, 3
664,0, 260, False, 3
665,0, 260, False, 3
666,0, 260, False, 3
667,0, 260, False, 3
668,0, 260, False, 3
669,0, 260, False, 3
670,0, 260, False, 3
671,0, 260, False, 3
672,0, 260, False, 3
673,0, 260, False, 3
674,0, 260, False, 3
675,0, 260, False, 3
676,0, 260, False, 3
677,0, 260, False, 3
678,0, 260, False, 0
679,0, 260, False, 0
680,0, 260, False, 0
681,0, 260, False, 0
682,0, 260, False, 0
683,0, 260, False, 0
684,0, 260, False, 2
685,0, 260, False, 2
686,0, 260, False, 2
687,0, 260, False, 2
688,0, 260, False, 2
689,0, 260, False, 2
690,0, 260, False, 2
691,0, 260, False, 2
692,0, 260, False, 2
693,0, 260, False, 2
694,0, 260, False, 2
695,0, 260, False, 2
696,0, 260, False, 2
697,0, 260, False, 2
698,0, 260, False, 2
699,0, 260, False, 2
700,0, 260, False, 2
701,0, 260, False, 2
702,0, 260, False, 2
703,0, 260, False, 2
704,0, 260, False, 2
705,0, 260, False, 2
706,0, 260, False, 2
707,0, 260, False, 7
708,0, 260, False, 4
709,0, 260, False, 4
710,0, 260, False, 4
711,0, 260, False, 4
712,0, 260, False, 4
713,0, 260, False, 4
714,0, 260, False, 4
715,0, 260, False, 4
716,0, 260, False, 4
717,0, 260, False, 4
718,0, 260, False, 4
719,0, 260, False, 4
720,0, 260, False, 4
721,0, 260, False, 4
722,0, 260, False, 4
723,0, 260, False, 4
724,0, 260, False, 4
725,0, 260, False, 4
726,0, 260, False, 4
727,0, 260, False, 4
728,0, 260, False, 4
729,0, 260, False, 0
730,0, 260, False, 0
731,0, 260, False, 0
732,0, 260, False, 0
733,0, 260, False, 0
734,0, 260, False, 2
735,0, 260, False, 2
736,0, 260, False, 2
737,0, 260, False, 2
738,0, 260, False, 2
739,0, 260, False, 2
740,0, 260, False, 2
741,0, 260, False, 2
742,0, 260, False, 2
743,0, 260, False, 2
744,0, 260, False, 2
745,0, 260, False, 2
746,0, 260, False, 2
747,0, 260, False, 2
748,0, 260, False, 2
749,0, 260, False, 2
750,0, 260, False, 2
751,0, 260, False, 2
752,10, 270, False, 2
753,0, 270, False, 2
754,0, 270, False, 2
755,0, 270, False, 2
756,0, 270, False, 2
757,0, 270, False, 2
758,0, 270, False, 0
759,0, 270, False, 0
760,0, 270, False, 0
761,0, 270, False, 0
762,0, 270, False, 0
763,0, 270, False, 0
764,0, 270, False, 0
765,0, 270, False, 0
766,10, 280, False, 0
767,0, 280, False, 0
768,0, 280, False, 0
769,0, 280, False, 0
770,0, 280, False, 0
771,0, 280, False, 0
772,0, 280, False, 0
773,0, 280, False, 0
774,0, 280, False, 0
775,0, 280, False, 0
776,0, 280, False, 0
777,0, 280, False, 0
778,0, 280, False, 0
779,0, 280, False, 4
780,10, 290, False, 4
781,0, 290, False, 4
782,0, 290, False, 4
783,0, 290, False, 4
784,0, 290, False, 4
785,0, 290, False, 4
786,0, 290, False, 4
787,0, 290, False, 4
788,0, 290, False, 4
789,0, 290, False, 4
790,0, 290, False, 4
791,0, 290, False, 4
792,0, 290, False, 4
793,0, 290, False, 4
794,10, 300, False, 4
795,0, 300, False, 4
796,0, 300, False, 4
797,0, 300, False, 4
798,0, 300, False, 4
799,0, 300, False, 4
800,0, 300, False, 4
801,0, 300, False, 4
802,0, 300, False, 4
803,0, 300, False, 4
804,0, 300, False, 4
805,0, 300, False, 4
806,10, 310, False, 4
807,0, 310, False, 4
808,0, 310, False, 4
809,0, 310, False, 4
810,0, 310, False, 4
811,0, 310, False, 4
812,0, 310, False, 4
813,0, 310, False, 4
814,0, 310, False, 4
815,0, 310, False, 4
816,0, 310, False, 4
817,0, 310, False, 4
818,0, 310, False, 4
819,0, 310, False, 4
820,10, 320, False, 0
821,0, 320, False, 0
822,0, 320, False, 0
823,0, 320, False, 3
824,0, 320, False, 3
825,0, 320, False, 3
826,0, 320, False, 3
827,0, 320, False, 3
828,0, 320, False, 3
829,0, 320, False, 3
830,0, 320, False, 3
831,0, 320, False, 3
832,200, 520, False, 3
833,0, 520, False, 3
834,0, 520, False, 3
835,0, 520, False, 3
836,0, 520, False, 3
837,0, 520, False, 3
838,0, 520, False, 3
839,0, 520, False, 3
840,0, 520, False, 3
841,0, 520, False, 3
842,0, 520, False, 3
843,0, 520, False, 3
844,0, 520, False, 3
845,0, 520, False, 3
846,0, 520, False, 3
847,0, 520, False, 3
848,0, 520, False, 3
849,0, 520, False, 3
850,0, 520, False, 3
851,0, 520, False, 0
852,0, 520, False, 4
853,0, 520, False, 4
854,0, 520, False, 4
855,0, 520, False, 4
856,0, 520, False, 4
857,0, 520, False, 4
858,0, 520, False, 4
859,0, 520, False, 4
860,0, 520, False, 4
861,0, 520, False, 4
862,0, 520, False, 4
863,0, 520, False, 4
864,0, 520, False, 4
865,0, 520, False, 4
866,0, 520, False, 4
867,0, 520, False, 4
868,0, 520, False, 4
869,0, 520, False, 4
870,0, 520, False, 4
871,0, 520, False, 4
872,0, 520, False, 4
873,0, 520, False, 4
874,10, 530, False, 4
875,0, 530, False, 4
876,0, 530, False, 4
877,0, 530, False, 4
878,0, 530, False, 4
879,0, 530, False, 4
880,0, 530, False, 4
881,0, 530, False, 4
882,0, 530, False, 0
883,0, 530, False, 0
884,0, 530, False, 0
885,0, 530, False, 0
886,0, 530, False, 0
887,0, 530, False, 0
888,0, 530, False, 0
889,0, 530, False, 0
890,0, 530, False, 0
891,0, 530, False, 0
892,0, 530, False, 0
893,0, 530, False, 0
894,0, 530, False, 0
895,0, 530, False, 2
896,0, 530, False, 2
897,0, 530, False, 2
898,0, 530, False, 2
899,0, 530, False, 2
900,0, 530, False, 2
901,0, 530, False, 2
902,0, 530, False, 2
903,0, 530, False, 0
904,0, 530, False, 0
905,0, 530, False, 0
906,10, 540, False, 0
907,0, 540, False, 0
908,0, 540, False, 0
909,0, 540, False, 0
910,0, 540, False, 0
911,0, 540, False, 0
912,0, 540, False, 0
913,0, 540, False, 0
914,0, 540, False, 0
915,0, 540, False, 0
916,0, 540, False, 0
917,0, 540, False, 0
918,0, 540, False, 0
919,0, 540, False, 0
920,10, 550, False, 0
921,0, 550, False, 3
922,0, 550, False, 3
923,0, 550, False, 3
924,0, 550, False, 3
925,0, 550, False, 3
926,0, 550, False, 3
927,0, 550, False, 3
928,0, 550, False, 3
929,0, 550, False, 3
930,10, 560, False, 3
931,0, 560, False, 3
932,0, 560, False, 3
933,0, 560, False, 3
934,0, 560, False, 3
935,0, 560, False, 3
936,0, 560, False, 3
937,0, 560, False, 3
938,0, 560, False, 3
939,0, 560, False, 3
940,0, 560, False, 3
941,0, 560, False, 3
942,0, 560, False, 3
943,0, 560, False, 3
944,10, 570, False, 3
945,0, 570, False, 3
946,0, 570, False, 0
947,0, 570, False, 0
948,0, 570, False, 0
949,0, 570, False, 0
950,0, 570, False, 0
951,0, 570, False, 0
952,0, 570, False, 0
953,0, 570, False, 0
954,0, 570, False, 0
955,0, 570, False, 0
956,0, 570, False, 0
957,0, 570, False, 0
958,10, 580, False, 0
959,0, 580, False, 0
960,0, 580, False, 0
961,0, 580, False, 0
962,0, 580, False, 0
963,0, 580, False, 0
964,0, 580, False, 0
965,0, 580, False, 0
966,0, 580, False, 0
967,0, 580, False, 0
968,0, 580, False, 0
969,0, 580, False, 0
970,10, 590, False, 0
971,0, 590, False, 0
972,0, 590, False, 0
973,0, 590, False, 0
974,0, 590, False, 0
975,0, 590, False, 0
976,0, 590, False, 0
977,0, 590, False, 0
978,0, 590, False, 0
979,0, 590, False, 0
980,0, 590, False, 0
981,0, 590, False, 0
982,0, 590, False, 0
983,0, 590, False, 0
984,10, 600, False, 0
985,0, 600, False, 0
986,0, 600, False, 0
987,0, 600, False, 0
988,0, 600, False, 0
989,0, 600, False, 0
990,0, 600, False, 0
991,0, 600, False, 0
992,0, 600, False, 0
993,0, 600, False, 0
994,0, 600, False, 0
995,0, 600, False, 0
996,0, 600, False, 0
997,0, 600, False, 0
998,0, 600, False, 0
999,0, 600, False, 0
1000,0, 600, False, 0
1001,0, 600, False, 0
1002,10, 610, False, 0
1003,0, 610, False, 0
1004,0, 610, False, 0
1005,0, 610, False, 0
1006,0, 610, False, 0
1007,0, 610, False, 0
1008,0, 610, False, 0
1009,0, 610, False, 0
1010,0, 610, False, 0
1011,0, 610, False, 0
1012,0, 610, False, 0
1013,0, 610, False, 0
1014,0, 610, False, 0
1015,0, 610, False, 0
1016,10, 620, False, 0
1017,0, 620, False, 0
1018,0, 620, False, 0
1019,0, 620, False, 0
1020,0, 620, False, 5
1021,0, 620, False, 5
1022,0, 620, False, 5
1023,0, 620, False, 5
1024,0, 620, False, 5
1025,0, 620, False, 5
1026,0, 620, False, 5
1027,0, 620, False, 5
1028,0, 620, False, 5
1029,0, 620, False, 5
1030,10, 630, False, 5
1031,0, 630, False, 5
1032,0, 630, False, 5
1033,0, 630, False, 5
1034,0, 630, False, 5
1035,0, 630, False, 5
1036,0, 630, False, 5
1037,0, 630, False, 5
1038,0, 630, False, 5
1039,0, 630, False, 5
1040,0, 630, False, 5
1041,0, 630, False, 5
1042,10, 640, False, 0
1043,0, 640, False, 0
1044,0, 640, False, 0
1045,0, 640, False, 0
1046,0, 640, False, 0
1047,0, 640, False, 0
1048,0, 640, False, 0
1049,0, 640, False, 0
1050,0, 640, False, 0
1051,0, 640, False, 0
1052,0, 640, False, 0
1053,0, 640, False, 0
1054,0, 640, False, 0
1055,0, 640, False, 0
1056,10, 650, False, 0
1057,0, 650, False, 0
1058,0, 650, False, 0
1059,0, 650, False, 0
1060,0, 650, False, 0
1061,0, 650, False, 0
1062,0, 650, False, 0
1063,0, 650, False, 0
1064,0, 650, False, 0
1065,0, 650, False, 0
1066,0, 650, False, 0
1067,0, 650, False, 0
1068,0, 650, False, 0
1069,0, 650, False, 0
1070,10, 660, False, 0
1071,0, 660, False, 0
1072,0, 660, False, 0
1073,0, 660, False, 0
1074,0, 660, False, 0
1075,0, 660, False, 0
1076,0, 660, False, 0
1077,0, 660, False, 0
1078,0, 660, False, 0
1079,0, 660, False, 0
1080,0, 660, False, 0
1081,0, 660, False, 0
1082,0, 660, False, 0
1083,0, 660, False, 0
1084,10, 670, False, 0
1085,0, 670, False, 0
1086,0, 670, False, 0
1087,0, 670, False, 0
1088,0, 670, False, 0
1089,0, 670, False, 0
1090,0, 670, False, 0
1091,0, 670, False, 0
1092,0, 670, False, 0
1093,0, 670, False, 0
1094,0, 670, False, 0
1095,0, 670, False, 0
1096,0, 670, False, 0
1097,0, 670, False, 0
1098,10, 680, False, 0
1099,0, 680, False, 0
1100,0, 680, False, 0
1101,0, 680, False, 0
1102,0, 680, False, 0
1103,0, 680, False, 0
1104,0, 680, False, 0
1105,0, 680, False, 0
1106,0, 680, False, 0
1107,0, 680, False, 0
1108,0, 680, False, 0
1109,0, 680, False, 4
1110,0, 680, False, 4
1111,0, 680, False, 4
1112,10, 690, False, 4
1113,0, 690, False, 4
1114,0, 690, False, 4
1115,0, 690, False, 4
1116,0, 690, False, 4
1117,0, 690, False, 4
1118,0, 690, False, 4
1119,0, 690, False, 4
1120,0, 690, False, 4
1121,0, 690, False, 4
1122,0, 690, False, 4
1123,0, 690, False, 4
1124,0, 690, False, 4
1125,0, 690, False, 4
1126,0, 690, False, 4
1127,0, 690, False, 4
1128,10, 700, False, 4
1129,0, 700, False, 4
1130,0, 700, False, 4
1131,0, 700, False, 4
1132,0, 700, False, 4
1133,0, 700, False, 4
1134,0, 700, False, 4
1135,0, 700, False, 4
1136,0, 700, False, 4
1137,0, 700, False, 4
1138,0, 700, False, 4
1139,0, 700, False, 4
1140,0, 700, False, 4
1141,0, 700, False, 4
1142,10, 710, False, 4
1143,0, 710, False, 4
1144,0, 710, False, 4
1145,0, 710, False, 4
1146,0, 710, False, 4
1147,0, 710, False, 4
1148,0, 710, False, 4
1149,0, 710, False, 4
1150,0, 710, False, 4
1151,0, 710, False, 4
1152,0, 710, False, 4
1153,0, 710, False, 4
1154,0, 710, False, 4
1155,0, 710, False, 4
1156,0, 710, False, 4
1157,0, 710, False, 4
1158,0, 710, False, 0
1159,0, 710, False, 0
1160,0, 710, False, 0
1161,0, 710, False, 0
1162,0, 710, False, 0
1163,0, 710, False, 0
1164,0, 710, False, 0
1165,0, 710, False, 0
1166,0, 710, False, 0
1167,0, 710, False, 0
1168,0, 710, False, 0
1169,0, 710, False, 0
1170,0, 710, False, 0
1171,0, 710, False, 0
1172,0, 710, False, 0
1173,0, 710, False, 0
1174,0, 710, False, 0
1175,0, 710, False, 0
1176,0, 710, False, 0
1177,0, 710, False, 0
1178,0, 710, False, 0
1179,0, 710, False, 0
1180,0, 710, False, 0
1181,0, 710, False, 0
1182,0, 710, False, 0
1183,0, 710, False, 0
1184,0, 710, False, 2
1185,0, 710, False, 2
1186,0, 710, False, 2
1187,0, 710, False, 2
1188,0, 710, False, 2
1189,0, 710, False, 2
1190,0, 710, False, 2
1191,0, 710, False, 2
1192,0, 710, False, 2
1193,0, 710, False, 2
1194,0, 710, False, 2
1195,0, 710, False, 0
1196,0, 710, False, 0
1197,0, 710, False, 0
1198,0, 710, False, 0
1199,0, 710, False, 0
1200,0, 710, False, 0
1201,0, 710, False, 0
1202,0, 710, False, 0
1203,0, 710, False, 0
1204,0, 710, False, 0
1205,0, 710, False, 0
1206,0, 710, False, 0
1207,0, 710, False, 0
1208,0, 710, False, 0
1209,0, 710, False, 0
1210,0, 710, False, 0
1211,0, 710, False, 0
1212,0, 710, False, 0
1213,0, 710, False, 0
1214,0, 710, False, 0
1215,0, 710, False, 0
1216,0, 710, False, 0
1217,0, 710, False, 0
1218,0, 710, False, 0
1219,0, 710, False, 0
1220,0, 710, False, 0
1221,0, 710, False, 0
1222,0, 710, False, 0
1223,0, 710, False, 0
1224,0, 710, False, 0
1225,0, 710, False, 0
1226,0, 710, False, 0
1227,0, 710, False, 0
1228,0, 710, False, 0
1229,0, 710, False, 0
1230,0, 710, False, 0
1231,0, 710, False, 0
1232,0, 710, False, 0
1233,0, 710, False, 0
1234,0, 710, False, 0
1235,0, 710, False, 0
1236,0, 710, False, 0
1237,0, 710, False, 0
1238,0, 710, False, 0
1239,0, 710, False, 0
1240,0, 710, False, 0
1241,0, 710, False, 0
1242,0, 710, False, 0
1243,0, 710, False, 0
1244,0, 710, False, 0
1245,0, 710, False, 0
1246,0, 710, False, 0
1247,0, 710, False, 0
1248,0, 710, False, 0
1249,0, 710, False, 0
1250,0, 710, False, 0
1251,0, 710, False, 0
1252,0, 710, False, 0
1253,0, 710, False, 0
1254,0, 710, False, 0
1255,0, 710, False, 0
1256,0, 710, False, 0
1257,0, 710, False, 0
1258,0, 710, False, 0
1259,0, 710, False, 0
1260,0, 710, False, 0
1261,0, 710, False, 0
1262,0, 710, False, 0
1263,0, 710, False, 0
1264,0, 710, False, 0
1265,0, 710, False, 0
1266,0, 710, False, 0
1267,0, 710, False, 0
1268,0, 710, False, 0
1269,0, 710, False, 0
1270,0, 710, False, 0
1271,0, 710, False, 0
1272,0, 710, False, 0
1273,0, 710, False, 0
1274,0, 710, False, 0
1275,0, 710, False, 0
1276,0, 710, False, 0
1277,0, 710, False, 0
1278,0, 710, False, 0
1279,0, 710, False, 0
1280,0, 710, False, 0
1281,0, 710, False, 0
1282,0, 710, False, 0
1283,0, 710, False, 0
1284,0, 710, False, 0
1285,0, 710, False, 0
1286,0, 710, False, 0
1287,0, 710, False, 0
1288,0, 710, False, 0
1289,0, 710, False, 0
1290,0, 710, False, 0
1291,0, 710, False, 0
1292,0, 710, False, 0
1293,0, 710, False, 0
1294,0, 710, False, 0
1295,0, 710, False, 0
1296,0, 710, False, 0
1297,0, 710, False, 0
1298,0, 710, False, 0
1299,0, 710, False, 0
1300,0, 710, False, 0
1301,0, 710, False, 0
1302,0, 710, False, 0
1303,0, 710, False, 0
1304,0, 710, False, 0
1305,0, 710, False, 0
1306,0, 710, False, 0
1307,0, 710, False, 0
1308,0, 710, False, 0
1309,0, 710, False, 0
1310,0, 710, False, 0
1311,0, 710, False, 0
1312,0, 710, False, 0
1313,0, 710, False, 0
1314,0, 710, False, 0
1315,0, 710, False, 0
1316,0, 710, False, 0
1317,0, 710, False, 0
1318,0, 710, False, 0
1319,0, 710, False, 0
1320,0, 710, False, 0
1321,0, 710, False, 0
1322,0, 710, False, 0
1323,0, 710, False, 0
1324,0, 710, False, 0
1325,0, 710, False, 0
1326,0, 710, False, 0
1327,0, 710, False, 0
1328,0, 710, False, 0
1329,0, 710, False, 0
1330,0, 710, False, 0
1331,0, 710, False, 0
1332,0, 710, False, 0
1333,0, 710, False, 0
1334,0, 710, False, 0
1335,0, 710, False, 0
1336,0, 710, False, 0
1337,0, 710, False, 0
1338,0, 710, False, 0
1339,0, 710, False, 0
1340,0, 710, False, 0
1341,0, 710, False, 0
1342,0, 710, False, 0
1343,0, 710, False, 0
1344,0, 710, False, 0
1345,0, 710, False, 0
1346,0, 710, False, 0
1347,0, 710, False, 0
1348,0, 710, False, 0
1349,0, 710, False, 0
1350,0, 710, False, 0
1351,0, 710, False, 0
1352,0, 710, False, 0
1353,0, 710, False, 0
1354,0, 710, False, 0
1355,0, 710, False, 0
1356,0, 710, False, 0
1357,0, 710, False, 0
1358,0, 710, False, 0
1359,0, 710, False, 0
1360,0, 710, False, 0
1361,0, 710, False, 0
1362,0, 710, False, 0
1363,0, 710, False, 0
1364,0, 710, False, 0
1365,0, 710, False, 0
1366,0, 710, False, 0
1367,0, 710, False, 0
1368,0, 710, False, 0
1369,0, 710, False, 0
1370,0, 710, False, 0
1371,0, 710, False, 0
1372,0, 710, False, 0
1373,0, 710, False, 0
1374,0, 710, False, 0
1375,0, 710, False, 0
1376,0, 710, False, 0
1377,0, 710, False, 0
1378,0, 710, False, 0
1379,0, 710, False, 0
1380,0, 710, False, 0
1381,0, 710, False, 0
1382,0, 710, False, 0
1383,0, 710, False, 0
1384,0, 710, False, 0
1385,0, 710, False, 0
1386,0, 710, False, 0
1387,0, 710, False, 0
1388,0, 710, False, 0
1389,0, 710, False, 0
1390,0, 710, False, 0
1391,0, 710, False, 0
1392,0, 710, False, 0
1393,0, 710, False, 0
1394,0, 710, False, 0
1395,0, 710, False, 0
1396,0, 710, False, 0
1397,0, 710, False, 0
1398,0, 710, False, 0
1399,0, 710, False, 0
1400,0, 710, False, 0
1401,0, 710, False, 0
1402,0, 710, False, 0
1403,0, 710, False, 0
1404,0, 710, False, 0
1405,0, 710, False, 0
1406,0, 710, False, 0
1407,0, 710, False, 0
1408,0, 710, False, 0
1409,0, 710, False, 0
1410,0, 710, False, 0
1411,0, 710, False, 0
1412,0, 710, False, 0
1413,0, 710, False, 0
1414,0, 710, False, 0
1415,0, 710, False, 0
1416,0, 710, False, 0
1417,0, 710, False, 0
1418,0, 710, False, 0
1419,0, 710, False, 0
1420,0, 710, False, 0
1421,0, 710, False, 0
1422,0, 710, False, 0
1423,0, 710, False, 0
1424,0, 710, False, 0
1425,0, 710, False, 0
1426,0, 710, False, 0
1427,0, 710, False, 0
1428,0, 710, False, 0
1429,0, 710, False, 0
1430,0, 710, False, 0
1431,0, 710, False, 0
1432,0, 710, False, 0
1433,0, 710, False, 0
1434,0, 710, False, 0
1435,0, 710, False, 0
1436,0, 710, False, 0
1437,0, 710, False, 0
1438,0, 710, False, 0
1439,0, 710, False, 0
1440,0, 710, False, 0
1441,0, 710, False, 0
1442,0, 710, False, 0
1443,0, 710, False, 0
1444,0, 710, False, 0
1445,0, 710, False, 0
1446,0, 710, False, 0
1447,0, 710, False, 0
1448,0, 710, False, 0
1449,0, 710, False, 0
1450,0, 710, False, 0
1451,0, 710, False, 0
1452,0, 710, False, 0
1453,0, 710, False, 0
1454,0, 710, False, 0
1455,0, 710, False, 0
1456,0, 710, False, 0
1457,0, 710, False, 0
1458,0, 710, False, 0
1459,0, 710, False, 0
1460,0, 710, False, 0
1461,0, 710, False, 0
1462,0, 710, False, 0
1463,0, 710, False, 0
1464,0, 710, False, 0
1465,0, 710, False, 0
1466,0, 710, False, 0
1467,0, 710, False, 0
1468,0, 710, False, 0
1469,0, 710, False, 0
1470,0, 710, False, 0
1471,0, 710, False, 0
1472,0, 710, False, 0
1473,0, 710, False, 0
1474,0, 710, False, 0
1475,0, 710, False, 0
1476,0, 710, False, 0
1477,0, 710, False, 0
1478,0, 710, False, 0
1479,0, 710, False, 0
1480,0, 710, False, 0
1481,0, 710, False, 0
1482,0, 710, False, 0
1483,0, 710, False, 0
1484,0, 710, False, 0
1485,0, 710, False, 0
1486,0, 710, False, 0
1487,0, 710, False, 0
1488,0, 710, False, 0
1489,0, 710, False, 0
1490,0, 710, False, 0
1491,0, 710, False, 0
1492,0, 710, False, 0
1493,0, 710, False, 0
1494,0, 710, False, 0
1495,0, 710, False, 0
1496,0, 710, False, 0
1497,0, 710, False, 0
1498,0, 710, False, 0
1499,0, 710, False, 0
1500,0, 710, False, 0
1501,0, 710, False, 0
1502,0, 710, False, 0
1503,0, 710, False, 0
1504,0, 710, False, 0
1505,0, 710, False, 0
1506,0, 710, False, 0
1507,0, 710, False, 0
1508,0, 710, False, 0
1509,0, 710, False, 0
1510,0, 710, False, 0
1511,0, 710, False, 0
1512,0, 710, False, 5
1513,0, 710, False, 5
1514,0, 710, False, 5
1515,0, 710, False, 5
1516,0, 710, False, 5
1517,0, 710, False, 5
1518,0, 710, False, 5
1519,0, 710, False, 5
1520,0, 710, False, 5
1521,0, 710, False, 5
1522,0, 710, False, 5
1523,0, 710, False, 5
1524,0, 710, False, 5
1525,0, 710, False, 5
1526,0, 710, False, 5
1527,0, 710, False, 5
1528,0, 710, False, 5
1529,0, 710, False, 0
1530,0, 710, False, 0
1531,0, 710, False, 0
1532,0, 710, False, 0
1533,0, 710, False, 0
1534,0, 710, False, 0
1535,0, 710, False, 0
1536,0, 710, False, 0
1537,0, 710, False, 4
1538,0, 710, False, 4
1539,0, 710, False, 4
1540,0, 710, False, 4
1541,0, 710, False, 4
1542,0, 710, False, 4
1543,0, 710, False, 4
1544,0, 710, False, 4
1545,0, 710, False, 4
1546,0, 710, False, 4
1547,0, 710, False, 4
1548,0, 710, False, 4
1549,0, 710, False, 4
1550,0, 710, False, 4
1551,0, 710, False, 4
1552,0, 710, False, 0
1553,0, 710, False, 0
1554,0, 710, False, 0
1555,0, 710, False, 0
1556,0, 710, False, 0
1557,0, 710, False, 0
1558,0, 710, False, 0
1559,0, 710, False, 0
1560,0, 710, False, 0
1561,0, 710, False, 0
1562,0, 710, False, 0
1563,0, 710, False, 0
1564,0, 710, False, 2
1565,0, 710, False, 2
1566,0, 710, False, 2
1567,0, 710, False, 2
1568,0, 710, False, 2
1569,0, 710, False, 2
1570,0, 710, False, 2
1571,0, 710, False, 2
1572,0, 710, False, 2
1573,0, 710, False, 2
1574,0, 710, False, 2
1575,0, 710, False, 2
1576,0, 710, False, 2
1577,0, 710, False, 2
1578,0, 710, False, 0
1579,0, 710, False, 0
1580,0, 710, False, 0
1581,0, 710, False, 0
1582,0, 710, False, 0
1583,0, 710, False, 0
1584,0, 710, False, 0
1585,0, 710, False, 0
1586,0, 710, False, 0
1587,0, 710, False, 0
1588,0, 710, False, 0
1589,0, 710, False, 0
1590,0, 710, False, 0
1591,0, 710, False, 0
1592,0, 710, False, 0
1593,0, 710, False, 0
1594,0, 710, False, 0
1595,0, 710, False, 0
1596,0, 710, False, 0
1597,0, 710, False, 0
1598,0, 710, False, 0
1599,0, 710, False, 0
1600,0, 710, False, 0
1601,0, 710, False, 0
1602,0, 710, False, 0
1603,0, 710, False, 0
1604,0, 710, False, 0
1605,0, 710, False, 0
1606,0, 710, False, 3
1607,0, 710, False, 3
1608,0, 710, False, 3
1609,0, 710, False, 3
1610,0, 710, False, 3
1611,0, 710, False, 3
1612,0, 710, False, 3
1613,0, 710, False, 3
1614,0, 710, False, 6
1615,0, 710, False, 6
1616,0, 710, False, 6
1617,0, 710, False, 2
1618,0, 710, False, 2
1619,0, 710, False, 2
1620,0, 710, False, 2
1621,0, 710, False, 2
1622,0, 710, False, 2
1623,0, 710, False, 2
1624,0, 710, False, 2
1625,0, 710, False, 2
1626,0, 710, False, 2
1627,0, 710, False, 0
1628,0, 710, False, 0
1629,0, 710, False, 0
1630,10, 720, False, 0
1631,0, 720, False, 0
1632,0, 720, False, 0
1633,0, 720, False, 0
1634,0, 720, False, 0
1635,0, 720, False, 0
1636,0, 720, False, 0
1637,0, 720, False, 0
1638,0, 720, False, 0
1639,0, 720, False, 0
1640,0, 720, False, 0
1641,0, 720, False, 0
1642,0, 720, False, 0
1643,0, 720, False, 0
1644,10, 730, False, 0
1645,0, 730, False, 0
1646,0, 730, False, 0
1647,0, 730, False, 3
1648,0, 730, False, 3
1649,0, 730, False, 3
1650,0, 730, False, 3
1651,0, 730, False, 3
1652,0, 730, False, 3
1653,0, 730, False, 3
1654,0, 730, False, 3
1655,0, 730, False, 3
1656,0, 730, False, 3
1657,0, 730, False, 3
1658,10, 740, False, 3
1659,0, 740, False, 3
1660,0, 740, False, 3
1661,0, 740, False, 3
1662,0, 740, False, 3
1663,0, 740, False, 3
1664,0, 740, False, 3
1665,0, 740, False, 3
1666,0, 740, False, 3
1667,0, 740, False, 3
1668,0, 740, False, 3
1669,0, 740, False, 3
1670,0, 740, False, 3
1671,0, 740, False, 3
1672,10, 750, False, 3
1673,0, 750, False, 3
1674,0, 750, False, 3
1675,0, 750, False, 3
1676,0, 750, False, 3
1677,0, 750, False, 3
1678,0, 750, False, 3
1679,0, 750, False, 3
1680,0, 750, False, 3
1681,0, 750, False, 3
1682,10, 760, False, 3
1683,0, 760, False, 3
1684,0, 760, False, 3
1685,0, 760, False, 0
1686,0, 760, False, 0
1687,0, 760, False, 0
1688,0, 760, False, 0
1689,0, 760, False, 0
1690,0, 760, False, 0
1691,0, 760, False, 0
1692,0, 760, False, 0
1693,0, 760, False, 0
1694,10, 770, False, 0
1695,0, 770, False, 0
1696,0, 770, False, 0
1697,0, 770, False, 0
1698,0, 770, False, 0
1699,0, 770, False, 0
1700,0, 770, False, 0
1701,0, 770, False, 0
1702,0, 770, False, 0
1703,0, 770, False, 0
1704,0, 770, False, 0
1705,0, 770, False, 0
1706,0, 770, False, 0
1707,0, 770, False, 0
1708,10, 780, False, 0
1709,0, 780, False, 0
1710,0, 780, False, 0
1711,0, 780, False, 0
1712,0, 780, False, 0
1713,0, 780, False, 0
1714,0, 780, False, 0
1715,0, 780, False, 0
1716,0, 780, False, 0
1717,0, 780, False, 0
1718,0, 780, False, 0
1719,0, 780, False, 0
1720,0, 780, False, 5
1721,0, 780, False, 5
1722,10, 790, False, 5
1723,0, 790, False, 5
1724,0, 790, False, 5
1725,0, 790, False, 5
1726,0, 790, False, 5
1727,0, 790, False, 5
1728,0, 790, False, 5
1729,0, 790, False, 5
1730,0, 790, False, 5
1731,0, 790, False, 5
1732,0, 790, False, 5
1733,0, 790, False, 5
1734,0, 790, False, 5
1735,0, 790, False, 5
1736,0, 790, False, 5
1737,0, 790, False, 5
1738,0, 790, False, 5
1739,0, 790, False, 5
1740,0, 790, False, 5
1741,0, 790, False, 5
1742,0, 790, False, 5
1743,0, 790, False, 5
1744,0, 790, False, 5
1745,0, 790, False, 5
1746,0, 790, False, 5
1747,0, 790, False, 5
1748,0, 790, False, 5
1749,0, 790, False, 0
1750,0, 790, False, 0
1751,0, 790, False, 0
1752,0, 790, False, 0
1753,0, 790, False, 0
1754,0, 790, False, 0
1755,0, 790, False, 0
1756,0, 790, False, 0
1757,0, 790, False, 0
1758,0, 790, False, 0
1759,0, 790, False, 0
1760,0, 790, False, 0
1761,0, 790, False, 0
1762,0, 790, False, 0
1763,0, 790, False, 0
1764,0, 790, False, 0
1765,0, 790, False, 0
1766,0, 790, False, 0
1767,0, 790, False, 0
1768,0, 790, False, 0
1769,0, 790, False, 0
1770,0, 790, False, 0
1771,0, 790, False, 0
1772,0, 790, False, 0
1773,0, 790, False, 0
1774,0, 790, False, 0
1775,0, 790, False, 0
1776,0, 790, False, 0
1777,0, 790, False, 0
1778,0, 790, False, 0
1779,0, 790, False, 0
1780,0, 790, False, 0
1781,0, 790, False, 0
1782,0, 790, False, 0
1783,0, 790, False, 0
1784,0, 790, False, 0
1785,0, 790, False, 0
1786,0, 790, False, 0
1787,0, 790, False, 0
1788,0, 790, False, 0
1789,0, 790, False, 0
1790,0, 790, False, 0
1791,0, 790, False, 0
1792,0, 790, False, 0
1793,0, 790, False, 0
1794,0, 790, False, 0
1795,0, 790, False, 0
1796,0, 790, False, 0
1797,0, 790, False, 0
1798,0, 790, False, 0
1799,0, 790, False, 0
1800,0, 790, False, 0
1801,0, 790, False, 0
1802,0, 790, False, 0
1803,0, 790, False, 0
1804,0, 790, False, 0
1805,0, 790, False, 0
1806,0, 790, False, 0
1807,0, 790, False, 0
1808,0, 790, False, 0
1809,0, 790, False, 0
1810,0, 790, False, 0
1811,0, 790, False, 0
1812,0, 790, False, 0
1813,0, 790, False, 0
1814,0, 790, False, 0
1815,0, 790, False, 0
1816,0, 790, False, 0
1817,0, 790, False, 0
1818,0, 790, False, 0
1819,0, 790, False, 0
1820,0, 790, False, 0
1821,0, 790, False, 0
1822,0, 790, False, 0
1823,0, 790, False, 0
1824,0, 790, False, 0
1825,0, 790, False, 0
1826,0, 790, False, 0
1827,0, 790, False, 0
1828,0, 790, False, 0
1829,0, 790, False, 0
1830,0, 790, False, 0
1831,0, 790, False, 0
1832,0, 790, False, 0
1833,0, 790, False, 0
1834,0, 790, False, 0
1835,0, 790, False, 0
1836,0, 790, False, 0
1837,0, 790, False, 0
1838,0, 790, False, 0
1839,0, 790, False, 0
1840,0, 790, False, 0
1841,0, 790, False, 0
1842,0, 790, False, 0
1843,0, 790, False, 0
1844,0, 790, False, 0
1845,0, 790, False, 0
1846,0, 790, False, 0
1847,0, 790, False, 0
1848,0, 790, False, 0
1849,0, 790, False, 0
1850,0, 790, False, 0
1851,0, 790, False, 0
1852,0, 790, False, 0
1853,0, 790, False, 0
1854,0, 790, False, 0
1855,0, 790, False, 0
1856,0, 790, False, 0
1857,0, 790, False, 0
1858,0, 790, False, 0
1859,0, 790, False, 3
1860,0, 790, False, 3
1861,0, 790, False, 3
1862,0, 790, False, 3
1863,0, 790, False, 3
1864,0, 790, False, 3
1865,0, 790, False, 3
1866,0, 790, False, 3
1867,0, 790, False, 3
1868,0, 790, False, 3
1869,0, 790, False, 3
1870,0, 790, False, 3
1871,0, 790, False, 3
1872,0, 790, False, 3
1873,0, 790, False, 3
1874,0, 790, False, 3
1875,0, 790, False, 3
1876,0, 790, False, 3
1877,0, 790, False, 3
1878,0, 790, False, 3
1879,0, 790, False, 3
1880,0, 790, False, 3
1881,0, 790, False, 0
1882,0, 790, False, 0
1883,0, 790, False, 0
1884,0, 790, False, 0
1885,0, 790, False, 0
1886,0, 790, False, 0
1887,0, 790, False, 0
1888,0, 790, False, 0
1889,0, 790, False, 0
1890,0, 790, False, 0
1891,0, 790, False, 0
1892,0, 790, False, 0
1893,0, 790, False, 0
1894,0, 790, False, 0
1895,0, 790, False, 0
1896,0, 790, False, 0
1897,0, 790, False, 0
1898,0, 790, False, 0
1899,0, 790, False, 0
1900,0, 790, False, 0
1901,0, 790, False, 0
1902,0, 790, False, 0
1903,0, 790, False, 0
1904,0, 790, False, 0
1905,0, 790, False, 0
1906,0, 790, False, 0
1907,0, 790, False, 0
1908,0, 790, False, 0
1909,0, 790, False, 0
1910,0, 790, False, 0
1911,0, 790, False, 0
1912,0, 790, False, 0
1913,0, 790, False, 3
1914,0, 790, False, 3
1915,0, 790, False, 3
1916,0, 790, False, 3
1917,0, 790, False, 3
1918,0, 790, False, 3
1919,0, 790, False, 3
1920,0, 790, False, 3
1921,0, 790, False, 3
1922,0, 790, False, 3
1923,0, 790, False, 3
1924,0, 790, False, 0
1925,0, 790, False, 0
1926,0, 790, False, 0
1927,0, 790, False, 0
1928,0, 790, False, 0
1929,0, 790, False, 0
1930,0, 790, False, 0
1931,0, 790, False, 0
1932,0, 790, False, 0
1933,0, 790, False, 0
1934,0, 790, False, 0
1935,0, 790, False, 0
1936,0, 790, False, 0
1937,0, 790, False, 0
1938,0, 790, False, 0
1939,0, 790, False, 0
1940,0, 790, False, 0
1941,0, 790, False, 0
1942,0, 790, False, 0
1943,0, 790, False, 0
1944,0, 790, False, 0
1945,0, 790, False, 0
1946,0, 790, False, 3
1947,0, 790, False, 3
1948,0, 790, False, 3
1949,0, 790, False, 3
1950,0, 790, False, 3
1951,0, 790, False, 3
1952,0, 790, False, 3
1953,0, 790, False, 3
1954,0, 790, False, 3
1955,0, 790, False, 3
1956,0, 790, False, 0
1957,0, 790, False, 0
1958,0, 790, False, 0
1959,0, 790, False, 0
1960,0, 790, False, 0
1961,0, 790, False, 0
1962,0, 790, False, 0
1963,0, 790, False, 0
1964,0, 790, False, 0
1965,0, 790, False, 0
1966,0, 790, False, 0
1967,0, 790, False, 0
1968,0, 790, False, 0
1969,0, 790, False, 0
1970,0, 790, False, 0
1971,0, 790, False, 0
1972,0, 790, False, 0
1973,0, 790, False, 0
1974,0, 790, False, 0
1975,0, 790, False, 0
1976,0, 790, False, 0
1977,0, 790, False, 0
1978,0, 790, False, 0
1979,0, 790, False, 0
1980,0, 790, False, 0
1981,0, 790, False, 0
1982,0, 790, False, 0
1983,0, 790, False, 2
1984,0, 790, False, 2
1985,0, 790, False, 2
1986,0, 790, False, 2
1987,0, 790, False, 2
1988,0, 790, False, 2
1989,0, 790, False, 2
1990,0, 790, False, 2
1991,0, 790, False, 2
1992,0, 790, False, 2
1993,0, 790, False, 0
1994,0, 790, False, 0
1995,0, 790, False, 0
1996,0, 790, False, 0
1997,0, 790, False, 0
1998,0, 790, False, 0
1999,0, 790, False, 0
2000,0, 790, False, 0
2001,0, 790, False, 0
2002,10, 800, False, 0
2003,0, 800, False, 0
2004,0, 800, False, 0
2005,0, 800, False, 0
2006,0, 800, False, 0
2007,0, 800, False, 0
2008,0, 800, False, 0
2009,0, 800, False, 0
2010,0, 800, False, 0
2011,0, 800, False, 3
2012,0, 800, False, 3
2013,0, 800, False, 3
2014,0, 800, False, 3
2015,0, 800, False, 3
2016,10, 810, False, 3
2017,0, 810, False, 3
2018,0, 810, False, 3
2019,0, 810, False, 3
2020,0, 810, False, 3
2021,0, 810, False, 3
2022,0, 810, False, 3
2023,0, 810, False, 3
2024,0, 810, False, 3
2025,0, 810, False, 3
2026,0, 810, False, 3
2027,0, 810, False, 3
2028,0, 810, False, 3
2029,0, 810, False, 3
2030,10, 820, False, 3
2031,0, 820, False, 3
2032,0, 820, False, 3
2033,0, 820, False, 0
2034,0, 820, False, 0
2035,0, 820, False, 0
2036,0, 820, False, 0
2037,0, 820, False, 0
2038,0, 820, False, 0
2039,0, 820, False, 0
2040,0, 820, False, 0
2041,0, 820, False, 0
2042,0, 820, False, 0
2043,0, 820, False, 0
2044,0, 820, False, 0
2045,0, 820, False, 0
2046,0, 820, False, 5
2047,0, 820, False, 5
2048,0, 820, False, 5
2049,0, 820, False, 5
2050,0, 820, False, 5
2051,0, 820, False, 5
2052,0, 820, False, 5
2053,0, 820, False, 5
2054,10, 830, False, 5
2055,0, 830, False, 5
2056,0, 830, False, 5
2057,0, 830, False, 0
2058,0, 830, False, 0
2059,0, 830, False, 0
2060,0, 830, False, 0
2061,0, 830, False, 0
2062,0, 830, False, 3
2063,0, 830, False, 3
2064,0, 830, False, 3
2065,0, 830, False, 3
2066,0, 830, False, 3
2067,0, 830, False, 3
2068,10, 840, False, 3
2069,0, 840, False, 3
2070,0, 840, False, 3
2071,0, 840, False, 3
2072,0, 840, False, 3
2073,0, 840, False, 3
2074,0, 840, False, 3
2075,0, 840, False, 3
2076,0, 840, False, 3
2077,0, 840, False, 0
2078,0, 840, False, 0
2079,0, 840, False, 0
2080,0, 840, False, 0
2081,0, 840, False, 0
2082,10, 850, False, 0
2083,0, 850, False, 0
2084,0, 850, False, 0
2085,0, 850, False, 0
2086,0, 850, False, 0
2087,0, 850, False, 0
2088,0, 850, False, 0
2089,0, 850, False, 0
2090,0, 850, False, 0
2091,0, 850, False, 0
2092,0, 850, False, 0
2093,0, 850, False, 0
2094,0, 850, False, 0
2095,0, 850, False, 0
2096,10, 860, False, 0
2097,0, 860, False, 0
2098,0, 860, False, 0
2099,0, 860, False, 0
2100,0, 860, False, 0
2101,0, 860, False, 0
2102,0, 860, False, 0
2103,0, 860, False, 0
2104,0, 860, False, 0
2105,0, 860, False, 0
2106,0, 860, False, 0
2107,0, 860, False, 0
2108,0, 860, False, 0
2109,0, 860, False, 0
2110,10, 870, False, 0
2111,0, 870, False, 5
2112,0, 870, False, 5
2113,0, 870, False, 5
2114,0, 870, False, 5
2115,0, 870, False, 5
2116,0, 870, False, 5
2117,0, 870, False, 5
2118,0, 870, False, 5
2119,0, 870, False, 5
2120,0, 870, False, 5
2121,0, 870, False, 5
2122,10, 880, False, 5
2123,0, 880, False, 5
2124,0, 880, False, 5
2125,0, 880, False, 5
2126,0, 880, False, 5
2127,0, 880, False, 5
2128,0, 880, False, 5
2129,0, 880, False, 5
2130,0, 880, False, 5
2131,0, 880, False, 5
2132,0, 880, False, 5
2133,0, 880, False, 5
2134,0, 880, False, 5
2135,0, 880, False, 5
2136,50, 930, False, 0
2137,0, 930, False, 0
2138,0, 930, False, 0
2139,0, 930, False, 0
2140,0, 930, False, 0
2141,0, 930, False, 0
2142,0, 930, False, 0
2143,0, 930, False, 0
2144,0, 930, False, 0
2145,0, 930, False, 0
2146,0, 930, False, 0
2147,0, 930, False, 0
2148,10, 940, False, 0
2149,0, 940, False, 0
2150,0, 940, False, 0
2151,0, 940, False, 0
2152,0, 940, False, 0
2153,0, 940, False, 0
2154,0, 940, False, 4
2155,0, 940, False, 4
2156,0, 940, False, 4
2157,0, 940, False, 4
2158,0, 940, False, 4
2159,0, 940, False, 4
2160,0, 940, False, 4
2161,0, 940, False, 4
2162,0, 940, False, 4
2163,0, 940, False, 4
2164,10, 950, False, 4
2165,0, 950, False, 4
2166,0, 950, False, 4
2167,0, 950, False, 4
2168,0, 950, False, 4
2169,0, 950, False, 4
2170,0, 950, False, 4
2171,0, 950, False, 4
2172,0, 950, False, 4
2173,0, 950, False, 4
2174,0, 950, False, 0
2175,0, 950, False, 0
2176,0, 950, False, 0
2177,0, 950, False, 0
2178,10, 960, False, 0
2179,0, 960, False, 0
2180,0, 960, False, 2
2181,0, 960, False, 2
2182,0, 960, False, 2
2183,0, 960, False, 2
2184,0, 960, False, 2
2185,0, 960, False, 2
2186,0, 960, False, 2
2187,0, 960, False, 2
2188,0, 960, False, 2
2189,0, 960, False, 2
2190,10, 970, False, 2
2191,0, 970, False, 2
2192,0, 970, False, 2
2193,0, 970, False, 2
2194,0, 970, False, 2
2195,0, 970, False, 2
2196,0, 970, False, 2
2197,0, 970, False, 2
2198,0, 970, False, 2
2199,0, 970, False, 2
2200,0, 970, False, 2
2201,0, 970, False, 2
2202,0, 970, False, 2
2203,0, 970, False, 2
2204,0, 970, False, 2
2205,0, 970, False, 2
2206,10, 980, False, 2
2207,0, 980, False, 2
2208,0, 980, False, 2
2209,0, 980, False, 2
2210,0, 980, False, 2
2211,0, 980, False, 2
2212,0, 980, False, 2
2213,0, 980, False, 2
2214,0, 980, False, 2
2215,0, 980, False, 2
2216,0, 980, False, 2
2217,0, 980, False, 2
2218,0, 980, False, 2
2219,0, 980, False, 2
2220,10, 990, False, 2
2221,0, 990, False, 2
2222,0, 990, False, 2
2223,0, 990, False, 7
2224,0, 990, False, 7
2225,0, 990, False, 4
2226,0, 990, False, 4
2227,0, 990, False, 4
2228,0, 990, False, 4
2229,0, 990, False, 4
2230,0, 990, False, 4
2231,0, 990, False, 4
2232,0, 990, False, 4
2233,0, 990, False, 4
2234,0, 990, False, 4
2235,0, 990, False, 4
2236,0, 990, False, 4
2237,0, 990, False, 4
2238,0, 990, False, 4
2239,0, 990, False, 4
2240,0, 990, False, 4
2241,0, 990, False, 4
2242,0, 990, False, 4
2243,0, 990, False, 4
2244,0, 990, False, 4
2245,0, 990, False, 4
2246,0, 990, False, 4
2247,0, 990, False, 4
2248,0, 990, False, 4
2249,0, 990, False, 4
2250,0, 990, False, 4
2251,0, 990, False, 4
2252,0, 990, False, 4
2253,0, 990, False, 4
2254,0, 990, False, 4
2255,0, 990, False, 4
2256,0, 990, False, 4
2257,0, 990, False, 4
2258,0, 990, False, 4
2259,0, 990, False, 4
2260,0, 990, False, 4
2261,0, 990, False, 4
2262,0, 990, False, 4
2263,0, 990, False, 4
2264,0, 990, False, 4
2265,0, 990, False, 4
2266,0, 990, False, 4
2267,0, 990, False, 4
2268,0, 990, False, 4
2269,0, 990, False, 4
2270,0, 990, False, 4
2271,0, 990, False, 4
2272,0, 990, False, 4
2273,0, 990, False, 4
2274,0, 990, False, 4
2275,0, 990, False, 4
2276,0, 990, False, 4
2277,0, 990, False, 4
2278,0, 990, False, 4
2279,0, 990, False, 4
2280,0, 990, False, 4
2281,0, 990, False, 4
2282,0, 990, False, 4
2283,0, 990, False, 4
2284,0, 990, False, 4
2285,0, 990, False, 4
2286,0, 990, False, 4
2287,0, 990, False, 4
2288,0, 990, False, 4
2289,0, 990, False, 4
2290,0, 990, False, 4
2291,0, 990, False, 4
2292,0, 990, False, 4
2293,0, 990, False, 4
2294,200, 1190, False, 4
2295,0, 1190, False, 4
2296,0, 1190, False, 4
2297,0, 1190, False, 4
2298,0, 1190, False, 4
2299,0, 1190, False, 4
2300,0, 1190, False, 4
2301,0, 1190, False, 4
2302,0, 1190, False, 4
2303,0, 1190, False, 4
2304,0, 1190, False, 4
2305,0, 1190, False, 4
2306,0, 1190, False, 4
2307,0, 1190, False, 4
2308,0, 1190, False, 4
2309,0, 1190, False, 4
2310,0, 1190, False, 4
2311,0, 1190, False, 4
2312,0, 1190, False, 4
2313,0, 1190, False, 4
2314,0, 1190, False, 4
2315,0, 1190, False, 4
2316,0, 1190, False, 4
2317,0, 1190, False, 4
2318,0, 1190, False, 4
2319,0, 1190, False, 4
2320,0, 1190, False, 4
2321,0, 1190, False, 4
2322,0, 1190, False, 4
2323,0, 1190, False, 4
2324,0, 1190, False, 4
2325,0, 1190, False, 4
2326,0, 1190, False, 4
2327,0, 1190, False, 4
2328,0, 1190, False, 4
2329,0, 1190, False, 4
2330,0, 1190, False, 4
2331,0, 1190, False, 4
2332,0, 1190, False, 4
2333,0, 1190, False, 4
2334,0, 1190, False, 4
2335,0, 1190, False, 4
2336,0, 1190, False, 4
2337,0, 1190, False, 4
2338,0, 1190, False, 4
2339,0, 1190, False, 4
2340,0, 1190, False, 4
2341,0, 1190, False, 4
2342,0, 1190, False, 4
2343,0, 1190, False, 4
2344,0, 1190, False, 4
2345,0, 1190, False, 4
2346,0, 1190, False, 4
2347,0, 1190, False, 4
2348,0, 1190, False, 4
2349,0, 1190, False, 0
2350,0, 1190, False, 0
2351,0, 1190, False, 0
2352,0, 1190, False, 0
2353,0, 1190, False, 0
2354,0, 1190, False, 0
2355,0, 1190, False, 0
2356,0, 1190, False, 0
2357,0, 1190, False, 0
2358,0, 1190, False, 0
2359,0, 1190, False, 0
2360,0, 1190, False, 0
2361,0, 1190, False, 0
2362,0, 1190, False, 0
2363,0, 1190, False, 0
2364,0, 1190, False, 0
2365,0, 1190, False, 0
2366,0, 1190, False, 0
2367,0, 1190, False, 0
2368,0, 1190, False, 0
2369,0, 1190, False, 0
2370,0, 1190, False, 0
2371,0, 1190, False, 0
2372,0, 1190, False, 0
2373,0, 1190, False, 3
2374,0, 1190, False, 3
2375,0, 1190, False, 3
2376,0, 1190, False, 8
2377,0, 1190, False, 8
2378,0, 1190, False, 8
2379,0, 1190, False, 8
2380,0, 1190, False, 8
2381,0, 1190, False, 8
2382,0, 1190, False, 5
2383,0, 1190, False, 5
2384,0, 1190, False, 5
2385,0, 1190, False, 5
2386,0, 1190, False, 5
2387,0, 1190, False, 5
2388,0, 1190, False, 8
2389,0, 1190, False, 8
2390,0, 1190, False, 8
2391,0, 1190, False, 8
2392,0, 1190, False, 3
2393,0, 1190, False, 3
2394,10, 1200, False, 3
2395,0, 1200, False, 3
2396,0, 1200, False, 3
2397,0, 1200, False, 3
2398,0, 1200, False, 3
2399,0, 1200, False, 3
2400,0, 1200, False, 3
2401,0, 1200, False, 3
2402,0, 1200, False, 0
2403,0, 1200, False, 0
2404,0, 1200, False, 0
2405,0, 1200, False, 0
2406,0, 1200, False, 0
2407,0, 1200, False, 0
2408,10, 1210, False, 0
2409,0, 1210, False, 0
2410,0, 1210, False, 0
2411,0, 1210, False, 0
2412,0, 1210, False, 0
2413,0, 1210, False, 0
2414,0, 1210, False, 0
2415,0, 1210, False, 0
2416,0, 1210, False, 0
2417,0, 1210, False, 0
2418,0, 1210, False, 0
2419,0, 1210, False, 0
2420,0, 1210, False, 0
2421,0, 1210, False, 0
2422,10, 1220, False, 0
2423,0, 1220, False, 0
2424,0, 1220, False, 0
2425,0, 1220, False, 0
2426,0, 1220, False, 0
2427,0, 1220, False, 0
2428,0, 1220, False, 0
2429,0, 1220, False, 0
2430,0, 1220, False, 0
2431,0, 1220, False, 0
2432,0, 1220, False, 0
2433,0, 1220, False, 0
2434,0, 1220, False, 0
2435,0, 1220, False, 0
2436,10, 1230, False, 0
2437,0, 1230, False, 0
2438,0, 1230, False, 0
2439,0, 1230, False, 0
2440,0, 1230, False, 0
2441,0, 1230, False, 0
2442,0, 1230, False, 0
2443,0, 1230, False, 0
2444,0, 1230, False, 0
2445,0, 1230, False, 0
2446,0, 1230, False, 0
2447,0, 1230, False, 0
2448,0, 1230, False, 0
2449,0, 1230, False, 0
2450,10, 1240, False, 2
2451,0, 1240, False, 2
2452,0, 1240, False, 2
2453,0, 1240, False, 2
2454,0, 1240, False, 2
2455,0, 1240, False, 2
2456,0, 1240, False, 2
2457,0, 1240, False, 2
2458,0, 1240, False, 2
2459,0, 1240, False, 2
2460,0, 1240, False, 2
2461,0, 1240, False, 2
2462,0, 1240, False, 2
2463,0, 1240, False, 2
2464,0, 1240, False, 2
2465,0, 1240, False, 2
2466,0, 1240, False, 2
2467,0, 1240, False, 2
2468,0, 1240, False, 2
2469,0, 1240, False, 2
2470,0, 1240, False, 2
2471,0, 1240, False, 2
2472,0, 1240, False, 2
2473,0, 1240, False, 2
2474,0, 1240, False, 2
2475,0, 1240, False, 2
2476,0, 1240, False, 2
2477,0, 1240, False, 2
2478,0, 1240, False, 2
2479,0, 1240, False, 2
2480,0, 1240, False, 2
2481,0, 1240, False, 2
2482,0, 1240, False, 2
2483,0, 1240, False, 2
2484,0, 1240, False, 2
2485,0, 1240, False, 2
2486,0, 1240, False, 2
2487,0, 1240, False, 2
2488,0, 1240, False, 2
2489,0, 1240, False, 2
2490,0, 1240, False, 2
2491,0, 1240, False, 2
2492,0, 1240, False, 2
2493,0, 1240, False, 2
2494,0, 1240, False, 7
2495,0, 1240, False, 7
2496,0, 1240, False, 7
2497,0, 1240, False, 7
2498,0, 1240, False, 7
2499,0, 1240, False, 7
2500,0, 1240, False, 7
2501,0, 1240, False, 7
2502,0, 1240, False, 7
2503,0, 1240, False, 7
2504,0, 1240, False, 7
2505,0, 1240, False, 4
2506,0, 1240, False, 4
2507,0, 1240, False, 4
2508,0, 1240, False, 4
2509,0, 1240, False, 4
2510,0, 1240, False, 4
2511,0, 1240, False, 4
2512,0, 1240, False, 4
2513,0, 1240, False, 4
2514,0, 1240, False, 4
2515,0, 1240, False, 4
2516,0, 1240, False, 4
2517,0, 1240, False, 4
2518,0, 1240, False, 4
2519,0, 1240, False, 4
2520,0, 1240, False, 4
2521,0, 1240, False, 4
2522,0, 1240, False, 4
2523,0, 1240, False, 4
2524,0, 1240, False, 4
2525,0, 1240, False, 4
2526,0, 1240, False, 4
2527,0, 1240, False, 4
2528,0, 1240, False, 4
2529,0, 1240, False, 4
2530,0, 1240, False, 4
2531,0, 1240, False, 4
2532,0, 1240, False, 4
2533,0, 1240, False, 4
2534,0, 1240, False, 4
2535,0, 1240, False, 4
2536,0, 1240, False, 4
2537,0, 1240, False, 4
2538,0, 1240, False, 4
2539,0, 1240, False, 4
2540,0, 1240, False, 4
2541,0, 1240, False, 4
2542,0, 1240, False, 4
2543,0, 1240, False, 4
2544,0, 1240, False, 4
2545,0, 1240, False, 4
2546,0, 1240, False, 4
2547,0, 1240, False, 0
2548,0, 1240, False, 0
2549,0, 1240, False, 0
2550,0, 1240, False, 0
2551,0, 1240, False, 0
2552,0, 1240, False, 0
2553,0, 1240, False, 5
2554,0, 1240, False, 5
2555,0, 1240, False, 5
2556,0, 1240, False, 5
2557,0, 1240, False, 5
2558,0, 1240, False, 5
2559,0, 1240, False, 5
2560,0, 1240, False, 5
2561,0, 1240, False, 5
2562,0, 1240, False, 5
2563,0, 1240, False, 5
2564,0, 1240, False, 5
2565,0, 1240, False, 5
2566,0, 1240, False, 5
2567,0, 1240, False, 5
2568,0, 1240, False, 5
2569,0, 1240, False, 5
2570,0, 1240, False, 5
2571,0, 1240, False, 5
2572,0, 1240, False, 5
2573,0, 1240, False, 5
2574,0, 1240, False, 5
2575,0, 1240, False, 5
2576,0, 1240, False, 5
2577,0, 1240, False, 5
2578,0, 1240, False, 5
2579,0, 1240, False, 5
2580,0, 1240, False, 5
2581,0, 1240, False, 5
2582,0, 1240, False, 5
2583,0, 1240, False, 5
2584,0, 1240, False, 5
2585,0, 1240, False, 5
2586,0, 1240, False, 5
2587,0, 1240, False, 5
2588,0, 1240, False, 5
2589,0, 1240, False, 5
2590,0, 1240, False, 5
2591,0, 1240, False, 5
2592,0, 1240, False, 0
2593,0, 1240, False, 0
2594,0, 1240, False, 0
2595,0, 1240, False, 0
2596,0, 1240, False, 0
2597,0, 1240, False, 0
2598,0, 1240, False, 0
2599,0, 1240, False, 0
2600,0, 1240, False, 0
2601,0, 1240, False, 0
2602,0, 1240, False, 0
2603,0, 1240, False, 0
2604,0, 1240, False, 0
2605,0, 1240, False, 0
2606,0, 1240, False, 0
2607,0, 1240, False, 0
2608,0, 1240, False, 0
2609,0, 1240, False, 0
2610,0, 1240, False, 0
2611,0, 1240, False, 0
2612,0, 1240, False, 0
2613,0, 1240, False, 0
2614,0, 1240, False, 0
2615,0, 1240, False, 0
2616,0, 1240, False, 3
2617,0, 1240, False, 3
2618,0, 1240, False, 3
2619,0, 1240, False, 3
2620,0, 1240, False, 3
2621,0, 1240, False, 3
2622,0, 1240, False, 3
2623,0, 1240, False, 3
2624,10, 1250, False, 3
2625,0, 1250, False, 3
2626,0, 1250, False, 3
2627,0, 1250, False, 3
2628,0, 1250, False, 3
2629,0, 1250, False, 3
2630,0, 1250, False, 3
2631,0, 1250, False, 3
2632,0, 1250, False, 3
2633,0, 1250, False, 3
2634,0, 1250, False, 3
2635,0, 1250, False, 3
2636,0, 1250, False, 3
2637,0, 1250, False, 3
2638,10, 1260, False, 3
2639,0, 1260, False, 3
2640,0, 1260, False, 3
2641,0, 1260, False, 3
2642,0, 1260, False, 3
2643,0, 1260, False, 3
2644,0, 1260, False, 3
2645,0, 1260, False, 3
2646,0, 1260, False, 3
2647,0, 1260, False, 3
2648,0, 1260, False, 0
2649,0, 1260, False, 0
2650,10, 1270, False, 0
2651,0, 1270, False, 0
2652,0, 1270, False, 0
2653,0, 1270, False, 0
2654,0, 1270, False, 0
2655,0, 1270, False, 0
2656,0, 1270, False, 0
2657,0, 1270, False, 0
2658,0, 1270, False, 0
2659,0, 1270, False, 0
2660,0, 1270, False, 0
2661,0, 1270, False, 0
2662,0, 1270, False, 0
2663,0, 1270, False, 0
2664,0, 1270, False, 0
2665,0, 1270, False, 0
2666,0, 1270, False, 0
2667,0, 1270, False, 0
2668,0, 1270, False, 0
2669,0, 1270, False, 0
2670,0, 1270, False, 0
2671,0, 1270, False, 0
2672,0, 1270, False, 0
2673,0, 1270, False, 0
2674,10, 1280, False, 0
2675,0, 1280, False, 0
2676,0, 1280, False, 0
2677,0, 1280, False, 0
2678,0, 1280, False, 0
2679,0, 1280, False, 0
2680,0, 1280, False, 0
2681,0, 1280, False, 0
2682,0, 1280, False, 0
2683,0, 1280, False, 0
2684,0, 1280, False, 0
2685,0, 1280, False, 0
2686,0, 1280, False, 0
2687,0, 1280, False, 0
2688,0, 1280, False, 0
2689,0, 1280, False, 0
2690,0, 1280, False, 0
2691,0, 1280, False, 0
2692,0, 1280, False, 0
2693,0, 1280, False, 0
2694,10, 1290, False, 0
2695,0, 1290, False, 0
2696,0, 1290, False, 0
2697,0, 1290, False, 0
2698,0, 1290, False, 0
2699,0, 1290, False, 0
2700,0, 1290, False, 2
2701,0, 1290, False, 2
2702,0, 1290, False, 2
2703,0, 1290, False, 2
2704,0, 1290, False, 2
2705,0, 1290, False, 2
2706,10, 1300, False, 2
2707,0, 1300, False, 2
2708,0, 1300, False, 2
2709,0, 1300, False, 2
2710,0, 1300, False, 2
2711,0, 1300, False, 2
2712,0, 1300, False, 2
2713,0, 1300, False, 2
2714,0, 1300, False, 2
2715,0, 1300, False, 2
2716,0, 1300, False, 2
2717,0, 1300, False, 0
2718,0, 1300, False, 0
2719,0, 1300, False, 0
2720,0, 1300, False, 0
2721,0, 1300, False, 0
2722,0, 1300, False, 0
2723,0, 1300, False, 0
2724,10, 1310, False, 0
2725,0, 1310, False, 0
2726,0, 1310, False, 0
2727,0, 1310, False, 0
2728,0, 1310, False, 0
2729,0, 1310, False, 0
2730,0, 1310, False, 0
2731,0, 1310, False, 0
2732,0, 1310, False, 0
2733,0, 1310, False, 0
2734,0, 1310, False, 3
2735,0, 1310, False, 3
2736,0, 1310, False, 3
2737,0, 1310, False, 3
2738,10, 1320, False, 3
2739,0, 1320, False, 3
2740,0, 1320, False, 3
2741,0, 1320, False, 3
2742,0, 1320, False, 3
2743,0, 1320, False, 3
2744,0, 1320, False, 3
2745,0, 1320, False, 3
2746,0, 1320, False, 3
2747,0, 1320, False, 3
2748,10, 1330, False, 3
2749,0, 1330, False, 3
2750,0, 1330, False, 3
2751,0, 1330, False, 3
2752,0, 1330, False, 3
2753,0, 1330, False, 3
2754,0, 1330, False, 3
2755,0, 1330, False, 3
2756,0, 1330, False, 3
2757,0, 1330, False, 3
2758,0, 1330, False, 3
2759,0, 1330, False, 3
2760,0, 1330, False, 3
2761,0, 1330, False, 3
2762,10, 1340, False, 3
2763,0, 1340, False, 0
2764,0, 1340, False, 0
2765,0, 1340, False, 0
2766,0, 1340, False, 0
2767,0, 1340, False, 2
2768,0, 1340, False, 2
2769,0, 1340, False, 2
2770,0, 1340, False, 2
2771,0, 1340, False, 2
2772,0, 1340, False, 2
2773,0, 1340, False, 2
2774,0, 1340, False, 2
2775,0, 1340, False, 2
2776,0, 1340, False, 2
2777,0, 1340, False, 2
2778,0, 1340, False, 2
2779,0, 1340, False, 2
2780,10, 1350, False, 2
2781,0, 1350, False, 2
2782,0, 1350, False, 2
2783,0, 1350, False, 7
2784,0, 1350, False, 7
2785,0, 1350, False, 7
2786,0, 1350, False, 7
2787,0, 1350, False, 2
2788,0, 1350, False, 2
2789,0, 1350, False, 2
2790,0, 1350, False, 2
2791,0, 1350, False, 2
2792,0, 1350, False, 2
2793,0, 1350, False, 2
2794,0, 1350, False, 2
2795,0, 1350, False, 2
2796,0, 1350, False, 2
2797,0, 1350, False, 2
2798,0, 1350, False, 2
2799,0, 1350, False, 2
2800,0, 1350, False, 2
2801,0, 1350, False, 2
2802,0, 1350, False, 2
2803,0, 1350, False, 2
2804,0, 1350, False, 2
2805,0, 1350, False, 2
2806,0, 1350, False, 2
2807,0, 1350, False, 0
2808,0, 1350, False, 0
2809,0, 1350, False, 0
2810,0, 1350, False, 0
2811,0, 1350, False, 0
2812,0, 1350, False, 0
2813,0, 1350, False, 0
2814,0, 1350, False, 0
2815,0, 1350, False, 0
2816,0, 1350, False, 0
2817,0, 1350, False, 0
2818,0, 1350, False, 0
2819,0, 1350, False, 0
2820,0, 1350, False, 0
2821,0, 1350, False, 0
2822,0, 1350, False, 0
2823,0, 1350, False, 0
2824,0, 1350, False, 0
2825,0, 1350, False, 0
2826,0, 1350, False, 0
2827,0, 1350, False, 0
2828,0, 1350, False, 0
2829,0, 1350, False, 0
2830,0, 1350, False, 0
2831,0, 1350, False, 0
2832,0, 1350, False, 0
2833,0, 1350, False, 0
2834,0, 1350, False, 0
2835,0, 1350, False, 0
2836,0, 1350, False, 0
2837,0, 1350, False, 0
2838,0, 1350, False, 0
2839,0, 1350, False, 0
2840,0, 1350, False, 0
2841,0, 1350, False, 0
2842,0, 1350, False, 0
2843,0, 1350, False, 0
2844,0, 1350, False, 0
2845,0, 1350, False, 0
2846,0, 1350, False, 0
2847,0, 1350, False, 0
2848,0, 1350, False, 0
2849,0, 1350, False, 0
2850,0, 1350, False, 0
2851,0, 1350, False, 0
2852,0, 1350, False, 0
2853,0, 1350, False, 0
2854,0, 1350, False, 0
2855,0, 1350, False, 0
2856,0, 1350, False, 0
2857,0, 1350, False, 0
2858,0, 1350, False, 0
2859,0, 1350, False, 0
2860,0, 1350, False, 0
2861,0, 1350, False, 0
2862,0, 1350, False, 0
2863,0, 1350, False, 0
2864,0, 1350, False, 0
2865,0, 1350, False, 0
2866,0, 1350, True, 0
