db traj id : 3192
frame,reward,score,terminal, action
0,0, 0, False, 0
1,0, 0, False, 0
2,0, 0, False, 0
3,0, 0, False, 0
4,0, 0, False, 0
5,0, 0, False, 0
6,0, 0, False, 0
7,0, 0, False, 0
8,0, 0, False, 0
9,0, 0, False, 0
10,0, 0, False, 0
11,0, 0, False, 0
12,0, 0, False, 0
13,0, 0, False, 0
14,0, 0, False, 0
15,0, 0, False, 0
16,0, 0, False, 0
17,0, 0, False, 0
18,0, 0, False, 0
19,0, 0, False, 0
20,0, 0, False, 0
21,0, 0, False, 0
22,0, 0, False, 0
23,0, 0, False, 0
24,0, 0, False, 0
25,0, 0, False, 0
26,0, 0, False, 0
27,0, 0, False, 0
28,0, 0, False, 0
29,0, 0, False, 0
30,0, 0, False, 0
31,0, 0, False, 0
32,0, 0, False, 0
33,0, 0, False, 0
34,0, 0, False, 0
35,0, 0, False, 0
36,0, 0, False, 0
37,0, 0, False, 0
38,0, 0, False, 0
39,0, 0, False, 0
40,0, 0, False, 0
41,0, 0, False, 0
42,0, 0, False, 0
43,0, 0, False, 0
44,0, 0, False, 0
45,0, 0, False, 0
46,0, 0, False, 0
47,0, 0, False, 0
48,0, 0, False, 0
49,0, 0, False, 0
50,0, 0, False, 0
51,0, 0, False, 0
52,0, 0, False, 0
53,0, 0, False, 0
54,0, 0, False, 0
55,0, 0, False, 0
56,0, 0, False, 0
57,0, 0, False, 0
58,0, 0, False, 0
59,0, 0, False, 0
60,0, 0, False, 0
61,0, 0, False, 0
62,0, 0, False, 0
63,0, 0, False, 0
64,0, 0, False, 0
65,0, 0, False, 0
66,0, 0, False, 0
67,0, 0, False, 0
68,0, 0, False, 0
69,0, 0, False, 0
70,0, 0, False, 0
71,0, 0, False, 0
72,0, 0, False, 0
73,0, 0, False, 0
74,0, 0, False, 0
75,0, 0, False, 0
76,0, 0, False, 0
77,0, 0, False, 0
78,0, 0, False, 0
79,0, 0, False, 0
80,0, 0, False, 0
81,0, 0, False, 0
82,0, 0, False, 0
83,0, 0, False, 0
84,0, 0, False, 0
85,0, 0, False, 0
86,0, 0, False, 0
87,0, 0, False, 0
88,0, 0, False, 0
89,0, 0, False, 0
90,0, 0, False, 0
91,0, 0, False, 0
92,0, 0, False, 0
93,0, 0, False, 0
94,0, 0, False, 0
95,0, 0, False, 0
96,0, 0, False, 0
97,0, 0, False, 0
98,0, 0, False, 0
99,0, 0, False, 0
100,0, 0, False, 0
101,0, 0, False, 0
102,0, 0, False, 0
103,0, 0, False, 0
104,0, 0, False, 4
105,0, 0, False, 4
106,0, 0, False, 4
107,0, 0, False, 4
108,0, 0, False, 4
109,0, 0, False, 4
110,0, 0, False, 4
111,0, 0, False, 4
112,0, 0, False, 4
113,0, 0, False, 4
114,0, 0, False, 4
115,0, 0, False, 4
116,0, 0, False, 4
117,0, 0, False, 4
118,0, 0, False, 4
119,0, 0, False, 4
120,0, 0, False, 4
121,0, 0, False, 4
122,0, 0, False, 4
123,0, 0, False, 4
124,0, 0, False, 4
125,0, 0, False, 4
126,0, 0, False, 4
127,0, 0, False, 4
128,0, 0, False, 4
129,0, 0, False, 4
130,0, 0, False, 4
131,0, 0, False, 4
132,0, 0, False, 0
133,0, 0, False, 0
134,0, 0, False, 0
135,0, 0, False, 0
136,0, 0, False, 0
137,0, 0, False, 0
138,0, 0, False, 0
139,0, 0, False, 0
140,0, 0, False, 0
141,0, 0, False, 0
142,0, 0, False, 0
143,0, 0, False, 0
144,0, 0, False, 0
145,0, 0, False, 0
146,0, 0, False, 0
147,0, 0, False, 0
148,0, 0, False, 0
149,0, 0, False, 0
150,0, 0, False, 0
151,0, 0, False, 0
152,0, 0, False, 0
153,0, 0, False, 0
154,0, 0, False, 0
155,0, 0, False, 0
156,0, 0, False, 0
157,0, 0, False, 0
158,0, 0, False, 0
159,0, 0, False, 0
160,0, 0, False, 0
161,0, 0, False, 0
162,0, 0, False, 0
163,0, 0, False, 0
164,0, 0, False, 0
165,0, 0, False, 0
166,0, 0, False, 0
167,0, 0, False, 0
168,0, 0, False, 0
169,0, 0, False, 0
170,0, 0, False, 0
171,0, 0, False, 0
172,0, 0, False, 0
173,0, 0, False, 0
174,0, 0, False, 0
175,0, 0, False, 0
176,0, 0, False, 0
177,0, 0, False, 0
178,0, 0, False, 0
179,0, 0, False, 0
180,0, 0, False, 0
181,0, 0, False, 0
182,0, 0, False, 0
183,0, 0, False, 0
184,0, 0, False, 0
185,0, 0, False, 0
186,0, 0, False, 0
187,0, 0, False, 0
188,0, 0, False, 0
189,0, 0, False, 0
190,0, 0, False, 0
191,0, 0, False, 0
192,0, 0, False, 0
193,0, 0, False, 0
194,0, 0, False, 0
195,0, 0, False, 0
196,0, 0, False, 0
197,0, 0, False, 0
198,0, 0, False, 0
199,0, 0, False, 0
200,0, 0, False, 0
201,0, 0, False, 0
202,0, 0, False, 0
203,0, 0, False, 0
204,0, 0, False, 0
205,0, 0, False, 0
206,0, 0, False, 0
207,0, 0, False, 0
208,0, 0, False, 0
209,0, 0, False, 0
210,0, 0, False, 0
211,0, 0, False, 0
212,0, 0, False, 0
213,0, 0, False, 2
214,0, 0, False, 2
215,0, 0, False, 2
216,0, 0, False, 2
217,0, 0, False, 2
218,0, 0, False, 2
219,0, 0, False, 2
220,0, 0, False, 2
221,0, 0, False, 2
222,0, 0, False, 2
223,0, 0, False, 2
224,0, 0, False, 2
225,0, 0, False, 2
226,0, 0, False, 2
227,0, 0, False, 0
228,0, 0, False, 0
229,0, 0, False, 0
230,0, 0, False, 0
231,0, 0, False, 0
232,0, 0, False, 0
233,0, 0, False, 0
234,0, 0, False, 0
235,0, 0, False, 0
236,0, 0, False, 0
237,0, 0, False, 0
238,0, 0, False, 0
239,0, 0, False, 0
240,0, 0, False, 0
241,0, 0, False, 0
242,0, 0, False, 0
243,0, 0, False, 0
244,0, 0, False, 0
245,0, 0, False, 0
246,0, 0, False, 0
247,0, 0, False, 0
248,0, 0, False, 0
249,0, 0, False, 0
250,0, 0, False, 0
251,0, 0, False, 0
252,0, 0, False, 0
253,0, 0, False, 0
254,0, 0, False, 0
255,0, 0, False, 0
256,0, 0, False, 0
257,0, 0, False, 0
258,0, 0, False, 0
259,0, 0, False, 0
260,0, 0, False, 0
261,0, 0, False, 0
262,0, 0, False, 0
263,0, 0, False, 0
264,0, 0, False, 0
265,0, 0, False, 0
266,0, 0, False, 0
267,0, 0, False, 0
268,0, 0, False, 0
269,0, 0, False, 0
270,0, 0, False, 0
271,0, 0, False, 0
272,0, 0, False, 0
273,0, 0, False, 0
274,0, 0, False, 0
275,0, 0, False, 0
276,10, 10, False, 0
277,0, 10, False, 0
278,0, 10, False, 0
279,0, 10, False, 4
280,0, 10, False, 4
281,0, 10, False, 4
282,0, 10, False, 4
283,0, 10, False, 4
284,0, 10, False, 4
285,0, 10, False, 4
286,0, 10, False, 4
287,0, 10, False, 4
288,0, 10, False, 4
289,0, 10, False, 4
290,10, 20, False, 4
291,0, 20, False, 4
292,0, 20, False, 4
293,0, 20, False, 4
294,0, 20, False, 4
295,0, 20, False, 4
296,0, 20, False, 4
297,0, 20, False, 4
298,0, 20, False, 4
299,0, 20, False, 4
300,0, 20, False, 4
301,0, 20, False, 4
302,0, 20, False, 0
303,0, 20, False, 0
304,10, 30, False, 0
305,0, 30, False, 0
306,0, 30, False, 0
307,0, 30, False, 2
308,0, 30, False, 2
309,0, 30, False, 2
310,0, 30, False, 2
311,0, 30, False, 2
312,0, 30, False, 2
313,0, 30, False, 2
314,0, 30, False, 2
315,0, 30, False, 2
316,10, 40, False, 2
317,0, 40, False, 2
318,0, 40, False, 2
319,0, 40, False, 2
320,0, 40, False, 2
321,0, 40, False, 2
322,0, 40, False, 2
323,0, 40, False, 2
324,0, 40, False, 2
325,0, 40, False, 2
326,0, 40, False, 2
327,0, 40, False, 2
328,0, 40, False, 2
329,0, 40, False, 2
330,10, 50, False, 2
331,0, 50, False, 2
332,0, 50, False, 2
333,0, 50, False, 2
334,0, 50, False, 2
335,0, 50, False, 2
336,0, 50, False, 2
337,0, 50, False, 2
338,0, 50, False, 2
339,0, 50, False, 2
340,0, 50, False, 2
341,0, 50, False, 2
342,0, 50, False, 2
343,0, 50, False, 2
344,10, 60, False, 2
345,0, 60, False, 2
346,0, 60, False, 2
347,0, 60, False, 2
348,0, 60, False, 2
349,0, 60, False, 2
350,0, 60, False, 2
351,0, 60, False, 2
352,0, 60, False, 2
353,0, 60, False, 2
354,0, 60, False, 2
355,0, 60, False, 2
356,0, 60, False, 2
357,0, 60, False, 2
358,0, 60, False, 2
359,0, 60, False, 2
360,0, 60, False, 2
361,0, 60, False, 2
362,0, 60, False, 2
363,0, 60, False, 2
364,0, 60, False, 2
365,0, 60, False, 0
366,0, 60, False, 0
367,0, 60, False, 0
368,0, 60, False, 0
369,0, 60, False, 0
370,0, 60, False, 0
371,0, 60, False, 0
372,0, 60, False, 0
373,0, 60, False, 0
374,0, 60, False, 5
375,0, 60, False, 5
376,0, 60, False, 5
377,0, 60, False, 5
378,0, 60, False, 5
379,0, 60, False, 5
380,0, 60, False, 5
381,0, 60, False, 5
382,10, 70, False, 5
383,0, 70, False, 5
384,0, 70, False, 5
385,0, 70, False, 5
386,0, 70, False, 5
387,0, 70, False, 5
388,0, 70, False, 5
389,0, 70, False, 5
390,0, 70, False, 5
391,0, 70, False, 5
392,0, 70, False, 5
393,0, 70, False, 5
394,0, 70, False, 5
395,0, 70, False, 5
396,10, 80, False, 5
397,0, 80, False, 5
398,0, 80, False, 5
399,0, 80, False, 5
400,0, 80, False, 5
401,0, 80, False, 5
402,0, 80, False, 5
403,0, 80, False, 5
404,0, 80, False, 5
405,0, 80, False, 5
406,0, 80, False, 5
407,0, 80, False, 5
408,0, 80, False, 5
409,0, 80, False, 5
410,10, 90, False, 5
411,0, 90, False, 5
412,0, 90, False, 5
413,0, 90, False, 5
414,0, 90, False, 5
415,0, 90, False, 5
416,0, 90, False, 5
417,0, 90, False, 5
418,0, 90, False, 5
419,0, 90, False, 5
420,0, 90, False, 5
421,0, 90, False, 5
422,0, 90, False, 5
423,0, 90, False, 5
424,10, 100, False, 5
425,0, 100, False, 5
426,0, 100, False, 5
427,0, 100, False, 5
428,0, 100, False, 5
429,0, 100, False, 5
430,0, 100, False, 5
431,0, 100, False, 5
432,0, 100, False, 5
433,0, 100, False, 5
434,0, 100, False, 5
435,0, 100, False, 5
436,0, 100, False, 5
437,0, 100, False, 5
438,10, 110, False, 5
439,0, 110, False, 3
440,0, 110, False, 3
441,0, 110, False, 3
442,0, 110, False, 3
443,0, 110, False, 3
444,0, 110, False, 3
445,0, 110, False, 3
446,0, 110, False, 3
447,0, 110, False, 3
448,0, 110, False, 3
449,0, 110, False, 3
450,0, 110, False, 3
451,0, 110, False, 3
452,10, 120, False, 3
453,0, 120, False, 3
454,0, 120, False, 3
455,0, 120, False, 3
456,0, 120, False, 3
457,0, 120, False, 3
458,0, 120, False, 3
459,0, 120, False, 3
460,0, 120, False, 3
461,0, 120, False, 3
462,0, 120, False, 3
463,0, 120, False, 3
464,0, 120, False, 3
465,0, 120, False, 3
466,10, 130, False, 3
467,0, 130, False, 3
468,0, 130, False, 3
469,0, 130, False, 3
470,0, 130, False, 3
471,0, 130, False, 3
472,0, 130, False, 3
473,0, 130, False, 3
474,0, 130, False, 3
475,0, 130, False, 3
476,0, 130, False, 3
477,0, 130, False, 3
478,0, 130, False, 3
479,0, 130, False, 3
480,10, 140, False, 3
481,0, 140, False, 3
482,0, 140, False, 3
483,0, 140, False, 3
484,0, 140, False, 3
485,0, 140, False, 3
486,0, 140, False, 3
487,0, 140, False, 3
488,0, 140, False, 3
489,0, 140, False, 3
490,0, 140, False, 3
491,0, 140, False, 3
492,10, 150, False, 3
493,0, 150, False, 3
494,0, 150, False, 3
495,0, 150, False, 3
496,0, 150, False, 3
497,0, 150, False, 3
498,0, 150, False, 3
499,0, 150, False, 3
500,0, 150, False, 3
501,0, 150, False, 3
502,0, 150, False, 3
503,0, 150, False, 3
504,0, 150, False, 3
505,0, 150, False, 3
506,10, 160, False, 3
507,0, 160, False, 3
508,0, 160, False, 3
509,0, 160, False, 3
510,0, 160, False, 3
511,0, 160, False, 3
512,0, 160, False, 3
513,0, 160, False, 3
514,0, 160, False, 3
515,0, 160, False, 3
516,0, 160, False, 3
517,0, 160, False, 3
518,0, 160, False, 3
519,0, 160, False, 3
520,0, 160, False, 3
521,0, 160, False, 3
522,0, 160, False, 3
523,0, 160, False, 3
524,10, 170, False, 3
525,0, 170, False, 3
526,0, 170, False, 3
527,0, 170, False, 3
528,0, 170, False, 3
529,0, 170, False, 3
530,0, 170, False, 3
531,0, 170, False, 3
532,0, 170, False, 3
533,0, 170, False, 3
534,0, 170, False, 3
535,0, 170, False, 3
536,0, 170, False, 3
537,0, 170, False, 3
538,10, 180, False, 3
539,0, 180, False, 3
540,0, 180, False, 3
541,0, 180, False, 3
542,0, 180, False, 3
543,0, 180, False, 3
544,0, 180, False, 3
545,0, 180, False, 3
546,0, 180, False, 3
547,0, 180, False, 3
548,0, 180, False, 3
549,0, 180, False, 3
550,0, 180, False, 3
551,0, 180, False, 3
552,10, 190, False, 3
553,0, 190, False, 3
554,0, 190, False, 3
555,0, 190, False, 3
556,0, 190, False, 3
557,0, 190, False, 3
558,0, 190, False, 3
559,0, 190, False, 3
560,0, 190, False, 3
561,0, 190, False, 3
562,0, 190, False, 3
563,0, 190, False, 3
564,0, 190, False, 3
565,0, 190, False, 3
566,0, 190, False, 3
567,0, 190, False, 3
568,0, 190, False, 3
569,0, 190, False, 3
570,0, 190, False, 3
571,0, 190, False, 3
572,0, 190, False, 3
573,0, 190, False, 3
574,0, 190, False, 3
575,0, 190, False, 3
576,0, 190, False, 3
577,0, 190, False, 3
578,0, 190, False, 3
579,0, 190, False, 3
580,0, 190, False, 3
581,0, 190, False, 3
582,0, 190, False, 3
583,0, 190, False, 3
584,0, 190, False, 3
585,0, 190, False, 3
586,0, 190, False, 3
587,0, 190, False, 3
588,0, 190, False, 3
589,0, 190, False, 3
590,0, 190, False, 3
591,0, 190, False, 3
592,0, 190, False, 3
593,0, 190, False, 3
594,0, 190, False, 3
595,0, 190, False, 3
596,0, 190, False, 3
597,0, 190, False, 3
598,0, 190, False, 3
599,0, 190, False, 3
600,0, 190, False, 3
601,0, 190, False, 3
602,0, 190, False, 3
603,0, 190, False, 3
604,0, 190, False, 3
605,0, 190, False, 3
606,0, 190, False, 3
607,0, 190, False, 3
608,0, 190, False, 3
609,0, 190, False, 3
610,0, 190, False, 3
611,0, 190, False, 3
612,0, 190, False, 3
613,0, 190, False, 3
614,0, 190, False, 3
615,0, 190, False, 3
616,0, 190, False, 3
617,0, 190, False, 3
618,0, 190, False, 3
619,0, 190, False, 3
620,0, 190, False, 3
621,0, 190, False, 3
622,0, 190, False, 3
623,0, 190, False, 3
624,0, 190, False, 3
625,0, 190, False, 3
626,0, 190, False, 3
627,0, 190, False, 3
628,0, 190, False, 3
629,0, 190, False, 3
630,0, 190, False, 3
631,0, 190, False, 3
632,0, 190, False, 3
633,0, 190, False, 3
634,0, 190, False, 3
635,0, 190, False, 3
636,0, 190, False, 3
637,0, 190, False, 3
638,0, 190, False, 3
639,0, 190, False, 3
640,0, 190, False, 3
641,0, 190, False, 3
642,0, 190, False, 3
643,0, 190, False, 3
644,0, 190, False, 3
645,0, 190, False, 3
646,0, 190, False, 3
647,0, 190, False, 3
648,0, 190, False, 3
649,0, 190, False, 3
650,0, 190, False, 0
651,0, 190, False, 0
652,0, 190, False, 0
653,0, 190, False, 0
654,0, 190, False, 0
655,0, 190, False, 0
656,0, 190, False, 0
657,0, 190, False, 0
658,0, 190, False, 0
659,0, 190, False, 0
660,0, 190, False, 0
661,0, 190, False, 0
662,0, 190, False, 0
663,0, 190, False, 0
664,0, 190, False, 0
665,0, 190, False, 0
666,0, 190, False, 0
667,0, 190, False, 0
668,0, 190, False, 0
669,0, 190, False, 0
670,0, 190, False, 0
671,0, 190, False, 0
672,0, 190, False, 0
673,0, 190, False, 0
674,0, 190, False, 0
675,0, 190, False, 0
676,0, 190, False, 0
677,0, 190, False, 0
678,0, 190, False, 0
679,0, 190, False, 0
680,0, 190, False, 0
681,0, 190, False, 0
682,0, 190, False, 0
683,0, 190, False, 0
684,0, 190, False, 0
685,0, 190, False, 0
686,0, 190, False, 0
687,0, 190, False, 0
688,0, 190, False, 0
689,0, 190, False, 0
690,0, 190, False, 0
691,0, 190, False, 0
692,0, 190, False, 0
693,0, 190, False, 0
694,0, 190, False, 0
695,0, 190, False, 2
696,0, 190, False, 2
697,0, 190, False, 2
698,0, 190, False, 2
699,0, 190, False, 2
700,0, 190, False, 2
701,0, 190, False, 2
702,0, 190, False, 2
703,0, 190, False, 2
704,0, 190, False, 2
705,0, 190, False, 2
706,0, 190, False, 2
707,0, 190, False, 2
708,0, 190, False, 2
709,0, 190, False, 2
710,0, 190, False, 2
711,0, 190, False, 2
712,0, 190, False, 2
713,0, 190, False, 2
714,0, 190, False, 2
715,0, 190, False, 2
716,0, 190, False, 2
717,0, 190, False, 2
718,0, 190, False, 2
719,0, 190, False, 2
720,0, 190, False, 2
721,0, 190, False, 2
722,0, 190, False, 0
723,0, 190, False, 4
724,0, 190, False, 4
725,0, 190, False, 4
726,0, 190, False, 4
727,0, 190, False, 4
728,0, 190, False, 4
729,0, 190, False, 4
730,0, 190, False, 4
731,0, 190, False, 4
732,0, 190, False, 4
733,0, 190, False, 4
734,0, 190, False, 4
735,0, 190, False, 0
736,0, 190, False, 3
737,0, 190, False, 3
738,0, 190, False, 3
739,0, 190, False, 3
740,0, 190, False, 3
741,0, 190, False, 3
742,0, 190, False, 3
743,0, 190, False, 3
744,0, 190, False, 3
745,0, 190, False, 3
746,0, 190, False, 3
747,0, 190, False, 3
748,0, 190, False, 3
749,0, 190, False, 3
750,0, 190, False, 3
751,0, 190, False, 3
752,0, 190, False, 3
753,0, 190, False, 3
754,0, 190, False, 3
755,0, 190, False, 3
756,0, 190, False, 3
757,0, 190, False, 3
758,0, 190, False, 3
759,0, 190, False, 3
760,0, 190, False, 3
761,0, 190, False, 3
762,0, 190, False, 3
763,0, 190, False, 3
764,10, 200, False, 3
765,0, 200, False, 3
766,0, 200, False, 3
767,0, 200, False, 3
768,0, 200, False, 3
769,0, 200, False, 3
770,0, 200, False, 3
771,0, 200, False, 3
772,0, 200, False, 3
773,0, 200, False, 3
774,0, 200, False, 3
775,0, 200, False, 3
776,10, 210, False, 3
777,0, 210, False, 3
778,0, 210, False, 3
779,0, 210, False, 3
780,0, 210, False, 3
781,0, 210, False, 3
782,0, 210, False, 3
783,0, 210, False, 3
784,0, 210, False, 3
785,0, 210, False, 3
786,0, 210, False, 3
787,0, 210, False, 3
788,0, 210, False, 3
789,0, 210, False, 3
790,10, 220, False, 3
791,0, 220, False, 3
792,0, 220, False, 3
793,0, 220, False, 3
794,0, 220, False, 3
795,0, 220, False, 3
796,0, 220, False, 3
797,0, 220, False, 3
798,0, 220, False, 3
799,0, 220, False, 3
800,0, 220, False, 3
801,0, 220, False, 3
802,0, 220, False, 3
803,0, 220, False, 3
804,10, 230, False, 3
805,0, 230, False, 3
806,0, 230, False, 3
807,0, 230, False, 3
808,0, 230, False, 3
809,0, 230, False, 3
810,0, 230, False, 3
811,0, 230, False, 3
812,0, 230, False, 3
813,0, 230, False, 0
814,0, 230, False, 5
815,0, 230, False, 5
816,10, 240, False, 5
817,0, 240, False, 5
818,0, 240, False, 5
819,0, 240, False, 5
820,0, 240, False, 5
821,0, 240, False, 5
822,0, 240, False, 5
823,0, 240, False, 5
824,0, 240, False, 5
825,0, 240, False, 5
826,0, 240, False, 5
827,0, 240, False, 5
828,0, 240, False, 5
829,0, 240, False, 5
830,10, 250, False, 5
831,0, 250, False, 5
832,0, 250, False, 5
833,0, 250, False, 5
834,0, 250, False, 5
835,0, 250, False, 5
836,0, 250, False, 5
837,0, 250, False, 5
838,0, 250, False, 5
839,0, 250, False, 5
840,0, 250, False, 5
841,0, 250, False, 5
842,0, 250, False, 5
843,0, 250, False, 5
844,10, 260, False, 5
845,0, 260, False, 5
846,0, 260, False, 5
847,0, 260, False, 5
848,0, 260, False, 5
849,0, 260, False, 5
850,0, 260, False, 5
851,0, 260, False, 5
852,0, 260, False, 5
853,0, 260, False, 5
854,0, 260, False, 5
855,0, 260, False, 5
856,0, 260, False, 5
857,0, 260, False, 5
858,10, 270, False, 5
859,0, 270, False, 5
860,0, 270, False, 5
861,0, 270, False, 5
862,0, 270, False, 5
863,0, 270, False, 5
864,0, 270, False, 5
865,0, 270, False, 5
866,0, 270, False, 5
867,0, 270, False, 5
868,0, 270, False, 5
869,0, 270, False, 5
870,0, 270, False, 5
871,0, 270, False, 5
872,10, 280, False, 5
873,0, 280, False, 5
874,0, 280, False, 5
875,0, 280, False, 5
876,0, 280, False, 5
877,0, 280, False, 5
878,0, 280, False, 5
879,0, 280, False, 5
880,0, 280, False, 5
881,0, 280, False, 5
882,0, 280, False, 5
883,0, 280, False, 5
884,0, 280, False, 5
885,0, 280, False, 5
886,10, 290, False, 5
887,0, 290, False, 5
888,0, 290, False, 9
889,0, 290, False, 9
890,0, 290, False, 9
891,0, 290, False, 9
892,0, 290, False, 4
893,0, 290, False, 4
894,0, 290, False, 4
895,0, 290, False, 4
896,0, 290, False, 4
897,0, 290, False, 4
898,0, 290, False, 4
899,0, 290, False, 4
900,10, 300, False, 4
901,0, 300, False, 4
902,0, 300, False, 4
903,0, 300, False, 4
904,0, 300, False, 4
905,0, 300, False, 4
906,0, 300, False, 4
907,0, 300, False, 4
908,0, 300, False, 4
909,0, 300, False, 4
910,0, 300, False, 4
911,0, 300, False, 4
912,0, 300, False, 4
913,0, 300, False, 4
914,0, 300, False, 4
915,0, 300, False, 4
916,10, 310, False, 4
917,0, 310, False, 4
918,0, 310, False, 4
919,0, 310, False, 4
920,0, 310, False, 4
921,0, 310, False, 4
922,0, 310, False, 4
923,0, 310, False, 4
924,0, 310, False, 4
925,0, 310, False, 4
926,0, 310, False, 4
927,0, 310, False, 4
928,10, 320, False, 4
929,0, 320, False, 4
930,0, 320, False, 4
931,0, 320, False, 4
932,0, 320, False, 4
933,0, 320, False, 4
934,0, 320, False, 4
935,0, 320, False, 4
936,0, 320, False, 4
937,0, 320, False, 4
938,0, 320, False, 4
939,0, 320, False, 4
940,0, 320, False, 4
941,0, 320, False, 4
942,0, 320, False, 4
943,0, 320, False, 4
944,0, 320, False, 4
945,0, 320, False, 4
946,0, 320, False, 4
947,0, 320, False, 4
948,0, 320, False, 7
949,0, 320, False, 2
950,0, 320, False, 2
951,0, 320, False, 2
952,0, 320, False, 2
953,0, 320, False, 2
954,0, 320, False, 2
955,0, 320, False, 2
956,0, 320, False, 2
957,0, 320, False, 2
958,0, 320, False, 2
959,0, 320, False, 2
960,0, 320, False, 2
961,0, 320, False, 2
962,0, 320, False, 2
963,0, 320, False, 2
964,0, 320, False, 2
965,0, 320, False, 2
966,10, 330, False, 2
967,0, 330, False, 2
968,0, 330, False, 2
969,0, 330, False, 2
970,0, 330, False, 2
971,0, 330, False, 2
972,0, 330, False, 2
973,0, 330, False, 2
974,0, 330, False, 2
975,0, 330, False, 2
976,0, 330, False, 2
977,0, 330, False, 2
978,0, 330, False, 7
979,0, 330, False, 7
980,10, 340, False, 4
981,0, 340, False, 4
982,0, 340, False, 4
983,0, 340, False, 4
984,0, 340, False, 4
985,0, 340, False, 4
986,0, 340, False, 4
987,0, 340, False, 4
988,0, 340, False, 4
989,0, 340, False, 4
990,0, 340, False, 4
991,0, 340, False, 4
992,0, 340, False, 4
993,0, 340, False, 4
994,10, 350, False, 4
995,0, 350, False, 4
996,0, 350, False, 4
997,0, 350, False, 4
998,0, 350, False, 4
999,0, 350, False, 4
1000,0, 350, False, 4
1001,0, 350, False, 4
1002,0, 350, False, 4
1003,0, 350, False, 4
1004,0, 350, False, 4
1005,0, 350, False, 4
1006,10, 360, False, 4
1007,0, 360, False, 4
1008,0, 360, False, 4
1009,0, 360, False, 4
1010,0, 360, False, 4
1011,0, 360, False, 4
1012,0, 360, False, 4
1013,0, 360, False, 4
1014,0, 360, False, 4
1015,0, 360, False, 4
1016,0, 360, False, 4
1017,0, 360, False, 4
1018,0, 360, False, 4
1019,0, 360, False, 4
1020,0, 360, False, 4
1021,0, 360, False, 4
1022,0, 360, False, 4
1023,0, 360, False, 4
1024,10, 370, False, 4
1025,0, 370, False, 4
1026,0, 370, False, 4
1027,0, 370, False, 4
1028,0, 370, False, 4
1029,0, 370, False, 4
1030,0, 370, False, 4
1031,0, 370, False, 4
1032,0, 370, False, 4
1033,0, 370, False, 4
1034,0, 370, False, 4
1035,0, 370, False, 4
1036,0, 370, False, 4
1037,0, 370, False, 4
1038,10, 380, False, 9
1039,0, 380, False, 5
1040,0, 380, False, 5
1041,0, 380, False, 5
1042,0, 380, False, 5
1043,0, 380, False, 5
1044,0, 380, False, 5
1045,0, 380, False, 5
1046,0, 380, False, 5
1047,0, 380, False, 5
1048,0, 380, False, 5
1049,0, 380, False, 5
1050,10, 390, False, 5
1051,0, 390, False, 5
1052,0, 390, False, 5
1053,0, 390, False, 5
1054,0, 390, False, 5
1055,0, 390, False, 5
1056,0, 390, False, 5
1057,0, 390, False, 5
1058,0, 390, False, 5
1059,0, 390, False, 5
1060,0, 390, False, 5
1061,0, 390, False, 5
1062,0, 390, False, 5
1063,0, 390, False, 5
1064,10, 400, False, 5
1065,0, 400, False, 5
1066,0, 400, False, 5
1067,0, 400, False, 5
1068,0, 400, False, 9
1069,0, 400, False, 4
1070,0, 400, False, 4
1071,0, 400, False, 4
1072,0, 400, False, 4
1073,0, 400, False, 4
1074,0, 400, False, 4
1075,0, 400, False, 4
1076,0, 400, False, 4
1077,0, 400, False, 4
1078,0, 400, False, 4
1079,0, 400, False, 4
1080,0, 400, False, 4
1081,0, 400, False, 4
1082,0, 400, False, 4
1083,0, 400, False, 4
1084,0, 400, False, 4
1085,0, 400, False, 4
1086,0, 400, False, 4
1087,0, 400, False, 4
1088,0, 400, False, 4
1089,0, 400, False, 4
1090,0, 400, False, 4
1091,0, 400, False, 4
1092,0, 400, False, 4
1093,0, 400, False, 4
1094,0, 400, False, 4
1095,0, 400, False, 4
1096,0, 400, False, 4
1097,0, 400, False, 4
1098,0, 400, False, 4
1099,0, 400, False, 4
1100,0, 400, False, 4
1101,0, 400, False, 4
1102,0, 400, False, 4
1103,0, 400, False, 4
1104,0, 400, False, 4
1105,0, 400, False, 4
1106,0, 400, False, 4
1107,0, 400, False, 4
1108,0, 400, False, 4
1109,0, 400, False, 4
1110,0, 400, False, 4
1111,0, 400, False, 4
1112,0, 400, False, 4
1113,0, 400, False, 4
1114,0, 400, False, 4
1115,0, 400, False, 4
1116,0, 400, False, 4
1117,0, 400, False, 4
1118,0, 400, False, 4
1119,0, 400, False, 4
1120,0, 400, False, 4
1121,0, 400, False, 4
1122,0, 400, False, 4
1123,0, 400, False, 4
1124,0, 400, False, 4
1125,0, 400, False, 4
1126,0, 400, False, 4
1127,0, 400, False, 4
1128,0, 400, False, 4
1129,0, 400, False, 4
1130,0, 400, False, 4
1131,0, 400, False, 4
1132,10, 410, False, 4
1133,0, 410, False, 4
1134,0, 410, False, 4
1135,0, 410, False, 4
1136,0, 410, False, 4
1137,0, 410, False, 4
1138,0, 410, False, 4
1139,0, 410, False, 4
1140,0, 410, False, 4
1141,0, 410, False, 4
1142,0, 410, False, 4
1143,0, 410, False, 4
1144,0, 410, False, 4
1145,0, 410, False, 4
1146,10, 420, False, 4
1147,0, 420, False, 4
1148,0, 420, False, 4
1149,0, 420, False, 4
1150,0, 420, False, 4
1151,0, 420, False, 4
1152,0, 420, False, 4
1153,0, 420, False, 4
1154,0, 420, False, 4
1155,0, 420, False, 4
1156,0, 420, False, 4
1157,0, 420, False, 4
1158,0, 420, False, 4
1159,0, 420, False, 4
1160,10, 430, False, 4
1161,0, 430, False, 4
1162,0, 430, False, 0
1163,0, 430, False, 2
1164,0, 430, False, 2
1165,0, 430, False, 2
1166,0, 430, False, 2
1167,0, 430, False, 2
1168,0, 430, False, 2
1169,0, 430, False, 2
1170,0, 430, False, 2
1171,0, 430, False, 2
1172,0, 430, False, 2
1173,0, 430, False, 2
1174,0, 430, False, 2
1175,0, 430, False, 2
1176,0, 430, False, 2
1177,0, 430, False, 2
1178,50, 480, False, 2
1179,0, 480, False, 2
1180,0, 480, False, 2
1181,0, 480, False, 2
1182,0, 480, False, 2
1183,0, 480, False, 2
1184,0, 480, False, 2
1185,0, 480, False, 2
1186,0, 480, False, 2
1187,0, 480, False, 2
1188,10, 490, False, 2
1189,0, 490, False, 2
1190,0, 490, False, 2
1191,0, 490, False, 2
1192,0, 490, False, 2
1193,0, 490, False, 6
1194,0, 490, False, 6
1195,0, 490, False, 3
1196,0, 490, False, 3
1197,0, 490, False, 3
1198,0, 490, False, 3
1199,0, 490, False, 3
1200,0, 490, False, 3
1201,0, 490, False, 3
1202,10, 500, False, 3
1203,0, 500, False, 3
1204,0, 500, False, 3
1205,0, 500, False, 3
1206,0, 500, False, 3
1207,0, 500, False, 3
1208,0, 500, False, 3
1209,0, 500, False, 3
1210,0, 500, False, 3
1211,0, 500, False, 3
1212,10, 510, False, 3
1213,0, 510, False, 3
1214,0, 510, False, 3
1215,0, 510, False, 6
1216,0, 510, False, 2
1217,0, 510, False, 2
1218,0, 510, False, 2
1219,0, 510, False, 2
1220,0, 510, False, 2
1221,0, 510, False, 2
1222,0, 510, False, 2
1223,0, 510, False, 2
1224,0, 510, False, 2
1225,0, 510, False, 2
1226,0, 510, False, 2
1227,0, 510, False, 2
1228,0, 510, False, 2
1229,0, 510, False, 2
1230,10, 520, False, 2
1231,0, 520, False, 2
1232,0, 520, False, 2
1233,0, 520, False, 2
1234,0, 520, False, 2
1235,0, 520, False, 2
1236,0, 520, False, 2
1237,0, 520, False, 2
1238,0, 520, False, 2
1239,0, 520, False, 2
1240,0, 520, False, 2
1241,0, 520, False, 2
1242,0, 520, False, 2
1243,0, 520, False, 2
1244,10, 530, False, 2
1245,0, 530, False, 2
1246,0, 530, False, 2
1247,0, 530, False, 2
1248,0, 530, False, 2
1249,0, 530, False, 2
1250,0, 530, False, 2
1251,0, 530, False, 2
1252,0, 530, False, 2
1253,0, 530, False, 2
1254,0, 530, False, 2
1255,0, 530, False, 2
1256,0, 530, False, 2
1257,0, 530, False, 2
1258,10, 540, False, 2
1259,0, 540, False, 2
1260,0, 540, False, 2
1261,0, 540, False, 2
1262,0, 540, False, 2
1263,0, 540, False, 2
1264,0, 540, False, 2
1265,0, 540, False, 2
1266,0, 540, False, 2
1267,0, 540, False, 2
1268,0, 540, False, 2
1269,0, 540, False, 2
1270,0, 540, False, 2
1271,0, 540, False, 2
1272,10, 550, False, 2
1273,0, 550, False, 2
1274,0, 550, False, 2
1275,0, 550, False, 2
1276,0, 550, False, 2
1277,0, 550, False, 2
1278,0, 550, False, 2
1279,0, 550, False, 2
1280,0, 550, False, 2
1281,0, 550, False, 2
1282,0, 550, False, 2
1283,0, 550, False, 2
1284,0, 550, False, 2
1285,0, 550, False, 2
1286,10, 560, False, 2
1287,0, 560, False, 2
1288,0, 560, False, 2
1289,0, 560, False, 2
1290,0, 560, False, 2
1291,0, 560, False, 2
1292,0, 560, False, 2
1293,0, 560, False, 2
1294,0, 560, False, 7
1295,0, 560, False, 4
1296,0, 560, False, 4
1297,0, 560, False, 4
1298,0, 560, False, 4
1299,0, 560, False, 4
1300,10, 570, False, 4
1301,0, 570, False, 4
1302,0, 570, False, 4
1303,0, 570, False, 0
1304,0, 570, False, 3
1305,0, 570, False, 3
1306,0, 570, False, 3
1307,0, 570, False, 3
1308,0, 570, False, 3
1309,0, 570, False, 3
1310,0, 570, False, 3
1311,0, 570, False, 3
1312,0, 570, False, 3
1313,0, 570, False, 3
1314,0, 570, False, 3
1315,0, 570, False, 3
1316,0, 570, False, 3
1317,0, 570, False, 3
1318,0, 570, False, 6
1319,0, 570, False, 2
1320,0, 570, False, 2
1321,0, 570, False, 2
1322,0, 570, False, 2
1323,0, 570, False, 2
1324,0, 570, False, 2
1325,0, 570, False, 2
1326,0, 570, False, 2
1327,0, 570, False, 0
1328,0, 570, False, 0
1329,0, 570, False, 0
1330,10, 580, False, 2
1331,0, 580, False, 2
1332,0, 580, False, 2
1333,0, 580, False, 2
1334,0, 580, False, 2
1335,0, 580, False, 2
1336,0, 580, False, 2
1337,0, 580, False, 2
1338,0, 580, False, 2
1339,0, 580, False, 2
1340,0, 580, False, 2
1341,0, 580, False, 2
1342,0, 580, False, 2
1343,0, 580, False, 2
1344,10, 590, False, 2
1345,0, 590, False, 2
1346,0, 590, False, 2
1347,0, 590, False, 2
1348,0, 590, False, 6
1349,0, 590, False, 6
1350,0, 590, False, 6
1351,0, 590, False, 3
1352,0, 590, False, 3
1353,0, 590, False, 3
1354,0, 590, False, 3
1355,0, 590, False, 3
1356,0, 590, False, 3
1357,0, 590, False, 3
1358,10, 600, False, 3
1359,0, 600, False, 3
1360,0, 600, False, 3
1361,0, 600, False, 3
1362,0, 600, False, 3
1363,0, 600, False, 3
1364,0, 600, False, 3
1365,0, 600, False, 3
1366,0, 600, False, 3
1367,0, 600, False, 3
1368,0, 600, False, 3
1369,0, 600, False, 3
1370,0, 600, False, 3
1371,0, 600, False, 3
1372,10, 610, False, 3
1373,0, 610, False, 3
1374,0, 610, False, 3
1375,0, 610, False, 3
1376,0, 610, False, 6
1377,0, 610, False, 2
1378,0, 610, False, 2
1379,0, 610, False, 2
1380,0, 610, False, 2
1381,0, 610, False, 2
1382,0, 610, False, 2
1383,0, 610, False, 2
1384,10, 620, False, 2
1385,0, 620, False, 2
1386,0, 620, False, 2
1387,0, 620, False, 2
1388,0, 620, False, 2
1389,0, 620, False, 2
1390,0, 620, False, 2
1391,0, 620, False, 2
1392,0, 620, False, 2
1393,0, 620, False, 2
1394,0, 620, False, 2
1395,0, 620, False, 2
1396,0, 620, False, 2
1397,0, 620, False, 2
1398,10, 630, False, 2
1399,0, 630, False, 2
1400,0, 630, False, 2
1401,0, 630, False, 2
1402,0, 630, False, 2
1403,0, 630, False, 2
1404,0, 630, False, 2
1405,0, 630, False, 2
1406,0, 630, False, 2
1407,0, 630, False, 2
1408,0, 630, False, 2
1409,0, 630, False, 2
1410,0, 630, False, 2
1411,0, 630, False, 2
1412,0, 630, False, 2
1413,0, 630, False, 2
1414,0, 630, False, 2
1415,0, 630, False, 2
1416,10, 640, False, 2
1417,0, 640, False, 2
1418,0, 640, False, 2
1419,0, 640, False, 2
1420,0, 640, False, 2
1421,0, 640, False, 2
1422,0, 640, False, 2
1423,0, 640, False, 2
1424,0, 640, False, 2
1425,0, 640, False, 2
1426,0, 640, False, 6
1427,0, 640, False, 6
1428,0, 640, False, 6
1429,0, 640, False, 6
1430,10, 650, False, 3
1431,0, 650, False, 3
1432,0, 650, False, 3
1433,0, 650, False, 3
1434,0, 650, False, 3
1435,0, 650, False, 3
1436,0, 650, False, 3
1437,0, 650, False, 3
1438,0, 650, False, 3
1439,0, 650, False, 3
1440,10, 660, False, 3
1441,0, 660, False, 3
1442,0, 660, False, 3
1443,0, 660, False, 3
1444,0, 660, False, 3
1445,0, 660, False, 3
1446,0, 660, False, 3
1447,0, 660, False, 3
1448,0, 660, False, 3
1449,0, 660, False, 3
1450,0, 660, False, 3
1451,0, 660, False, 3
1452,10, 670, False, 3
1453,0, 670, False, 3
1454,0, 670, False, 3
1455,0, 670, False, 3
1456,0, 670, False, 3
1457,0, 670, False, 3
1458,0, 670, False, 3
1459,0, 670, False, 3
1460,0, 670, False, 3
1461,0, 670, False, 3
1462,0, 670, False, 3
1463,0, 670, False, 3
1464,0, 670, False, 3
1465,0, 670, False, 3
1466,10, 680, False, 3
1467,0, 680, False, 3
1468,0, 680, False, 3
1469,0, 680, False, 3
1470,0, 680, False, 3
1471,0, 680, False, 3
1472,0, 680, False, 3
1473,0, 680, False, 3
1474,0, 680, False, 3
1475,0, 680, False, 3
1476,0, 680, False, 3
1477,0, 680, False, 3
1478,0, 680, False, 3
1479,0, 680, False, 3
1480,0, 680, False, 3
1481,0, 680, False, 3
1482,0, 680, False, 3
1483,0, 680, False, 3
1484,10, 690, False, 3
1485,0, 690, False, 3
1486,0, 690, False, 3
1487,0, 690, False, 3
1488,0, 690, False, 3
1489,0, 690, False, 3
1490,0, 690, False, 3
1491,0, 690, False, 3
1492,0, 690, False, 3
1493,0, 690, False, 3
1494,0, 690, False, 3
1495,0, 690, False, 3
1496,0, 690, False, 3
1497,0, 690, False, 3
1498,10, 700, False, 3
1499,0, 700, False, 3
1500,0, 700, False, 3
1501,0, 700, False, 3
1502,0, 700, False, 3
1503,0, 700, False, 3
1504,0, 700, False, 3
1505,0, 700, False, 3
1506,0, 700, False, 3
1507,0, 700, False, 3
1508,0, 700, False, 3
1509,0, 700, False, 3
1510,0, 700, False, 3
1511,0, 700, False, 3
1512,10, 710, False, 3
1513,0, 710, False, 3
1514,0, 710, False, 3
1515,0, 710, False, 3
1516,0, 710, False, 3
1517,0, 710, False, 3
1518,0, 710, False, 3
1519,0, 710, False, 3
1520,0, 710, False, 3
1521,0, 710, False, 3
1522,0, 710, False, 3
1523,0, 710, False, 3
1524,10, 720, False, 3
1525,0, 720, False, 3
1526,0, 720, False, 3
1527,0, 720, False, 3
1528,0, 720, False, 3
1529,0, 720, False, 3
1530,0, 720, False, 3
1531,0, 720, False, 3
1532,0, 720, False, 3
1533,0, 720, False, 0
1534,0, 720, False, 0
1535,0, 720, False, 0
1536,0, 720, False, 0
1537,0, 720, False, 5
1538,0, 720, False, 5
1539,0, 720, False, 5
1540,0, 720, False, 5
1541,0, 720, False, 5
1542,0, 720, False, 5
1543,0, 720, False, 5
1544,10, 730, False, 5
1545,0, 730, False, 5
1546,0, 730, False, 5
1547,0, 730, False, 5
1548,0, 730, False, 5
1549,0, 730, False, 5
1550,0, 730, False, 5
1551,0, 730, False, 5
1552,0, 730, False, 5
1553,0, 730, False, 5
1554,0, 730, False, 5
1555,0, 730, False, 5
1556,0, 730, False, 8
1557,0, 730, False, 3
1558,10, 740, False, 3
1559,0, 740, False, 3
1560,0, 740, False, 3
1561,0, 740, False, 3
1562,0, 740, False, 3
1563,0, 740, False, 3
1564,0, 740, False, 3
1565,0, 740, False, 3
1566,0, 740, False, 3
1567,0, 740, False, 3
1568,0, 740, False, 3
1569,0, 740, False, 3
1570,0, 740, False, 3
1571,0, 740, False, 3
1572,10, 750, False, 3
1573,0, 750, False, 3
1574,0, 750, False, 3
1575,0, 750, False, 3
1576,0, 750, False, 3
1577,0, 750, False, 3
1578,0, 750, False, 3
1579,0, 750, False, 3
1580,0, 750, False, 3
1581,0, 750, False, 3
1582,0, 750, False, 3
1583,0, 750, False, 3
1584,0, 750, False, 3
1585,0, 750, False, 3
1586,10, 760, False, 3
1587,0, 760, False, 3
1588,0, 760, False, 3
1589,0, 760, False, 3
1590,0, 760, False, 3
1591,0, 760, False, 3
1592,0, 760, False, 3
1593,0, 760, False, 3
1594,0, 760, False, 3
1595,0, 760, False, 6
1596,0, 760, False, 6
1597,0, 760, False, 2
1598,0, 760, False, 2
1599,0, 760, False, 2
1600,10, 770, False, 2
1601,0, 770, False, 2
1602,0, 770, False, 2
1603,0, 770, False, 2
1604,0, 770, False, 2
1605,0, 770, False, 2
1606,0, 770, False, 2
1607,0, 770, False, 2
1608,0, 770, False, 2
1609,0, 770, False, 2
1610,0, 770, False, 2
1611,0, 770, False, 2
1612,10, 780, False, 2
1613,0, 780, False, 2
1614,0, 780, False, 2
1615,0, 780, False, 2
1616,0, 780, False, 2
1617,0, 780, False, 2
1618,0, 780, False, 2
1619,0, 780, False, 2
1620,0, 780, False, 2
1621,0, 780, False, 2
1622,0, 780, False, 2
1623,0, 780, False, 2
1624,0, 780, False, 2
1625,0, 780, False, 2
1626,10, 790, False, 2
1627,0, 790, False, 2
1628,0, 790, False, 2
1629,0, 790, False, 2
1630,0, 790, False, 2
1631,0, 790, False, 2
1632,0, 790, False, 2
1633,0, 790, False, 2
1634,0, 790, False, 2
1635,0, 790, False, 2
1636,0, 790, False, 2
1637,0, 790, False, 2
1638,0, 790, False, 2
1639,0, 790, False, 2
1640,0, 790, False, 2
1641,0, 790, False, 2
1642,0, 790, False, 2
1643,0, 790, False, 2
1644,0, 790, False, 2
1645,0, 790, False, 2
1646,0, 790, False, 2
1647,0, 790, False, 2
1648,0, 790, False, 2
1649,0, 790, False, 2
1650,50, 840, False, 2
1651,0, 840, False, 2
1652,0, 840, False, 2
1653,0, 840, False, 2
1654,0, 840, False, 2
1655,0, 840, False, 7
1656,10, 850, False, 7
1657,0, 850, False, 7
1658,0, 850, False, 7
1659,0, 850, False, 4
1660,0, 850, False, 4
1661,0, 850, False, 4
1662,0, 850, False, 4
1663,0, 850, False, 4
1664,0, 850, False, 4
1665,0, 850, False, 4
1666,0, 850, False, 4
1667,0, 850, False, 4
1668,10, 860, False, 4
1669,0, 860, False, 4
1670,0, 860, False, 4
1671,0, 860, False, 4
1672,0, 860, False, 4
1673,0, 860, False, 4
1674,0, 860, False, 4
1675,0, 860, False, 4
1676,0, 860, False, 4
1677,0, 860, False, 4
1678,0, 860, False, 4
1679,0, 860, False, 4
1680,10, 870, False, 4
1681,0, 870, False, 4
1682,0, 870, False, 4
1683,0, 870, False, 4
1684,0, 870, False, 4
1685,0, 870, False, 4
1686,0, 870, False, 4
1687,0, 870, False, 4
1688,0, 870, False, 4
1689,0, 870, False, 4
1690,0, 870, False, 4
1691,0, 870, False, 7
1692,0, 870, False, 4
1693,0, 870, False, 0
1694,10, 880, False, 5
1695,0, 880, False, 5
1696,0, 880, False, 5
1697,0, 880, False, 5
1698,0, 880, False, 5
1699,0, 880, False, 5
1700,0, 880, False, 5
1701,0, 880, False, 5
1702,0, 880, False, 5
1703,0, 880, False, 5
1704,0, 880, False, 5
1705,0, 880, False, 5
1706,10, 890, False, 5
1707,0, 890, False, 5
1708,0, 890, False, 5
1709,0, 890, False, 5
1710,0, 890, False, 5
1711,0, 890, False, 5
1712,0, 890, False, 5
1713,0, 890, False, 5
1714,0, 890, False, 5
1715,0, 890, False, 5
1716,0, 890, False, 5
1717,0, 890, False, 5
1718,0, 890, False, 5
1719,0, 890, False, 5
1720,0, 890, False, 5
1721,0, 890, False, 5
1722,0, 890, False, 5
1723,0, 890, False, 5
1724,0, 890, False, 5
1725,0, 890, False, 5
1726,0, 890, False, 5
1727,0, 890, False, 5
1728,0, 890, False, 5
1729,0, 890, False, 5
1730,0, 890, False, 5
1731,0, 890, False, 5
1732,10, 900, False, 5
1733,0, 900, False, 5
1734,0, 900, False, 5
1735,0, 900, False, 9
1736,0, 900, False, 9
1737,0, 900, False, 9
1738,0, 900, False, 9
1739,0, 900, False, 9
1740,0, 900, False, 4
1741,0, 900, False, 4
1742,0, 900, False, 4
1743,0, 900, False, 4
1744,0, 900, False, 4
1745,0, 900, False, 4
1746,10, 910, False, 4
1747,0, 910, False, 4
1748,0, 910, False, 4
1749,0, 910, False, 4
1750,0, 910, False, 4
1751,0, 910, False, 4
1752,0, 910, False, 4
1753,0, 910, False, 4
1754,0, 910, False, 4
1755,0, 910, False, 4
1756,0, 910, False, 4
1757,0, 910, False, 4
1758,0, 910, False, 4
1759,0, 910, False, 4
1760,10, 920, False, 4
1761,0, 920, False, 4
1762,0, 920, False, 4
1763,0, 920, False, 4
1764,0, 920, False, 4
1765,0, 920, False, 4
1766,0, 920, False, 4
1767,0, 920, False, 4
1768,0, 920, False, 4
1769,0, 920, False, 4
1770,0, 920, False, 4
1771,0, 920, False, 4
1772,0, 920, False, 4
1773,0, 920, False, 4
1774,10, 930, False, 4
1775,0, 930, False, 4
1776,0, 930, False, 4
1777,0, 930, False, 4
1778,0, 930, False, 4
1779,0, 930, False, 4
1780,0, 930, False, 4
1781,0, 930, False, 4
1782,0, 930, False, 4
1783,0, 930, False, 4
1784,0, 930, False, 4
1785,0, 930, False, 4
1786,0, 930, False, 4
1787,0, 930, False, 4
1788,10, 940, False, 4
1789,0, 940, False, 4
1790,0, 940, False, 4
1791,0, 940, False, 4
1792,0, 940, False, 4
1793,0, 940, False, 4
1794,0, 940, False, 4
1795,0, 940, False, 4
1796,0, 940, False, 4
1797,0, 940, False, 4
1798,0, 940, False, 4
1799,0, 940, False, 4
1800,10, 950, False, 4
1801,0, 950, False, 4
1802,0, 950, False, 4
1803,0, 950, False, 4
1804,0, 950, False, 4
1805,0, 950, False, 4
1806,0, 950, False, 4
1807,0, 950, False, 4
1808,0, 950, False, 4
1809,0, 950, False, 4
1810,0, 950, False, 4
1811,0, 950, False, 4
1812,0, 950, False, 4
1813,0, 950, False, 4
1814,10, 960, False, 4
1815,0, 960, False, 4
1816,0, 960, False, 4
1817,0, 960, False, 4
1818,0, 960, False, 4
1819,0, 960, False, 4
1820,0, 960, False, 4
1821,0, 960, False, 4
1822,0, 960, False, 4
1823,0, 960, False, 4
1824,0, 960, False, 4
1825,0, 960, False, 4
1826,0, 960, False, 4
1827,0, 960, False, 4
1828,0, 960, False, 4
1829,0, 960, False, 4
1830,0, 960, False, 4
1831,0, 960, False, 4
1832,10, 970, False, 4
1833,0, 970, False, 0
1834,0, 970, False, 3
1835,0, 970, False, 3
1836,0, 970, False, 3
1837,0, 970, False, 3
1838,0, 970, False, 3
1839,0, 970, False, 3
1840,0, 970, False, 3
1841,0, 970, False, 3
1842,0, 970, False, 3
1843,0, 970, False, 3
1844,0, 970, False, 3
1845,0, 970, False, 3
1846,0, 970, False, 3
1847,0, 970, False, 3
1848,0, 970, False, 3
1849,0, 970, False, 3
1850,0, 970, False, 3
1851,0, 970, False, 3
1852,0, 970, False, 3
1853,0, 970, False, 3
1854,0, 970, False, 3
1855,0, 970, False, 3
1856,0, 970, False, 3
1857,0, 970, False, 3
1858,0, 970, False, 3
1859,0, 970, False, 3
1860,0, 970, False, 3
1861,0, 970, False, 3
1862,0, 970, False, 3
1863,0, 970, False, 3
1864,0, 970, False, 3
1865,0, 970, False, 3
1866,0, 970, False, 3
1867,0, 970, False, 8
1868,0, 970, False, 8
1869,0, 970, False, 8
1870,0, 970, False, 5
1871,0, 970, False, 5
1872,0, 970, False, 5
1873,0, 970, False, 5
1874,0, 970, False, 5
1875,0, 970, False, 5
1876,0, 970, False, 5
1877,0, 970, False, 5
1878,0, 970, False, 5
1879,0, 970, False, 5
1880,10, 980, False, 5
1881,0, 980, False, 5
1882,0, 980, False, 5
1883,0, 980, False, 5
1884,0, 980, False, 5
1885,0, 980, False, 5
1886,0, 980, False, 5
1887,0, 980, False, 5
1888,0, 980, False, 8
1889,0, 980, False, 8
1890,0, 980, False, 3
1891,0, 980, False, 3
1892,0, 980, False, 3
1893,0, 980, False, 3
1894,10, 990, False, 3
1895,0, 990, False, 3
1896,0, 990, False, 3
1897,0, 990, False, 3
1898,0, 990, False, 3
1899,0, 990, False, 3
1900,0, 990, False, 3
1901,0, 990, False, 3
1902,0, 990, False, 3
1903,0, 990, False, 3
1904,0, 990, False, 3
1905,0, 990, False, 3
1906,0, 990, False, 3
1907,0, 990, False, 3
1908,10, 1000, False, 3
1909,0, 1000, False, 3
1910,0, 1000, False, 3
1911,0, 1000, False, 3
1912,0, 1000, False, 3
1913,0, 1000, False, 3
1914,0, 1000, False, 3
1915,0, 1000, False, 3
1916,0, 1000, False, 3
1917,0, 1000, False, 3
1918,0, 1000, False, 3
1919,0, 1000, False, 3
1920,10, 1010, False, 3
1921,0, 1010, False, 3
1922,0, 1010, False, 3
1923,0, 1010, False, 3
1924,0, 1010, False, 3
1925,0, 1010, False, 3
1926,0, 1010, False, 3
1927,0, 1010, False, 3
1928,0, 1010, False, 3
1929,0, 1010, False, 3
1930,0, 1010, False, 3
1931,0, 1010, False, 3
1932,0, 1010, False, 3
1933,0, 1010, False, 3
1934,10, 1020, False, 3
1935,0, 1020, False, 3
1936,0, 1020, False, 3
1937,0, 1020, False, 3
1938,0, 1020, False, 3
1939,0, 1020, False, 3
1940,0, 1020, False, 3
1941,0, 1020, False, 3
1942,0, 1020, False, 3
1943,0, 1020, False, 3
1944,0, 1020, False, 3
1945,0, 1020, False, 3
1946,0, 1020, False, 3
1947,0, 1020, False, 3
1948,10, 1030, False, 3
1949,0, 1030, False, 3
1950,0, 1030, False, 3
1951,0, 1030, False, 3
1952,0, 1030, False, 3
1953,0, 1030, False, 3
1954,0, 1030, False, 3
1955,0, 1030, False, 6
1956,0, 1030, False, 6
1957,0, 1030, False, 2
1958,0, 1030, False, 2
1959,0, 1030, False, 2
1960,10, 1040, False, 2
1961,0, 1040, False, 2
1962,0, 1040, False, 2
1963,0, 1040, False, 2
1964,0, 1040, False, 2
1965,0, 1040, False, 2
1966,0, 1040, False, 2
1967,0, 1040, False, 2
1968,0, 1040, False, 2
1969,0, 1040, False, 2
1970,0, 1040, False, 2
1971,0, 1040, False, 2
1972,0, 1040, False, 2
1973,0, 1040, False, 2
1974,0, 1040, False, 2
1975,0, 1040, False, 2
1976,0, 1040, False, 2
1977,0, 1040, False, 2
1978,10, 1050, False, 2
1979,0, 1050, False, 2
1980,0, 1050, False, 2
1981,0, 1050, False, 2
1982,0, 1050, False, 0
1983,0, 1050, False, 0
1984,0, 1050, False, 0
1985,0, 1050, False, 0
1986,0, 1050, False, 0
1987,0, 1050, False, 0
1988,0, 1050, False, 0
1989,0, 1050, False, 0
1990,0, 1050, False, 0
1991,0, 1050, False, 5
1992,0, 1050, False, 5
1993,0, 1050, False, 5
1994,0, 1050, False, 5
1995,0, 1050, False, 5
1996,0, 1050, False, 5
1997,0, 1050, False, 5
1998,0, 1050, False, 5
1999,0, 1050, False, 5
2000,0, 1050, False, 5
2001,0, 1050, False, 5
2002,0, 1050, False, 5
2003,0, 1050, False, 5
2004,0, 1050, False, 5
2005,0, 1050, False, 5
2006,0, 1050, False, 5
2007,0, 1050, False, 5
2008,0, 1050, False, 5
2009,0, 1050, False, 5
2010,0, 1050, False, 5
2011,0, 1050, False, 5
2012,0, 1050, False, 5
2013,0, 1050, False, 5
2014,0, 1050, False, 5
2015,0, 1050, False, 5
2016,0, 1050, False, 5
2017,0, 1050, False, 5
2018,0, 1050, False, 5
2019,0, 1050, False, 5
2020,0, 1050, False, 5
2021,0, 1050, False, 5
2022,10, 1060, False, 5
2023,0, 1060, False, 5
2024,0, 1060, False, 5
2025,0, 1060, False, 5
2026,0, 1060, False, 5
2027,0, 1060, False, 5
2028,0, 1060, False, 5
2029,0, 1060, False, 5
2030,0, 1060, False, 5
2031,0, 1060, False, 5
2032,0, 1060, False, 5
2033,0, 1060, False, 5
2034,0, 1060, False, 5
2035,0, 1060, False, 5
2036,10, 1070, False, 5
2037,0, 1070, False, 5
2038,0, 1070, False, 5
2039,0, 1070, False, 5
2040,0, 1070, False, 5
2041,0, 1070, False, 5
2042,0, 1070, False, 5
2043,0, 1070, False, 5
2044,0, 1070, False, 5
2045,0, 1070, False, 5
2046,0, 1070, False, 5
2047,0, 1070, False, 5
2048,0, 1070, False, 5
2049,0, 1070, False, 5
2050,10, 1080, False, 5
2051,0, 1080, False, 5
2052,0, 1080, False, 5
2053,0, 1080, False, 5
2054,0, 1080, False, 5
2055,0, 1080, False, 5
2056,0, 1080, False, 5
2057,0, 1080, False, 5
2058,0, 1080, False, 5
2059,0, 1080, False, 5
2060,0, 1080, False, 5
2061,0, 1080, False, 5
2062,0, 1080, False, 5
2063,0, 1080, False, 5
2064,10, 1090, False, 5
2065,0, 1090, False, 5
2066,0, 1090, False, 5
2067,0, 1090, False, 5
2068,0, 1090, False, 5
2069,0, 1090, False, 8
2070,0, 1090, False, 8
2071,0, 1090, False, 3
2072,0, 1090, False, 3
2073,0, 1090, False, 3
2074,0, 1090, False, 3
2075,0, 1090, False, 3
2076,0, 1090, False, 3
2077,0, 1090, False, 3
2078,10, 1100, False, 3
2079,0, 1100, False, 3
2080,0, 1100, False, 3
2081,0, 1100, False, 3
2082,0, 1100, False, 8
2083,0, 1100, False, 8
2084,0, 1100, False, 8
2085,0, 1100, False, 5
2086,0, 1100, False, 5
2087,0, 1100, False, 5
2088,0, 1100, False, 5
2089,0, 1100, False, 5
2090,0, 1100, False, 5
2091,0, 1100, False, 5
2092,10, 1110, False, 5
2093,0, 1110, False, 5
2094,0, 1110, False, 5
2095,0, 1110, False, 5
2096,0, 1110, False, 5
2097,0, 1110, False, 5
2098,0, 1110, False, 5
2099,0, 1110, False, 5
2100,0, 1110, False, 5
2101,0, 1110, False, 5
2102,50, 1160, False, 5
2103,0, 1160, False, 5
2104,0, 1160, False, 5
2105,0, 1160, False, 5
2106,0, 1160, False, 5
2107,0, 1160, False, 5
2108,0, 1160, False, 5
2109,0, 1160, False, 5
2110,0, 1160, False, 5
2111,0, 1160, False, 5
2112,0, 1160, False, 5
2113,0, 1160, False, 5
2114,0, 1160, False, 5
2115,0, 1160, False, 5
2116,0, 1160, False, 9
2117,0, 1160, False, 9
2118,10, 1170, False, 9
2119,0, 1170, False, 9
2120,0, 1170, False, 4
2121,0, 1170, False, 4
2122,0, 1170, False, 4
2123,0, 1170, False, 4
2124,0, 1170, False, 4
2125,0, 1170, False, 4
2126,0, 1170, False, 4
2127,0, 1170, False, 4
2128,0, 1170, False, 4
2129,0, 1170, False, 4
2130,0, 1170, False, 4
2131,0, 1170, False, 4
2132,10, 1180, False, 4
2133,0, 1180, False, 4
2134,0, 1180, False, 4
2135,0, 1180, False, 4
2136,0, 1180, False, 4
2137,0, 1180, False, 4
2138,0, 1180, False, 4
2139,0, 1180, False, 4
2140,0, 1180, False, 4
2141,0, 1180, False, 4
2142,0, 1180, False, 4
2143,0, 1180, False, 4
2144,0, 1180, False, 4
2145,0, 1180, False, 4
2146,10, 1190, False, 4
2147,0, 1190, False, 4
2148,0, 1190, False, 4
2149,0, 1190, False, 4
2150,0, 1190, False, 4
2151,0, 1190, False, 4
2152,0, 1190, False, 4
2153,0, 1190, False, 4
2154,0, 1190, False, 4
2155,0, 1190, False, 4
2156,0, 1190, False, 7
2157,0, 1190, False, 7
2158,0, 1190, False, 7
2159,0, 1190, False, 2
2160,0, 1190, False, 2
2161,0, 1190, False, 2
2162,0, 1190, False, 2
2163,0, 1190, False, 2
2164,0, 1190, False, 2
2165,0, 1190, False, 2
2166,0, 1190, False, 2
2167,0, 1190, False, 2
2168,0, 1190, False, 2
2169,0, 1190, False, 2
2170,0, 1190, False, 2
2171,0, 1190, False, 2
2172,0, 1190, False, 2
2173,0, 1190, False, 2
2174,0, 1190, False, 2
2175,0, 1190, False, 2
2176,0, 1190, False, 2
2177,0, 1190, False, 2
2178,0, 1190, False, 2
2179,0, 1190, False, 2
2180,0, 1190, False, 2
2181,0, 1190, False, 2
2182,0, 1190, False, 2
2183,0, 1190, False, 2
2184,0, 1190, False, 2
2185,0, 1190, False, 2
2186,0, 1190, False, 2
2187,0, 1190, False, 6
2188,0, 1190, False, 6
2189,0, 1190, False, 3
2190,0, 1190, False, 3
2191,0, 1190, False, 3
2192,0, 1190, False, 3
2193,0, 1190, False, 3
2194,0, 1190, False, 3
2195,0, 1190, False, 3
2196,0, 1190, False, 3
2197,0, 1190, False, 3
2198,0, 1190, False, 3
2199,0, 1190, False, 3
2200,0, 1190, False, 6
2201,0, 1190, False, 2
2202,0, 1190, False, 2
2203,0, 1190, False, 2
2204,10, 1200, False, 2
2205,0, 1200, False, 2
2206,0, 1200, False, 2
2207,0, 1200, False, 2
2208,0, 1200, False, 2
2209,0, 1200, False, 2
2210,0, 1200, False, 6
2211,0, 1200, False, 6
2212,0, 1200, False, 3
2213,0, 1200, False, 3
2214,0, 1200, False, 3
2215,0, 1200, False, 3
2216,0, 1200, False, 3
2217,0, 1200, False, 3
2218,0, 1200, False, 3
2219,0, 1200, False, 3
2220,0, 1200, False, 3
2221,0, 1200, False, 3
2222,0, 1200, False, 3
2223,0, 1200, False, 3
2224,0, 1200, False, 3
2225,0, 1200, False, 3
2226,0, 1200, False, 3
2227,0, 1200, False, 6
2228,0, 1200, False, 2
2229,0, 1200, False, 2
2230,0, 1200, False, 2
2231,0, 1200, False, 2
2232,0, 1200, False, 2
2233,0, 1200, False, 2
2234,0, 1200, False, 2
2235,0, 1200, False, 2
2236,0, 1200, False, 2
2237,0, 1200, False, 2
2238,0, 1200, False, 2
2239,0, 1200, False, 2
2240,0, 1200, False, 2
2241,0, 1200, False, 2
2242,0, 1200, False, 2
2243,0, 1200, False, 2
2244,0, 1200, False, 2
2245,0, 1200, False, 2
2246,0, 1200, False, 2
2247,0, 1200, False, 2
2248,0, 1200, False, 2
2249,0, 1200, False, 2
2250,0, 1200, False, 2
2251,0, 1200, False, 2
2252,0, 1200, False, 7
2253,0, 1200, False, 7
2254,0, 1200, False, 7
2255,0, 1200, False, 7
2256,0, 1200, False, 4
2257,0, 1200, False, 4
2258,0, 1200, False, 4
2259,0, 1200, False, 4
2260,0, 1200, False, 7
2261,0, 1200, False, 2
2262,0, 1200, False, 2
2263,0, 1200, False, 2
2264,0, 1200, False, 2
2265,0, 1200, False, 2
2266,0, 1200, False, 2
2267,0, 1200, False, 2
2268,0, 1200, False, 2
2269,0, 1200, False, 2
2270,0, 1200, False, 2
2271,0, 1200, False, 2
2272,0, 1200, False, 2
2273,0, 1200, False, 2
2274,0, 1200, False, 6
2275,0, 1200, False, 6
2276,0, 1200, False, 6
2277,0, 1200, False, 6
2278,0, 1200, False, 3
2279,0, 1200, False, 3
2280,0, 1200, False, 3
2281,0, 1200, False, 3
2282,0, 1200, False, 3
2283,0, 1200, False, 3
2284,0, 1200, False, 3
2285,0, 1200, False, 3
2286,0, 1200, False, 3
2287,0, 1200, False, 3
2288,0, 1200, False, 3
2289,0, 1200, False, 3
2290,0, 1200, False, 3
2291,0, 1200, False, 3
2292,0, 1200, False, 3
2293,0, 1200, False, 3
2294,0, 1200, False, 3
2295,0, 1200, False, 3
2296,10, 1210, False, 3
2297,0, 1210, False, 6
2298,0, 1210, False, 6
2299,0, 1210, False, 2
2300,0, 1210, False, 2
2301,0, 1210, False, 2
2302,0, 1210, False, 2
2303,0, 1210, False, 2
2304,0, 1210, False, 2
2305,0, 1210, False, 2
2306,0, 1210, False, 2
2307,0, 1210, False, 2
2308,0, 1210, False, 2
2309,0, 1210, False, 2
2310,0, 1210, False, 2
2311,0, 1210, False, 2
2312,0, 1210, False, 2
2313,0, 1210, False, 2
2314,0, 1210, False, 2
2315,0, 1210, False, 0
2316,0, 1210, False, 4
2317,0, 1210, False, 4
2318,0, 1210, False, 4
2319,0, 1210, False, 4
2320,0, 1210, False, 4
2321,0, 1210, False, 4
2322,0, 1210, False, 4
2323,0, 1210, False, 4
2324,0, 1210, False, 4
2325,0, 1210, False, 4
2326,0, 1210, False, 4
2327,0, 1210, False, 4
2328,0, 1210, False, 4
2329,0, 1210, False, 4
2330,0, 1210, False, 4
2331,0, 1210, False, 4
2332,0, 1210, False, 4
2333,0, 1210, False, 4
2334,0, 1210, False, 4
2335,0, 1210, False, 4
2336,0, 1210, False, 4
2337,0, 1210, False, 4
2338,0, 1210, False, 4
2339,0, 1210, False, 7
2340,0, 1210, False, 2
2341,0, 1210, False, 2
2342,0, 1210, False, 2
2343,0, 1210, False, 2
2344,0, 1210, False, 2
2345,0, 1210, False, 2
2346,0, 1210, False, 2
2347,0, 1210, False, 2
2348,0, 1210, False, 2
2349,0, 1210, False, 2
2350,0, 1210, False, 2
2351,0, 1210, False, 2
2352,0, 1210, False, 2
2353,0, 1210, False, 2
2354,0, 1210, False, 2
2355,0, 1210, False, 2
2356,0, 1210, False, 2
2357,0, 1210, False, 2
2358,0, 1210, False, 2
2359,0, 1210, False, 2
2360,0, 1210, False, 2
2361,0, 1210, False, 2
2362,0, 1210, False, 2
2363,0, 1210, False, 2
2364,0, 1210, False, 2
2365,0, 1210, False, 2
2366,0, 1210, False, 2
2367,0, 1210, False, 2
2368,0, 1210, False, 2
2369,0, 1210, False, 2
2370,0, 1210, False, 2
2371,0, 1210, False, 2
2372,0, 1210, False, 2
2373,0, 1210, False, 2
2374,0, 1210, False, 2
2375,0, 1210, False, 2
2376,0, 1210, False, 2
2377,0, 1210, False, 2
2378,0, 1210, False, 2
2379,0, 1210, False, 2
2380,0, 1210, False, 2
2381,0, 1210, False, 2
2382,0, 1210, False, 2
2383,0, 1210, False, 2
2384,0, 1210, False, 2
2385,0, 1210, False, 2
2386,0, 1210, False, 2
2387,0, 1210, False, 2
2388,0, 1210, False, 2
2389,0, 1210, False, 2
2390,0, 1210, False, 2
2391,0, 1210, False, 2
2392,10, 1220, False, 2
2393,0, 1220, False, 2
2394,0, 1220, False, 2
2395,0, 1220, False, 0
2396,0, 1220, False, 0
2397,0, 1220, False, 0
2398,0, 1220, False, 0
2399,0, 1220, False, 0
2400,0, 1220, False, 0
2401,0, 1220, False, 5
2402,0, 1220, False, 5
2403,0, 1220, False, 5
2404,0, 1220, False, 5
2405,0, 1220, False, 5
2406,0, 1220, False, 5
2407,0, 1220, False, 5
2408,0, 1220, False, 5
2409,0, 1220, False, 5
2410,0, 1220, False, 5
2411,0, 1220, False, 5
2412,0, 1220, False, 5
2413,0, 1220, False, 5
2414,0, 1220, False, 5
2415,0, 1220, False, 5
2416,0, 1220, False, 8
2417,0, 1220, False, 8
2418,0, 1220, False, 3
2419,0, 1220, False, 3
2420,0, 1220, False, 3
2421,0, 1220, False, 3
2422,0, 1220, False, 3
2423,0, 1220, False, 3
2424,0, 1220, False, 3
2425,0, 1220, False, 0
2426,0, 1220, False, 2
2427,0, 1220, False, 2
2428,0, 1220, False, 2
2429,0, 1220, False, 2
2430,0, 1220, False, 2
2431,0, 1220, False, 2
2432,0, 1220, False, 2
2433,0, 1220, False, 2
2434,0, 1220, False, 2
2435,0, 1220, False, 2
2436,0, 1220, False, 2
2437,0, 1220, False, 2
2438,0, 1220, False, 2
2439,0, 1220, False, 2
2440,0, 1220, False, 2
2441,0, 1220, False, 2
2442,0, 1220, False, 2
2443,0, 1220, False, 2
2444,0, 1220, False, 2
2445,0, 1220, False, 2
2446,0, 1220, False, 2
2447,0, 1220, False, 2
2448,0, 1220, False, 2
2449,0, 1220, False, 2
2450,0, 1220, False, 2
2451,0, 1220, False, 2
2452,0, 1220, False, 2
2453,0, 1220, False, 2
2454,0, 1220, False, 2
2455,0, 1220, False, 2
2456,0, 1220, False, 2
2457,0, 1220, False, 2
2458,10, 1230, False, 0
2459,0, 1230, False, 5
2460,0, 1230, False, 5
2461,0, 1230, False, 5
2462,0, 1230, False, 5
2463,0, 1230, False, 5
2464,0, 1230, False, 5
2465,0, 1230, False, 5
2466,0, 1230, False, 5
2467,0, 1230, False, 5
2468,0, 1230, False, 5
2469,0, 1230, False, 5
2470,0, 1230, False, 5
2471,0, 1230, False, 8
2472,0, 1230, False, 3
2473,0, 1230, False, 3
2474,0, 1230, False, 3
2475,0, 1230, False, 3
2476,0, 1230, False, 3
2477,0, 1230, False, 3
2478,0, 1230, False, 3
2479,0, 1230, False, 3
2480,10, 1240, False, 3
2481,0, 1240, False, 3
2482,0, 1240, False, 3
2483,0, 1240, False, 3
2484,0, 1240, False, 3
2485,0, 1240, False, 3
2486,0, 1240, False, 3
2487,0, 1240, False, 3
2488,0, 1240, False, 3
2489,0, 1240, False, 3
2490,0, 1240, False, 3
2491,0, 1240, False, 3
2492,0, 1240, False, 3
2493,0, 1240, False, 3
2494,0, 1240, False, 8
2495,0, 1240, False, 5
2496,0, 1240, False, 5
2497,0, 1240, False, 5
2498,0, 1240, False, 5
2499,0, 1240, False, 5
2500,0, 1240, False, 5
2501,0, 1240, False, 5
2502,0, 1240, False, 5
2503,0, 1240, False, 0
2504,0, 1240, False, 0
2505,0, 1240, False, 0
2506,0, 1240, False, 4
2507,0, 1240, False, 4
2508,0, 1240, False, 4
2509,0, 1240, False, 4
2510,0, 1240, False, 4
2511,0, 1240, False, 4
2512,0, 1240, False, 4
2513,0, 1240, False, 4
2514,0, 1240, False, 4
2515,0, 1240, False, 4
2516,0, 1240, False, 4
2517,0, 1240, False, 4
2518,0, 1240, False, 4
2519,0, 1240, False, 4
2520,0, 1240, False, 4
2521,0, 1240, False, 4
2522,0, 1240, False, 4
2523,0, 1240, False, 4
2524,0, 1240, False, 4
2525,0, 1240, False, 4
2526,0, 1240, False, 4
2527,0, 1240, False, 4
2528,0, 1240, False, 4
2529,0, 1240, False, 4
2530,0, 1240, False, 4
2531,0, 1240, False, 4
2532,0, 1240, False, 4
2533,0, 1240, False, 4
2534,0, 1240, False, 4
2535,0, 1240, False, 4
2536,0, 1240, False, 0
2537,0, 1240, False, 0
2538,0, 1240, False, 5
2539,0, 1240, False, 5
2540,0, 1240, False, 5
2541,0, 1240, False, 5
2542,0, 1240, False, 5
2543,0, 1240, False, 5
2544,0, 1240, False, 5
2545,0, 1240, False, 5
2546,0, 1240, False, 5
2547,0, 1240, False, 5
2548,0, 1240, False, 5
2549,0, 1240, False, 5
2550,0, 1240, False, 5
2551,0, 1240, False, 5
2552,0, 1240, False, 5
2553,0, 1240, False, 5
2554,0, 1240, False, 5
2555,0, 1240, False, 5
2556,0, 1240, False, 5
2557,0, 1240, False, 5
2558,0, 1240, False, 0
2559,0, 1240, False, 4
2560,0, 1240, False, 4
2561,0, 1240, False, 4
2562,0, 1240, False, 4
2563,0, 1240, False, 4
2564,0, 1240, False, 4
2565,0, 1240, False, 4
2566,0, 1240, False, 4
2567,0, 1240, False, 4
2568,0, 1240, False, 4
2569,0, 1240, False, 4
2570,0, 1240, False, 4
2571,0, 1240, False, 4
2572,0, 1240, False, 4
2573,0, 1240, False, 4
2574,0, 1240, False, 4
2575,0, 1240, False, 4
2576,0, 1240, False, 4
2577,0, 1240, False, 4
2578,0, 1240, False, 4
2579,0, 1240, False, 4
2580,0, 1240, False, 4
2581,0, 1240, False, 4
2582,0, 1240, False, 4
2583,0, 1240, False, 4
2584,0, 1240, False, 4
2585,0, 1240, False, 4
2586,0, 1240, False, 4
2587,0, 1240, False, 4
2588,0, 1240, False, 4
2589,0, 1240, False, 4
2590,0, 1240, False, 4
2591,0, 1240, False, 4
2592,0, 1240, False, 4
2593,0, 1240, False, 4
2594,0, 1240, False, 4
2595,0, 1240, False, 4
2596,0, 1240, False, 4
2597,0, 1240, False, 4
2598,0, 1240, False, 4
2599,0, 1240, False, 4
2600,0, 1240, False, 4
2601,0, 1240, False, 4
2602,0, 1240, False, 4
2603,0, 1240, False, 4
2604,0, 1240, False, 4
2605,0, 1240, False, 4
2606,0, 1240, False, 4
2607,0, 1240, False, 4
2608,0, 1240, False, 4
2609,0, 1240, False, 4
2610,0, 1240, False, 4
2611,0, 1240, False, 4
2612,0, 1240, False, 4
2613,0, 1240, False, 4
2614,0, 1240, False, 4
2615,0, 1240, False, 4
2616,0, 1240, False, 4
2617,0, 1240, False, 9
2618,0, 1240, False, 0
2619,0, 1240, False, 5
2620,0, 1240, False, 5
2621,0, 1240, False, 5
2622,0, 1240, False, 5
2623,0, 1240, False, 5
2624,10, 1250, False, 3
2625,0, 1250, False, 3
2626,0, 1250, False, 3
2627,0, 1250, False, 3
2628,0, 1250, False, 3
2629,0, 1250, False, 3
2630,0, 1250, False, 3
2631,0, 1250, False, 3
2632,0, 1250, False, 3
2633,0, 1250, False, 3
2634,0, 1250, False, 3
2635,0, 1250, False, 3
2636,0, 1250, False, 3
2637,0, 1250, False, 3
2638,0, 1250, False, 3
2639,0, 1250, False, 3
2640,0, 1250, False, 3
2641,0, 1250, False, 3
2642,0, 1250, False, 3
2643,0, 1250, False, 3
2644,0, 1250, False, 3
2645,0, 1250, False, 3
2646,0, 1250, False, 3
2647,0, 1250, False, 3
2648,0, 1250, False, 3
2649,0, 1250, False, 8
2650,0, 1250, False, 8
2651,0, 1250, False, 8
2652,0, 1250, False, 8
2653,0, 1250, False, 8
2654,0, 1250, False, 8
2655,0, 1250, False, 8
2656,0, 1250, False, 8
2657,0, 1250, False, 8
2658,0, 1250, False, 5
2659,0, 1250, False, 5
2660,10, 1260, False, 5
2661,0, 1260, False, 5
2662,0, 1260, False, 5
2663,0, 1260, False, 5
2664,0, 1260, False, 5
2665,0, 1260, False, 5
2666,0, 1260, False, 5
2667,0, 1260, False, 5
2668,0, 1260, False, 5
2669,0, 1260, False, 5
2670,0, 1260, False, 5
2671,0, 1260, False, 5
2672,0, 1260, False, 5
2673,0, 1260, False, 5
2674,10, 1270, False, 5
2675,0, 1270, False, 5
2676,0, 1270, False, 5
2677,0, 1270, False, 5
2678,0, 1270, False, 5
2679,0, 1270, False, 9
2680,0, 1270, False, 9
2681,0, 1270, False, 9
2682,0, 1270, False, 9
2683,0, 1270, False, 9
2684,0, 1270, False, 4
2685,0, 1270, False, 4
2686,0, 1270, False, 4
2687,0, 1270, False, 4
2688,10, 1280, False, 4
2689,0, 1280, False, 4
2690,0, 1280, False, 4
2691,0, 1280, False, 4
2692,0, 1280, False, 4
2693,0, 1280, False, 4
2694,0, 1280, False, 4
2695,0, 1280, False, 4
2696,0, 1280, False, 4
2697,0, 1280, False, 4
2698,0, 1280, False, 4
2699,0, 1280, False, 4
2700,0, 1280, False, 4
2701,0, 1280, False, 4
2702,0, 1280, False, 4
2703,0, 1280, False, 4
2704,10, 1290, False, 4
2705,0, 1290, False, 4
2706,0, 1290, False, 4
2707,0, 1290, False, 7
2708,0, 1290, False, 2
2709,0, 1290, False, 2
2710,0, 1290, False, 2
2711,0, 1290, False, 2
2712,0, 1290, False, 2
2713,0, 1290, False, 2
2714,0, 1290, False, 2
2715,0, 1290, False, 2
2716,0, 1290, False, 2
2717,0, 1290, False, 2
2718,0, 1290, False, 2
2719,0, 1290, False, 2
2720,0, 1290, False, 2
2721,0, 1290, False, 2
2722,0, 1290, False, 2
2723,0, 1290, False, 2
2724,0, 1290, False, 2
2725,0, 1290, False, 2
2726,0, 1290, False, 2
2727,0, 1290, False, 2
2728,0, 1290, False, 2
2729,0, 1290, False, 2
2730,0, 1290, False, 2
2731,0, 1290, False, 2
2732,0, 1290, False, 2
2733,0, 1290, False, 2
2734,0, 1290, False, 2
2735,0, 1290, False, 2
2736,0, 1290, False, 2
2737,0, 1290, False, 2
2738,0, 1290, False, 2
2739,0, 1290, False, 2
2740,0, 1290, False, 2
2741,0, 1290, False, 2
2742,10, 1300, False, 2
2743,0, 1300, False, 2
2744,0, 1300, False, 2
2745,0, 1300, False, 2
2746,0, 1300, False, 2
2747,0, 1300, False, 2
2748,0, 1300, False, 2
2749,0, 1300, False, 2
2750,0, 1300, False, 2
2751,0, 1300, False, 2
2752,0, 1300, False, 2
2753,0, 1300, False, 2
2754,0, 1300, False, 2
2755,0, 1300, False, 2
2756,0, 1300, False, 2
2757,0, 1300, False, 6
2758,0, 1300, False, 6
2759,0, 1300, False, 6
2760,0, 1300, False, 6
2761,0, 1300, False, 6
2762,0, 1300, False, 3
2763,0, 1300, False, 3
2764,0, 1300, False, 3
2765,0, 1300, False, 3
2766,0, 1300, False, 3
2767,0, 1300, False, 3
2768,0, 1300, False, 3
2769,0, 1300, False, 3
2770,0, 1300, False, 3
2771,0, 1300, False, 3
2772,0, 1300, False, 3
2773,0, 1300, False, 6
2774,0, 1300, False, 2
2775,0, 1300, False, 2
2776,0, 1300, False, 2
2777,0, 1300, False, 2
2778,0, 1300, False, 2
2779,0, 1300, False, 2
2780,0, 1300, False, 2
2781,0, 1300, False, 2
2782,0, 1300, False, 2
2783,0, 1300, False, 2
2784,0, 1300, False, 2
2785,0, 1300, False, 2
2786,0, 1300, False, 2
2787,0, 1300, False, 2
2788,0, 1300, False, 2
2789,0, 1300, False, 2
2790,0, 1300, False, 2
2791,0, 1300, False, 2
2792,0, 1300, False, 2
2793,0, 1300, False, 2
2794,0, 1300, False, 2
2795,0, 1300, False, 2
2796,0, 1300, False, 2
2797,0, 1300, False, 2
2798,0, 1300, False, 2
2799,0, 1300, False, 2
2800,0, 1300, False, 2
2801,0, 1300, False, 2
2802,0, 1300, False, 2
2803,0, 1300, False, 2
2804,0, 1300, False, 2
2805,0, 1300, False, 2
2806,0, 1300, False, 2
2807,0, 1300, False, 2
2808,0, 1300, False, 2
2809,0, 1300, False, 2
2810,0, 1300, False, 2
2811,0, 1300, False, 2
2812,0, 1300, False, 2
2813,0, 1300, False, 2
2814,0, 1300, False, 2
2815,0, 1300, False, 2
2816,0, 1300, False, 2
2817,0, 1300, False, 2
2818,0, 1300, False, 2
2819,0, 1300, False, 2
2820,0, 1300, False, 2
2821,0, 1300, False, 2
2822,0, 1300, False, 2
2823,0, 1300, False, 2
2824,0, 1300, False, 2
2825,0, 1300, False, 2
2826,0, 1300, False, 2
2827,0, 1300, False, 2
2828,0, 1300, False, 2
2829,0, 1300, False, 2
2830,0, 1300, False, 2
2831,0, 1300, False, 2
2832,0, 1300, False, 2
2833,0, 1300, False, 2
2834,0, 1300, False, 2
2835,0, 1300, False, 2
2836,0, 1300, False, 2
2837,0, 1300, False, 2
2838,0, 1300, False, 2
2839,0, 1300, False, 2
2840,0, 1300, False, 2
2841,0, 1300, False, 2
2842,0, 1300, False, 2
2843,0, 1300, False, 2
2844,0, 1300, False, 2
2845,0, 1300, False, 2
2846,0, 1300, False, 2
2847,0, 1300, False, 2
2848,0, 1300, False, 2
2849,0, 1300, False, 2
2850,0, 1300, False, 2
2851,0, 1300, False, 2
2852,0, 1300, False, 2
2853,0, 1300, False, 2
2854,0, 1300, False, 2
2855,0, 1300, False, 2
2856,0, 1300, False, 2
2857,0, 1300, False, 2
2858,0, 1300, False, 2
2859,0, 1300, False, 2
2860,0, 1300, False, 0
2861,0, 1300, False, 0
2862,0, 1300, False, 0
2863,0, 1300, False, 0
2864,0, 1300, False, 0
2865,0, 1300, False, 0
2866,0, 1300, False, 0
2867,0, 1300, False, 0
2868,0, 1300, False, 0
2869,0, 1300, False, 0
2870,0, 1300, False, 0
2871,0, 1300, False, 0
2872,0, 1300, False, 0
2873,0, 1300, False, 0
2874,0, 1300, False, 0
2875,0, 1300, False, 0
2876,0, 1300, False, 0
2877,0, 1300, False, 0
2878,0, 1300, False, 0
2879,0, 1300, False, 0
2880,0, 1300, False, 0
2881,0, 1300, False, 0
2882,0, 1300, False, 0
2883,0, 1300, False, 0
2884,0, 1300, False, 0
2885,0, 1300, False, 0
2886,0, 1300, False, 0
2887,0, 1300, False, 0
2888,0, 1300, False, 0
2889,0, 1300, False, 0
2890,0, 1300, False, 0
2891,0, 1300, False, 0
2892,0, 1300, False, 0
2893,0, 1300, False, 0
2894,0, 1300, False, 0
2895,0, 1300, False, 0
2896,0, 1300, False, 0
2897,0, 1300, False, 0
2898,0, 1300, False, 0
2899,0, 1300, False, 0
2900,0, 1300, False, 0
2901,0, 1300, False, 0
2902,0, 1300, False, 0
2903,0, 1300, False, 0
2904,0, 1300, False, 0
2905,0, 1300, False, 0
2906,0, 1300, False, 0
2907,0, 1300, False, 0
2908,0, 1300, False, 0
2909,0, 1300, False, 0
2910,0, 1300, False, 0
2911,0, 1300, False, 0
2912,0, 1300, False, 0
2913,0, 1300, False, 0
2914,0, 1300, False, 0
2915,0, 1300, False, 0
2916,0, 1300, False, 0
2917,0, 1300, False, 0
2918,0, 1300, False, 0
2919,0, 1300, False, 0
2920,0, 1300, False, 0
2921,0, 1300, False, 0
2922,0, 1300, False, 0
2923,0, 1300, False, 0
2924,0, 1300, False, 0
2925,0, 1300, False, 0
2926,0, 1300, False, 0
2927,0, 1300, False, 0
2928,0, 1300, False, 0
2929,0, 1300, False, 0
2930,0, 1300, False, 0
2931,0, 1300, False, 0
2932,0, 1300, False, 0
2933,0, 1300, False, 0
2934,0, 1300, False, 0
2935,0, 1300, False, 0
2936,0, 1300, False, 0
2937,0, 1300, False, 0
2938,0, 1300, False, 0
2939,0, 1300, False, 0
2940,0, 1300, False, 0
2941,0, 1300, False, 0
2942,0, 1300, False, 0
2943,0, 1300, False, 0
2944,0, 1300, False, 0
2945,0, 1300, False, 0
2946,0, 1300, False, 0
2947,0, 1300, False, 0
2948,0, 1300, False, 0
2949,0, 1300, False, 0
2950,0, 1300, False, 0
2951,0, 1300, False, 0
2952,0, 1300, False, 0
2953,0, 1300, False, 0
2954,0, 1300, False, 0
2955,0, 1300, False, 0
2956,0, 1300, False, 0
2957,0, 1300, False, 0
2958,0, 1300, False, 0
2959,0, 1300, False, 0
2960,0, 1300, False, 0
2961,0, 1300, False, 0
2962,0, 1300, False, 0
2963,0, 1300, False, 0
2964,0, 1300, False, 0
2965,0, 1300, False, 0
2966,0, 1300, False, 0
2967,0, 1300, False, 0
2968,0, 1300, False, 0
2969,0, 1300, False, 0
2970,0, 1300, False, 0
2971,0, 1300, False, 0
2972,0, 1300, False, 0
2973,0, 1300, False, 0
2974,0, 1300, False, 0
2975,0, 1300, False, 0
2976,0, 1300, False, 0
2977,0, 1300, False, 0
2978,0, 1300, False, 0
2979,0, 1300, False, 0
2980,0, 1300, False, 0
2981,0, 1300, False, 0
2982,0, 1300, False, 0
2983,0, 1300, False, 0
2984,0, 1300, False, 0
2985,0, 1300, False, 0
2986,0, 1300, False, 0
2987,0, 1300, False, 0
2988,0, 1300, False, 0
2989,0, 1300, False, 0
2990,0, 1300, False, 0
2991,0, 1300, False, 0
2992,0, 1300, False, 0
2993,0, 1300, False, 0
2994,0, 1300, False, 0
2995,0, 1300, False, 0
2996,0, 1300, False, 0
2997,0, 1300, False, 0
2998,0, 1300, False, 4
2999,0, 1300, False, 4
3000,0, 1300, False, 4
3001,0, 1300, False, 4
3002,0, 1300, False, 4
3003,0, 1300, False, 4
3004,0, 1300, False, 4
3005,0, 1300, False, 4
3006,0, 1300, False, 0
3007,0, 1300, False, 0
3008,0, 1300, False, 0
3009,0, 1300, False, 0
3010,0, 1300, False, 0
3011,0, 1300, False, 0
3012,0, 1300, False, 0
3013,0, 1300, False, 0
3014,0, 1300, False, 0
3015,0, 1300, False, 0
3016,0, 1300, False, 0
3017,0, 1300, False, 0
3018,0, 1300, False, 0
3019,0, 1300, False, 0
3020,0, 1300, False, 0
3021,0, 1300, False, 0
3022,0, 1300, False, 0
3023,0, 1300, False, 0
3024,0, 1300, False, 0
3025,0, 1300, False, 0
3026,0, 1300, False, 0
3027,0, 1300, False, 0
3028,0, 1300, False, 0
3029,0, 1300, False, 0
3030,0, 1300, False, 0
3031,0, 1300, False, 0
3032,0, 1300, False, 0
3033,0, 1300, False, 0
3034,0, 1300, False, 0
3035,0, 1300, False, 0
3036,0, 1300, False, 0
3037,0, 1300, False, 0
3038,0, 1300, False, 0
3039,0, 1300, False, 0
3040,0, 1300, False, 0
3041,0, 1300, False, 0
3042,0, 1300, False, 0
3043,0, 1300, False, 0
3044,0, 1300, False, 0
3045,0, 1300, False, 0
3046,0, 1300, False, 0
3047,0, 1300, False, 0
3048,0, 1300, False, 0
3049,0, 1300, False, 0
3050,0, 1300, False, 0
3051,0, 1300, False, 0
3052,0, 1300, False, 0
3053,0, 1300, False, 0
3054,0, 1300, False, 0
3055,0, 1300, False, 0
3056,0, 1300, False, 0
3057,0, 1300, False, 5
3058,0, 1300, False, 5
3059,0, 1300, False, 5
3060,0, 1300, False, 5
3061,0, 1300, False, 5
3062,0, 1300, False, 5
3063,0, 1300, False, 5
3064,0, 1300, False, 5
3065,0, 1300, False, 5
3066,0, 1300, False, 5
3067,0, 1300, False, 5
3068,0, 1300, False, 0
3069,0, 1300, False, 0
3070,0, 1300, False, 0
3071,0, 1300, False, 0
3072,0, 1300, False, 0
3073,0, 1300, False, 4
3074,0, 1300, False, 4
3075,0, 1300, False, 4
3076,0, 1300, False, 4
3077,0, 1300, False, 4
3078,0, 1300, False, 4
3079,0, 1300, False, 4
3080,0, 1300, False, 4
3081,0, 1300, False, 4
3082,0, 1300, False, 4
3083,0, 1300, False, 4
3084,0, 1300, False, 4
3085,0, 1300, False, 4
3086,0, 1300, False, 4
3087,0, 1300, False, 4
3088,0, 1300, False, 4
3089,0, 1300, False, 4
3090,10, 1310, False, 4
3091,0, 1310, False, 4
3092,0, 1310, False, 4
3093,0, 1310, False, 4
3094,0, 1310, False, 4
3095,0, 1310, False, 4
3096,0, 1310, False, 4
3097,0, 1310, False, 4
3098,0, 1310, False, 4
3099,0, 1310, False, 4
3100,0, 1310, False, 7
3101,0, 1310, False, 2
3102,0, 1310, False, 2
3103,0, 1310, False, 2
3104,0, 1310, False, 2
3105,0, 1310, False, 2
3106,0, 1310, False, 2
3107,0, 1310, False, 2
3108,0, 1310, False, 2
3109,0, 1310, False, 2
3110,0, 1310, False, 2
3111,0, 1310, False, 2
3112,0, 1310, False, 2
3113,0, 1310, False, 2
3114,0, 1310, False, 2
3115,0, 1310, False, 2
3116,0, 1310, False, 7
3117,0, 1310, False, 7
3118,0, 1310, False, 7
3119,0, 1310, False, 7
3120,0, 1310, False, 7
3121,0, 1310, False, 7
3122,0, 1310, False, 4
3123,0, 1310, False, 4
3124,0, 1310, False, 4
3125,0, 1310, False, 4
3126,0, 1310, False, 4
3127,0, 1310, False, 4
3128,0, 1310, False, 4
3129,0, 1310, False, 4
3130,0, 1310, False, 4
3131,0, 1310, False, 4
3132,0, 1310, False, 4
3133,0, 1310, False, 4
3134,0, 1310, False, 4
3135,0, 1310, False, 4
3136,0, 1310, False, 4
3137,0, 1310, False, 4
3138,10, 1320, False, 4
3139,0, 1320, False, 0
3140,0, 1320, False, 3
3141,0, 1320, False, 3
3142,0, 1320, False, 3
3143,0, 1320, False, 3
3144,0, 1320, False, 3
3145,0, 1320, False, 3
3146,0, 1320, False, 3
3147,0, 1320, False, 3
3148,0, 1320, False, 3
3149,0, 1320, False, 3
3150,0, 1320, False, 3
3151,0, 1320, False, 3
3152,0, 1320, False, 3
3153,0, 1320, False, 6
3154,0, 1320, False, 6
3155,0, 1320, False, 2
3156,0, 1320, False, 2
3157,0, 1320, False, 2
3158,0, 1320, False, 2
3159,0, 1320, False, 2
3160,0, 1320, False, 2
3161,0, 1320, False, 2
3162,0, 1320, False, 2
3163,0, 1320, False, 2
3164,0, 1320, False, 2
3165,0, 1320, False, 2
3166,0, 1320, False, 2
3167,0, 1320, False, 2
3168,0, 1320, False, 2
3169,0, 1320, False, 2
3170,0, 1320, False, 2
3171,0, 1320, False, 6
3172,0, 1320, False, 6
3173,0, 1320, False, 6
3174,0, 1320, False, 3
3175,0, 1320, False, 3
3176,0, 1320, False, 3
3177,0, 1320, False, 3
3178,0, 1320, False, 3
3179,0, 1320, False, 3
3180,0, 1320, False, 3
3181,0, 1320, False, 3
3182,0, 1320, False, 3
3183,0, 1320, False, 3
3184,10, 1330, False, 3
3185,0, 1330, False, 3
3186,0, 1330, False, 3
3187,0, 1330, False, 3
3188,0, 1330, False, 3
3189,0, 1330, False, 3
3190,0, 1330, False, 3
3191,0, 1330, False, 3
3192,0, 1330, False, 3
3193,0, 1330, False, 3
3194,0, 1330, False, 3
3195,0, 1330, False, 3
3196,0, 1330, False, 3
3197,0, 1330, False, 3
3198,10, 1340, False, 3
3199,0, 1340, False, 3
3200,0, 1340, False, 3
3201,0, 1340, False, 3
3202,0, 1340, False, 3
3203,0, 1340, False, 3
3204,0, 1340, False, 3
3205,0, 1340, False, 3
3206,0, 1340, False, 3
3207,0, 1340, False, 3
3208,0, 1340, False, 3
3209,0, 1340, False, 3
3210,0, 1340, False, 3
3211,0, 1340, False, 3
3212,10, 1350, False, 3
3213,0, 1350, False, 3
3214,0, 1350, False, 3
3215,0, 1350, False, 3
3216,0, 1350, False, 3
3217,0, 1350, False, 3
3218,0, 1350, False, 3
3219,0, 1350, False, 3
3220,0, 1350, False, 3
3221,0, 1350, False, 3
3222,0, 1350, False, 3
3223,0, 1350, False, 3
3224,10, 1360, False, 3
3225,0, 1360, False, 3
3226,0, 1360, False, 3
3227,0, 1360, False, 3
3228,0, 1360, False, 3
3229,0, 1360, False, 3
3230,0, 1360, False, 3
3231,0, 1360, False, 3
3232,0, 1360, False, 3
3233,0, 1360, False, 8
3234,0, 1360, False, 8
3235,0, 1360, False, 8
3236,0, 1360, False, 5
3237,0, 1360, False, 5
3238,10, 1370, False, 5
3239,0, 1370, False, 5
3240,0, 1370, False, 5
3241,0, 1370, False, 5
3242,0, 1370, False, 5
3243,0, 1370, False, 5
3244,0, 1370, False, 5
3245,0, 1370, False, 5
3246,0, 1370, False, 5
3247,0, 1370, False, 5
3248,0, 1370, False, 5
3249,0, 1370, False, 5
3250,0, 1370, False, 5
3251,0, 1370, False, 5
3252,10, 1380, False, 5
3253,0, 1380, False, 5
3254,0, 1380, False, 5
3255,0, 1380, False, 5
3256,0, 1380, False, 5
3257,0, 1380, False, 5
3258,0, 1380, False, 5
3259,0, 1380, False, 5
3260,0, 1380, False, 5
3261,0, 1380, False, 5
3262,0, 1380, False, 5
3263,0, 1380, False, 5
3264,0, 1380, False, 8
3265,0, 1380, False, 8
3266,0, 1380, False, 3
3267,0, 1380, False, 3
3268,0, 1380, False, 3
3269,0, 1380, False, 3
3270,0, 1380, False, 3
3271,0, 1380, False, 3
3272,0, 1380, False, 3
3273,0, 1380, False, 3
3274,0, 1380, False, 3
3275,0, 1380, False, 3
3276,0, 1380, False, 8
3277,0, 1380, False, 8
3278,0, 1380, False, 5
3279,0, 1380, False, 5
3280,0, 1380, False, 5
3281,0, 1380, False, 5
3282,0, 1380, False, 5
3283,0, 1380, False, 5
3284,0, 1380, False, 5
3285,0, 1380, False, 5
3286,0, 1380, False, 5
3287,0, 1380, False, 5
3288,10, 1390, False, 5
3289,0, 1390, False, 5
3290,0, 1390, False, 5
3291,0, 1390, False, 5
3292,0, 1390, False, 5
3293,0, 1390, False, 5
3294,0, 1390, False, 5
3295,0, 1390, False, 5
3296,0, 1390, False, 5
3297,0, 1390, False, 5
3298,0, 1390, False, 5
3299,0, 1390, False, 5
3300,0, 1390, False, 5
3301,0, 1390, False, 5
3302,0, 1390, False, 5
3303,0, 1390, False, 5
3304,0, 1390, False, 5
3305,0, 1390, False, 5
3306,0, 1390, False, 5
3307,0, 1390, False, 5
3308,0, 1390, False, 5
3309,0, 1390, False, 5
3310,0, 1390, False, 5
3311,0, 1390, False, 5
3312,0, 1390, False, 5
3313,0, 1390, False, 5
3314,0, 1390, False, 5
3315,0, 1390, False, 5
3316,0, 1390, False, 5
3317,0, 1390, False, 5
3318,0, 1390, False, 5
3319,0, 1390, False, 5
3320,0, 1390, False, 5
3321,0, 1390, False, 5
3322,0, 1390, False, 5
3323,0, 1390, False, 5
3324,0, 1390, False, 5
3325,0, 1390, False, 5
3326,0, 1390, False, 5
3327,0, 1390, False, 8
3328,0, 1390, False, 8
3329,0, 1390, False, 3
3330,0, 1390, False, 3
3331,0, 1390, False, 3
3332,0, 1390, False, 3
3333,0, 1390, False, 3
3334,0, 1390, False, 3
3335,0, 1390, False, 3
3336,0, 1390, False, 3
3337,0, 1390, False, 3
3338,0, 1390, False, 3
3339,0, 1390, False, 3
3340,0, 1390, False, 3
3341,0, 1390, False, 3
3342,0, 1390, False, 3
3343,0, 1390, False, 3
3344,0, 1390, False, 3
3345,0, 1390, False, 3
3346,0, 1390, False, 3
3347,0, 1390, False, 3
3348,0, 1390, False, 3
3349,0, 1390, False, 3
3350,0, 1390, False, 3
3351,0, 1390, False, 3
3352,0, 1390, False, 3
3353,0, 1390, False, 3
3354,0, 1390, False, 3
3355,0, 1390, False, 3
3356,0, 1390, False, 3
3357,0, 1390, False, 3
3358,0, 1390, False, 3
3359,0, 1390, False, 3
3360,0, 1390, False, 3
3361,0, 1390, False, 3
3362,0, 1390, False, 3
3363,0, 1390, False, 3
3364,0, 1390, False, 3
3365,0, 1390, False, 3
3366,0, 1390, False, 3
3367,0, 1390, False, 6
3368,0, 1390, False, 6
3369,0, 1390, False, 2
3370,0, 1390, False, 2
3371,0, 1390, False, 2
3372,0, 1390, False, 2
3373,0, 1390, False, 2
3374,0, 1390, False, 2
3375,0, 1390, False, 2
3376,0, 1390, False, 2
3377,0, 1390, False, 2
3378,0, 1390, False, 2
3379,0, 1390, False, 2
3380,0, 1390, False, 2
3381,0, 1390, False, 2
3382,0, 1390, False, 2
3383,0, 1390, False, 2
3384,0, 1390, False, 2
3385,0, 1390, False, 2
3386,0, 1390, False, 2
3387,0, 1390, False, 2
3388,0, 1390, False, 2
3389,0, 1390, False, 2
3390,0, 1390, False, 2
3391,0, 1390, False, 2
3392,0, 1390, False, 2
3393,0, 1390, False, 2
3394,0, 1390, False, 2
3395,0, 1390, False, 2
3396,0, 1390, False, 2
3397,0, 1390, False, 2
3398,0, 1390, False, 2
3399,0, 1390, False, 2
3400,0, 1390, False, 2
3401,0, 1390, False, 2
3402,0, 1390, False, 2
3403,0, 1390, False, 2
3404,0, 1390, False, 2
3405,0, 1390, False, 2
3406,0, 1390, False, 2
3407,0, 1390, False, 2
3408,0, 1390, False, 2
3409,0, 1390, False, 2
3410,0, 1390, False, 2
3411,0, 1390, False, 2
3412,0, 1390, False, 2
3413,0, 1390, False, 2
3414,0, 1390, False, 2
3415,0, 1390, False, 2
3416,0, 1390, False, 2
3417,0, 1390, False, 2
3418,0, 1390, False, 2
3419,0, 1390, False, 2
3420,0, 1390, False, 2
3421,0, 1390, False, 2
3422,0, 1390, False, 2
3423,0, 1390, False, 2
3424,0, 1390, False, 2
3425,0, 1390, False, 2
3426,0, 1390, False, 2
3427,0, 1390, False, 2
3428,0, 1390, False, 2
3429,0, 1390, False, 2
3430,0, 1390, False, 6
3431,0, 1390, False, 3
3432,0, 1390, False, 3
3433,0, 1390, False, 3
3434,0, 1390, False, 3
3435,0, 1390, False, 3
3436,0, 1390, False, 3
3437,0, 1390, False, 2
3438,0, 1390, False, 2
3439,0, 1390, False, 2
3440,0, 1390, False, 2
3441,0, 1390, False, 2
3442,0, 1390, False, 2
3443,0, 1390, False, 2
3444,0, 1390, False, 2
3445,0, 1390, False, 2
3446,0, 1390, False, 2
3447,0, 1390, False, 2
3448,0, 1390, False, 2
3449,0, 1390, False, 2
3450,0, 1390, False, 2
3451,0, 1390, False, 2
3452,0, 1390, False, 2
3453,0, 1390, False, 2
3454,0, 1390, False, 2
3455,0, 1390, False, 2
3456,0, 1390, False, 2
3457,0, 1390, False, 2
3458,0, 1390, False, 2
3459,0, 1390, False, 6
3460,0, 1390, False, 6
3461,0, 1390, False, 6
3462,0, 1390, False, 6
3463,0, 1390, False, 6
3464,0, 1390, False, 6
3465,0, 1390, False, 6
3466,0, 1390, False, 2
3467,0, 1390, False, 2
3468,0, 1390, False, 2
3469,0, 1390, False, 2
3470,0, 1390, False, 2
3471,0, 1390, False, 2
3472,0, 1390, False, 2
3473,0, 1390, False, 2
3474,0, 1390, False, 2
3475,0, 1390, False, 2
3476,0, 1390, False, 2
3477,0, 1390, False, 2
3478,0, 1390, False, 2
3479,0, 1390, False, 2
3480,0, 1390, False, 2
3481,0, 1390, False, 2
3482,0, 1390, False, 2
3483,0, 1390, False, 2
3484,0, 1390, False, 2
3485,0, 1390, False, 2
3486,0, 1390, False, 2
3487,0, 1390, False, 2
3488,0, 1390, False, 2
3489,0, 1390, False, 2
3490,0, 1390, False, 2
3491,0, 1390, False, 2
3492,0, 1390, False, 2
3493,0, 1390, False, 2
3494,0, 1390, False, 2
3495,0, 1390, False, 2
3496,0, 1390, False, 2
3497,0, 1390, False, 2
3498,0, 1390, False, 2
3499,0, 1390, False, 2
3500,0, 1390, False, 2
3501,0, 1390, False, 2
3502,0, 1390, False, 2
3503,0, 1390, False, 2
3504,0, 1390, False, 2
3505,0, 1390, False, 2
3506,0, 1390, False, 2
3507,0, 1390, False, 2
3508,0, 1390, False, 2
3509,0, 1390, False, 2
3510,0, 1390, False, 2
3511,0, 1390, False, 2
3512,0, 1390, False, 2
3513,0, 1390, False, 2
3514,0, 1390, False, 2
3515,0, 1390, False, 2
3516,0, 1390, False, 2
3517,0, 1390, False, 2
3518,0, 1390, False, 2
3519,0, 1390, False, 2
3520,0, 1390, False, 2
3521,0, 1390, False, 2
3522,0, 1390, False, 2
3523,0, 1390, False, 2
3524,0, 1390, False, 2
3525,0, 1390, False, 2
3526,0, 1390, False, 2
3527,0, 1390, False, 2
3528,10, 1400, False, 2
3529,0, 1400, False, 7
3530,0, 1400, False, 7
3531,0, 1400, False, 7
3532,0, 1400, False, 4
3533,0, 1400, False, 4
3534,0, 1400, False, 4
3535,0, 1400, False, 4
3536,0, 1400, False, 4
3537,0, 1400, False, 4
3538,0, 1400, False, 4
3539,0, 1400, False, 4
3540,0, 1400, False, 4
3541,0, 1400, False, 4
3542,10, 1410, False, 4
3543,0, 1410, False, 4
3544,0, 1410, False, 4
3545,0, 1410, False, 4
3546,0, 1410, False, 4
3547,0, 1410, False, 4
3548,0, 1410, False, 4
3549,0, 1410, False, 4
3550,0, 1410, False, 4
3551,0, 1410, False, 4
3552,0, 1410, False, 4
3553,0, 1410, False, 4
3554,10, 1420, False, 4
3555,0, 1420, False, 4
3556,0, 1420, False, 4
3557,0, 1420, False, 4
3558,0, 1420, False, 4
3559,0, 1420, False, 4
3560,0, 1420, False, 4
3561,0, 1420, False, 4
3562,0, 1420, False, 4
3563,0, 1420, False, 4
3564,0, 1420, False, 4
3565,0, 1420, False, 4
3566,0, 1420, False, 4
3567,0, 1420, False, 4
3568,10, 1430, False, 4
3569,0, 1430, False, 4
3570,0, 1430, False, 4
3571,0, 1430, False, 4
3572,0, 1430, False, 4
3573,0, 1430, False, 4
3574,0, 1430, False, 4
3575,0, 1430, False, 4
3576,0, 1430, False, 4
3577,0, 1430, False, 4
3578,0, 1430, False, 4
3579,0, 1430, False, 4
3580,0, 1430, False, 4
3581,0, 1430, False, 4
3582,0, 1430, False, 4
3583,0, 1430, False, 4
3584,0, 1430, False, 4
3585,0, 1430, False, 4
3586,10, 1440, False, 4
3587,0, 1440, False, 4
3588,0, 1440, False, 4
3589,0, 1440, False, 4
3590,0, 1440, False, 4
3591,0, 1440, False, 4
3592,0, 1440, False, 4
3593,0, 1440, False, 4
3594,0, 1440, False, 4
3595,0, 1440, False, 4
3596,0, 1440, False, 4
3597,0, 1440, False, 4
3598,0, 1440, False, 4
3599,0, 1440, False, 4
3600,10, 1450, False, 4
3601,0, 1450, False, 4
3602,0, 1450, False, 4
3603,0, 1450, False, 4
3604,0, 1450, False, 4
3605,0, 1450, False, 4
3606,0, 1450, False, 4
3607,0, 1450, False, 4
3608,0, 1450, False, 4
3609,0, 1450, False, 4
3610,0, 1450, False, 4
3611,0, 1450, False, 4
3612,10, 1460, False, 4
3613,0, 1460, False, 4
3614,0, 1460, False, 4
3615,0, 1460, False, 4
3616,0, 1460, False, 4
3617,0, 1460, False, 4
3618,0, 1460, False, 4
3619,0, 1460, False, 4
3620,0, 1460, False, 4
3621,0, 1460, False, 4
3622,0, 1460, False, 4
3623,0, 1460, False, 4
3624,0, 1460, False, 4
3625,0, 1460, False, 4
3626,0, 1460, False, 4
3627,0, 1460, False, 4
3628,0, 1460, False, 4
3629,0, 1460, False, 4
3630,0, 1460, False, 4
3631,0, 1460, False, 4
3632,0, 1460, False, 4
3633,0, 1460, False, 4
3634,0, 1460, False, 4
3635,0, 1460, False, 4
3636,0, 1460, False, 4
3637,0, 1460, False, 4
3638,0, 1460, False, 4
3639,0, 1460, False, 4
3640,0, 1460, False, 4
3641,0, 1460, False, 7
3642,0, 1460, False, 7
3643,0, 1460, False, 7
3644,0, 1460, False, 7
3645,0, 1460, False, 7
3646,0, 1460, False, 7
3647,0, 1460, False, 7
3648,0, 1460, False, 2
3649,0, 1460, False, 2
3650,0, 1460, False, 2
3651,0, 1460, False, 2
3652,0, 1460, False, 2
3653,0, 1460, False, 2
3654,0, 1460, False, 2
3655,0, 1460, False, 2
3656,0, 1460, False, 2
3657,0, 1460, False, 2
3658,0, 1460, False, 2
3659,0, 1460, False, 2
3660,10, 1470, False, 2
3661,0, 1470, False, 2
3662,0, 1470, False, 2
3663,0, 1470, False, 2
3664,0, 1470, False, 2
3665,0, 1470, False, 2
3666,0, 1470, False, 2
3667,0, 1470, False, 2
3668,0, 1470, False, 2
3669,0, 1470, False, 7
3670,0, 1470, False, 7
3671,0, 1470, False, 4
3672,0, 1470, False, 4
3673,0, 1470, False, 4
3674,10, 1480, False, 4
3675,0, 1480, False, 4
3676,0, 1480, False, 4
3677,0, 1480, False, 4
3678,0, 1480, False, 4
3679,0, 1480, False, 4
3680,0, 1480, False, 4
3681,0, 1480, False, 4
3682,0, 1480, False, 4
3683,0, 1480, False, 4
3684,0, 1480, False, 4
3685,0, 1480, False, 4
3686,10, 1490, False, 4
3687,0, 1490, False, 4
3688,0, 1490, False, 4
3689,0, 1490, False, 4
3690,0, 1490, False, 4
3691,0, 1490, False, 4
3692,0, 1490, False, 4
3693,0, 1490, False, 4
3694,0, 1490, False, 4
3695,0, 1490, False, 4
3696,0, 1490, False, 4
3697,0, 1490, False, 4
3698,0, 1490, False, 4
3699,0, 1490, False, 4
3700,10, 1500, False, 4
3701,0, 1500, False, 4
3702,0, 1500, False, 4
3703,0, 1500, False, 4
3704,0, 1500, False, 4
3705,0, 1500, False, 4
3706,0, 1500, False, 4
3707,0, 1500, False, 4
3708,0, 1500, False, 4
3709,0, 1500, False, 4
3710,0, 1500, False, 4
3711,0, 1500, False, 4
3712,10, 1510, False, 4
3713,0, 1510, False, 4
3714,0, 1510, False, 7
3715,0, 1510, False, 4
3716,0, 1510, False, 0
3717,0, 1510, False, 0
3718,0, 1510, False, 5
3719,0, 1510, False, 5
3720,0, 1510, False, 5
3721,0, 1510, False, 5
3722,0, 1510, False, 5
3723,0, 1510, False, 5
3724,0, 1510, False, 5
3725,0, 1510, False, 5
3726,0, 1510, False, 5
3727,0, 1510, False, 5
3728,0, 1510, False, 5
3729,0, 1510, False, 5
3730,0, 1510, False, 5
3731,0, 1510, False, 5
3732,0, 1510, False, 5
3733,0, 1510, False, 5
3734,0, 1510, False, 5
3735,0, 1510, False, 5
3736,0, 1510, False, 5
3737,0, 1510, False, 5
3738,0, 1510, False, 5
3739,0, 1510, False, 5
3740,0, 1510, False, 5
3741,0, 1510, False, 5
3742,0, 1510, False, 5
3743,0, 1510, False, 5
3744,0, 1510, False, 5
3745,0, 1510, False, 5
3746,0, 1510, False, 5
3747,0, 1510, False, 5
3748,0, 1510, False, 5
3749,0, 1510, False, 5
3750,0, 1510, False, 5
3751,0, 1510, False, 5
3752,0, 1510, False, 5
3753,0, 1510, False, 5
3754,0, 1510, False, 5
3755,0, 1510, False, 5
3756,0, 1510, False, 0
3757,0, 1510, False, 0
3758,0, 1510, False, 0
3759,0, 1510, False, 0
3760,0, 1510, False, 0
3761,0, 1510, False, 0
3762,0, 1510, False, 0
3763,0, 1510, False, 0
3764,0, 1510, False, 0
3765,0, 1510, False, 0
3766,0, 1510, False, 0
3767,0, 1510, False, 0
3768,0, 1510, False, 0
3769,0, 1510, False, 0
3770,0, 1510, False, 0
3771,0, 1510, False, 0
3772,0, 1510, False, 0
3773,0, 1510, False, 0
3774,0, 1510, False, 0
3775,0, 1510, False, 0
3776,0, 1510, False, 0
3777,0, 1510, False, 0
3778,0, 1510, False, 0
3779,0, 1510, False, 0
3780,0, 1510, False, 0
3781,0, 1510, False, 0
3782,0, 1510, False, 0
3783,0, 1510, False, 0
3784,0, 1510, False, 0
3785,0, 1510, False, 0
3786,0, 1510, False, 0
3787,0, 1510, False, 0
3788,0, 1510, False, 0
3789,0, 1510, False, 0
3790,0, 1510, False, 0
3791,0, 1510, False, 0
3792,0, 1510, False, 0
3793,0, 1510, False, 0
3794,0, 1510, False, 0
3795,0, 1510, False, 0
3796,0, 1510, False, 0
3797,0, 1510, False, 0
3798,0, 1510, False, 0
3799,0, 1510, False, 0
3800,0, 1510, False, 0
3801,0, 1510, False, 0
3802,0, 1510, False, 0
3803,0, 1510, False, 0
3804,0, 1510, False, 0
3805,0, 1510, False, 0
3806,0, 1510, False, 0
3807,0, 1510, False, 0
3808,0, 1510, False, 0
3809,0, 1510, False, 0
3810,0, 1510, False, 0
3811,0, 1510, False, 0
3812,0, 1510, False, 0
3813,0, 1510, False, 0
3814,0, 1510, False, 0
3815,0, 1510, False, 0
3816,0, 1510, False, 0
3817,0, 1510, False, 0
3818,0, 1510, False, 0
3819,0, 1510, False, 0
3820,0, 1510, False, 0
3821,0, 1510, False, 0
3822,0, 1510, False, 0
3823,0, 1510, False, 0
3824,0, 1510, False, 0
3825,0, 1510, False, 0
3826,0, 1510, False, 0
3827,0, 1510, False, 0
3828,0, 1510, False, 0
3829,0, 1510, False, 3
3830,0, 1510, False, 3
3831,0, 1510, False, 3
3832,0, 1510, False, 3
3833,0, 1510, False, 3
3834,0, 1510, False, 3
3835,0, 1510, False, 3
3836,0, 1510, False, 3
3837,0, 1510, False, 3
3838,0, 1510, False, 3
3839,0, 1510, False, 3
3840,0, 1510, False, 3
3841,0, 1510, False, 3
3842,0, 1510, False, 3
3843,0, 1510, False, 3
3844,0, 1510, False, 3
3845,0, 1510, False, 3
3846,0, 1510, False, 3
3847,0, 1510, False, 3
3848,0, 1510, False, 3
3849,0, 1510, False, 3
3850,0, 1510, False, 3
3851,0, 1510, False, 3
3852,0, 1510, False, 3
3853,0, 1510, False, 3
3854,0, 1510, False, 3
3855,0, 1510, False, 3
3856,0, 1510, False, 3
3857,0, 1510, False, 3
3858,0, 1510, False, 3
3859,0, 1510, False, 3
3860,0, 1510, False, 3
3861,0, 1510, False, 3
3862,0, 1510, False, 3
3863,0, 1510, False, 3
3864,0, 1510, False, 3
3865,0, 1510, False, 3
3866,0, 1510, False, 3
3867,0, 1510, False, 3
3868,0, 1510, False, 3
3869,0, 1510, False, 3
3870,0, 1510, False, 3
3871,0, 1510, False, 3
3872,0, 1510, False, 3
3873,0, 1510, False, 3
3874,0, 1510, False, 3
3875,0, 1510, False, 3
3876,0, 1510, False, 3
3877,0, 1510, False, 3
3878,0, 1510, False, 3
3879,0, 1510, False, 3
3880,0, 1510, False, 3
3881,0, 1510, False, 3
3882,0, 1510, False, 3
3883,0, 1510, False, 3
3884,0, 1510, False, 3
3885,0, 1510, False, 3
3886,0, 1510, False, 3
3887,0, 1510, False, 3
3888,0, 1510, False, 3
3889,0, 1510, False, 3
3890,0, 1510, False, 3
3891,0, 1510, False, 3
3892,0, 1510, False, 3
3893,0, 1510, False, 3
3894,0, 1510, False, 3
3895,0, 1510, False, 3
3896,0, 1510, False, 3
3897,0, 1510, False, 3
3898,0, 1510, False, 3
3899,0, 1510, False, 3
3900,0, 1510, False, 3
3901,0, 1510, False, 3
3902,0, 1510, False, 3
3903,0, 1510, False, 0
3904,0, 1510, False, 0
3905,0, 1510, False, 0
3906,0, 1510, False, 0
3907,0, 1510, False, 0
3908,0, 1510, False, 0
3909,0, 1510, False, 0
3910,0, 1510, False, 0
3911,0, 1510, False, 0
3912,0, 1510, False, 0
3913,0, 1510, False, 0
3914,0, 1510, False, 0
3915,0, 1510, False, 0
3916,0, 1510, False, 0
3917,0, 1510, False, 0
3918,0, 1510, False, 0
3919,0, 1510, False, 0
3920,0, 1510, False, 0
3921,0, 1510, False, 0
3922,0, 1510, False, 0
3923,0, 1510, False, 0
3924,0, 1510, False, 0
3925,0, 1510, False, 0
3926,0, 1510, False, 0
3927,0, 1510, False, 0
3928,0, 1510, False, 0
3929,0, 1510, False, 0
3930,0, 1510, False, 0
3931,0, 1510, False, 0
3932,0, 1510, False, 0
3933,0, 1510, False, 0
3934,0, 1510, False, 0
3935,0, 1510, False, 0
3936,0, 1510, False, 0
3937,0, 1510, False, 0
3938,0, 1510, False, 0
3939,0, 1510, False, 0
3940,0, 1510, False, 0
3941,0, 1510, False, 0
3942,0, 1510, False, 0
3943,0, 1510, False, 0
3944,0, 1510, False, 0
3945,0, 1510, False, 0
3946,0, 1510, False, 0
3947,0, 1510, False, 0
3948,0, 1510, False, 0
3949,0, 1510, False, 0
3950,0, 1510, False, 0
3951,0, 1510, False, 0
3952,0, 1510, False, 4
3953,0, 1510, False, 4
3954,0, 1510, False, 0
3955,0, 1510, False, 0
3956,0, 1510, False, 0
3957,0, 1510, False, 0
3958,0, 1510, False, 0
3959,0, 1510, False, 0
3960,0, 1510, False, 0
3961,0, 1510, False, 0
3962,0, 1510, False, 0
3963,0, 1510, False, 0
3964,0, 1510, False, 0
3965,0, 1510, False, 0
3966,0, 1510, False, 0
3967,0, 1510, False, 0
3968,0, 1510, False, 0
3969,0, 1510, False, 0
3970,0, 1510, False, 0
3971,0, 1510, False, 0
3972,0, 1510, False, 0
3973,0, 1510, False, 0
3974,0, 1510, False, 0
3975,0, 1510, False, 0
3976,0, 1510, False, 0
3977,0, 1510, False, 0
3978,0, 1510, False, 0
3979,0, 1510, False, 0
3980,0, 1510, False, 0
3981,0, 1510, False, 0
3982,0, 1510, False, 0
3983,0, 1510, False, 0
3984,0, 1510, False, 0
3985,0, 1510, False, 0
3986,0, 1510, False, 0
3987,0, 1510, False, 0
3988,0, 1510, False, 0
3989,0, 1510, False, 0
3990,0, 1510, False, 0
3991,0, 1510, False, 0
3992,0, 1510, False, 0
3993,0, 1510, False, 0
3994,0, 1510, False, 0
3995,0, 1510, False, 0
3996,0, 1510, False, 0
3997,0, 1510, False, 0
3998,0, 1510, False, 0
3999,0, 1510, False, 0
4000,0, 1510, False, 0
4001,0, 1510, False, 0
4002,0, 1510, False, 0
4003,0, 1510, False, 0
4004,0, 1510, False, 0
4005,0, 1510, False, 0
4006,0, 1510, False, 0
4007,0, 1510, False, 0
4008,0, 1510, False, 0
4009,0, 1510, False, 0
4010,0, 1510, False, 0
4011,0, 1510, False, 0
4012,0, 1510, False, 0
4013,0, 1510, False, 0
4014,0, 1510, False, 0
4015,0, 1510, False, 0
4016,0, 1510, False, 0
4017,0, 1510, False, 0
4018,0, 1510, False, 0
4019,0, 1510, False, 0
4020,0, 1510, False, 0
4021,0, 1510, False, 0
4022,0, 1510, False, 0
4023,0, 1510, False, 0
4024,0, 1510, False, 0
4025,0, 1510, False, 0
4026,0, 1510, False, 0
4027,0, 1510, False, 0
4028,0, 1510, False, 0
4029,0, 1510, False, 0
4030,0, 1510, False, 0
4031,0, 1510, False, 0
4032,0, 1510, False, 0
4033,0, 1510, False, 0
4034,0, 1510, False, 4
4035,0, 1510, False, 4
4036,0, 1510, False, 4
4037,0, 1510, False, 4
4038,0, 1510, False, 4
4039,0, 1510, False, 4
4040,0, 1510, False, 4
4041,0, 1510, False, 4
4042,0, 1510, False, 4
4043,0, 1510, False, 4
4044,0, 1510, False, 4
4045,0, 1510, False, 4
4046,0, 1510, False, 4
4047,0, 1510, False, 4
4048,0, 1510, False, 4
4049,0, 1510, False, 4
4050,0, 1510, False, 4
4051,0, 1510, False, 4
4052,0, 1510, False, 4
4053,0, 1510, False, 4
4054,0, 1510, False, 4
4055,0, 1510, False, 4
4056,0, 1510, False, 4
4057,0, 1510, False, 4
4058,0, 1510, False, 4
4059,0, 1510, False, 4
4060,0, 1510, False, 4
4061,0, 1510, False, 4
4062,0, 1510, False, 4
4063,0, 1510, False, 4
4064,0, 1510, False, 4
4065,0, 1510, False, 4
4066,0, 1510, False, 4
4067,0, 1510, False, 4
4068,0, 1510, False, 4
4069,0, 1510, False, 4
4070,0, 1510, False, 4
4071,0, 1510, False, 4
4072,0, 1510, False, 4
4073,0, 1510, False, 4
4074,0, 1510, False, 4
4075,0, 1510, False, 4
4076,0, 1510, False, 0
4077,0, 1510, False, 0
4078,0, 1510, False, 0
4079,0, 1510, False, 0
4080,0, 1510, False, 0
4081,0, 1510, False, 0
4082,0, 1510, False, 0
4083,0, 1510, False, 5
4084,0, 1510, False, 5
4085,0, 1510, False, 5
4086,0, 1510, False, 5
4087,0, 1510, False, 5
4088,0, 1510, False, 5
4089,0, 1510, False, 5
4090,0, 1510, False, 5
4091,0, 1510, False, 5
4092,0, 1510, False, 5
4093,0, 1510, False, 5
4094,0, 1510, False, 5
4095,0, 1510, False, 5
4096,0, 1510, False, 5
4097,0, 1510, False, 5
4098,0, 1510, False, 5
4099,0, 1510, False, 5
4100,0, 1510, False, 5
4101,0, 1510, False, 5
4102,0, 1510, False, 5
4103,0, 1510, False, 5
4104,0, 1510, False, 5
4105,0, 1510, False, 5
4106,0, 1510, False, 5
4107,0, 1510, False, 5
4108,0, 1510, False, 5
4109,0, 1510, False, 5
4110,0, 1510, False, 5
4111,0, 1510, False, 5
4112,0, 1510, False, 5
4113,0, 1510, False, 5
4114,0, 1510, False, 5
4115,0, 1510, False, 5
4116,0, 1510, False, 5
4117,0, 1510, False, 5
4118,0, 1510, False, 5
4119,0, 1510, False, 5
4120,0, 1510, False, 5
4121,0, 1510, False, 5
4122,0, 1510, False, 5
4123,0, 1510, False, 5
4124,0, 1510, False, 5
4125,0, 1510, False, 5
4126,0, 1510, False, 5
4127,0, 1510, False, 5
4128,0, 1510, False, 5
4129,0, 1510, False, 0
4130,0, 1510, False, 0
4131,0, 1510, False, 0
4132,0, 1510, False, 0
4133,0, 1510, False, 0
4134,0, 1510, False, 0
4135,0, 1510, False, 0
4136,0, 1510, False, 0
4137,0, 1510, False, 2
4138,0, 1510, False, 2
4139,0, 1510, False, 2
4140,0, 1510, False, 2
4141,0, 1510, False, 7
4142,0, 1510, False, 7
4143,0, 1510, False, 7
4144,0, 1510, False, 7
4145,0, 1510, False, 7
4146,0, 1510, False, 4
4147,0, 1510, False, 4
4148,0, 1510, False, 4
4149,0, 1510, False, 4
4150,0, 1510, False, 4
4151,0, 1510, False, 4
4152,0, 1510, False, 4
4153,0, 1510, False, 4
4154,0, 1510, False, 4
4155,0, 1510, False, 4
4156,0, 1510, False, 4
4157,0, 1510, False, 4
4158,0, 1510, False, 4
4159,0, 1510, False, 0
4160,0, 1510, False, 0
4161,0, 1510, False, 0
4162,0, 1510, False, 0
4163,0, 1510, False, 0
4164,0, 1510, False, 0
4165,0, 1510, False, 0
4166,0, 1510, False, 0
4167,0, 1510, False, 0
4168,0, 1510, False, 0
4169,0, 1510, False, 0
4170,0, 1510, False, 0
4171,0, 1510, False, 0
4172,0, 1510, False, 0
4173,0, 1510, False, 0
4174,0, 1510, False, 0
4175,0, 1510, False, 0
4176,0, 1510, False, 0
4177,0, 1510, False, 0
4178,0, 1510, False, 0
4179,0, 1510, False, 0
4180,0, 1510, False, 0
4181,0, 1510, False, 0
4182,0, 1510, False, 0
4183,0, 1510, False, 0
4184,0, 1510, False, 0
4185,0, 1510, False, 0
4186,0, 1510, False, 0
4187,0, 1510, False, 0
4188,0, 1510, False, 0
4189,0, 1510, False, 0
4190,0, 1510, False, 0
4191,0, 1510, False, 0
4192,0, 1510, False, 0
4193,0, 1510, False, 0
4194,0, 1510, False, 0
4195,0, 1510, False, 0
4196,0, 1510, False, 0
4197,0, 1510, False, 0
4198,0, 1510, False, 0
4199,0, 1510, False, 0
4200,0, 1510, False, 0
4201,0, 1510, False, 0
4202,0, 1510, False, 0
4203,0, 1510, False, 0
4204,0, 1510, False, 4
4205,0, 1510, False, 4
4206,0, 1510, False, 4
4207,0, 1510, False, 4
4208,0, 1510, False, 4
4209,0, 1510, False, 4
4210,0, 1510, False, 4
4211,0, 1510, False, 4
4212,0, 1510, False, 4
4213,0, 1510, False, 4
4214,0, 1510, False, 4
4215,0, 1510, False, 4
4216,0, 1510, False, 4
4217,0, 1510, False, 4
4218,0, 1510, False, 7
4219,0, 1510, False, 2
4220,0, 1510, False, 2
4221,0, 1510, False, 2
4222,0, 1510, False, 2
4223,0, 1510, False, 2
4224,0, 1510, False, 7
4225,0, 1510, False, 7
4226,0, 1510, False, 7
4227,0, 1510, False, 7
4228,0, 1510, False, 7
4229,0, 1510, False, 7
4230,0, 1510, False, 7
4231,0, 1510, False, 7
4232,0, 1510, False, 4
4233,0, 1510, False, 4
4234,0, 1510, False, 4
4235,0, 1510, False, 7
4236,0, 1510, False, 7
4237,0, 1510, False, 7
4238,0, 1510, False, 7
4239,0, 1510, False, 2
4240,0, 1510, False, 2
4241,0, 1510, False, 2
4242,0, 1510, False, 2
4243,0, 1510, False, 7
4244,0, 1510, False, 7
4245,0, 1510, False, 7
4246,0, 1510, False, 7
4247,0, 1510, False, 4
4248,0, 1510, False, 4
4249,0, 1510, False, 0
4250,0, 1510, False, 0
4251,0, 1510, False, 0
4252,0, 1510, False, 0
4253,0, 1510, False, 0
4254,0, 1510, False, 0
4255,0, 1510, False, 0
4256,0, 1510, False, 0
4257,0, 1510, False, 0
4258,0, 1510, False, 0
4259,0, 1510, False, 0
4260,0, 1510, False, 0
4261,0, 1510, False, 0
4262,0, 1510, False, 0
4263,0, 1510, False, 0
4264,0, 1510, False, 0
4265,0, 1510, False, 0
4266,0, 1510, False, 0
4267,0, 1510, False, 0
4268,0, 1510, False, 0
4269,0, 1510, False, 0
4270,0, 1510, False, 0
4271,0, 1510, False, 0
4272,0, 1510, False, 0
4273,0, 1510, False, 0
4274,0, 1510, False, 0
4275,0, 1510, False, 0
4276,0, 1510, False, 0
4277,0, 1510, False, 0
4278,0, 1510, False, 0
4279,0, 1510, False, 0
4280,0, 1510, False, 0
4281,0, 1510, False, 0
4282,0, 1510, False, 0
4283,0, 1510, False, 0
4284,0, 1510, False, 0
4285,0, 1510, False, 0
4286,0, 1510, False, 0
4287,0, 1510, False, 0
4288,0, 1510, False, 0
4289,0, 1510, False, 0
4290,0, 1510, False, 0
4291,0, 1510, False, 0
4292,0, 1510, False, 0
4293,0, 1510, False, 0
4294,0, 1510, False, 0
4295,0, 1510, False, 0
4296,0, 1510, False, 0
4297,0, 1510, False, 0
4298,0, 1510, False, 0
4299,0, 1510, False, 0
4300,0, 1510, False, 0
4301,0, 1510, False, 0
4302,0, 1510, False, 0
4303,0, 1510, False, 0
4304,0, 1510, False, 0
4305,0, 1510, False, 0
4306,0, 1510, False, 0
4307,0, 1510, False, 0
4308,0, 1510, False, 0
4309,0, 1510, False, 0
4310,0, 1510, False, 0
4311,0, 1510, False, 0
4312,0, 1510, False, 0
4313,0, 1510, False, 0
4314,0, 1510, False, 0
4315,0, 1510, False, 0
4316,0, 1510, False, 0
4317,0, 1510, False, 0
4318,0, 1510, False, 0
4319,0, 1510, False, 0
4320,0, 1510, False, 0
4321,0, 1510, False, 0
4322,0, 1510, False, 0
4323,0, 1510, False, 0
4324,0, 1510, False, 0
4325,0, 1510, False, 0
4326,0, 1510, False, 0
4327,0, 1510, False, 0
4328,0, 1510, False, 0
4329,0, 1510, False, 0
4330,0, 1510, False, 0
4331,0, 1510, False, 0
4332,0, 1510, False, 0
4333,0, 1510, False, 0
4334,0, 1510, False, 0
4335,0, 1510, False, 0
4336,0, 1510, False, 0
4337,0, 1510, False, 0
4338,0, 1510, False, 0
4339,0, 1510, False, 0
4340,0, 1510, False, 0
4341,0, 1510, False, 0
4342,0, 1510, False, 0
4343,0, 1510, False, 0
4344,0, 1510, False, 0
4345,0, 1510, False, 0
4346,0, 1510, False, 0
4347,0, 1510, False, 0
4348,0, 1510, False, 0
4349,0, 1510, False, 0
4350,0, 1510, False, 0
4351,0, 1510, False, 0
4352,0, 1510, False, 0
4353,0, 1510, False, 0
4354,0, 1510, False, 0
4355,0, 1510, False, 0
4356,0, 1510, False, 0
4357,0, 1510, False, 0
4358,0, 1510, False, 0
4359,0, 1510, False, 0
4360,0, 1510, False, 0
4361,0, 1510, False, 0
4362,0, 1510, False, 0
4363,0, 1510, False, 0
4364,0, 1510, False, 0
4365,0, 1510, False, 0
4366,0, 1510, False, 0
4367,0, 1510, False, 0
4368,0, 1510, False, 0
4369,0, 1510, False, 0
4370,0, 1510, False, 0
4371,0, 1510, False, 0
4372,0, 1510, False, 0
4373,0, 1510, False, 0
4374,0, 1510, False, 0
4375,0, 1510, False, 0
4376,0, 1510, False, 0
4377,0, 1510, False, 0
4378,0, 1510, False, 0
4379,0, 1510, False, 0
4380,0, 1510, False, 0
4381,0, 1510, False, 0
4382,0, 1510, False, 0
4383,0, 1510, False, 0
4384,0, 1510, False, 0
4385,0, 1510, False, 0
4386,0, 1510, False, 0
4387,0, 1510, False, 0
4388,0, 1510, False, 0
4389,0, 1510, False, 0
4390,0, 1510, False, 0
4391,0, 1510, False, 0
4392,0, 1510, False, 0
4393,0, 1510, False, 0
4394,0, 1510, False, 0
4395,0, 1510, False, 0
4396,0, 1510, False, 0
4397,0, 1510, False, 0
4398,0, 1510, False, 0
4399,0, 1510, False, 0
4400,0, 1510, False, 0
4401,0, 1510, False, 0
4402,0, 1510, False, 0
4403,0, 1510, False, 0
4404,0, 1510, False, 0
4405,0, 1510, False, 0
4406,0, 1510, False, 0
4407,0, 1510, False, 0
4408,0, 1510, False, 0
4409,0, 1510, False, 0
4410,0, 1510, False, 0
4411,0, 1510, False, 0
4412,0, 1510, False, 0
4413,0, 1510, False, 0
4414,0, 1510, False, 0
4415,0, 1510, False, 0
4416,0, 1510, False, 0
4417,0, 1510, False, 0
4418,0, 1510, False, 0
4419,0, 1510, False, 0
4420,0, 1510, False, 0
4421,0, 1510, False, 0
4422,0, 1510, False, 0
4423,0, 1510, False, 0
4424,0, 1510, False, 0
4425,0, 1510, False, 0
4426,0, 1510, False, 0
4427,0, 1510, False, 0
4428,0, 1510, False, 0
4429,0, 1510, False, 0
4430,0, 1510, False, 0
4431,0, 1510, False, 0
4432,0, 1510, False, 0
4433,0, 1510, False, 0
4434,0, 1510, False, 0
4435,0, 1510, False, 0
4436,0, 1510, False, 0
4437,0, 1510, False, 0
4438,0, 1510, False, 0
4439,0, 1510, False, 0
4440,0, 1510, False, 0
4441,0, 1510, False, 0
4442,0, 1510, False, 0
4443,0, 1510, False, 0
4444,0, 1510, False, 0
4445,0, 1510, False, 0
4446,0, 1510, False, 0
4447,0, 1510, False, 0
4448,0, 1510, False, 0
4449,0, 1510, False, 0
4450,0, 1510, False, 0
4451,0, 1510, False, 0
4452,0, 1510, False, 0
4453,0, 1510, False, 0
4454,0, 1510, False, 0
4455,0, 1510, False, 0
4456,0, 1510, False, 0
4457,0, 1510, False, 0
4458,0, 1510, False, 0
4459,0, 1510, False, 0
4460,0, 1510, False, 0
4461,0, 1510, False, 0
4462,0, 1510, False, 0
4463,0, 1510, False, 0
4464,0, 1510, False, 0
4465,0, 1510, False, 0
4466,0, 1510, False, 0
4467,0, 1510, False, 0
4468,0, 1510, False, 0
4469,0, 1510, False, 0
4470,0, 1510, False, 0
4471,0, 1510, False, 0
4472,0, 1510, False, 0
4473,0, 1510, False, 0
4474,0, 1510, False, 0
4475,0, 1510, False, 0
4476,0, 1510, False, 0
4477,0, 1510, False, 0
4478,0, 1510, False, 0
4479,0, 1510, False, 0
4480,0, 1510, False, 0
4481,0, 1510, False, 0
4482,0, 1510, False, 0
4483,0, 1510, False, 0
4484,0, 1510, False, 0
4485,0, 1510, False, 0
4486,0, 1510, False, 0
4487,0, 1510, False, 0
4488,0, 1510, False, 0
4489,0, 1510, False, 0
4490,0, 1510, False, 0
4491,0, 1510, False, 0
4492,0, 1510, False, 0
4493,0, 1510, False, 0
4494,0, 1510, False, 0
4495,0, 1510, False, 0
