db traj id : 3193
frame,reward,score,terminal, action
0,0, 0, False, 0
1,0, 0, False, 0
2,0, 0, False, 0
3,0, 0, False, 0
4,0, 0, False, 0
5,0, 0, False, 0
6,0, 0, False, 0
7,0, 0, False, 0
8,0, 0, False, 0
9,0, 0, False, 0
10,0, 0, False, 0
11,0, 0, False, 0
12,0, 0, False, 0
13,0, 0, False, 0
14,0, 0, False, 0
15,0, 0, False, 0
16,0, 0, False, 0
17,0, 0, False, 0
18,0, 0, False, 0
19,0, 0, False, 0
20,0, 0, False, 0
21,0, 0, False, 0
22,0, 0, False, 0
23,0, 0, False, 0
24,0, 0, False, 0
25,0, 0, False, 0
26,0, 0, False, 0
27,0, 0, False, 0
28,0, 0, False, 0
29,0, 0, False, 0
30,0, 0, False, 0
31,0, 0, False, 0
32,0, 0, False, 0
33,0, 0, False, 0
34,0, 0, False, 0
35,0, 0, False, 0
36,0, 0, False, 0
37,0, 0, False, 0
38,0, 0, False, 0
39,0, 0, False, 0
40,0, 0, False, 0
41,0, 0, False, 0
42,0, 0, False, 0
43,0, 0, False, 0
44,0, 0, False, 0
45,0, 0, False, 0
46,0, 0, False, 0
47,0, 0, False, 0
48,0, 0, False, 0
49,0, 0, False, 0
50,0, 0, False, 0
51,0, 0, False, 0
52,0, 0, False, 0
53,0, 0, False, 0
54,0, 0, False, 0
55,0, 0, False, 0
56,0, 0, False, 0
57,0, 0, False, 0
58,0, 0, False, 0
59,0, 0, False, 0
60,0, 0, False, 0
61,0, 0, False, 0
62,0, 0, False, 0
63,0, 0, False, 0
64,0, 0, False, 0
65,0, 0, False, 0
66,0, 0, False, 0
67,0, 0, False, 0
68,0, 0, False, 0
69,0, 0, False, 0
70,0, 0, False, 0
71,0, 0, False, 0
72,0, 0, False, 0
73,0, 0, False, 0
74,0, 0, False, 0
75,0, 0, False, 0
76,0, 0, False, 0
77,0, 0, False, 0
78,0, 0, False, 0
79,0, 0, False, 0
80,0, 0, False, 0
81,0, 0, False, 0
82,0, 0, False, 0
83,0, 0, False, 0
84,0, 0, False, 0
85,0, 0, False, 0
86,0, 0, False, 0
87,0, 0, False, 0
88,0, 0, False, 0
89,0, 0, False, 0
90,0, 0, False, 0
91,0, 0, False, 0
92,0, 0, False, 0
93,0, 0, False, 0
94,0, 0, False, 0
95,0, 0, False, 0
96,0, 0, False, 0
97,0, 0, False, 0
98,0, 0, False, 0
99,0, 0, False, 0
100,0, 0, False, 0
101,0, 0, False, 0
102,0, 0, False, 0
103,0, 0, False, 0
104,0, 0, False, 0
105,0, 0, False, 0
106,0, 0, False, 3
107,0, 0, False, 3
108,0, 0, False, 3
109,0, 0, False, 3
110,0, 0, False, 3
111,0, 0, False, 3
112,0, 0, False, 3
113,0, 0, False, 3
114,0, 0, False, 3
115,0, 0, False, 3
116,0, 0, False, 3
117,0, 0, False, 3
118,0, 0, False, 3
119,0, 0, False, 3
120,0, 0, False, 3
121,0, 0, False, 3
122,0, 0, False, 3
123,0, 0, False, 3
124,0, 0, False, 3
125,0, 0, False, 3
126,0, 0, False, 3
127,0, 0, False, 3
128,0, 0, False, 3
129,0, 0, False, 3
130,0, 0, False, 3
131,0, 0, False, 3
132,0, 0, False, 3
133,0, 0, False, 3
134,0, 0, False, 3
135,0, 0, False, 3
136,0, 0, False, 3
137,0, 0, False, 3
138,0, 0, False, 0
139,0, 0, False, 0
140,0, 0, False, 0
141,0, 0, False, 0
142,0, 0, False, 0
143,0, 0, False, 0
144,0, 0, False, 0
145,0, 0, False, 0
146,0, 0, False, 0
147,0, 0, False, 0
148,0, 0, False, 0
149,0, 0, False, 0
150,0, 0, False, 0
151,0, 0, False, 0
152,0, 0, False, 0
153,0, 0, False, 0
154,0, 0, False, 0
155,0, 0, False, 0
156,0, 0, False, 0
157,0, 0, False, 0
158,0, 0, False, 0
159,0, 0, False, 0
160,0, 0, False, 0
161,0, 0, False, 0
162,0, 0, False, 0
163,0, 0, False, 0
164,0, 0, False, 0
165,0, 0, False, 0
166,0, 0, False, 0
167,0, 0, False, 0
168,0, 0, False, 0
169,0, 0, False, 0
170,0, 0, False, 0
171,0, 0, False, 0
172,0, 0, False, 0
173,0, 0, False, 0
174,0, 0, False, 0
175,0, 0, False, 0
176,0, 0, False, 0
177,0, 0, False, 0
178,0, 0, False, 0
179,0, 0, False, 0
180,0, 0, False, 0
181,0, 0, False, 0
182,0, 0, False, 0
183,0, 0, False, 0
184,0, 0, False, 0
185,0, 0, False, 0
186,0, 0, False, 0
187,0, 0, False, 0
188,0, 0, False, 0
189,0, 0, False, 0
190,0, 0, False, 0
191,0, 0, False, 0
192,0, 0, False, 0
193,0, 0, False, 0
194,0, 0, False, 0
195,0, 0, False, 0
196,0, 0, False, 0
197,0, 0, False, 0
198,0, 0, False, 0
199,0, 0, False, 0
200,0, 0, False, 0
201,0, 0, False, 0
202,0, 0, False, 0
203,0, 0, False, 0
204,0, 0, False, 0
205,0, 0, False, 0
206,0, 0, False, 0
207,0, 0, False, 0
208,0, 0, False, 0
209,0, 0, False, 0
210,0, 0, False, 0
211,0, 0, False, 0
212,0, 0, False, 0
213,0, 0, False, 0
214,0, 0, False, 0
215,0, 0, False, 0
216,0, 0, False, 0
217,0, 0, False, 0
218,0, 0, False, 0
219,0, 0, False, 0
220,0, 0, False, 0
221,0, 0, False, 0
222,0, 0, False, 0
223,0, 0, False, 0
224,0, 0, False, 0
225,0, 0, False, 0
226,0, 0, False, 0
227,0, 0, False, 0
228,0, 0, False, 0
229,0, 0, False, 0
230,0, 0, False, 0
231,0, 0, False, 0
232,0, 0, False, 0
233,0, 0, False, 0
234,0, 0, False, 0
235,0, 0, False, 0
236,0, 0, False, 0
237,0, 0, False, 0
238,0, 0, False, 0
239,0, 0, False, 0
240,0, 0, False, 0
241,0, 0, False, 0
242,0, 0, False, 0
243,0, 0, False, 0
244,0, 0, False, 0
245,0, 0, False, 0
246,0, 0, False, 0
247,0, 0, False, 0
248,0, 0, False, 0
249,0, 0, False, 0
250,0, 0, False, 0
251,0, 0, False, 0
252,0, 0, False, 0
253,0, 0, False, 0
254,0, 0, False, 0
255,0, 0, False, 0
256,0, 0, False, 0
257,0, 0, False, 0
258,0, 0, False, 0
259,0, 0, False, 0
260,0, 0, False, 0
261,0, 0, False, 0
262,0, 0, False, 0
263,0, 0, False, 0
264,0, 0, False, 0
265,0, 0, False, 0
266,0, 0, False, 0
267,0, 0, False, 0
268,0, 0, False, 0
269,0, 0, False, 0
270,0, 0, False, 0
271,0, 0, False, 0
272,0, 0, False, 0
273,0, 0, False, 0
274,0, 0, False, 0
275,0, 0, False, 0
276,0, 0, False, 0
277,0, 0, False, 0
278,0, 0, False, 0
279,0, 0, False, 0
280,0, 0, False, 0
281,0, 0, False, 0
282,0, 0, False, 0
283,0, 0, False, 0
284,10, 10, False, 0
285,0, 10, False, 0
286,0, 10, False, 0
287,0, 10, False, 0
288,0, 10, False, 0
289,0, 10, False, 0
290,0, 10, False, 0
291,0, 10, False, 0
292,0, 10, False, 0
293,0, 10, False, 0
294,0, 10, False, 0
295,0, 10, False, 0
296,0, 10, False, 0
297,0, 10, False, 0
298,10, 20, False, 0
299,0, 20, False, 0
300,0, 20, False, 0
301,0, 20, False, 0
302,0, 20, False, 0
303,0, 20, False, 0
304,0, 20, False, 0
305,0, 20, False, 0
306,0, 20, False, 0
307,0, 20, False, 0
308,0, 20, False, 0
309,0, 20, False, 0
310,0, 20, False, 0
311,0, 20, False, 0
312,10, 30, False, 4
313,0, 30, False, 4
314,0, 30, False, 4
315,0, 30, False, 4
316,0, 30, False, 4
317,0, 30, False, 4
318,0, 30, False, 4
319,0, 30, False, 4
320,0, 30, False, 4
321,0, 30, False, 4
322,0, 30, False, 4
323,0, 30, False, 4
324,10, 40, False, 4
325,0, 40, False, 4
326,0, 40, False, 4
327,0, 40, False, 0
328,0, 40, False, 0
329,0, 40, False, 0
330,0, 40, False, 0
331,0, 40, False, 0
332,0, 40, False, 0
333,0, 40, False, 0
334,0, 40, False, 0
335,0, 40, False, 0
336,0, 40, False, 0
337,0, 40, False, 0
338,10, 50, False, 0
339,0, 50, False, 0
340,0, 50, False, 0
341,0, 50, False, 0
342,0, 50, False, 0
343,0, 50, False, 0
344,0, 50, False, 0
345,0, 50, False, 0
346,0, 50, False, 0
347,0, 50, False, 0
348,0, 50, False, 0
349,0, 50, False, 0
350,0, 50, False, 0
351,0, 50, False, 0
352,10, 60, False, 5
353,0, 60, False, 5
354,0, 60, False, 5
355,0, 60, False, 5
356,0, 60, False, 5
357,0, 60, False, 5
358,0, 60, False, 5
359,0, 60, False, 5
360,0, 60, False, 5
361,0, 60, False, 5
362,10, 70, False, 5
363,0, 70, False, 5
364,0, 70, False, 5
365,0, 70, False, 5
366,0, 70, False, 5
367,0, 70, False, 5
368,0, 70, False, 5
369,0, 70, False, 5
370,0, 70, False, 5
371,0, 70, False, 5
372,0, 70, False, 5
373,0, 70, False, 5
374,0, 70, False, 5
375,0, 70, False, 5
376,10, 80, False, 5
377,0, 80, False, 5
378,0, 80, False, 5
379,0, 80, False, 5
380,0, 80, False, 5
381,0, 80, False, 5
382,0, 80, False, 5
383,0, 80, False, 5
384,0, 80, False, 5
385,0, 80, False, 5
386,0, 80, False, 5
387,0, 80, False, 5
388,0, 80, False, 5
389,0, 80, False, 5
390,10, 90, False, 5
391,0, 90, False, 5
392,0, 90, False, 5
393,0, 90, False, 5
394,0, 90, False, 5
395,0, 90, False, 5
396,0, 90, False, 5
397,0, 90, False, 5
398,0, 90, False, 5
399,0, 90, False, 5
400,0, 90, False, 5
401,0, 90, False, 5
402,0, 90, False, 5
403,0, 90, False, 5
404,10, 100, False, 5
405,0, 100, False, 5
406,0, 100, False, 5
407,0, 100, False, 5
408,0, 100, False, 5
409,0, 100, False, 5
410,0, 100, False, 5
411,0, 100, False, 5
412,0, 100, False, 9
413,0, 100, False, 4
414,0, 100, False, 4
415,0, 100, False, 4
416,0, 100, False, 4
417,0, 100, False, 4
418,10, 110, False, 4
419,0, 110, False, 4
420,0, 110, False, 4
421,0, 110, False, 4
422,0, 110, False, 4
423,0, 110, False, 4
424,0, 110, False, 4
425,0, 110, False, 4
426,0, 110, False, 4
427,0, 110, False, 4
428,0, 110, False, 4
429,0, 110, False, 4
430,0, 110, False, 4
431,0, 110, False, 4
432,0, 110, False, 4
433,0, 110, False, 4
434,10, 120, False, 4
435,0, 120, False, 4
436,0, 120, False, 4
437,0, 120, False, 4
438,0, 120, False, 4
439,0, 120, False, 4
440,0, 120, False, 4
441,0, 120, False, 4
442,0, 120, False, 4
443,0, 120, False, 4
444,0, 120, False, 4
445,0, 120, False, 4
446,0, 120, False, 4
447,0, 120, False, 4
448,10, 130, False, 4
449,0, 130, False, 4
450,0, 130, False, 4
451,0, 130, False, 4
452,0, 130, False, 4
453,0, 130, False, 4
454,0, 130, False, 4
455,0, 130, False, 4
456,0, 130, False, 4
457,0, 130, False, 4
458,0, 130, False, 4
459,0, 130, False, 4
460,10, 140, False, 4
461,0, 140, False, 4
462,0, 140, False, 4
463,0, 140, False, 0
464,0, 140, False, 3
465,0, 140, False, 3
466,0, 140, False, 3
467,0, 140, False, 3
468,0, 140, False, 3
469,0, 140, False, 3
470,0, 140, False, 3
471,0, 140, False, 3
472,0, 140, False, 3
473,0, 140, False, 3
474,0, 140, False, 3
475,0, 140, False, 3
476,0, 140, False, 3
477,0, 140, False, 3
478,0, 140, False, 3
479,0, 140, False, 3
480,0, 140, False, 3
481,0, 140, False, 3
482,0, 140, False, 3
483,0, 140, False, 3
484,0, 140, False, 3
485,0, 140, False, 3
486,0, 140, False, 3
487,0, 140, False, 3
488,0, 140, False, 3
489,0, 140, False, 3
490,0, 140, False, 3
491,0, 140, False, 3
492,0, 140, False, 3
493,0, 140, False, 3
494,0, 140, False, 3
495,0, 140, False, 3
496,0, 140, False, 3
497,0, 140, False, 3
498,0, 140, False, 3
499,0, 140, False, 6
500,0, 140, False, 2
501,0, 140, False, 2
502,0, 140, False, 2
503,0, 140, False, 2
504,10, 150, False, 2
505,0, 150, False, 2
506,0, 150, False, 2
507,0, 150, False, 2
508,0, 150, False, 2
509,0, 150, False, 2
510,0, 150, False, 2
511,0, 150, False, 2
512,0, 150, False, 2
513,0, 150, False, 2
514,0, 150, False, 2
515,0, 150, False, 2
516,0, 150, False, 2
517,0, 150, False, 2
518,10, 160, False, 2
519,0, 160, False, 2
520,0, 160, False, 2
521,0, 160, False, 2
522,0, 160, False, 2
523,0, 160, False, 2
524,0, 160, False, 2
525,0, 160, False, 2
526,0, 160, False, 2
527,0, 160, False, 2
528,0, 160, False, 2
529,0, 160, False, 2
530,0, 160, False, 2
531,0, 160, False, 2
532,10, 170, False, 2
533,0, 170, False, 2
534,0, 170, False, 2
535,0, 170, False, 2
536,0, 170, False, 2
537,0, 170, False, 2
538,0, 170, False, 2
539,0, 170, False, 2
540,0, 170, False, 2
541,0, 170, False, 2
542,0, 170, False, 2
543,0, 170, False, 2
544,10, 180, False, 2
545,0, 180, False, 2
546,0, 180, False, 2
547,0, 180, False, 2
548,0, 180, False, 2
549,0, 180, False, 2
550,0, 180, False, 2
551,0, 180, False, 2
552,0, 180, False, 2
553,0, 180, False, 2
554,0, 180, False, 2
555,0, 180, False, 2
556,0, 180, False, 2
557,0, 180, False, 2
558,0, 180, False, 2
559,0, 180, False, 2
560,0, 180, False, 2
561,0, 180, False, 2
562,10, 190, False, 2
563,0, 190, False, 2
564,0, 190, False, 2
565,0, 190, False, 2
566,0, 190, False, 2
567,0, 190, False, 2
568,0, 190, False, 2
569,0, 190, False, 2
570,0, 190, False, 2
571,0, 190, False, 2
572,0, 190, False, 2
573,0, 190, False, 2
574,0, 190, False, 2
575,0, 190, False, 2
576,10, 200, False, 2
577,0, 200, False, 2
578,0, 200, False, 2
579,0, 200, False, 2
580,0, 200, False, 2
581,0, 200, False, 2
582,0, 200, False, 2
583,0, 200, False, 2
584,0, 200, False, 2
585,0, 200, False, 2
586,0, 200, False, 2
587,0, 200, False, 2
588,0, 200, False, 2
589,0, 200, False, 2
590,10, 210, False, 2
591,0, 210, False, 2
592,0, 210, False, 6
593,0, 210, False, 6
594,0, 210, False, 6
595,0, 210, False, 3
596,0, 210, False, 3
597,0, 210, False, 3
598,0, 210, False, 3
599,0, 210, False, 3
600,0, 210, False, 3
601,0, 210, False, 3
602,0, 210, False, 3
603,0, 210, False, 3
604,10, 220, False, 3
605,0, 220, False, 3
606,0, 220, False, 3
607,0, 220, False, 3
608,0, 220, False, 3
609,0, 220, False, 3
610,0, 220, False, 3
611,0, 220, False, 3
612,0, 220, False, 3
613,0, 220, False, 3
614,0, 220, False, 3
615,0, 220, False, 3
616,0, 220, False, 3
617,0, 220, False, 3
618,0, 220, False, 3
619,0, 220, False, 3
620,0, 220, False, 3
621,0, 220, False, 3
622,0, 220, False, 3
623,0, 220, False, 3
624,0, 220, False, 3
625,0, 220, False, 3
626,0, 220, False, 3
627,0, 220, False, 3
628,0, 220, False, 3
629,0, 220, False, 3
630,0, 220, False, 3
631,0, 220, False, 3
632,0, 220, False, 3
633,0, 220, False, 3
634,0, 220, False, 3
635,0, 220, False, 3
636,0, 220, False, 3
637,0, 220, False, 3
638,0, 220, False, 3
639,0, 220, False, 3
640,10, 230, False, 3
641,0, 230, False, 3
642,0, 230, False, 3
643,0, 230, False, 3
644,0, 230, False, 3
645,0, 230, False, 3
646,0, 230, False, 3
647,0, 230, False, 3
648,0, 230, False, 3
649,0, 230, False, 3
650,0, 230, False, 3
651,0, 230, False, 3
652,0, 230, False, 3
653,0, 230, False, 3
654,10, 240, False, 3
655,0, 240, False, 3
656,0, 240, False, 8
657,0, 240, False, 5
658,0, 240, False, 5
659,0, 240, False, 5
660,0, 240, False, 5
661,0, 240, False, 5
662,0, 240, False, 5
663,0, 240, False, 5
664,0, 240, False, 5
665,0, 240, False, 5
666,0, 240, False, 5
667,0, 240, False, 5
668,10, 250, False, 5
669,0, 250, False, 5
670,0, 250, False, 5
671,0, 250, False, 5
672,0, 250, False, 5
673,0, 250, False, 5
674,0, 250, False, 5
675,0, 250, False, 5
676,0, 250, False, 5
677,0, 250, False, 5
678,0, 250, False, 5
679,0, 250, False, 5
680,0, 250, False, 5
681,0, 250, False, 5
682,10, 260, False, 5
683,0, 260, False, 5
684,0, 260, False, 5
685,0, 260, False, 5
686,0, 260, False, 5
687,0, 260, False, 5
688,0, 260, False, 5
689,0, 260, False, 5
690,0, 260, False, 5
691,0, 260, False, 5
692,0, 260, False, 5
693,0, 260, False, 5
694,0, 260, False, 5
695,0, 260, False, 5
696,10, 270, False, 5
697,0, 270, False, 5
698,0, 270, False, 5
699,0, 270, False, 5
700,0, 270, False, 5
701,0, 270, False, 5
702,0, 270, False, 5
703,0, 270, False, 5
704,0, 270, False, 5
705,0, 270, False, 5
706,0, 270, False, 5
707,0, 270, False, 5
708,0, 270, False, 5
709,0, 270, False, 5
710,10, 280, False, 5
711,0, 280, False, 5
712,0, 280, False, 5
713,0, 280, False, 5
714,0, 280, False, 9
715,0, 280, False, 9
716,0, 280, False, 4
717,0, 280, False, 4
718,0, 280, False, 4
719,0, 280, False, 4
720,0, 280, False, 4
721,0, 280, False, 4
722,0, 280, False, 4
723,0, 280, False, 4
724,10, 290, False, 4
725,0, 290, False, 4
726,0, 290, False, 4
727,0, 290, False, 4
728,0, 290, False, 4
729,0, 290, False, 4
730,0, 290, False, 4
731,0, 290, False, 4
732,0, 290, False, 4
733,0, 290, False, 4
734,0, 290, False, 4
735,0, 290, False, 4
736,0, 290, False, 4
737,0, 290, False, 4
738,0, 290, False, 4
739,0, 290, False, 4
740,10, 300, False, 4
741,0, 300, False, 4
742,0, 300, False, 4
743,0, 300, False, 4
744,0, 300, False, 4
745,0, 300, False, 4
746,0, 300, False, 4
747,0, 300, False, 4
748,0, 300, False, 4
749,0, 300, False, 4
750,0, 300, False, 4
751,0, 300, False, 4
752,0, 300, False, 4
753,0, 300, False, 4
754,0, 300, False, 4
755,0, 300, False, 4
756,0, 300, False, 4
757,0, 300, False, 4
758,10, 310, False, 4
759,0, 310, False, 4
760,0, 310, False, 4
761,0, 310, False, 4
762,0, 310, False, 4
763,0, 310, False, 4
764,0, 310, False, 4
765,0, 310, False, 4
766,0, 310, False, 4
767,0, 310, False, 4
768,0, 310, False, 4
769,0, 310, False, 7
770,0, 310, False, 7
771,0, 310, False, 2
772,0, 310, False, 2
773,0, 310, False, 2
774,0, 310, False, 2
775,0, 310, False, 2
776,0, 310, False, 2
777,0, 310, False, 2
778,0, 310, False, 2
779,0, 310, False, 2
780,0, 310, False, 2
781,0, 310, False, 2
782,0, 310, False, 2
783,0, 310, False, 2
784,0, 310, False, 2
785,0, 310, False, 2
786,0, 310, False, 2
787,0, 310, False, 2
788,0, 310, False, 2
789,0, 310, False, 2
790,0, 310, False, 2
791,0, 310, False, 2
792,0, 310, False, 2
793,0, 310, False, 7
794,0, 310, False, 7
795,0, 310, False, 4
796,0, 310, False, 4
797,0, 310, False, 4
798,0, 310, False, 4
799,0, 310, False, 4
800,0, 310, False, 4
801,0, 310, False, 4
802,0, 310, False, 4
803,0, 310, False, 4
804,0, 310, False, 4
805,0, 310, False, 4
806,10, 320, False, 4
807,0, 320, False, 4
808,0, 320, False, 4
809,0, 320, False, 4
810,0, 320, False, 4
811,0, 320, False, 4
812,0, 320, False, 4
813,0, 320, False, 4
814,0, 320, False, 4
815,0, 320, False, 4
816,0, 320, False, 4
817,0, 320, False, 4
818,0, 320, False, 4
819,0, 320, False, 7
820,10, 330, False, 2
821,0, 330, False, 2
822,0, 330, False, 2
823,0, 330, False, 2
824,0, 330, False, 2
825,0, 330, False, 2
826,0, 330, False, 2
827,0, 330, False, 2
828,0, 330, False, 2
829,0, 330, False, 2
830,0, 330, False, 2
831,0, 330, False, 2
832,0, 330, False, 2
833,0, 330, False, 2
834,10, 340, False, 2
835,0, 340, False, 2
836,0, 340, False, 2
837,0, 340, False, 2
838,0, 340, False, 2
839,0, 340, False, 2
840,0, 340, False, 2
841,0, 340, False, 2
842,0, 340, False, 2
843,0, 340, False, 2
844,0, 340, False, 2
845,0, 340, False, 2
846,0, 340, False, 2
847,0, 340, False, 2
848,10, 350, False, 2
849,0, 350, False, 2
850,0, 350, False, 2
851,0, 350, False, 2
852,0, 350, False, 2
853,0, 350, False, 2
854,0, 350, False, 2
855,0, 350, False, 6
856,0, 350, False, 3
857,0, 350, False, 3
858,0, 350, False, 3
859,0, 350, False, 3
860,0, 350, False, 3
861,0, 350, False, 3
862,0, 350, False, 3
863,0, 350, False, 0
864,0, 350, False, 2
865,0, 350, False, 2
866,0, 350, False, 2
867,0, 350, False, 2
868,0, 350, False, 2
869,0, 350, False, 2
870,0, 350, False, 6
871,0, 350, False, 3
872,0, 350, False, 3
873,0, 350, False, 3
874,0, 350, False, 3
875,0, 350, False, 3
876,0, 350, False, 3
877,0, 350, False, 3
878,0, 350, False, 6
879,0, 350, False, 2
880,0, 350, False, 2
881,0, 350, False, 2
882,0, 350, False, 2
883,0, 350, False, 2
884,0, 350, False, 2
885,0, 350, False, 2
886,0, 350, False, 2
887,0, 350, False, 2
888,0, 350, False, 2
889,0, 350, False, 2
890,0, 350, False, 2
891,0, 350, False, 2
892,10, 360, False, 2
893,0, 360, False, 2
894,0, 360, False, 2
895,0, 360, False, 2
896,0, 360, False, 2
897,0, 360, False, 2
898,0, 360, False, 2
899,0, 360, False, 2
900,0, 360, False, 2
901,0, 360, False, 2
902,0, 360, False, 2
903,0, 360, False, 2
904,0, 360, False, 2
905,0, 360, False, 2
906,10, 370, False, 2
907,0, 370, False, 2
908,0, 370, False, 2
909,0, 370, False, 2
910,0, 370, False, 2
911,0, 370, False, 2
912,0, 370, False, 2
913,0, 370, False, 2
914,0, 370, False, 7
915,0, 370, False, 7
916,0, 370, False, 4
917,0, 370, False, 4
918,0, 370, False, 4
919,0, 370, False, 4
920,10, 380, False, 4
921,0, 380, False, 4
922,0, 380, False, 4
923,0, 380, False, 4
924,0, 380, False, 4
925,0, 380, False, 4
926,0, 380, False, 4
927,0, 380, False, 4
928,0, 380, False, 4
929,0, 380, False, 4
930,0, 380, False, 4
931,0, 380, False, 4
932,0, 380, False, 4
933,0, 380, False, 4
934,10, 390, False, 4
935,0, 390, False, 4
936,0, 390, False, 4
937,0, 390, False, 4
938,0, 390, False, 4
939,0, 390, False, 4
940,0, 390, False, 4
941,0, 390, False, 4
942,0, 390, False, 4
943,0, 390, False, 4
944,0, 390, False, 4
945,0, 390, False, 4
946,0, 390, False, 4
947,0, 390, False, 4
948,0, 390, False, 4
949,0, 390, False, 4
950,0, 390, False, 4
951,0, 390, False, 4
952,0, 390, False, 4
953,0, 390, False, 4
954,0, 390, False, 4
955,0, 390, False, 4
956,0, 390, False, 4
957,0, 390, False, 4
958,0, 390, False, 4
959,0, 390, False, 4
960,0, 390, False, 4
961,0, 390, False, 4
962,0, 390, False, 4
963,0, 390, False, 4
964,0, 390, False, 4
965,0, 390, False, 4
966,0, 390, False, 4
967,0, 390, False, 4
968,0, 390, False, 4
969,0, 390, False, 4
970,0, 390, False, 4
971,0, 390, False, 4
972,0, 390, False, 4
973,0, 390, False, 4
974,0, 390, False, 4
975,0, 390, False, 4
976,0, 390, False, 4
977,0, 390, False, 4
978,0, 390, False, 4
979,0, 390, False, 4
980,0, 390, False, 4
981,0, 390, False, 4
982,0, 390, False, 0
983,0, 390, False, 0
984,0, 390, False, 0
985,0, 390, False, 0
986,0, 390, False, 0
987,0, 390, False, 0
988,0, 390, False, 0
989,0, 390, False, 0
990,0, 390, False, 0
991,0, 390, False, 0
992,0, 390, False, 0
993,0, 390, False, 0
994,0, 390, False, 0
995,0, 390, False, 0
996,0, 390, False, 0
997,0, 390, False, 0
998,0, 390, False, 0
999,0, 390, False, 0
1000,0, 390, False, 0
1001,0, 390, False, 0
1002,0, 390, False, 0
1003,0, 390, False, 0
1004,0, 390, False, 0
1005,0, 390, False, 0
1006,0, 390, False, 0
1007,0, 390, False, 0
1008,0, 390, False, 0
1009,0, 390, False, 0
1010,0, 390, False, 0
1011,0, 390, False, 0
1012,0, 390, False, 0
1013,0, 390, False, 0
1014,0, 390, False, 0
1015,0, 390, False, 0
1016,0, 390, False, 0
1017,0, 390, False, 0
1018,0, 390, False, 0
1019,0, 390, False, 0
1020,0, 390, False, 0
1021,0, 390, False, 0
1022,0, 390, False, 0
1023,0, 390, False, 0
1024,0, 390, False, 0
1025,0, 390, False, 0
1026,0, 390, False, 0
1027,0, 390, False, 0
1028,0, 390, False, 0
1029,0, 390, False, 0
1030,0, 390, False, 0
1031,0, 390, False, 0
1032,0, 390, False, 0
1033,0, 390, False, 0
1034,0, 390, False, 0
1035,0, 390, False, 0
1036,0, 390, False, 0
1037,0, 390, False, 0
1038,0, 390, False, 0
1039,0, 390, False, 0
1040,0, 390, False, 0
1041,0, 390, False, 0
1042,0, 390, False, 0
1043,0, 390, False, 0
1044,0, 390, False, 0
1045,0, 390, False, 0
1046,0, 390, False, 0
1047,0, 390, False, 0
1048,0, 390, False, 0
1049,0, 390, False, 0
1050,0, 390, False, 0
1051,0, 390, False, 0
1052,0, 390, False, 0
1053,0, 390, False, 0
1054,0, 390, False, 0
1055,0, 390, False, 0
1056,0, 390, False, 0
1057,0, 390, False, 0
1058,0, 390, False, 0
1059,0, 390, False, 0
1060,0, 390, False, 0
1061,0, 390, False, 0
1062,0, 390, False, 0
1063,0, 390, False, 0
1064,0, 390, False, 0
1065,0, 390, False, 0
1066,0, 390, False, 0
1067,0, 390, False, 0
1068,0, 390, False, 0
1069,0, 390, False, 0
1070,0, 390, False, 0
1071,0, 390, False, 0
1072,0, 390, False, 0
1073,0, 390, False, 0
1074,0, 390, False, 0
1075,0, 390, False, 0
1076,0, 390, False, 0
1077,0, 390, False, 0
1078,0, 390, False, 0
1079,0, 390, False, 0
1080,0, 390, False, 0
1081,0, 390, False, 0
1082,0, 390, False, 0
1083,0, 390, False, 0
1084,0, 390, False, 0
1085,0, 390, False, 0
1086,0, 390, False, 0
1087,0, 390, False, 0
1088,0, 390, False, 0
1089,0, 390, False, 0
1090,0, 390, False, 0
1091,0, 390, False, 0
1092,0, 390, False, 0
1093,0, 390, False, 0
1094,0, 390, False, 0
1095,0, 390, False, 0
1096,0, 390, False, 0
1097,0, 390, False, 0
1098,0, 390, False, 0
1099,0, 390, False, 0
1100,0, 390, False, 0
1101,0, 390, False, 0
1102,0, 390, False, 4
1103,0, 390, False, 4
1104,0, 390, False, 4
1105,0, 390, False, 4
1106,0, 390, False, 4
1107,0, 390, False, 4
1108,0, 390, False, 4
1109,0, 390, False, 4
1110,0, 390, False, 4
1111,0, 390, False, 4
1112,0, 390, False, 0
1113,0, 390, False, 0
1114,0, 390, False, 0
1115,0, 390, False, 4
1116,0, 390, False, 4
1117,0, 390, False, 4
1118,0, 390, False, 4
1119,0, 390, False, 4
1120,0, 390, False, 4
1121,0, 390, False, 4
1122,0, 390, False, 4
1123,0, 390, False, 4
1124,0, 390, False, 4
1125,0, 390, False, 4
1126,0, 390, False, 4
1127,0, 390, False, 4
1128,0, 390, False, 4
1129,0, 390, False, 4
1130,0, 390, False, 4
1131,0, 390, False, 4
1132,0, 390, False, 4
1133,0, 390, False, 4
1134,0, 390, False, 4
1135,0, 390, False, 4
1136,0, 390, False, 0
1137,0, 390, False, 0
1138,0, 390, False, 0
1139,0, 390, False, 0
1140,0, 390, False, 0
1141,0, 390, False, 3
1142,0, 390, False, 3
1143,0, 390, False, 3
1144,0, 390, False, 3
1145,0, 390, False, 3
1146,0, 390, False, 3
1147,0, 390, False, 3
1148,0, 390, False, 3
1149,0, 390, False, 3
1150,0, 390, False, 3
1151,0, 390, False, 3
1152,0, 390, False, 3
1153,0, 390, False, 3
1154,0, 390, False, 3
1155,0, 390, False, 3
1156,0, 390, False, 3
1157,0, 390, False, 3
1158,0, 390, False, 3
1159,0, 390, False, 3
1160,0, 390, False, 3
1161,0, 390, False, 3
1162,0, 390, False, 3
1163,0, 390, False, 3
1164,0, 390, False, 3
1165,0, 390, False, 3
1166,0, 390, False, 3
1167,0, 390, False, 3
1168,0, 390, False, 3
1169,0, 390, False, 3
1170,0, 390, False, 3
1171,0, 390, False, 3
1172,0, 390, False, 3
1173,0, 390, False, 3
1174,0, 390, False, 3
1175,0, 390, False, 3
1176,0, 390, False, 3
1177,0, 390, False, 3
1178,0, 390, False, 3
1179,0, 390, False, 3
1180,0, 390, False, 3
1181,0, 390, False, 3
1182,10, 400, False, 3
1183,0, 400, False, 3
1184,0, 400, False, 3
1185,0, 400, False, 3
1186,0, 400, False, 3
1187,0, 400, False, 3
1188,0, 400, False, 3
1189,0, 400, False, 3
1190,0, 400, False, 3
1191,0, 400, False, 3
1192,0, 400, False, 3
1193,0, 400, False, 3
1194,0, 400, False, 3
1195,0, 400, False, 3
1196,10, 410, False, 3
1197,0, 410, False, 3
1198,0, 410, False, 3
1199,0, 410, False, 3
1200,0, 410, False, 3
1201,0, 410, False, 3
1202,0, 410, False, 3
1203,0, 410, False, 3
1204,0, 410, False, 3
1205,0, 410, False, 3
1206,0, 410, False, 3
1207,0, 410, False, 3
1208,10, 420, False, 3
1209,0, 420, False, 3
1210,0, 420, False, 3
1211,0, 420, False, 3
1212,0, 420, False, 8
1213,0, 420, False, 5
1214,0, 420, False, 5
1215,0, 420, False, 5
1216,0, 420, False, 5
1217,0, 420, False, 5
1218,0, 420, False, 5
1219,0, 420, False, 5
1220,0, 420, False, 5
1221,0, 420, False, 5
1222,10, 430, False, 5
1223,0, 430, False, 5
1224,0, 430, False, 5
1225,0, 430, False, 5
1226,0, 430, False, 5
1227,0, 430, False, 5
1228,0, 430, False, 5
1229,0, 430, False, 8
1230,0, 430, False, 8
1231,0, 430, False, 3
1232,0, 430, False, 3
1233,0, 430, False, 3
1234,0, 430, False, 3
1235,0, 430, False, 3
1236,10, 440, False, 3
1237,0, 440, False, 3
1238,0, 440, False, 3
1239,0, 440, False, 3
1240,0, 440, False, 3
1241,0, 440, False, 3
1242,0, 440, False, 3
1243,0, 440, False, 3
1244,0, 440, False, 3
1245,0, 440, False, 3
1246,0, 440, False, 3
1247,0, 440, False, 3
1248,0, 440, False, 3
1249,0, 440, False, 3
1250,10, 450, False, 3
1251,0, 450, False, 3
1252,0, 450, False, 3
1253,0, 450, False, 3
1254,0, 450, False, 3
1255,0, 450, False, 3
1256,0, 450, False, 3
1257,0, 450, False, 3
1258,0, 450, False, 3
1259,0, 450, False, 3
1260,0, 450, False, 3
1261,0, 450, False, 3
1262,0, 450, False, 3
1263,0, 450, False, 3
1264,10, 460, False, 3
1265,0, 460, False, 3
1266,0, 460, False, 3
1267,0, 460, False, 3
1268,0, 460, False, 3
1269,0, 460, False, 3
1270,0, 460, False, 3
1271,0, 460, False, 3
1272,0, 460, False, 3
1273,0, 460, False, 3
1274,0, 460, False, 3
1275,0, 460, False, 3
1276,10, 470, False, 3
1277,0, 470, False, 3
1278,0, 470, False, 3
1279,0, 470, False, 3
1280,0, 470, False, 3
1281,0, 470, False, 3
1282,0, 470, False, 3
1283,0, 470, False, 8
1284,0, 470, False, 8
1285,0, 470, False, 8
1286,0, 470, False, 8
1287,0, 470, False, 5
1288,0, 470, False, 5
1289,0, 470, False, 5
1290,10, 480, False, 5
1291,0, 480, False, 5
1292,0, 480, False, 5
1293,0, 480, False, 5
1294,0, 480, False, 5
1295,0, 480, False, 5
1296,0, 480, False, 5
1297,0, 480, False, 5
1298,0, 480, False, 5
1299,0, 480, False, 5
1300,0, 480, False, 5
1301,0, 480, False, 5
1302,0, 480, False, 5
1303,0, 480, False, 5
1304,10, 490, False, 5
1305,0, 490, False, 5
1306,0, 490, False, 5
1307,0, 490, False, 5
1308,0, 490, False, 5
1309,0, 490, False, 5
1310,0, 490, False, 5
1311,0, 490, False, 5
1312,0, 490, False, 5
1313,0, 490, False, 5
1314,0, 490, False, 5
1315,0, 490, False, 5
1316,50, 540, False, 5
1317,0, 540, False, 5
1318,0, 540, False, 5
1319,0, 540, False, 5
1320,0, 540, False, 5
1321,0, 540, False, 5
1322,0, 540, False, 5
1323,0, 540, False, 5
1324,0, 540, False, 5
1325,0, 540, False, 5
1326,0, 540, False, 5
1327,0, 540, False, 5
1328,0, 540, False, 5
1329,0, 540, False, 5
1330,10, 550, False, 5
1331,0, 550, False, 9
1332,0, 550, False, 4
1333,0, 550, False, 4
1334,0, 550, False, 4
1335,0, 550, False, 4
1336,0, 550, False, 4
1337,0, 550, False, 4
1338,0, 550, False, 4
1339,0, 550, False, 4
1340,0, 550, False, 4
1341,0, 550, False, 4
1342,0, 550, False, 4
1343,0, 550, False, 4
1344,10, 560, False, 4
1345,0, 560, False, 4
1346,0, 560, False, 4
1347,0, 560, False, 4
1348,0, 560, False, 4
1349,0, 560, False, 4
1350,0, 560, False, 4
1351,0, 560, False, 4
1352,0, 560, False, 4
1353,0, 560, False, 4
1354,0, 560, False, 4
1355,0, 560, False, 4
1356,0, 560, False, 4
1357,0, 560, False, 4
1358,10, 570, False, 4
1359,0, 570, False, 4
1360,0, 570, False, 4
1361,0, 570, False, 4
1362,0, 570, False, 4
1363,0, 570, False, 4
1364,0, 570, False, 4
1365,0, 570, False, 4
1366,0, 570, False, 4
1367,0, 570, False, 4
1368,0, 570, False, 4
1369,0, 570, False, 4
1370,0, 570, False, 4
1371,0, 570, False, 4
1372,10, 580, False, 4
1373,0, 580, False, 4
1374,0, 580, False, 4
1375,0, 580, False, 4
1376,0, 580, False, 4
1377,0, 580, False, 4
1378,0, 580, False, 4
1379,0, 580, False, 4
1380,0, 580, False, 4
1381,0, 580, False, 4
1382,0, 580, False, 4
1383,0, 580, False, 4
1384,10, 590, False, 4
1385,0, 590, False, 4
1386,0, 590, False, 4
1387,0, 590, False, 4
1388,0, 590, False, 4
1389,0, 590, False, 4
1390,0, 590, False, 4
1391,0, 590, False, 4
1392,0, 590, False, 4
1393,0, 590, False, 4
1394,0, 590, False, 4
1395,0, 590, False, 4
1396,0, 590, False, 4
1397,0, 590, False, 4
1398,10, 600, False, 4
1399,0, 600, False, 4
1400,0, 600, False, 0
1401,0, 600, False, 3
1402,0, 600, False, 3
1403,0, 600, False, 3
1404,0, 600, False, 3
1405,0, 600, False, 3
1406,0, 600, False, 3
1407,0, 600, False, 3
1408,0, 600, False, 3
1409,0, 600, False, 3
1410,0, 600, False, 3
1411,0, 600, False, 3
1412,0, 600, False, 3
1413,0, 600, False, 3
1414,0, 600, False, 3
1415,0, 600, False, 3
1416,0, 600, False, 3
1417,0, 600, False, 3
1418,0, 600, False, 3
1419,0, 600, False, 3
1420,0, 600, False, 3
1421,0, 600, False, 3
1422,0, 600, False, 6
1423,0, 600, False, 6
1424,0, 600, False, 6
1425,0, 600, False, 2
1426,0, 600, False, 2
1427,0, 600, False, 2
1428,0, 600, False, 2
1429,0, 600, False, 2
1430,0, 600, False, 2
1431,0, 600, False, 2
1432,0, 600, False, 2
1433,0, 600, False, 2
1434,0, 600, False, 2
1435,0, 600, False, 2
1436,10, 610, False, 2
1437,0, 610, False, 2
1438,0, 610, False, 2
1439,0, 610, False, 2
1440,0, 610, False, 2
1441,0, 610, False, 2
1442,0, 610, False, 2
1443,0, 610, False, 2
1444,0, 610, False, 2
1445,0, 610, False, 2
1446,0, 610, False, 2
1447,0, 610, False, 2
1448,0, 610, False, 2
1449,0, 610, False, 2
1450,10, 620, False, 2
1451,0, 620, False, 2
1452,0, 620, False, 2
1453,0, 620, False, 2
1454,0, 620, False, 2
1455,0, 620, False, 2
1456,0, 620, False, 2
1457,0, 620, False, 2
1458,0, 620, False, 2
1459,0, 620, False, 2
1460,0, 620, False, 2
1461,0, 620, False, 2
1462,0, 620, False, 2
1463,0, 620, False, 2
1464,0, 620, False, 2
1465,0, 620, False, 2
1466,0, 620, False, 2
1467,0, 620, False, 2
1468,0, 620, False, 2
1469,0, 620, False, 2
1470,0, 620, False, 2
1471,0, 620, False, 2
1472,0, 620, False, 2
1473,0, 620, False, 2
1474,0, 620, False, 7
1475,0, 620, False, 7
1476,0, 620, False, 7
1477,0, 620, False, 4
1478,0, 620, False, 4
1479,0, 620, False, 4
1480,0, 620, False, 4
1481,0, 620, False, 4
1482,0, 620, False, 4
1483,0, 620, False, 4
1484,0, 620, False, 4
1485,0, 620, False, 4
1486,0, 620, False, 4
1487,0, 620, False, 4
1488,0, 620, False, 4
1489,0, 620, False, 4
1490,0, 620, False, 4
1491,0, 620, False, 4
1492,0, 620, False, 4
1493,0, 620, False, 4
1494,0, 620, False, 4
1495,0, 620, False, 4
1496,0, 620, False, 4
1497,0, 620, False, 4
1498,0, 620, False, 4
1499,0, 620, False, 4
1500,0, 620, False, 4
1501,0, 620, False, 4
1502,0, 620, False, 4
1503,0, 620, False, 4
1504,0, 620, False, 4
1505,0, 620, False, 4
1506,0, 620, False, 4
1507,0, 620, False, 4
1508,0, 620, False, 4
1509,0, 620, False, 4
1510,0, 620, False, 4
1511,0, 620, False, 4
1512,0, 620, False, 4
1513,0, 620, False, 4
1514,0, 620, False, 4
1515,0, 620, False, 4
1516,0, 620, False, 4
1517,0, 620, False, 4
1518,0, 620, False, 4
1519,0, 620, False, 4
1520,200, 820, False, 4
1521,0, 820, False, 4
1522,0, 820, False, 4
1523,0, 820, False, 4
1524,0, 820, False, 4
1525,0, 820, False, 4
1526,0, 820, False, 4
1527,0, 820, False, 4
1528,0, 820, False, 4
1529,0, 820, False, 4
1530,0, 820, False, 4
1531,0, 820, False, 4
1532,0, 820, False, 4
1533,0, 820, False, 4
1534,0, 820, False, 4
1535,0, 820, False, 4
1536,0, 820, False, 4
1537,0, 820, False, 4
1538,0, 820, False, 4
1539,0, 820, False, 4
1540,0, 820, False, 4
1541,0, 820, False, 4
1542,0, 820, False, 4
1543,0, 820, False, 4
1544,0, 820, False, 4
1545,0, 820, False, 4
1546,0, 820, False, 4
1547,0, 820, False, 4
1548,0, 820, False, 4
1549,0, 820, False, 4
1550,0, 820, False, 4
1551,0, 820, False, 4
1552,0, 820, False, 4
1553,0, 820, False, 4
1554,0, 820, False, 4
1555,0, 820, False, 4
1556,0, 820, False, 4
1557,0, 820, False, 4
1558,0, 820, False, 4
1559,0, 820, False, 4
1560,0, 820, False, 4
1561,0, 820, False, 4
1562,0, 820, False, 4
1563,0, 820, False, 4
1564,0, 820, False, 4
1565,0, 820, False, 4
1566,0, 820, False, 4
1567,0, 820, False, 4
1568,0, 820, False, 4
1569,0, 820, False, 4
1570,0, 820, False, 4
1571,0, 820, False, 4
1572,0, 820, False, 4
1573,0, 820, False, 4
1574,0, 820, False, 4
1575,0, 820, False, 4
1576,0, 820, False, 4
1577,0, 820, False, 4
1578,0, 820, False, 4
1579,0, 820, False, 4
1580,0, 820, False, 4
1581,0, 820, False, 4
1582,0, 820, False, 4
1583,0, 820, False, 4
1584,0, 820, False, 4
1585,0, 820, False, 4
1586,0, 820, False, 4
1587,0, 820, False, 4
1588,0, 820, False, 4
1589,0, 820, False, 4
1590,0, 820, False, 4
1591,0, 820, False, 4
1592,0, 820, False, 4
1593,0, 820, False, 4
1594,0, 820, False, 4
1595,0, 820, False, 4
1596,0, 820, False, 4
1597,0, 820, False, 4
1598,0, 820, False, 4
1599,0, 820, False, 4
1600,0, 820, False, 4
1601,0, 820, False, 7
1602,0, 820, False, 7
1603,0, 820, False, 2
1604,0, 820, False, 2
1605,0, 820, False, 2
1606,0, 820, False, 2
1607,0, 820, False, 2
1608,0, 820, False, 2
1609,0, 820, False, 2
1610,0, 820, False, 2
1611,0, 820, False, 2
1612,0, 820, False, 2
1613,0, 820, False, 2
1614,0, 820, False, 2
1615,0, 820, False, 2
1616,0, 820, False, 2
1617,0, 820, False, 2
1618,0, 820, False, 2
1619,0, 820, False, 2
1620,0, 820, False, 2
1621,0, 820, False, 2
1622,0, 820, False, 2
1623,0, 820, False, 2
1624,0, 820, False, 2
1625,0, 820, False, 2
1626,0, 820, False, 2
1627,0, 820, False, 2
1628,0, 820, False, 2
1629,0, 820, False, 2
1630,0, 820, False, 2
1631,0, 820, False, 2
1632,0, 820, False, 2
1633,0, 820, False, 2
1634,0, 820, False, 2
1635,0, 820, False, 2
1636,0, 820, False, 2
1637,0, 820, False, 2
1638,0, 820, False, 2
1639,0, 820, False, 2
1640,0, 820, False, 2
1641,0, 820, False, 2
1642,0, 820, False, 2
1643,0, 820, False, 2
1644,0, 820, False, 6
1645,0, 820, False, 6
1646,0, 820, False, 6
1647,0, 820, False, 3
1648,0, 820, False, 3
1649,0, 820, False, 3
1650,0, 820, False, 3
1651,0, 820, False, 3
1652,0, 820, False, 3
1653,0, 820, False, 3
1654,0, 820, False, 3
1655,0, 820, False, 3
1656,0, 820, False, 3
1657,0, 820, False, 3
1658,0, 820, False, 3
1659,0, 820, False, 3
1660,0, 820, False, 3
1661,0, 820, False, 3
1662,0, 820, False, 3
1663,0, 820, False, 3
1664,0, 820, False, 3
1665,0, 820, False, 3
1666,0, 820, False, 3
1667,0, 820, False, 3
1668,0, 820, False, 3
1669,0, 820, False, 3
1670,400, 1220, False, 3
1671,0, 1220, False, 3
1672,0, 1220, False, 3
1673,0, 1220, False, 3
1674,0, 1220, False, 3
1675,0, 1220, False, 3
1676,0, 1220, False, 3
1677,0, 1220, False, 3
1678,0, 1220, False, 3
1679,0, 1220, False, 3
1680,0, 1220, False, 3
1681,0, 1220, False, 3
1682,0, 1220, False, 3
1683,0, 1220, False, 3
1684,0, 1220, False, 3
1685,0, 1220, False, 3
1686,0, 1220, False, 3
1687,0, 1220, False, 3
1688,0, 1220, False, 3
1689,0, 1220, False, 3
1690,0, 1220, False, 3
1691,0, 1220, False, 3
1692,0, 1220, False, 3
1693,0, 1220, False, 3
1694,0, 1220, False, 3
1695,0, 1220, False, 3
1696,0, 1220, False, 3
1697,0, 1220, False, 3
1698,0, 1220, False, 3
1699,0, 1220, False, 3
1700,0, 1220, False, 3
1701,0, 1220, False, 3
1702,0, 1220, False, 3
1703,0, 1220, False, 3
1704,0, 1220, False, 3
1705,0, 1220, False, 3
1706,0, 1220, False, 8
1707,0, 1220, False, 8
1708,0, 1220, False, 5
1709,0, 1220, False, 5
1710,0, 1220, False, 5
1711,0, 1220, False, 5
1712,0, 1220, False, 5
1713,0, 1220, False, 5
1714,0, 1220, False, 5
1715,0, 1220, False, 5
1716,0, 1220, False, 5
1717,0, 1220, False, 5
1718,0, 1220, False, 5
1719,0, 1220, False, 5
1720,0, 1220, False, 5
1721,0, 1220, False, 5
1722,0, 1220, False, 5
1723,0, 1220, False, 5
1724,0, 1220, False, 5
1725,0, 1220, False, 5
1726,0, 1220, False, 5
1727,0, 1220, False, 5
1728,0, 1220, False, 5
1729,0, 1220, False, 5
1730,0, 1220, False, 5
1731,0, 1220, False, 5
1732,0, 1220, False, 5
1733,0, 1220, False, 5
1734,0, 1220, False, 5
1735,0, 1220, False, 5
1736,0, 1220, False, 5
1737,0, 1220, False, 5
1738,0, 1220, False, 5
1739,0, 1220, False, 5
1740,0, 1220, False, 5
1741,0, 1220, False, 5
1742,0, 1220, False, 5
1743,0, 1220, False, 5
1744,0, 1220, False, 5
1745,0, 1220, False, 5
1746,0, 1220, False, 5
1747,0, 1220, False, 5
1748,0, 1220, False, 5
1749,0, 1220, False, 5
1750,0, 1220, False, 5
1751,0, 1220, False, 5
1752,0, 1220, False, 5
1753,0, 1220, False, 5
1754,0, 1220, False, 5
1755,0, 1220, False, 5
1756,0, 1220, False, 5
1757,0, 1220, False, 5
1758,0, 1220, False, 5
1759,0, 1220, False, 5
1760,0, 1220, False, 5
1761,0, 1220, False, 5
1762,0, 1220, False, 5
1763,0, 1220, False, 5
1764,0, 1220, False, 5
1765,0, 1220, False, 5
1766,0, 1220, False, 5
1767,0, 1220, False, 5
1768,0, 1220, False, 5
1769,0, 1220, False, 5
1770,0, 1220, False, 8
1771,0, 1220, False, 8
1772,0, 1220, False, 3
1773,0, 1220, False, 3
1774,0, 1220, False, 3
1775,0, 1220, False, 3
1776,0, 1220, False, 3
1777,0, 1220, False, 3
1778,0, 1220, False, 3
1779,0, 1220, False, 3
1780,0, 1220, False, 3
1781,0, 1220, False, 3
1782,0, 1220, False, 3
1783,0, 1220, False, 3
1784,10, 1230, False, 3
1785,0, 1230, False, 3
1786,0, 1230, False, 3
1787,0, 1230, False, 3
1788,0, 1230, False, 3
1789,0, 1230, False, 3
1790,0, 1230, False, 3
1791,0, 1230, False, 3
1792,0, 1230, False, 3
1793,0, 1230, False, 3
1794,0, 1230, False, 3
1795,0, 1230, False, 3
1796,0, 1230, False, 3
1797,0, 1230, False, 3
1798,10, 1240, False, 3
1799,0, 1240, False, 3
1800,0, 1240, False, 3
1801,0, 1240, False, 3
1802,0, 1240, False, 3
1803,0, 1240, False, 3
1804,0, 1240, False, 3
1805,0, 1240, False, 3
1806,0, 1240, False, 3
1807,0, 1240, False, 3
1808,0, 1240, False, 3
1809,0, 1240, False, 3
1810,0, 1240, False, 3
1811,0, 1240, False, 3
1812,0, 1240, False, 3
1813,0, 1240, False, 3
1814,0, 1240, False, 3
1815,0, 1240, False, 3
1816,0, 1240, False, 3
1817,0, 1240, False, 3
1818,0, 1240, False, 3
1819,0, 1240, False, 3
1820,0, 1240, False, 3
1821,0, 1240, False, 3
1822,0, 1240, False, 3
1823,0, 1240, False, 3
1824,0, 1240, False, 3
1825,0, 1240, False, 3
1826,0, 1240, False, 3
1827,0, 1240, False, 3
1828,0, 1240, False, 3
1829,0, 1240, False, 3
1830,0, 1240, False, 3
1831,0, 1240, False, 3
1832,0, 1240, False, 3
1833,0, 1240, False, 3
1834,0, 1240, False, 3
1835,0, 1240, False, 3
1836,0, 1240, False, 3
1837,0, 1240, False, 3
1838,0, 1240, False, 3
1839,0, 1240, False, 3
1840,0, 1240, False, 3
1841,0, 1240, False, 3
1842,0, 1240, False, 3
1843,0, 1240, False, 3
1844,0, 1240, False, 3
1845,0, 1240, False, 3
1846,0, 1240, False, 3
1847,0, 1240, False, 3
1848,0, 1240, False, 0
1849,0, 1240, False, 0
1850,0, 1240, False, 0
1851,0, 1240, False, 0
1852,0, 1240, False, 0
1853,0, 1240, False, 0
1854,0, 1240, False, 0
1855,0, 1240, False, 0
1856,0, 1240, False, 0
1857,0, 1240, False, 0
1858,0, 1240, False, 2
1859,0, 1240, False, 2
1860,0, 1240, False, 2
1861,0, 1240, False, 2
1862,0, 1240, False, 2
1863,0, 1240, False, 2
1864,0, 1240, False, 2
1865,0, 1240, False, 2
1866,0, 1240, False, 2
1867,0, 1240, False, 2
1868,0, 1240, False, 2
1869,0, 1240, False, 2
1870,10, 1250, False, 2
1871,0, 1250, False, 2
1872,0, 1250, False, 2
1873,0, 1250, False, 2
1874,0, 1250, False, 2
1875,0, 1250, False, 2
1876,0, 1250, False, 2
1877,0, 1250, False, 2
1878,0, 1250, False, 2
1879,0, 1250, False, 2
1880,0, 1250, False, 2
1881,0, 1250, False, 2
1882,0, 1250, False, 2
1883,0, 1250, False, 2
1884,10, 1260, False, 2
1885,0, 1260, False, 2
1886,0, 1260, False, 2
1887,0, 1260, False, 2
1888,0, 1260, False, 2
1889,0, 1260, False, 7
1890,0, 1260, False, 7
1891,0, 1260, False, 4
1892,0, 1260, False, 4
1893,0, 1260, False, 4
1894,0, 1260, False, 4
1895,0, 1260, False, 4
1896,0, 1260, False, 4
1897,0, 1260, False, 4
1898,0, 1260, False, 4
1899,0, 1260, False, 4
1900,0, 1260, False, 4
1901,0, 1260, False, 4
1902,0, 1260, False, 4
1903,0, 1260, False, 4
1904,0, 1260, False, 4
1905,0, 1260, False, 4
1906,0, 1260, False, 4
1907,0, 1260, False, 7
1908,0, 1260, False, 7
1909,0, 1260, False, 7
1910,0, 1260, False, 2
1911,0, 1260, False, 2
1912,0, 1260, False, 2
1913,0, 1260, False, 2
1914,0, 1260, False, 2
1915,0, 1260, False, 2
1916,0, 1260, False, 2
1917,0, 1260, False, 2
1918,0, 1260, False, 2
1919,0, 1260, False, 2
1920,10, 1270, False, 2
1921,0, 1270, False, 2
1922,0, 1270, False, 2
1923,0, 1270, False, 2
1924,0, 1270, False, 2
1925,0, 1270, False, 2
1926,0, 1270, False, 2
1927,0, 1270, False, 2
1928,0, 1270, False, 2
1929,0, 1270, False, 2
1930,0, 1270, False, 2
1931,0, 1270, False, 2
1932,0, 1270, False, 2
1933,0, 1270, False, 2
1934,10, 1280, False, 2
1935,0, 1280, False, 2
1936,0, 1280, False, 6
1937,0, 1280, False, 6
1938,0, 1280, False, 6
1939,0, 1280, False, 3
1940,0, 1280, False, 3
1941,0, 1280, False, 3
1942,0, 1280, False, 3
1943,0, 1280, False, 3
1944,0, 1280, False, 3
1945,0, 1280, False, 3
1946,0, 1280, False, 3
1947,0, 1280, False, 3
1948,10, 1290, False, 3
1949,0, 1290, False, 3
1950,0, 1290, False, 3
1951,0, 1290, False, 3
1952,0, 1290, False, 3
1953,0, 1290, False, 3
1954,0, 1290, False, 3
1955,0, 1290, False, 3
1956,0, 1290, False, 3
1957,0, 1290, False, 3
1958,0, 1290, False, 3
1959,0, 1290, False, 3
1960,0, 1290, False, 3
1961,0, 1290, False, 3
1962,0, 1290, False, 3
1963,0, 1290, False, 3
1964,0, 1290, False, 3
1965,0, 1290, False, 3
1966,0, 1290, False, 3
1967,0, 1290, False, 3
1968,0, 1290, False, 3
1969,0, 1290, False, 3
1970,0, 1290, False, 3
1971,0, 1290, False, 3
1972,0, 1290, False, 3
1973,0, 1290, False, 3
1974,0, 1290, False, 3
1975,0, 1290, False, 3
1976,0, 1290, False, 3
1977,0, 1290, False, 3
1978,0, 1290, False, 3
1979,0, 1290, False, 3
1980,0, 1290, False, 3
1981,0, 1290, False, 3
1982,0, 1290, False, 3
1983,0, 1290, False, 3
1984,0, 1290, False, 3
1985,0, 1290, False, 3
1986,0, 1290, False, 3
1987,0, 1290, False, 3
1988,0, 1290, False, 3
1989,0, 1290, False, 3
1990,0, 1290, False, 3
1991,0, 1290, False, 3
1992,0, 1290, False, 3
1993,0, 1290, False, 3
1994,0, 1290, False, 3
1995,0, 1290, False, 3
1996,0, 1290, False, 3
1997,0, 1290, False, 3
1998,0, 1290, False, 3
1999,0, 1290, False, 3
2000,0, 1290, False, 3
2001,0, 1290, False, 3
2002,0, 1290, False, 3
2003,0, 1290, False, 3
2004,0, 1290, False, 3
2005,0, 1290, False, 3
2006,0, 1290, False, 3
2007,0, 1290, False, 3
2008,0, 1290, False, 3
2009,0, 1290, False, 3
2010,0, 1290, False, 3
2011,0, 1290, False, 3
2012,0, 1290, False, 3
2013,0, 1290, False, 3
2014,0, 1290, False, 3
2015,0, 1290, False, 3
2016,0, 1290, False, 3
2017,0, 1290, False, 3
2018,0, 1290, False, 3
2019,0, 1290, False, 3
2020,0, 1290, False, 3
2021,0, 1290, False, 3
2022,0, 1290, False, 3
2023,0, 1290, False, 3
2024,0, 1290, False, 0
2025,0, 1290, False, 0
2026,0, 1290, False, 0
2027,0, 1290, False, 0
2028,0, 1290, False, 0
2029,0, 1290, False, 0
2030,0, 1290, False, 0
2031,0, 1290, False, 0
2032,0, 1290, False, 0
2033,0, 1290, False, 0
2034,0, 1290, False, 0
2035,0, 1290, False, 0
2036,0, 1290, False, 0
2037,0, 1290, False, 0
2038,0, 1290, False, 0
2039,0, 1290, False, 0
2040,0, 1290, False, 0
2041,0, 1290, False, 0
2042,0, 1290, False, 0
2043,0, 1290, False, 0
2044,0, 1290, False, 0
2045,0, 1290, False, 0
2046,0, 1290, False, 0
2047,0, 1290, False, 0
2048,0, 1290, False, 0
2049,0, 1290, False, 0
2050,0, 1290, False, 0
2051,0, 1290, False, 0
2052,0, 1290, False, 0
2053,0, 1290, False, 0
2054,0, 1290, False, 0
2055,0, 1290, False, 0
2056,0, 1290, False, 0
2057,0, 1290, False, 0
2058,0, 1290, False, 0
2059,0, 1290, False, 0
2060,0, 1290, False, 0
2061,0, 1290, False, 0
2062,0, 1290, False, 0
2063,0, 1290, False, 0
2064,0, 1290, False, 0
2065,0, 1290, False, 0
2066,0, 1290, False, 0
2067,0, 1290, False, 0
2068,0, 1290, False, 0
2069,0, 1290, False, 0
2070,0, 1290, False, 0
2071,0, 1290, False, 0
2072,0, 1290, False, 0
2073,0, 1290, False, 0
2074,0, 1290, False, 0
2075,0, 1290, False, 0
2076,0, 1290, False, 0
2077,0, 1290, False, 0
2078,0, 1290, False, 0
2079,0, 1290, False, 0
2080,0, 1290, False, 0
2081,0, 1290, False, 0
2082,0, 1290, False, 0
2083,0, 1290, False, 0
2084,0, 1290, False, 0
2085,0, 1290, False, 0
2086,0, 1290, False, 0
2087,0, 1290, False, 0
2088,0, 1290, False, 0
2089,0, 1290, False, 0
2090,0, 1290, False, 0
2091,0, 1290, False, 0
2092,0, 1290, False, 0
2093,0, 1290, False, 0
2094,0, 1290, False, 0
2095,0, 1290, False, 0
2096,0, 1290, False, 0
2097,0, 1290, False, 0
2098,0, 1290, False, 0
2099,0, 1290, False, 0
2100,0, 1290, False, 0
2101,0, 1290, False, 0
2102,0, 1290, False, 0
2103,0, 1290, False, 0
2104,0, 1290, False, 0
2105,0, 1290, False, 0
2106,0, 1290, False, 0
2107,0, 1290, False, 0
2108,0, 1290, False, 0
2109,0, 1290, False, 0
2110,0, 1290, False, 0
2111,0, 1290, False, 0
2112,0, 1290, False, 0
2113,0, 1290, False, 0
2114,0, 1290, False, 0
2115,0, 1290, False, 0
2116,0, 1290, False, 0
2117,0, 1290, False, 0
2118,0, 1290, False, 0
2119,0, 1290, False, 0
2120,0, 1290, False, 0
2121,0, 1290, False, 0
2122,0, 1290, False, 0
2123,0, 1290, False, 0
2124,0, 1290, False, 0
2125,0, 1290, False, 0
2126,0, 1290, False, 0
2127,0, 1290, False, 0
2128,0, 1290, False, 0
2129,0, 1290, False, 0
2130,0, 1290, False, 0
2131,0, 1290, False, 0
2132,0, 1290, False, 0
2133,0, 1290, False, 0
2134,0, 1290, False, 0
2135,0, 1290, False, 0
2136,0, 1290, False, 0
2137,0, 1290, False, 0
2138,0, 1290, False, 0
2139,0, 1290, False, 0
2140,0, 1290, False, 0
2141,0, 1290, False, 0
2142,0, 1290, False, 0
2143,0, 1290, False, 0
2144,0, 1290, False, 0
2145,0, 1290, False, 0
2146,0, 1290, False, 0
2147,0, 1290, False, 0
2148,0, 1290, False, 0
2149,0, 1290, False, 0
2150,0, 1290, False, 0
2151,0, 1290, False, 0
2152,0, 1290, False, 0
2153,0, 1290, False, 0
2154,0, 1290, False, 0
2155,0, 1290, False, 0
2156,0, 1290, False, 0
2157,0, 1290, False, 0
2158,0, 1290, False, 0
2159,0, 1290, False, 0
2160,0, 1290, False, 0
2161,0, 1290, False, 0
2162,0, 1290, False, 0
2163,0, 1290, False, 0
2164,0, 1290, False, 0
2165,0, 1290, False, 0
2166,0, 1290, False, 0
2167,0, 1290, False, 0
2168,0, 1290, False, 0
2169,0, 1290, False, 0
2170,0, 1290, False, 0
2171,0, 1290, False, 0
2172,0, 1290, False, 0
2173,0, 1290, False, 0
2174,0, 1290, False, 0
2175,0, 1290, False, 0
2176,0, 1290, False, 0
2177,0, 1290, False, 0
2178,0, 1290, False, 0
2179,0, 1290, False, 0
2180,0, 1290, False, 0
2181,0, 1290, False, 0
2182,0, 1290, False, 0
2183,0, 1290, False, 0
2184,0, 1290, False, 0
2185,0, 1290, False, 0
2186,0, 1290, False, 0
2187,0, 1290, False, 0
2188,0, 1290, False, 0
2189,0, 1290, False, 0
2190,0, 1290, False, 0
2191,0, 1290, False, 0
2192,0, 1290, False, 0
2193,0, 1290, False, 0
2194,0, 1290, False, 0
2195,0, 1290, False, 0
2196,0, 1290, False, 0
2197,0, 1290, False, 0
2198,0, 1290, False, 0
