db traj id : 3247
frame,reward,score,terminal, action
0,0, 0, False, 0
1,0, 0, False, 0
2,0, 0, False, 0
3,0, 0, False, 0
4,0, 0, False, 0
5,0, 0, False, 0
6,0, 0, False, 0
7,0, 0, False, 0
8,0, 0, False, 0
9,0, 0, False, 0
10,0, 0, False, 0
11,0, 0, False, 4
12,0, 0, False, 4
13,0, 0, False, 4
14,0, 0, False, 4
15,0, 0, False, 4
16,0, 0, False, 4
17,0, 0, False, 4
18,0, 0, False, 4
19,0, 0, False, 4
20,0, 0, False, 4
21,0, 0, False, 4
22,0, 0, False, 4
23,0, 0, False, 4
24,0, 0, False, 4
25,0, 0, False, 4
26,0, 0, False, 4
27,0, 0, False, 4
28,0, 0, False, 4
29,0, 0, False, 4
30,0, 0, False, 4
31,0, 0, False, 4
32,0, 0, False, 0
33,0, 0, False, 0
34,0, 0, False, 0
35,0, 0, False, 0
36,0, 0, False, 0
37,0, 0, False, 0
38,0, 0, False, 0
39,0, 0, False, 0
40,0, 0, False, 5
41,0, 0, False, 5
42,0, 0, False, 5
43,0, 0, False, 5
44,0, 0, False, 5
45,0, 0, False, 0
46,0, 0, False, 0
47,0, 0, False, 0
48,0, 0, False, 0
49,0, 0, False, 0
50,0, 0, False, 0
51,0, 0, False, 0
52,0, 0, False, 0
53,0, 0, False, 4
54,0, 0, False, 4
55,0, 0, False, 4
56,0, 0, False, 4
57,0, 0, False, 4
58,0, 0, False, 4
59,0, 0, False, 4
60,0, 0, False, 4
61,0, 0, False, 4
62,0, 0, False, 4
63,0, 0, False, 4
64,0, 0, False, 4
65,0, 0, False, 0
66,0, 0, False, 0
67,0, 0, False, 0
68,0, 0, False, 0
69,0, 0, False, 0
70,0, 0, False, 0
71,0, 0, False, 0
72,0, 0, False, 0
73,0, 0, False, 0
74,0, 0, False, 0
75,0, 0, False, 0
76,0, 0, False, 0
77,0, 0, False, 0
78,0, 0, False, 0
79,0, 0, False, 0
80,0, 0, False, 0
81,0, 0, False, 0
82,0, 0, False, 0
83,0, 0, False, 0
84,0, 0, False, 0
85,0, 0, False, 0
86,0, 0, False, 0
87,0, 0, False, 0
88,0, 0, False, 0
89,0, 0, False, 0
90,0, 0, False, 0
91,0, 0, False, 4
92,0, 0, False, 4
93,0, 0, False, 4
94,0, 0, False, 4
95,0, 0, False, 4
96,0, 0, False, 4
97,0, 0, False, 4
98,0, 0, False, 4
99,0, 0, False, 4
100,0, 0, False, 4
101,0, 0, False, 4
102,0, 0, False, 0
103,0, 0, False, 0
104,0, 0, False, 0
105,0, 0, False, 0
106,0, 0, False, 0
107,0, 0, False, 0
108,0, 0, False, 0
109,0, 0, False, 0
110,0, 0, False, 0
111,0, 0, False, 0
112,0, 0, False, 0
113,0, 0, False, 0
114,0, 0, False, 0
115,0, 0, False, 0
116,0, 0, False, 0
117,0, 0, False, 0
118,0, 0, False, 0
119,0, 0, False, 0
120,0, 0, False, 0
121,0, 0, False, 0
122,0, 0, False, 0
123,0, 0, False, 0
124,0, 0, False, 0
125,0, 0, False, 0
126,0, 0, False, 0
127,0, 0, False, 0
128,0, 0, False, 0
129,0, 0, False, 0
130,0, 0, False, 0
131,0, 0, False, 0
132,0, 0, False, 0
133,0, 0, False, 0
134,0, 0, False, 0
135,0, 0, False, 0
136,0, 0, False, 0
137,0, 0, False, 0
138,0, 0, False, 0
139,0, 0, False, 0
140,0, 0, False, 0
141,0, 0, False, 0
142,0, 0, False, 0
143,0, 0, False, 0
144,0, 0, False, 0
145,0, 0, False, 0
146,0, 0, False, 0
147,0, 0, False, 0
148,0, 0, False, 0
149,0, 0, False, 0
150,0, 0, False, 5
151,0, 0, False, 5
152,0, 0, False, 5
153,0, 0, False, 5
154,0, 0, False, 5
155,0, 0, False, 5
156,0, 0, False, 5
157,0, 0, False, 5
158,0, 0, False, 5
159,0, 0, False, 5
160,0, 0, False, 5
161,0, 0, False, 5
162,0, 0, False, 5
163,0, 0, False, 5
164,0, 0, False, 5
165,0, 0, False, 5
166,0, 0, False, 5
167,0, 0, False, 5
168,0, 0, False, 0
169,0, 0, False, 0
170,0, 0, False, 0
171,0, 0, False, 0
172,0, 0, False, 0
173,0, 0, False, 0
174,0, 0, False, 0
175,0, 0, False, 0
176,0, 0, False, 0
177,0, 0, False, 0
178,0, 0, False, 0
179,0, 0, False, 0
180,0, 0, False, 0
181,0, 0, False, 0
182,0, 0, False, 0
183,0, 0, False, 0
184,0, 0, False, 0
185,0, 0, False, 0
186,0, 0, False, 0
187,0, 0, False, 0
188,0, 0, False, 0
189,0, 0, False, 0
190,0, 0, False, 0
191,0, 0, False, 0
192,0, 0, False, 0
193,0, 0, False, 0
194,0, 0, False, 0
195,0, 0, False, 0
196,0, 0, False, 0
197,0, 0, False, 0
198,0, 0, False, 0
199,0, 0, False, 0
200,0, 0, False, 0
201,0, 0, False, 0
202,0, 0, False, 0
203,0, 0, False, 0
204,0, 0, False, 4
205,0, 0, False, 4
206,0, 0, False, 4
207,0, 0, False, 4
208,0, 0, False, 4
209,0, 0, False, 4
210,0, 0, False, 4
211,0, 0, False, 4
212,0, 0, False, 4
213,0, 0, False, 4
214,0, 0, False, 4
215,0, 0, False, 4
216,0, 0, False, 4
217,0, 0, False, 4
218,0, 0, False, 4
219,0, 0, False, 4
220,0, 0, False, 4
221,0, 0, False, 4
222,0, 0, False, 4
223,0, 0, False, 0
224,0, 0, False, 0
225,0, 0, False, 0
226,0, 0, False, 0
227,0, 0, False, 0
228,0, 0, False, 0
229,0, 0, False, 0
230,0, 0, False, 0
231,0, 0, False, 0
232,0, 0, False, 0
233,0, 0, False, 0
234,0, 0, False, 0
235,0, 0, False, 0
236,0, 0, False, 0
237,0, 0, False, 0
238,0, 0, False, 0
239,0, 0, False, 0
240,0, 0, False, 0
241,0, 0, False, 0
242,0, 0, False, 0
243,0, 0, False, 0
244,0, 0, False, 0
245,0, 0, False, 0
246,0, 0, False, 0
247,0, 0, False, 0
248,0, 0, False, 0
249,0, 0, False, 0
250,0, 0, False, 0
251,0, 0, False, 0
252,0, 0, False, 0
253,0, 0, False, 0
254,0, 0, False, 0
255,0, 0, False, 0
256,0, 0, False, 0
257,0, 0, False, 0
258,0, 0, False, 0
259,0, 0, False, 0
260,0, 0, False, 0
261,0, 0, False, 0
262,0, 0, False, 0
263,0, 0, False, 0
264,0, 0, False, 0
265,0, 0, False, 0
266,0, 0, False, 0
267,0, 0, False, 0
268,10, 10, False, 0
269,0, 10, False, 0
270,0, 10, False, 0
271,0, 10, False, 0
272,0, 10, False, 0
273,0, 10, False, 0
274,0, 10, False, 0
275,0, 10, False, 0
276,0, 10, False, 0
277,0, 10, False, 0
278,0, 10, False, 0
279,0, 10, False, 0
280,0, 10, False, 0
281,0, 10, False, 0
282,10, 20, False, 0
283,0, 20, False, 0
284,0, 20, False, 0
285,0, 20, False, 0
286,0, 20, False, 0
287,0, 20, False, 0
288,0, 20, False, 0
289,0, 20, False, 0
290,0, 20, False, 0
291,0, 20, False, 0
292,0, 20, False, 0
293,0, 20, False, 0
294,0, 20, False, 0
295,0, 20, False, 0
296,10, 30, False, 0
297,0, 30, False, 0
298,0, 30, False, 0
299,0, 30, False, 0
300,0, 30, False, 0
301,0, 30, False, 0
302,0, 30, False, 0
303,0, 30, False, 0
304,0, 30, False, 0
305,0, 30, False, 0
306,0, 30, False, 0
307,0, 30, False, 0
308,10, 40, False, 0
309,0, 40, False, 0
310,0, 40, False, 0
311,0, 40, False, 0
312,0, 40, False, 4
313,0, 40, False, 4
314,0, 40, False, 4
315,0, 40, False, 4
316,0, 40, False, 4
317,0, 40, False, 4
318,0, 40, False, 4
319,0, 40, False, 4
320,0, 40, False, 4
321,0, 40, False, 4
322,10, 50, False, 4
323,0, 50, False, 4
324,0, 50, False, 4
325,0, 50, False, 4
326,0, 50, False, 4
327,0, 50, False, 4
328,0, 50, False, 4
329,0, 50, False, 4
330,0, 50, False, 4
331,0, 50, False, 4
332,0, 50, False, 4
333,0, 50, False, 4
334,0, 50, False, 4
335,0, 50, False, 4
336,10, 60, False, 4
337,0, 60, False, 4
338,0, 60, False, 4
339,0, 60, False, 4
340,0, 60, False, 4
341,0, 60, False, 4
342,0, 60, False, 4
343,0, 60, False, 4
344,0, 60, False, 4
345,0, 60, False, 4
346,0, 60, False, 4
347,0, 60, False, 4
348,0, 60, False, 4
349,0, 60, False, 4
350,0, 60, False, 4
351,0, 60, False, 4
352,0, 60, False, 4
353,0, 60, False, 5
354,0, 60, False, 5
355,0, 60, False, 5
356,0, 60, False, 5
357,0, 60, False, 5
358,0, 60, False, 5
359,0, 60, False, 5
360,10, 70, False, 5
361,0, 70, False, 5
362,0, 70, False, 5
363,0, 70, False, 5
364,0, 70, False, 5
365,0, 70, False, 5
366,0, 70, False, 5
367,0, 70, False, 5
368,0, 70, False, 5
369,0, 70, False, 5
370,0, 70, False, 5
371,0, 70, False, 5
372,0, 70, False, 5
373,0, 70, False, 5
374,10, 80, False, 5
375,0, 80, False, 5
376,0, 80, False, 5
377,0, 80, False, 5
378,0, 80, False, 5
379,0, 80, False, 5
380,0, 80, False, 5
381,0, 80, False, 5
382,0, 80, False, 5
383,0, 80, False, 5
384,0, 80, False, 5
385,0, 80, False, 5
386,0, 80, False, 5
387,0, 80, False, 5
388,10, 90, False, 5
389,0, 90, False, 5
390,0, 90, False, 5
391,0, 90, False, 5
392,0, 90, False, 5
393,0, 90, False, 5
394,0, 90, False, 5
395,0, 90, False, 5
396,0, 90, False, 5
397,0, 90, False, 5
398,0, 90, False, 5
399,0, 90, False, 5
400,0, 90, False, 5
401,0, 90, False, 5
402,10, 100, False, 5
403,0, 100, False, 5
404,0, 100, False, 5
405,0, 100, False, 5
406,0, 100, False, 5
407,0, 100, False, 5
408,0, 100, False, 5
409,0, 100, False, 5
410,0, 100, False, 5
411,0, 100, False, 5
412,0, 100, False, 5
413,0, 100, False, 5
414,0, 100, False, 5
415,0, 100, False, 5
416,10, 110, False, 0
417,0, 110, False, 0
418,0, 110, False, 0
419,0, 110, False, 0
420,0, 110, False, 0
421,0, 110, False, 3
422,0, 110, False, 3
423,0, 110, False, 3
424,0, 110, False, 3
425,0, 110, False, 3
426,0, 110, False, 3
427,0, 110, False, 3
428,0, 110, False, 3
429,0, 110, False, 3
430,10, 120, False, 3
431,0, 120, False, 3
432,0, 120, False, 3
433,0, 120, False, 3
434,0, 120, False, 3
435,0, 120, False, 3
436,0, 120, False, 3
437,0, 120, False, 3
438,0, 120, False, 3
439,0, 120, False, 3
440,0, 120, False, 3
441,0, 120, False, 3
442,0, 120, False, 3
443,0, 120, False, 3
444,10, 130, False, 3
445,0, 130, False, 3
446,0, 130, False, 3
447,0, 130, False, 3
448,0, 130, False, 3
449,0, 130, False, 3
450,0, 130, False, 3
451,0, 130, False, 3
452,0, 130, False, 3
453,0, 130, False, 3
454,0, 130, False, 3
455,0, 130, False, 3
456,10, 140, False, 3
457,0, 140, False, 3
458,0, 140, False, 3
459,0, 140, False, 3
460,0, 140, False, 3
461,0, 140, False, 3
462,0, 140, False, 3
463,0, 140, False, 3
464,0, 140, False, 3
465,0, 140, False, 3
466,0, 140, False, 3
467,0, 140, False, 3
468,0, 140, False, 3
469,0, 140, False, 3
470,10, 150, False, 3
471,0, 150, False, 3
472,0, 150, False, 3
473,0, 150, False, 3
474,0, 150, False, 3
475,0, 150, False, 3
476,0, 150, False, 3
477,0, 150, False, 3
478,0, 150, False, 3
479,0, 150, False, 3
480,0, 150, False, 3
481,0, 150, False, 3
482,0, 150, False, 3
483,0, 150, False, 3
484,10, 160, False, 3
485,0, 160, False, 3
486,0, 160, False, 3
487,0, 160, False, 3
488,0, 160, False, 3
489,0, 160, False, 3
490,0, 160, False, 3
491,0, 160, False, 3
492,0, 160, False, 3
493,0, 160, False, 3
494,0, 160, False, 3
495,0, 160, False, 3
496,0, 160, False, 3
497,0, 160, False, 3
498,0, 160, False, 3
499,0, 160, False, 3
500,0, 160, False, 3
501,0, 160, False, 3
502,10, 170, False, 3
503,0, 170, False, 3
504,0, 170, False, 3
505,0, 170, False, 3
506,0, 170, False, 3
507,0, 170, False, 3
508,0, 170, False, 3
509,0, 170, False, 3
510,0, 170, False, 3
511,0, 170, False, 3
512,0, 170, False, 3
513,0, 170, False, 3
514,0, 170, False, 3
515,0, 170, False, 3
516,10, 180, False, 3
517,0, 180, False, 3
518,0, 180, False, 3
519,0, 180, False, 3
520,0, 180, False, 3
521,0, 180, False, 3
522,0, 180, False, 3
523,0, 180, False, 3
524,0, 180, False, 3
525,0, 180, False, 3
526,0, 180, False, 3
527,0, 180, False, 3
528,10, 190, False, 3
529,0, 190, False, 3
530,0, 190, False, 3
531,0, 190, False, 3
532,0, 190, False, 3
533,0, 190, False, 3
534,0, 190, False, 3
535,0, 190, False, 3
536,0, 190, False, 3
537,0, 190, False, 3
538,0, 190, False, 3
539,0, 190, False, 3
540,0, 190, False, 3
541,0, 190, False, 0
542,10, 200, False, 0
543,0, 200, False, 4
544,0, 200, False, 4
545,0, 200, False, 4
546,0, 200, False, 4
547,0, 200, False, 4
548,0, 200, False, 4
549,0, 200, False, 4
550,0, 200, False, 4
551,0, 200, False, 4
552,0, 200, False, 4
553,0, 200, False, 4
554,0, 200, False, 4
555,0, 200, False, 4
556,0, 200, False, 4
557,0, 200, False, 4
558,0, 200, False, 4
559,0, 200, False, 4
560,0, 200, False, 4
561,0, 200, False, 4
562,0, 200, False, 4
563,0, 200, False, 4
564,0, 200, False, 4
565,0, 200, False, 4
566,0, 200, False, 4
567,0, 200, False, 4
568,0, 200, False, 4
569,0, 200, False, 4
570,0, 200, False, 0
571,0, 200, False, 0
572,0, 200, False, 3
573,0, 200, False, 3
574,0, 200, False, 3
575,0, 200, False, 3
576,0, 200, False, 3
577,0, 200, False, 3
578,0, 200, False, 3
579,0, 200, False, 3
580,0, 200, False, 3
581,0, 200, False, 3
582,0, 200, False, 3
583,0, 200, False, 3
584,0, 200, False, 3
585,0, 200, False, 3
586,0, 200, False, 3
587,0, 200, False, 3
588,0, 200, False, 3
589,0, 200, False, 3
590,0, 200, False, 3
591,0, 200, False, 3
592,0, 200, False, 3
593,0, 200, False, 3
594,0, 200, False, 3
595,0, 200, False, 3
596,0, 200, False, 3
597,0, 200, False, 3
598,0, 200, False, 3
599,0, 200, False, 3
600,0, 200, False, 3
601,0, 200, False, 3
602,0, 200, False, 3
603,0, 200, False, 3
604,0, 200, False, 3
605,0, 200, False, 3
606,0, 200, False, 3
607,0, 200, False, 3
608,0, 200, False, 3
609,0, 200, False, 3
610,0, 200, False, 3
611,0, 200, False, 3
612,10, 210, False, 6
613,0, 210, False, 6
614,0, 210, False, 6
615,0, 210, False, 6
616,0, 210, False, 6
617,0, 210, False, 6
618,0, 210, False, 6
619,0, 210, False, 2
620,0, 210, False, 2
621,0, 210, False, 2
622,0, 210, False, 2
623,0, 210, False, 2
624,10, 220, False, 2
625,0, 220, False, 2
626,0, 220, False, 2
627,0, 220, False, 2
628,0, 220, False, 2
629,0, 220, False, 2
630,0, 220, False, 2
631,0, 220, False, 2
632,0, 220, False, 2
633,0, 220, False, 2
634,0, 220, False, 2
635,0, 220, False, 2
636,0, 220, False, 2
637,0, 220, False, 2
638,0, 220, False, 2
639,0, 220, False, 2
640,0, 220, False, 2
641,0, 220, False, 2
642,10, 230, False, 2
643,0, 230, False, 2
644,0, 230, False, 2
645,0, 230, False, 2
646,0, 230, False, 2
647,0, 230, False, 2
648,0, 230, False, 2
649,0, 230, False, 2
650,0, 230, False, 2
651,0, 230, False, 2
652,0, 230, False, 2
653,0, 230, False, 2
654,0, 230, False, 2
655,0, 230, False, 3
656,10, 240, False, 3
657,0, 240, False, 3
658,0, 240, False, 3
659,0, 240, False, 3
660,0, 240, False, 3
661,0, 240, False, 3
662,0, 240, False, 3
663,0, 240, False, 3
664,0, 240, False, 3
665,0, 240, False, 3
666,0, 240, False, 3
667,0, 240, False, 3
668,0, 240, False, 3
669,0, 240, False, 3
670,10, 250, False, 3
671,0, 250, False, 3
672,0, 250, False, 3
673,0, 250, False, 3
674,0, 250, False, 3
675,0, 250, False, 3
676,0, 250, False, 3
677,0, 250, False, 3
678,0, 250, False, 3
679,0, 250, False, 3
680,10, 260, False, 3
681,0, 260, False, 3
682,0, 260, False, 3
683,0, 260, False, 3
684,0, 260, False, 3
685,0, 260, False, 3
686,0, 260, False, 3
687,0, 260, False, 3
688,0, 260, False, 3
689,0, 260, False, 3
690,0, 260, False, 3
691,0, 260, False, 3
692,10, 270, False, 3
693,0, 270, False, 3
694,0, 270, False, 3
695,0, 270, False, 3
696,0, 270, False, 3
697,0, 270, False, 3
698,0, 270, False, 3
699,0, 270, False, 2
700,0, 270, False, 2
701,0, 270, False, 2
702,0, 270, False, 2
703,0, 270, False, 2
704,0, 270, False, 2
705,0, 270, False, 2
706,10, 280, False, 2
707,0, 280, False, 2
708,0, 280, False, 2
709,0, 280, False, 2
710,0, 280, False, 2
711,0, 280, False, 2
712,0, 280, False, 2
713,0, 280, False, 2
714,0, 280, False, 2
715,0, 280, False, 2
716,0, 280, False, 2
717,0, 280, False, 2
718,0, 280, False, 2
719,0, 280, False, 2
720,0, 280, False, 2
721,0, 280, False, 2
722,0, 280, False, 2
723,0, 280, False, 2
724,0, 280, False, 2
725,0, 280, False, 2
726,0, 280, False, 2
727,0, 280, False, 2
728,0, 280, False, 2
729,0, 280, False, 7
730,0, 280, False, 7
731,0, 280, False, 4
732,0, 280, False, 4
733,0, 280, False, 4
734,0, 280, False, 4
735,0, 280, False, 4
736,0, 280, False, 4
737,0, 280, False, 4
738,0, 280, False, 4
739,0, 280, False, 4
740,0, 280, False, 4
741,0, 280, False, 4
742,0, 280, False, 4
743,0, 280, False, 4
744,0, 280, False, 4
745,0, 280, False, 4
746,0, 280, False, 4
747,0, 280, False, 2
748,0, 280, False, 2
749,0, 280, False, 2
750,0, 280, False, 2
751,0, 280, False, 2
752,0, 280, False, 2
753,0, 280, False, 2
754,0, 280, False, 2
755,0, 280, False, 2
756,0, 280, False, 2
757,0, 280, False, 2
758,0, 280, False, 2
759,0, 280, False, 2
760,0, 280, False, 2
761,0, 280, False, 2
762,0, 280, False, 2
763,0, 280, False, 2
764,0, 280, False, 2
765,0, 280, False, 2
766,0, 280, False, 2
767,0, 280, False, 2
768,0, 280, False, 2
769,0, 280, False, 2
770,0, 280, False, 2
771,0, 280, False, 2
772,0, 280, False, 2
773,0, 280, False, 2
774,0, 280, False, 2
775,0, 280, False, 2
776,0, 280, False, 2
777,0, 280, False, 2
778,0, 280, False, 2
779,0, 280, False, 2
780,0, 280, False, 0
781,0, 280, False, 0
782,0, 280, False, 0
783,0, 280, False, 0
784,0, 280, False, 0
785,0, 280, False, 0
786,0, 280, False, 0
787,0, 280, False, 0
788,0, 280, False, 0
789,0, 280, False, 0
790,0, 280, False, 0
791,0, 280, False, 0
792,0, 280, False, 0
793,0, 280, False, 0
794,0, 280, False, 0
795,0, 280, False, 0
796,0, 280, False, 0
797,0, 280, False, 0
798,0, 280, False, 0
799,0, 280, False, 0
800,0, 280, False, 0
801,0, 280, False, 0
802,0, 280, False, 0
803,0, 280, False, 0
804,0, 280, False, 0
805,0, 280, False, 0
806,0, 280, False, 0
807,0, 280, False, 0
808,0, 280, False, 0
809,0, 280, False, 0
810,0, 280, False, 0
811,0, 280, False, 0
812,0, 280, False, 0
813,0, 280, False, 0
814,0, 280, False, 0
815,0, 280, False, 0
816,0, 280, False, 0
817,0, 280, False, 0
818,0, 280, False, 0
819,0, 280, False, 0
820,0, 280, False, 0
821,0, 280, False, 0
822,0, 280, False, 0
823,0, 280, False, 0
824,0, 280, False, 0
825,0, 280, False, 0
826,0, 280, False, 0
827,0, 280, False, 0
828,0, 280, False, 0
829,0, 280, False, 0
830,0, 280, False, 0
831,0, 280, False, 0
832,0, 280, False, 0
833,0, 280, False, 0
834,0, 280, False, 0
835,0, 280, False, 0
836,0, 280, False, 0
837,0, 280, False, 0
838,0, 280, False, 0
839,0, 280, False, 4
840,0, 280, False, 4
841,0, 280, False, 4
842,0, 280, False, 4
843,0, 280, False, 4
844,0, 280, False, 4
845,0, 280, False, 4
846,0, 280, False, 4
847,0, 280, False, 4
848,0, 280, False, 4
849,0, 280, False, 0
850,0, 280, False, 0
851,0, 280, False, 0
852,0, 280, False, 0
853,0, 280, False, 0
854,0, 280, False, 0
855,0, 280, False, 0
856,0, 280, False, 0
857,0, 280, False, 0
858,0, 280, False, 0
859,0, 280, False, 0
860,0, 280, False, 0
861,0, 280, False, 0
862,0, 280, False, 0
863,0, 280, False, 0
864,0, 280, False, 0
865,0, 280, False, 0
866,0, 280, False, 0
867,0, 280, False, 0
868,0, 280, False, 0
869,0, 280, False, 4
870,0, 280, False, 4
871,0, 280, False, 4
872,0, 280, False, 4
873,0, 280, False, 4
874,0, 280, False, 4
875,0, 280, False, 4
876,0, 280, False, 4
877,0, 280, False, 4
878,0, 280, False, 4
879,0, 280, False, 4
880,0, 280, False, 0
881,0, 280, False, 0
882,0, 280, False, 0
883,0, 280, False, 0
884,0, 280, False, 0
885,0, 280, False, 3
886,0, 280, False, 3
887,0, 280, False, 3
888,0, 280, False, 3
889,0, 280, False, 3
890,0, 280, False, 3
891,0, 280, False, 3
892,0, 280, False, 3
893,0, 280, False, 3
894,0, 280, False, 3
895,0, 280, False, 3
896,0, 280, False, 3
897,0, 280, False, 3
898,0, 280, False, 3
899,0, 280, False, 3
900,0, 280, False, 3
901,0, 280, False, 3
902,0, 280, False, 3
903,0, 280, False, 0
904,0, 280, False, 0
905,0, 280, False, 0
906,0, 280, False, 0
907,0, 280, False, 0
908,0, 280, False, 0
909,0, 280, False, 0
910,0, 280, False, 0
911,0, 280, False, 0
912,0, 280, False, 0
913,0, 280, False, 0
914,0, 280, False, 0
915,0, 280, False, 0
916,0, 280, False, 0
917,0, 280, False, 0
918,0, 280, False, 0
919,0, 280, False, 0
920,0, 280, False, 0
921,0, 280, False, 0
922,0, 280, False, 0
923,0, 280, False, 3
924,0, 280, False, 3
925,0, 280, False, 3
926,0, 280, False, 3
927,0, 280, False, 3
928,0, 280, False, 3
929,0, 280, False, 3
930,0, 280, False, 3
931,0, 280, False, 3
932,0, 280, False, 3
933,0, 280, False, 0
934,0, 280, False, 0
935,0, 280, False, 0
936,0, 280, False, 0
937,0, 280, False, 0
938,0, 280, False, 0
939,0, 280, False, 0
940,0, 280, False, 0
941,0, 280, False, 0
942,0, 280, False, 0
943,0, 280, False, 0
944,0, 280, False, 0
945,0, 280, False, 0
946,0, 280, False, 0
947,0, 280, False, 0
948,0, 280, False, 0
949,0, 280, False, 0
950,0, 280, False, 0
951,0, 280, False, 0
952,0, 280, False, 0
953,0, 280, False, 0
954,0, 280, False, 0
955,0, 280, False, 0
956,0, 280, False, 0
957,0, 280, False, 0
958,0, 280, False, 0
959,0, 280, False, 0
960,0, 280, False, 0
961,0, 280, False, 0
962,0, 280, False, 0
963,0, 280, False, 0
964,0, 280, False, 0
965,0, 280, False, 0
966,0, 280, False, 0
967,0, 280, False, 0
968,0, 280, False, 0
969,0, 280, False, 0
970,0, 280, False, 0
971,0, 280, False, 0
972,0, 280, False, 0
973,0, 280, False, 0
974,0, 280, False, 0
975,0, 280, False, 3
976,0, 280, False, 3
977,0, 280, False, 3
978,0, 280, False, 3
979,0, 280, False, 3
980,0, 280, False, 3
981,0, 280, False, 3
982,0, 280, False, 3
983,0, 280, False, 3
984,0, 280, False, 3
985,0, 280, False, 3
986,0, 280, False, 3
987,0, 280, False, 3
988,0, 280, False, 3
989,0, 280, False, 3
990,0, 280, False, 3
991,0, 280, False, 3
992,0, 280, False, 3
993,0, 280, False, 3
994,0, 280, False, 3
995,0, 280, False, 3
996,0, 280, False, 3
997,0, 280, False, 3
998,0, 280, False, 3
999,0, 280, False, 3
1000,0, 280, False, 3
1001,0, 280, False, 3
1002,0, 280, False, 3
1003,0, 280, False, 3
1004,0, 280, False, 3
1005,0, 280, False, 3
1006,0, 280, False, 3
1007,0, 280, False, 3
1008,0, 280, False, 3
1009,0, 280, False, 3
1010,0, 280, False, 3
1011,0, 280, False, 3
1012,10, 290, False, 3
1013,0, 290, False, 3
1014,0, 290, False, 3
1015,0, 290, False, 3
1016,0, 290, False, 3
1017,0, 290, False, 3
1018,0, 290, False, 3
1019,0, 290, False, 3
1020,0, 290, False, 3
1021,0, 290, False, 3
1022,0, 290, False, 3
1023,0, 290, False, 3
1024,10, 300, False, 3
1025,0, 300, False, 3
1026,0, 300, False, 3
1027,0, 300, False, 3
1028,0, 300, False, 3
1029,0, 300, False, 3
1030,0, 300, False, 3
1031,0, 300, False, 3
1032,0, 300, False, 3
1033,0, 300, False, 3
1034,0, 300, False, 3
1035,0, 300, False, 3
1036,0, 300, False, 3
1037,0, 300, False, 3
1038,10, 310, False, 3
1039,0, 310, False, 3
1040,0, 310, False, 3
1041,0, 310, False, 3
1042,0, 310, False, 3
1043,0, 310, False, 3
1044,0, 310, False, 3
1045,0, 310, False, 3
1046,0, 310, False, 3
1047,0, 310, False, 3
1048,0, 310, False, 3
1049,0, 310, False, 3
1050,0, 310, False, 3
1051,0, 310, False, 3
1052,10, 320, False, 3
1053,0, 320, False, 3
1054,0, 320, False, 3
1055,0, 320, False, 3
1056,0, 320, False, 3
1057,0, 320, False, 3
1058,0, 320, False, 3
1059,0, 320, False, 3
1060,0, 320, False, 3
1061,0, 320, False, 3
1062,0, 320, False, 3
1063,0, 320, False, 3
1064,10, 330, False, 3
1065,0, 330, False, 3
1066,0, 330, False, 3
1067,0, 330, False, 3
1068,0, 330, False, 3
1069,0, 330, False, 3
1070,0, 330, False, 3
1071,0, 330, False, 3
1072,0, 330, False, 3
1073,0, 330, False, 3
1074,0, 330, False, 3
1075,0, 330, False, 3
1076,0, 330, False, 3
1077,0, 330, False, 0
1078,10, 340, False, 0
1079,0, 340, False, 0
1080,0, 340, False, 0
1081,0, 340, False, 0
1082,0, 340, False, 0
1083,0, 340, False, 0
1084,0, 340, False, 0
1085,0, 340, False, 0
1086,0, 340, False, 0
1087,0, 340, False, 5
1088,0, 340, False, 5
1089,0, 340, False, 5
1090,0, 340, False, 5
1091,0, 340, False, 5
1092,0, 340, False, 5
1093,0, 340, False, 5
1094,0, 340, False, 0
1095,0, 340, False, 0
1096,0, 340, False, 0
1097,0, 340, False, 0
1098,0, 340, False, 5
1099,0, 340, False, 5
1100,0, 340, False, 5
1101,0, 340, False, 5
1102,0, 340, False, 0
1103,0, 340, False, 0
1104,0, 340, False, 0
1105,0, 340, False, 0
1106,0, 340, False, 0
1107,0, 340, False, 0
1108,0, 340, False, 0
1109,0, 340, False, 0
1110,0, 340, False, 0
1111,0, 340, False, 5
1112,0, 340, False, 5
1113,0, 340, False, 5
1114,0, 340, False, 5
1115,0, 340, False, 5
1116,0, 340, False, 5
1117,0, 340, False, 5
1118,0, 340, False, 3
1119,0, 340, False, 3
1120,0, 340, False, 3
1121,0, 340, False, 3
1122,0, 340, False, 3
1123,0, 340, False, 3
1124,0, 340, False, 3
1125,0, 340, False, 3
1126,0, 340, False, 3
1127,0, 340, False, 3
1128,0, 340, False, 3
1129,0, 340, False, 3
1130,0, 340, False, 3
1131,0, 340, False, 3
1132,0, 340, False, 3
1133,0, 340, False, 3
1134,0, 340, False, 3
1135,0, 340, False, 3
1136,0, 340, False, 3
1137,0, 340, False, 3
1138,0, 340, False, 3
1139,0, 340, False, 3
1140,0, 340, False, 3
1141,0, 340, False, 3
1142,0, 340, False, 3
1143,0, 340, False, 3
1144,0, 340, False, 3
1145,0, 340, False, 0
1146,0, 340, False, 0
1147,0, 340, False, 0
1148,0, 340, False, 0
1149,0, 340, False, 0
1150,0, 340, False, 0
1151,0, 340, False, 0
1152,0, 340, False, 0
1153,0, 340, False, 5
1154,0, 340, False, 5
1155,0, 340, False, 5
1156,0, 340, False, 5
1157,0, 340, False, 5
1158,0, 340, False, 5
1159,0, 340, False, 5
1160,10, 350, False, 5
1161,0, 350, False, 5
1162,0, 350, False, 5
1163,0, 350, False, 5
1164,0, 350, False, 5
1165,0, 350, False, 5
1166,0, 350, False, 0
1167,0, 350, False, 0
1168,0, 350, False, 0
1169,0, 350, False, 0
1170,0, 350, False, 0
1171,0, 350, False, 0
1172,0, 350, False, 0
1173,0, 350, False, 0
1174,0, 350, False, 0
1175,0, 350, False, 0
1176,0, 350, False, 3
1177,0, 350, False, 3
1178,0, 350, False, 3
1179,0, 350, False, 3
1180,0, 350, False, 3
1181,0, 350, False, 3
1182,0, 350, False, 3
1183,0, 350, False, 3
1184,0, 350, False, 3
1185,0, 350, False, 3
1186,0, 350, False, 3
1187,0, 350, False, 3
1188,0, 350, False, 3
1189,0, 350, False, 3
1190,0, 350, False, 3
1191,0, 350, False, 3
1192,0, 350, False, 3
1193,0, 350, False, 3
1194,0, 350, False, 3
1195,0, 350, False, 3
1196,0, 350, False, 3
1197,0, 350, False, 3
1198,0, 350, False, 3
1199,0, 350, False, 3
1200,0, 350, False, 3
1201,0, 350, False, 3
1202,0, 350, False, 3
1203,0, 350, False, 0
1204,0, 350, False, 0
1205,0, 350, False, 0
1206,0, 350, False, 2
1207,0, 350, False, 2
1208,0, 350, False, 2
1209,0, 350, False, 2
1210,0, 350, False, 2
1211,0, 350, False, 2
1212,0, 350, False, 2
1213,0, 350, False, 2
1214,0, 350, False, 2
1215,0, 350, False, 2
1216,0, 350, False, 2
1217,0, 350, False, 2
1218,0, 350, False, 2
1219,0, 350, False, 2
1220,0, 350, False, 2
1221,0, 350, False, 4
1222,0, 350, False, 4
1223,0, 350, False, 4
1224,0, 350, False, 4
1225,0, 350, False, 4
1226,0, 350, False, 4
1227,0, 350, False, 4
1228,0, 350, False, 4
1229,0, 350, False, 4
1230,0, 350, False, 4
1231,0, 350, False, 4
1232,0, 350, False, 0
1233,0, 350, False, 0
1234,0, 350, False, 0
1235,0, 350, False, 0
1236,0, 350, False, 0
1237,0, 350, False, 0
1238,0, 350, False, 0
1239,0, 350, False, 0
1240,0, 350, False, 0
1241,0, 350, False, 0
1242,0, 350, False, 2
1243,0, 350, False, 2
1244,0, 350, False, 2
1245,0, 350, False, 2
1246,0, 350, False, 2
1247,0, 350, False, 2
1248,0, 350, False, 2
1249,0, 350, False, 2
1250,0, 350, False, 2
1251,0, 350, False, 2
1252,0, 350, False, 2
1253,0, 350, False, 2
1254,0, 350, False, 2
1255,0, 350, False, 2
1256,0, 350, False, 2
1257,0, 350, False, 2
1258,0, 350, False, 2
1259,0, 350, False, 2
1260,0, 350, False, 2
1261,0, 350, False, 2
1262,0, 350, False, 0
1263,0, 350, False, 0
1264,0, 350, False, 0
1265,0, 350, False, 0
1266,0, 350, False, 0
1267,0, 350, False, 3
1268,0, 350, False, 3
1269,0, 350, False, 3
1270,0, 350, False, 3
1271,0, 350, False, 3
1272,0, 350, False, 3
1273,0, 350, False, 3
1274,0, 350, False, 3
1275,0, 350, False, 3
1276,0, 350, False, 3
1277,0, 350, False, 3
1278,0, 350, False, 0
1279,0, 350, False, 0
1280,0, 350, False, 0
1281,0, 350, False, 0
1282,0, 350, False, 0
1283,0, 350, False, 0
1284,0, 350, False, 0
1285,0, 350, False, 0
1286,0, 350, False, 0
1287,0, 350, False, 5
1288,0, 350, False, 5
1289,0, 350, False, 5
1290,0, 350, False, 5
1291,0, 350, False, 5
1292,0, 350, False, 5
1293,0, 350, False, 5
1294,0, 350, False, 5
1295,0, 350, False, 5
1296,0, 350, False, 5
1297,0, 350, False, 5
1298,0, 350, False, 5
1299,0, 350, False, 5
1300,0, 350, False, 0
1301,0, 350, False, 0
1302,0, 350, False, 0
1303,0, 350, False, 0
1304,0, 350, False, 0
1305,0, 350, False, 0
1306,0, 350, False, 0
1307,0, 350, False, 0
1308,0, 350, False, 0
1309,0, 350, False, 0
1310,0, 350, False, 3
1311,0, 350, False, 3
1312,0, 350, False, 3
1313,0, 350, False, 3
1314,0, 350, False, 3
1315,0, 350, False, 3
1316,0, 350, False, 0
1317,0, 350, False, 0
1318,0, 350, False, 0
1319,0, 350, False, 0
1320,0, 350, False, 0
1321,0, 350, False, 0
1322,0, 350, False, 0
1323,0, 350, False, 0
1324,0, 350, False, 0
1325,0, 350, False, 0
1326,0, 350, False, 0
1327,0, 350, False, 0
1328,0, 350, False, 0
1329,0, 350, False, 0
1330,0, 350, False, 0
1331,0, 350, False, 0
1332,0, 350, False, 0
1333,0, 350, False, 2
1334,0, 350, False, 2
1335,0, 350, False, 2
1336,0, 350, False, 2
1337,0, 350, False, 2
1338,0, 350, False, 2
1339,0, 350, False, 2
1340,0, 350, False, 2
1341,0, 350, False, 2
1342,0, 350, False, 2
1343,0, 350, False, 2
1344,0, 350, False, 2
1345,0, 350, False, 2
1346,0, 350, False, 2
1347,0, 350, False, 2
1348,0, 350, False, 2
1349,0, 350, False, 2
1350,0, 350, False, 2
1351,0, 350, False, 2
1352,0, 350, False, 2
1353,0, 350, False, 2
1354,0, 350, False, 2
1355,0, 350, False, 2
1356,0, 350, False, 0
1357,0, 350, False, 0
1358,0, 350, False, 0
1359,0, 350, False, 0
1360,0, 350, False, 0
1361,0, 350, False, 4
1362,0, 350, False, 4
1363,0, 350, False, 4
1364,0, 350, False, 4
1365,0, 350, False, 4
1366,0, 350, False, 4
1367,0, 350, False, 0
1368,0, 350, False, 0
1369,0, 350, False, 0
1370,0, 350, False, 0
1371,0, 350, False, 0
1372,0, 350, False, 0
1373,0, 350, False, 0
1374,0, 350, False, 0
1375,0, 350, False, 2
1376,0, 350, False, 2
1377,0, 350, False, 2
1378,0, 350, False, 2
1379,0, 350, False, 2
1380,0, 350, False, 2
1381,0, 350, False, 2
1382,0, 350, False, 2
1383,0, 350, False, 2
1384,0, 350, False, 2
1385,0, 350, False, 2
1386,0, 350, False, 2
1387,0, 350, False, 2
1388,0, 350, False, 2
1389,0, 350, False, 2
1390,0, 350, False, 2
1391,0, 350, False, 2
1392,0, 350, False, 2
1393,0, 350, False, 2
1394,0, 350, False, 2
1395,0, 350, False, 2
1396,0, 350, False, 2
1397,0, 350, False, 2
1398,0, 350, False, 2
1399,0, 350, False, 0
1400,0, 350, False, 0
1401,0, 350, False, 3
1402,0, 350, False, 3
1403,0, 350, False, 3
1404,0, 350, False, 3
1405,0, 350, False, 3
1406,0, 350, False, 3
1407,0, 350, False, 3
1408,0, 350, False, 0
1409,0, 350, False, 0
1410,0, 350, False, 0
1411,0, 350, False, 0
1412,0, 350, False, 0
1413,0, 350, False, 0
1414,0, 350, False, 0
1415,0, 350, False, 0
1416,0, 350, False, 0
1417,0, 350, False, 0
1418,0, 350, False, 0
1419,0, 350, False, 0
1420,0, 350, False, 0
1421,0, 350, False, 0
1422,0, 350, False, 0
1423,0, 350, False, 0
1424,0, 350, False, 0
1425,0, 350, False, 4
1426,0, 350, False, 4
1427,0, 350, False, 4
1428,0, 350, False, 4
1429,0, 350, False, 4
1430,0, 350, False, 4
1431,0, 350, False, 4
1432,0, 350, False, 4
1433,0, 350, False, 4
1434,0, 350, False, 4
1435,0, 350, False, 4
1436,0, 350, False, 4
1437,0, 350, False, 4
1438,0, 350, False, 4
1439,0, 350, False, 4
1440,0, 350, False, 4
1441,0, 350, False, 4
1442,0, 350, False, 4
1443,0, 350, False, 4
1444,0, 350, False, 4
1445,0, 350, False, 4
1446,0, 350, False, 4
1447,0, 350, False, 4
1448,0, 350, False, 4
1449,0, 350, False, 0
1450,0, 350, False, 5
1451,0, 350, False, 5
1452,0, 350, False, 5
1453,0, 350, False, 5
1454,0, 350, False, 5
1455,0, 350, False, 0
1456,0, 350, False, 0
1457,0, 350, False, 4
1458,0, 350, False, 4
1459,0, 350, False, 4
1460,0, 350, False, 4
1461,0, 350, False, 4
1462,0, 350, False, 4
1463,0, 350, False, 4
1464,0, 350, False, 4
1465,0, 350, False, 0
1466,0, 350, False, 0
1467,0, 350, False, 0
1468,0, 350, False, 0
1469,0, 350, False, 0
1470,0, 350, False, 0
1471,0, 350, False, 0
1472,0, 350, False, 0
1473,0, 350, False, 0
1474,0, 350, False, 0
1475,0, 350, False, 0
1476,0, 350, False, 0
1477,0, 350, False, 0
1478,0, 350, False, 0
1479,0, 350, False, 0
1480,0, 350, False, 0
1481,0, 350, False, 0
1482,0, 350, False, 5
1483,0, 350, False, 5
1484,0, 350, False, 5
1485,0, 350, False, 0
1486,0, 350, False, 0
1487,0, 350, False, 0
1488,0, 350, False, 0
1489,0, 350, False, 0
1490,0, 350, False, 0
1491,0, 350, False, 0
1492,0, 350, False, 0
1493,0, 350, False, 0
1494,0, 350, False, 0
1495,0, 350, False, 0
1496,0, 350, False, 0
1497,0, 350, False, 5
1498,0, 350, False, 5
1499,0, 350, False, 5
1500,0, 350, False, 5
1501,0, 350, False, 5
1502,0, 350, False, 0
1503,0, 350, False, 0
1504,0, 350, False, 4
1505,0, 350, False, 4
1506,0, 350, False, 4
1507,0, 350, False, 4
1508,0, 350, False, 4
1509,0, 350, False, 4
1510,0, 350, False, 4
1511,0, 350, False, 4
1512,0, 350, False, 4
1513,0, 350, False, 4
1514,0, 350, False, 4
1515,0, 350, False, 5
1516,0, 350, False, 5
1517,0, 350, False, 5
1518,0, 350, False, 5
1519,0, 350, False, 5
1520,0, 350, False, 5
1521,0, 350, False, 5
1522,0, 350, False, 5
1523,0, 350, False, 5
1524,0, 350, False, 5
1525,0, 350, False, 5
1526,0, 350, False, 5
1527,0, 350, False, 5
1528,0, 350, False, 5
1529,0, 350, False, 5
1530,0, 350, False, 0
1531,0, 350, False, 0
1532,0, 350, False, 0
1533,0, 350, False, 0
1534,10, 360, False, 0
1535,0, 360, False, 0
1536,0, 360, False, 4
1537,0, 360, False, 4
1538,0, 360, False, 4
1539,0, 360, False, 4
1540,0, 360, False, 4
1541,0, 360, False, 4
1542,0, 360, False, 4
1543,0, 360, False, 4
1544,0, 360, False, 4
1545,0, 360, False, 4
1546,0, 360, False, 4
1547,0, 360, False, 4
1548,10, 370, False, 4
1549,0, 370, False, 4
1550,0, 370, False, 4
1551,0, 370, False, 4
1552,0, 370, False, 4
1553,0, 370, False, 4
1554,0, 370, False, 4
1555,0, 370, False, 4
1556,0, 370, False, 4
1557,0, 370, False, 4
1558,0, 370, False, 4
1559,0, 370, False, 4
1560,0, 370, False, 4
1561,0, 370, False, 4
1562,10, 380, False, 4
1563,0, 380, False, 4
1564,0, 380, False, 4
1565,0, 380, False, 4
1566,0, 380, False, 4
1567,0, 380, False, 4
1568,0, 380, False, 4
1569,0, 380, False, 4
1570,0, 380, False, 4
1571,0, 380, False, 4
1572,0, 380, False, 4
1573,0, 380, False, 0
1574,0, 380, False, 0
1575,0, 380, False, 0
1576,0, 380, False, 0
1577,0, 380, False, 0
1578,0, 380, False, 0
1579,0, 380, False, 0
1580,0, 380, False, 0
1581,0, 380, False, 0
1582,0, 380, False, 0
1583,0, 380, False, 0
1584,0, 380, False, 0
1585,0, 380, False, 0
1586,0, 380, False, 0
1587,0, 380, False, 0
1588,0, 380, False, 0
1589,0, 380, False, 0
1590,0, 380, False, 0
1591,0, 380, False, 0
1592,0, 380, False, 0
1593,0, 380, False, 0
1594,0, 380, False, 0
1595,0, 380, False, 0
1596,0, 380, False, 4
1597,0, 380, False, 4
1598,0, 380, False, 4
1599,0, 380, False, 4
1600,0, 380, False, 4
1601,0, 380, False, 4
1602,0, 380, False, 4
1603,0, 380, False, 7
1604,0, 380, False, 2
1605,0, 380, False, 2
1606,0, 380, False, 2
1607,0, 380, False, 2
1608,0, 380, False, 2
1609,0, 380, False, 2
1610,0, 380, False, 2
1611,0, 380, False, 2
1612,0, 380, False, 2
1613,0, 380, False, 2
1614,0, 380, False, 2
1615,0, 380, False, 2
1616,0, 380, False, 2
1617,0, 380, False, 2
1618,0, 380, False, 2
1619,0, 380, False, 2
1620,0, 380, False, 2
1621,0, 380, False, 2
1622,0, 380, False, 2
1623,0, 380, False, 2
1624,0, 380, False, 2
1625,0, 380, False, 0
1626,0, 380, False, 0
1627,0, 380, False, 0
1628,0, 380, False, 0
1629,0, 380, False, 0
1630,0, 380, False, 0
1631,0, 380, False, 0
1632,0, 380, False, 0
1633,0, 380, False, 0
1634,0, 380, False, 0
1635,0, 380, False, 0
1636,0, 380, False, 0
1637,0, 380, False, 0
1638,0, 380, False, 0
1639,0, 380, False, 0
1640,0, 380, False, 0
1641,0, 380, False, 0
1642,0, 380, False, 0
1643,0, 380, False, 0
1644,0, 380, False, 0
1645,0, 380, False, 0
1646,0, 380, False, 0
1647,0, 380, False, 0
1648,0, 380, False, 0
1649,0, 380, False, 0
1650,0, 380, False, 0
1651,0, 380, False, 0
1652,0, 380, False, 0
1653,0, 380, False, 0
1654,0, 380, False, 0
1655,0, 380, False, 0
1656,0, 380, False, 0
1657,0, 380, False, 0
1658,0, 380, False, 0
1659,0, 380, False, 0
1660,0, 380, False, 0
1661,0, 380, False, 0
1662,0, 380, False, 0
1663,0, 380, False, 0
1664,0, 380, False, 0
1665,0, 380, False, 0
1666,0, 380, False, 0
1667,0, 380, False, 0
1668,0, 380, False, 0
1669,0, 380, False, 0
1670,0, 380, False, 0
1671,0, 380, False, 0
1672,0, 380, False, 0
1673,0, 380, False, 0
1674,0, 380, False, 0
1675,0, 380, False, 0
1676,0, 380, False, 0
1677,0, 380, False, 0
1678,0, 380, False, 0
1679,0, 380, False, 0
1680,0, 380, False, 0
1681,0, 380, False, 0
1682,0, 380, False, 0
1683,0, 380, False, 0
1684,0, 380, False, 0
1685,0, 380, False, 0
1686,0, 380, False, 0
1687,0, 380, False, 0
1688,0, 380, False, 0
1689,0, 380, False, 0
1690,0, 380, False, 0
1691,0, 380, False, 0
1692,0, 380, False, 0
1693,0, 380, False, 0
1694,0, 380, False, 0
1695,0, 380, False, 0
1696,0, 380, False, 0
1697,0, 380, False, 0
1698,0, 380, False, 0
1699,0, 380, False, 0
1700,0, 380, False, 0
1701,0, 380, False, 0
1702,0, 380, False, 0
1703,0, 380, False, 0
1704,0, 380, False, 0
1705,0, 380, False, 0
1706,0, 380, False, 0
1707,0, 380, False, 0
1708,0, 380, False, 0
1709,0, 380, False, 0
1710,0, 380, False, 0
1711,0, 380, False, 0
1712,0, 380, False, 0
1713,0, 380, False, 0
1714,0, 380, False, 0
1715,0, 380, False, 0
1716,0, 380, False, 0
1717,0, 380, False, 0
1718,0, 380, False, 0
1719,0, 380, False, 0
1720,0, 380, False, 0
1721,0, 380, False, 0
1722,0, 380, False, 0
1723,0, 380, False, 0
1724,0, 380, False, 0
1725,0, 380, False, 0
1726,0, 380, False, 0
1727,0, 380, False, 0
1728,0, 380, False, 0
1729,0, 380, False, 0
1730,0, 380, False, 0
1731,0, 380, False, 0
1732,0, 380, False, 0
1733,0, 380, False, 0
1734,0, 380, False, 0
1735,0, 380, False, 0
1736,0, 380, False, 0
1737,0, 380, False, 0
1738,0, 380, False, 0
1739,0, 380, False, 0
1740,0, 380, False, 0
1741,0, 380, False, 0
1742,0, 380, False, 0
1743,0, 380, False, 0
1744,0, 380, False, 0
1745,0, 380, False, 0
1746,0, 380, False, 0
1747,0, 380, False, 0
1748,0, 380, False, 0
1749,0, 380, False, 0
1750,0, 380, False, 0
1751,0, 380, False, 0
1752,0, 380, False, 0
1753,0, 380, False, 0
1754,0, 380, False, 0
1755,0, 380, False, 0
1756,0, 380, False, 0
1757,0, 380, False, 0
1758,0, 380, False, 0
1759,0, 380, False, 0
1760,0, 380, False, 0
1761,0, 380, False, 0
1762,0, 380, False, 0
1763,0, 380, False, 0
1764,0, 380, False, 0
1765,0, 380, False, 0
1766,0, 380, False, 0
1767,0, 380, False, 0
1768,0, 380, False, 0
1769,0, 380, False, 0
1770,0, 380, False, 0
1771,0, 380, False, 0
1772,0, 380, False, 0
1773,0, 380, False, 0
1774,0, 380, False, 0
1775,0, 380, False, 0
1776,0, 380, False, 0
1777,0, 380, False, 0
1778,0, 380, False, 0
1779,0, 380, False, 0
1780,0, 380, False, 0
1781,0, 380, False, 0
1782,0, 380, False, 0
1783,0, 380, False, 0
1784,0, 380, False, 0
1785,0, 380, False, 0
1786,0, 380, False, 0
1787,0, 380, False, 0
1788,0, 380, False, 0
1789,0, 380, False, 0
1790,0, 380, False, 0
1791,0, 380, False, 0
1792,0, 380, False, 0
1793,0, 380, False, 0
1794,0, 380, False, 0
1795,0, 380, False, 0
1796,0, 380, False, 0
1797,0, 380, False, 0
1798,0, 380, False, 0
1799,0, 380, False, 0
1800,0, 380, False, 0
1801,0, 380, False, 0
1802,0, 380, False, 0
1803,0, 380, False, 0
1804,0, 380, False, 0
1805,0, 380, False, 0
1806,0, 380, False, 0
1807,0, 380, False, 0
1808,0, 380, False, 0
1809,0, 380, False, 0
1810,0, 380, False, 0
1811,0, 380, False, 0
1812,0, 380, False, 0
1813,0, 380, False, 0
1814,0, 380, False, 0
1815,0, 380, False, 0
1816,0, 380, False, 0
1817,0, 380, False, 0
1818,0, 380, False, 0
1819,0, 380, False, 0
1820,0, 380, False, 0
1821,0, 380, False, 0
1822,0, 380, False, 0
1823,0, 380, False, 0
1824,0, 380, False, 0
1825,0, 380, False, 0
1826,0, 380, False, 0
1827,0, 380, False, 0
1828,0, 380, False, 0
1829,0, 380, False, 0
1830,0, 380, False, 0
1831,0, 380, False, 0
1832,0, 380, False, 0
1833,0, 380, False, 0
1834,0, 380, False, 0
1835,0, 380, False, 0
1836,0, 380, False, 0
1837,0, 380, False, 0
1838,0, 380, False, 0
1839,0, 380, False, 0
1840,0, 380, False, 0
1841,0, 380, False, 0
1842,0, 380, False, 0
1843,0, 380, False, 0
1844,0, 380, False, 0
1845,0, 380, False, 0
1846,0, 380, False, 0
1847,0, 380, False, 0
1848,0, 380, False, 0
1849,0, 380, False, 0
1850,0, 380, False, 0
1851,0, 380, False, 0
1852,0, 380, False, 0
1853,0, 380, False, 0
1854,0, 380, False, 0
1855,0, 380, False, 0
1856,0, 380, False, 0
1857,0, 380, False, 0
1858,0, 380, False, 0
1859,0, 380, False, 0
1860,0, 380, False, 0
1861,0, 380, False, 0
1862,0, 380, False, 0
1863,0, 380, False, 0
1864,0, 380, False, 0
1865,0, 380, False, 0
1866,0, 380, False, 0
1867,0, 380, False, 0
1868,0, 380, False, 0
1869,0, 380, False, 0
1870,0, 380, False, 0
1871,0, 380, False, 0
1872,0, 380, False, 0
1873,0, 380, False, 0
1874,0, 380, False, 0
1875,0, 380, False, 0
1876,0, 380, False, 0
1877,0, 380, False, 0
1878,0, 380, False, 0
1879,0, 380, False, 0
1880,0, 380, False, 0
1881,0, 380, False, 0
1882,0, 380, False, 0
1883,0, 380, False, 2
1884,0, 380, False, 2
1885,0, 380, False, 2
1886,0, 380, False, 2
1887,0, 380, False, 2
1888,0, 380, False, 2
1889,0, 380, False, 2
1890,0, 380, False, 2
1891,0, 380, False, 7
1892,0, 380, False, 4
1893,0, 380, False, 4
1894,0, 380, False, 4
1895,0, 380, False, 4
1896,0, 380, False, 4
1897,0, 380, False, 4
1898,0, 380, False, 4
1899,0, 380, False, 4
1900,0, 380, False, 4
1901,0, 380, False, 4
1902,0, 380, False, 4
1903,0, 380, False, 4
1904,0, 380, False, 4
1905,0, 380, False, 5
1906,0, 380, False, 5
1907,0, 380, False, 5
1908,0, 380, False, 5
1909,0, 380, False, 5
1910,0, 380, False, 5
1911,0, 380, False, 5
1912,0, 380, False, 5
1913,0, 380, False, 5
1914,0, 380, False, 5
1915,0, 380, False, 5
1916,0, 380, False, 5
1917,0, 380, False, 5
1918,0, 380, False, 5
1919,0, 380, False, 5
1920,0, 380, False, 5
1921,0, 380, False, 5
1922,0, 380, False, 5
1923,0, 380, False, 5
1924,0, 380, False, 5
1925,0, 380, False, 5
1926,0, 380, False, 5
1927,0, 380, False, 5
1928,0, 380, False, 0
1929,0, 380, False, 4
1930,0, 380, False, 4
1931,0, 380, False, 4
1932,0, 380, False, 4
1933,0, 380, False, 4
1934,0, 380, False, 4
1935,0, 380, False, 4
1936,0, 380, False, 4
1937,0, 380, False, 4
1938,10, 390, False, 4
1939,0, 390, False, 4
1940,0, 390, False, 4
1941,0, 390, False, 4
1942,0, 390, False, 4
1943,0, 390, False, 4
1944,0, 390, False, 4
1945,0, 390, False, 4
1946,0, 390, False, 4
1947,0, 390, False, 4
1948,0, 390, False, 4
1949,0, 390, False, 4
1950,0, 390, False, 4
1951,0, 390, False, 4
1952,10, 400, False, 4
1953,0, 400, False, 4
1954,0, 400, False, 4
1955,0, 400, False, 4
1956,0, 400, False, 4
1957,0, 400, False, 4
1958,0, 400, False, 4
1959,0, 400, False, 4
1960,0, 400, False, 2
1961,0, 400, False, 2
1962,0, 400, False, 2
1963,0, 400, False, 2
1964,10, 410, False, 2
1965,0, 410, False, 2
1966,0, 410, False, 2
1967,0, 410, False, 2
1968,0, 410, False, 2
1969,0, 410, False, 2
1970,0, 410, False, 2
1971,0, 410, False, 2
1972,0, 410, False, 2
1973,0, 410, False, 2
1974,0, 410, False, 2
1975,0, 410, False, 2
1976,0, 410, False, 2
1977,0, 410, False, 2
1978,0, 410, False, 2
1979,0, 410, False, 0
1980,0, 410, False, 0
1981,0, 410, False, 3
1982,0, 410, False, 3
1983,0, 410, False, 3
1984,0, 410, False, 3
1985,0, 410, False, 3
1986,0, 410, False, 3
1987,0, 410, False, 3
1988,0, 410, False, 3
1989,0, 410, False, 3
1990,0, 410, False, 3
1991,0, 410, False, 3
1992,0, 410, False, 3
1993,0, 410, False, 0
1994,0, 410, False, 0
1995,0, 410, False, 0
1996,0, 410, False, 0
1997,0, 410, False, 0
1998,0, 410, False, 0
1999,0, 410, False, 0
2000,0, 410, False, 0
2001,0, 410, False, 0
2002,0, 410, False, 0
2003,0, 410, False, 2
2004,0, 410, False, 2
2005,0, 410, False, 2
2006,0, 410, False, 2
2007,0, 410, False, 2
2008,0, 410, False, 2
2009,0, 410, False, 2
2010,0, 410, False, 2
2011,0, 410, False, 7
2012,0, 410, False, 4
2013,0, 410, False, 4
2014,0, 410, False, 4
2015,0, 410, False, 4
2016,0, 410, False, 4
2017,0, 410, False, 4
2018,0, 410, False, 4
2019,0, 410, False, 4
2020,0, 410, False, 4
2021,0, 410, False, 4
2022,0, 410, False, 4
2023,0, 410, False, 4
2024,0, 410, False, 0
2025,0, 410, False, 0
2026,0, 410, False, 0
2027,0, 410, False, 0
2028,0, 410, False, 0
2029,0, 410, False, 0
2030,0, 410, False, 0
2031,0, 410, False, 0
2032,0, 410, False, 0
2033,0, 410, False, 0
2034,0, 410, False, 0
2035,0, 410, False, 0
2036,0, 410, False, 0
2037,0, 410, False, 0
2038,0, 410, False, 0
2039,0, 410, False, 0
2040,0, 410, False, 0
2041,0, 410, False, 0
2042,0, 410, False, 0
2043,0, 410, False, 0
2044,0, 410, False, 0
2045,0, 410, False, 0
2046,0, 410, False, 0
2047,0, 410, False, 0
2048,0, 410, False, 0
2049,0, 410, False, 0
2050,0, 410, False, 0
2051,0, 410, False, 0
2052,0, 410, False, 0
2053,0, 410, False, 0
2054,0, 410, False, 0
2055,0, 410, False, 0
2056,0, 410, False, 3
2057,0, 410, False, 3
2058,0, 410, False, 3
2059,0, 410, False, 3
2060,0, 410, False, 0
2061,0, 410, False, 0
2062,0, 410, False, 0
2063,0, 410, False, 0
2064,0, 410, False, 0
2065,0, 410, False, 0
2066,0, 410, False, 0
2067,0, 410, False, 0
2068,0, 410, False, 0
2069,0, 410, False, 2
2070,0, 410, False, 2
2071,0, 410, False, 2
2072,0, 410, False, 2
2073,0, 410, False, 2
2074,0, 410, False, 2
2075,0, 410, False, 2
2076,0, 410, False, 2
2077,0, 410, False, 2
2078,0, 410, False, 2
2079,0, 410, False, 2
2080,0, 410, False, 2
2081,0, 410, False, 2
2082,0, 410, False, 2
2083,0, 410, False, 2
2084,0, 410, False, 2
2085,0, 410, False, 2
2086,0, 410, False, 2
2087,0, 410, False, 2
2088,0, 410, False, 2
2089,0, 410, False, 2
2090,0, 410, False, 2
2091,0, 410, False, 2
2092,0, 410, False, 2
2093,0, 410, False, 2
2094,0, 410, False, 4
2095,0, 410, False, 4
2096,0, 410, False, 0
2097,0, 410, False, 0
2098,0, 410, False, 0
2099,0, 410, False, 0
2100,0, 410, False, 0
2101,0, 410, False, 0
2102,0, 410, False, 0
2103,0, 410, False, 0
2104,0, 410, False, 0
2105,0, 410, False, 0
2106,0, 410, False, 0
2107,0, 410, False, 0
2108,0, 410, False, 0
2109,0, 410, False, 0
2110,0, 410, False, 0
2111,0, 410, False, 0
2112,0, 410, False, 0
2113,0, 410, False, 0
2114,0, 410, False, 0
2115,0, 410, False, 0
2116,0, 410, False, 0
2117,0, 410, False, 0
2118,0, 410, False, 0
2119,0, 410, False, 0
2120,0, 410, False, 0
2121,0, 410, False, 0
2122,0, 410, False, 0
2123,0, 410, False, 0
2124,0, 410, False, 0
2125,0, 410, False, 0
2126,0, 410, False, 0
2127,0, 410, False, 0
2128,0, 410, False, 0
2129,0, 410, False, 5
2130,0, 410, False, 5
2131,0, 410, False, 5
2132,0, 410, False, 5
2133,0, 410, False, 5
2134,0, 410, False, 5
2135,0, 410, False, 5
2136,0, 410, False, 5
2137,0, 410, False, 5
2138,0, 410, False, 5
2139,0, 410, False, 5
2140,0, 410, False, 5
2141,0, 410, False, 0
2142,0, 410, False, 0
2143,0, 410, False, 0
2144,0, 410, False, 0
2145,0, 410, False, 0
2146,0, 410, False, 0
2147,0, 410, False, 0
2148,0, 410, False, 4
2149,0, 410, False, 4
2150,0, 410, False, 4
2151,0, 410, False, 4
2152,0, 410, False, 4
2153,0, 410, False, 4
2154,0, 410, False, 4
2155,0, 410, False, 0
2156,0, 410, False, 0
2157,0, 410, False, 0
2158,0, 410, False, 0
2159,0, 410, False, 0
2160,0, 410, False, 0
2161,0, 410, False, 0
2162,0, 410, False, 0
2163,0, 410, False, 0
2164,0, 410, False, 0
2165,0, 410, False, 0
2166,0, 410, False, 0
2167,0, 410, False, 0
2168,0, 410, False, 0
2169,0, 410, False, 0
2170,0, 410, False, 0
2171,0, 410, False, 2
2172,0, 410, False, 2
2173,0, 410, False, 2
2174,0, 410, False, 2
2175,0, 410, False, 2
2176,0, 410, False, 2
2177,0, 410, False, 2
2178,0, 410, False, 2
2179,0, 410, False, 2
2180,0, 410, False, 2
2181,0, 410, False, 2
2182,0, 410, False, 2
2183,0, 410, False, 2
2184,0, 410, False, 2
2185,0, 410, False, 2
2186,10, 420, False, 2
2187,0, 420, False, 2
2188,0, 420, False, 2
2189,0, 420, False, 2
2190,0, 420, False, 2
2191,0, 420, False, 2
2192,0, 420, False, 2
2193,0, 420, False, 2
2194,0, 420, False, 2
2195,0, 420, False, 2
2196,0, 420, False, 2
2197,0, 420, False, 2
2198,0, 420, False, 2
2199,0, 420, False, 2
2200,10, 430, False, 2
2201,0, 430, False, 2
2202,0, 430, False, 2
2203,0, 430, False, 2
2204,0, 430, False, 2
2205,0, 430, False, 2
2206,0, 430, False, 2
2207,0, 430, False, 2
2208,0, 430, False, 2
2209,0, 430, False, 2
2210,0, 430, False, 2
2211,0, 430, False, 2
2212,0, 430, False, 2
2213,0, 430, False, 2
2214,10, 440, False, 2
2215,0, 440, False, 2
2216,0, 440, False, 2
2217,0, 440, False, 2
2218,0, 440, False, 2
2219,0, 440, False, 2
2220,0, 440, False, 2
2221,0, 440, False, 2
2222,0, 440, False, 2
2223,0, 440, False, 2
2224,0, 440, False, 2
2225,0, 440, False, 2
2226,0, 440, False, 2
2227,0, 440, False, 2
2228,10, 450, False, 2
2229,0, 450, False, 2
2230,0, 450, False, 2
2231,0, 450, False, 2
2232,0, 450, False, 2
2233,0, 450, False, 2
2234,0, 450, False, 2
2235,0, 450, False, 2
2236,0, 450, False, 2
2237,0, 450, False, 2
2238,0, 450, False, 2
2239,0, 450, False, 2
2240,0, 450, False, 2
2241,0, 450, False, 2
2242,10, 460, False, 2
2243,0, 460, False, 2
2244,0, 460, False, 2
2245,0, 460, False, 2
2246,0, 460, False, 2
2247,0, 460, False, 2
2248,0, 460, False, 2
2249,0, 460, False, 2
2250,0, 460, False, 2
2251,0, 460, False, 2
2252,0, 460, False, 2
2253,0, 460, False, 2
2254,0, 460, False, 2
2255,0, 460, False, 2
2256,10, 470, False, 2
2257,0, 470, False, 2
2258,0, 470, False, 2
2259,0, 470, False, 2
2260,0, 470, False, 2
2261,0, 470, False, 2
2262,0, 470, False, 2
2263,0, 470, False, 2
2264,0, 470, False, 2
2265,0, 470, False, 2
2266,0, 470, False, 2
2267,0, 470, False, 2
2268,0, 470, False, 2
2269,0, 470, False, 2
2270,10, 480, False, 2
2271,0, 480, False, 2
2272,0, 480, False, 2
2273,0, 480, False, 2
2274,0, 480, False, 2
2275,0, 480, False, 2
2276,0, 480, False, 2
2277,0, 480, False, 2
2278,0, 480, False, 2
2279,0, 480, False, 7
2280,0, 480, False, 7
2281,0, 480, False, 4
2282,0, 480, False, 4
2283,0, 480, False, 4
2284,10, 490, False, 4
2285,0, 490, False, 4
2286,0, 490, False, 4
2287,0, 490, False, 4
2288,0, 490, False, 4
2289,0, 490, False, 4
2290,0, 490, False, 4
2291,0, 490, False, 4
2292,0, 490, False, 4
2293,0, 490, False, 4
2294,0, 490, False, 4
2295,0, 490, False, 4
2296,10, 500, False, 4
2297,0, 500, False, 0
2298,0, 500, False, 0
2299,0, 500, False, 2
2300,0, 500, False, 2
2301,0, 500, False, 2
2302,0, 500, False, 2
2303,0, 500, False, 2
2304,0, 500, False, 2
2305,0, 500, False, 2
2306,0, 500, False, 2
2307,0, 500, False, 2
2308,50, 550, False, 2
2309,0, 550, False, 2
2310,0, 550, False, 2
2311,0, 550, False, 2
2312,0, 550, False, 2
2313,0, 550, False, 2
2314,0, 550, False, 2
2315,0, 550, False, 2
2316,0, 550, False, 2
2317,0, 550, False, 2
2318,0, 550, False, 2
2319,0, 550, False, 2
2320,0, 550, False, 2
2321,0, 550, False, 2
2322,0, 550, False, 2
2323,0, 550, False, 2
2324,10, 560, False, 2
2325,0, 560, False, 2
2326,0, 560, False, 2
2327,0, 560, False, 2
2328,0, 560, False, 2
2329,0, 560, False, 2
2330,0, 560, False, 2
2331,0, 560, False, 2
2332,0, 560, False, 2
2333,0, 560, False, 0
2334,0, 560, False, 3
2335,0, 560, False, 3
2336,0, 560, False, 3
2337,0, 560, False, 3
2338,0, 560, False, 3
2339,0, 560, False, 3
2340,0, 560, False, 3
2341,0, 560, False, 3
2342,10, 570, False, 3
2343,0, 570, False, 3
2344,0, 570, False, 3
2345,0, 570, False, 3
2346,0, 570, False, 3
2347,0, 570, False, 3
2348,0, 570, False, 3
2349,0, 570, False, 3
2350,0, 570, False, 3
2351,0, 570, False, 3
2352,0, 570, False, 3
2353,0, 570, False, 3
2354,0, 570, False, 3
2355,0, 570, False, 3
2356,10, 580, False, 3
2357,0, 580, False, 3
2358,0, 580, False, 3
2359,0, 580, False, 3
2360,0, 580, False, 3
2361,0, 580, False, 3
2362,0, 580, False, 3
2363,0, 580, False, 3
2364,0, 580, False, 3
2365,0, 580, False, 3
2366,0, 580, False, 3
2367,0, 580, False, 3
2368,10, 590, False, 3
2369,0, 590, False, 3
2370,0, 590, False, 3
2371,0, 590, False, 3
2372,0, 590, False, 8
2373,0, 590, False, 5
2374,0, 590, False, 5
2375,0, 590, False, 5
2376,0, 590, False, 5
2377,0, 590, False, 5
2378,0, 590, False, 5
2379,0, 590, False, 5
2380,0, 590, False, 5
2381,0, 590, False, 5
2382,10, 600, False, 5
2383,0, 600, False, 5
2384,0, 600, False, 5
2385,0, 600, False, 5
2386,0, 600, False, 5
2387,0, 600, False, 5
2388,0, 600, False, 5
2389,0, 600, False, 5
2390,0, 600, False, 5
2391,0, 600, False, 5
2392,0, 600, False, 5
2393,0, 600, False, 5
2394,0, 600, False, 5
2395,0, 600, False, 5
2396,10, 610, False, 5
2397,0, 610, False, 5
2398,0, 610, False, 5
2399,0, 610, False, 5
2400,0, 610, False, 5
2401,0, 610, False, 5
2402,0, 610, False, 5
2403,0, 610, False, 5
2404,0, 610, False, 5
2405,0, 610, False, 5
2406,0, 610, False, 5
2407,0, 610, False, 5
2408,0, 610, False, 5
2409,0, 610, False, 5
2410,10, 620, False, 5
2411,0, 620, False, 5
2412,0, 620, False, 5
2413,0, 620, False, 5
2414,0, 620, False, 5
2415,0, 620, False, 5
2416,0, 620, False, 5
2417,0, 620, False, 5
2418,0, 620, False, 5
2419,0, 620, False, 5
2420,0, 620, False, 5
2421,0, 620, False, 5
2422,0, 620, False, 5
2423,0, 620, False, 5
2424,10, 630, False, 5
2425,0, 630, False, 5
2426,0, 630, False, 5
2427,0, 630, False, 0
2428,0, 630, False, 3
2429,0, 630, False, 3
2430,0, 630, False, 3
2431,0, 630, False, 3
2432,0, 630, False, 3
2433,0, 630, False, 3
2434,0, 630, False, 3
2435,0, 630, False, 3
2436,0, 630, False, 3
2437,0, 630, False, 3
2438,10, 640, False, 3
2439,0, 640, False, 3
2440,0, 640, False, 3
2441,0, 640, False, 3
2442,0, 640, False, 3
2443,0, 640, False, 3
2444,0, 640, False, 3
2445,0, 640, False, 3
2446,0, 640, False, 3
2447,0, 640, False, 3
2448,0, 640, False, 3
2449,0, 640, False, 3
2450,0, 640, False, 3
2451,0, 640, False, 3
2452,10, 650, False, 3
2453,0, 650, False, 3
2454,0, 650, False, 3
2455,0, 650, False, 3
2456,0, 650, False, 3
2457,0, 650, False, 3
2458,0, 650, False, 3
2459,0, 650, False, 3
2460,0, 650, False, 3
2461,0, 650, False, 3
2462,0, 650, False, 3
2463,0, 650, False, 3
2464,10, 660, False, 3
2465,0, 660, False, 3
2466,0, 660, False, 3
2467,0, 660, False, 3
2468,0, 660, False, 3
2469,0, 660, False, 3
2470,0, 660, False, 3
2471,0, 660, False, 3
2472,0, 660, False, 3
2473,0, 660, False, 3
2474,0, 660, False, 3
2475,0, 660, False, 3
2476,0, 660, False, 3
2477,0, 660, False, 3
2478,10, 670, False, 3
2479,0, 670, False, 3
2480,0, 670, False, 3
2481,0, 670, False, 3
2482,0, 670, False, 3
2483,0, 670, False, 3
2484,0, 670, False, 3
2485,0, 670, False, 3
2486,0, 670, False, 3
2487,0, 670, False, 3
2488,0, 670, False, 3
2489,0, 670, False, 3
2490,0, 670, False, 3
2491,0, 670, False, 3
2492,10, 680, False, 3
2493,0, 680, False, 3
2494,0, 680, False, 3
2495,0, 680, False, 3
2496,0, 680, False, 3
2497,0, 680, False, 3
2498,0, 680, False, 3
2499,0, 680, False, 3
2500,0, 680, False, 3
2501,0, 680, False, 3
2502,0, 680, False, 3
2503,0, 680, False, 3
2504,0, 680, False, 3
2505,0, 680, False, 3
2506,0, 680, False, 3
2507,0, 680, False, 3
2508,0, 680, False, 3
2509,0, 680, False, 3
2510,10, 690, False, 3
2511,0, 690, False, 3
2512,0, 690, False, 3
2513,0, 690, False, 3
2514,0, 690, False, 3
2515,0, 690, False, 3
2516,0, 690, False, 3
2517,0, 690, False, 3
2518,0, 690, False, 3
2519,0, 690, False, 3
2520,0, 690, False, 3
2521,0, 690, False, 3
2522,0, 690, False, 3
2523,0, 690, False, 3
2524,10, 700, False, 3
2525,0, 700, False, 3
2526,0, 700, False, 3
2527,0, 700, False, 3
2528,0, 700, False, 3
2529,0, 700, False, 3
2530,0, 700, False, 3
2531,0, 700, False, 3
2532,0, 700, False, 3
2533,0, 700, False, 3
2534,0, 700, False, 3
2535,0, 700, False, 3
2536,10, 710, False, 3
2537,0, 710, False, 3
2538,0, 710, False, 3
2539,0, 710, False, 3
2540,0, 710, False, 3
2541,0, 710, False, 3
2542,0, 710, False, 3
2543,0, 710, False, 3
2544,0, 710, False, 3
2545,0, 710, False, 3
2546,0, 710, False, 3
2547,0, 710, False, 3
2548,0, 710, False, 3
2549,0, 710, False, 3
2550,10, 720, False, 3
2551,0, 720, False, 3
2552,0, 720, False, 3
2553,0, 720, False, 3
2554,200, 920, False, 3
2555,0, 920, False, 3
2556,0, 920, False, 3
2557,0, 920, False, 3
2558,0, 920, False, 3
2559,0, 920, False, 3
2560,0, 920, False, 3
2561,0, 920, False, 3
2562,0, 920, False, 3
2563,0, 920, False, 3
2564,0, 920, False, 3
2565,0, 920, False, 3
2566,0, 920, False, 3
2567,0, 920, False, 3
2568,0, 920, False, 3
2569,0, 920, False, 3
2570,0, 920, False, 3
2571,0, 920, False, 3
2572,0, 920, False, 3
2573,0, 920, False, 3
2574,0, 920, False, 3
2575,0, 920, False, 3
2576,0, 920, False, 3
2577,0, 920, False, 3
2578,0, 920, False, 3
2579,0, 920, False, 3
2580,0, 920, False, 3
2581,0, 920, False, 3
2582,0, 920, False, 3
2583,0, 920, False, 3
2584,10, 930, False, 3
2585,0, 930, False, 3
2586,0, 930, False, 3
2587,0, 930, False, 3
2588,0, 930, False, 3
2589,0, 930, False, 3
2590,0, 930, False, 3
2591,0, 930, False, 3
2592,0, 930, False, 3
2593,0, 930, False, 3
2594,0, 930, False, 3
2595,0, 930, False, 3
2596,10, 940, False, 3
2597,0, 940, False, 3
2598,0, 940, False, 3
2599,0, 940, False, 3
2600,0, 940, False, 3
2601,0, 940, False, 3
2602,0, 940, False, 3
2603,0, 940, False, 3
2604,0, 940, False, 3
2605,0, 940, False, 3
2606,0, 940, False, 3
2607,0, 940, False, 3
2608,0, 940, False, 3
2609,0, 940, False, 3
2610,0, 940, False, 3
2611,0, 940, False, 3
2612,0, 940, False, 3
2613,0, 940, False, 3
2614,0, 940, False, 3
2615,0, 940, False, 3
2616,0, 940, False, 3
2617,0, 940, False, 3
2618,0, 940, False, 3
2619,0, 940, False, 3
2620,0, 940, False, 0
2621,0, 940, False, 0
2622,0, 940, False, 2
2623,0, 940, False, 2
2624,0, 940, False, 2
2625,0, 940, False, 2
2626,0, 940, False, 2
2627,0, 940, False, 2
2628,0, 940, False, 2
2629,0, 940, False, 2
2630,0, 940, False, 2
2631,0, 940, False, 2
2632,0, 940, False, 2
2633,0, 940, False, 2
2634,10, 950, False, 2
2635,0, 950, False, 2
2636,0, 950, False, 2
2637,0, 950, False, 2
2638,0, 950, False, 2
2639,0, 950, False, 2
2640,0, 950, False, 2
2641,0, 950, False, 2
2642,0, 950, False, 2
2643,0, 950, False, 2
2644,0, 950, False, 2
2645,0, 950, False, 2
2646,0, 950, False, 2
2647,0, 950, False, 2
2648,10, 960, False, 2
2649,0, 960, False, 2
2650,0, 960, False, 2
2651,0, 960, False, 2
2652,0, 960, False, 2
2653,0, 960, False, 2
2654,0, 960, False, 2
2655,0, 960, False, 2
2656,0, 960, False, 2
2657,0, 960, False, 2
2658,0, 960, False, 2
2659,0, 960, False, 2
2660,0, 960, False, 2
2661,0, 960, False, 2
2662,10, 970, False, 2
2663,0, 970, False, 2
2664,0, 970, False, 2
2665,0, 970, False, 2
2666,0, 970, False, 2
2667,0, 970, False, 2
2668,0, 970, False, 2
2669,0, 970, False, 2
2670,0, 970, False, 2
2671,0, 970, False, 2
2672,0, 970, False, 2
2673,0, 970, False, 2
2674,0, 970, False, 2
2675,0, 970, False, 2
2676,10, 980, False, 6
2677,0, 980, False, 6
2678,0, 980, False, 6
2679,0, 980, False, 3
2680,0, 980, False, 3
2681,0, 980, False, 3
2682,0, 980, False, 3
2683,0, 980, False, 3
2684,0, 980, False, 3
2685,0, 980, False, 3
2686,0, 980, False, 3
2687,0, 980, False, 3
2688,10, 990, False, 3
2689,0, 990, False, 3
2690,0, 990, False, 3
2691,0, 990, False, 3
2692,0, 990, False, 3
2693,0, 990, False, 3
2694,0, 990, False, 3
2695,0, 990, False, 3
2696,0, 990, False, 3
2697,0, 990, False, 3
2698,0, 990, False, 3
2699,0, 990, False, 3
2700,10, 1000, False, 3
2701,0, 1000, False, 3
2702,0, 1000, False, 3
2703,0, 1000, False, 3
2704,0, 1000, False, 3
2705,0, 1000, False, 3
2706,0, 1000, False, 3
2707,0, 1000, False, 3
2708,0, 1000, False, 3
2709,0, 1000, False, 3
2710,0, 1000, False, 3
2711,0, 1000, False, 3
2712,0, 1000, False, 3
2713,0, 1000, False, 3
2714,10, 1010, False, 8
2715,0, 1010, False, 5
2716,0, 1010, False, 5
2717,0, 1010, False, 5
2718,0, 1010, False, 5
2719,0, 1010, False, 5
2720,0, 1010, False, 5
2721,0, 1010, False, 5
2722,0, 1010, False, 5
2723,0, 1010, False, 5
2724,0, 1010, False, 5
2725,0, 1010, False, 5
2726,0, 1010, False, 5
2727,0, 1010, False, 5
2728,0, 1010, False, 5
2729,0, 1010, False, 5
2730,50, 1060, False, 5
2731,0, 1060, False, 5
2732,0, 1060, False, 5
2733,0, 1060, False, 5
2734,0, 1060, False, 5
2735,0, 1060, False, 5
2736,0, 1060, False, 5
2737,0, 1060, False, 5
2738,0, 1060, False, 5
2739,0, 1060, False, 5
2740,10, 1070, False, 9
2741,0, 1070, False, 4
2742,0, 1070, False, 4
2743,0, 1070, False, 4
2744,0, 1070, False, 4
2745,0, 1070, False, 4
2746,0, 1070, False, 4
2747,0, 1070, False, 4
2748,0, 1070, False, 4
2749,0, 1070, False, 4
2750,0, 1070, False, 4
2751,0, 1070, False, 4
2752,0, 1070, False, 4
2753,0, 1070, False, 4
2754,0, 1070, False, 4
2755,0, 1070, False, 4
2756,10, 1080, False, 4
2757,0, 1080, False, 4
2758,0, 1080, False, 4
2759,0, 1080, False, 4
2760,0, 1080, False, 4
2761,0, 1080, False, 4
2762,0, 1080, False, 4
2763,0, 1080, False, 4
2764,0, 1080, False, 4
2765,0, 1080, False, 4
2766,0, 1080, False, 4
2767,0, 1080, False, 4
2768,10, 1090, False, 4
2769,0, 1090, False, 4
2770,0, 1090, False, 4
2771,0, 1090, False, 4
2772,0, 1090, False, 4
2773,0, 1090, False, 4
2774,0, 1090, False, 4
2775,0, 1090, False, 4
2776,0, 1090, False, 9
2777,0, 1090, False, 9
2778,0, 1090, False, 5
2779,0, 1090, False, 5
2780,0, 1090, False, 5
2781,0, 1090, False, 5
2782,0, 1090, False, 5
2783,0, 1090, False, 5
2784,0, 1090, False, 5
2785,0, 1090, False, 5
2786,0, 1090, False, 5
2787,0, 1090, False, 5
2788,0, 1090, False, 5
2789,0, 1090, False, 5
2790,0, 1090, False, 5
2791,0, 1090, False, 5
2792,0, 1090, False, 5
2793,0, 1090, False, 5
2794,0, 1090, False, 5
2795,0, 1090, False, 5
2796,0, 1090, False, 5
2797,0, 1090, False, 5
2798,0, 1090, False, 5
2799,0, 1090, False, 5
2800,0, 1090, False, 5
2801,0, 1090, False, 5
2802,0, 1090, False, 9
2803,0, 1090, False, 9
2804,0, 1090, False, 4
2805,0, 1090, False, 4
2806,0, 1090, False, 4
2807,0, 1090, False, 4
2808,0, 1090, False, 4
2809,0, 1090, False, 4
2810,0, 1090, False, 4
2811,0, 1090, False, 4
2812,0, 1090, False, 4
2813,0, 1090, False, 4
2814,0, 1090, False, 4
2815,0, 1090, False, 4
2816,0, 1090, False, 4
2817,0, 1090, False, 4
2818,0, 1090, False, 4
2819,0, 1090, False, 4
2820,0, 1090, False, 4
2821,0, 1090, False, 4
2822,0, 1090, False, 4
2823,0, 1090, False, 4
2824,0, 1090, False, 4
2825,0, 1090, False, 4
2826,0, 1090, False, 4
2827,0, 1090, False, 4
2828,0, 1090, False, 4
2829,0, 1090, False, 4
2830,0, 1090, False, 4
2831,0, 1090, False, 4
2832,0, 1090, False, 4
2833,0, 1090, False, 4
2834,0, 1090, False, 4
2835,0, 1090, False, 4
2836,100, 1190, False, 4
2837,0, 1190, False, 4
2838,0, 1190, False, 4
2839,0, 1190, False, 4
2840,0, 1190, False, 4
2841,0, 1190, False, 4
2842,0, 1190, False, 4
2843,0, 1190, False, 4
2844,0, 1190, False, 4
2845,0, 1190, False, 4
2846,0, 1190, False, 4
2847,0, 1190, False, 4
2848,0, 1190, False, 4
2849,0, 1190, False, 4
2850,0, 1190, False, 4
2851,0, 1190, False, 4
2852,0, 1190, False, 4
2853,0, 1190, False, 4
2854,0, 1190, False, 4
2855,0, 1190, False, 4
2856,0, 1190, False, 4
2857,0, 1190, False, 4
2858,0, 1190, False, 4
2859,0, 1190, False, 4
2860,0, 1190, False, 4
2861,0, 1190, False, 4
2862,0, 1190, False, 4
2863,0, 1190, False, 4
2864,0, 1190, False, 4
2865,0, 1190, False, 4
2866,0, 1190, False, 4
2867,0, 1190, False, 4
2868,0, 1190, False, 4
2869,0, 1190, False, 4
2870,0, 1190, False, 4
2871,0, 1190, False, 4
2872,0, 1190, False, 4
2873,0, 1190, False, 4
2874,0, 1190, False, 4
2875,0, 1190, False, 4
2876,0, 1190, False, 4
2877,0, 1190, False, 4
2878,0, 1190, False, 4
2879,0, 1190, False, 4
2880,0, 1190, False, 4
2881,0, 1190, False, 4
2882,0, 1190, False, 4
2883,0, 1190, False, 4
2884,0, 1190, False, 4
2885,0, 1190, False, 4
2886,0, 1190, False, 4
2887,0, 1190, False, 4
2888,200, 1390, False, 4
2889,0, 1390, False, 4
2890,0, 1390, False, 4
2891,0, 1390, False, 4
2892,0, 1390, False, 4
2893,0, 1390, False, 4
2894,0, 1390, False, 4
2895,0, 1390, False, 4
2896,0, 1390, False, 4
2897,0, 1390, False, 4
2898,0, 1390, False, 4
2899,0, 1390, False, 4
2900,0, 1390, False, 4
2901,0, 1390, False, 4
2902,0, 1390, False, 4
2903,0, 1390, False, 4
2904,0, 1390, False, 4
2905,0, 1390, False, 4
2906,0, 1390, False, 4
2907,0, 1390, False, 4
2908,0, 1390, False, 4
2909,0, 1390, False, 4
2910,0, 1390, False, 4
2911,0, 1390, False, 4
2912,0, 1390, False, 4
2913,0, 1390, False, 4
2914,0, 1390, False, 4
2915,0, 1390, False, 4
2916,0, 1390, False, 4
2917,0, 1390, False, 4
2918,0, 1390, False, 4
2919,0, 1390, False, 4
2920,0, 1390, False, 4
2921,0, 1390, False, 4
2922,0, 1390, False, 4
2923,0, 1390, False, 4
2924,0, 1390, False, 4
2925,0, 1390, False, 4
2926,0, 1390, False, 4
2927,0, 1390, False, 4
2928,0, 1390, False, 4
2929,0, 1390, False, 4
2930,0, 1390, False, 4
2931,0, 1390, False, 4
2932,0, 1390, False, 4
2933,0, 1390, False, 4
2934,0, 1390, False, 4
2935,0, 1390, False, 4
2936,0, 1390, False, 4
2937,0, 1390, False, 4
2938,0, 1390, False, 4
2939,0, 1390, False, 4
2940,0, 1390, False, 4
2941,0, 1390, False, 4
2942,0, 1390, False, 4
2943,0, 1390, False, 4
2944,0, 1390, False, 4
2945,0, 1390, False, 0
2946,0, 1390, False, 0
2947,0, 1390, False, 0
2948,0, 1390, False, 0
2949,0, 1390, False, 3
2950,0, 1390, False, 3
2951,0, 1390, False, 3
2952,0, 1390, False, 3
2953,0, 1390, False, 3
2954,0, 1390, False, 3
2955,0, 1390, False, 3
2956,0, 1390, False, 3
2957,0, 1390, False, 3
2958,0, 1390, False, 3
2959,0, 1390, False, 3
2960,0, 1390, False, 3
2961,0, 1390, False, 3
2962,0, 1390, False, 3
2963,0, 1390, False, 3
2964,0, 1390, False, 3
2965,0, 1390, False, 3
2966,0, 1390, False, 3
2967,0, 1390, False, 3
2968,0, 1390, False, 3
2969,0, 1390, False, 3
2970,0, 1390, False, 3
2971,0, 1390, False, 3
2972,0, 1390, False, 3
2973,0, 1390, False, 3
2974,0, 1390, False, 3
2975,0, 1390, False, 3
2976,0, 1390, False, 3
2977,0, 1390, False, 3
2978,0, 1390, False, 3
2979,0, 1390, False, 3
2980,0, 1390, False, 3
2981,0, 1390, False, 3
2982,0, 1390, False, 3
2983,0, 1390, False, 3
2984,0, 1390, False, 3
2985,0, 1390, False, 3
2986,0, 1390, False, 3
2987,0, 1390, False, 3
2988,0, 1390, False, 3
2989,0, 1390, False, 3
2990,0, 1390, False, 3
2991,0, 1390, False, 3
2992,0, 1390, False, 3
2993,0, 1390, False, 3
2994,0, 1390, False, 3
2995,0, 1390, False, 3
2996,0, 1390, False, 3
2997,0, 1390, False, 3
2998,0, 1390, False, 3
2999,0, 1390, False, 3
3000,0, 1390, False, 3
3001,0, 1390, False, 3
3002,0, 1390, False, 3
3003,0, 1390, False, 3
3004,0, 1390, False, 3
3005,0, 1390, False, 3
3006,0, 1390, False, 3
3007,0, 1390, False, 3
3008,0, 1390, False, 3
3009,0, 1390, False, 3
3010,0, 1390, False, 3
3011,0, 1390, False, 3
3012,0, 1390, False, 3
3013,0, 1390, False, 3
3014,0, 1390, False, 3
3015,0, 1390, False, 3
3016,0, 1390, False, 3
3017,0, 1390, False, 3
3018,0, 1390, False, 3
3019,0, 1390, False, 3
3020,0, 1390, False, 3
3021,0, 1390, False, 3
3022,0, 1390, False, 3
3023,0, 1390, False, 3
3024,0, 1390, False, 3
3025,0, 1390, False, 3
3026,0, 1390, False, 3
3027,0, 1390, False, 3
3028,0, 1390, False, 3
3029,0, 1390, False, 3
3030,0, 1390, False, 3
3031,0, 1390, False, 3
3032,0, 1390, False, 3
3033,0, 1390, False, 3
3034,0, 1390, False, 3
3035,0, 1390, False, 3
3036,0, 1390, False, 3
3037,0, 1390, False, 3
3038,0, 1390, False, 3
3039,0, 1390, False, 3
3040,0, 1390, False, 3
3041,0, 1390, False, 3
3042,0, 1390, False, 0
3043,0, 1390, False, 0
3044,0, 1390, False, 4
3045,0, 1390, False, 4
3046,0, 1390, False, 4
3047,0, 1390, False, 4
3048,0, 1390, False, 4
3049,0, 1390, False, 4
3050,0, 1390, False, 4
3051,0, 1390, False, 4
3052,0, 1390, False, 4
3053,0, 1390, False, 4
3054,0, 1390, False, 4
3055,0, 1390, False, 4
3056,0, 1390, False, 4
3057,0, 1390, False, 4
3058,0, 1390, False, 4
3059,0, 1390, False, 4
3060,0, 1390, False, 4
3061,0, 1390, False, 4
3062,0, 1390, False, 4
3063,0, 1390, False, 4
3064,0, 1390, False, 4
3065,0, 1390, False, 9
3066,0, 1390, False, 9
3067,0, 1390, False, 9
3068,0, 1390, False, 9
3069,0, 1390, False, 4
3070,0, 1390, False, 4
3071,0, 1390, False, 4
3072,0, 1390, False, 4
3073,0, 1390, False, 4
3074,0, 1390, False, 4
3075,0, 1390, False, 4
3076,0, 1390, False, 4
3077,0, 1390, False, 4
3078,0, 1390, False, 4
3079,0, 1390, False, 4
3080,0, 1390, False, 4
3081,0, 1390, False, 4
3082,0, 1390, False, 4
3083,0, 1390, False, 4
3084,0, 1390, False, 4
3085,0, 1390, False, 4
3086,0, 1390, False, 4
3087,0, 1390, False, 4
3088,0, 1390, False, 4
3089,0, 1390, False, 5
3090,0, 1390, False, 5
3091,0, 1390, False, 5
3092,0, 1390, False, 5
3093,0, 1390, False, 5
3094,0, 1390, False, 5
3095,0, 1390, False, 5
3096,0, 1390, False, 5
3097,0, 1390, False, 0
3098,0, 1390, False, 0
3099,0, 1390, False, 0
3100,0, 1390, False, 0
3101,0, 1390, False, 0
3102,0, 1390, False, 0
3103,0, 1390, False, 0
3104,0, 1390, False, 0
3105,0, 1390, False, 3
3106,0, 1390, False, 3
3107,0, 1390, False, 3
3108,0, 1390, False, 3
3109,0, 1390, False, 3
3110,0, 1390, False, 3
3111,0, 1390, False, 3
3112,0, 1390, False, 3
3113,0, 1390, False, 3
3114,0, 1390, False, 3
3115,0, 1390, False, 3
3116,0, 1390, False, 3
3117,0, 1390, False, 3
3118,0, 1390, False, 3
3119,0, 1390, False, 3
3120,0, 1390, False, 3
3121,0, 1390, False, 3
3122,0, 1390, False, 3
3123,0, 1390, False, 3
3124,0, 1390, False, 3
3125,0, 1390, False, 3
3126,0, 1390, False, 3
3127,0, 1390, False, 3
3128,0, 1390, False, 3
3129,0, 1390, False, 3
3130,0, 1390, False, 3
3131,0, 1390, False, 3
3132,0, 1390, False, 0
3133,0, 1390, False, 0
3134,0, 1390, False, 0
3135,0, 1390, False, 2
3136,0, 1390, False, 2
3137,0, 1390, False, 2
3138,0, 1390, False, 2
3139,0, 1390, False, 2
3140,0, 1390, False, 2
3141,0, 1390, False, 2
3142,0, 1390, False, 2
3143,0, 1390, False, 2
3144,0, 1390, False, 2
3145,0, 1390, False, 2
3146,0, 1390, False, 2
3147,0, 1390, False, 2
3148,0, 1390, False, 2
3149,0, 1390, False, 2
3150,0, 1390, False, 2
3151,0, 1390, False, 2
3152,10, 1400, False, 2
3153,0, 1400, False, 2
3154,0, 1400, False, 2
3155,0, 1400, False, 2
3156,0, 1400, False, 2
3157,0, 1400, False, 2
3158,0, 1400, False, 2
3159,0, 1400, False, 2
3160,0, 1400, False, 2
3161,0, 1400, False, 2
3162,0, 1400, False, 2
3163,0, 1400, False, 2
3164,0, 1400, False, 2
3165,0, 1400, False, 2
3166,10, 1410, False, 2
3167,0, 1410, False, 2
3168,0, 1410, False, 3
3169,0, 1410, False, 3
3170,0, 1410, False, 3
3171,0, 1410, False, 3
3172,0, 1410, False, 3
3173,0, 1410, False, 3
3174,0, 1410, False, 3
3175,0, 1410, False, 3
3176,0, 1410, False, 3
3177,0, 1410, False, 3
3178,10, 1420, False, 3
3179,0, 1420, False, 3
3180,0, 1420, False, 0
3181,0, 1420, False, 2
3182,0, 1420, False, 2
3183,0, 1420, False, 2
3184,0, 1420, False, 2
3185,0, 1420, False, 2
3186,0, 1420, False, 2
3187,0, 1420, False, 2
3188,0, 1420, False, 2
3189,0, 1420, False, 2
3190,0, 1420, False, 2
3191,0, 1420, False, 2
3192,0, 1420, False, 2
3193,0, 1420, False, 2
3194,0, 1420, False, 2
3195,0, 1420, False, 2
3196,10, 1430, False, 2
3197,0, 1430, False, 2
3198,0, 1430, False, 2
3199,0, 1430, False, 2
3200,0, 1430, False, 2
3201,0, 1430, False, 2
3202,0, 1430, False, 2
3203,0, 1430, False, 2
3204,0, 1430, False, 2
3205,0, 1430, False, 2
3206,0, 1430, False, 2
3207,0, 1430, False, 2
3208,0, 1430, False, 2
3209,0, 1430, False, 2
3210,10, 1440, False, 2
3211,0, 1440, False, 2
3212,0, 1440, False, 7
3213,0, 1440, False, 7
3214,0, 1440, False, 7
3215,0, 1440, False, 4
3216,0, 1440, False, 4
3217,0, 1440, False, 4
3218,0, 1440, False, 4
3219,0, 1440, False, 4
3220,0, 1440, False, 4
3221,0, 1440, False, 4
3222,0, 1440, False, 4
3223,0, 1440, False, 4
3224,10, 1450, False, 4
3225,0, 1450, False, 4
3226,0, 1450, False, 4
3227,0, 1450, False, 4
3228,0, 1450, False, 4
3229,0, 1450, False, 4
3230,0, 1450, False, 4
3231,0, 1450, False, 4
3232,0, 1450, False, 4
3233,0, 1450, False, 4
3234,0, 1450, False, 4
3235,0, 1450, False, 4
3236,10, 1460, False, 4
3237,0, 1460, False, 4
3238,0, 1460, False, 4
3239,0, 1460, False, 4
3240,0, 1460, False, 4
3241,0, 1460, False, 4
3242,0, 1460, False, 4
3243,0, 1460, False, 4
3244,0, 1460, False, 4
3245,0, 1460, False, 4
3246,0, 1460, False, 4
3247,0, 1460, False, 4
3248,0, 1460, False, 4
3249,0, 1460, False, 4
3250,10, 1470, False, 4
3251,0, 1470, False, 4
3252,0, 1470, False, 4
3253,0, 1470, False, 4
3254,0, 1470, False, 4
3255,0, 1470, False, 4
3256,0, 1470, False, 4
3257,0, 1470, False, 4
3258,0, 1470, False, 4
3259,0, 1470, False, 4
3260,0, 1470, False, 4
3261,0, 1470, False, 4
3262,0, 1470, False, 4
3263,0, 1470, False, 4
3264,0, 1470, False, 4
3265,0, 1470, False, 4
3266,0, 1470, False, 4
3267,0, 1470, False, 4
3268,10, 1480, False, 4
3269,0, 1480, False, 4
3270,0, 1480, False, 4
3271,0, 1480, False, 4
3272,0, 1480, False, 4
3273,0, 1480, False, 4
3274,0, 1480, False, 4
3275,0, 1480, False, 4
3276,0, 1480, False, 4
3277,0, 1480, False, 4
3278,0, 1480, False, 4
3279,0, 1480, False, 4
3280,0, 1480, False, 4
3281,0, 1480, False, 4
3282,10, 1490, False, 4
3283,0, 1490, False, 4
3284,0, 1490, False, 4
3285,0, 1490, False, 4
3286,0, 1490, False, 4
3287,0, 1490, False, 4
3288,0, 1490, False, 4
3289,0, 1490, False, 4
3290,0, 1490, False, 4
3291,0, 1490, False, 4
3292,0, 1490, False, 4
3293,0, 1490, False, 4
3294,0, 1490, False, 4
3295,0, 1490, False, 4
3296,10, 1500, False, 4
3297,0, 1500, False, 4
3298,0, 1500, False, 4
3299,0, 1500, False, 4
3300,0, 1500, False, 4
3301,0, 1500, False, 4
3302,0, 1500, False, 4
3303,0, 1500, False, 4
3304,0, 1500, False, 4
3305,0, 1500, False, 4
3306,0, 1500, False, 4
3307,0, 1500, False, 4
3308,10, 1510, False, 4
3309,0, 1510, False, 4
3310,0, 1510, False, 4
3311,0, 1510, False, 4
3312,0, 1510, False, 9
3313,0, 1510, False, 9
3314,0, 1510, False, 5
3315,0, 1510, False, 5
3316,0, 1510, False, 5
3317,0, 1510, False, 5
3318,0, 1510, False, 5
3319,0, 1510, False, 5
3320,0, 1510, False, 5
3321,0, 1510, False, 5
3322,10, 1520, False, 5
3323,0, 1520, False, 5
3324,0, 1520, False, 5
3325,0, 1520, False, 5
3326,0, 1520, False, 5
3327,0, 1520, False, 5
3328,0, 1520, False, 5
3329,0, 1520, False, 3
3330,0, 1520, False, 3
3331,0, 1520, False, 3
3332,0, 1520, False, 3
3333,0, 1520, False, 3
3334,0, 1520, False, 3
3335,0, 1520, False, 3
3336,10, 1530, False, 3
3337,0, 1530, False, 3
3338,0, 1530, False, 3
3339,0, 1530, False, 3
3340,0, 1530, False, 3
3341,0, 1530, False, 3
3342,0, 1530, False, 3
3343,0, 1530, False, 3
3344,0, 1530, False, 3
3345,0, 1530, False, 3
3346,0, 1530, False, 3
3347,0, 1530, False, 3
3348,0, 1530, False, 3
3349,0, 1530, False, 3
3350,10, 1540, False, 3
3351,0, 1540, False, 3
3352,0, 1540, False, 3
3353,0, 1540, False, 3
3354,0, 1540, False, 3
3355,0, 1540, False, 3
3356,0, 1540, False, 3
3357,0, 1540, False, 3
3358,0, 1540, False, 3
3359,0, 1540, False, 3
3360,0, 1540, False, 3
3361,0, 1540, False, 3
3362,0, 1540, False, 3
3363,0, 1540, False, 3
3364,10, 1550, False, 3
3365,0, 1550, False, 3
3366,0, 1550, False, 3
3367,0, 1550, False, 3
3368,0, 1550, False, 3
3369,0, 1550, False, 3
3370,0, 1550, False, 3
3371,0, 1550, False, 3
3372,0, 1550, False, 3
3373,0, 1550, False, 3
3374,0, 1550, False, 3
3375,0, 1550, False, 3
3376,0, 1550, False, 3
3377,0, 1550, False, 3
3378,0, 1550, False, 3
3379,0, 1550, False, 3
3380,0, 1550, False, 3
3381,0, 1550, False, 3
3382,0, 1550, False, 3
3383,0, 1550, False, 3
3384,0, 1550, False, 3
3385,0, 1550, False, 3
3386,0, 1550, False, 3
3387,0, 1550, False, 3
3388,0, 1550, False, 3
3389,0, 1550, False, 3
3390,0, 1550, False, 3
3391,0, 1550, False, 3
3392,0, 1550, False, 3
3393,0, 1550, False, 3
3394,0, 1550, False, 3
3395,0, 1550, False, 3
3396,0, 1550, False, 3
3397,0, 1550, False, 3
3398,0, 1550, False, 3
3399,0, 1550, False, 3
3400,0, 1550, False, 3
3401,0, 1550, False, 3
3402,0, 1550, False, 3
3403,0, 1550, False, 3
3404,0, 1550, False, 3
3405,0, 1550, False, 3
3406,0, 1550, False, 3
3407,0, 1550, False, 3
3408,0, 1550, False, 3
3409,0, 1550, False, 3
3410,0, 1550, False, 3
3411,0, 1550, False, 3
3412,0, 1550, False, 3
3413,0, 1550, False, 3
3414,0, 1550, False, 3
3415,0, 1550, False, 3
3416,0, 1550, False, 3
3417,0, 1550, False, 3
3418,0, 1550, False, 3
3419,0, 1550, False, 3
3420,0, 1550, False, 3
3421,0, 1550, False, 3
3422,0, 1550, False, 3
3423,0, 1550, False, 3
3424,0, 1550, False, 3
3425,0, 1550, False, 3
3426,0, 1550, False, 3
3427,0, 1550, False, 3
3428,0, 1550, False, 3
3429,0, 1550, False, 3
3430,0, 1550, False, 3
3431,0, 1550, False, 3
3432,0, 1550, False, 3
3433,0, 1550, False, 3
3434,0, 1550, False, 3
3435,0, 1550, False, 3
3436,0, 1550, False, 3
3437,0, 1550, False, 3
3438,0, 1550, False, 3
3439,0, 1550, False, 3
3440,0, 1550, True, 3
