db traj id : 3265
frame,reward,score,terminal, action
0,0, 0, False, 0
1,0, 0, False, 0
2,0, 0, False, 0
3,0, 0, False, 0
4,0, 0, False, 0
5,0, 0, False, 0
6,0, 0, False, 0
7,0, 0, False, 0
8,0, 0, False, 0
9,0, 0, False, 0
10,0, 0, False, 0
11,0, 0, False, 0
12,0, 0, False, 0
13,0, 0, False, 0
14,0, 0, False, 0
15,0, 0, False, 0
16,0, 0, False, 0
17,0, 0, False, 0
18,0, 0, False, 0
19,0, 0, False, 0
20,0, 0, False, 0
21,0, 0, False, 0
22,0, 0, False, 0
23,0, 0, False, 0
24,0, 0, False, 0
25,0, 0, False, 0
26,0, 0, False, 0
27,0, 0, False, 0
28,0, 0, False, 0
29,0, 0, False, 0
30,0, 0, False, 0
31,0, 0, False, 0
32,0, 0, False, 0
33,0, 0, False, 0
34,0, 0, False, 0
35,0, 0, False, 0
36,0, 0, False, 0
37,0, 0, False, 0
38,0, 0, False, 0
39,0, 0, False, 0
40,0, 0, False, 0
41,0, 0, False, 0
42,0, 0, False, 0
43,0, 0, False, 0
44,0, 0, False, 0
45,0, 0, False, 0
46,0, 0, False, 0
47,0, 0, False, 0
48,0, 0, False, 0
49,0, 0, False, 0
50,0, 0, False, 0
51,0, 0, False, 0
52,0, 0, False, 0
53,0, 0, False, 0
54,0, 0, False, 0
55,0, 0, False, 0
56,0, 0, False, 0
57,0, 0, False, 0
58,0, 0, False, 0
59,0, 0, False, 0
60,0, 0, False, 0
61,0, 0, False, 3
62,0, 0, False, 3
63,0, 0, False, 3
64,0, 0, False, 3
65,0, 0, False, 3
66,0, 0, False, 3
67,0, 0, False, 3
68,0, 0, False, 3
69,0, 0, False, 3
70,0, 0, False, 3
71,0, 0, False, 3
72,0, 0, False, 3
73,0, 0, False, 3
74,0, 0, False, 3
75,0, 0, False, 3
76,0, 0, False, 3
77,0, 0, False, 3
78,0, 0, False, 3
79,0, 0, False, 3
80,0, 0, False, 3
81,0, 0, False, 3
82,0, 0, False, 3
83,0, 0, False, 3
84,0, 0, False, 3
85,0, 0, False, 3
86,0, 0, False, 3
87,0, 0, False, 3
88,0, 0, False, 3
89,0, 0, False, 0
90,0, 0, False, 0
91,0, 0, False, 0
92,0, 0, False, 0
93,0, 0, False, 0
94,0, 0, False, 0
95,0, 0, False, 0
96,0, 0, False, 0
97,0, 0, False, 0
98,0, 0, False, 3
99,0, 0, False, 3
100,0, 0, False, 3
101,0, 0, False, 3
102,0, 0, False, 3
103,0, 0, False, 3
104,0, 0, False, 0
105,0, 0, False, 0
106,0, 0, False, 0
107,0, 0, False, 0
108,0, 0, False, 0
109,0, 0, False, 0
110,0, 0, False, 0
111,0, 0, False, 0
112,0, 0, False, 0
113,0, 0, False, 0
114,0, 0, False, 0
115,0, 0, False, 3
116,0, 0, False, 3
117,0, 0, False, 3
118,0, 0, False, 3
119,0, 0, False, 0
120,0, 0, False, 0
121,0, 0, False, 0
122,0, 0, False, 0
123,0, 0, False, 0
124,0, 0, False, 0
125,0, 0, False, 0
126,0, 0, False, 0
127,0, 0, False, 0
128,0, 0, False, 0
129,0, 0, False, 0
130,0, 0, False, 3
131,0, 0, False, 3
132,0, 0, False, 3
133,0, 0, False, 3
134,0, 0, False, 0
135,0, 0, False, 0
136,0, 0, False, 0
137,0, 0, False, 0
138,0, 0, False, 0
139,0, 0, False, 0
140,0, 0, False, 0
141,0, 0, False, 0
142,0, 0, False, 0
143,0, 0, False, 0
144,0, 0, False, 3
145,0, 0, False, 3
146,0, 0, False, 3
147,0, 0, False, 3
148,0, 0, False, 3
149,0, 0, False, 0
150,0, 0, False, 0
151,0, 0, False, 0
152,0, 0, False, 0
153,0, 0, False, 0
154,0, 0, False, 0
155,0, 0, False, 0
156,0, 0, False, 0
157,0, 0, False, 3
158,0, 0, False, 3
159,0, 0, False, 3
160,0, 0, False, 3
161,0, 0, False, 3
162,0, 0, False, 3
163,0, 0, False, 3
164,0, 0, False, 0
165,0, 0, False, 0
166,0, 0, False, 0
167,0, 0, False, 0
168,0, 0, False, 0
169,0, 0, False, 0
170,0, 0, False, 0
171,0, 0, False, 0
172,0, 0, False, 0
173,0, 0, False, 3
174,0, 0, False, 3
175,0, 0, False, 3
176,0, 0, False, 3
177,0, 0, False, 3
178,0, 0, False, 3
179,0, 0, False, 0
180,0, 0, False, 0
181,0, 0, False, 0
182,0, 0, False, 0
183,0, 0, False, 0
184,0, 0, False, 0
185,0, 0, False, 0
186,0, 0, False, 3
187,0, 0, False, 3
188,0, 0, False, 3
189,0, 0, False, 3
190,0, 0, False, 3
191,0, 0, False, 3
192,0, 0, False, 3
193,0, 0, False, 0
194,0, 0, False, 0
195,0, 0, False, 0
196,0, 0, False, 0
197,0, 0, False, 0
198,0, 0, False, 0
199,0, 0, False, 0
200,0, 0, False, 3
201,0, 0, False, 3
202,0, 0, False, 3
203,0, 0, False, 3
204,0, 0, False, 3
205,0, 0, False, 3
206,0, 0, False, 0
207,0, 0, False, 0
208,0, 0, False, 0
209,0, 0, False, 0
210,0, 0, False, 0
211,0, 0, False, 0
212,0, 0, False, 0
213,0, 0, False, 3
214,0, 0, False, 3
215,0, 0, False, 3
216,0, 0, False, 3
217,0, 0, False, 3
218,0, 0, False, 3
219,0, 0, False, 3
220,0, 0, False, 3
221,0, 0, False, 0
222,0, 0, False, 0
223,0, 0, False, 0
224,0, 0, False, 0
225,0, 0, False, 3
226,0, 0, False, 3
227,0, 0, False, 3
228,0, 0, False, 3
229,0, 0, False, 3
230,0, 0, False, 3
231,0, 0, False, 3
232,0, 0, False, 3
233,0, 0, False, 3
234,0, 0, False, 3
235,0, 0, False, 3
236,0, 0, False, 3
237,0, 0, False, 3
238,0, 0, False, 3
239,0, 0, False, 3
240,0, 0, False, 3
241,0, 0, False, 3
242,0, 0, False, 3
243,0, 0, False, 3
244,0, 0, False, 3
245,0, 0, False, 0
246,0, 0, False, 0
247,0, 0, False, 0
248,0, 0, False, 0
249,0, 0, False, 0
250,0, 0, False, 0
251,0, 0, False, 0
252,0, 0, False, 0
253,0, 0, False, 0
254,0, 0, False, 0
255,0, 0, False, 0
256,0, 0, False, 0
257,0, 0, False, 0
258,0, 0, False, 3
259,0, 0, False, 3
260,0, 0, False, 3
261,0, 0, False, 3
262,0, 0, False, 3
263,0, 0, False, 3
264,0, 0, False, 3
265,0, 0, False, 3
266,0, 0, False, 3
267,0, 0, False, 3
268,0, 0, False, 0
269,0, 0, False, 0
270,0, 0, False, 0
271,0, 0, False, 0
272,0, 0, False, 0
273,0, 0, False, 0
274,10, 10, False, 0
275,0, 10, False, 0
276,0, 10, False, 0
277,0, 10, False, 0
278,0, 10, False, 0
279,0, 10, False, 0
280,0, 10, False, 0
281,0, 10, False, 0
282,0, 10, False, 0
283,0, 10, False, 0
284,0, 10, False, 0
285,0, 10, False, 0
286,0, 10, False, 0
287,0, 10, False, 0
288,10, 20, False, 0
289,0, 20, False, 0
290,0, 20, False, 0
291,0, 20, False, 3
292,0, 20, False, 3
293,0, 20, False, 3
294,0, 20, False, 3
295,0, 20, False, 3
296,0, 20, False, 3
297,0, 20, False, 3
298,0, 20, False, 3
299,0, 20, False, 3
300,0, 20, False, 3
301,0, 20, False, 3
302,0, 20, False, 3
303,0, 20, False, 3
304,0, 20, False, 3
305,0, 20, False, 3
306,0, 20, False, 3
307,0, 20, False, 3
308,0, 20, False, 3
309,0, 20, False, 0
310,0, 20, False, 0
311,0, 20, False, 0
312,0, 20, False, 0
313,0, 20, False, 0
314,0, 20, False, 0
315,0, 20, False, 0
316,10, 30, False, 0
317,0, 30, False, 0
318,0, 30, False, 0
319,0, 30, False, 0
320,0, 30, False, 0
321,0, 30, False, 0
322,0, 30, False, 0
323,0, 30, False, 0
324,0, 30, False, 0
325,0, 30, False, 0
326,0, 30, False, 0
327,0, 30, False, 0
328,0, 30, False, 0
329,0, 30, False, 0
330,10, 40, False, 0
331,0, 40, False, 0
332,0, 40, False, 0
333,0, 40, False, 0
334,0, 40, False, 0
335,0, 40, False, 0
336,0, 40, False, 0
337,0, 40, False, 0
338,0, 40, False, 0
339,0, 40, False, 0
340,0, 40, False, 0
341,0, 40, False, 0
342,10, 50, False, 0
343,0, 50, False, 0
344,0, 50, False, 0
345,0, 50, False, 0
346,0, 50, False, 0
347,0, 50, False, 0
348,0, 50, False, 0
349,0, 50, False, 0
350,0, 50, False, 0
351,0, 50, False, 0
352,0, 50, False, 0
353,0, 50, False, 0
354,0, 50, False, 0
355,0, 50, False, 0
356,10, 60, False, 0
357,0, 60, False, 0
358,0, 60, False, 0
359,0, 60, False, 0
360,0, 60, False, 0
361,0, 60, False, 0
362,0, 60, False, 0
363,0, 60, False, 0
364,0, 60, False, 0
365,0, 60, False, 5
366,0, 60, False, 5
367,0, 60, False, 5
368,0, 60, False, 5
369,0, 60, False, 5
370,10, 70, False, 5
371,0, 70, False, 5
372,0, 70, False, 5
373,0, 70, False, 5
374,0, 70, False, 0
375,0, 70, False, 0
376,0, 70, False, 0
377,0, 70, False, 0
378,0, 70, False, 0
379,0, 70, False, 0
380,0, 70, False, 0
381,0, 70, False, 0
382,10, 80, False, 0
383,0, 80, False, 0
384,0, 80, False, 0
385,0, 80, False, 0
386,0, 80, False, 0
387,0, 80, False, 0
388,0, 80, False, 0
389,0, 80, False, 0
390,0, 80, False, 0
391,0, 80, False, 0
392,0, 80, False, 0
393,0, 80, False, 0
394,0, 80, False, 0
395,0, 80, False, 0
396,0, 80, False, 5
397,0, 80, False, 5
398,0, 80, False, 5
399,0, 80, False, 5
400,0, 80, False, 5
401,0, 80, False, 5
402,0, 80, False, 5
403,0, 80, False, 5
404,10, 90, False, 5
405,0, 90, False, 5
406,0, 90, False, 0
407,0, 90, False, 0
408,0, 90, False, 0
409,0, 90, False, 0
410,0, 90, False, 0
411,0, 90, False, 0
412,0, 90, False, 0
413,0, 90, False, 0
414,0, 90, False, 0
415,0, 90, False, 0
416,0, 90, False, 0
417,0, 90, False, 0
418,10, 100, False, 0
419,0, 100, False, 0
420,0, 100, False, 0
421,0, 100, False, 0
422,0, 100, False, 0
423,0, 100, False, 0
424,0, 100, False, 0
425,0, 100, False, 0
426,0, 100, False, 0
427,0, 100, False, 0
428,0, 100, False, 0
429,0, 100, False, 0
430,0, 100, False, 0
431,0, 100, False, 0
432,10, 110, False, 0
433,0, 110, False, 0
434,0, 110, False, 0
435,0, 110, False, 0
436,0, 110, False, 0
437,0, 110, False, 0
438,0, 110, False, 0
439,0, 110, False, 0
440,0, 110, False, 0
441,0, 110, False, 0
442,0, 110, False, 0
443,0, 110, False, 0
444,0, 110, False, 0
445,0, 110, False, 0
446,10, 120, False, 0
447,0, 120, False, 0
448,0, 120, False, 0
449,0, 120, False, 0
450,0, 120, False, 0
451,0, 120, False, 0
452,0, 120, False, 0
453,0, 120, False, 0
454,0, 120, False, 0
455,0, 120, False, 0
456,0, 120, False, 0
457,0, 120, False, 0
458,0, 120, False, 0
459,0, 120, False, 0
460,10, 130, False, 0
461,0, 130, False, 3
462,0, 130, False, 3
463,0, 130, False, 3
464,0, 130, False, 3
465,0, 130, False, 3
466,0, 130, False, 3
467,0, 130, False, 3
468,0, 130, False, 3
469,0, 130, False, 3
470,0, 130, False, 3
471,0, 130, False, 0
472,0, 130, False, 0
473,0, 130, False, 0
474,10, 140, False, 0
475,0, 140, False, 0
476,0, 140, False, 0
477,0, 140, False, 0
478,0, 140, False, 0
479,0, 140, False, 0
480,0, 140, False, 0
481,0, 140, False, 0
482,0, 140, False, 0
483,0, 140, False, 0
484,0, 140, False, 0
485,0, 140, False, 0
486,0, 140, False, 0
487,0, 140, False, 0
488,10, 150, False, 0
489,0, 150, False, 0
490,0, 150, False, 0
491,0, 150, False, 0
492,0, 150, False, 0
493,0, 150, False, 0
494,0, 150, False, 0
495,0, 150, False, 0
496,0, 150, False, 0
497,0, 150, False, 0
498,0, 150, False, 0
499,0, 150, False, 0
500,0, 150, False, 0
501,0, 150, False, 0
502,10, 160, False, 0
503,0, 160, False, 0
504,0, 160, False, 0
505,0, 160, False, 0
506,0, 160, False, 2
507,0, 160, False, 2
508,0, 160, False, 2
509,0, 160, False, 2
510,0, 160, False, 2
511,0, 160, False, 2
512,0, 160, False, 2
513,0, 160, False, 2
514,0, 160, False, 2
515,0, 160, False, 0
516,0, 160, False, 0
517,0, 160, False, 0
518,0, 160, False, 0
519,0, 160, False, 0
520,50, 210, False, 0
521,0, 210, False, 0
522,0, 210, False, 0
523,0, 210, False, 0
524,0, 210, False, 0
525,0, 210, False, 0
526,0, 210, False, 0
527,0, 210, False, 0
528,0, 210, False, 0
529,0, 210, False, 0
530,0, 210, False, 0
531,0, 210, False, 0
532,10, 220, False, 0
533,0, 220, False, 0
534,0, 220, False, 0
535,0, 220, False, 0
536,0, 220, False, 0
537,0, 220, False, 0
538,0, 220, False, 0
539,0, 220, False, 0
540,0, 220, False, 0
541,0, 220, False, 0
542,0, 220, False, 0
543,0, 220, False, 0
544,0, 220, False, 0
545,0, 220, False, 0
546,10, 230, False, 0
547,0, 230, False, 4
548,0, 230, False, 4
549,0, 230, False, 4
550,0, 230, False, 4
551,0, 230, False, 4
552,0, 230, False, 4
553,0, 230, False, 4
554,0, 230, False, 4
555,0, 230, False, 4
556,0, 230, False, 4
557,0, 230, False, 0
558,10, 240, False, 0
559,0, 240, False, 0
560,0, 240, False, 0
561,0, 240, False, 0
562,0, 240, False, 0
563,0, 240, False, 0
564,0, 240, False, 0
565,0, 240, False, 0
566,0, 240, False, 0
567,0, 240, False, 0
568,0, 240, False, 0
569,0, 240, False, 0
570,0, 240, False, 0
571,0, 240, False, 0
572,10, 250, False, 0
573,0, 250, False, 0
574,0, 250, False, 0
575,0, 250, False, 0
576,0, 250, False, 0
577,0, 250, False, 0
578,0, 250, False, 0
579,0, 250, False, 0
580,0, 250, False, 0
581,0, 250, False, 0
582,0, 250, False, 0
583,0, 250, False, 0
584,0, 250, False, 0
585,0, 250, False, 0
586,0, 250, False, 0
587,0, 250, False, 0
588,0, 250, False, 0
589,0, 250, False, 2
590,0, 250, False, 2
591,0, 250, False, 2
592,0, 250, False, 2
593,0, 250, False, 2
594,0, 250, False, 0
595,0, 250, False, 0
596,0, 250, False, 0
597,0, 250, False, 0
598,0, 250, False, 0
599,0, 250, False, 0
600,0, 250, False, 0
601,0, 250, False, 0
602,0, 250, False, 0
603,0, 250, False, 0
604,0, 250, False, 0
605,0, 250, False, 0
606,0, 250, False, 0
607,0, 250, False, 4
608,0, 250, False, 4
609,0, 250, False, 4
610,0, 250, False, 4
611,0, 250, False, 4
612,0, 250, False, 4
613,0, 250, False, 4
614,0, 250, False, 4
615,0, 250, False, 4
616,0, 250, False, 0
617,0, 250, False, 0
618,0, 250, False, 0
619,0, 250, False, 0
620,0, 250, False, 0
621,0, 250, False, 0
622,0, 250, False, 0
623,0, 250, False, 0
624,0, 250, False, 0
625,0, 250, False, 0
626,0, 250, False, 0
627,0, 250, False, 0
628,0, 250, False, 0
629,0, 250, False, 0
630,0, 250, False, 0
631,0, 250, False, 0
632,0, 250, False, 0
633,0, 250, False, 0
634,0, 250, False, 0
635,0, 250, False, 5
636,0, 250, False, 5
637,0, 250, False, 5
638,0, 250, False, 5
639,0, 250, False, 5
640,0, 250, False, 5
641,0, 250, False, 5
642,0, 250, False, 5
643,0, 250, False, 0
644,0, 250, False, 0
645,0, 250, False, 0
646,0, 250, False, 0
647,0, 250, False, 0
648,0, 250, False, 0
649,0, 250, False, 0
650,0, 250, False, 0
651,0, 250, False, 0
652,0, 250, False, 0
653,0, 250, False, 0
654,0, 250, False, 0
655,0, 250, False, 0
656,0, 250, False, 0
657,0, 250, False, 0
658,0, 250, False, 0
659,0, 250, False, 0
660,0, 250, False, 0
661,0, 250, False, 0
662,0, 250, False, 0
663,0, 250, False, 0
664,0, 250, False, 0
665,0, 250, False, 5
666,0, 250, False, 5
667,0, 250, False, 5
668,0, 250, False, 5
669,0, 250, False, 5
670,0, 250, False, 5
671,0, 250, False, 5
672,0, 250, False, 5
673,0, 250, False, 0
674,0, 250, False, 0
675,0, 250, False, 0
676,0, 250, False, 0
677,0, 250, False, 0
678,0, 250, False, 0
679,0, 250, False, 0
680,0, 250, False, 0
681,0, 250, False, 0
682,0, 250, False, 0
683,0, 250, False, 0
684,0, 250, False, 0
685,0, 250, False, 0
686,0, 250, False, 0
687,0, 250, False, 0
688,0, 250, False, 0
689,0, 250, False, 0
690,0, 250, False, 0
691,0, 250, False, 0
692,0, 250, False, 0
693,0, 250, False, 0
694,0, 250, False, 0
695,0, 250, False, 0
696,0, 250, False, 5
697,0, 250, False, 5
698,0, 250, False, 5
699,0, 250, False, 5
700,0, 250, False, 5
701,0, 250, False, 5
702,10, 260, False, 5
703,0, 260, False, 0
704,0, 260, False, 0
705,0, 260, False, 0
706,0, 260, False, 0
707,0, 260, False, 0
708,0, 260, False, 0
709,0, 260, False, 0
710,0, 260, False, 0
711,0, 260, False, 0
712,0, 260, False, 0
713,0, 260, False, 0
714,10, 270, False, 0
715,0, 270, False, 0
716,0, 270, False, 0
717,0, 270, False, 0
718,0, 270, False, 0
719,0, 270, False, 0
720,0, 270, False, 0
721,0, 270, False, 0
722,0, 270, False, 0
723,0, 270, False, 0
724,0, 270, False, 0
725,0, 270, False, 0
726,0, 270, False, 0
727,0, 270, False, 0
728,10, 280, False, 0
729,0, 280, False, 0
730,0, 280, False, 0
731,0, 280, False, 0
732,0, 280, False, 0
733,0, 280, False, 0
734,0, 280, False, 0
735,0, 280, False, 0
736,0, 280, False, 0
737,0, 280, False, 0
738,0, 280, False, 5
739,0, 280, False, 5
740,0, 280, False, 5
741,0, 280, False, 5
742,10, 290, False, 5
743,0, 290, False, 5
744,0, 290, False, 5
745,0, 290, False, 0
746,0, 290, False, 0
747,0, 290, False, 0
748,0, 290, False, 0
749,0, 290, False, 0
750,0, 290, False, 0
751,0, 290, False, 0
752,10, 300, False, 0
753,0, 300, False, 0
754,0, 300, False, 0
755,0, 300, False, 0
756,0, 300, False, 0
757,0, 300, False, 0
758,0, 300, False, 0
759,0, 300, False, 0
760,0, 300, False, 0
761,0, 300, False, 0
762,0, 300, False, 0
763,0, 300, False, 0
764,0, 300, False, 0
765,0, 300, False, 0
766,10, 310, False, 0
767,0, 310, False, 0
768,0, 310, False, 0
769,0, 310, False, 0
770,0, 310, False, 0
771,0, 310, False, 0
772,0, 310, False, 0
773,0, 310, False, 0
774,0, 310, False, 0
775,0, 310, False, 0
776,0, 310, False, 0
777,0, 310, False, 0
778,0, 310, False, 0
779,0, 310, False, 0
780,10, 320, False, 0
781,0, 320, False, 0
782,0, 320, False, 0
783,0, 320, False, 0
784,0, 320, False, 0
785,0, 320, False, 0
786,0, 320, False, 0
787,0, 320, False, 0
788,0, 320, False, 0
789,0, 320, False, 0
790,0, 320, False, 0
791,0, 320, False, 0
792,0, 320, False, 0
793,0, 320, False, 0
794,10, 330, False, 0
795,0, 330, False, 0
796,0, 330, False, 0
797,0, 330, False, 0
798,0, 330, False, 0
799,0, 330, False, 0
800,0, 330, False, 3
801,0, 330, False, 3
802,0, 330, False, 3
803,0, 330, False, 3
804,0, 330, False, 3
805,0, 330, False, 3
806,0, 330, False, 3
807,0, 330, False, 3
808,10, 340, False, 3
809,0, 340, False, 3
810,0, 340, False, 0
811,0, 340, False, 0
812,0, 340, False, 0
813,0, 340, False, 0
814,0, 340, False, 0
815,0, 340, False, 0
816,0, 340, False, 0
817,0, 340, False, 0
818,0, 340, False, 0
819,0, 340, False, 0
820,0, 340, False, 0
821,0, 340, False, 4
822,0, 340, False, 4
823,0, 340, False, 4
824,0, 340, False, 4
825,0, 340, False, 4
826,0, 340, False, 4
827,0, 340, False, 4
828,0, 340, False, 4
829,0, 340, False, 4
830,10, 350, False, 4
831,0, 350, False, 0
832,0, 350, False, 0
833,0, 350, False, 0
834,0, 350, False, 0
835,0, 350, False, 0
836,0, 350, False, 0
837,0, 350, False, 0
838,0, 350, False, 0
839,0, 350, False, 0
840,0, 350, False, 0
841,0, 350, False, 0
842,10, 360, False, 0
843,0, 360, False, 0
844,0, 360, False, 0
845,0, 360, False, 0
846,0, 360, False, 0
847,0, 360, False, 0
848,0, 360, False, 0
849,0, 360, False, 0
850,0, 360, False, 0
851,0, 360, False, 0
852,0, 360, False, 0
853,0, 360, False, 0
854,0, 360, False, 0
855,0, 360, False, 0
856,10, 370, False, 0
857,0, 370, False, 2
858,0, 370, False, 2
859,0, 370, False, 0
860,0, 370, False, 0
861,0, 370, False, 0
862,0, 370, False, 0
863,0, 370, False, 0
864,0, 370, False, 0
865,0, 370, False, 0
866,0, 370, False, 0
867,0, 370, False, 0
868,0, 370, False, 0
869,0, 370, False, 0
870,0, 370, False, 0
871,0, 370, False, 0
872,0, 370, False, 0
873,0, 370, False, 2
874,0, 370, False, 2
875,0, 370, False, 2
876,0, 370, False, 2
877,0, 370, False, 2
878,0, 370, False, 2
879,0, 370, False, 2
880,50, 420, False, 2
881,0, 420, False, 2
882,0, 420, False, 2
883,0, 420, False, 2
884,0, 420, False, 2
885,0, 420, False, 2
886,0, 420, False, 0
887,0, 420, False, 0
888,0, 420, False, 0
889,0, 420, False, 0
890,0, 420, False, 0
891,0, 420, False, 0
892,0, 420, False, 0
893,0, 420, False, 0
894,0, 420, False, 0
895,0, 420, False, 0
896,10, 430, False, 0
897,0, 430, False, 0
898,0, 430, False, 0
899,0, 430, False, 0
900,0, 430, False, 0
901,0, 430, False, 0
902,0, 430, False, 0
903,0, 430, False, 0
904,0, 430, False, 0
905,0, 430, False, 0
906,0, 430, False, 0
907,0, 430, False, 0
908,0, 430, False, 0
909,0, 430, False, 0
910,10, 440, False, 0
911,0, 440, False, 0
912,0, 440, False, 3
913,0, 440, False, 3
914,0, 440, False, 3
915,0, 440, False, 3
916,0, 440, False, 3
917,0, 440, False, 3
918,0, 440, False, 3
919,0, 440, False, 0
920,0, 440, False, 0
921,0, 440, False, 0
922,10, 450, False, 0
923,0, 450, False, 0
924,0, 450, False, 0
925,0, 450, False, 0
926,0, 450, False, 0
927,0, 450, False, 0
928,0, 450, False, 2
929,0, 450, False, 2
930,0, 450, False, 2
931,0, 450, False, 2
932,0, 450, False, 2
933,0, 450, False, 0
934,0, 450, False, 0
935,0, 450, False, 0
936,10, 460, False, 0
937,0, 460, False, 0
938,0, 460, False, 0
939,0, 460, False, 0
940,0, 460, False, 0
941,0, 460, False, 0
942,0, 460, False, 0
943,0, 460, False, 0
944,0, 460, False, 0
945,0, 460, False, 0
946,0, 460, False, 0
947,0, 460, False, 0
948,0, 460, False, 0
949,0, 460, False, 0
950,0, 460, False, 0
951,0, 460, False, 0
952,0, 460, False, 0
953,0, 460, False, 0
954,0, 460, False, 0
955,0, 460, False, 0
956,0, 460, False, 0
957,0, 460, False, 0
958,0, 460, False, 0
959,0, 460, False, 0
960,0, 460, False, 0
961,0, 460, False, 0
962,0, 460, False, 0
963,0, 460, False, 0
964,0, 460, False, 0
965,0, 460, False, 0
966,0, 460, False, 0
967,0, 460, False, 0
968,0, 460, False, 0
969,0, 460, False, 0
970,0, 460, False, 0
971,0, 460, False, 0
972,0, 460, False, 0
973,0, 460, False, 0
974,0, 460, False, 2
975,0, 460, False, 2
976,0, 460, False, 2
977,0, 460, False, 2
978,0, 460, False, 2
979,0, 460, False, 2
980,0, 460, False, 2
981,0, 460, False, 2
982,0, 460, False, 2
983,0, 460, False, 2
984,0, 460, False, 2
985,0, 460, False, 0
986,0, 460, False, 0
987,0, 460, False, 0
988,0, 460, False, 0
989,0, 460, False, 0
990,0, 460, False, 0
991,0, 460, False, 0
992,0, 460, False, 0
993,0, 460, False, 0
994,0, 460, False, 0
995,0, 460, False, 0
996,0, 460, False, 0
997,0, 460, False, 0
998,0, 460, False, 0
999,0, 460, False, 0
1000,0, 460, False, 0
1001,0, 460, False, 0
1002,0, 460, False, 0
1003,0, 460, False, 0
1004,0, 460, False, 0
1005,0, 460, False, 0
1006,0, 460, False, 0
1007,0, 460, False, 0
1008,0, 460, False, 0
1009,0, 460, False, 0
1010,0, 460, False, 0
1011,0, 460, False, 0
1012,0, 460, False, 0
1013,0, 460, False, 0
1014,0, 460, False, 0
1015,0, 460, False, 0
1016,0, 460, False, 0
1017,0, 460, False, 0
1018,0, 460, False, 0
1019,0, 460, False, 0
1020,0, 460, False, 0
1021,0, 460, False, 0
1022,0, 460, False, 0
1023,0, 460, False, 0
1024,0, 460, False, 0
1025,0, 460, False, 0
1026,0, 460, False, 0
1027,0, 460, False, 0
1028,0, 460, False, 0
1029,0, 460, False, 0
1030,0, 460, False, 0
1031,0, 460, False, 0
1032,0, 460, False, 0
1033,0, 460, False, 0
1034,0, 460, False, 0
1035,0, 460, False, 0
1036,0, 460, False, 0
1037,0, 460, False, 3
1038,0, 460, False, 3
1039,0, 460, False, 3
1040,0, 460, False, 3
1041,0, 460, False, 3
1042,0, 460, False, 3
1043,0, 460, False, 3
1044,0, 460, False, 3
1045,0, 460, False, 3
1046,0, 460, False, 3
1047,0, 460, False, 3
1048,0, 460, False, 3
1049,0, 460, False, 0
1050,0, 460, False, 0
1051,0, 460, False, 0
1052,0, 460, False, 0
1053,0, 460, False, 0
1054,0, 460, False, 0
1055,0, 460, False, 0
1056,0, 460, False, 0
1057,0, 460, False, 0
1058,0, 460, False, 0
1059,0, 460, False, 0
1060,0, 460, False, 0
1061,0, 460, False, 0
1062,0, 460, False, 0
1063,0, 460, False, 0
1064,0, 460, False, 0
1065,0, 460, False, 0
1066,0, 460, False, 0
1067,0, 460, False, 0
1068,0, 460, False, 0
1069,0, 460, False, 0
1070,0, 460, False, 0
1071,0, 460, False, 0
1072,0, 460, False, 0
1073,0, 460, False, 0
1074,0, 460, False, 0
1075,0, 460, False, 0
1076,0, 460, False, 0
1077,0, 460, False, 0
1078,0, 460, False, 0
1079,0, 460, False, 0
1080,0, 460, False, 0
1081,0, 460, False, 0
1082,0, 460, False, 0
1083,0, 460, False, 0
1084,0, 460, False, 0
1085,0, 460, False, 0
1086,0, 460, False, 0
1087,0, 460, False, 0
1088,0, 460, False, 0
1089,0, 460, False, 0
1090,0, 460, False, 0
1091,0, 460, False, 0
1092,0, 460, False, 0
1093,0, 460, False, 0
1094,0, 460, False, 0
1095,0, 460, False, 0
1096,0, 460, False, 0
1097,0, 460, False, 0
1098,0, 460, False, 0
1099,0, 460, False, 0
1100,0, 460, False, 0
1101,0, 460, False, 0
1102,0, 460, False, 0
1103,0, 460, False, 0
1104,0, 460, False, 0
1105,0, 460, False, 0
1106,0, 460, False, 0
1107,0, 460, False, 0
1108,0, 460, False, 0
1109,0, 460, False, 0
1110,0, 460, False, 0
1111,0, 460, False, 0
1112,0, 460, False, 0
1113,0, 460, False, 0
1114,0, 460, False, 0
1115,0, 460, False, 0
1116,0, 460, False, 0
1117,0, 460, False, 0
1118,0, 460, False, 0
1119,0, 460, False, 0
1120,0, 460, False, 2
1121,0, 460, False, 2
1122,0, 460, False, 2
1123,0, 460, False, 2
1124,0, 460, False, 2
1125,0, 460, False, 2
1126,0, 460, False, 2
1127,0, 460, False, 2
1128,0, 460, False, 0
1129,0, 460, False, 0
1130,0, 460, False, 0
1131,0, 460, False, 0
1132,0, 460, False, 0
1133,0, 460, False, 0
1134,0, 460, False, 0
1135,0, 460, False, 0
1136,0, 460, False, 0
1137,0, 460, False, 0
1138,10, 470, False, 0
1139,0, 470, False, 0
1140,0, 470, False, 0
1141,0, 470, False, 0
1142,0, 470, False, 0
1143,0, 470, False, 0
1144,0, 470, False, 0
1145,0, 470, False, 0
1146,0, 470, False, 0
1147,0, 470, False, 0
1148,200, 670, False, 0
1149,0, 670, False, 0
1150,0, 670, False, 0
1151,0, 670, False, 0
1152,0, 670, False, 0
1153,0, 670, False, 0
1154,0, 670, False, 0
1155,0, 670, False, 0
1156,0, 670, False, 0
1157,0, 670, False, 0
1158,0, 670, False, 0
1159,0, 670, False, 0
1160,0, 670, False, 0
1161,0, 670, False, 0
1162,0, 670, False, 0
1163,0, 670, False, 0
1164,0, 670, False, 0
1165,0, 670, False, 0
1166,0, 670, False, 0
1167,0, 670, False, 0
1168,10, 680, False, 0
1169,0, 680, False, 0
1170,0, 680, False, 0
1171,0, 680, False, 0
1172,0, 680, False, 0
1173,0, 680, False, 0
1174,0, 680, False, 0
1175,0, 680, False, 0
1176,0, 680, False, 0
1177,0, 680, False, 0
1178,0, 680, False, 0
1179,0, 680, False, 0
1180,0, 680, False, 0
1181,0, 680, False, 0
1182,10, 690, False, 0
1183,0, 690, False, 0
1184,0, 690, False, 0
1185,0, 690, False, 0
1186,0, 690, False, 0
1187,0, 690, False, 0
1188,0, 690, False, 0
1189,0, 690, False, 0
1190,0, 690, False, 0
1191,0, 690, False, 0
1192,0, 690, False, 0
1193,0, 690, False, 0
1194,0, 690, False, 0
1195,0, 690, False, 0
1196,10, 700, False, 0
1197,0, 700, False, 0
1198,0, 700, False, 0
1199,0, 700, False, 0
1200,0, 700, False, 0
1201,0, 700, False, 0
1202,0, 700, False, 0
1203,0, 700, False, 0
1204,0, 700, False, 0
1205,0, 700, False, 0
1206,0, 700, False, 0
1207,0, 700, False, 0
1208,0, 700, False, 0
1209,0, 700, False, 0
1210,10, 710, False, 0
1211,0, 710, False, 0
1212,0, 710, False, 0
1213,0, 710, False, 0
1214,0, 710, False, 0
1215,0, 710, False, 0
1216,0, 710, False, 0
1217,0, 710, False, 0
1218,0, 710, False, 0
1219,0, 710, False, 0
1220,0, 710, False, 0
1221,0, 710, False, 0
1222,0, 710, False, 0
1223,0, 710, False, 0
1224,10, 720, False, 0
1225,0, 720, False, 0
1226,0, 720, False, 0
1227,0, 720, False, 3
1228,0, 720, False, 3
1229,0, 720, False, 3
1230,0, 720, False, 3
1231,0, 720, False, 3
1232,0, 720, False, 3
1233,0, 720, False, 3
1234,0, 720, False, 3
1235,0, 720, False, 3
1236,10, 730, False, 3
1237,0, 730, False, 3
1238,0, 730, False, 0
1239,0, 730, False, 0
1240,0, 730, False, 0
1241,0, 730, False, 0
1242,0, 730, False, 0
1243,0, 730, False, 0
1244,0, 730, False, 0
1245,0, 730, False, 0
1246,0, 730, False, 0
1247,0, 730, False, 0
1248,0, 730, False, 0
1249,0, 730, False, 0
1250,10, 740, False, 0
1251,0, 740, False, 0
1252,0, 740, False, 0
1253,0, 740, False, 0
1254,0, 740, False, 0
1255,0, 740, False, 0
1256,0, 740, False, 0
1257,0, 740, False, 0
1258,0, 740, False, 0
1259,0, 740, False, 0
1260,0, 740, False, 0
1261,0, 740, False, 0
1262,10, 750, False, 0
1263,0, 750, False, 0
1264,0, 750, False, 0
1265,0, 750, False, 0
1266,0, 750, False, 0
1267,0, 750, False, 0
1268,0, 750, False, 0
1269,0, 750, False, 0
1270,0, 750, False, 0
1271,0, 750, False, 0
1272,0, 750, False, 0
1273,0, 750, False, 0
1274,0, 750, False, 0
1275,0, 750, False, 0
1276,10, 760, False, 0
1277,0, 760, False, 0
1278,0, 760, False, 0
1279,0, 760, False, 0
1280,0, 760, False, 0
1281,0, 760, False, 0
1282,0, 760, False, 0
1283,0, 760, False, 0
1284,0, 760, False, 0
1285,0, 760, False, 0
1286,0, 760, False, 0
1287,0, 760, False, 0
1288,0, 760, False, 0
1289,0, 760, False, 0
1290,410, 1170, False, 0
1291,0, 1170, False, 0
1292,0, 1170, False, 0
1293,0, 1170, False, 0
1294,0, 1170, False, 0
1295,0, 1170, False, 0
1296,0, 1170, False, 0
1297,0, 1170, False, 0
1298,0, 1170, False, 0
1299,0, 1170, False, 0
1300,0, 1170, False, 0
1301,0, 1170, False, 0
1302,0, 1170, False, 0
1303,0, 1170, False, 0
1304,0, 1170, False, 0
1305,0, 1170, False, 0
1306,0, 1170, False, 0
1307,0, 1170, False, 0
1308,0, 1170, False, 0
1309,0, 1170, False, 0
1310,0, 1170, False, 0
1311,0, 1170, False, 0
1312,0, 1170, False, 0
1313,0, 1170, False, 0
1314,0, 1170, False, 0
1315,0, 1170, False, 0
1316,0, 1170, False, 0
1317,0, 1170, False, 0
1318,0, 1170, False, 0
1319,0, 1170, False, 0
1320,10, 1180, False, 0
1321,0, 1180, False, 0
1322,0, 1180, False, 0
1323,0, 1180, False, 0
1324,0, 1180, False, 0
1325,0, 1180, False, 0
1326,0, 1180, False, 0
1327,0, 1180, False, 0
1328,0, 1180, False, 0
1329,0, 1180, False, 0
1330,0, 1180, False, 0
1331,0, 1180, False, 0
1332,0, 1180, False, 0
1333,0, 1180, False, 0
1334,0, 1180, False, 0
1335,0, 1180, False, 2
1336,0, 1180, False, 2
1337,0, 1180, False, 2
1338,0, 1180, False, 2
1339,0, 1180, False, 2
1340,0, 1180, False, 2
1341,0, 1180, False, 2
1342,0, 1180, False, 2
1343,0, 1180, False, 0
1344,0, 1180, False, 0
1345,0, 1180, False, 0
1346,0, 1180, False, 0
1347,0, 1180, False, 0
1348,0, 1180, False, 0
1349,0, 1180, False, 0
1350,0, 1180, False, 0
1351,0, 1180, False, 0
1352,50, 1230, False, 0
1353,0, 1230, False, 0
1354,0, 1230, False, 0
1355,0, 1230, False, 0
1356,0, 1230, False, 0
1357,0, 1230, False, 0
1358,10, 1240, False, 0
1359,0, 1240, False, 0
1360,0, 1240, False, 0
1361,0, 1240, False, 0
1362,0, 1240, False, 0
1363,0, 1240, False, 0
1364,0, 1240, False, 0
1365,0, 1240, False, 0
1366,0, 1240, False, 0
1367,0, 1240, False, 4
1368,0, 1240, False, 4
1369,0, 1240, False, 4
1370,0, 1240, False, 4
1371,0, 1240, False, 4
1372,0, 1240, False, 4
1373,0, 1240, False, 4
1374,0, 1240, False, 4
1375,0, 1240, False, 4
1376,10, 1250, False, 0
1377,0, 1250, False, 0
1378,0, 1250, False, 0
1379,0, 1250, False, 0
1380,0, 1250, False, 0
1381,0, 1250, False, 0
1382,0, 1250, False, 0
1383,0, 1250, False, 0
1384,0, 1250, False, 0
1385,0, 1250, False, 0
1386,0, 1250, False, 0
1387,0, 1250, False, 0
1388,0, 1250, False, 0
1389,0, 1250, False, 0
1390,10, 1260, False, 0
1391,0, 1260, False, 0
1392,0, 1260, False, 0
1393,0, 1260, False, 0
1394,0, 1260, False, 0
1395,0, 1260, False, 0
1396,0, 1260, False, 0
1397,0, 1260, False, 0
1398,0, 1260, False, 0
1399,0, 1260, False, 0
1400,0, 1260, False, 0
1401,0, 1260, False, 0
1402,10, 1270, False, 0
1403,0, 1270, False, 0
1404,0, 1270, False, 0
1405,0, 1270, False, 0
1406,0, 1270, False, 0
1407,0, 1270, False, 0
1408,0, 1270, False, 0
1409,0, 1270, False, 0
1410,0, 1270, False, 5
1411,0, 1270, False, 5
1412,0, 1270, False, 5
1413,0, 1270, False, 5
1414,0, 1270, False, 5
1415,0, 1270, False, 5
1416,0, 1270, False, 5
1417,0, 1270, False, 5
1418,10, 1280, False, 5
1419,0, 1280, False, 5
1420,0, 1280, False, 5
1421,0, 1280, False, 5
1422,0, 1280, False, 0
1423,0, 1280, False, 0
1424,0, 1280, False, 0
1425,0, 1280, False, 0
1426,0, 1280, False, 0
1427,0, 1280, False, 0
1428,0, 1280, False, 0
1429,0, 1280, False, 0
1430,0, 1280, False, 0
1431,0, 1280, False, 0
1432,0, 1280, False, 0
1433,0, 1280, False, 0
1434,0, 1280, False, 0
1435,0, 1280, False, 0
1436,0, 1280, False, 0
1437,0, 1280, False, 0
1438,0, 1280, False, 0
1439,0, 1280, False, 0
1440,0, 1280, False, 0
1441,0, 1280, False, 0
1442,0, 1280, False, 0
1443,0, 1280, False, 0
1444,10, 1290, False, 0
1445,0, 1290, False, 0
1446,0, 1290, False, 0
1447,0, 1290, False, 0
1448,0, 1290, False, 0
1449,0, 1290, False, 0
1450,0, 1290, False, 0
1451,0, 1290, False, 0
1452,0, 1290, False, 4
1453,0, 1290, False, 4
1454,0, 1290, False, 4
1455,0, 1290, False, 4
1456,0, 1290, False, 4
1457,0, 1290, False, 4
1458,10, 1300, False, 4
1459,0, 1300, False, 4
1460,0, 1300, False, 4
1461,0, 1300, False, 4
1462,0, 1300, False, 4
1463,0, 1300, False, 4
1464,0, 1300, False, 4
1465,0, 1300, False, 4
1466,0, 1300, False, 0
1467,0, 1300, False, 0
1468,0, 1300, False, 0
1469,0, 1300, False, 0
1470,0, 1300, False, 0
1471,0, 1300, False, 0
1472,0, 1300, False, 0
1473,0, 1300, False, 0
1474,10, 1310, False, 0
1475,0, 1310, False, 0
1476,0, 1310, False, 0
1477,0, 1310, False, 0
1478,0, 1310, False, 0
1479,0, 1310, False, 0
1480,0, 1310, False, 0
1481,0, 1310, False, 0
1482,0, 1310, False, 0
1483,0, 1310, False, 0
1484,0, 1310, False, 0
1485,0, 1310, False, 0
1486,10, 1320, False, 0
1487,0, 1320, False, 0
1488,0, 1320, False, 0
1489,0, 1320, False, 0
1490,0, 1320, False, 0
1491,0, 1320, False, 0
1492,0, 1320, False, 0
1493,0, 1320, False, 0
1494,0, 1320, False, 0
1495,0, 1320, False, 0
1496,0, 1320, False, 0
1497,0, 1320, False, 0
1498,0, 1320, False, 0
1499,0, 1320, False, 0
1500,0, 1320, False, 0
1501,0, 1320, False, 0
1502,0, 1320, False, 0
1503,0, 1320, False, 0
1504,0, 1320, False, 0
1505,0, 1320, False, 0
1506,0, 1320, False, 0
1507,0, 1320, False, 0
1508,0, 1320, False, 0
1509,0, 1320, False, 0
1510,10, 1330, False, 0
1511,0, 1330, False, 0
1512,0, 1330, False, 0
1513,0, 1330, False, 0
1514,0, 1330, False, 0
1515,0, 1330, False, 0
1516,0, 1330, False, 0
1517,0, 1330, False, 0
1518,0, 1330, False, 0
1519,0, 1330, False, 0
1520,0, 1330, False, 0
1521,0, 1330, False, 0
1522,0, 1330, False, 0
1523,0, 1330, False, 0
1524,10, 1340, False, 0
1525,0, 1340, False, 0
1526,0, 1340, False, 0
1527,0, 1340, False, 0
1528,0, 1340, False, 0
1529,0, 1340, False, 0
1530,0, 1340, False, 0
1531,0, 1340, False, 0
1532,0, 1340, False, 0
1533,0, 1340, False, 0
1534,0, 1340, False, 0
1535,0, 1340, False, 0
1536,0, 1340, False, 0
1537,0, 1340, False, 0
1538,0, 1340, False, 0
1539,0, 1340, False, 0
1540,0, 1340, False, 0
1541,0, 1340, False, 0
1542,10, 1350, False, 0
1543,0, 1350, False, 0
1544,0, 1350, False, 0
1545,0, 1350, False, 0
1546,0, 1350, False, 0
1547,0, 1350, False, 0
1548,0, 1350, False, 0
1549,0, 1350, False, 0
1550,0, 1350, False, 0
1551,0, 1350, False, 0
1552,0, 1350, False, 0
1553,0, 1350, False, 0
1554,0, 1350, False, 0
1555,0, 1350, False, 0
1556,10, 1360, False, 0
1557,0, 1360, False, 0
1558,0, 1360, False, 0
1559,0, 1360, False, 0
1560,0, 1360, False, 0
1561,0, 1360, False, 0
1562,0, 1360, False, 0
1563,0, 1360, False, 0
1564,0, 1360, False, 0
1565,0, 1360, False, 0
1566,0, 1360, False, 0
1567,0, 1360, False, 0
1568,0, 1360, False, 0
1569,0, 1360, False, 0
1570,10, 1370, False, 0
1571,0, 1370, False, 0
1572,0, 1370, False, 0
1573,0, 1370, False, 0
1574,0, 1370, False, 0
1575,0, 1370, False, 0
1576,0, 1370, False, 0
1577,0, 1370, False, 0
1578,0, 1370, False, 0
1579,0, 1370, False, 0
1580,0, 1370, False, 0
1581,0, 1370, False, 0
1582,10, 1380, False, 0
1583,0, 1380, False, 0
1584,0, 1380, False, 0
1585,0, 1380, False, 0
1586,0, 1380, False, 0
1587,0, 1380, False, 0
1588,0, 1380, False, 0
1589,0, 1380, False, 0
1590,0, 1380, False, 0
1591,0, 1380, False, 0
1592,0, 1380, False, 0
1593,0, 1380, False, 0
1594,0, 1380, False, 0
1595,0, 1380, False, 0
1596,10, 1390, False, 0
1597,0, 1390, False, 0
1598,0, 1390, False, 0
1599,0, 1390, False, 0
1600,0, 1390, False, 0
1601,0, 1390, False, 0
1602,0, 1390, False, 0
1603,0, 1390, False, 0
1604,0, 1390, False, 0
1605,0, 1390, False, 0
1606,0, 1390, False, 0
1607,0, 1390, False, 0
1608,0, 1390, False, 0
1609,0, 1390, False, 0
1610,10, 1400, False, 0
1611,0, 1400, False, 0
1612,0, 1400, False, 0
1613,0, 1400, False, 0
1614,0, 1400, False, 0
1615,0, 1400, False, 2
1616,0, 1400, False, 2
1617,0, 1400, False, 2
1618,0, 1400, False, 2
1619,0, 1400, False, 2
1620,0, 1400, False, 2
1621,0, 1400, False, 2
1622,0, 1400, False, 2
1623,0, 1400, False, 2
1624,0, 1400, False, 2
1625,0, 1400, False, 0
1626,0, 1400, False, 0
1627,0, 1400, False, 0
1628,10, 1410, False, 0
1629,0, 1410, False, 0
1630,0, 1410, False, 0
1631,0, 1410, False, 0
1632,0, 1410, False, 0
1633,0, 1410, False, 0
1634,0, 1410, False, 0
1635,0, 1410, False, 0
1636,0, 1410, False, 0
1637,0, 1410, False, 0
1638,0, 1410, False, 0
1639,0, 1410, False, 0
1640,0, 1410, False, 0
1641,0, 1410, False, 0
1642,10, 1420, False, 0
1643,0, 1420, False, 0
1644,0, 1420, False, 0
1645,0, 1420, False, 0
1646,0, 1420, False, 0
1647,0, 1420, False, 0
1648,0, 1420, False, 0
1649,0, 1420, False, 0
1650,0, 1420, False, 0
1651,0, 1420, False, 0
1652,0, 1420, False, 0
1653,0, 1420, False, 0
1654,0, 1420, False, 0
1655,0, 1420, False, 0
1656,10, 1430, False, 0
1657,0, 1430, False, 0
1658,0, 1430, False, 0
1659,0, 1430, False, 0
1660,0, 1430, False, 0
1661,0, 1430, False, 0
1662,0, 1430, False, 0
1663,0, 1430, False, 0
1664,0, 1430, False, 0
1665,0, 1430, False, 0
1666,0, 1430, False, 0
1667,0, 1430, False, 0
1668,0, 1430, False, 0
1669,0, 1430, False, 0
1670,10, 1440, False, 0
1671,0, 1440, False, 0
1672,0, 1440, False, 0
1673,0, 1440, False, 0
1674,0, 1440, False, 0
1675,0, 1440, False, 4
1676,0, 1440, False, 4
1677,0, 1440, False, 4
1678,0, 1440, False, 4
1679,0, 1440, False, 4
1680,0, 1440, False, 4
1681,0, 1440, False, 4
1682,0, 1440, False, 4
1683,0, 1440, False, 0
1684,0, 1440, False, 0
1685,0, 1440, False, 0
1686,10, 1450, False, 0
1687,0, 1450, False, 0
1688,0, 1450, False, 0
1689,0, 1450, False, 0
1690,0, 1450, False, 0
1691,0, 1450, False, 0
1692,0, 1450, False, 0
1693,0, 1450, False, 0
1694,0, 1450, False, 0
1695,0, 1450, False, 0
1696,0, 1450, False, 0
1697,0, 1450, False, 0
1698,10, 1460, False, 0
1699,0, 1460, False, 0
1700,200, 1660, False, 0
1701,0, 1660, False, 0
1702,0, 1660, False, 0
1703,0, 1660, False, 0
1704,0, 1660, False, 0
1705,0, 1660, False, 0
1706,0, 1660, False, 0
1707,0, 1660, False, 0
1708,0, 1660, False, 0
1709,0, 1660, False, 0
1710,0, 1660, False, 0
1711,0, 1660, False, 0
1712,0, 1660, False, 0
1713,0, 1660, False, 0
1714,0, 1660, False, 0
1715,0, 1660, False, 0
1716,0, 1660, False, 0
1717,0, 1660, False, 0
1718,0, 1660, False, 0
1719,0, 1660, False, 0
1720,0, 1660, False, 0
1721,0, 1660, False, 0
1722,0, 1660, False, 0
1723,0, 1660, False, 0
1724,0, 1660, False, 0
1725,0, 1660, False, 0
1726,0, 1660, False, 0
1727,0, 1660, False, 0
1728,10, 1670, False, 0
1729,0, 1670, False, 0
1730,0, 1670, False, 0
1731,0, 1670, False, 0
1732,0, 1670, False, 0
1733,0, 1670, False, 0
1734,0, 1670, False, 0
1735,0, 1670, False, 0
1736,0, 1670, False, 0
1737,0, 1670, False, 0
1738,0, 1670, False, 0
1739,0, 1670, False, 0
1740,0, 1670, False, 5
1741,0, 1670, False, 5
1742,0, 1670, False, 5
1743,0, 1670, False, 5
1744,0, 1670, False, 5
1745,0, 1670, False, 5
1746,50, 1720, False, 5
1747,0, 1720, False, 5
1748,0, 1720, False, 5
1749,0, 1720, False, 0
1750,0, 1720, False, 0
1751,0, 1720, False, 0
1752,0, 1720, False, 0
1753,0, 1720, False, 0
1754,0, 1720, False, 0
1755,0, 1720, False, 0
1756,0, 1720, False, 0
1757,0, 1720, False, 0
1758,0, 1720, False, 0
1759,0, 1720, False, 0
1760,10, 1730, False, 0
1761,0, 1730, False, 0
1762,0, 1730, False, 0
1763,0, 1730, False, 0
1764,0, 1730, False, 0
1765,0, 1730, False, 0
1766,0, 1730, False, 0
1767,0, 1730, False, 0
1768,0, 1730, False, 0
1769,0, 1730, False, 0
1770,0, 1730, False, 0
1771,0, 1730, False, 0
1772,0, 1730, False, 0
1773,0, 1730, False, 0
1774,0, 1730, False, 3
1775,0, 1730, False, 3
1776,0, 1730, False, 3
1777,0, 1730, False, 3
1778,0, 1730, False, 3
1779,0, 1730, False, 3
1780,0, 1730, False, 3
1781,0, 1730, False, 3
1782,10, 1740, False, 3
1783,0, 1740, False, 3
1784,0, 1740, False, 3
1785,0, 1740, False, 3
1786,0, 1740, False, 0
1787,0, 1740, False, 0
1788,0, 1740, False, 0
1789,0, 1740, False, 0
1790,0, 1740, False, 0
1791,0, 1740, False, 0
1792,0, 1740, False, 0
1793,0, 1740, False, 5
1794,0, 1740, False, 5
1795,0, 1740, False, 5
1796,10, 1750, False, 5
1797,0, 1750, False, 5
1798,0, 1750, False, 5
1799,0, 1750, False, 5
1800,0, 1750, False, 5
1801,0, 1750, False, 5
1802,0, 1750, False, 5
1803,0, 1750, False, 0
1804,0, 1750, False, 0
1805,0, 1750, False, 0
1806,0, 1750, False, 0
1807,0, 1750, False, 0
1808,0, 1750, False, 0
1809,0, 1750, False, 0
1810,0, 1750, False, 0
1811,0, 1750, False, 0
1812,0, 1750, False, 0
1813,0, 1750, False, 0
1814,0, 1750, False, 0
1815,0, 1750, False, 0
1816,0, 1750, False, 0
1817,0, 1750, False, 0
1818,0, 1750, False, 0
1819,0, 1750, False, 0
1820,10, 1760, False, 0
1821,0, 1760, False, 0
1822,0, 1760, False, 0
1823,0, 1760, False, 0
1824,0, 1760, False, 0
1825,0, 1760, False, 0
1826,0, 1760, False, 0
1827,0, 1760, False, 0
1828,0, 1760, False, 0
1829,0, 1760, False, 0
1830,0, 1760, False, 5
1831,0, 1760, False, 5
1832,0, 1760, False, 5
1833,0, 1760, False, 5
1834,10, 1770, False, 5
1835,0, 1770, False, 5
1836,0, 1770, False, 5
1837,0, 1770, False, 5
1838,0, 1770, False, 5
1839,0, 1770, False, 5
1840,0, 1770, False, 0
1841,0, 1770, False, 0
1842,0, 1770, False, 0
1843,0, 1770, False, 0
1844,0, 1770, False, 0
1845,0, 1770, False, 0
1846,10, 1780, False, 0
1847,0, 1780, False, 0
1848,0, 1780, False, 0
1849,0, 1780, False, 0
1850,0, 1780, False, 0
1851,0, 1780, False, 0
1852,0, 1780, False, 0
1853,0, 1780, False, 0
1854,0, 1780, False, 0
1855,0, 1780, False, 0
1856,0, 1780, False, 5
1857,0, 1780, False, 5
1858,0, 1780, False, 5
1859,0, 1780, False, 5
1860,10, 1790, False, 5
1861,0, 1790, False, 5
1862,0, 1790, False, 5
1863,0, 1790, False, 5
1864,0, 1790, False, 0
1865,0, 1790, False, 0
1866,0, 1790, False, 0
1867,0, 1790, False, 0
1868,0, 1790, False, 0
1869,0, 1790, False, 0
1870,0, 1790, False, 0
1871,0, 1790, False, 0
1872,0, 1790, False, 0
1873,0, 1790, False, 0
1874,10, 1800, False, 0
1875,0, 1800, False, 0
1876,0, 1800, False, 0
1877,0, 1800, False, 0
1878,0, 1800, False, 0
1879,0, 1800, False, 0
1880,0, 1800, False, 0
1881,0, 1800, False, 5
1882,0, 1800, False, 5
1883,0, 1800, False, 5
1884,0, 1800, False, 5
1885,0, 1800, False, 5
1886,0, 1800, False, 5
1887,0, 1800, False, 0
1888,0, 1800, False, 0
1889,0, 1800, False, 0
1890,0, 1800, False, 0
1891,0, 1800, False, 0
1892,10, 1810, False, 0
1893,0, 1810, False, 0
1894,0, 1810, False, 5
1895,0, 1810, False, 5
1896,0, 1810, False, 5
1897,0, 1810, False, 0
1898,0, 1810, False, 0
1899,0, 1810, False, 0
1900,0, 1810, False, 0
1901,0, 1810, False, 0
1902,0, 1810, False, 0
1903,0, 1810, False, 0
1904,0, 1810, False, 0
1905,0, 1810, False, 0
1906,10, 1820, False, 0
1907,0, 1820, False, 0
1908,0, 1820, False, 0
1909,0, 1820, False, 0
1910,0, 1820, False, 0
1911,0, 1820, False, 0
1912,0, 1820, False, 0
1913,0, 1820, False, 0
1914,0, 1820, False, 0
1915,0, 1820, False, 0
1916,0, 1820, False, 0
1917,0, 1820, False, 5
1918,0, 1820, False, 5
1919,0, 1820, False, 5
1920,0, 1820, False, 5
1921,0, 1820, False, 5
1922,0, 1820, False, 5
1923,0, 1820, False, 5
1924,0, 1820, False, 0
1925,0, 1820, False, 0
1926,0, 1820, False, 0
1927,0, 1820, False, 0
1928,0, 1820, False, 0
1929,0, 1820, False, 0
1930,0, 1820, False, 0
1931,0, 1820, False, 0
1932,0, 1820, False, 0
1933,0, 1820, False, 0
1934,0, 1820, False, 0
1935,0, 1820, False, 0
1936,0, 1820, False, 0
1937,0, 1820, False, 0
1938,0, 1820, False, 0
1939,0, 1820, False, 0
1940,0, 1820, False, 0
1941,0, 1820, False, 0
1942,0, 1820, False, 0
1943,0, 1820, False, 0
1944,0, 1820, False, 0
1945,0, 1820, False, 0
1946,0, 1820, False, 0
1947,0, 1820, False, 0
1948,0, 1820, False, 0
1949,0, 1820, False, 0
1950,0, 1820, False, 0
1951,0, 1820, False, 0
1952,0, 1820, False, 0
1953,0, 1820, False, 0
1954,0, 1820, False, 0
1955,0, 1820, False, 0
1956,0, 1820, False, 0
1957,0, 1820, False, 0
1958,0, 1820, False, 0
1959,0, 1820, False, 0
1960,0, 1820, False, 0
1961,0, 1820, False, 0
1962,0, 1820, False, 0
1963,0, 1820, False, 0
1964,0, 1820, False, 0
1965,0, 1820, False, 0
1966,0, 1820, False, 0
1967,0, 1820, False, 0
1968,0, 1820, False, 0
1969,0, 1820, False, 0
1970,0, 1820, False, 0
1971,0, 1820, False, 0
1972,0, 1820, False, 0
1973,0, 1820, False, 0
1974,0, 1820, False, 0
1975,0, 1820, False, 0
1976,0, 1820, False, 0
1977,0, 1820, False, 0
1978,0, 1820, False, 0
1979,0, 1820, False, 0
1980,0, 1820, False, 0
1981,0, 1820, False, 0
1982,0, 1820, False, 0
1983,0, 1820, False, 0
1984,0, 1820, False, 0
1985,0, 1820, False, 0
1986,0, 1820, False, 0
1987,0, 1820, False, 0
1988,0, 1820, False, 0
1989,0, 1820, False, 3
1990,0, 1820, False, 3
1991,0, 1820, False, 3
1992,0, 1820, False, 3
1993,0, 1820, False, 3
1994,0, 1820, False, 3
1995,0, 1820, False, 0
1996,0, 1820, False, 0
1997,0, 1820, False, 0
1998,0, 1820, False, 0
1999,0, 1820, False, 0
2000,0, 1820, False, 0
2001,0, 1820, False, 0
2002,0, 1820, False, 0
2003,0, 1820, False, 0
2004,0, 1820, False, 5
2005,0, 1820, False, 5
2006,0, 1820, False, 5
2007,0, 1820, False, 5
2008,0, 1820, False, 5
2009,0, 1820, False, 0
2010,0, 1820, False, 0
2011,0, 1820, False, 0
2012,10, 1830, False, 0
2013,0, 1830, False, 0
2014,0, 1830, False, 0
2015,0, 1830, False, 0
2016,0, 1830, False, 0
2017,0, 1830, False, 0
2018,0, 1830, False, 0
2019,0, 1830, False, 0
2020,0, 1830, False, 0
2021,0, 1830, False, 0
2022,0, 1830, False, 0
2023,0, 1830, False, 0
2024,0, 1830, False, 0
2025,0, 1830, False, 0
2026,10, 1840, False, 0
2027,0, 1840, False, 0
2028,0, 1840, False, 0
2029,0, 1840, False, 0
2030,0, 1840, False, 0
2031,0, 1840, False, 0
2032,0, 1840, False, 0
2033,0, 1840, False, 0
2034,0, 1840, False, 0
2035,0, 1840, False, 0
2036,0, 1840, False, 0
2037,0, 1840, False, 0
2038,0, 1840, False, 0
2039,0, 1840, False, 0
2040,10, 1850, False, 0
2041,0, 1850, False, 0
2042,0, 1850, False, 0
2043,0, 1850, False, 0
2044,0, 1850, False, 0
2045,0, 1850, False, 0
2046,0, 1850, False, 0
2047,0, 1850, False, 4
2048,0, 1850, False, 4
2049,0, 1850, False, 4
2050,0, 1850, False, 4
2051,0, 1850, False, 4
2052,0, 1850, False, 0
2053,0, 1850, False, 0
2054,0, 1850, False, 0
2055,0, 1850, False, 0
2056,10, 1860, False, 0
2057,0, 1860, False, 0
2058,0, 1860, False, 0
2059,0, 1860, False, 0
2060,0, 1860, False, 0
2061,0, 1860, False, 0
2062,0, 1860, False, 0
2063,0, 1860, False, 0
2064,0, 1860, False, 0
2065,0, 1860, False, 0
2066,0, 1860, False, 0
2067,0, 1860, False, 0
2068,0, 1860, False, 0
2069,0, 1860, False, 0
2070,10, 1870, False, 0
2071,0, 1870, False, 0
2072,0, 1870, False, 0
2073,0, 1870, False, 0
2074,0, 1870, False, 0
2075,0, 1870, False, 5
2076,0, 1870, False, 5
2077,0, 1870, False, 5
2078,0, 1870, False, 5
2079,0, 1870, False, 5
2080,0, 1870, False, 5
2081,0, 1870, False, 5
2082,0, 1870, False, 5
2083,0, 1870, False, 0
2084,10, 1880, False, 0
2085,0, 1880, False, 0
2086,0, 1880, False, 0
2087,0, 1880, False, 0
2088,0, 1880, False, 0
2089,0, 1880, False, 0
2090,0, 1880, False, 0
2091,0, 1880, False, 0
2092,0, 1880, False, 0
2093,0, 1880, False, 0
2094,0, 1880, False, 0
2095,0, 1880, False, 0
2096,0, 1880, False, 0
2097,0, 1880, False, 0
2098,10, 1890, False, 0
2099,0, 1890, False, 0
2100,0, 1890, False, 3
2101,0, 1890, False, 3
2102,0, 1890, False, 3
2103,0, 1890, False, 3
2104,0, 1890, False, 3
2105,0, 1890, False, 3
2106,0, 1890, False, 3
2107,0, 1890, False, 3
2108,0, 1890, False, 0
2109,0, 1890, False, 0
2110,0, 1890, False, 0
2111,0, 1890, False, 0
2112,10, 1900, False, 0
2113,0, 1900, False, 0
2114,0, 1900, False, 0
2115,0, 1900, False, 0
2116,0, 1900, False, 0
2117,0, 1900, False, 0
2118,0, 1900, False, 0
2119,0, 1900, False, 0
2120,0, 1900, False, 0
2121,0, 1900, False, 0
2122,0, 1900, False, 0
2123,0, 1900, False, 0
2124,200, 2100, False, 0
2125,0, 2100, False, 0
2126,0, 2100, False, 0
2127,0, 2100, False, 0
2128,0, 2100, False, 0
2129,0, 2100, False, 0
2130,0, 2100, False, 0
2131,0, 2100, False, 0
2132,0, 2100, False, 0
2133,0, 2100, False, 0
2134,0, 2100, False, 0
2135,0, 2100, False, 0
2136,0, 2100, False, 0
2137,0, 2100, False, 0
2138,0, 2100, False, 0
2139,0, 2100, False, 0
2140,0, 2100, False, 0
2141,0, 2100, False, 0
2142,10, 2110, False, 0
2143,0, 2110, False, 0
2144,400, 2510, False, 0
2145,0, 2510, False, 0
2146,0, 2510, False, 0
2147,0, 2510, False, 0
2148,0, 2510, False, 0
2149,0, 2510, False, 0
2150,0, 2510, False, 0
2151,0, 2510, False, 0
2152,0, 2510, False, 0
2153,0, 2510, False, 0
2154,0, 2510, False, 0
2155,0, 2510, False, 0
2156,0, 2510, False, 0
2157,0, 2510, False, 0
2158,0, 2510, False, 0
2159,0, 2510, False, 0
2160,0, 2510, False, 0
2161,0, 2510, False, 0
2162,0, 2510, False, 0
2163,0, 2510, False, 0
2164,0, 2510, False, 0
2165,0, 2510, False, 0
2166,0, 2510, False, 0
2167,0, 2510, False, 0
2168,0, 2510, False, 0
2169,0, 2510, False, 0
2170,0, 2510, False, 0
2171,0, 2510, False, 0
2172,0, 2510, False, 0
2173,0, 2510, False, 0
2174,10, 2520, False, 0
2175,0, 2520, False, 0
2176,0, 2520, False, 0
2177,0, 2520, False, 0
2178,0, 2520, False, 0
2179,0, 2520, False, 0
2180,0, 2520, False, 0
2181,0, 2520, False, 0
2182,0, 2520, False, 0
2183,0, 2520, False, 0
2184,0, 2520, False, 0
2185,0, 2520, False, 0
2186,0, 2520, False, 0
2187,0, 2520, False, 0
2188,0, 2520, False, 0
2189,0, 2520, False, 0
2190,0, 2520, False, 0
2191,0, 2520, False, 0
2192,0, 2520, False, 0
2193,0, 2520, False, 0
2194,0, 2520, False, 0
2195,0, 2520, False, 0
2196,0, 2520, False, 0
2197,0, 2520, False, 0
2198,0, 2520, False, 0
2199,0, 2520, False, 0
2200,0, 2520, False, 0
2201,0, 2520, False, 0
2202,0, 2520, False, 0
2203,0, 2520, False, 0
2204,0, 2520, False, 0
2205,0, 2520, False, 0
2206,0, 2520, False, 0
2207,0, 2520, False, 0
2208,0, 2520, False, 0
2209,0, 2520, False, 0
2210,0, 2520, False, 0
2211,0, 2520, False, 0
2212,0, 2520, False, 0
2213,0, 2520, False, 0
2214,0, 2520, False, 0
2215,0, 2520, False, 0
2216,0, 2520, False, 0
2217,0, 2520, False, 0
2218,0, 2520, False, 0
2219,0, 2520, False, 0
2220,0, 2520, False, 0
2221,0, 2520, False, 0
2222,0, 2520, False, 0
2223,0, 2520, False, 0
2224,0, 2520, False, 0
2225,0, 2520, False, 0
2226,0, 2520, False, 0
2227,0, 2520, False, 0
2228,0, 2520, False, 2
2229,0, 2520, False, 2
2230,0, 2520, False, 2
2231,0, 2520, False, 2
2232,0, 2520, False, 2
2233,0, 2520, False, 2
2234,0, 2520, False, 2
2235,0, 2520, False, 2
2236,0, 2520, False, 0
2237,0, 2520, False, 0
2238,0, 2520, False, 0
2239,0, 2520, False, 0
2240,0, 2520, False, 0
2241,0, 2520, False, 0
2242,0, 2520, False, 0
2243,0, 2520, False, 0
2244,0, 2520, False, 0
2245,0, 2520, False, 0
2246,0, 2520, False, 0
2247,0, 2520, False, 0
2248,0, 2520, False, 0
2249,0, 2520, False, 0
2250,0, 2520, False, 0
2251,0, 2520, False, 0
2252,0, 2520, False, 0
2253,0, 2520, False, 0
2254,0, 2520, False, 0
2255,0, 2520, False, 0
2256,0, 2520, False, 0
2257,0, 2520, False, 0
2258,0, 2520, False, 0
2259,0, 2520, False, 0
2260,0, 2520, False, 0
2261,0, 2520, False, 0
2262,0, 2520, False, 0
2263,0, 2520, False, 0
2264,0, 2520, False, 0
2265,0, 2520, False, 0
2266,0, 2520, False, 0
2267,0, 2520, False, 4
2268,0, 2520, False, 4
2269,0, 2520, False, 4
2270,0, 2520, False, 4
2271,0, 2520, False, 4
2272,0, 2520, False, 4
2273,0, 2520, False, 0
2274,0, 2520, False, 0
2275,0, 2520, False, 0
2276,0, 2520, False, 0
2277,0, 2520, False, 0
2278,0, 2520, False, 0
2279,0, 2520, False, 2
2280,0, 2520, False, 2
2281,0, 2520, False, 2
2282,0, 2520, False, 2
2283,0, 2520, False, 2
2284,0, 2520, False, 2
2285,0, 2520, False, 0
2286,0, 2520, False, 0
2287,0, 2520, False, 0
2288,0, 2520, False, 0
2289,0, 2520, False, 0
2290,0, 2520, False, 0
2291,0, 2520, False, 0
2292,0, 2520, False, 0
2293,0, 2520, False, 0
2294,0, 2520, False, 0
2295,0, 2520, False, 0
2296,0, 2520, False, 0
2297,0, 2520, False, 0
2298,0, 2520, False, 0
2299,0, 2520, False, 0
2300,0, 2520, False, 0
2301,0, 2520, False, 0
2302,0, 2520, False, 0
2303,0, 2520, False, 0
2304,0, 2520, False, 0
2305,0, 2520, False, 0
2306,0, 2520, False, 0
2307,0, 2520, False, 0
2308,0, 2520, False, 0
2309,0, 2520, False, 0
2310,0, 2520, False, 0
2311,0, 2520, False, 0
2312,0, 2520, False, 0
2313,0, 2520, False, 0
2314,0, 2520, False, 0
2315,0, 2520, False, 3
2316,0, 2520, False, 3
2317,0, 2520, False, 3
2318,0, 2520, False, 3
2319,0, 2520, False, 3
2320,0, 2520, False, 3
2321,0, 2520, False, 3
2322,0, 2520, False, 0
2323,0, 2520, False, 0
2324,0, 2520, False, 0
2325,0, 2520, False, 0
2326,0, 2520, False, 0
2327,0, 2520, False, 0
2328,0, 2520, False, 0
2329,0, 2520, False, 0
2330,0, 2520, False, 0
2331,0, 2520, False, 0
2332,0, 2520, False, 0
2333,0, 2520, False, 0
2334,0, 2520, False, 0
2335,0, 2520, False, 0
2336,0, 2520, False, 0
2337,0, 2520, False, 0
2338,0, 2520, False, 2
2339,0, 2520, False, 2
2340,0, 2520, False, 2
2341,0, 2520, False, 2
2342,0, 2520, False, 2
2343,0, 2520, False, 2
2344,0, 2520, False, 0
2345,0, 2520, False, 0
2346,0, 2520, False, 0
2347,0, 2520, False, 0
2348,0, 2520, False, 0
2349,0, 2520, False, 0
2350,0, 2520, False, 0
2351,0, 2520, False, 0
2352,0, 2520, False, 0
2353,0, 2520, False, 0
2354,0, 2520, False, 0
2355,0, 2520, False, 0
2356,0, 2520, False, 0
2357,0, 2520, False, 0
2358,0, 2520, False, 0
2359,0, 2520, False, 0
2360,0, 2520, False, 0
2361,0, 2520, False, 0
2362,0, 2520, False, 0
2363,0, 2520, False, 4
2364,0, 2520, False, 4
2365,0, 2520, False, 4
2366,0, 2520, False, 4
2367,0, 2520, False, 4
2368,0, 2520, False, 4
2369,0, 2520, False, 0
2370,0, 2520, False, 0
2371,0, 2520, False, 0
2372,0, 2520, False, 0
2373,0, 2520, False, 0
2374,0, 2520, False, 0
2375,0, 2520, False, 2
2376,0, 2520, False, 2
2377,0, 2520, False, 2
2378,0, 2520, False, 2
2379,0, 2520, False, 2
2380,0, 2520, False, 2
2381,0, 2520, False, 2
2382,0, 2520, False, 0
2383,0, 2520, False, 0
2384,0, 2520, False, 0
2385,0, 2520, False, 0
2386,0, 2520, False, 0
2387,0, 2520, False, 0
2388,0, 2520, False, 0
2389,0, 2520, False, 0
2390,0, 2520, False, 0
2391,0, 2520, False, 0
2392,0, 2520, False, 0
2393,0, 2520, False, 0
2394,0, 2520, False, 0
2395,0, 2520, False, 0
2396,0, 2520, False, 0
2397,0, 2520, False, 0
2398,0, 2520, False, 0
2399,0, 2520, False, 0
2400,0, 2520, False, 0
2401,0, 2520, False, 0
2402,0, 2520, False, 0
2403,0, 2520, False, 3
2404,0, 2520, False, 3
2405,0, 2520, False, 3
2406,0, 2520, False, 3
2407,0, 2520, False, 3
2408,0, 2520, False, 0
2409,0, 2520, False, 0
2410,0, 2520, False, 0
2411,0, 2520, False, 0
2412,0, 2520, False, 0
2413,0, 2520, False, 0
2414,0, 2520, False, 0
2415,0, 2520, False, 0
2416,0, 2520, False, 0
2417,0, 2520, False, 0
2418,0, 2520, False, 0
2419,0, 2520, False, 0
2420,0, 2520, False, 0
2421,0, 2520, False, 2
2422,0, 2520, False, 2
2423,0, 2520, False, 2
2424,0, 2520, False, 2
2425,0, 2520, False, 2
2426,0, 2520, False, 0
2427,0, 2520, False, 0
2428,0, 2520, False, 0
2429,0, 2520, False, 0
2430,0, 2520, False, 0
2431,0, 2520, False, 0
2432,0, 2520, False, 0
2433,0, 2520, False, 0
2434,0, 2520, False, 0
2435,0, 2520, False, 0
2436,10, 2530, False, 0
2437,0, 2530, False, 0
2438,0, 2530, False, 0
2439,0, 2530, False, 0
2440,0, 2530, False, 0
2441,0, 2530, False, 0
2442,0, 2530, False, 0
2443,0, 2530, False, 0
2444,0, 2530, False, 0
2445,0, 2530, False, 0
2446,0, 2530, False, 0
2447,0, 2530, False, 0
2448,0, 2530, False, 0
2449,0, 2530, False, 0
2450,10, 2540, False, 0
2451,0, 2540, False, 0
2452,0, 2540, False, 0
2453,0, 2540, False, 0
2454,0, 2540, False, 0
2455,0, 2540, False, 0
2456,0, 2540, False, 0
2457,0, 2540, False, 0
2458,0, 2540, False, 0
2459,0, 2540, False, 0
2460,0, 2540, False, 0
2461,0, 2540, False, 0
2462,0, 2540, False, 0
2463,0, 2540, False, 0
2464,10, 2550, False, 0
2465,0, 2550, False, 0
2466,0, 2550, False, 0
2467,0, 2550, False, 0
2468,0, 2550, False, 0
2469,0, 2550, False, 0
2470,0, 2550, False, 0
2471,0, 2550, False, 0
2472,0, 2550, False, 0
2473,0, 2550, False, 0
2474,0, 2550, False, 0
2475,0, 2550, False, 0
2476,0, 2550, False, 0
2477,0, 2550, False, 0
2478,10, 2560, False, 0
2479,0, 2560, False, 0
2480,0, 2560, False, 0
2481,0, 2560, False, 0
2482,0, 2560, False, 0
2483,0, 2560, False, 0
2484,0, 2560, False, 0
2485,0, 2560, False, 0
2486,0, 2560, False, 0
2487,0, 2560, False, 0
2488,0, 2560, False, 0
2489,0, 2560, False, 0
2490,0, 2560, False, 0
2491,0, 2560, False, 0
2492,10, 2570, False, 0
2493,0, 2570, False, 0
2494,0, 2570, False, 0
2495,0, 2570, False, 0
2496,0, 2570, False, 0
2497,0, 2570, False, 0
2498,0, 2570, False, 0
2499,0, 2570, False, 0
2500,0, 2570, False, 0
2501,0, 2570, False, 0
2502,0, 2570, False, 0
2503,0, 2570, False, 0
2504,0, 2570, False, 0
2505,0, 2570, False, 0
2506,10, 2580, False, 0
2507,0, 2580, False, 0
2508,0, 2580, False, 0
2509,0, 2580, False, 0
2510,0, 2580, False, 0
2511,0, 2580, False, 0
2512,0, 2580, False, 0
2513,0, 2580, False, 0
2514,0, 2580, False, 0
2515,0, 2580, False, 0
2516,0, 2580, False, 0
2517,0, 2580, False, 0
2518,0, 2580, False, 0
2519,0, 2580, False, 0
2520,10, 2590, False, 0
2521,0, 2590, False, 0
2522,0, 2590, False, 0
2523,0, 2590, False, 0
2524,0, 2590, False, 0
2525,0, 2590, False, 0
2526,0, 2590, False, 0
2527,0, 2590, False, 0
2528,0, 2590, False, 0
2529,0, 2590, False, 0
2530,0, 2590, False, 0
2531,0, 2590, False, 0
2532,0, 2590, False, 3
2533,0, 2590, False, 3
2534,0, 2590, False, 3
2535,0, 2590, False, 3
2536,0, 2590, False, 3
2537,0, 2590, False, 3
2538,0, 2590, False, 3
2539,0, 2590, False, 0
2540,0, 2590, False, 0
2541,0, 2590, False, 0
2542,0, 2590, False, 0
2543,0, 2590, False, 0
2544,0, 2590, False, 0
2545,0, 2590, False, 0
2546,0, 2590, False, 0
2547,0, 2590, False, 0
2548,0, 2590, False, 0
2549,0, 2590, False, 0
2550,0, 2590, False, 0
2551,0, 2590, False, 0
2552,0, 2590, False, 0
2553,0, 2590, False, 0
2554,0, 2590, False, 0
2555,0, 2590, False, 0
2556,0, 2590, False, 0
2557,0, 2590, False, 0
2558,0, 2590, False, 0
2559,0, 2590, False, 0
2560,0, 2590, False, 0
2561,0, 2590, False, 2
2562,0, 2590, False, 2
2563,0, 2590, False, 2
2564,0, 2590, False, 2
2565,0, 2590, False, 2
2566,0, 2590, False, 2
2567,0, 2590, False, 2
2568,0, 2590, False, 2
2569,0, 2590, False, 2
2570,0, 2590, False, 2
2571,0, 2590, False, 2
2572,0, 2590, False, 2
2573,0, 2590, False, 2
2574,0, 2590, False, 2
2575,0, 2590, False, 0
2576,0, 2590, False, 0
2577,0, 2590, False, 0
2578,0, 2590, False, 0
2579,0, 2590, False, 0
2580,0, 2590, False, 0
2581,0, 2590, False, 0
2582,0, 2590, False, 0
2583,0, 2590, False, 0
2584,0, 2590, False, 0
2585,0, 2590, False, 0
2586,0, 2590, False, 0
2587,0, 2590, False, 0
2588,0, 2590, False, 0
2589,0, 2590, False, 0
2590,0, 2590, False, 0
2591,0, 2590, False, 0
2592,0, 2590, False, 0
2593,0, 2590, False, 0
2594,0, 2590, False, 0
2595,0, 2590, False, 0
2596,0, 2590, False, 0
2597,0, 2590, False, 0
2598,0, 2590, False, 0
2599,0, 2590, False, 0
2600,0, 2590, False, 0
2601,0, 2590, False, 0
2602,0, 2590, False, 0
2603,0, 2590, False, 0
2604,0, 2590, False, 0
2605,0, 2590, False, 0
2606,0, 2590, False, 0
2607,0, 2590, False, 0
2608,0, 2590, False, 0
2609,0, 2590, False, 0
2610,0, 2590, False, 0
2611,0, 2590, False, 0
2612,0, 2590, False, 0
2613,0, 2590, False, 0
2614,0, 2590, False, 0
2615,0, 2590, False, 0
2616,0, 2590, False, 0
2617,0, 2590, False, 0
2618,0, 2590, False, 0
2619,0, 2590, False, 0
2620,0, 2590, False, 0
2621,0, 2590, False, 0
2622,0, 2590, False, 0
2623,0, 2590, False, 0
2624,0, 2590, False, 0
2625,0, 2590, False, 0
2626,0, 2590, False, 0
2627,0, 2590, False, 0
2628,0, 2590, False, 0
2629,0, 2590, False, 0
2630,0, 2590, False, 0
2631,0, 2590, False, 0
2632,0, 2590, False, 0
2633,0, 2590, False, 0
2634,0, 2590, False, 0
2635,0, 2590, False, 0
2636,0, 2590, False, 0
2637,0, 2590, False, 0
2638,0, 2590, False, 0
2639,0, 2590, False, 0
2640,0, 2590, False, 0
2641,0, 2590, False, 0
2642,0, 2590, False, 0
2643,0, 2590, False, 0
2644,0, 2590, False, 0
2645,0, 2590, False, 0
2646,0, 2590, False, 0
2647,0, 2590, False, 0
2648,0, 2590, False, 0
2649,0, 2590, False, 0
2650,0, 2590, False, 0
2651,0, 2590, False, 0
2652,0, 2590, False, 0
2653,0, 2590, False, 0
2654,0, 2590, False, 0
2655,0, 2590, False, 0
2656,0, 2590, False, 0
2657,0, 2590, False, 0
2658,0, 2590, False, 0
2659,0, 2590, False, 0
2660,0, 2590, False, 0
2661,0, 2590, False, 0
2662,0, 2590, False, 0
2663,0, 2590, False, 0
2664,0, 2590, False, 0
2665,0, 2590, False, 0
2666,0, 2590, False, 0
2667,0, 2590, False, 0
2668,0, 2590, False, 0
2669,0, 2590, False, 0
2670,0, 2590, False, 0
2671,0, 2590, False, 0
2672,0, 2590, False, 0
2673,0, 2590, False, 0
2674,0, 2590, False, 0
2675,0, 2590, False, 0
2676,0, 2590, False, 0
2677,0, 2590, False, 0
2678,0, 2590, False, 0
2679,0, 2590, False, 0
2680,0, 2590, False, 0
2681,0, 2590, False, 0
2682,0, 2590, False, 0
2683,0, 2590, False, 0
2684,0, 2590, False, 0
2685,0, 2590, False, 0
2686,0, 2590, False, 0
2687,0, 2590, False, 0
2688,0, 2590, False, 0
2689,0, 2590, False, 0
2690,0, 2590, False, 0
2691,0, 2590, False, 0
2692,0, 2590, False, 0
2693,0, 2590, False, 0
2694,0, 2590, False, 0
2695,0, 2590, False, 0
2696,0, 2590, False, 0
2697,0, 2590, False, 0
2698,0, 2590, False, 0
2699,0, 2590, False, 0
2700,0, 2590, False, 0
2701,0, 2590, False, 0
2702,0, 2590, False, 0
2703,0, 2590, False, 0
2704,0, 2590, False, 0
2705,0, 2590, False, 0
2706,0, 2590, False, 0
2707,0, 2590, False, 0
2708,0, 2590, False, 0
2709,0, 2590, False, 0
2710,0, 2590, False, 0
2711,0, 2590, False, 0
2712,0, 2590, False, 0
2713,0, 2590, False, 0
2714,0, 2590, False, 0
2715,0, 2590, False, 0
2716,0, 2590, False, 0
2717,0, 2590, False, 0
2718,0, 2590, False, 0
2719,0, 2590, False, 0
2720,0, 2590, False, 0
2721,0, 2590, False, 0
2722,0, 2590, False, 0
2723,0, 2590, False, 0
2724,0, 2590, False, 0
2725,0, 2590, False, 0
2726,0, 2590, False, 0
2727,0, 2590, False, 0
2728,0, 2590, False, 0
2729,0, 2590, False, 0
2730,0, 2590, False, 0
2731,0, 2590, False, 0
2732,0, 2590, False, 0
2733,0, 2590, False, 0
2734,0, 2590, False, 0
2735,0, 2590, False, 0
2736,0, 2590, False, 0
2737,0, 2590, False, 0
2738,0, 2590, False, 0
2739,0, 2590, False, 0
2740,0, 2590, False, 0
2741,0, 2590, False, 0
2742,0, 2590, False, 0
2743,0, 2590, False, 0
2744,0, 2590, False, 0
2745,0, 2590, False, 0
2746,0, 2590, False, 0
2747,0, 2590, False, 0
2748,0, 2590, False, 4
2749,0, 2590, False, 4
2750,0, 2590, False, 4
2751,0, 2590, False, 4
2752,0, 2590, False, 4
2753,0, 2590, False, 4
2754,0, 2590, False, 4
2755,0, 2590, False, 4
2756,0, 2590, False, 0
2757,0, 2590, False, 0
2758,0, 2590, False, 0
2759,0, 2590, False, 0
2760,0, 2590, False, 0
2761,0, 2590, False, 0
2762,0, 2590, False, 0
2763,0, 2590, False, 0
2764,0, 2590, False, 0
2765,0, 2590, False, 0
2766,0, 2590, False, 0
2767,0, 2590, False, 0
2768,0, 2590, False, 0
2769,0, 2590, False, 0
2770,0, 2590, False, 0
2771,0, 2590, False, 0
2772,0, 2590, False, 0
2773,0, 2590, False, 0
2774,0, 2590, False, 0
2775,0, 2590, False, 0
2776,0, 2590, False, 0
2777,0, 2590, False, 0
2778,0, 2590, False, 5
2779,0, 2590, False, 5
2780,0, 2590, False, 5
2781,0, 2590, False, 5
2782,0, 2590, False, 5
2783,0, 2590, False, 5
2784,0, 2590, False, 5
2785,0, 2590, False, 5
2786,0, 2590, False, 5
2787,0, 2590, False, 0
2788,0, 2590, False, 0
2789,0, 2590, False, 0
2790,0, 2590, False, 0
2791,0, 2590, False, 0
2792,0, 2590, False, 0
2793,0, 2590, False, 0
2794,0, 2590, False, 0
2795,0, 2590, False, 0
2796,0, 2590, False, 0
2797,0, 2590, False, 0
2798,0, 2590, False, 0
2799,0, 2590, False, 0
2800,0, 2590, False, 0
2801,0, 2590, False, 0
2802,0, 2590, False, 0
2803,0, 2590, False, 0
2804,0, 2590, False, 0
2805,0, 2590, False, 0
2806,0, 2590, False, 0
2807,0, 2590, False, 5
2808,0, 2590, False, 5
2809,0, 2590, False, 5
2810,0, 2590, False, 5
2811,0, 2590, False, 5
2812,0, 2590, False, 5
2813,0, 2590, False, 5
2814,0, 2590, False, 5
2815,0, 2590, False, 0
2816,0, 2590, False, 0
2817,0, 2590, False, 0
2818,0, 2590, False, 0
2819,0, 2590, False, 0
2820,0, 2590, False, 0
2821,0, 2590, False, 0
2822,0, 2590, False, 0
2823,0, 2590, False, 0
2824,0, 2590, False, 0
2825,0, 2590, False, 0
2826,0, 2590, False, 0
2827,0, 2590, False, 0
2828,0, 2590, False, 0
2829,0, 2590, False, 3
2830,0, 2590, False, 3
2831,0, 2590, False, 3
2832,0, 2590, False, 3
2833,0, 2590, False, 3
2834,0, 2590, False, 3
2835,0, 2590, False, 0
2836,0, 2590, False, 0
2837,0, 2590, False, 0
2838,0, 2590, False, 0
2839,0, 2590, False, 0
2840,0, 2590, False, 0
2841,0, 2590, False, 0
2842,0, 2590, False, 0
2843,0, 2590, False, 0
2844,0, 2590, False, 0
2845,0, 2590, False, 5
2846,0, 2590, False, 5
2847,0, 2590, False, 5
2848,0, 2590, False, 5
2849,0, 2590, False, 5
2850,0, 2590, False, 5
2851,0, 2590, False, 5
2852,0, 2590, False, 0
2853,0, 2590, False, 0
2854,0, 2590, False, 0
2855,0, 2590, False, 0
2856,0, 2590, False, 0
2857,0, 2590, False, 0
2858,10, 2600, False, 0
2859,0, 2600, False, 0
2860,0, 2600, False, 0
2861,0, 2600, False, 0
2862,0, 2600, False, 0
2863,0, 2600, False, 0
2864,0, 2600, False, 0
2865,0, 2600, False, 0
2866,0, 2600, False, 0
2867,0, 2600, False, 0
2868,0, 2600, False, 0
2869,0, 2600, False, 0
2870,0, 2600, False, 0
2871,0, 2600, False, 0
2872,10, 2610, False, 0
2873,0, 2610, False, 0
2874,0, 2610, False, 0
2875,0, 2610, False, 0
2876,0, 2610, False, 0
2877,0, 2610, False, 0
2878,0, 2610, False, 0
2879,0, 2610, False, 0
2880,0, 2610, False, 0
2881,0, 2610, False, 0
2882,0, 2610, False, 0
2883,0, 2610, False, 0
2884,0, 2610, False, 3
2885,0, 2610, False, 3
2886,10, 2620, False, 3
2887,0, 2620, False, 3
2888,0, 2620, False, 3
2889,0, 2620, False, 3
2890,0, 2620, False, 3
2891,0, 2620, False, 3
2892,0, 2620, False, 0
2893,0, 2620, False, 0
2894,0, 2620, False, 0
2895,0, 2620, False, 0
2896,0, 2620, False, 0
2897,0, 2620, False, 0
2898,0, 2620, False, 0
2899,0, 2620, False, 0
2900,10, 2630, False, 0
2901,0, 2630, False, 0
2902,0, 2630, False, 0
2903,0, 2630, False, 0
2904,0, 2630, False, 0
2905,0, 2630, False, 0
2906,0, 2630, False, 0
2907,0, 2630, False, 0
2908,0, 2630, False, 0
2909,0, 2630, False, 0
2910,0, 2630, False, 0
2911,0, 2630, False, 0
2912,0, 2630, False, 0
2913,0, 2630, False, 0
2914,10, 2640, False, 0
2915,0, 2640, False, 0
2916,0, 2640, False, 0
2917,0, 2640, False, 0
2918,0, 2640, False, 0
2919,0, 2640, False, 0
2920,0, 2640, False, 2
2921,0, 2640, False, 2
2922,0, 2640, False, 2
2923,0, 2640, False, 2
2924,0, 2640, False, 2
2925,0, 2640, False, 0
2926,0, 2640, False, 0
2927,0, 2640, False, 0
2928,0, 2640, False, 0
2929,0, 2640, False, 0
2930,0, 2640, False, 0
2931,0, 2640, False, 0
2932,0, 2640, False, 0
2933,0, 2640, False, 0
2934,10, 2650, False, 0
2935,0, 2650, False, 0
2936,0, 2650, False, 0
2937,0, 2650, False, 0
2938,0, 2650, False, 0
2939,0, 2650, False, 0
2940,0, 2650, False, 0
2941,0, 2650, False, 0
2942,0, 2650, False, 0
2943,0, 2650, False, 0
2944,0, 2650, False, 0
2945,0, 2650, False, 0
2946,0, 2650, False, 0
2947,0, 2650, False, 0
2948,10, 2660, False, 0
2949,0, 2660, False, 5
2950,0, 2660, False, 5
2951,0, 2660, False, 5
2952,0, 2660, False, 5
2953,0, 2660, False, 5
2954,0, 2660, False, 5
2955,0, 2660, False, 5
2956,0, 2660, False, 5
2957,0, 2660, False, 5
2958,0, 2660, False, 0
2959,0, 2660, False, 0
2960,0, 2660, False, 0
2961,0, 2660, False, 0
2962,0, 2660, False, 0
2963,0, 2660, False, 0
2964,0, 2660, False, 0
2965,0, 2660, False, 0
2966,0, 2660, False, 0
2967,0, 2660, False, 0
2968,0, 2660, False, 0
2969,0, 2660, False, 0
2970,0, 2660, False, 0
2971,0, 2660, False, 0
2972,0, 2660, False, 0
2973,0, 2660, False, 0
2974,0, 2660, False, 0
2975,0, 2660, False, 0
2976,0, 2660, False, 0
2977,0, 2660, False, 0
2978,0, 2660, False, 0
2979,0, 2660, False, 0
2980,0, 2660, False, 0
2981,0, 2660, False, 0
2982,0, 2660, False, 0
2983,0, 2660, False, 0
2984,10, 2670, False, 0
2985,0, 2670, False, 0
2986,0, 2670, False, 0
2987,0, 2670, False, 0
2988,0, 2670, False, 0
2989,0, 2670, False, 0
2990,0, 2670, False, 0
2991,0, 2670, False, 0
2992,0, 2670, False, 0
2993,0, 2670, False, 0
2994,0, 2670, False, 0
2995,0, 2670, False, 0
2996,0, 2670, False, 0
2997,0, 2670, False, 4
2998,10, 2680, False, 4
2999,0, 2680, False, 4
3000,0, 2680, False, 4
3001,0, 2680, False, 4
3002,0, 2680, False, 4
3003,0, 2680, False, 4
3004,0, 2680, False, 4
3005,0, 2680, False, 4
3006,0, 2680, False, 0
3007,0, 2680, False, 0
3008,0, 2680, False, 0
3009,0, 2680, False, 0
3010,0, 2680, False, 0
3011,0, 2680, False, 0
3012,0, 2680, False, 0
3013,0, 2680, False, 0
3014,10, 2690, False, 0
3015,0, 2690, False, 0
3016,0, 2690, False, 0
3017,0, 2690, False, 0
3018,0, 2690, False, 0
3019,0, 2690, False, 0
3020,0, 2690, False, 0
3021,0, 2690, False, 0
3022,0, 2690, False, 0
3023,0, 2690, False, 0
3024,0, 2690, False, 0
3025,0, 2690, False, 0
3026,10, 2700, False, 0
3027,0, 2700, False, 0
3028,0, 2700, False, 0
3029,0, 2700, False, 0
3030,0, 2700, False, 0
3031,0, 2700, False, 0
3032,0, 2700, False, 0
3033,0, 2700, False, 0
3034,0, 2700, False, 0
3035,0, 2700, False, 0
3036,0, 2700, False, 0
3037,0, 2700, False, 0
3038,0, 2700, False, 0
3039,0, 2700, False, 0
3040,10, 2710, False, 3
3041,0, 2710, False, 3
3042,0, 2710, False, 3
3043,0, 2710, False, 3
3044,0, 2710, False, 3
3045,0, 2710, False, 3
3046,0, 2710, False, 3
3047,0, 2710, False, 3
3048,0, 2710, False, 3
3049,0, 2710, False, 0
3050,0, 2710, False, 0
3051,0, 2710, False, 0
3052,0, 2710, False, 0
3053,0, 2710, False, 0
3054,0, 2710, False, 0
3055,0, 2710, False, 0
3056,0, 2710, False, 0
3057,0, 2710, False, 0
3058,0, 2710, False, 0
3059,0, 2710, False, 0
3060,0, 2710, False, 0
3061,0, 2710, False, 0
3062,0, 2710, False, 0
3063,0, 2710, False, 0
3064,0, 2710, False, 0
3065,0, 2710, False, 0
3066,0, 2710, False, 0
3067,0, 2710, False, 0
3068,0, 2710, False, 0
3069,0, 2710, False, 0
3070,0, 2710, False, 0
3071,0, 2710, False, 0
3072,0, 2710, False, 0
3073,0, 2710, False, 0
3074,0, 2710, False, 0
3075,0, 2710, False, 0
3076,0, 2710, False, 0
3077,0, 2710, False, 0
3078,0, 2710, False, 0
3079,0, 2710, False, 0
3080,0, 2710, False, 0
3081,0, 2710, False, 0
3082,10, 2720, False, 0
3083,0, 2720, False, 0
3084,0, 2720, False, 0
3085,0, 2720, False, 0
3086,0, 2720, False, 0
3087,0, 2720, False, 0
3088,0, 2720, False, 0
3089,0, 2720, False, 0
3090,0, 2720, False, 0
3091,0, 2720, False, 0
3092,0, 2720, False, 0
3093,0, 2720, False, 0
3094,0, 2720, False, 0
3095,0, 2720, False, 0
3096,0, 2720, False, 0
3097,0, 2720, False, 0
3098,0, 2720, False, 0
3099,0, 2720, False, 0
3100,10, 2730, False, 0
3101,0, 2730, False, 0
3102,0, 2730, False, 0
3103,0, 2730, False, 0
3104,0, 2730, False, 0
3105,0, 2730, False, 0
3106,0, 2730, False, 0
3107,0, 2730, False, 0
3108,0, 2730, False, 0
3109,0, 2730, False, 0
3110,0, 2730, False, 0
3111,0, 2730, False, 0
3112,0, 2730, False, 0
3113,0, 2730, False, 0
3114,0, 2730, False, 0
3115,0, 2730, False, 0
3116,0, 2730, False, 0
3117,0, 2730, False, 0
3118,0, 2730, False, 2
3119,0, 2730, False, 2
3120,0, 2730, False, 2
3121,0, 2730, False, 2
3122,0, 2730, False, 2
3123,0, 2730, False, 2
3124,0, 2730, False, 0
3125,0, 2730, False, 0
3126,0, 2730, False, 0
3127,0, 2730, False, 0
3128,0, 2730, False, 0
3129,0, 2730, False, 0
3130,0, 2730, False, 0
3131,0, 2730, False, 0
3132,0, 2730, False, 0
3133,0, 2730, False, 0
3134,0, 2730, False, 0
3135,0, 2730, False, 0
3136,0, 2730, False, 0
3137,0, 2730, False, 0
3138,0, 2730, False, 0
3139,0, 2730, False, 0
3140,0, 2730, False, 0
3141,0, 2730, False, 0
3142,0, 2730, False, 0
3143,0, 2730, False, 0
3144,0, 2730, False, 0
3145,0, 2730, False, 0
3146,0, 2730, False, 0
3147,0, 2730, False, 0
3148,0, 2730, False, 0
3149,0, 2730, False, 4
3150,0, 2730, False, 4
3151,0, 2730, False, 4
3152,0, 2730, False, 4
3153,0, 2730, False, 4
3154,0, 2730, False, 4
3155,0, 2730, False, 0
3156,0, 2730, False, 0
3157,0, 2730, False, 0
3158,0, 2730, False, 0
3159,0, 2730, False, 0
3160,0, 2730, False, 0
3161,0, 2730, False, 0
3162,0, 2730, False, 0
3163,0, 2730, False, 0
3164,0, 2730, False, 0
3165,0, 2730, False, 0
3166,0, 2730, False, 0
3167,0, 2730, False, 0
3168,0, 2730, False, 0
3169,0, 2730, False, 0
3170,0, 2730, False, 0
3171,0, 2730, False, 0
3172,0, 2730, False, 0
3173,0, 2730, False, 0
3174,0, 2730, False, 0
3175,0, 2730, False, 0
3176,0, 2730, False, 0
3177,0, 2730, False, 0
3178,0, 2730, False, 2
3179,0, 2730, False, 2
3180,0, 2730, False, 2
3181,0, 2730, False, 2
3182,0, 2730, False, 2
3183,0, 2730, False, 2
3184,0, 2730, False, 2
3185,0, 2730, False, 2
3186,0, 2730, False, 0
3187,0, 2730, False, 0
3188,0, 2730, False, 0
3189,0, 2730, False, 0
3190,0, 2730, False, 0
3191,0, 2730, False, 0
3192,0, 2730, False, 0
3193,0, 2730, False, 0
3194,0, 2730, False, 0
3195,0, 2730, False, 0
3196,0, 2730, False, 0
3197,0, 2730, False, 0
3198,0, 2730, False, 0
3199,0, 2730, False, 0
3200,0, 2730, False, 0
3201,0, 2730, False, 0
3202,0, 2730, False, 0
3203,0, 2730, False, 0
3204,0, 2730, False, 0
3205,0, 2730, False, 0
3206,0, 2730, False, 0
3207,0, 2730, False, 0
3208,0, 2730, False, 0
3209,0, 2730, False, 0
3210,0, 2730, False, 0
3211,0, 2730, False, 0
3212,0, 2730, False, 0
3213,0, 2730, False, 0
3214,0, 2730, False, 0
3215,0, 2730, False, 0
3216,10, 2740, False, 0
3217,0, 2740, False, 0
3218,0, 2740, False, 0
3219,0, 2740, False, 0
3220,0, 2740, False, 0
3221,0, 2740, False, 0
3222,0, 2740, False, 0
3223,0, 2740, False, 0
3224,0, 2740, False, 5
3225,0, 2740, False, 5
3226,0, 2740, False, 5
3227,0, 2740, False, 5
3228,0, 2740, False, 5
3229,0, 2740, False, 5
3230,0, 2740, False, 0
3231,0, 2740, False, 0
3232,0, 2740, False, 0
3233,0, 2740, False, 0
3234,0, 2740, False, 4
3235,0, 2740, False, 4
3236,0, 2740, False, 4
3237,0, 2740, False, 4
3238,0, 2740, False, 4
3239,0, 2740, False, 4
3240,0, 2740, False, 4
3241,0, 2740, False, 0
3242,0, 2740, False, 0
3243,0, 2740, False, 0
3244,0, 2740, False, 0
3245,0, 2740, False, 0
3246,0, 2740, False, 0
3247,0, 2740, False, 0
3248,0, 2740, False, 0
3249,0, 2740, False, 0
3250,0, 2740, False, 0
3251,0, 2740, False, 0
3252,0, 2740, False, 0
3253,0, 2740, False, 0
3254,0, 2740, False, 0
3255,0, 2740, False, 0
3256,0, 2740, False, 0
3257,0, 2740, False, 0
3258,0, 2740, False, 0
3259,0, 2740, False, 0
3260,0, 2740, False, 0
3261,0, 2740, False, 0
3262,0, 2740, False, 0
3263,0, 2740, False, 0
3264,0, 2740, False, 0
3265,0, 2740, False, 3
3266,0, 2740, False, 3
3267,0, 2740, False, 3
3268,0, 2740, False, 3
3269,0, 2740, False, 3
3270,0, 2740, False, 3
3271,0, 2740, False, 3
3272,0, 2740, False, 3
3273,0, 2740, False, 3
3274,0, 2740, False, 3
3275,0, 2740, False, 0
3276,0, 2740, False, 0
3277,0, 2740, False, 0
3278,0, 2740, False, 0
3279,0, 2740, False, 0
3280,0, 2740, False, 0
3281,0, 2740, False, 0
3282,0, 2740, False, 0
3283,0, 2740, False, 0
3284,0, 2740, False, 0
3285,0, 2740, False, 0
3286,0, 2740, False, 0
3287,0, 2740, False, 0
3288,0, 2740, False, 0
3289,0, 2740, False, 0
3290,0, 2740, False, 0
3291,0, 2740, False, 0
3292,0, 2740, False, 0
3293,0, 2740, False, 0
3294,0, 2740, False, 0
3295,0, 2740, False, 0
3296,0, 2740, False, 0
3297,0, 2740, False, 0
3298,0, 2740, False, 0
3299,0, 2740, False, 0
3300,0, 2740, False, 0
3301,0, 2740, False, 0
3302,0, 2740, False, 0
3303,0, 2740, False, 0
3304,0, 2740, False, 0
3305,0, 2740, False, 0
3306,0, 2740, False, 0
3307,0, 2740, False, 0
3308,0, 2740, False, 0
3309,0, 2740, False, 0
3310,0, 2740, False, 0
3311,0, 2740, False, 0
3312,0, 2740, False, 0
3313,0, 2740, False, 0
3314,0, 2740, False, 0
3315,0, 2740, False, 0
3316,0, 2740, False, 0
3317,0, 2740, False, 0
3318,0, 2740, False, 0
3319,0, 2740, False, 0
3320,0, 2740, False, 0
3321,0, 2740, False, 0
3322,0, 2740, False, 0
3323,0, 2740, False, 0
3324,0, 2740, False, 0
3325,0, 2740, False, 0
3326,0, 2740, False, 0
3327,0, 2740, False, 0
3328,0, 2740, False, 0
3329,0, 2740, False, 0
3330,0, 2740, False, 0
3331,0, 2740, False, 0
3332,0, 2740, False, 0
3333,0, 2740, False, 0
3334,0, 2740, False, 0
3335,0, 2740, False, 0
3336,0, 2740, False, 0
3337,0, 2740, False, 0
3338,0, 2740, False, 0
3339,0, 2740, False, 0
3340,0, 2740, False, 0
3341,0, 2740, False, 0
3342,0, 2740, False, 4
3343,0, 2740, False, 4
3344,0, 2740, False, 4
3345,0, 2740, False, 4
3346,0, 2740, False, 4
3347,0, 2740, False, 4
3348,0, 2740, False, 0
3349,0, 2740, False, 0
3350,0, 2740, False, 0
3351,0, 2740, False, 0
3352,0, 2740, False, 0
3353,0, 2740, False, 0
3354,0, 2740, False, 0
3355,0, 2740, False, 0
3356,0, 2740, False, 0
3357,0, 2740, False, 2
3358,0, 2740, False, 2
3359,0, 2740, False, 2
3360,0, 2740, False, 0
3361,0, 2740, False, 0
3362,0, 2740, False, 0
3363,0, 2740, False, 0
3364,0, 2740, False, 0
3365,0, 2740, False, 0
3366,0, 2740, False, 3
3367,0, 2740, False, 3
3368,0, 2740, False, 3
3369,0, 2740, False, 3
3370,0, 2740, False, 3
3371,0, 2740, False, 3
3372,0, 2740, False, 3
3373,0, 2740, False, 3
3374,0, 2740, False, 3
3375,0, 2740, False, 3
3376,0, 2740, False, 3
3377,0, 2740, False, 3
3378,0, 2740, False, 3
3379,0, 2740, False, 0
3380,0, 2740, False, 0
3381,0, 2740, False, 0
3382,0, 2740, False, 0
3383,0, 2740, False, 0
3384,0, 2740, False, 0
3385,0, 2740, False, 0
3386,0, 2740, False, 0
3387,0, 2740, False, 0
3388,0, 2740, False, 0
3389,0, 2740, False, 0
3390,0, 2740, False, 0
3391,0, 2740, False, 0
3392,0, 2740, False, 2
3393,0, 2740, False, 2
3394,0, 2740, False, 2
3395,0, 2740, False, 2
3396,0, 2740, False, 2
3397,0, 2740, False, 0
3398,0, 2740, False, 0
3399,0, 2740, False, 0
3400,0, 2740, False, 0
3401,0, 2740, False, 0
3402,0, 2740, False, 0
3403,0, 2740, False, 0
3404,0, 2740, False, 0
3405,0, 2740, False, 0
3406,0, 2740, False, 0
3407,0, 2740, False, 0
3408,0, 2740, False, 0
3409,0, 2740, False, 0
3410,0, 2740, False, 0
3411,0, 2740, False, 0
3412,0, 2740, False, 0
3413,0, 2740, False, 0
3414,0, 2740, False, 0
3415,0, 2740, False, 0
3416,0, 2740, False, 0
3417,0, 2740, False, 0
3418,0, 2740, False, 0
3419,0, 2740, False, 0
3420,0, 2740, False, 0
3421,0, 2740, False, 0
3422,0, 2740, False, 0
3423,0, 2740, False, 0
3424,0, 2740, False, 0
3425,0, 2740, False, 0
3426,0, 2740, False, 4
3427,0, 2740, False, 4
3428,0, 2740, False, 4
3429,0, 2740, False, 4
3430,0, 2740, False, 4
3431,0, 2740, False, 4
3432,0, 2740, False, 0
3433,0, 2740, False, 0
3434,0, 2740, False, 0
3435,0, 2740, False, 0
3436,0, 2740, False, 0
3437,0, 2740, False, 0
3438,0, 2740, False, 0
3439,0, 2740, False, 0
3440,0, 2740, False, 0
3441,0, 2740, False, 0
3442,0, 2740, False, 2
3443,0, 2740, False, 2
3444,0, 2740, False, 2
3445,0, 2740, False, 2
3446,0, 2740, False, 2
3447,0, 2740, False, 0
3448,0, 2740, False, 0
3449,0, 2740, False, 0
3450,0, 2740, False, 0
3451,0, 2740, False, 0
3452,0, 2740, False, 0
3453,0, 2740, False, 0
3454,0, 2740, False, 0
3455,0, 2740, False, 0
3456,0, 2740, False, 0
3457,0, 2740, False, 0
3458,0, 2740, False, 0
3459,0, 2740, False, 0
3460,0, 2740, False, 0
3461,0, 2740, False, 0
3462,0, 2740, False, 0
3463,0, 2740, False, 0
3464,0, 2740, False, 0
3465,0, 2740, False, 0
3466,0, 2740, False, 0
3467,0, 2740, False, 0
3468,0, 2740, False, 0
3469,0, 2740, False, 3
3470,0, 2740, False, 3
3471,0, 2740, False, 3
3472,0, 2740, False, 3
3473,0, 2740, False, 3
3474,0, 2740, False, 3
3475,0, 2740, False, 3
3476,0, 2740, False, 3
3477,0, 2740, False, 0
3478,0, 2740, False, 0
3479,0, 2740, False, 0
3480,0, 2740, False, 0
3481,0, 2740, False, 0
3482,0, 2740, False, 0
3483,0, 2740, False, 0
3484,0, 2740, False, 0
3485,0, 2740, False, 0
3486,0, 2740, False, 0
3487,0, 2740, False, 2
3488,0, 2740, False, 2
3489,0, 2740, False, 2
3490,0, 2740, False, 2
3491,0, 2740, False, 2
3492,0, 2740, False, 2
3493,0, 2740, False, 2
3494,0, 2740, False, 0
3495,0, 2740, False, 0
3496,0, 2740, False, 0
3497,0, 2740, False, 0
3498,0, 2740, False, 0
3499,0, 2740, False, 0
3500,0, 2740, False, 0
3501,0, 2740, False, 0
3502,0, 2740, False, 0
3503,0, 2740, False, 0
3504,0, 2740, False, 3
3505,0, 2740, False, 3
3506,0, 2740, False, 3
3507,0, 2740, False, 3
3508,0, 2740, False, 3
3509,0, 2740, False, 0
3510,0, 2740, False, 0
3511,0, 2740, False, 0
3512,0, 2740, False, 0
3513,0, 2740, False, 0
3514,0, 2740, False, 0
3515,0, 2740, False, 0
3516,0, 2740, False, 0
3517,0, 2740, False, 0
3518,0, 2740, False, 0
3519,0, 2740, False, 0
3520,0, 2740, False, 0
3521,0, 2740, False, 0
3522,0, 2740, False, 0
3523,0, 2740, False, 0
3524,0, 2740, False, 0
3525,0, 2740, False, 0
3526,0, 2740, False, 0
3527,0, 2740, False, 0
3528,0, 2740, False, 0
3529,0, 2740, False, 0
3530,0, 2740, False, 0
3531,0, 2740, False, 0
3532,0, 2740, False, 0
3533,0, 2740, False, 0
3534,0, 2740, False, 0
3535,0, 2740, False, 3
3536,0, 2740, False, 3
3537,0, 2740, False, 3
3538,0, 2740, False, 3
3539,0, 2740, False, 3
3540,0, 2740, False, 3
3541,0, 2740, False, 3
3542,0, 2740, False, 3
3543,0, 2740, False, 3
3544,0, 2740, False, 0
3545,0, 2740, False, 0
3546,0, 2740, False, 0
3547,0, 2740, False, 0
3548,0, 2740, False, 0
3549,0, 2740, False, 0
3550,0, 2740, False, 0
3551,0, 2740, False, 0
3552,0, 2740, False, 0
3553,0, 2740, False, 0
3554,0, 2740, False, 0
3555,0, 2740, False, 0
3556,0, 2740, False, 0
3557,0, 2740, False, 0
3558,0, 2740, False, 0
3559,0, 2740, False, 0
3560,0, 2740, False, 0
3561,0, 2740, False, 3
3562,0, 2740, False, 3
3563,0, 2740, False, 3
3564,0, 2740, False, 3
3565,0, 2740, False, 3
3566,0, 2740, False, 3
3567,0, 2740, False, 3
3568,0, 2740, False, 3
3569,0, 2740, False, 3
3570,10, 2750, False, 3
3571,0, 2750, False, 0
3572,0, 2750, False, 0
3573,0, 2750, False, 0
3574,0, 2750, False, 0
3575,0, 2750, False, 0
3576,0, 2750, False, 0
3577,0, 2750, False, 0
3578,0, 2750, False, 0
3579,0, 2750, False, 0
3580,0, 2750, False, 0
3581,0, 2750, False, 0
3582,0, 2750, False, 0
3583,0, 2750, False, 0
3584,0, 2750, False, 0
3585,0, 2750, False, 0
3586,0, 2750, False, 0
3587,0, 2750, False, 0
3588,0, 2750, False, 0
3589,0, 2750, False, 0
3590,0, 2750, False, 0
3591,0, 2750, False, 0
3592,0, 2750, False, 0
3593,0, 2750, False, 0
3594,0, 2750, False, 0
3595,0, 2750, False, 0
3596,0, 2750, False, 0
3597,0, 2750, False, 0
3598,10, 2760, False, 0
3599,0, 2760, False, 0
3600,0, 2760, False, 0
3601,0, 2760, False, 0
3602,0, 2760, False, 0
3603,0, 2760, False, 0
3604,0, 2760, False, 0
3605,0, 2760, False, 0
3606,0, 2760, False, 0
3607,0, 2760, False, 0
3608,0, 2760, False, 0
3609,0, 2760, False, 0
3610,0, 2760, False, 0
3611,0, 2760, False, 0
3612,10, 2770, False, 0
3613,0, 2770, False, 0
3614,0, 2770, False, 0
3615,0, 2770, False, 0
3616,0, 2770, False, 0
3617,0, 2770, False, 0
3618,0, 2770, False, 0
3619,0, 2770, False, 5
3620,0, 2770, False, 5
3621,0, 2770, False, 5
3622,0, 2770, False, 5
3623,0, 2770, False, 5
3624,0, 2770, False, 5
3625,0, 2770, False, 0
3626,10, 2780, False, 0
3627,0, 2780, False, 0
3628,0, 2780, False, 0
3629,0, 2780, False, 0
3630,0, 2780, False, 0
3631,0, 2780, False, 0
3632,0, 2780, False, 0
3633,0, 2780, False, 0
3634,0, 2780, False, 0
3635,0, 2780, False, 0
3636,0, 2780, False, 0
3637,0, 2780, False, 0
3638,0, 2780, False, 0
3639,0, 2780, False, 0
3640,10, 2790, False, 0
3641,0, 2790, False, 0
3642,0, 2790, False, 0
3643,0, 2790, False, 0
3644,0, 2790, False, 0
3645,0, 2790, False, 0
3646,0, 2790, False, 0
3647,0, 2790, False, 0
3648,0, 2790, False, 0
3649,0, 2790, False, 0
3650,0, 2790, False, 0
3651,0, 2790, False, 0
3652,0, 2790, False, 0
3653,0, 2790, False, 0
3654,10, 2800, False, 0
3655,0, 2800, False, 0
3656,0, 2800, False, 0
3657,0, 2800, False, 0
3658,0, 2800, False, 0
3659,0, 2800, False, 0
3660,0, 2800, False, 0
3661,0, 2800, False, 0
3662,0, 2800, False, 0
3663,0, 2800, False, 0
3664,0, 2800, False, 0
3665,0, 2800, False, 0
3666,0, 2800, False, 0
3667,0, 2800, False, 0
3668,10, 2810, False, 0
3669,0, 2810, False, 0
3670,0, 2810, False, 0
3671,0, 2810, False, 0
3672,0, 2810, False, 0
3673,0, 2810, False, 0
3674,0, 2810, False, 4
3675,0, 2810, False, 4
3676,0, 2810, False, 4
3677,0, 2810, False, 0
3678,0, 2810, False, 0
3679,0, 2810, False, 0
3680,0, 2810, False, 0
3681,0, 2810, False, 0
3682,0, 2810, False, 0
3683,0, 2810, False, 0
3684,0, 2810, False, 0
3685,0, 2810, False, 0
3686,0, 2810, False, 0
3687,0, 2810, False, 0
3688,0, 2810, False, 0
3689,0, 2810, False, 0
3690,0, 2810, False, 0
3691,0, 2810, False, 0
3692,0, 2810, False, 0
3693,0, 2810, False, 0
3694,0, 2810, False, 0
3695,0, 2810, False, 0
3696,0, 2810, False, 0
3697,0, 2810, False, 0
3698,0, 2810, False, 0
3699,0, 2810, False, 0
3700,0, 2810, False, 0
3701,0, 2810, False, 0
3702,0, 2810, False, 0
3703,0, 2810, False, 0
3704,0, 2810, False, 0
3705,0, 2810, False, 0
3706,0, 2810, False, 0
3707,0, 2810, False, 0
3708,0, 2810, False, 0
3709,0, 2810, False, 0
3710,0, 2810, False, 0
3711,0, 2810, False, 0
3712,0, 2810, False, 0
3713,0, 2810, False, 0
3714,0, 2810, False, 0
3715,0, 2810, False, 0
3716,0, 2810, False, 0
3717,0, 2810, False, 0
3718,0, 2810, False, 0
3719,0, 2810, False, 0
3720,0, 2810, False, 0
3721,0, 2810, False, 0
3722,0, 2810, False, 0
3723,0, 2810, False, 0
3724,0, 2810, False, 0
3725,0, 2810, False, 0
3726,0, 2810, False, 0
3727,0, 2810, False, 0
3728,0, 2810, False, 0
3729,0, 2810, False, 0
3730,0, 2810, False, 0
3731,0, 2810, False, 0
3732,0, 2810, False, 0
3733,0, 2810, False, 0
3734,0, 2810, False, 0
3735,0, 2810, False, 0
3736,0, 2810, False, 0
3737,0, 2810, False, 0
3738,0, 2810, False, 0
3739,0, 2810, False, 0
3740,0, 2810, False, 0
3741,0, 2810, False, 0
3742,0, 2810, False, 0
3743,0, 2810, False, 0
3744,0, 2810, False, 0
3745,0, 2810, False, 0
3746,0, 2810, False, 0
3747,0, 2810, False, 0
3748,0, 2810, False, 0
3749,0, 2810, False, 0
3750,0, 2810, False, 0
3751,0, 2810, False, 0
3752,0, 2810, False, 0
3753,0, 2810, False, 0
3754,0, 2810, False, 0
3755,0, 2810, False, 0
3756,0, 2810, False, 0
3757,0, 2810, False, 0
3758,0, 2810, False, 0
3759,0, 2810, False, 0
3760,0, 2810, False, 0
3761,0, 2810, False, 0
3762,0, 2810, False, 0
3763,0, 2810, False, 0
3764,0, 2810, False, 0
3765,0, 2810, False, 0
3766,0, 2810, False, 0
3767,0, 2810, False, 0
3768,0, 2810, False, 0
3769,0, 2810, False, 0
3770,0, 2810, False, 0
3771,0, 2810, False, 0
3772,0, 2810, False, 0
3773,0, 2810, False, 0
3774,0, 2810, False, 0
3775,0, 2810, False, 0
3776,0, 2810, False, 0
3777,0, 2810, False, 0
3778,0, 2810, False, 0
3779,0, 2810, False, 0
3780,0, 2810, False, 0
3781,0, 2810, False, 0
3782,0, 2810, False, 0
3783,0, 2810, False, 0
3784,0, 2810, False, 0
3785,0, 2810, False, 0
3786,0, 2810, False, 0
3787,0, 2810, False, 0
3788,0, 2810, False, 0
3789,0, 2810, False, 0
3790,0, 2810, False, 0
3791,0, 2810, False, 0
3792,0, 2810, False, 0
3793,0, 2810, False, 0
3794,0, 2810, False, 0
3795,0, 2810, False, 0
3796,0, 2810, False, 0
3797,0, 2810, False, 0
3798,0, 2810, False, 0
3799,0, 2810, False, 0
3800,0, 2810, False, 0
3801,0, 2810, False, 0
3802,0, 2810, False, 0
3803,0, 2810, False, 0
3804,0, 2810, False, 0
3805,0, 2810, False, 0
3806,0, 2810, False, 0
3807,0, 2810, False, 0
3808,0, 2810, False, 4
3809,0, 2810, False, 4
3810,0, 2810, False, 4
3811,0, 2810, False, 4
3812,0, 2810, False, 4
3813,0, 2810, False, 4
3814,0, 2810, False, 4
3815,0, 2810, False, 4
3816,0, 2810, False, 4
3817,0, 2810, False, 0
3818,0, 2810, False, 0
3819,0, 2810, False, 0
3820,0, 2810, False, 0
3821,0, 2810, False, 0
3822,0, 2810, False, 0
3823,0, 2810, False, 0
3824,0, 2810, False, 0
3825,0, 2810, False, 0
3826,0, 2810, False, 0
3827,0, 2810, False, 0
3828,0, 2810, False, 0
3829,0, 2810, False, 0
3830,0, 2810, False, 0
3831,0, 2810, False, 0
3832,0, 2810, False, 0
3833,0, 2810, False, 0
3834,0, 2810, False, 0
3835,0, 2810, False, 0
3836,0, 2810, False, 0
3837,0, 2810, False, 0
3838,0, 2810, False, 0
3839,0, 2810, False, 0
3840,0, 2810, False, 0
3841,0, 2810, False, 0
3842,0, 2810, False, 0
3843,0, 2810, False, 0
3844,0, 2810, False, 0
3845,0, 2810, False, 4
3846,0, 2810, False, 4
3847,0, 2810, False, 4
3848,0, 2810, False, 4
3849,0, 2810, False, 4
3850,0, 2810, False, 4
3851,0, 2810, False, 4
3852,0, 2810, False, 4
3853,0, 2810, False, 4
3854,0, 2810, False, 0
3855,0, 2810, False, 0
3856,0, 2810, False, 0
3857,0, 2810, False, 0
3858,0, 2810, False, 0
3859,0, 2810, False, 0
3860,0, 2810, False, 0
3861,0, 2810, False, 0
3862,0, 2810, False, 0
3863,0, 2810, False, 0
3864,0, 2810, False, 0
3865,0, 2810, False, 0
3866,0, 2810, False, 0
3867,0, 2810, False, 0
3868,0, 2810, False, 0
3869,0, 2810, False, 0
3870,0, 2810, False, 0
3871,0, 2810, False, 0
3872,0, 2810, False, 0
3873,0, 2810, False, 0
3874,0, 2810, False, 0
3875,0, 2810, False, 0
3876,0, 2810, False, 0
3877,0, 2810, False, 0
3878,0, 2810, False, 0
3879,0, 2810, False, 0
3880,0, 2810, False, 0
3881,0, 2810, False, 0
3882,0, 2810, False, 0
3883,0, 2810, False, 4
3884,0, 2810, False, 4
3885,0, 2810, False, 4
3886,0, 2810, False, 4
3887,0, 2810, False, 4
3888,0, 2810, False, 4
3889,0, 2810, False, 4
3890,0, 2810, False, 4
3891,0, 2810, False, 0
3892,0, 2810, False, 0
3893,0, 2810, False, 0
3894,0, 2810, False, 0
3895,0, 2810, False, 0
3896,0, 2810, False, 0
3897,0, 2810, False, 0
3898,0, 2810, False, 0
3899,0, 2810, False, 0
3900,0, 2810, False, 0
3901,0, 2810, False, 2
3902,0, 2810, False, 2
3903,0, 2810, False, 2
3904,0, 2810, False, 2
3905,0, 2810, False, 2
3906,0, 2810, False, 2
3907,0, 2810, False, 2
3908,0, 2810, False, 2
3909,0, 2810, False, 2
3910,0, 2810, False, 0
3911,0, 2810, False, 0
3912,0, 2810, False, 0
3913,0, 2810, False, 0
3914,0, 2810, False, 0
3915,0, 2810, False, 0
3916,0, 2810, False, 0
3917,0, 2810, False, 0
3918,0, 2810, False, 0
3919,0, 2810, False, 0
3920,0, 2810, False, 0
3921,0, 2810, False, 0
3922,0, 2810, False, 0
3923,0, 2810, False, 0
3924,0, 2810, False, 0
3925,0, 2810, False, 0
3926,0, 2810, False, 0
3927,0, 2810, False, 0
3928,0, 2810, False, 0
3929,0, 2810, False, 0
3930,0, 2810, False, 0
3931,0, 2810, False, 0
3932,0, 2810, False, 0
3933,0, 2810, False, 0
3934,0, 2810, False, 0
3935,0, 2810, False, 0
3936,0, 2810, False, 0
3937,0, 2810, False, 0
3938,0, 2810, False, 0
3939,0, 2810, False, 0
3940,0, 2810, False, 0
3941,0, 2810, False, 0
3942,0, 2810, False, 0
3943,0, 2810, False, 0
3944,0, 2810, False, 0
3945,0, 2810, False, 2
3946,0, 2810, False, 2
3947,0, 2810, False, 2
3948,0, 2810, False, 2
3949,0, 2810, False, 2
3950,0, 2810, False, 2
3951,0, 2810, False, 2
3952,0, 2810, False, 0
3953,0, 2810, False, 0
3954,0, 2810, False, 0
3955,0, 2810, False, 0
3956,0, 2810, False, 0
3957,0, 2810, False, 0
3958,0, 2810, False, 0
3959,0, 2810, False, 0
3960,0, 2810, False, 0
3961,0, 2810, False, 0
3962,0, 2810, False, 0
3963,0, 2810, False, 0
3964,0, 2810, False, 0
3965,0, 2810, False, 0
3966,0, 2810, False, 3
3967,0, 2810, False, 3
3968,0, 2810, False, 3
3969,0, 2810, False, 3
3970,0, 2810, False, 3
3971,0, 2810, False, 0
3972,0, 2810, False, 0
3973,0, 2810, False, 0
3974,0, 2810, False, 0
3975,0, 2810, False, 0
3976,0, 2810, False, 0
3977,0, 2810, False, 5
3978,0, 2810, False, 5
3979,0, 2810, False, 5
3980,0, 2810, False, 5
3981,0, 2810, False, 5
3982,0, 2810, False, 5
3983,0, 2810, False, 5
3984,0, 2810, False, 5
3985,0, 2810, False, 5
3986,0, 2810, False, 5
3987,0, 2810, False, 0
3988,0, 2810, False, 0
3989,0, 2810, False, 0
3990,0, 2810, False, 0
3991,0, 2810, False, 0
3992,0, 2810, False, 0
3993,0, 2810, False, 0
3994,0, 2810, False, 0
3995,0, 2810, False, 0
3996,0, 2810, False, 0
3997,0, 2810, False, 0
3998,0, 2810, False, 0
3999,0, 2810, False, 0
4000,0, 2810, False, 0
4001,0, 2810, False, 0
4002,0, 2810, False, 0
4003,0, 2810, False, 0
4004,0, 2810, False, 0
4005,0, 2810, False, 0
4006,0, 2810, False, 0
4007,0, 2810, False, 0
4008,0, 2810, False, 0
4009,0, 2810, False, 0
4010,0, 2810, False, 0
4011,0, 2810, False, 0
4012,0, 2810, False, 0
4013,0, 2810, False, 0
4014,0, 2810, False, 0
4015,0, 2810, False, 0
4016,0, 2810, False, 0
4017,0, 2810, False, 0
4018,0, 2810, False, 0
4019,0, 2810, False, 0
4020,0, 2810, False, 0
4021,0, 2810, False, 0
4022,0, 2810, False, 0
4023,0, 2810, False, 0
4024,0, 2810, False, 0
4025,0, 2810, False, 0
4026,0, 2810, False, 0
4027,0, 2810, False, 0
4028,0, 2810, False, 0
4029,0, 2810, False, 0
4030,0, 2810, False, 0
4031,0, 2810, False, 0
4032,0, 2810, False, 0
4033,0, 2810, False, 0
4034,0, 2810, False, 0
4035,0, 2810, False, 0
4036,0, 2810, False, 0
4037,0, 2810, False, 0
4038,0, 2810, False, 0
4039,0, 2810, False, 0
4040,0, 2810, False, 0
4041,0, 2810, False, 0
4042,0, 2810, False, 0
4043,0, 2810, False, 0
4044,0, 2810, False, 0
4045,0, 2810, False, 0
4046,0, 2810, False, 0
4047,0, 2810, False, 0
4048,0, 2810, False, 0
4049,0, 2810, False, 0
4050,0, 2810, False, 0
4051,0, 2810, False, 0
4052,0, 2810, False, 0
4053,0, 2810, False, 0
4054,0, 2810, True, 0
