db traj id : 3280
frame,reward,score,terminal, action
0,0, 0, False, 0
1,0, 0, False, 0
2,0, 0, False, 0
3,0, 0, False, 0
4,0, 0, False, 0
5,0, 0, False, 0
6,0, 0, False, 0
7,0, 0, False, 0
8,0, 0, False, 0
9,0, 0, False, 0
10,0, 0, False, 0
11,0, 0, False, 0
12,0, 0, False, 0
13,0, 0, False, 0
14,0, 0, False, 0
15,0, 0, False, 0
16,0, 0, False, 0
17,0, 0, False, 0
18,0, 0, False, 0
19,0, 0, False, 0
20,0, 0, False, 0
21,0, 0, False, 0
22,0, 0, False, 0
23,0, 0, False, 0
24,0, 0, False, 0
25,0, 0, False, 0
26,0, 0, False, 0
27,0, 0, False, 0
28,0, 0, False, 0
29,0, 0, False, 0
30,0, 0, False, 0
31,0, 0, False, 0
32,0, 0, False, 0
33,0, 0, False, 0
34,0, 0, False, 0
35,0, 0, False, 0
36,0, 0, False, 0
37,0, 0, False, 0
38,0, 0, False, 0
39,0, 0, False, 0
40,0, 0, False, 0
41,0, 0, False, 0
42,0, 0, False, 0
43,0, 0, False, 0
44,0, 0, False, 0
45,0, 0, False, 0
46,0, 0, False, 0
47,0, 0, False, 0
48,0, 0, False, 0
49,0, 0, False, 0
50,0, 0, False, 0
51,0, 0, False, 0
52,0, 0, False, 0
53,0, 0, False, 0
54,0, 0, False, 0
55,0, 0, False, 0
56,0, 0, False, 0
57,0, 0, False, 0
58,0, 0, False, 0
59,0, 0, False, 0
60,0, 0, False, 0
61,0, 0, False, 0
62,0, 0, False, 0
63,0, 0, False, 0
64,0, 0, False, 0
65,0, 0, False, 0
66,0, 0, False, 0
67,0, 0, False, 0
68,0, 0, False, 0
69,0, 0, False, 0
70,0, 0, False, 0
71,0, 0, False, 0
72,0, 0, False, 0
73,0, 0, False, 0
74,0, 0, False, 0
75,0, 0, False, 0
76,0, 0, False, 0
77,0, 0, False, 0
78,0, 0, False, 0
79,0, 0, False, 0
80,0, 0, False, 0
81,0, 0, False, 0
82,0, 0, False, 0
83,0, 0, False, 0
84,0, 0, False, 0
85,0, 0, False, 0
86,0, 0, False, 0
87,0, 0, False, 0
88,0, 0, False, 0
89,0, 0, False, 0
90,0, 0, False, 0
91,0, 0, False, 0
92,0, 0, False, 0
93,0, 0, False, 0
94,0, 0, False, 0
95,0, 0, False, 0
96,0, 0, False, 0
97,0, 0, False, 0
98,0, 0, False, 0
99,0, 0, False, 0
100,0, 0, False, 0
101,0, 0, False, 0
102,0, 0, False, 0
103,0, 0, False, 0
104,0, 0, False, 0
105,0, 0, False, 0
106,0, 0, False, 0
107,0, 0, False, 0
108,0, 0, False, 0
109,0, 0, False, 0
110,0, 0, False, 0
111,0, 0, False, 0
112,0, 0, False, 0
113,0, 0, False, 0
114,0, 0, False, 0
115,0, 0, False, 0
116,0, 0, False, 0
117,0, 0, False, 0
118,0, 0, False, 0
119,0, 0, False, 0
120,0, 0, False, 0
121,0, 0, False, 0
122,0, 0, False, 0
123,0, 0, False, 0
124,0, 0, False, 0
125,0, 0, False, 0
126,0, 0, False, 0
127,0, 0, False, 0
128,0, 0, False, 0
129,0, 0, False, 0
130,0, 0, False, 0
131,0, 0, False, 0
132,0, 0, False, 0
133,0, 0, False, 0
134,0, 0, False, 0
135,0, 0, False, 0
136,0, 0, False, 0
137,0, 0, False, 0
138,0, 0, False, 0
139,0, 0, False, 0
140,0, 0, False, 0
141,0, 0, False, 0
142,0, 0, False, 0
143,0, 0, False, 0
144,0, 0, False, 0
145,0, 0, False, 0
146,0, 0, False, 0
147,0, 0, False, 0
148,0, 0, False, 0
149,0, 0, False, 0
150,0, 0, False, 0
151,0, 0, False, 0
152,0, 0, False, 0
153,0, 0, False, 0
154,0, 0, False, 0
155,0, 0, False, 0
156,0, 0, False, 0
157,0, 0, False, 0
158,0, 0, False, 0
159,0, 0, False, 0
160,0, 0, False, 0
161,0, 0, False, 0
162,0, 0, False, 0
163,0, 0, False, 0
164,0, 0, False, 0
165,0, 0, False, 0
166,0, 0, False, 0
167,0, 0, False, 0
168,0, 0, False, 0
169,0, 0, False, 0
170,0, 0, False, 0
171,0, 0, False, 0
172,0, 0, False, 0
173,0, 0, False, 0
174,0, 0, False, 0
175,0, 0, False, 0
176,0, 0, False, 0
177,0, 0, False, 0
178,0, 0, False, 0
179,0, 0, False, 0
180,0, 0, False, 0
181,0, 0, False, 0
182,0, 0, False, 0
183,0, 0, False, 0
184,0, 0, False, 0
185,0, 0, False, 0
186,0, 0, False, 0
187,0, 0, False, 0
188,0, 0, False, 0
189,0, 0, False, 0
190,0, 0, False, 0
191,0, 0, False, 0
192,0, 0, False, 0
193,0, 0, False, 0
194,0, 0, False, 0
195,0, 0, False, 0
196,0, 0, False, 0
197,0, 0, False, 0
198,0, 0, False, 0
199,0, 0, False, 0
200,0, 0, False, 0
201,0, 0, False, 0
202,0, 0, False, 0
203,0, 0, False, 0
204,0, 0, False, 0
205,0, 0, False, 0
206,0, 0, False, 0
207,0, 0, False, 0
208,0, 0, False, 0
209,0, 0, False, 0
210,0, 0, False, 0
211,0, 0, False, 0
212,0, 0, False, 0
213,0, 0, False, 0
214,0, 0, False, 0
215,0, 0, False, 0
216,0, 0, False, 0
217,0, 0, False, 0
218,0, 0, False, 0
219,0, 0, False, 0
220,0, 0, False, 0
221,0, 0, False, 0
222,0, 0, False, 0
223,0, 0, False, 0
224,0, 0, False, 0
225,0, 0, False, 0
226,0, 0, False, 0
227,0, 0, False, 0
228,0, 0, False, 0
229,0, 0, False, 0
230,0, 0, False, 0
231,0, 0, False, 0
232,0, 0, False, 0
233,0, 0, False, 0
234,0, 0, False, 0
235,0, 0, False, 0
236,0, 0, False, 0
237,0, 0, False, 0
238,0, 0, False, 0
239,0, 0, False, 0
240,0, 0, False, 0
241,0, 0, False, 0
242,0, 0, False, 0
243,0, 0, False, 0
244,0, 0, False, 0
245,0, 0, False, 0
246,0, 0, False, 0
247,0, 0, False, 0
248,0, 0, False, 0
249,0, 0, False, 0
250,0, 0, False, 0
251,0, 0, False, 0
252,0, 0, False, 0
253,0, 0, False, 0
254,0, 0, False, 0
255,0, 0, False, 0
256,0, 0, False, 0
257,0, 0, False, 0
258,0, 0, False, 0
259,0, 0, False, 0
260,0, 0, False, 0
261,0, 0, False, 0
262,0, 0, False, 0
263,0, 0, False, 0
264,0, 0, False, 0
265,0, 0, False, 0
266,0, 0, False, 0
267,0, 0, False, 0
268,0, 0, False, 0
269,0, 0, False, 0
270,10, 10, False, 0
271,0, 10, False, 0
272,0, 10, False, 0
273,0, 10, False, 0
274,0, 10, False, 0
275,0, 10, False, 0
276,0, 10, False, 0
277,0, 10, False, 0
278,0, 10, False, 0
279,0, 10, False, 0
280,0, 10, False, 0
281,0, 10, False, 0
282,0, 10, False, 0
283,0, 10, False, 0
284,10, 20, False, 0
285,0, 20, False, 0
286,0, 20, False, 0
287,0, 20, False, 0
288,0, 20, False, 0
289,0, 20, False, 0
290,0, 20, False, 0
291,0, 20, False, 0
292,0, 20, False, 0
293,0, 20, False, 0
294,0, 20, False, 0
295,0, 20, False, 0
296,0, 20, False, 0
297,0, 20, False, 0
298,10, 30, False, 0
299,0, 30, False, 0
300,0, 30, False, 0
301,0, 30, False, 0
302,0, 30, False, 0
303,0, 30, False, 0
304,0, 30, False, 0
305,0, 30, False, 0
306,0, 30, False, 0
307,0, 30, False, 0
308,0, 30, False, 0
309,0, 30, False, 0
310,10, 40, False, 0
311,0, 40, False, 0
312,0, 40, False, 0
313,0, 40, False, 0
314,0, 40, False, 0
315,0, 40, False, 0
316,0, 40, False, 0
317,0, 40, False, 0
318,0, 40, False, 0
319,0, 40, False, 0
320,0, 40, False, 0
321,0, 40, False, 0
322,0, 40, False, 0
323,0, 40, False, 0
324,10, 50, False, 0
325,0, 50, False, 0
326,0, 50, False, 0
327,0, 50, False, 0
328,0, 50, False, 0
329,0, 50, False, 0
330,0, 50, False, 0
331,0, 50, False, 0
332,0, 50, False, 5
333,0, 50, False, 5
334,0, 50, False, 5
335,0, 50, False, 5
336,0, 50, False, 5
337,0, 50, False, 5
338,10, 60, False, 5
339,0, 60, False, 5
340,0, 60, False, 5
341,0, 60, False, 5
342,0, 60, False, 5
343,0, 60, False, 0
344,0, 60, False, 0
345,0, 60, False, 0
346,0, 60, False, 0
347,0, 60, False, 0
348,10, 70, False, 0
349,0, 70, False, 0
350,0, 70, False, 0
351,0, 70, False, 0
352,0, 70, False, 0
353,0, 70, False, 0
354,0, 70, False, 0
355,0, 70, False, 0
356,0, 70, False, 0
357,0, 70, False, 0
358,0, 70, False, 0
359,0, 70, False, 0
360,0, 70, False, 0
361,0, 70, False, 0
362,10, 80, False, 0
363,0, 80, False, 0
364,0, 80, False, 0
365,0, 80, False, 3
366,0, 80, False, 3
367,0, 80, False, 3
368,0, 80, False, 3
369,0, 80, False, 3
370,0, 80, False, 3
371,0, 80, False, 3
372,0, 80, False, 0
373,0, 80, False, 0
374,0, 80, False, 0
375,0, 80, False, 0
376,10, 90, False, 0
377,0, 90, False, 0
378,0, 90, False, 0
379,0, 90, False, 0
380,0, 90, False, 0
381,0, 90, False, 0
382,0, 90, False, 0
383,0, 90, False, 0
384,0, 90, False, 0
385,0, 90, False, 0
386,0, 90, False, 0
387,0, 90, False, 0
388,0, 90, False, 0
389,0, 90, False, 0
390,10, 100, False, 0
391,0, 100, False, 0
392,0, 100, False, 0
393,0, 100, False, 0
394,0, 100, False, 0
395,0, 100, False, 0
396,0, 100, False, 0
397,0, 100, False, 0
398,0, 100, False, 0
399,0, 100, False, 0
400,0, 100, False, 0
401,0, 100, False, 0
402,0, 100, False, 0
403,0, 100, False, 4
404,10, 110, False, 4
405,0, 110, False, 4
406,0, 110, False, 4
407,0, 110, False, 4
408,0, 110, False, 4
409,0, 110, False, 4
410,0, 110, False, 4
411,0, 110, False, 4
412,0, 110, False, 4
413,0, 110, False, 4
414,0, 110, False, 4
415,0, 110, False, 4
416,0, 110, False, 4
417,0, 110, False, 4
418,0, 110, False, 4
419,0, 110, False, 4
420,10, 120, False, 4
421,0, 120, False, 4
422,0, 120, False, 4
423,0, 120, False, 4
424,0, 120, False, 4
425,0, 120, False, 0
426,0, 120, False, 0
427,0, 120, False, 0
428,0, 120, False, 0
429,0, 120, False, 0
430,0, 120, False, 0
431,0, 120, False, 0
432,0, 120, False, 3
433,0, 120, False, 3
434,0, 120, False, 3
435,0, 120, False, 3
436,0, 120, False, 3
437,0, 120, False, 3
438,0, 120, False, 3
439,0, 120, False, 3
440,0, 120, False, 3
441,0, 120, False, 3
442,0, 120, False, 3
443,0, 120, False, 3
444,0, 120, False, 3
445,0, 120, False, 3
446,0, 120, False, 3
447,0, 120, False, 3
448,0, 120, False, 3
449,0, 120, False, 3
450,0, 120, False, 3
451,0, 120, False, 3
452,0, 120, False, 3
453,0, 120, False, 3
454,0, 120, False, 3
455,0, 120, False, 3
456,0, 120, False, 3
457,0, 120, False, 3
458,10, 130, False, 3
459,0, 130, False, 3
460,0, 130, False, 3
461,0, 130, False, 3
462,0, 130, False, 3
463,0, 130, False, 3
464,0, 130, False, 3
465,0, 130, False, 3
466,0, 130, False, 3
467,0, 130, False, 0
468,0, 130, False, 0
469,0, 130, False, 0
470,0, 130, False, 0
471,0, 130, False, 0
472,10, 140, False, 0
473,0, 140, False, 0
474,0, 140, False, 0
475,0, 140, False, 0
476,0, 140, False, 0
477,0, 140, False, 0
478,0, 140, False, 0
479,0, 140, False, 0
480,0, 140, False, 0
481,0, 140, False, 0
482,0, 140, False, 0
483,0, 140, False, 0
484,0, 140, False, 0
485,0, 140, False, 0
486,10, 150, False, 0
487,0, 150, False, 0
488,0, 150, False, 0
489,0, 150, False, 0
490,0, 150, False, 0
491,0, 150, False, 0
492,0, 150, False, 0
493,0, 150, False, 0
494,0, 150, False, 0
495,0, 150, False, 0
496,0, 150, False, 0
497,0, 150, False, 0
498,10, 160, False, 0
499,0, 160, False, 0
500,0, 160, False, 0
501,0, 160, False, 0
502,0, 160, False, 0
503,0, 160, False, 0
504,0, 160, False, 0
505,0, 160, False, 0
506,0, 160, False, 0
507,0, 160, False, 0
508,0, 160, False, 0
509,0, 160, False, 0
510,0, 160, False, 0
511,0, 160, False, 0
512,10, 170, False, 0
513,0, 170, False, 0
514,0, 170, False, 0
515,0, 170, False, 0
516,0, 170, False, 0
517,0, 170, False, 0
518,0, 170, False, 0
519,0, 170, False, 0
520,0, 170, False, 0
521,0, 170, False, 0
522,0, 170, False, 0
523,0, 170, False, 0
524,0, 170, False, 0
525,0, 170, False, 0
526,0, 170, False, 0
527,0, 170, False, 0
528,0, 170, False, 0
529,0, 170, False, 0
530,10, 180, False, 0
531,0, 180, False, 0
532,0, 180, False, 0
533,0, 180, False, 0
534,0, 180, False, 0
535,0, 180, False, 0
536,0, 180, False, 0
537,0, 180, False, 0
538,0, 180, False, 0
539,0, 180, False, 0
540,0, 180, False, 0
541,0, 180, False, 0
542,0, 180, False, 0
543,0, 180, False, 0
544,10, 190, False, 0
545,0, 190, False, 0
546,0, 190, False, 0
547,0, 190, False, 0
548,0, 190, False, 0
549,0, 190, False, 0
550,0, 190, False, 0
551,0, 190, False, 0
552,0, 190, False, 0
553,0, 190, False, 0
554,0, 190, False, 0
555,0, 190, False, 0
556,0, 190, False, 0
557,0, 190, False, 0
558,10, 200, False, 0
559,0, 200, False, 0
560,0, 200, False, 0
561,0, 200, False, 0
562,0, 200, False, 0
563,0, 200, False, 0
564,0, 200, False, 0
565,0, 200, False, 0
566,0, 200, False, 0
567,0, 200, False, 0
568,0, 200, False, 0
569,0, 200, False, 0
570,10, 210, False, 0
571,0, 210, False, 0
572,0, 210, False, 0
573,0, 210, False, 0
574,0, 210, False, 0
575,0, 210, False, 0
576,0, 210, False, 0
577,0, 210, False, 0
578,0, 210, False, 0
579,0, 210, False, 0
580,0, 210, False, 0
581,0, 210, False, 0
582,0, 210, False, 0
583,0, 210, False, 0
584,10, 220, False, 0
585,0, 220, False, 0
586,0, 220, False, 0
587,0, 220, False, 0
588,0, 220, False, 0
589,0, 220, False, 0
590,0, 220, False, 0
591,0, 220, False, 0
592,0, 220, False, 0
593,0, 220, False, 0
594,0, 220, False, 0
595,0, 220, False, 0
596,0, 220, False, 0
597,0, 220, False, 0
598,10, 230, False, 0
599,0, 230, False, 0
600,0, 230, False, 0
601,0, 230, False, 2
602,0, 230, False, 2
603,0, 230, False, 2
604,0, 230, False, 2
605,0, 230, False, 2
606,0, 230, False, 2
607,0, 230, False, 2
608,0, 230, False, 2
609,0, 230, False, 2
610,0, 230, False, 2
611,0, 230, False, 0
612,0, 230, False, 0
613,0, 230, False, 0
614,10, 240, False, 0
615,0, 240, False, 0
616,0, 240, False, 0
617,0, 240, False, 0
618,0, 240, False, 0
619,0, 240, False, 0
620,0, 240, False, 0
621,0, 240, False, 0
622,0, 240, False, 0
623,0, 240, False, 0
624,0, 240, False, 0
625,0, 240, False, 0
626,0, 240, False, 0
627,0, 240, False, 0
628,10, 250, False, 0
629,0, 250, False, 0
630,0, 250, False, 0
631,0, 250, False, 0
632,0, 250, False, 0
633,0, 250, False, 0
634,0, 250, False, 0
635,0, 250, False, 0
636,0, 250, False, 0
637,0, 250, False, 0
638,0, 250, False, 0
639,0, 250, False, 0
640,0, 250, False, 0
641,0, 250, False, 0
642,10, 260, False, 0
643,0, 260, False, 0
644,0, 260, False, 0
645,0, 260, False, 3
646,0, 260, False, 3
647,0, 260, False, 3
648,0, 260, False, 3
649,0, 260, False, 3
650,0, 260, False, 3
651,0, 260, False, 3
652,0, 260, False, 3
653,0, 260, False, 3
654,0, 260, False, 0
655,0, 260, False, 0
656,10, 270, False, 0
657,0, 270, False, 0
658,0, 270, False, 0
659,0, 270, False, 0
660,0, 270, False, 0
661,0, 270, False, 0
662,0, 270, False, 0
663,0, 270, False, 0
664,0, 270, False, 0
665,0, 270, False, 0
666,0, 270, False, 0
667,0, 270, False, 0
668,0, 270, False, 0
669,0, 270, False, 0
670,10, 280, False, 0
671,0, 280, False, 0
672,0, 280, False, 0
673,0, 280, False, 0
674,0, 280, False, 5
675,0, 280, False, 5
676,0, 280, False, 5
677,0, 280, False, 5
678,0, 280, False, 5
679,0, 280, False, 5
680,0, 280, False, 5
681,0, 280, False, 5
682,0, 280, False, 5
683,0, 280, False, 5
684,0, 280, False, 5
685,0, 280, False, 5
686,0, 280, False, 0
687,0, 280, False, 0
688,0, 280, False, 0
689,0, 280, False, 0
690,0, 280, False, 0
691,0, 280, False, 0
692,0, 280, False, 0
693,0, 280, False, 3
694,0, 280, False, 3
695,0, 280, False, 3
696,0, 280, False, 3
697,0, 280, False, 3
698,0, 280, False, 3
699,0, 280, False, 3
700,0, 280, False, 3
701,0, 280, False, 3
702,0, 280, False, 3
703,0, 280, False, 3
704,0, 280, False, 3
705,0, 280, False, 0
706,10, 290, False, 0
707,0, 290, False, 0
708,0, 290, False, 0
709,0, 290, False, 0
710,0, 290, False, 0
711,0, 290, False, 0
712,0, 290, False, 0
713,0, 290, False, 0
714,0, 290, False, 0
715,0, 290, False, 0
716,0, 290, False, 0
717,0, 290, False, 0
718,0, 290, False, 0
719,0, 290, False, 0
720,10, 300, False, 0
721,0, 300, False, 0
722,0, 300, False, 0
723,0, 300, False, 0
724,0, 300, False, 0
725,0, 300, False, 0
726,0, 300, False, 0
727,0, 300, False, 0
728,0, 300, False, 0
729,0, 300, False, 0
730,0, 300, False, 0
731,0, 300, False, 0
732,0, 300, False, 0
733,0, 300, False, 0
734,10, 310, False, 0
735,0, 310, False, 0
736,0, 310, False, 0
737,0, 310, False, 0
738,0, 310, False, 0
739,0, 310, False, 5
740,0, 310, False, 5
741,0, 310, False, 5
742,0, 310, False, 5
743,0, 310, False, 5
744,0, 310, False, 5
745,0, 310, False, 5
746,0, 310, False, 5
747,0, 310, False, 5
748,10, 320, False, 5
749,0, 320, False, 5
750,0, 320, False, 5
751,0, 320, False, 0
752,0, 320, False, 0
753,0, 320, False, 0
754,0, 320, False, 0
755,0, 320, False, 0
756,0, 320, False, 0
757,0, 320, False, 0
758,0, 320, False, 0
759,0, 320, False, 0
760,50, 370, False, 0
761,0, 370, False, 0
762,0, 370, False, 0
763,0, 370, False, 0
764,0, 370, False, 0
765,0, 370, False, 0
766,0, 370, False, 0
767,0, 370, False, 0
768,0, 370, False, 0
769,0, 370, False, 0
770,0, 370, False, 0
771,0, 370, False, 0
772,0, 370, False, 0
773,0, 370, False, 0
774,10, 380, False, 0
775,0, 380, False, 0
776,0, 380, False, 0
777,0, 380, False, 0
778,0, 380, False, 0
779,0, 380, False, 0
780,0, 380, False, 0
781,0, 380, False, 4
782,0, 380, False, 4
783,0, 380, False, 4
784,0, 380, False, 4
785,0, 380, False, 4
786,0, 380, False, 4
787,0, 380, False, 4
788,0, 380, False, 4
789,0, 380, False, 4
790,10, 390, False, 4
791,0, 390, False, 4
792,0, 390, False, 4
793,0, 390, False, 4
794,0, 390, False, 4
795,0, 390, False, 4
796,0, 390, False, 4
797,0, 390, False, 4
798,0, 390, False, 4
799,0, 390, False, 4
800,0, 390, False, 4
801,0, 390, False, 4
802,0, 390, False, 4
803,0, 390, False, 4
804,10, 400, False, 4
805,0, 400, False, 4
806,0, 400, False, 4
807,0, 400, False, 4
808,0, 400, False, 4
809,0, 400, False, 4
810,0, 400, False, 4
811,0, 400, False, 0
812,0, 400, False, 0
813,0, 400, False, 0
814,0, 400, False, 0
815,0, 400, False, 0
816,0, 400, False, 2
817,0, 400, False, 2
818,0, 400, False, 2
819,0, 400, False, 2
820,0, 400, False, 2
821,0, 400, False, 2
822,0, 400, False, 2
823,0, 400, False, 2
824,0, 400, False, 2
825,0, 400, False, 2
826,0, 400, False, 2
827,0, 400, False, 0
828,0, 400, False, 0
829,0, 400, False, 0
830,0, 400, False, 0
831,0, 400, False, 0
832,0, 400, False, 0
833,0, 400, False, 0
834,0, 400, False, 0
835,0, 400, False, 3
836,0, 400, False, 3
837,0, 400, False, 3
838,0, 400, False, 3
839,0, 400, False, 3
840,0, 400, False, 3
841,0, 400, False, 3
842,0, 400, False, 3
843,0, 400, False, 3
844,0, 400, False, 3
845,0, 400, False, 3
846,0, 400, False, 3
847,0, 400, False, 3
848,0, 400, False, 3
849,0, 400, False, 3
850,0, 400, False, 3
851,0, 400, False, 3
852,0, 400, False, 3
853,0, 400, False, 3
854,0, 400, False, 3
855,0, 400, False, 3
856,0, 400, False, 3
857,0, 400, False, 3
858,0, 400, False, 0
859,0, 400, False, 0
860,0, 400, False, 0
861,0, 400, False, 0
862,0, 400, False, 0
863,0, 400, False, 0
864,0, 400, False, 0
865,0, 400, False, 0
866,0, 400, False, 0
867,0, 400, False, 0
868,0, 400, False, 0
869,0, 400, False, 0
870,0, 400, False, 0
871,0, 400, False, 0
872,0, 400, False, 0
873,0, 400, False, 0
874,0, 400, False, 0
875,0, 400, False, 0
876,0, 400, False, 0
877,0, 400, False, 0
878,0, 400, False, 0
879,0, 400, False, 0
880,0, 400, False, 0
881,0, 400, False, 0
882,0, 400, False, 2
883,0, 400, False, 2
884,0, 400, False, 2
885,0, 400, False, 2
886,0, 400, False, 2
887,0, 400, False, 2
888,0, 400, False, 2
889,0, 400, False, 2
890,0, 400, False, 2
891,0, 400, False, 2
892,0, 400, False, 2
893,0, 400, False, 2
894,0, 400, False, 2
895,0, 400, False, 2
896,0, 400, False, 2
897,0, 400, False, 2
898,0, 400, False, 0
899,0, 400, False, 0
900,0, 400, False, 0
901,0, 400, False, 0
902,0, 400, False, 0
903,0, 400, False, 0
904,0, 400, False, 0
905,0, 400, False, 4
906,0, 400, False, 4
907,0, 400, False, 4
908,0, 400, False, 4
909,0, 400, False, 4
910,0, 400, False, 4
911,0, 400, False, 4
912,0, 400, False, 0
913,0, 400, False, 0
914,0, 400, False, 0
915,0, 400, False, 0
916,0, 400, False, 0
917,0, 400, False, 2
918,0, 400, False, 2
919,0, 400, False, 2
920,0, 400, False, 2
921,0, 400, False, 2
922,0, 400, False, 2
923,0, 400, False, 2
924,0, 400, False, 2
925,0, 400, False, 2
926,0, 400, False, 0
927,0, 400, False, 0
928,0, 400, False, 0
929,0, 400, False, 0
930,0, 400, False, 0
931,0, 400, False, 0
932,0, 400, False, 0
933,0, 400, False, 0
934,0, 400, False, 0
935,0, 400, False, 3
936,0, 400, False, 3
937,0, 400, False, 3
938,0, 400, False, 3
939,0, 400, False, 3
940,0, 400, False, 3
941,0, 400, False, 3
942,0, 400, False, 3
943,0, 400, False, 3
944,0, 400, False, 3
945,0, 400, False, 3
946,0, 400, False, 3
947,0, 400, False, 3
948,0, 400, False, 0
949,0, 400, False, 0
950,0, 400, False, 0
951,0, 400, False, 0
952,0, 400, False, 0
953,0, 400, False, 0
954,0, 400, False, 0
955,0, 400, False, 0
956,0, 400, False, 0
957,0, 400, False, 0
958,0, 400, False, 0
959,0, 400, False, 2
960,0, 400, False, 2
961,0, 400, False, 2
962,0, 400, False, 2
963,0, 400, False, 0
964,0, 400, False, 0
965,0, 400, False, 0
966,0, 400, False, 0
967,0, 400, False, 0
968,0, 400, False, 0
969,0, 400, False, 0
970,0, 400, False, 0
971,0, 400, False, 0
972,0, 400, False, 0
973,0, 400, False, 0
974,0, 400, False, 0
975,0, 400, False, 0
976,0, 400, False, 0
977,0, 400, False, 0
978,0, 400, False, 0
979,0, 400, False, 0
980,0, 400, False, 0
981,0, 400, False, 0
982,0, 400, False, 0
983,0, 400, False, 0
984,0, 400, False, 0
985,0, 400, False, 0
986,0, 400, False, 4
987,0, 400, False, 4
988,0, 400, False, 4
989,0, 400, False, 4
990,0, 400, False, 0
991,0, 400, False, 0
992,0, 400, False, 0
993,0, 400, False, 0
994,0, 400, False, 2
995,0, 400, False, 2
996,0, 400, False, 2
997,0, 400, False, 2
998,0, 400, False, 2
999,0, 400, False, 2
1000,0, 400, False, 2
1001,0, 400, False, 2
1002,0, 400, False, 2
1003,0, 400, False, 0
1004,0, 400, False, 0
1005,0, 400, False, 0
1006,0, 400, False, 0
1007,0, 400, False, 0
1008,0, 400, False, 0
1009,0, 400, False, 0
1010,10, 410, False, 0
1011,0, 410, False, 0
1012,0, 410, False, 0
1013,0, 410, False, 0
1014,0, 410, False, 0
1015,0, 410, False, 0
1016,0, 410, False, 0
1017,0, 410, False, 0
1018,0, 410, False, 0
1019,0, 410, False, 0
1020,0, 410, False, 0
1021,0, 410, False, 0
1022,0, 410, False, 0
1023,0, 410, False, 3
1024,10, 420, False, 3
1025,0, 420, False, 3
1026,0, 420, False, 3
1027,0, 420, False, 3
1028,0, 420, False, 3
1029,0, 420, False, 3
1030,0, 420, False, 3
1031,0, 420, False, 3
1032,0, 420, False, 0
1033,0, 420, False, 0
1034,10, 430, False, 0
1035,0, 430, False, 0
1036,0, 430, False, 0
1037,0, 430, False, 0
1038,0, 430, False, 0
1039,0, 430, False, 0
1040,0, 430, False, 0
1041,0, 430, False, 0
1042,0, 430, False, 0
1043,0, 430, False, 0
1044,0, 430, False, 0
1045,0, 430, False, 0
1046,0, 430, False, 0
1047,0, 430, False, 0
1048,0, 430, False, 0
1049,0, 430, False, 0
1050,0, 430, False, 0
1051,0, 430, False, 0
1052,0, 430, False, 0
1053,0, 430, False, 0
1054,0, 430, False, 0
1055,0, 430, False, 0
1056,0, 430, False, 0
1057,0, 430, False, 0
1058,0, 430, False, 0
1059,0, 430, False, 0
1060,0, 430, False, 0
1061,0, 430, False, 0
1062,10, 440, False, 0
1063,0, 440, False, 0
1064,0, 440, False, 0
1065,0, 440, False, 0
1066,0, 440, False, 0
1067,0, 440, False, 0
1068,0, 440, False, 0
1069,0, 440, False, 0
1070,0, 440, False, 0
1071,0, 440, False, 0
1072,0, 440, False, 0
1073,0, 440, False, 0
1074,0, 440, False, 0
1075,0, 440, False, 0
1076,10, 450, False, 0
1077,0, 450, False, 0
1078,0, 450, False, 0
1079,0, 450, False, 0
1080,0, 450, False, 0
1081,0, 450, False, 0
1082,0, 450, False, 0
1083,0, 450, False, 0
1084,0, 450, False, 2
1085,0, 450, False, 2
1086,0, 450, False, 2
1087,0, 450, False, 2
1088,0, 450, False, 2
1089,0, 450, False, 2
1090,0, 450, False, 0
1091,0, 450, False, 0
1092,0, 450, False, 0
1093,0, 450, False, 0
1094,0, 450, False, 0
1095,0, 450, False, 0
1096,10, 460, False, 0
1097,0, 460, False, 0
1098,0, 460, False, 0
1099,0, 460, False, 0
1100,0, 460, False, 0
1101,0, 460, False, 0
1102,0, 460, False, 0
1103,0, 460, False, 0
1104,0, 460, False, 0
1105,0, 460, False, 0
1106,0, 460, False, 0
1107,0, 460, False, 0
1108,0, 460, False, 0
1109,0, 460, False, 0
1110,10, 470, False, 0
1111,0, 470, False, 0
1112,0, 470, False, 0
1113,0, 470, False, 0
1114,0, 470, False, 0
1115,0, 470, False, 0
1116,0, 470, False, 0
1117,0, 470, False, 0
1118,0, 470, False, 0
1119,0, 470, False, 0
1120,0, 470, False, 0
1121,0, 470, False, 0
1122,0, 470, False, 0
1123,0, 470, False, 0
1124,10, 480, False, 0
1125,0, 480, False, 0
1126,0, 480, False, 0
1127,0, 480, False, 4
1128,0, 480, False, 4
1129,0, 480, False, 4
1130,0, 480, False, 4
1131,0, 480, False, 4
1132,0, 480, False, 4
1133,0, 480, False, 4
1134,0, 480, False, 4
1135,0, 480, False, 4
1136,0, 480, False, 4
1137,0, 480, False, 4
1138,10, 490, False, 4
1139,0, 490, False, 4
1140,0, 490, False, 4
1141,0, 490, False, 0
1142,0, 490, False, 0
1143,0, 490, False, 0
1144,0, 490, False, 0
1145,0, 490, False, 0
1146,0, 490, False, 0
1147,0, 490, False, 0
1148,0, 490, False, 0
1149,0, 490, False, 0
1150,10, 500, False, 0
1151,0, 500, False, 0
1152,0, 500, False, 0
1153,0, 500, False, 0
1154,0, 500, False, 0
1155,0, 500, False, 0
1156,0, 500, False, 0
1157,0, 500, False, 0
1158,0, 500, False, 0
1159,0, 500, False, 0
1160,0, 500, False, 0
1161,0, 500, False, 0
1162,0, 500, False, 0
1163,0, 500, False, 0
1164,0, 500, False, 0
1165,0, 500, False, 0
1166,0, 500, False, 0
1167,0, 500, False, 0
1168,0, 500, False, 0
1169,0, 500, False, 0
1170,0, 500, False, 0
1171,0, 500, False, 0
1172,0, 500, False, 0
1173,0, 500, False, 0
1174,0, 500, False, 0
1175,0, 500, False, 0
1176,0, 500, False, 0
1177,0, 500, False, 0
1178,0, 500, False, 0
1179,0, 500, False, 0
1180,10, 510, False, 0
1181,0, 510, False, 0
1182,0, 510, False, 0
1183,0, 510, False, 0
1184,0, 510, False, 0
1185,0, 510, False, 0
1186,0, 510, False, 0
1187,0, 510, False, 0
1188,0, 510, False, 0
1189,0, 510, False, 0
1190,0, 510, False, 0
1191,0, 510, False, 0
1192,0, 510, False, 0
1193,0, 510, False, 0
1194,10, 520, False, 0
1195,0, 520, False, 0
1196,0, 520, False, 5
1197,0, 520, False, 5
1198,0, 520, False, 5
1199,0, 520, False, 5
1200,0, 520, False, 5
1201,0, 520, False, 5
1202,0, 520, False, 5
1203,0, 520, False, 5
1204,0, 520, False, 5
1205,0, 520, False, 5
1206,10, 530, False, 5
1207,0, 530, False, 5
1208,0, 530, False, 5
1209,0, 530, False, 5
1210,0, 530, False, 0
1211,0, 530, False, 0
1212,0, 530, False, 0
1213,0, 530, False, 0
1214,0, 530, False, 0
1215,0, 530, False, 0
1216,0, 530, False, 0
1217,0, 530, False, 0
1218,0, 530, False, 0
1219,0, 530, False, 0
1220,10, 540, False, 0
1221,0, 540, False, 0
1222,0, 540, False, 0
1223,0, 540, False, 0
1224,0, 540, False, 0
1225,0, 540, False, 0
1226,0, 540, False, 0
1227,0, 540, False, 0
1228,0, 540, False, 0
1229,0, 540, False, 0
1230,0, 540, False, 0
1231,0, 540, False, 0
1232,0, 540, False, 0
1233,0, 540, False, 0
1234,10, 550, False, 0
1235,0, 550, False, 0
1236,0, 550, False, 0
1237,0, 550, False, 0
1238,0, 550, False, 0
1239,0, 550, False, 0
1240,0, 550, False, 0
1241,0, 550, False, 0
1242,0, 550, False, 0
1243,0, 550, False, 0
1244,0, 550, False, 0
1245,0, 550, False, 2
1246,0, 550, False, 2
1247,0, 550, False, 2
1248,0, 550, False, 2
1249,0, 550, False, 2
1250,0, 550, False, 2
1251,0, 550, False, 2
1252,0, 550, False, 2
1253,0, 550, False, 2
1254,0, 550, False, 2
1255,0, 550, False, 2
1256,0, 550, False, 2
1257,0, 550, False, 2
1258,0, 550, False, 2
1259,0, 550, False, 2
1260,0, 550, False, 2
1261,0, 550, False, 2
1262,0, 550, False, 2
1263,0, 550, False, 0
1264,0, 550, False, 0
1265,0, 550, False, 0
1266,0, 550, False, 0
1267,0, 550, False, 0
1268,0, 550, False, 0
1269,0, 550, False, 0
1270,0, 550, False, 5
1271,0, 550, False, 5
1272,0, 550, False, 5
1273,0, 550, False, 5
1274,0, 550, False, 5
1275,0, 550, False, 5
1276,0, 550, False, 5
1277,0, 550, False, 5
1278,0, 550, False, 5
1279,0, 550, False, 5
1280,0, 550, False, 5
1281,0, 550, False, 5
1282,0, 550, False, 5
1283,0, 550, False, 5
1284,0, 550, False, 5
1285,0, 550, False, 5
1286,0, 550, False, 5
1287,0, 550, False, 5
1288,0, 550, False, 5
1289,0, 550, False, 5
1290,0, 550, False, 5
1291,0, 550, False, 5
1292,0, 550, False, 5
1293,0, 550, False, 5
1294,0, 550, False, 5
1295,0, 550, False, 5
1296,0, 550, False, 5
1297,0, 550, False, 5
1298,0, 550, False, 0
1299,0, 550, False, 0
1300,0, 550, False, 0
1301,0, 550, False, 0
1302,0, 550, False, 0
1303,0, 550, False, 0
1304,0, 550, False, 0
1305,0, 550, False, 0
1306,0, 550, False, 0
1307,0, 550, False, 0
1308,0, 550, False, 0
1309,0, 550, False, 0
1310,100, 650, False, 0
1311,0, 650, False, 0
1312,0, 650, False, 0
1313,0, 650, False, 0
1314,0, 650, False, 0
1315,0, 650, False, 0
1316,0, 650, False, 0
1317,0, 650, False, 0
1318,0, 650, False, 0
1319,0, 650, False, 0
1320,0, 650, False, 0
1321,0, 650, False, 0
1322,0, 650, False, 0
1323,0, 650, False, 0
1324,0, 650, False, 0
1325,0, 650, False, 0
1326,0, 650, False, 2
1327,0, 650, False, 2
1328,0, 650, False, 2
1329,0, 650, False, 2
1330,0, 650, False, 2
1331,0, 650, False, 2
1332,0, 650, False, 2
1333,0, 650, False, 2
1334,0, 650, False, 2
1335,0, 650, False, 2
1336,0, 650, False, 2
1337,0, 650, False, 2
1338,0, 650, False, 2
1339,0, 650, False, 2
1340,0, 650, False, 2
1341,0, 650, False, 2
1342,0, 650, False, 2
1343,0, 650, False, 2
1344,0, 650, False, 2
1345,0, 650, False, 2
1346,0, 650, False, 2
1347,0, 650, False, 2
1348,0, 650, False, 2
1349,0, 650, False, 2
1350,0, 650, False, 2
1351,0, 650, False, 2
1352,0, 650, False, 2
1353,0, 650, False, 2
1354,0, 650, False, 2
1355,0, 650, False, 2
1356,0, 650, False, 2
1357,0, 650, False, 2
1358,0, 650, False, 2
1359,0, 650, False, 2
1360,0, 650, False, 2
1361,0, 650, False, 2
1362,0, 650, False, 2
1363,0, 650, False, 2
1364,0, 650, False, 2
1365,0, 650, False, 2
1366,0, 650, False, 2
1367,0, 650, False, 2
1368,0, 650, False, 2
1369,0, 650, False, 2
1370,0, 650, False, 2
1371,0, 650, False, 2
1372,0, 650, False, 2
1373,0, 650, False, 2
1374,0, 650, False, 2
1375,0, 650, False, 2
1376,0, 650, False, 2
1377,0, 650, False, 2
1378,0, 650, False, 2
1379,0, 650, False, 2
1380,0, 650, False, 2
1381,0, 650, False, 2
1382,0, 650, False, 2
1383,0, 650, False, 2
1384,0, 650, False, 2
1385,0, 650, False, 2
1386,0, 650, False, 2
1387,0, 650, False, 2
1388,0, 650, False, 2
1389,0, 650, False, 2
1390,0, 650, False, 2
1391,0, 650, False, 2
1392,0, 650, False, 2
1393,0, 650, False, 2
1394,10, 660, False, 2
1395,0, 660, False, 2
1396,0, 660, False, 2
1397,0, 660, False, 2
1398,0, 660, False, 2
1399,0, 660, False, 2
1400,0, 660, False, 0
1401,0, 660, False, 0
1402,0, 660, False, 0
1403,0, 660, False, 0
1404,0, 660, False, 0
1405,0, 660, False, 0
1406,0, 660, False, 4
1407,0, 660, False, 4
1408,10, 670, False, 4
1409,0, 670, False, 4
1410,0, 670, False, 4
1411,0, 670, False, 4
1412,0, 670, False, 4
1413,0, 670, False, 4
1414,0, 670, False, 4
1415,0, 670, False, 4
1416,0, 670, False, 4
1417,0, 670, False, 4
1418,0, 670, False, 4
1419,0, 670, False, 4
1420,10, 680, False, 4
1421,0, 680, False, 4
1422,0, 680, False, 4
1423,0, 680, False, 4
1424,0, 680, False, 4
1425,0, 680, False, 0
1426,0, 680, False, 0
1427,0, 680, False, 0
1428,0, 680, False, 0
1429,0, 680, False, 0
1430,0, 680, False, 0
1431,0, 680, False, 0
1432,0, 680, False, 0
1433,0, 680, False, 0
1434,10, 690, False, 0
1435,0, 690, False, 0
1436,0, 690, False, 0
1437,0, 690, False, 0
1438,0, 690, False, 0
1439,0, 690, False, 0
1440,0, 690, False, 0
1441,0, 690, False, 5
1442,0, 690, False, 5
1443,0, 690, False, 5
1444,0, 690, False, 5
1445,0, 690, False, 5
1446,10, 700, False, 5
1447,0, 700, False, 5
1448,0, 700, False, 5
1449,0, 700, False, 5
1450,0, 700, False, 5
1451,0, 700, False, 5
1452,0, 700, False, 5
1453,0, 700, False, 5
1454,0, 700, False, 0
1455,0, 700, False, 0
1456,0, 700, False, 0
1457,0, 700, False, 0
1458,0, 700, False, 0
1459,0, 700, False, 0
1460,10, 710, False, 0
1461,0, 710, False, 0
1462,0, 710, False, 0
1463,0, 710, False, 0
1464,0, 710, False, 0
1465,0, 710, False, 0
1466,0, 710, False, 3
1467,0, 710, False, 3
1468,0, 710, False, 3
1469,0, 710, False, 3
1470,0, 710, False, 3
1471,0, 710, False, 3
1472,0, 710, False, 3
1473,0, 710, False, 3
1474,0, 710, False, 3
1475,0, 710, False, 3
1476,0, 710, False, 3
1477,0, 710, False, 3
1478,0, 710, False, 3
1479,0, 710, False, 0
1480,0, 710, False, 0
1481,0, 710, False, 0
1482,0, 710, False, 0
1483,0, 710, False, 0
1484,0, 710, False, 0
1485,0, 710, False, 0
1486,0, 710, False, 2
1487,0, 710, False, 2
1488,0, 710, False, 2
1489,0, 710, False, 2
1490,0, 710, False, 2
1491,0, 710, False, 2
1492,0, 710, False, 0
1493,0, 710, False, 0
1494,0, 710, False, 0
1495,0, 710, False, 0
1496,0, 710, False, 0
1497,0, 710, False, 0
1498,0, 710, False, 0
1499,0, 710, False, 0
1500,0, 710, False, 0
1501,0, 710, False, 0
1502,10, 720, False, 0
1503,0, 720, False, 0
1504,0, 720, False, 0
1505,0, 720, False, 0
1506,0, 720, False, 0
1507,0, 720, False, 0
1508,0, 720, False, 0
1509,0, 720, False, 0
1510,0, 720, False, 0
1511,0, 720, False, 0
1512,0, 720, False, 0
1513,0, 720, False, 0
1514,0, 720, False, 0
1515,0, 720, False, 0
1516,10, 730, False, 3
1517,0, 730, False, 3
1518,0, 730, False, 3
1519,0, 730, False, 3
1520,0, 730, False, 3
1521,0, 730, False, 3
1522,0, 730, False, 3
1523,0, 730, False, 0
1524,0, 730, False, 0
1525,0, 730, False, 0
1526,10, 740, False, 0
1527,0, 740, False, 0
1528,0, 740, False, 0
1529,0, 740, False, 0
1530,0, 740, False, 0
1531,0, 740, False, 0
1532,0, 740, False, 0
1533,0, 740, False, 0
1534,0, 740, False, 0
1535,0, 740, False, 0
1536,0, 740, False, 0
1537,0, 740, False, 0
1538,0, 740, False, 0
1539,0, 740, False, 0
1540,10, 750, False, 0
1541,0, 750, False, 0
1542,0, 750, False, 0
1543,0, 750, False, 0
1544,0, 750, False, 0
1545,0, 750, False, 0
1546,0, 750, False, 0
1547,0, 750, False, 0
1548,0, 750, False, 0
1549,0, 750, False, 0
1550,0, 750, False, 0
1551,0, 750, False, 0
1552,0, 750, False, 0
1553,0, 750, False, 0
1554,10, 760, False, 5
1555,0, 760, False, 5
1556,0, 760, False, 5
1557,0, 760, False, 5
1558,0, 760, False, 5
1559,0, 760, False, 5
1560,0, 760, False, 5
1561,0, 760, False, 5
1562,50, 810, False, 5
1563,0, 810, False, 5
1564,0, 810, False, 5
1565,0, 810, False, 5
1566,0, 810, False, 5
1567,0, 810, False, 9
1568,0, 810, False, 4
1569,0, 810, False, 4
1570,0, 810, False, 4
1571,0, 810, False, 4
1572,0, 810, False, 4
1573,0, 810, False, 4
1574,0, 810, False, 4
1575,0, 810, False, 4
1576,0, 810, False, 4
1577,0, 810, False, 4
1578,10, 820, False, 4
1579,0, 820, False, 4
1580,0, 820, False, 4
1581,0, 820, False, 4
1582,0, 820, False, 4
1583,0, 820, False, 4
1584,0, 820, False, 4
1585,0, 820, False, 4
1586,0, 820, False, 4
1587,0, 820, False, 4
1588,0, 820, False, 4
1589,0, 820, False, 4
1590,0, 820, False, 4
1591,0, 820, False, 4
1592,0, 820, False, 4
1593,0, 820, False, 4
1594,0, 820, False, 4
1595,0, 820, False, 4
1596,0, 820, False, 4
1597,0, 820, False, 4
1598,0, 820, False, 4
1599,0, 820, False, 4
1600,0, 820, False, 4
1601,0, 820, False, 4
1602,0, 820, False, 4
1603,0, 820, False, 4
1604,0, 820, False, 4
1605,0, 820, False, 4
1606,0, 820, False, 4
1607,0, 820, False, 4
1608,0, 820, False, 4
1609,0, 820, False, 4
1610,0, 820, False, 0
1611,0, 820, False, 0
1612,0, 820, False, 0
1613,0, 820, False, 0
1614,0, 820, False, 0
1615,0, 820, False, 0
1616,0, 820, False, 0
1617,0, 820, False, 0
1618,0, 820, False, 0
1619,0, 820, False, 0
1620,0, 820, False, 0
1621,0, 820, False, 0
1622,0, 820, False, 0
1623,0, 820, False, 0
1624,0, 820, False, 0
1625,0, 820, False, 0
1626,0, 820, False, 0
1627,0, 820, False, 0
1628,200, 1020, False, 0
1629,0, 1020, False, 0
1630,0, 1020, False, 0
1631,0, 1020, False, 0
1632,0, 1020, False, 0
1633,0, 1020, False, 0
1634,0, 1020, False, 0
1635,0, 1020, False, 0
1636,0, 1020, False, 0
1637,0, 1020, False, 0
1638,0, 1020, False, 0
1639,0, 1020, False, 0
1640,0, 1020, False, 0
1641,0, 1020, False, 0
1642,0, 1020, False, 0
1643,0, 1020, False, 0
1644,0, 1020, False, 0
1645,0, 1020, False, 0
1646,0, 1020, False, 0
1647,0, 1020, False, 0
1648,0, 1020, False, 0
1649,0, 1020, False, 0
1650,400, 1420, False, 0
1651,0, 1420, False, 0
1652,0, 1420, False, 0
1653,0, 1420, False, 0
1654,0, 1420, False, 0
1655,0, 1420, False, 0
1656,0, 1420, False, 0
1657,0, 1420, False, 0
1658,0, 1420, False, 0
1659,0, 1420, False, 0
1660,0, 1420, False, 0
1661,0, 1420, False, 0
1662,0, 1420, False, 0
1663,0, 1420, False, 0
1664,0, 1420, False, 0
1665,0, 1420, False, 0
1666,0, 1420, False, 0
1667,0, 1420, False, 0
1668,0, 1420, False, 0
1669,0, 1420, False, 0
1670,0, 1420, False, 0
1671,0, 1420, False, 0
1672,0, 1420, False, 0
1673,0, 1420, False, 0
1674,0, 1420, False, 0
1675,0, 1420, False, 0
1676,0, 1420, False, 0
1677,0, 1420, False, 0
1678,0, 1420, False, 0
1679,0, 1420, False, 0
1680,0, 1420, False, 0
1681,0, 1420, False, 0
1682,0, 1420, False, 0
1683,0, 1420, False, 0
1684,0, 1420, False, 0
1685,0, 1420, False, 0
1686,0, 1420, False, 0
1687,0, 1420, False, 0
1688,10, 1430, False, 0
1689,0, 1430, False, 0
1690,0, 1430, False, 0
1691,0, 1430, False, 0
1692,0, 1430, False, 0
1693,0, 1430, False, 5
1694,0, 1430, False, 5
1695,0, 1430, False, 5
1696,0, 1430, False, 5
1697,0, 1430, False, 5
1698,0, 1430, False, 5
1699,0, 1430, False, 5
1700,0, 1430, False, 5
1701,0, 1430, False, 5
1702,10, 1440, False, 5
1703,0, 1440, False, 5
1704,0, 1440, False, 5
1705,0, 1440, False, 5
1706,0, 1440, False, 5
1707,0, 1440, False, 5
1708,0, 1440, False, 5
1709,0, 1440, False, 5
1710,0, 1440, False, 5
1711,0, 1440, False, 5
1712,0, 1440, False, 5
1713,0, 1440, False, 5
1714,10, 1450, False, 5
1715,0, 1450, False, 5
1716,0, 1450, False, 0
1717,0, 1450, False, 0
1718,0, 1450, False, 0
1719,0, 1450, False, 0
1720,0, 1450, False, 0
1721,0, 1450, False, 0
1722,0, 1450, False, 0
1723,0, 1450, False, 0
1724,0, 1450, False, 0
1725,0, 1450, False, 0
1726,0, 1450, False, 0
1727,0, 1450, False, 0
1728,0, 1450, False, 0
1729,0, 1450, False, 0
1730,0, 1450, False, 0
1731,0, 1450, False, 0
1732,0, 1450, False, 0
1733,0, 1450, False, 0
1734,10, 1460, False, 0
1735,0, 1460, False, 0
1736,0, 1460, False, 0
1737,0, 1460, False, 0
1738,0, 1460, False, 0
1739,0, 1460, False, 0
1740,0, 1460, False, 0
1741,0, 1460, False, 0
1742,0, 1460, False, 0
1743,0, 1460, False, 0
1744,0, 1460, False, 0
1745,0, 1460, False, 0
1746,10, 1470, False, 0
1747,0, 1470, False, 0
1748,0, 1470, False, 0
1749,0, 1470, False, 0
1750,0, 1470, False, 0
1751,0, 1470, False, 0
1752,0, 1470, False, 0
1753,0, 1470, False, 0
1754,0, 1470, False, 0
1755,0, 1470, False, 5
1756,0, 1470, False, 5
1757,0, 1470, False, 5
1758,0, 1470, False, 5
1759,0, 1470, False, 5
1760,10, 1480, False, 5
1761,0, 1480, False, 5
1762,0, 1480, False, 5
1763,0, 1480, False, 5
1764,0, 1480, False, 5
1765,0, 1480, False, 5
1766,0, 1480, False, 5
1767,0, 1480, False, 5
1768,0, 1480, False, 0
1769,0, 1480, False, 0
1770,0, 1480, False, 0
1771,0, 1480, False, 0
1772,10, 1490, False, 0
1773,0, 1490, False, 0
1774,0, 1490, False, 0
1775,0, 1490, False, 0
1776,0, 1490, False, 0
1777,0, 1490, False, 0
1778,0, 1490, False, 0
1779,0, 1490, False, 0
1780,0, 1490, False, 0
1781,0, 1490, False, 0
1782,0, 1490, False, 0
1783,0, 1490, False, 0
1784,0, 1490, False, 0
1785,0, 1490, False, 0
1786,10, 1500, False, 0
1787,0, 1500, False, 0
1788,0, 1500, False, 0
1789,0, 1500, False, 0
1790,0, 1500, False, 0
1791,0, 1500, False, 0
1792,0, 1500, False, 0
1793,0, 1500, False, 0
1794,0, 1500, False, 0
1795,0, 1500, False, 0
1796,0, 1500, False, 0
1797,0, 1500, False, 0
1798,0, 1500, False, 0
1799,0, 1500, False, 0
1800,10, 1510, False, 0
1801,0, 1510, False, 0
1802,0, 1510, False, 0
1803,0, 1510, False, 0
1804,0, 1510, False, 0
1805,0, 1510, False, 0
1806,0, 1510, False, 0
1807,0, 1510, False, 0
1808,0, 1510, False, 0
1809,0, 1510, False, 0
1810,0, 1510, False, 0
1811,0, 1510, False, 0
1812,0, 1510, False, 0
1813,0, 1510, False, 0
1814,10, 1520, False, 0
1815,0, 1520, False, 0
1816,0, 1520, False, 0
1817,0, 1520, False, 0
1818,0, 1520, False, 0
1819,0, 1520, False, 0
1820,0, 1520, False, 0
1821,0, 1520, False, 0
1822,0, 1520, False, 0
1823,0, 1520, False, 0
1824,0, 1520, False, 0
1825,0, 1520, False, 0
1826,0, 1520, False, 0
1827,0, 1520, False, 0
1828,10, 1530, False, 0
1829,0, 1530, False, 0
1830,0, 1530, False, 0
1831,0, 1530, False, 0
1832,0, 1530, False, 0
1833,0, 1530, False, 0
1834,0, 1530, False, 3
1835,0, 1530, False, 3
1836,0, 1530, False, 3
1837,0, 1530, False, 3
1838,0, 1530, False, 3
1839,0, 1530, False, 3
1840,0, 1530, False, 3
1841,0, 1530, False, 3
1842,0, 1530, False, 3
1843,0, 1530, False, 3
1844,0, 1530, False, 3
1845,0, 1530, False, 3
1846,0, 1530, False, 3
1847,0, 1530, False, 3
1848,0, 1530, False, 3
1849,0, 1530, False, 3
1850,0, 1530, False, 3
1851,0, 1530, False, 3
1852,0, 1530, False, 3
1853,0, 1530, False, 3
1854,0, 1530, False, 3
1855,0, 1530, False, 3
1856,0, 1530, False, 3
1857,0, 1530, False, 0
1858,0, 1530, False, 0
1859,0, 1530, False, 0
1860,0, 1530, False, 0
1861,0, 1530, False, 0
1862,0, 1530, False, 0
1863,0, 1530, False, 0
1864,0, 1530, False, 0
1865,0, 1530, False, 0
1866,0, 1530, False, 0
1867,0, 1530, False, 0
1868,0, 1530, False, 0
1869,0, 1530, False, 0
1870,0, 1530, False, 0
1871,0, 1530, False, 0
1872,0, 1530, False, 0
1873,0, 1530, False, 0
1874,0, 1530, False, 0
1875,0, 1530, False, 0
1876,0, 1530, False, 0
1877,0, 1530, False, 0
1878,0, 1530, False, 0
1879,0, 1530, False, 0
1880,10, 1540, False, 0
1881,0, 1540, False, 0
1882,0, 1540, False, 0
1883,0, 1540, False, 0
1884,0, 1540, False, 0
1885,0, 1540, False, 0
1886,0, 1540, False, 0
1887,0, 1540, False, 0
1888,0, 1540, False, 0
1889,0, 1540, False, 0
1890,0, 1540, False, 0
1891,0, 1540, False, 0
1892,0, 1540, False, 0
1893,0, 1540, False, 0
1894,10, 1550, False, 0
1895,0, 1550, False, 0
1896,0, 1550, False, 0
1897,0, 1550, False, 0
1898,0, 1550, False, 0
1899,0, 1550, False, 0
1900,0, 1550, False, 0
1901,0, 1550, False, 0
1902,0, 1550, False, 0
1903,0, 1550, False, 0
1904,0, 1550, False, 0
1905,0, 1550, False, 0
1906,10, 1560, False, 0
1907,0, 1560, False, 0
1908,0, 1560, False, 0
1909,0, 1560, False, 2
1910,0, 1560, False, 2
1911,0, 1560, False, 2
1912,0, 1560, False, 2
1913,0, 1560, False, 2
1914,0, 1560, False, 2
1915,0, 1560, False, 2
1916,0, 1560, False, 2
1917,0, 1560, False, 2
1918,0, 1560, False, 2
1919,0, 1560, False, 0
1920,0, 1560, False, 0
1921,0, 1560, False, 0
1922,0, 1560, False, 0
1923,0, 1560, False, 0
1924,10, 1570, False, 0
1925,0, 1570, False, 0
1926,0, 1570, False, 0
1927,0, 1570, False, 0
1928,0, 1570, False, 0
1929,0, 1570, False, 0
1930,0, 1570, False, 0
1931,0, 1570, False, 0
1932,0, 1570, False, 0
1933,0, 1570, False, 0
1934,0, 1570, False, 0
1935,0, 1570, False, 0
1936,0, 1570, False, 0
1937,0, 1570, False, 0
1938,10, 1580, False, 0
1939,0, 1580, False, 0
1940,0, 1580, False, 0
1941,0, 1580, False, 0
1942,0, 1580, False, 0
1943,0, 1580, False, 0
1944,0, 1580, False, 0
1945,0, 1580, False, 0
1946,0, 1580, False, 0
1947,0, 1580, False, 0
1948,0, 1580, False, 0
1949,0, 1580, False, 0
1950,0, 1580, False, 0
1951,0, 1580, False, 0
1952,10, 1590, False, 0
1953,0, 1590, False, 0
1954,0, 1590, False, 0
1955,0, 1590, False, 0
1956,0, 1590, False, 0
1957,0, 1590, False, 0
1958,0, 1590, False, 0
1959,0, 1590, False, 0
1960,0, 1590, False, 0
1961,0, 1590, False, 0
1962,0, 1590, False, 4
1963,0, 1590, False, 4
1964,0, 1590, False, 4
1965,0, 1590, False, 4
1966,10, 1600, False, 4
1967,0, 1600, False, 4
1968,0, 1600, False, 4
1969,0, 1600, False, 4
1970,0, 1600, False, 4
1971,0, 1600, False, 4
1972,0, 1600, False, 4
1973,0, 1600, False, 4
1974,0, 1600, False, 4
1975,0, 1600, False, 4
1976,0, 1600, False, 4
1977,0, 1600, False, 0
1978,10, 1610, False, 0
1979,0, 1610, False, 0
1980,0, 1610, False, 0
1981,0, 1610, False, 0
1982,0, 1610, False, 0
1983,0, 1610, False, 0
1984,0, 1610, False, 0
1985,0, 1610, False, 0
1986,0, 1610, False, 0
1987,0, 1610, False, 0
1988,0, 1610, False, 0
1989,0, 1610, False, 0
1990,10, 1620, False, 0
1991,0, 1620, False, 0
1992,0, 1620, False, 0
1993,0, 1620, False, 0
1994,0, 1620, False, 0
1995,0, 1620, False, 0
1996,0, 1620, False, 0
1997,0, 1620, False, 0
1998,0, 1620, False, 0
1999,0, 1620, False, 0
2000,0, 1620, False, 0
2001,0, 1620, False, 0
2002,0, 1620, False, 0
2003,0, 1620, False, 0
2004,0, 1620, False, 0
2005,0, 1620, False, 0
2006,0, 1620, False, 0
2007,0, 1620, False, 0
2008,0, 1620, False, 0
2009,0, 1620, False, 0
2010,0, 1620, False, 0
2011,0, 1620, False, 0
2012,0, 1620, False, 0
2013,0, 1620, False, 0
2014,0, 1620, False, 0
2015,0, 1620, False, 0
2016,0, 1620, False, 0
2017,0, 1620, False, 0
2018,0, 1620, False, 0
2019,0, 1620, False, 0
2020,0, 1620, False, 0
2021,0, 1620, False, 0
2022,0, 1620, False, 0
2023,0, 1620, False, 0
2024,0, 1620, False, 0
2025,0, 1620, False, 0
2026,0, 1620, False, 0
2027,0, 1620, False, 0
2028,0, 1620, False, 0
2029,0, 1620, False, 0
2030,0, 1620, False, 0
2031,0, 1620, False, 0
2032,0, 1620, False, 0
2033,0, 1620, False, 0
2034,0, 1620, False, 0
2035,0, 1620, False, 0
2036,0, 1620, False, 0
2037,0, 1620, False, 0
2038,0, 1620, False, 0
2039,0, 1620, False, 0
2040,0, 1620, False, 0
2041,0, 1620, False, 0
2042,0, 1620, False, 0
2043,0, 1620, False, 0
2044,0, 1620, False, 0
2045,0, 1620, False, 0
2046,0, 1620, False, 0
2047,0, 1620, False, 0
2048,0, 1620, False, 0
2049,0, 1620, False, 0
2050,0, 1620, False, 0
2051,0, 1620, False, 0
2052,0, 1620, False, 0
2053,0, 1620, False, 0
2054,0, 1620, False, 0
2055,0, 1620, False, 0
2056,0, 1620, False, 0
2057,0, 1620, False, 0
2058,0, 1620, False, 0
2059,0, 1620, False, 0
2060,0, 1620, False, 0
2061,0, 1620, False, 0
2062,0, 1620, False, 0
2063,0, 1620, False, 0
2064,0, 1620, False, 0
2065,0, 1620, False, 0
2066,0, 1620, False, 0
2067,0, 1620, False, 0
2068,0, 1620, False, 0
2069,0, 1620, False, 0
2070,0, 1620, False, 0
2071,0, 1620, False, 0
2072,0, 1620, False, 0
2073,0, 1620, False, 0
2074,0, 1620, False, 0
2075,0, 1620, False, 0
2076,0, 1620, False, 0
2077,0, 1620, False, 0
2078,0, 1620, False, 0
2079,0, 1620, False, 0
2080,0, 1620, False, 0
2081,0, 1620, False, 0
2082,0, 1620, False, 0
2083,0, 1620, False, 0
2084,0, 1620, False, 0
2085,0, 1620, False, 0
2086,0, 1620, False, 0
2087,0, 1620, False, 0
2088,0, 1620, False, 0
2089,0, 1620, False, 0
2090,0, 1620, False, 0
2091,0, 1620, False, 0
2092,0, 1620, False, 0
2093,0, 1620, False, 0
2094,0, 1620, False, 0
2095,0, 1620, False, 0
2096,0, 1620, False, 0
2097,0, 1620, False, 0
2098,0, 1620, False, 0
2099,0, 1620, False, 0
2100,0, 1620, False, 0
2101,0, 1620, False, 0
2102,0, 1620, False, 0
2103,0, 1620, False, 0
2104,0, 1620, False, 0
2105,0, 1620, False, 0
2106,0, 1620, False, 0
2107,0, 1620, False, 0
2108,0, 1620, False, 0
2109,0, 1620, False, 0
2110,0, 1620, False, 0
2111,0, 1620, False, 0
2112,0, 1620, False, 0
2113,0, 1620, False, 0
2114,0, 1620, False, 0
2115,0, 1620, False, 0
2116,0, 1620, False, 0
2117,0, 1620, False, 0
2118,0, 1620, False, 0
2119,0, 1620, False, 0
2120,0, 1620, False, 0
2121,0, 1620, False, 0
2122,0, 1620, False, 0
2123,0, 1620, False, 0
2124,0, 1620, False, 0
2125,0, 1620, False, 0
2126,0, 1620, False, 0
2127,0, 1620, False, 0
2128,0, 1620, False, 0
2129,0, 1620, False, 0
2130,0, 1620, False, 0
2131,0, 1620, False, 0
2132,0, 1620, False, 0
2133,0, 1620, False, 0
2134,0, 1620, False, 0
2135,0, 1620, False, 0
2136,0, 1620, False, 0
2137,0, 1620, False, 0
2138,0, 1620, False, 0
2139,0, 1620, False, 0
2140,0, 1620, False, 0
2141,0, 1620, False, 0
2142,0, 1620, False, 0
2143,0, 1620, False, 0
2144,0, 1620, False, 0
2145,0, 1620, False, 0
2146,0, 1620, False, 0
2147,0, 1620, False, 0
2148,0, 1620, False, 0
2149,0, 1620, False, 0
2150,0, 1620, False, 0
2151,0, 1620, False, 0
2152,0, 1620, False, 0
2153,0, 1620, False, 0
2154,0, 1620, False, 0
2155,0, 1620, False, 0
2156,0, 1620, False, 0
2157,0, 1620, False, 0
2158,0, 1620, False, 0
2159,0, 1620, False, 0
2160,0, 1620, False, 0
2161,0, 1620, False, 0
2162,0, 1620, False, 0
2163,0, 1620, False, 0
2164,0, 1620, False, 0
2165,0, 1620, False, 0
2166,0, 1620, False, 0
2167,0, 1620, False, 0
2168,0, 1620, False, 0
2169,0, 1620, False, 0
2170,0, 1620, False, 0
2171,0, 1620, False, 0
2172,0, 1620, False, 0
2173,0, 1620, False, 0
2174,0, 1620, False, 0
2175,0, 1620, False, 0
2176,0, 1620, False, 0
2177,0, 1620, False, 0
2178,0, 1620, False, 0
2179,0, 1620, False, 0
2180,0, 1620, False, 0
2181,0, 1620, False, 0
2182,0, 1620, False, 0
2183,0, 1620, False, 0
2184,0, 1620, False, 0
2185,0, 1620, False, 4
2186,0, 1620, False, 4
2187,0, 1620, False, 4
2188,0, 1620, False, 4
2189,0, 1620, False, 4
2190,0, 1620, False, 4
2191,0, 1620, False, 4
2192,0, 1620, False, 4
2193,0, 1620, False, 4
2194,0, 1620, False, 4
2195,0, 1620, False, 0
2196,0, 1620, False, 0
2197,0, 1620, False, 0
2198,0, 1620, False, 0
2199,0, 1620, False, 0
2200,0, 1620, False, 0
2201,0, 1620, False, 0
2202,0, 1620, False, 0
2203,0, 1620, False, 0
2204,0, 1620, False, 0
2205,0, 1620, False, 0
2206,0, 1620, False, 0
2207,0, 1620, False, 0
2208,0, 1620, False, 0
2209,0, 1620, False, 0
2210,0, 1620, False, 0
2211,0, 1620, False, 0
2212,0, 1620, False, 5
2213,0, 1620, False, 5
2214,0, 1620, False, 5
2215,0, 1620, False, 5
2216,0, 1620, False, 5
2217,0, 1620, False, 5
2218,0, 1620, False, 5
2219,0, 1620, False, 5
2220,0, 1620, False, 5
2221,0, 1620, False, 5
2222,0, 1620, False, 5
2223,0, 1620, False, 5
2224,0, 1620, False, 5
2225,0, 1620, False, 5
2226,0, 1620, False, 5
2227,0, 1620, False, 5
2228,0, 1620, False, 5
2229,0, 1620, False, 5
2230,0, 1620, False, 5
2231,0, 1620, False, 5
2232,0, 1620, False, 5
2233,0, 1620, False, 0
2234,0, 1620, False, 0
2235,0, 1620, False, 0
2236,0, 1620, False, 0
2237,0, 1620, False, 0
2238,0, 1620, False, 0
2239,0, 1620, False, 0
2240,0, 1620, False, 5
2241,0, 1620, False, 5
2242,0, 1620, False, 5
2243,0, 1620, False, 5
2244,0, 1620, False, 5
2245,0, 1620, False, 5
2246,0, 1620, False, 5
2247,0, 1620, False, 5
2248,0, 1620, False, 5
2249,0, 1620, False, 5
2250,0, 1620, False, 5
2251,0, 1620, False, 5
2252,0, 1620, False, 5
2253,0, 1620, False, 5
2254,0, 1620, False, 5
2255,0, 1620, False, 5
2256,0, 1620, False, 5
2257,0, 1620, False, 5
2258,0, 1620, False, 5
2259,0, 1620, False, 0
2260,0, 1620, False, 0
2261,0, 1620, False, 0
2262,0, 1620, False, 0
2263,0, 1620, False, 0
2264,0, 1620, False, 0
2265,0, 1620, False, 0
2266,0, 1620, False, 5
2267,0, 1620, False, 5
2268,0, 1620, False, 5
2269,0, 1620, False, 5
2270,0, 1620, False, 5
2271,0, 1620, False, 5
2272,0, 1620, False, 5
2273,0, 1620, False, 5
2274,0, 1620, False, 5
2275,0, 1620, False, 9
2276,0, 1620, False, 9
2277,0, 1620, False, 9
2278,0, 1620, False, 4
2279,0, 1620, False, 4
2280,0, 1620, False, 4
2281,0, 1620, False, 4
2282,0, 1620, False, 0
2283,0, 1620, False, 3
2284,0, 1620, False, 3
2285,0, 1620, False, 3
2286,0, 1620, False, 3
2287,0, 1620, False, 3
2288,0, 1620, False, 8
2289,0, 1620, False, 8
2290,0, 1620, False, 5
2291,0, 1620, False, 5
2292,0, 1620, False, 5
2293,0, 1620, False, 0
2294,0, 1620, False, 0
2295,0, 1620, False, 0
2296,0, 1620, False, 3
2297,0, 1620, False, 3
2298,0, 1620, False, 3
2299,0, 1620, False, 3
2300,0, 1620, False, 3
2301,0, 1620, False, 6
2302,0, 1620, False, 6
2303,0, 1620, False, 6
2304,0, 1620, False, 6
2305,0, 1620, False, 6
2306,0, 1620, False, 6
2307,0, 1620, False, 6
2308,0, 1620, False, 6
2309,0, 1620, False, 6
2310,0, 1620, False, 6
2311,0, 1620, False, 6
2312,0, 1620, False, 0
2313,0, 1620, False, 0
2314,0, 1620, False, 9
2315,0, 1620, False, 0
2316,0, 1620, False, 0
2317,0, 1620, False, 0
2318,0, 1620, False, 0
2319,0, 1620, False, 0
2320,0, 1620, False, 0
2321,0, 1620, False, 0
2322,0, 1620, False, 0
2323,0, 1620, False, 0
2324,0, 1620, False, 0
2325,0, 1620, False, 0
2326,0, 1620, False, 0
2327,0, 1620, False, 0
2328,0, 1620, False, 0
2329,0, 1620, False, 0
2330,0, 1620, False, 0
2331,0, 1620, False, 0
2332,0, 1620, False, 0
2333,0, 1620, False, 0
2334,0, 1620, False, 0
2335,0, 1620, False, 0
2336,0, 1620, False, 0
2337,0, 1620, False, 0
2338,0, 1620, False, 0
2339,0, 1620, False, 0
2340,0, 1620, False, 0
2341,0, 1620, False, 0
2342,0, 1620, False, 0
2343,0, 1620, False, 0
2344,0, 1620, False, 0
2345,0, 1620, False, 0
2346,0, 1620, False, 0
2347,0, 1620, False, 0
2348,0, 1620, False, 0
2349,0, 1620, False, 0
2350,0, 1620, False, 0
2351,0, 1620, False, 0
2352,0, 1620, False, 0
2353,0, 1620, False, 0
2354,0, 1620, False, 0
2355,0, 1620, False, 0
2356,0, 1620, False, 0
2357,0, 1620, False, 0
2358,0, 1620, False, 0
2359,0, 1620, False, 0
2360,0, 1620, False, 0
2361,0, 1620, False, 0
2362,0, 1620, False, 0
2363,0, 1620, False, 0
2364,0, 1620, False, 0
2365,0, 1620, False, 0
2366,0, 1620, False, 0
2367,0, 1620, False, 0
2368,0, 1620, False, 0
2369,0, 1620, False, 0
2370,0, 1620, False, 0
2371,0, 1620, False, 0
2372,0, 1620, False, 0
2373,0, 1620, False, 0
2374,0, 1620, False, 0
2375,0, 1620, False, 0
2376,0, 1620, False, 0
2377,0, 1620, False, 0
2378,0, 1620, False, 0
2379,0, 1620, False, 0
2380,0, 1620, False, 0
2381,0, 1620, False, 0
2382,0, 1620, False, 0
2383,0, 1620, False, 0
2384,0, 1620, False, 0
2385,0, 1620, False, 0
2386,0, 1620, False, 0
2387,0, 1620, False, 0
2388,0, 1620, False, 0
2389,0, 1620, False, 0
2390,0, 1620, False, 0
2391,0, 1620, False, 0
2392,0, 1620, False, 0
2393,0, 1620, False, 0
2394,0, 1620, False, 0
2395,0, 1620, False, 0
2396,0, 1620, False, 0
2397,0, 1620, False, 0
2398,0, 1620, False, 0
2399,0, 1620, False, 0
2400,0, 1620, False, 0
2401,0, 1620, False, 0
2402,0, 1620, False, 0
2403,0, 1620, False, 0
2404,0, 1620, False, 0
2405,0, 1620, False, 0
2406,0, 1620, False, 0
2407,0, 1620, False, 0
2408,0, 1620, False, 0
2409,0, 1620, False, 0
2410,0, 1620, False, 0
2411,0, 1620, False, 0
2412,0, 1620, False, 0
