db traj id : 3443
frame,reward,score,terminal, action
0,0, 0, False, 0
1,0, 0, False, 0
2,0, 0, False, 0
3,0, 0, False, 0
4,0, 0, False, 0
5,0, 0, False, 0
6,0, 0, False, 0
7,0, 0, False, 0
8,0, 0, False, 0
9,0, 0, False, 0
10,0, 0, False, 0
11,0, 0, False, 0
12,0, 0, False, 0
13,0, 0, False, 0
14,0, 0, False, 0
15,0, 0, False, 0
16,0, 0, False, 0
17,0, 0, False, 0
18,0, 0, False, 0
19,0, 0, False, 0
20,0, 0, False, 0
21,0, 0, False, 0
22,0, 0, False, 0
23,0, 0, False, 0
24,0, 0, False, 0
25,0, 0, False, 0
26,0, 0, False, 0
27,0, 0, False, 0
28,0, 0, False, 0
29,0, 0, False, 0
30,0, 0, False, 0
31,0, 0, False, 0
32,0, 0, False, 0
33,0, 0, False, 0
34,0, 0, False, 0
35,0, 0, False, 0
36,0, 0, False, 0
37,0, 0, False, 0
38,0, 0, False, 4
39,0, 0, False, 4
40,0, 0, False, 4
41,0, 0, False, 4
42,0, 0, False, 4
43,0, 0, False, 4
44,0, 0, False, 4
45,0, 0, False, 4
46,0, 0, False, 4
47,0, 0, False, 4
48,0, 0, False, 4
49,0, 0, False, 4
50,0, 0, False, 4
51,0, 0, False, 4
52,0, 0, False, 4
53,0, 0, False, 4
54,0, 0, False, 4
55,0, 0, False, 4
56,0, 0, False, 4
57,0, 0, False, 4
58,0, 0, False, 4
59,0, 0, False, 4
60,0, 0, False, 4
61,0, 0, False, 0
62,0, 0, False, 0
63,0, 0, False, 0
64,0, 0, False, 0
65,0, 0, False, 0
66,0, 0, False, 0
67,0, 0, False, 0
68,0, 0, False, 0
69,0, 0, False, 0
70,0, 0, False, 0
71,0, 0, False, 0
72,0, 0, False, 0
73,0, 0, False, 0
74,0, 0, False, 0
75,0, 0, False, 0
76,0, 0, False, 0
77,0, 0, False, 0
78,0, 0, False, 0
79,0, 0, False, 0
80,0, 0, False, 0
81,0, 0, False, 0
82,0, 0, False, 0
83,0, 0, False, 0
84,0, 0, False, 0
85,0, 0, False, 0
86,0, 0, False, 0
87,0, 0, False, 0
88,0, 0, False, 0
89,0, 0, False, 0
90,0, 0, False, 0
91,0, 0, False, 0
92,0, 0, False, 0
93,0, 0, False, 0
94,0, 0, False, 0
95,0, 0, False, 0
96,0, 0, False, 0
97,0, 0, False, 0
98,0, 0, False, 0
99,0, 0, False, 0
100,0, 0, False, 0
101,0, 0, False, 0
102,0, 0, False, 0
103,0, 0, False, 0
104,0, 0, False, 0
105,0, 0, False, 0
106,0, 0, False, 0
107,0, 0, False, 0
108,0, 0, False, 0
109,0, 0, False, 0
110,0, 0, False, 0
111,0, 0, False, 0
112,0, 0, False, 0
113,0, 0, False, 0
114,0, 0, False, 0
115,0, 0, False, 0
116,0, 0, False, 0
117,0, 0, False, 0
118,0, 0, False, 0
119,0, 0, False, 0
120,0, 0, False, 0
121,0, 0, False, 0
122,0, 0, False, 0
123,0, 0, False, 0
124,0, 0, False, 0
125,0, 0, False, 0
126,0, 0, False, 0
127,0, 0, False, 0
128,0, 0, False, 0
129,0, 0, False, 0
130,0, 0, False, 0
131,0, 0, False, 0
132,0, 0, False, 0
133,0, 0, False, 0
134,0, 0, False, 0
135,0, 0, False, 0
136,0, 0, False, 0
137,0, 0, False, 0
138,0, 0, False, 0
139,0, 0, False, 0
140,0, 0, False, 0
141,0, 0, False, 0
142,0, 0, False, 0
143,0, 0, False, 0
144,0, 0, False, 0
145,0, 0, False, 0
146,0, 0, False, 0
147,0, 0, False, 0
148,0, 0, False, 0
149,0, 0, False, 0
150,0, 0, False, 0
151,0, 0, False, 0
152,0, 0, False, 0
153,0, 0, False, 0
154,0, 0, False, 0
155,0, 0, False, 0
156,0, 0, False, 0
157,0, 0, False, 0
158,0, 0, False, 0
159,0, 0, False, 0
160,0, 0, False, 0
161,0, 0, False, 0
162,0, 0, False, 0
163,0, 0, False, 0
164,0, 0, False, 0
165,0, 0, False, 0
166,0, 0, False, 0
167,0, 0, False, 0
168,0, 0, False, 0
169,0, 0, False, 0
170,0, 0, False, 0
171,0, 0, False, 0
172,0, 0, False, 0
173,0, 0, False, 0
174,0, 0, False, 0
175,0, 0, False, 0
176,0, 0, False, 0
177,0, 0, False, 0
178,0, 0, False, 0
179,0, 0, False, 0
180,0, 0, False, 0
181,0, 0, False, 0
182,0, 0, False, 0
183,0, 0, False, 0
184,0, 0, False, 0
185,0, 0, False, 0
186,0, 0, False, 0
187,0, 0, False, 0
188,0, 0, False, 0
189,0, 0, False, 0
190,0, 0, False, 0
191,0, 0, False, 0
192,0, 0, False, 0
193,0, 0, False, 0
194,0, 0, False, 0
195,0, 0, False, 0
196,0, 0, False, 0
197,0, 0, False, 0
198,0, 0, False, 0
199,0, 0, False, 0
200,0, 0, False, 0
201,0, 0, False, 0
202,0, 0, False, 0
203,0, 0, False, 0
204,0, 0, False, 0
205,0, 0, False, 0
206,0, 0, False, 0
207,0, 0, False, 0
208,0, 0, False, 0
209,0, 0, False, 0
210,0, 0, False, 0
211,0, 0, False, 0
212,0, 0, False, 0
213,0, 0, False, 0
214,0, 0, False, 0
215,0, 0, False, 0
216,0, 0, False, 0
217,0, 0, False, 0
218,0, 0, False, 0
219,0, 0, False, 0
220,0, 0, False, 0
221,0, 0, False, 0
222,0, 0, False, 0
223,0, 0, False, 0
224,0, 0, False, 0
225,0, 0, False, 0
226,0, 0, False, 0
227,0, 0, False, 0
228,0, 0, False, 0
229,0, 0, False, 0
230,0, 0, False, 0
231,0, 0, False, 0
232,0, 0, False, 0
233,0, 0, False, 0
234,0, 0, False, 0
235,0, 0, False, 0
236,0, 0, False, 0
237,0, 0, False, 0
238,0, 0, False, 0
239,0, 0, False, 0
240,0, 0, False, 0
241,0, 0, False, 0
242,0, 0, False, 0
243,0, 0, False, 0
244,0, 0, False, 0
245,0, 0, False, 0
246,0, 0, False, 0
247,0, 0, False, 0
248,0, 0, False, 0
249,0, 0, False, 0
250,0, 0, False, 0
251,0, 0, False, 0
252,0, 0, False, 0
253,0, 0, False, 0
254,0, 0, False, 0
255,0, 0, False, 0
256,0, 0, False, 0
257,0, 0, False, 0
258,0, 0, False, 0
259,0, 0, False, 0
260,0, 0, False, 0
261,0, 0, False, 0
262,0, 0, False, 0
263,0, 0, False, 0
264,0, 0, False, 0
265,0, 0, False, 0
266,0, 0, False, 0
267,0, 0, False, 0
268,0, 0, False, 0
269,0, 0, False, 0
270,0, 0, False, 0
271,0, 0, False, 0
272,0, 0, False, 0
273,0, 0, False, 0
274,10, 10, False, 0
275,0, 10, False, 0
276,0, 10, False, 0
277,0, 10, False, 0
278,0, 10, False, 0
279,0, 10, False, 0
280,0, 10, False, 0
281,0, 10, False, 0
282,0, 10, False, 0
283,0, 10, False, 0
284,0, 10, False, 0
285,0, 10, False, 0
286,0, 10, False, 0
287,0, 10, False, 4
288,10, 20, False, 4
289,0, 20, False, 4
290,0, 20, False, 4
291,0, 20, False, 4
292,0, 20, False, 4
293,0, 20, False, 4
294,0, 20, False, 4
295,0, 20, False, 4
296,0, 20, False, 4
297,0, 20, False, 4
298,0, 20, False, 4
299,0, 20, False, 4
300,0, 20, False, 4
301,0, 20, False, 4
302,10, 30, False, 4
303,0, 30, False, 4
304,0, 30, False, 4
305,0, 30, False, 4
306,0, 30, False, 4
307,0, 30, False, 4
308,0, 30, False, 4
309,0, 30, False, 4
310,0, 30, False, 4
311,0, 30, False, 4
312,0, 30, False, 4
313,0, 30, False, 4
314,10, 40, False, 4
315,0, 40, False, 4
316,0, 40, False, 4
317,0, 40, False, 0
318,0, 40, False, 0
319,0, 40, False, 0
320,0, 40, False, 0
321,0, 40, False, 0
322,0, 40, False, 0
323,0, 40, False, 3
324,0, 40, False, 3
325,0, 40, False, 3
326,0, 40, False, 3
327,0, 40, False, 3
328,0, 40, False, 3
329,0, 40, False, 3
330,0, 40, False, 3
331,0, 40, False, 3
332,0, 40, False, 3
333,0, 40, False, 3
334,0, 40, False, 3
335,0, 40, False, 3
336,0, 40, False, 3
337,0, 40, False, 3
338,0, 40, False, 3
339,0, 40, False, 3
340,0, 40, False, 3
341,0, 40, False, 3
342,0, 40, False, 3
343,0, 40, False, 3
344,0, 40, False, 3
345,0, 40, False, 3
346,0, 40, False, 3
347,0, 40, False, 3
348,0, 40, False, 3
349,0, 40, False, 3
350,0, 40, False, 3
351,0, 40, False, 3
352,0, 40, False, 3
353,0, 40, False, 3
354,0, 40, False, 3
355,0, 40, False, 3
356,0, 40, False, 3
357,0, 40, False, 3
358,0, 40, False, 3
359,0, 40, False, 3
360,0, 40, False, 3
361,0, 40, False, 3
362,0, 40, False, 3
363,0, 40, False, 3
364,0, 40, False, 3
365,0, 40, False, 3
366,0, 40, False, 3
367,0, 40, False, 3
368,0, 40, False, 3
369,0, 40, False, 3
370,0, 40, False, 3
371,0, 40, False, 3
372,10, 50, False, 3
373,0, 50, False, 3
374,0, 50, False, 3
375,0, 50, False, 3
376,0, 50, False, 3
377,0, 50, False, 3
378,0, 50, False, 3
379,0, 50, False, 3
380,0, 50, False, 3
381,0, 50, False, 3
382,0, 50, False, 3
383,0, 50, False, 3
384,0, 50, False, 3
385,0, 50, False, 3
386,10, 60, False, 3
387,0, 60, False, 3
388,0, 60, False, 3
389,0, 60, False, 3
390,0, 60, False, 3
391,0, 60, False, 3
392,0, 60, False, 3
393,0, 60, False, 3
394,0, 60, False, 3
395,0, 60, False, 3
396,0, 60, False, 3
397,0, 60, False, 3
398,10, 70, False, 3
399,0, 70, False, 3
400,0, 70, False, 3
401,0, 70, False, 3
402,0, 70, False, 3
403,0, 70, False, 3
404,0, 70, False, 3
405,0, 70, False, 3
406,0, 70, False, 3
407,0, 70, False, 3
408,0, 70, False, 3
409,0, 70, False, 3
410,0, 70, False, 3
411,0, 70, False, 3
412,10, 80, False, 3
413,0, 80, False, 3
414,0, 80, False, 3
415,0, 80, False, 3
416,0, 80, False, 3
417,0, 80, False, 3
418,0, 80, False, 3
419,0, 80, False, 3
420,0, 80, False, 3
421,0, 80, False, 3
422,0, 80, False, 3
423,0, 80, False, 3
424,0, 80, False, 3
425,0, 80, False, 3
426,10, 90, False, 3
427,0, 90, False, 3
428,0, 90, False, 3
429,0, 90, False, 3
430,0, 90, False, 3
431,0, 90, False, 3
432,0, 90, False, 3
433,0, 90, False, 3
434,0, 90, False, 3
435,0, 90, False, 3
436,0, 90, False, 3
437,0, 90, False, 3
438,10, 100, False, 3
439,0, 100, False, 3
440,0, 100, False, 0
441,0, 100, False, 0
442,0, 100, False, 0
443,0, 100, False, 0
444,0, 100, False, 0
445,0, 100, False, 0
446,0, 100, False, 0
447,0, 100, False, 0
448,0, 100, False, 0
449,0, 100, False, 0
450,0, 100, False, 0
451,0, 100, False, 0
452,0, 100, False, 0
453,0, 100, False, 0
454,0, 100, False, 0
455,0, 100, False, 0
456,0, 100, False, 0
457,0, 100, False, 0
458,0, 100, False, 0
459,0, 100, False, 0
460,0, 100, False, 0
461,0, 100, False, 0
462,0, 100, False, 0
463,0, 100, False, 0
464,0, 100, False, 0
465,0, 100, False, 0
466,0, 100, False, 0
467,0, 100, False, 0
468,0, 100, False, 0
469,0, 100, False, 0
470,0, 100, False, 0
471,0, 100, False, 0
472,0, 100, False, 0
473,0, 100, False, 0
474,0, 100, False, 0
475,0, 100, False, 0
476,0, 100, False, 0
477,0, 100, False, 0
478,0, 100, False, 0
479,0, 100, False, 5
480,0, 100, False, 5
481,0, 100, False, 5
482,0, 100, False, 5
483,0, 100, False, 5
484,0, 100, False, 5
485,0, 100, False, 5
486,10, 110, False, 5
487,0, 110, False, 5
488,0, 110, False, 5
489,0, 110, False, 5
490,0, 110, False, 5
491,0, 110, False, 5
492,0, 110, False, 5
493,0, 110, False, 5
494,0, 110, False, 5
495,0, 110, False, 5
496,0, 110, False, 5
497,0, 110, False, 5
498,0, 110, False, 5
499,0, 110, False, 5
500,10, 120, False, 5
501,0, 120, False, 5
502,0, 120, False, 5
503,0, 120, False, 5
504,0, 120, False, 5
505,0, 120, False, 5
506,0, 120, False, 5
507,0, 120, False, 5
508,0, 120, False, 5
509,0, 120, False, 5
510,0, 120, False, 5
511,0, 120, False, 5
512,0, 120, False, 5
513,0, 120, False, 5
514,10, 130, False, 5
515,0, 130, False, 5
516,0, 130, False, 5
517,0, 130, False, 5
518,0, 130, False, 5
519,0, 130, False, 5
520,0, 130, False, 5
521,0, 130, False, 5
522,0, 130, False, 5
523,0, 130, False, 5
524,0, 130, False, 5
525,0, 130, False, 5
526,0, 130, False, 5
527,0, 130, False, 5
528,10, 140, False, 5
529,0, 140, False, 5
530,0, 140, False, 5
531,0, 140, False, 5
532,0, 140, False, 5
533,0, 140, False, 5
534,0, 140, False, 5
535,0, 140, False, 5
536,0, 140, False, 5
537,0, 140, False, 5
538,0, 140, False, 5
539,0, 140, False, 5
540,0, 140, False, 5
541,0, 140, False, 5
542,10, 150, False, 5
543,0, 150, False, 5
544,0, 150, False, 5
545,0, 150, False, 5
546,0, 150, False, 5
547,0, 150, False, 5
548,0, 150, False, 5
549,0, 150, False, 0
550,0, 150, False, 0
551,0, 150, False, 0
552,0, 150, False, 3
553,0, 150, False, 3
554,0, 150, False, 3
555,0, 150, False, 3
556,0, 150, False, 3
557,0, 150, False, 3
558,0, 150, False, 3
559,0, 150, False, 3
560,10, 160, False, 3
561,0, 160, False, 3
562,0, 160, False, 3
563,0, 160, False, 3
564,0, 160, False, 3
565,0, 160, False, 3
566,0, 160, False, 3
567,0, 160, False, 3
568,0, 160, False, 3
569,0, 160, False, 3
570,0, 160, False, 3
571,0, 160, False, 3
572,0, 160, False, 3
573,0, 160, False, 3
574,10, 170, False, 3
575,0, 170, False, 3
576,0, 170, False, 3
577,0, 170, False, 3
578,0, 170, False, 3
579,0, 170, False, 3
580,0, 170, False, 3
581,0, 170, False, 3
582,0, 170, False, 3
583,0, 170, False, 3
584,0, 170, False, 3
585,0, 170, False, 3
586,10, 180, False, 3
587,0, 180, False, 3
588,0, 180, False, 3
589,0, 180, False, 3
590,0, 180, False, 3
591,0, 180, False, 3
592,0, 180, False, 3
593,0, 180, False, 3
594,0, 180, False, 3
595,0, 180, False, 3
596,0, 180, False, 3
597,0, 180, False, 3
598,0, 180, False, 3
599,0, 180, False, 3
600,0, 180, False, 0
601,0, 180, False, 0
602,0, 180, False, 0
603,0, 180, False, 0
604,0, 180, False, 2
605,0, 180, False, 2
606,0, 180, False, 2
607,0, 180, False, 2
608,0, 180, False, 2
609,0, 180, False, 2
610,0, 180, False, 2
611,0, 180, False, 2
612,0, 180, False, 2
613,0, 180, False, 2
614,50, 230, False, 2
615,0, 230, False, 2
616,0, 230, False, 2
617,0, 230, False, 2
618,0, 230, False, 2
619,0, 230, False, 2
620,0, 230, False, 2
621,0, 230, False, 2
622,0, 230, False, 2
623,0, 230, False, 2
624,0, 230, False, 2
625,0, 230, False, 2
626,0, 230, False, 2
627,0, 230, False, 2
628,10, 240, False, 2
629,0, 240, False, 2
630,0, 240, False, 2
631,0, 240, False, 2
632,0, 240, False, 2
633,0, 240, False, 2
634,0, 240, False, 2
635,0, 240, False, 2
636,0, 240, False, 2
637,0, 240, False, 2
638,0, 240, False, 2
639,0, 240, False, 2
640,0, 240, False, 2
641,0, 240, False, 2
642,10, 250, False, 2
643,0, 250, False, 2
644,0, 250, False, 2
645,0, 250, False, 2
646,0, 250, False, 2
647,0, 250, False, 2
648,0, 250, False, 2
649,0, 250, False, 2
650,0, 250, False, 2
651,0, 250, False, 2
652,0, 250, False, 2
653,0, 250, False, 7
654,0, 250, False, 4
655,0, 250, False, 4
656,0, 250, False, 4
657,0, 250, False, 4
658,0, 250, False, 4
659,0, 250, False, 4
660,0, 250, False, 4
661,0, 250, False, 4
662,10, 260, False, 4
663,0, 260, False, 4
664,0, 260, False, 4
665,0, 260, False, 4
666,0, 260, False, 4
667,0, 260, False, 4
668,0, 260, False, 4
669,0, 260, False, 0
670,0, 260, False, 0
671,0, 260, False, 0
672,0, 260, False, 0
673,0, 260, False, 0
674,10, 270, False, 0
675,0, 270, False, 0
676,0, 270, False, 0
677,0, 270, False, 0
678,0, 270, False, 0
679,0, 270, False, 0
680,0, 270, False, 0
681,0, 270, False, 0
682,0, 270, False, 0
683,0, 270, False, 0
684,0, 270, False, 0
685,0, 270, False, 0
686,0, 270, False, 0
687,0, 270, False, 0
688,0, 270, False, 0
689,0, 270, False, 0
690,0, 270, False, 0
691,0, 270, False, 0
692,0, 270, False, 0
693,0, 270, False, 0
694,0, 270, False, 0
695,0, 270, False, 0
696,0, 270, False, 0
697,0, 270, False, 0
698,0, 270, False, 3
699,0, 270, False, 3
700,0, 270, False, 3
701,0, 270, False, 3
702,0, 270, False, 3
703,0, 270, False, 3
704,0, 270, False, 3
705,0, 270, False, 3
706,0, 270, False, 3
707,0, 270, False, 3
708,0, 270, False, 3
709,0, 270, False, 3
710,0, 270, False, 3
711,0, 270, False, 3
712,0, 270, False, 3
713,0, 270, False, 3
714,0, 270, False, 3
715,0, 270, False, 3
716,0, 270, False, 3
717,0, 270, False, 3
718,0, 270, False, 0
719,0, 270, False, 0
720,0, 270, False, 0
721,0, 270, False, 0
722,0, 270, False, 0
723,0, 270, False, 0
724,0, 270, False, 0
725,0, 270, False, 0
726,0, 270, False, 0
727,0, 270, False, 0
728,0, 270, False, 0
729,0, 270, False, 0
730,0, 270, False, 0
731,0, 270, False, 0
732,0, 270, False, 0
733,0, 270, False, 0
734,0, 270, False, 0
735,0, 270, False, 0
736,0, 270, False, 0
737,0, 270, False, 0
738,0, 270, False, 0
739,0, 270, False, 2
740,0, 270, False, 2
741,0, 270, False, 2
742,0, 270, False, 2
743,0, 270, False, 2
744,0, 270, False, 2
745,0, 270, False, 2
746,0, 270, False, 2
747,0, 270, False, 2
748,0, 270, False, 0
749,0, 270, False, 0
750,0, 270, False, 0
751,0, 270, False, 0
752,0, 270, False, 0
753,0, 270, False, 0
754,0, 270, False, 0
755,0, 270, False, 0
756,0, 270, False, 0
757,0, 270, False, 0
758,0, 270, False, 0
759,0, 270, False, 0
760,0, 270, False, 0
761,0, 270, False, 0
762,0, 270, False, 0
763,0, 270, False, 0
764,0, 270, False, 0
765,0, 270, False, 4
766,0, 270, False, 4
767,0, 270, False, 4
768,0, 270, False, 4
769,0, 270, False, 4
770,0, 270, False, 4
771,0, 270, False, 4
772,0, 270, False, 4
773,0, 270, False, 0
774,0, 270, False, 0
775,0, 270, False, 0
776,0, 270, False, 0
777,0, 270, False, 0
778,0, 270, False, 0
779,0, 270, False, 0
780,0, 270, False, 0
781,0, 270, False, 0
782,0, 270, False, 0
783,0, 270, False, 0
784,0, 270, False, 0
785,0, 270, False, 0
786,0, 270, False, 0
787,0, 270, False, 0
788,0, 270, False, 0
789,0, 270, False, 0
790,0, 270, False, 0
791,0, 270, False, 0
792,0, 270, False, 0
793,0, 270, False, 0
794,0, 270, False, 0
795,0, 270, False, 0
796,0, 270, False, 0
797,0, 270, False, 0
798,0, 270, False, 0
799,0, 270, False, 0
800,0, 270, False, 0
801,0, 270, False, 0
802,0, 270, False, 0
803,0, 270, False, 0
804,0, 270, False, 0
805,0, 270, False, 0
806,0, 270, False, 0
807,0, 270, False, 0
808,0, 270, False, 0
809,0, 270, False, 0
810,0, 270, False, 0
811,0, 270, False, 0
812,0, 270, False, 0
813,0, 270, False, 0
814,0, 270, False, 0
815,0, 270, False, 0
816,0, 270, False, 0
817,0, 270, False, 0
818,0, 270, False, 0
819,0, 270, False, 0
820,0, 270, False, 0
821,0, 270, False, 0
822,0, 270, False, 0
823,0, 270, False, 0
824,0, 270, False, 2
825,0, 270, False, 2
826,0, 270, False, 2
827,0, 270, False, 2
828,0, 270, False, 2
829,0, 270, False, 2
830,0, 270, False, 2
831,0, 270, False, 2
832,0, 270, False, 2
833,0, 270, False, 2
834,0, 270, False, 2
835,0, 270, False, 2
836,0, 270, False, 2
837,0, 270, False, 2
838,0, 270, False, 2
839,0, 270, False, 2
840,0, 270, False, 2
841,0, 270, False, 2
842,0, 270, False, 2
843,0, 270, False, 2
844,0, 270, False, 4
845,0, 270, False, 4
846,0, 270, False, 4
847,0, 270, False, 4
848,0, 270, False, 4
849,0, 270, False, 4
850,0, 270, False, 4
851,0, 270, False, 4
852,0, 270, False, 4
853,0, 270, False, 4
854,0, 270, False, 4
855,0, 270, False, 4
856,0, 270, False, 4
857,0, 270, False, 4
858,0, 270, False, 4
859,0, 270, False, 4
860,0, 270, False, 4
861,0, 270, False, 4
862,0, 270, False, 4
863,0, 270, False, 4
864,0, 270, False, 4
865,0, 270, False, 4
866,0, 270, False, 4
867,0, 270, False, 4
868,0, 270, False, 4
869,0, 270, False, 0
870,0, 270, False, 0
871,0, 270, False, 0
872,0, 270, False, 0
873,0, 270, False, 0
874,0, 270, False, 0
875,0, 270, False, 0
876,0, 270, False, 0
877,0, 270, False, 0
878,0, 270, False, 0
879,0, 270, False, 0
880,0, 270, False, 0
881,0, 270, False, 0
882,0, 270, False, 0
883,0, 270, False, 0
884,0, 270, False, 0
885,0, 270, False, 0
886,0, 270, False, 2
887,0, 270, False, 2
888,0, 270, False, 2
889,0, 270, False, 2
890,0, 270, False, 2
891,0, 270, False, 2
892,0, 270, False, 2
893,0, 270, False, 2
894,0, 270, False, 2
895,0, 270, False, 2
896,0, 270, False, 2
897,0, 270, False, 2
898,0, 270, False, 2
899,0, 270, False, 2
900,0, 270, False, 2
901,0, 270, False, 2
902,0, 270, False, 2
903,0, 270, False, 2
904,0, 270, False, 2
905,0, 270, False, 2
906,0, 270, False, 2
907,0, 270, False, 2
908,0, 270, False, 2
909,0, 270, False, 2
910,0, 270, False, 0
911,0, 270, False, 0
912,0, 270, False, 0
913,0, 270, False, 0
914,0, 270, False, 0
915,0, 270, False, 0
916,0, 270, False, 0
917,0, 270, False, 0
918,0, 270, False, 0
919,0, 270, False, 0
920,0, 270, False, 0
921,0, 270, False, 0
922,0, 270, False, 0
923,0, 270, False, 0
924,0, 270, False, 0
925,0, 270, False, 0
926,0, 270, False, 0
927,0, 270, False, 0
928,0, 270, False, 0
929,0, 270, False, 0
930,0, 270, False, 0
931,0, 270, False, 0
932,0, 270, False, 3
933,0, 270, False, 3
934,0, 270, False, 3
935,0, 270, False, 0
936,0, 270, False, 0
937,0, 270, False, 0
938,0, 270, False, 0
939,0, 270, False, 0
940,0, 270, False, 0
941,0, 270, False, 0
942,0, 270, False, 0
943,0, 270, False, 0
944,0, 270, False, 2
945,0, 270, False, 2
946,0, 270, False, 2
947,0, 270, False, 2
948,0, 270, False, 2
949,0, 270, False, 2
950,0, 270, False, 2
951,0, 270, False, 2
952,0, 270, False, 2
953,0, 270, False, 2
954,0, 270, False, 2
955,0, 270, False, 2
956,0, 270, False, 0
957,0, 270, False, 0
958,0, 270, False, 0
959,0, 270, False, 0
960,0, 270, False, 0
961,0, 270, False, 0
962,0, 270, False, 0
963,0, 270, False, 0
964,0, 270, False, 0
965,0, 270, False, 0
966,0, 270, False, 0
967,0, 270, False, 0
968,0, 270, False, 0
969,0, 270, False, 0
970,0, 270, False, 0
971,0, 270, False, 0
972,0, 270, False, 0
973,0, 270, False, 0
974,0, 270, False, 0
975,0, 270, False, 0
976,0, 270, False, 0
977,0, 270, False, 0
978,0, 270, False, 4
979,0, 270, False, 4
980,0, 270, False, 4
981,0, 270, False, 4
982,0, 270, False, 4
983,0, 270, False, 4
984,0, 270, False, 4
985,0, 270, False, 4
986,0, 270, False, 4
987,0, 270, False, 4
988,0, 270, False, 4
989,0, 270, False, 4
990,0, 270, False, 4
991,0, 270, False, 4
992,0, 270, False, 4
993,0, 270, False, 4
994,0, 270, False, 4
995,0, 270, False, 4
996,0, 270, False, 4
997,0, 270, False, 4
998,0, 270, False, 4
999,0, 270, False, 4
1000,0, 270, False, 4
1001,0, 270, False, 4
1002,0, 270, False, 4
1003,0, 270, False, 0
1004,0, 270, False, 0
1005,0, 270, False, 0
1006,0, 270, False, 0
1007,0, 270, False, 0
1008,0, 270, False, 0
1009,0, 270, False, 0
1010,0, 270, False, 0
1011,0, 270, False, 0
1012,0, 270, False, 0
1013,0, 270, False, 0
1014,0, 270, False, 0
1015,0, 270, False, 0
1016,0, 270, False, 0
1017,0, 270, False, 0
1018,0, 270, False, 0
1019,0, 270, False, 0
1020,0, 270, False, 0
1021,0, 270, False, 0
1022,0, 270, False, 0
1023,0, 270, False, 0
1024,0, 270, False, 0
1025,0, 270, False, 0
1026,0, 270, False, 0
1027,0, 270, False, 0
1028,0, 270, False, 0
1029,0, 270, False, 0
1030,0, 270, False, 0
1031,0, 270, False, 0
1032,0, 270, False, 2
1033,0, 270, False, 2
1034,0, 270, False, 2
1035,0, 270, False, 2
1036,0, 270, False, 2
1037,0, 270, False, 2
1038,0, 270, False, 2
1039,0, 270, False, 2
1040,0, 270, False, 2
1041,0, 270, False, 2
1042,0, 270, False, 2
1043,0, 270, False, 2
1044,10, 280, False, 2
1045,0, 280, False, 2
1046,0, 280, False, 2
1047,0, 280, False, 2
1048,0, 280, False, 2
1049,0, 280, False, 2
1050,0, 280, False, 2
1051,0, 280, False, 2
1052,0, 280, False, 2
1053,0, 280, False, 2
1054,0, 280, False, 2
1055,0, 280, False, 2
1056,0, 280, False, 2
1057,0, 280, False, 2
1058,10, 290, False, 2
1059,0, 290, False, 2
1060,0, 290, False, 2
1061,0, 290, False, 2
1062,0, 290, False, 2
1063,0, 290, False, 2
1064,0, 290, False, 2
1065,0, 290, False, 2
1066,0, 290, False, 2
1067,0, 290, False, 2
1068,0, 290, False, 2
1069,0, 290, False, 2
1070,0, 290, False, 2
1071,0, 290, False, 2
1072,10, 300, False, 2
1073,0, 300, False, 2
1074,0, 300, False, 2
1075,0, 300, False, 2
1076,0, 300, False, 2
1077,0, 300, False, 2
1078,0, 300, False, 2
1079,0, 300, False, 2
1080,0, 300, False, 2
1081,0, 300, False, 2
1082,0, 300, False, 2
1083,0, 300, False, 2
1084,0, 300, False, 2
1085,0, 300, False, 2
1086,10, 310, False, 2
1087,0, 310, False, 2
1088,0, 310, False, 2
1089,0, 310, False, 2
1090,0, 310, False, 2
1091,0, 310, False, 2
1092,0, 310, False, 2
1093,0, 310, False, 2
1094,0, 310, False, 2
1095,0, 310, False, 2
1096,0, 310, False, 2
1097,0, 310, False, 2
1098,0, 310, False, 2
1099,0, 310, False, 0
1100,10, 320, False, 0
1101,0, 320, False, 0
1102,0, 320, False, 0
1103,0, 320, False, 0
1104,0, 320, False, 0
1105,0, 320, False, 0
1106,0, 320, False, 0
1107,0, 320, False, 0
1108,0, 320, False, 0
1109,0, 320, False, 0
1110,0, 320, False, 0
1111,0, 320, False, 0
1112,0, 320, False, 0
1113,0, 320, False, 0
1114,10, 330, False, 0
1115,0, 330, False, 0
1116,0, 330, False, 0
1117,0, 330, False, 0
1118,0, 330, False, 0
1119,0, 330, False, 0
1120,0, 330, False, 0
1121,0, 330, False, 0
1122,0, 330, False, 0
1123,0, 330, False, 0
1124,0, 330, False, 0
1125,0, 330, False, 3
1126,0, 330, False, 3
1127,0, 330, False, 3
1128,0, 330, False, 3
1129,0, 330, False, 3
1130,0, 330, False, 3
1131,0, 330, False, 3
1132,10, 340, False, 3
1133,0, 340, False, 3
1134,0, 340, False, 3
1135,0, 340, False, 3
1136,0, 340, False, 3
1137,0, 340, False, 3
1138,0, 340, False, 3
1139,0, 340, False, 3
1140,0, 340, False, 3
1141,0, 340, False, 3
1142,0, 340, False, 3
1143,0, 340, False, 3
1144,0, 340, False, 3
1145,0, 340, False, 3
1146,10, 350, False, 3
1147,0, 350, False, 3
1148,0, 350, False, 3
1149,0, 350, False, 3
1150,0, 350, False, 3
1151,0, 350, False, 3
1152,0, 350, False, 3
1153,0, 350, False, 3
1154,0, 350, False, 3
1155,0, 350, False, 3
1156,0, 350, False, 3
1157,0, 350, False, 3
1158,0, 350, False, 3
1159,0, 350, False, 3
1160,0, 350, False, 3
1161,0, 350, False, 3
1162,0, 350, False, 3
1163,0, 350, False, 3
1164,10, 360, False, 3
1165,0, 360, False, 3
1166,0, 360, False, 3
1167,0, 360, False, 3
1168,0, 360, False, 3
1169,0, 360, False, 3
1170,0, 360, False, 3
1171,0, 360, False, 3
1172,0, 360, False, 3
1173,0, 360, False, 3
1174,0, 360, False, 3
1175,0, 360, False, 3
1176,0, 360, False, 3
1177,0, 360, False, 3
1178,10, 370, False, 3
1179,0, 370, False, 3
1180,0, 370, False, 3
1181,0, 370, False, 3
1182,0, 370, False, 3
1183,0, 370, False, 3
1184,0, 370, False, 3
1185,0, 370, False, 3
1186,0, 370, False, 3
1187,0, 370, False, 3
1188,0, 370, False, 3
1189,0, 370, False, 3
1190,10, 380, False, 3
1191,0, 380, False, 3
1192,0, 380, False, 3
1193,0, 380, False, 3
1194,0, 380, False, 3
1195,0, 380, False, 3
1196,0, 380, False, 3
1197,0, 380, False, 3
1198,0, 380, False, 0
1199,0, 380, False, 0
1200,0, 380, False, 0
1201,0, 380, False, 0
1202,0, 380, False, 0
1203,0, 380, False, 0
1204,10, 390, False, 0
1205,0, 390, False, 0
1206,0, 390, False, 0
1207,0, 390, False, 0
1208,0, 390, False, 0
1209,0, 390, False, 0
1210,0, 390, False, 0
1211,0, 390, False, 0
1212,0, 390, False, 0
1213,0, 390, False, 0
1214,0, 390, False, 0
1215,0, 390, False, 0
1216,0, 390, False, 0
1217,0, 390, False, 0
1218,10, 400, False, 0
1219,0, 400, False, 0
1220,0, 400, False, 0
1221,0, 400, False, 0
1222,0, 400, False, 3
1223,0, 400, False, 3
1224,0, 400, False, 3
1225,0, 400, False, 3
1226,0, 400, False, 3
1227,0, 400, False, 3
1228,0, 400, False, 3
1229,0, 400, False, 3
1230,10, 410, False, 3
1231,0, 410, False, 3
1232,0, 410, False, 3
1233,0, 410, False, 3
1234,0, 410, False, 3
1235,0, 410, False, 3
1236,0, 410, False, 3
1237,0, 410, False, 3
1238,0, 410, False, 3
1239,0, 410, False, 3
1240,0, 410, False, 0
1241,0, 410, False, 0
1242,0, 410, False, 0
1243,0, 410, False, 0
1244,10, 420, False, 0
1245,0, 420, False, 0
1246,0, 420, False, 0
1247,0, 420, False, 0
1248,0, 420, False, 0
1249,0, 420, False, 0
1250,0, 420, False, 0
1251,0, 420, False, 0
1252,0, 420, False, 0
1253,0, 420, False, 0
1254,0, 420, False, 0
1255,0, 420, False, 0
1256,0, 420, False, 0
1257,0, 420, False, 0
1258,10, 430, False, 0
1259,0, 430, False, 0
1260,0, 430, False, 0
1261,0, 430, False, 0
1262,0, 430, False, 0
1263,0, 430, False, 0
1264,0, 430, False, 0
1265,0, 430, False, 0
1266,0, 430, False, 0
1267,0, 430, False, 0
1268,0, 430, False, 0
1269,0, 430, False, 0
1270,10, 440, False, 0
1271,0, 440, False, 0
1272,0, 440, False, 0
1273,0, 440, False, 0
1274,0, 440, False, 0
1275,0, 440, False, 0
1276,0, 440, False, 0
1277,0, 440, False, 0
1278,0, 440, False, 0
1279,0, 440, False, 0
1280,0, 440, False, 2
1281,0, 440, False, 2
1282,0, 440, False, 2
1283,0, 440, False, 2
1284,0, 440, False, 2
1285,0, 440, False, 2
1286,0, 440, False, 2
1287,0, 440, False, 2
1288,0, 440, False, 2
1289,0, 440, False, 2
1290,0, 440, False, 2
1291,0, 440, False, 2
1292,0, 440, False, 0
1293,0, 440, False, 0
1294,0, 440, False, 0
1295,0, 440, False, 0
1296,50, 490, False, 0
1297,0, 490, False, 0
1298,0, 490, False, 0
1299,0, 490, False, 0
1300,0, 490, False, 0
1301,0, 490, False, 0
1302,0, 490, False, 0
1303,0, 490, False, 0
1304,10, 500, False, 0
1305,0, 500, False, 0
1306,0, 500, False, 0
1307,0, 500, False, 0
1308,0, 500, False, 0
1309,0, 500, False, 4
1310,0, 500, False, 4
1311,0, 500, False, 4
1312,0, 500, False, 4
1313,0, 500, False, 4
1314,0, 500, False, 4
1315,0, 500, False, 4
1316,0, 500, False, 0
1317,0, 500, False, 0
1318,10, 510, False, 0
1319,0, 510, False, 0
1320,0, 510, False, 0
1321,0, 510, False, 0
1322,0, 510, False, 0
1323,0, 510, False, 0
1324,0, 510, False, 0
1325,0, 510, False, 0
1326,0, 510, False, 0
1327,0, 510, False, 0
1328,0, 510, False, 0
1329,0, 510, False, 0
1330,0, 510, False, 0
1331,0, 510, False, 0
1332,10, 520, False, 0
1333,0, 520, False, 0
1334,0, 520, False, 0
1335,0, 520, False, 0
1336,0, 520, False, 0
1337,0, 520, False, 0
1338,0, 520, False, 0
1339,0, 520, False, 0
1340,0, 520, False, 0
1341,0, 520, False, 0
1342,0, 520, False, 0
1343,0, 520, False, 0
1344,0, 520, False, 0
1345,0, 520, False, 0
1346,10, 530, False, 0
1347,0, 530, False, 0
1348,0, 530, False, 0
1349,0, 530, False, 0
1350,0, 530, False, 0
1351,0, 530, False, 0
1352,0, 530, False, 0
1353,0, 530, False, 0
1354,0, 530, False, 0
1355,0, 530, False, 0
1356,0, 530, False, 0
1357,0, 530, False, 0
1358,0, 530, False, 0
1359,0, 530, False, 0
1360,0, 530, False, 0
1361,0, 530, False, 0
1362,0, 530, False, 0
1363,0, 530, False, 0
1364,0, 530, False, 0
1365,0, 530, False, 0
1366,0, 530, False, 0
1367,0, 530, False, 0
1368,0, 530, False, 0
1369,0, 530, False, 0
1370,0, 530, False, 0
1371,0, 530, False, 0
1372,0, 530, False, 0
1373,0, 530, False, 0
1374,0, 530, False, 0
1375,0, 530, False, 0
1376,0, 530, False, 0
1377,0, 530, False, 0
1378,0, 530, False, 0
1379,0, 530, False, 0
1380,0, 530, False, 0
1381,0, 530, False, 0
1382,0, 530, False, 0
1383,0, 530, False, 0
1384,0, 530, False, 0
1385,0, 530, False, 0
1386,0, 530, False, 0
1387,0, 530, False, 3
1388,0, 530, False, 3
1389,0, 530, False, 3
1390,0, 530, False, 3
1391,0, 530, False, 3
1392,0, 530, False, 3
1393,0, 530, False, 3
1394,0, 530, False, 3
1395,0, 530, False, 3
1396,0, 530, False, 3
1397,0, 530, False, 3
1398,0, 530, False, 3
1399,0, 530, False, 3
1400,0, 530, False, 3
1401,0, 530, False, 3
1402,0, 530, False, 3
1403,0, 530, False, 3
1404,0, 530, False, 3
1405,0, 530, False, 3
1406,0, 530, False, 3
1407,0, 530, False, 3
1408,0, 530, False, 3
1409,0, 530, False, 3
1410,0, 530, False, 0
1411,0, 530, False, 0
1412,0, 530, False, 0
1413,0, 530, False, 0
1414,0, 530, False, 0
1415,0, 530, False, 0
1416,0, 530, False, 0
1417,0, 530, False, 0
1418,0, 530, False, 0
1419,0, 530, False, 0
1420,0, 530, False, 0
1421,0, 530, False, 0
1422,0, 530, False, 0
1423,0, 530, False, 0
1424,0, 530, False, 0
1425,0, 530, False, 0
1426,0, 530, False, 0
1427,0, 530, False, 0
1428,0, 530, False, 0
1429,0, 530, False, 0
1430,0, 530, False, 0
1431,0, 530, False, 0
1432,0, 530, False, 0
1433,0, 530, False, 0
1434,0, 530, False, 0
1435,0, 530, False, 0
1436,0, 530, False, 0
1437,0, 530, False, 0
1438,0, 530, False, 0
1439,0, 530, False, 0
1440,0, 530, False, 0
1441,0, 530, False, 0
1442,0, 530, False, 5
1443,0, 530, False, 5
1444,0, 530, False, 5
1445,0, 530, False, 5
1446,0, 530, False, 5
1447,0, 530, False, 5
1448,0, 530, False, 5
1449,0, 530, False, 5
1450,0, 530, False, 0
1451,0, 530, False, 0
1452,0, 530, False, 0
1453,0, 530, False, 0
1454,0, 530, False, 0
1455,0, 530, False, 0
1456,0, 530, False, 0
1457,0, 530, False, 0
1458,0, 530, False, 0
1459,0, 530, False, 4
1460,0, 530, False, 4
1461,0, 530, False, 4
1462,0, 530, False, 4
1463,0, 530, False, 4
1464,0, 530, False, 4
1465,0, 530, False, 4
1466,0, 530, False, 4
1467,0, 530, False, 4
1468,0, 530, False, 0
1469,0, 530, False, 0
1470,0, 530, False, 0
1471,0, 530, False, 0
1472,0, 530, False, 0
1473,0, 530, False, 0
1474,0, 530, False, 0
1475,0, 530, False, 0
1476,0, 530, False, 0
1477,0, 530, False, 0
1478,0, 530, False, 0
1479,0, 530, False, 0
1480,0, 530, False, 0
1481,0, 530, False, 0
1482,0, 530, False, 0
1483,0, 530, False, 0
1484,0, 530, False, 0
1485,0, 530, False, 0
1486,0, 530, False, 0
1487,0, 530, False, 0
1488,0, 530, False, 0
1489,0, 530, False, 0
1490,0, 530, False, 0
1491,0, 530, False, 0
1492,0, 530, False, 0
1493,0, 530, False, 0
1494,0, 530, False, 0
1495,0, 530, False, 0
1496,0, 530, False, 0
1497,0, 530, False, 0
1498,0, 530, False, 0
1499,0, 530, False, 0
1500,0, 530, False, 0
1501,0, 530, False, 2
1502,0, 530, False, 2
1503,0, 530, False, 2
1504,0, 530, False, 2
1505,0, 530, False, 2
1506,0, 530, False, 2
1507,0, 530, False, 2
1508,0, 530, False, 2
1509,0, 530, False, 2
1510,0, 530, False, 2
1511,0, 530, False, 2
1512,0, 530, False, 2
1513,0, 530, False, 0
1514,0, 530, False, 0
1515,0, 530, False, 0
1516,0, 530, False, 0
1517,0, 530, False, 0
1518,0, 530, False, 0
1519,0, 530, False, 0
1520,0, 530, False, 0
1521,0, 530, False, 0
1522,0, 530, False, 0
1523,0, 530, False, 0
1524,0, 530, False, 0
1525,0, 530, False, 0
1526,0, 530, False, 0
1527,0, 530, False, 0
1528,0, 530, False, 0
1529,0, 530, False, 0
1530,0, 530, False, 0
1531,0, 530, False, 0
1532,0, 530, False, 0
1533,0, 530, False, 0
1534,0, 530, False, 0
1535,0, 530, False, 0
1536,0, 530, False, 3
1537,0, 530, False, 3
1538,0, 530, False, 3
1539,0, 530, False, 3
1540,0, 530, False, 3
1541,0, 530, False, 3
1542,0, 530, False, 3
1543,0, 530, False, 3
1544,0, 530, False, 3
1545,0, 530, False, 3
1546,0, 530, False, 3
1547,0, 530, False, 3
1548,0, 530, False, 3
1549,0, 530, False, 3
1550,0, 530, False, 3
1551,0, 530, False, 3
1552,0, 530, False, 3
1553,0, 530, False, 3
1554,0, 530, False, 0
1555,0, 530, False, 0
1556,0, 530, False, 0
1557,0, 530, False, 0
1558,0, 530, False, 0
1559,0, 530, False, 0
1560,0, 530, False, 0
1561,0, 530, False, 0
1562,0, 530, False, 0
1563,0, 530, False, 0
1564,0, 530, False, 0
1565,0, 530, False, 0
1566,0, 530, False, 0
1567,0, 530, False, 0
1568,0, 530, False, 0
1569,0, 530, False, 0
1570,0, 530, False, 0
1571,0, 530, False, 2
1572,0, 530, False, 2
1573,0, 530, False, 2
1574,0, 530, False, 2
1575,0, 530, False, 2
1576,0, 530, False, 2
1577,0, 530, False, 2
1578,0, 530, False, 2
1579,0, 530, False, 2
1580,0, 530, False, 2
1581,0, 530, False, 2
1582,0, 530, False, 2
1583,0, 530, False, 2
1584,0, 530, False, 0
1585,0, 530, False, 0
1586,10, 540, False, 0
1587,0, 540, False, 0
1588,0, 540, False, 0
1589,0, 540, False, 0
1590,0, 540, False, 0
1591,0, 540, False, 0
1592,0, 540, False, 0
1593,0, 540, False, 0
1594,0, 540, False, 0
1595,0, 540, False, 0
1596,0, 540, False, 0
1597,0, 540, False, 0
1598,0, 540, False, 0
1599,0, 540, False, 0
1600,0, 540, False, 0
1601,0, 540, False, 0
1602,0, 540, False, 0
1603,0, 540, False, 0
1604,0, 540, False, 0
1605,0, 540, False, 0
1606,0, 540, False, 0
1607,0, 540, False, 0
1608,0, 540, False, 0
1609,0, 540, False, 0
1610,0, 540, False, 0
1611,0, 540, False, 0
1612,0, 540, False, 0
1613,0, 540, False, 5
1614,0, 540, False, 5
1615,0, 540, False, 5
1616,0, 540, False, 5
1617,0, 540, False, 5
1618,0, 540, False, 5
1619,0, 540, False, 5
1620,0, 540, False, 5
1621,0, 540, False, 5
1622,0, 540, False, 5
1623,0, 540, False, 5
1624,0, 540, False, 5
1625,0, 540, False, 5
1626,0, 540, False, 5
1627,0, 540, False, 5
1628,0, 540, False, 5
1629,0, 540, False, 5
1630,0, 540, False, 5
1631,0, 540, False, 5
1632,0, 540, False, 5
1633,0, 540, False, 5
1634,0, 540, False, 5
1635,0, 540, False, 5
1636,0, 540, False, 5
1637,0, 540, False, 5
1638,0, 540, False, 5
1639,0, 540, False, 5
1640,0, 540, False, 5
1641,0, 540, False, 5
1642,0, 540, False, 5
1643,0, 540, False, 0
1644,10, 550, False, 0
1645,0, 550, False, 0
1646,0, 550, False, 0
1647,0, 550, False, 0
1648,0, 550, False, 0
1649,0, 550, False, 0
1650,0, 550, False, 0
1651,0, 550, False, 0
1652,0, 550, False, 0
1653,0, 550, False, 0
1654,0, 550, False, 0
1655,0, 550, False, 0
1656,0, 550, False, 0
1657,0, 550, False, 0
1658,10, 560, False, 0
1659,0, 560, False, 0
1660,0, 560, False, 0
1661,0, 560, False, 0
1662,0, 560, False, 0
1663,0, 560, False, 0
1664,0, 560, False, 0
1665,0, 560, False, 0
1666,0, 560, False, 0
1667,0, 560, False, 0
1668,0, 560, False, 4
1669,0, 560, False, 4
1670,0, 560, False, 4
1671,0, 560, False, 4
1672,0, 560, False, 4
1673,0, 560, False, 4
1674,0, 560, False, 4
1675,0, 560, False, 4
1676,0, 560, False, 4
1677,0, 560, False, 4
1678,10, 570, False, 4
1679,0, 570, False, 4
1680,0, 570, False, 4
1681,0, 570, False, 4
1682,0, 570, False, 4
1683,0, 570, False, 4
1684,0, 570, False, 4
1685,0, 570, False, 4
1686,0, 570, False, 0
1687,0, 570, False, 0
1688,0, 570, False, 0
1689,0, 570, False, 0
1690,10, 580, False, 0
1691,0, 580, False, 0
1692,0, 580, False, 0
1693,0, 580, False, 0
1694,0, 580, False, 0
1695,0, 580, False, 0
1696,0, 580, False, 0
1697,0, 580, False, 0
1698,0, 580, False, 0
1699,0, 580, False, 0
1700,0, 580, False, 0
1701,0, 580, False, 0
1702,0, 580, False, 0
1703,0, 580, False, 2
1704,10, 590, False, 2
1705,0, 590, False, 2
1706,0, 590, False, 2
1707,0, 590, False, 2
1708,0, 590, False, 2
1709,0, 590, False, 2
1710,0, 590, False, 2
1711,0, 590, False, 2
1712,0, 590, False, 2
1713,0, 590, False, 2
1714,0, 590, False, 2
1715,0, 590, False, 2
1716,0, 590, False, 0
1717,0, 590, False, 0
1718,0, 590, False, 0
1719,0, 590, False, 0
1720,10, 600, False, 0
1721,0, 600, False, 0
1722,0, 600, False, 0
1723,0, 600, False, 0
1724,0, 600, False, 0
1725,0, 600, False, 0
1726,0, 600, False, 0
1727,0, 600, False, 0
1728,0, 600, False, 0
1729,0, 600, False, 0
1730,0, 600, False, 0
1731,0, 600, False, 0
1732,0, 600, False, 0
1733,0, 600, False, 0
1734,0, 600, False, 0
1735,0, 600, False, 0
1736,0, 600, False, 5
1737,0, 600, False, 5
1738,0, 600, False, 5
1739,0, 600, False, 5
1740,0, 600, False, 5
1741,0, 600, False, 5
1742,0, 600, False, 5
1743,0, 600, False, 5
1744,0, 600, False, 5
1745,0, 600, False, 5
1746,0, 600, False, 5
1747,0, 600, False, 5
1748,0, 600, False, 5
1749,0, 600, False, 5
1750,0, 600, False, 5
1751,0, 600, False, 5
1752,0, 600, False, 5
1753,0, 600, False, 5
1754,0, 600, False, 5
1755,0, 600, False, 5
1756,0, 600, False, 5
1757,0, 600, False, 5
1758,0, 600, False, 5
1759,0, 600, False, 5
1760,0, 600, False, 5
1761,0, 600, False, 5
1762,0, 600, False, 5
1763,0, 600, False, 5
1764,0, 600, False, 5
1765,0, 600, False, 5
1766,0, 600, False, 5
1767,0, 600, False, 5
1768,10, 610, False, 5
1769,0, 610, False, 0
1770,0, 610, False, 0
1771,0, 610, False, 0
1772,0, 610, False, 0
1773,0, 610, False, 0
1774,0, 610, False, 0
1775,0, 610, False, 0
1776,0, 610, False, 0
1777,0, 610, False, 0
1778,0, 610, False, 0
1779,0, 610, False, 0
1780,0, 610, False, 0
1781,0, 610, False, 0
1782,10, 620, False, 0
1783,0, 620, False, 0
1784,0, 620, False, 0
1785,0, 620, False, 0
1786,0, 620, False, 0
1787,0, 620, False, 0
1788,0, 620, False, 0
1789,0, 620, False, 0
1790,0, 620, False, 0
1791,0, 620, False, 0
1792,0, 620, False, 0
1793,0, 620, False, 0
1794,0, 620, False, 0
1795,0, 620, False, 0
1796,10, 630, False, 0
1797,0, 630, False, 0
1798,0, 630, False, 0
1799,0, 630, False, 0
1800,0, 630, False, 0
1801,0, 630, False, 0
1802,0, 630, False, 0
1803,0, 630, False, 2
1804,0, 630, False, 2
1805,0, 630, False, 2
1806,0, 630, False, 2
1807,0, 630, False, 2
1808,0, 630, False, 2
1809,0, 630, False, 2
1810,0, 630, False, 0
1811,0, 630, False, 0
1812,0, 630, False, 0
1813,0, 630, False, 0
1814,0, 630, False, 0
1815,0, 630, False, 0
1816,0, 630, False, 0
1817,0, 630, False, 0
1818,0, 630, False, 0
1819,0, 630, False, 0
1820,0, 630, False, 0
1821,0, 630, False, 0
1822,0, 630, False, 0
1823,0, 630, False, 0
1824,0, 630, False, 0
1825,0, 630, False, 0
1826,0, 630, False, 0
1827,0, 630, False, 3
1828,0, 630, False, 3
1829,0, 630, False, 3
1830,0, 630, False, 3
1831,0, 630, False, 3
1832,0, 630, False, 3
1833,0, 630, False, 3
1834,0, 630, False, 3
1835,0, 630, False, 3
1836,0, 630, False, 3
1837,0, 630, False, 3
1838,0, 630, False, 3
1839,0, 630, False, 0
1840,0, 630, False, 0
1841,0, 630, False, 0
1842,0, 630, False, 0
1843,0, 630, False, 0
1844,0, 630, False, 0
1845,0, 630, False, 0
1846,0, 630, False, 5
1847,0, 630, False, 5
1848,0, 630, False, 5
1849,0, 630, False, 5
1850,0, 630, False, 5
1851,0, 630, False, 5
1852,0, 630, False, 5
1853,0, 630, False, 5
1854,0, 630, False, 5
1855,0, 630, False, 5
1856,0, 630, False, 5
1857,0, 630, False, 5
1858,0, 630, False, 5
1859,0, 630, False, 5
1860,0, 630, False, 5
1861,0, 630, False, 5
1862,0, 630, False, 5
1863,0, 630, False, 5
1864,0, 630, False, 5
1865,0, 630, False, 5
1866,0, 630, False, 5
1867,0, 630, False, 0
1868,0, 630, False, 0
1869,0, 630, False, 0
1870,0, 630, False, 0
1871,0, 630, False, 0
1872,0, 630, False, 0
1873,0, 630, False, 0
1874,0, 630, False, 0
1875,0, 630, False, 0
1876,0, 630, False, 0
1877,0, 630, False, 0
1878,0, 630, False, 0
1879,0, 630, False, 0
1880,0, 630, False, 0
1881,0, 630, False, 0
1882,0, 630, False, 0
1883,0, 630, False, 0
1884,0, 630, False, 0
1885,0, 630, False, 0
1886,0, 630, False, 0
1887,0, 630, False, 0
1888,0, 630, False, 0
1889,0, 630, False, 0
1890,0, 630, False, 0
1891,0, 630, False, 0
1892,0, 630, False, 0
1893,0, 630, False, 0
1894,0, 630, False, 0
1895,0, 630, False, 0
1896,0, 630, False, 0
1897,0, 630, False, 0
1898,0, 630, False, 0
1899,0, 630, False, 0
1900,0, 630, False, 0
1901,0, 630, False, 0
1902,0, 630, False, 0
1903,0, 630, False, 4
1904,0, 630, False, 4
1905,0, 630, False, 4
1906,0, 630, False, 4
1907,0, 630, False, 4
1908,0, 630, False, 4
1909,0, 630, False, 4
1910,0, 630, False, 4
1911,0, 630, False, 4
1912,0, 630, False, 4
1913,0, 630, False, 4
1914,0, 630, False, 4
1915,0, 630, False, 4
1916,0, 630, False, 4
1917,0, 630, False, 4
1918,0, 630, False, 4
1919,0, 630, False, 4
1920,0, 630, False, 0
1921,0, 630, False, 0
1922,0, 630, False, 0
1923,0, 630, False, 0
1924,0, 630, False, 0
1925,0, 630, False, 0
1926,0, 630, False, 0
1927,0, 630, False, 0
1928,0, 630, False, 0
1929,0, 630, False, 0
1930,0, 630, False, 0
1931,0, 630, False, 0
1932,0, 630, False, 3
1933,0, 630, False, 3
1934,0, 630, False, 3
1935,0, 630, False, 3
1936,0, 630, False, 3
1937,0, 630, False, 3
1938,0, 630, False, 3
1939,0, 630, False, 3
1940,0, 630, False, 3
1941,0, 630, False, 3
1942,0, 630, False, 3
1943,0, 630, False, 3
1944,0, 630, False, 3
1945,0, 630, False, 3
1946,0, 630, False, 3
1947,0, 630, False, 3
1948,0, 630, False, 3
1949,0, 630, False, 3
1950,0, 630, False, 3
1951,0, 630, False, 3
1952,0, 630, False, 3
1953,0, 630, False, 3
1954,0, 630, False, 3
1955,0, 630, False, 3
1956,0, 630, False, 3
1957,0, 630, False, 3
1958,0, 630, False, 3
1959,0, 630, False, 3
1960,0, 630, False, 3
1961,0, 630, False, 3
1962,0, 630, False, 3
1963,0, 630, False, 3
1964,0, 630, False, 3
1965,0, 630, False, 3
1966,0, 630, False, 3
1967,0, 630, False, 3
1968,0, 630, False, 3
1969,0, 630, False, 3
1970,0, 630, False, 3
1971,0, 630, False, 3
1972,0, 630, False, 3
1973,0, 630, False, 3
1974,0, 630, False, 3
1975,0, 630, False, 3
1976,0, 630, False, 3
1977,0, 630, False, 3
1978,0, 630, False, 3
1979,0, 630, False, 3
1980,0, 630, False, 3
1981,0, 630, False, 3
1982,0, 630, False, 3
1983,0, 630, False, 3
1984,0, 630, False, 0
1985,0, 630, False, 0
1986,0, 630, False, 0
1987,0, 630, False, 0
1988,0, 630, False, 0
1989,0, 630, False, 0
1990,0, 630, False, 0
1991,0, 630, False, 0
1992,0, 630, False, 0
1993,0, 630, False, 0
1994,0, 630, False, 0
1995,0, 630, False, 0
1996,0, 630, False, 0
1997,0, 630, False, 0
1998,0, 630, False, 0
1999,0, 630, False, 0
2000,0, 630, False, 0
2001,0, 630, False, 0
2002,0, 630, False, 0
2003,0, 630, False, 0
2004,0, 630, False, 0
2005,0, 630, False, 0
2006,0, 630, False, 0
2007,0, 630, False, 0
2008,0, 630, False, 0
2009,0, 630, False, 0
2010,0, 630, False, 0
2011,0, 630, False, 0
2012,0, 630, False, 0
2013,0, 630, False, 0
2014,0, 630, False, 0
2015,0, 630, False, 0
2016,0, 630, False, 0
2017,0, 630, False, 0
2018,0, 630, False, 0
2019,0, 630, False, 0
2020,0, 630, False, 0
2021,0, 630, False, 0
2022,0, 630, False, 0
2023,0, 630, False, 0
2024,0, 630, False, 0
2025,0, 630, False, 0
2026,0, 630, False, 0
2027,0, 630, False, 0
2028,0, 630, False, 0
2029,0, 630, False, 0
2030,0, 630, False, 0
2031,0, 630, False, 0
2032,0, 630, False, 0
2033,0, 630, False, 0
2034,0, 630, False, 0
2035,0, 630, False, 0
2036,0, 630, False, 0
2037,0, 630, False, 0
2038,0, 630, False, 0
2039,0, 630, False, 0
2040,0, 630, False, 0
2041,0, 630, False, 0
2042,0, 630, False, 0
2043,0, 630, False, 0
2044,0, 630, False, 0
2045,0, 630, False, 0
2046,0, 630, False, 0
2047,0, 630, False, 0
2048,0, 630, False, 0
2049,0, 630, False, 0
2050,0, 630, False, 0
2051,0, 630, False, 0
2052,0, 630, False, 0
2053,0, 630, False, 0
2054,0, 630, False, 0
2055,0, 630, False, 0
2056,0, 630, False, 0
2057,0, 630, False, 0
2058,0, 630, False, 0
2059,0, 630, False, 0
2060,0, 630, False, 0
2061,0, 630, False, 0
2062,0, 630, False, 0
2063,0, 630, False, 0
2064,0, 630, False, 0
2065,0, 630, False, 0
2066,0, 630, False, 0
2067,0, 630, False, 0
2068,0, 630, False, 0
2069,0, 630, False, 0
2070,0, 630, False, 0
2071,0, 630, False, 0
2072,0, 630, False, 0
2073,0, 630, False, 0
2074,0, 630, False, 0
2075,0, 630, False, 0
2076,0, 630, False, 0
2077,0, 630, False, 0
2078,0, 630, False, 0
2079,0, 630, False, 0
2080,0, 630, False, 0
2081,0, 630, False, 0
2082,0, 630, False, 0
2083,0, 630, False, 0
2084,0, 630, False, 0
2085,0, 630, False, 0
2086,0, 630, False, 0
2087,0, 630, False, 0
2088,0, 630, False, 0
2089,0, 630, False, 0
2090,0, 630, False, 0
2091,0, 630, False, 0
2092,0, 630, False, 0
2093,0, 630, False, 0
2094,0, 630, False, 0
2095,0, 630, False, 0
2096,0, 630, False, 0
2097,0, 630, False, 0
2098,0, 630, False, 0
2099,0, 630, False, 0
2100,0, 630, False, 0
2101,0, 630, False, 4
2102,0, 630, False, 4
2103,0, 630, False, 4
2104,0, 630, False, 4
2105,0, 630, False, 4
2106,0, 630, False, 4
2107,0, 630, False, 4
2108,0, 630, False, 4
2109,0, 630, False, 4
2110,0, 630, False, 4
2111,0, 630, False, 4
2112,0, 630, False, 4
2113,0, 630, False, 4
2114,0, 630, False, 4
2115,0, 630, False, 4
2116,0, 630, False, 4
2117,0, 630, False, 4
2118,0, 630, False, 4
2119,0, 630, False, 4
2120,0, 630, False, 4
2121,0, 630, False, 4
2122,0, 630, False, 4
2123,0, 630, False, 4
2124,0, 630, False, 4
2125,0, 630, False, 4
2126,0, 630, False, 4
2127,0, 630, False, 0
2128,0, 630, False, 0
2129,0, 630, False, 0
2130,0, 630, False, 0
2131,0, 630, False, 0
2132,0, 630, False, 0
2133,0, 630, False, 0
2134,0, 630, False, 0
2135,0, 630, False, 0
2136,0, 630, False, 0
2137,0, 630, False, 0
2138,0, 630, False, 0
2139,0, 630, False, 0
2140,0, 630, False, 0
2141,0, 630, False, 0
2142,0, 630, False, 0
2143,0, 630, False, 4
2144,0, 630, False, 4
2145,0, 630, False, 4
2146,0, 630, False, 4
2147,0, 630, False, 4
2148,0, 630, False, 4
2149,0, 630, False, 4
2150,0, 630, False, 4
2151,0, 630, False, 4
2152,0, 630, False, 4
2153,0, 630, False, 4
2154,0, 630, False, 4
2155,0, 630, False, 4
2156,0, 630, False, 4
2157,0, 630, False, 4
2158,0, 630, False, 4
2159,0, 630, False, 4
2160,0, 630, False, 4
2161,0, 630, False, 4
2162,0, 630, False, 4
2163,0, 630, False, 4
2164,0, 630, False, 4
2165,0, 630, False, 4
2166,0, 630, False, 0
2167,0, 630, False, 0
2168,0, 630, False, 0
2169,0, 630, False, 0
2170,0, 630, False, 0
2171,0, 630, False, 0
2172,0, 630, False, 0
2173,0, 630, False, 0
2174,0, 630, False, 0
2175,0, 630, False, 0
2176,0, 630, False, 0
2177,0, 630, False, 0
2178,0, 630, False, 0
2179,0, 630, False, 0
2180,0, 630, False, 0
2181,0, 630, False, 0
2182,0, 630, False, 0
2183,0, 630, False, 0
2184,0, 630, False, 0
2185,0, 630, False, 0
2186,0, 630, False, 0
2187,0, 630, False, 0
2188,0, 630, False, 0
2189,0, 630, False, 0
2190,0, 630, False, 0
2191,0, 630, False, 0
2192,0, 630, False, 0
2193,0, 630, False, 0
2194,0, 630, False, 0
2195,0, 630, False, 0
2196,0, 630, False, 0
2197,0, 630, False, 0
2198,0, 630, False, 0
2199,0, 630, False, 0
2200,0, 630, False, 0
2201,0, 630, False, 0
2202,0, 630, False, 0
2203,0, 630, False, 0
2204,0, 630, False, 0
2205,0, 630, False, 0
2206,10, 640, False, 0
2207,0, 640, False, 0
2208,0, 640, False, 0
2209,0, 640, False, 0
2210,0, 640, False, 0
2211,0, 640, False, 0
2212,0, 640, False, 0
2213,0, 640, False, 0
2214,0, 640, False, 0
2215,0, 640, False, 0
2216,0, 640, False, 0
2217,0, 640, False, 0
2218,10, 650, False, 0
2219,0, 650, False, 0
2220,0, 650, False, 0
2221,0, 650, False, 0
2222,0, 650, False, 0
2223,0, 650, False, 0
2224,0, 650, False, 0
2225,0, 650, False, 0
2226,0, 650, False, 5
2227,0, 650, False, 5
2228,0, 650, False, 5
2229,0, 650, False, 5
2230,0, 650, False, 5
2231,0, 650, False, 5
2232,0, 650, False, 5
2233,0, 650, False, 5
2234,10, 660, False, 5
2235,0, 660, False, 5
2236,0, 660, False, 5
2237,0, 660, False, 5
2238,0, 660, False, 5
2239,0, 660, False, 5
2240,0, 660, False, 5
2241,0, 660, False, 5
2242,0, 660, False, 5
2243,0, 660, False, 5
2244,0, 660, False, 0
2245,0, 660, False, 0
2246,0, 660, False, 0
2247,0, 660, False, 0
2248,10, 670, False, 0
2249,0, 670, False, 0
2250,0, 670, False, 0
2251,0, 670, False, 0
2252,0, 670, False, 0
2253,0, 670, False, 0
2254,0, 670, False, 0
2255,0, 670, False, 0
2256,0, 670, False, 0
2257,0, 670, False, 0
2258,0, 670, False, 0
2259,0, 670, False, 0
2260,0, 670, False, 0
2261,0, 670, False, 0
2262,10, 680, False, 0
2263,0, 680, False, 0
2264,0, 680, False, 0
2265,0, 680, False, 0
2266,0, 680, False, 0
2267,0, 680, False, 0
2268,0, 680, False, 0
2269,0, 680, False, 0
2270,0, 680, False, 0
2271,0, 680, False, 0
2272,0, 680, False, 0
2273,0, 680, False, 0
2274,0, 680, False, 0
2275,0, 680, False, 0
2276,10, 690, False, 0
2277,0, 690, False, 0
2278,0, 690, False, 0
2279,0, 690, False, 0
2280,0, 690, False, 0
2281,0, 690, False, 0
2282,0, 690, False, 0
2283,0, 690, False, 0
2284,0, 690, False, 0
2285,0, 690, False, 0
2286,0, 690, False, 0
2287,0, 690, False, 0
2288,0, 690, False, 0
2289,0, 690, False, 0
2290,10, 700, False, 4
2291,0, 700, False, 4
2292,0, 700, False, 4
2293,0, 700, False, 4
2294,0, 700, False, 4
2295,0, 700, False, 4
2296,0, 700, False, 4
2297,0, 700, False, 4
2298,0, 700, False, 4
2299,0, 700, False, 4
2300,0, 700, False, 4
2301,0, 700, False, 4
2302,0, 700, False, 4
2303,0, 700, False, 4
2304,0, 700, False, 4
2305,0, 700, False, 4
2306,10, 710, False, 4
2307,0, 710, False, 4
2308,0, 710, False, 4
2309,0, 710, False, 4
2310,0, 710, False, 4
2311,0, 710, False, 4
2312,0, 710, False, 4
2313,0, 710, False, 4
2314,0, 710, False, 4
2315,0, 710, False, 4
2316,0, 710, False, 4
2317,0, 710, False, 4
2318,10, 720, False, 4
2319,0, 720, False, 4
2320,0, 720, False, 4
2321,0, 720, False, 4
2322,0, 720, False, 4
2323,0, 720, False, 4
2324,0, 720, False, 4
2325,0, 720, False, 4
2326,0, 720, False, 0
2327,0, 720, False, 0
2328,0, 720, False, 0
2329,0, 720, False, 0
2330,0, 720, False, 0
2331,0, 720, False, 0
2332,10, 730, False, 0
2333,0, 730, False, 0
2334,0, 730, False, 0
2335,0, 730, False, 0
2336,0, 730, False, 0
2337,0, 730, False, 0
2338,0, 730, False, 0
2339,0, 730, False, 2
2340,0, 730, False, 2
2341,0, 730, False, 2
2342,0, 730, False, 2
2343,0, 730, False, 2
2344,0, 730, False, 2
2345,0, 730, False, 2
2346,50, 780, False, 2
2347,0, 780, False, 2
2348,0, 780, False, 2
2349,0, 780, False, 2
2350,0, 780, False, 2
2351,0, 780, False, 2
2352,0, 780, False, 2
2353,0, 780, False, 2
2354,0, 780, False, 2
2355,0, 780, False, 2
2356,0, 780, False, 2
2357,0, 780, False, 2
2358,0, 780, False, 2
2359,0, 780, False, 2
2360,0, 780, False, 2
2361,0, 780, False, 2
2362,10, 790, False, 2
2363,0, 790, False, 2
2364,0, 790, False, 2
2365,0, 790, False, 0
2366,0, 790, False, 0
2367,0, 790, False, 0
2368,0, 790, False, 0
2369,0, 790, False, 0
2370,0, 790, False, 0
2371,0, 790, False, 0
2372,0, 790, False, 0
2373,0, 790, False, 0
2374,0, 790, False, 0
2375,0, 790, False, 0
2376,10, 800, False, 0
2377,0, 800, False, 0
2378,0, 800, False, 0
2379,0, 800, False, 0
2380,0, 800, False, 0
2381,0, 800, False, 0
2382,0, 800, False, 0
2383,0, 800, False, 0
2384,0, 800, False, 0
2385,0, 800, False, 0
2386,0, 800, False, 0
2387,0, 800, False, 0
2388,0, 800, False, 0
2389,0, 800, False, 3
2390,0, 800, False, 3
2391,0, 800, False, 3
2392,0, 800, False, 3
2393,0, 800, False, 3
2394,0, 800, False, 3
2395,0, 800, False, 3
2396,10, 810, False, 3
2397,0, 810, False, 3
2398,0, 810, False, 3
2399,0, 810, False, 0
2400,0, 810, False, 0
2401,0, 810, False, 0
2402,0, 810, False, 0
2403,0, 810, False, 0
2404,0, 810, False, 0
2405,0, 810, False, 0
2406,0, 810, False, 2
2407,0, 810, False, 2
2408,0, 810, False, 2
2409,0, 810, False, 2
2410,10, 820, False, 2
2411,0, 820, False, 2
2412,0, 820, False, 2
2413,0, 820, False, 2
2414,0, 820, False, 2
2415,0, 820, False, 2
2416,0, 820, False, 2
2417,0, 820, False, 2
2418,0, 820, False, 2
2419,0, 820, False, 2
2420,0, 820, False, 2
2421,0, 820, False, 0
2422,0, 820, False, 0
2423,0, 820, False, 0
2424,0, 820, False, 0
2425,0, 820, False, 0
2426,0, 820, False, 0
2427,0, 820, False, 0
2428,0, 820, False, 0
2429,0, 820, False, 0
2430,0, 820, False, 0
2431,0, 820, False, 4
2432,0, 820, False, 4
2433,0, 820, False, 4
2434,0, 820, False, 4
2435,0, 820, False, 4
2436,0, 820, False, 4
2437,0, 820, False, 4
2438,0, 820, False, 4
2439,0, 820, False, 4
2440,0, 820, False, 4
2441,0, 820, False, 4
2442,0, 820, False, 4
2443,0, 820, False, 4
2444,0, 820, False, 4
2445,0, 820, False, 4
2446,0, 820, False, 4
2447,0, 820, False, 4
2448,0, 820, False, 4
2449,0, 820, False, 0
2450,0, 820, False, 0
2451,0, 820, False, 0
2452,0, 820, False, 0
2453,0, 820, False, 0
2454,0, 820, False, 0
2455,0, 820, False, 0
2456,0, 820, False, 0
2457,0, 820, False, 0
2458,0, 820, False, 2
2459,0, 820, False, 2
2460,0, 820, False, 2
2461,0, 820, False, 2
2462,0, 820, False, 2
2463,0, 820, False, 2
2464,0, 820, False, 2
2465,0, 820, False, 2
2466,0, 820, False, 2
2467,0, 820, False, 2
2468,0, 820, False, 2
2469,0, 820, False, 2
2470,0, 820, False, 2
2471,0, 820, False, 2
2472,0, 820, False, 0
2473,0, 820, False, 0
2474,0, 820, False, 0
2475,0, 820, False, 0
2476,0, 820, False, 0
2477,0, 820, False, 0
2478,0, 820, False, 0
2479,0, 820, False, 0
2480,0, 820, False, 0
2481,0, 820, False, 0
2482,0, 820, False, 0
2483,0, 820, False, 0
2484,0, 820, False, 0
2485,0, 820, False, 0
2486,0, 820, False, 0
2487,0, 820, False, 0
2488,0, 820, False, 0
2489,0, 820, False, 0
2490,0, 820, False, 0
2491,0, 820, False, 0
2492,0, 820, False, 0
2493,0, 820, False, 0
2494,0, 820, False, 0
2495,0, 820, False, 0
2496,0, 820, False, 0
2497,0, 820, False, 0
2498,0, 820, False, 3
2499,0, 820, False, 3
2500,0, 820, False, 3
2501,0, 820, False, 3
2502,0, 820, False, 3
2503,0, 820, False, 3
2504,0, 820, False, 3
2505,0, 820, False, 3
2506,0, 820, False, 3
2507,0, 820, False, 3
2508,0, 820, False, 3
2509,0, 820, False, 3
2510,0, 820, False, 3
2511,0, 820, False, 0
2512,0, 820, False, 0
2513,0, 820, False, 0
2514,0, 820, False, 0
2515,0, 820, False, 0
2516,0, 820, False, 0
2517,0, 820, False, 0
2518,0, 820, False, 0
2519,0, 820, False, 0
2520,0, 820, False, 0
2521,0, 820, False, 0
2522,0, 820, False, 0
2523,0, 820, False, 0
2524,0, 820, False, 0
2525,0, 820, False, 0
2526,0, 820, False, 0
2527,0, 820, False, 0
2528,0, 820, False, 0
2529,0, 820, False, 0
2530,0, 820, False, 0
2531,0, 820, False, 5
2532,0, 820, False, 5
2533,0, 820, False, 5
2534,0, 820, False, 5
2535,0, 820, False, 5
2536,0, 820, False, 5
2537,0, 820, False, 5
2538,0, 820, False, 5
2539,0, 820, False, 5
2540,0, 820, False, 5
2541,0, 820, False, 5
2542,0, 820, False, 5
2543,0, 820, False, 5
2544,0, 820, False, 5
2545,0, 820, False, 5
2546,0, 820, False, 5
2547,0, 820, False, 5
2548,0, 820, False, 5
2549,0, 820, False, 5
2550,0, 820, False, 5
2551,0, 820, False, 5
2552,0, 820, False, 0
2553,0, 820, False, 0
2554,0, 820, False, 0
2555,0, 820, False, 0
2556,0, 820, False, 0
2557,0, 820, False, 0
2558,0, 820, False, 0
2559,0, 820, False, 0
2560,0, 820, False, 0
2561,0, 820, False, 3
2562,0, 820, False, 3
2563,0, 820, False, 3
2564,0, 820, False, 3
2565,0, 820, False, 3
2566,0, 820, False, 3
2567,0, 820, False, 3
2568,0, 820, False, 3
2569,0, 820, False, 3
2570,0, 820, False, 3
2571,0, 820, False, 3
2572,0, 820, False, 3
2573,0, 820, False, 3
2574,10, 830, False, 3
2575,0, 830, False, 3
2576,0, 830, False, 3
2577,0, 830, False, 3
2578,0, 830, False, 3
2579,0, 830, False, 3
2580,0, 830, False, 3
2581,0, 830, False, 3
2582,0, 830, False, 3
2583,0, 830, False, 3
2584,0, 830, False, 3
2585,0, 830, False, 3
2586,0, 830, False, 3
2587,0, 830, False, 3
2588,10, 840, False, 3
2589,0, 840, False, 3
2590,0, 840, False, 3
2591,0, 840, False, 3
2592,0, 840, False, 3
2593,0, 840, False, 3
2594,0, 840, False, 3
2595,0, 840, False, 3
2596,0, 840, False, 3
2597,0, 840, False, 3
2598,0, 840, False, 3
2599,0, 840, False, 3
2600,0, 840, False, 3
2601,0, 840, False, 3
2602,10, 850, False, 3
2603,0, 850, False, 3
2604,0, 850, False, 3
2605,0, 850, False, 3
2606,0, 850, False, 3
2607,0, 850, False, 3
2608,0, 850, False, 3
2609,0, 850, False, 3
2610,0, 850, False, 3
2611,0, 850, False, 3
2612,0, 850, False, 3
2613,0, 850, False, 3
2614,10, 860, False, 0
2615,0, 860, False, 0
2616,0, 860, False, 0
2617,0, 860, False, 0
2618,0, 860, False, 0
2619,0, 860, False, 0
2620,0, 860, False, 0
2621,0, 860, False, 0
2622,0, 860, False, 0
2623,0, 860, False, 0
2624,0, 860, False, 0
2625,0, 860, False, 0
2626,0, 860, False, 0
2627,0, 860, False, 0
2628,10, 870, False, 0
2629,0, 870, False, 0
2630,0, 870, False, 0
2631,0, 870, False, 0
2632,0, 870, False, 0
2633,0, 870, False, 0
2634,0, 870, False, 0
2635,0, 870, False, 0
2636,0, 870, False, 0
2637,0, 870, False, 0
2638,0, 870, False, 0
2639,0, 870, False, 0
2640,0, 870, False, 0
2641,0, 870, False, 0
2642,0, 870, False, 0
2643,0, 870, False, 0
2644,0, 870, False, 0
2645,0, 870, False, 0
2646,10, 880, False, 0
2647,0, 880, False, 0
2648,0, 880, False, 0
2649,0, 880, False, 0
2650,0, 880, False, 0
2651,0, 880, False, 0
2652,0, 880, False, 0
2653,0, 880, False, 0
2654,0, 880, False, 0
2655,0, 880, False, 0
2656,0, 880, False, 0
2657,0, 880, False, 0
2658,0, 880, False, 0
2659,0, 880, False, 0
2660,10, 890, False, 0
2661,0, 890, False, 0
2662,0, 890, False, 0
2663,0, 890, False, 0
2664,0, 890, False, 0
2665,0, 890, False, 0
2666,0, 890, False, 0
2667,0, 890, False, 0
2668,0, 890, False, 0
2669,0, 890, False, 0
2670,0, 890, False, 0
2671,0, 890, False, 0
2672,0, 890, False, 0
2673,0, 890, False, 0
2674,10, 900, False, 0
2675,0, 900, False, 0
2676,0, 900, False, 0
2677,0, 900, False, 0
2678,0, 900, False, 0
2679,0, 900, False, 0
2680,0, 900, False, 0
2681,0, 900, False, 0
2682,0, 900, False, 0
2683,0, 900, False, 0
2684,0, 900, False, 0
2685,0, 900, False, 0
2686,10, 910, False, 0
2687,0, 910, False, 0
2688,0, 910, False, 0
2689,0, 910, False, 0
2690,0, 910, False, 0
2691,0, 910, False, 0
2692,0, 910, False, 0
2693,0, 910, False, 0
2694,0, 910, False, 0
2695,0, 910, False, 0
2696,0, 910, False, 0
2697,0, 910, False, 0
2698,0, 910, False, 0
2699,0, 910, False, 0
2700,10, 920, False, 0
2701,0, 920, False, 0
2702,0, 920, False, 0
2703,0, 920, False, 0
2704,0, 920, False, 0
2705,0, 920, False, 0
2706,0, 920, False, 0
2707,0, 920, False, 0
2708,0, 920, False, 0
2709,0, 920, False, 0
2710,0, 920, False, 0
2711,0, 920, False, 0
2712,0, 920, False, 0
2713,0, 920, False, 0
2714,0, 920, False, 0
2715,0, 920, False, 0
2716,0, 920, False, 0
2717,0, 920, False, 0
2718,0, 920, False, 0
2719,0, 920, False, 0
2720,0, 920, False, 0
2721,0, 920, False, 0
2722,0, 920, False, 0
2723,0, 920, False, 0
2724,0, 920, False, 0
2725,0, 920, False, 0
2726,0, 920, False, 0
2727,0, 920, False, 0
2728,0, 920, False, 0
2729,0, 920, False, 0
2730,0, 920, False, 0
2731,0, 920, False, 0
2732,0, 920, False, 0
2733,0, 920, False, 0
2734,0, 920, False, 0
2735,0, 920, False, 0
2736,0, 920, False, 0
2737,0, 920, False, 0
2738,0, 920, False, 0
2739,0, 920, False, 0
2740,0, 920, False, 0
2741,0, 920, False, 0
2742,0, 920, False, 0
2743,0, 920, False, 0
2744,0, 920, False, 0
2745,0, 920, False, 0
2746,0, 920, False, 0
2747,0, 920, False, 0
2748,0, 920, False, 0
2749,0, 920, False, 0
2750,0, 920, False, 0
2751,0, 920, False, 0
2752,0, 920, False, 0
2753,0, 920, False, 0
2754,0, 920, False, 0
2755,0, 920, False, 0
2756,0, 920, False, 2
2757,0, 920, False, 2
2758,0, 920, False, 2
2759,0, 920, False, 2
2760,0, 920, False, 2
2761,0, 920, False, 2
2762,0, 920, False, 2
2763,0, 920, False, 2
2764,0, 920, False, 2
2765,0, 920, False, 2
2766,0, 920, False, 2
2767,0, 920, False, 2
2768,0, 920, False, 2
2769,0, 920, False, 2
2770,0, 920, False, 2
2771,0, 920, False, 2
2772,0, 920, False, 2
2773,0, 920, False, 2
2774,0, 920, False, 0
2775,0, 920, False, 0
2776,0, 920, False, 0
2777,0, 920, False, 0
2778,0, 920, False, 0
2779,0, 920, False, 0
2780,0, 920, False, 0
2781,0, 920, False, 0
2782,0, 920, False, 0
2783,0, 920, False, 0
2784,0, 920, False, 0
2785,0, 920, False, 0
2786,0, 920, False, 0
2787,0, 920, False, 0
2788,0, 920, False, 0
2789,0, 920, False, 0
2790,0, 920, False, 0
2791,0, 920, False, 0
2792,0, 920, False, 0
2793,0, 920, False, 0
2794,0, 920, False, 0
2795,0, 920, False, 0
2796,0, 920, False, 0
2797,0, 920, False, 4
2798,0, 920, False, 4
2799,0, 920, False, 4
2800,0, 920, False, 4
2801,0, 920, False, 4
2802,0, 920, False, 4
2803,0, 920, False, 0
2804,0, 920, False, 0
2805,0, 920, False, 0
2806,0, 920, False, 0
2807,0, 920, False, 0
2808,0, 920, False, 0
2809,0, 920, False, 0
2810,0, 920, False, 0
2811,0, 920, False, 0
2812,0, 920, False, 0
2813,0, 920, False, 2
2814,0, 920, False, 2
2815,0, 920, False, 2
2816,0, 920, False, 2
2817,0, 920, False, 2
2818,0, 920, False, 2
2819,0, 920, False, 2
2820,0, 920, False, 2
2821,0, 920, False, 2
2822,0, 920, False, 2
2823,0, 920, False, 2
2824,0, 920, False, 2
2825,0, 920, False, 2
2826,0, 920, False, 0
2827,0, 920, False, 0
2828,0, 920, False, 0
2829,0, 920, False, 0
2830,0, 920, False, 0
2831,0, 920, False, 0
2832,0, 920, False, 0
2833,0, 920, False, 0
2834,0, 920, False, 0
2835,0, 920, False, 0
2836,0, 920, False, 3
2837,0, 920, False, 3
2838,0, 920, False, 3
2839,0, 920, False, 3
2840,0, 920, False, 3
2841,0, 920, False, 3
2842,0, 920, False, 3
2843,0, 920, False, 3
2844,0, 920, False, 3
2845,0, 920, False, 3
2846,0, 920, False, 3
2847,0, 920, False, 3
2848,0, 920, False, 3
2849,0, 920, False, 0
2850,0, 920, False, 0
2851,0, 920, False, 0
2852,0, 920, False, 0
2853,0, 920, False, 0
2854,0, 920, False, 0
2855,0, 920, False, 0
2856,0, 920, False, 0
2857,0, 920, False, 0
2858,0, 920, False, 0
2859,0, 920, False, 0
2860,0, 920, False, 2
2861,0, 920, False, 2
2862,0, 920, False, 2
2863,0, 920, False, 2
2864,0, 920, False, 2
2865,0, 920, False, 2
2866,0, 920, False, 2
2867,0, 920, False, 2
2868,0, 920, False, 2
2869,0, 920, False, 2
2870,0, 920, False, 0
2871,0, 920, False, 0
2872,0, 920, False, 0
2873,0, 920, False, 0
2874,0, 920, False, 0
2875,0, 920, False, 0
2876,0, 920, False, 0
2877,0, 920, False, 0
2878,0, 920, False, 0
2879,0, 920, False, 0
2880,0, 920, False, 0
2881,0, 920, False, 0
2882,0, 920, False, 0
2883,0, 920, False, 0
2884,0, 920, False, 4
2885,0, 920, False, 4
2886,0, 920, False, 4
2887,0, 920, False, 4
2888,0, 920, False, 4
2889,0, 920, False, 4
2890,0, 920, False, 0
2891,0, 920, False, 0
2892,0, 920, False, 0
2893,0, 920, False, 0
2894,0, 920, False, 0
2895,0, 920, False, 0
2896,0, 920, False, 2
2897,0, 920, False, 2
2898,0, 920, False, 2
2899,0, 920, False, 2
2900,0, 920, False, 2
2901,0, 920, False, 2
2902,0, 920, False, 2
2903,0, 920, False, 2
2904,0, 920, False, 2
2905,0, 920, False, 2
2906,0, 920, False, 2
2907,0, 920, False, 2
2908,0, 920, False, 2
2909,0, 920, False, 0
2910,0, 920, False, 0
2911,0, 920, False, 0
2912,0, 920, False, 0
2913,0, 920, False, 0
2914,0, 920, False, 0
2915,0, 920, False, 0
2916,0, 920, False, 0
2917,0, 920, False, 0
2918,0, 920, False, 0
2919,0, 920, False, 0
2920,0, 920, False, 0
2921,0, 920, False, 0
2922,0, 920, False, 0
2923,0, 920, False, 0
2924,0, 920, False, 0
2925,0, 920, False, 3
2926,0, 920, False, 3
2927,0, 920, False, 3
2928,0, 920, False, 3
2929,0, 920, False, 3
2930,0, 920, False, 3
2931,0, 920, False, 3
2932,0, 920, False, 3
2933,0, 920, False, 3
2934,0, 920, False, 3
2935,0, 920, False, 0
2936,0, 920, False, 0
2937,0, 920, False, 0
2938,0, 920, False, 0
2939,0, 920, False, 0
2940,0, 920, False, 0
2941,0, 920, False, 0
2942,0, 920, False, 0
2943,0, 920, False, 0
2944,0, 920, False, 2
2945,0, 920, False, 2
2946,0, 920, False, 2
2947,0, 920, False, 2
2948,0, 920, False, 2
2949,0, 920, False, 2
2950,0, 920, False, 2
2951,0, 920, False, 2
2952,0, 920, False, 2
2953,0, 920, False, 2
2954,0, 920, False, 2
2955,0, 920, False, 2
2956,0, 920, False, 2
2957,0, 920, False, 2
2958,10, 930, False, 0
2959,0, 930, False, 0
2960,0, 930, False, 0
2961,0, 930, False, 0
2962,0, 930, False, 0
2963,0, 930, False, 0
2964,0, 930, False, 0
2965,0, 930, False, 0
2966,0, 930, False, 0
2967,0, 930, False, 0
2968,0, 930, False, 0
2969,0, 930, False, 0
2970,0, 930, False, 0
2971,0, 930, False, 0
2972,10, 940, False, 0
2973,0, 940, False, 0
2974,0, 940, False, 0
2975,0, 940, False, 0
2976,0, 940, False, 0
2977,0, 940, False, 0
2978,0, 940, False, 0
2979,0, 940, False, 0
2980,0, 940, False, 0
2981,0, 940, False, 0
2982,0, 940, False, 0
2983,0, 940, False, 0
2984,0, 940, False, 0
2985,0, 940, False, 0
2986,10, 950, False, 0
2987,0, 950, False, 0
2988,0, 950, False, 0
2989,0, 950, False, 0
2990,0, 950, False, 0
2991,0, 950, False, 0
2992,0, 950, False, 0
2993,0, 950, False, 0
2994,0, 950, False, 0
2995,0, 950, False, 0
2996,0, 950, False, 0
2997,0, 950, False, 0
2998,0, 950, False, 0
2999,0, 950, False, 0
3000,10, 960, False, 0
3001,0, 960, False, 0
3002,0, 960, False, 0
3003,0, 960, False, 0
3004,0, 960, False, 0
3005,0, 960, False, 0
3006,0, 960, False, 0
3007,0, 960, False, 0
3008,0, 960, False, 0
3009,0, 960, False, 0
3010,0, 960, False, 0
3011,0, 960, False, 0
3012,0, 960, False, 0
3013,0, 960, False, 0
3014,10, 970, False, 0
3015,0, 970, False, 0
3016,0, 970, False, 0
3017,0, 970, False, 0
3018,0, 970, False, 0
3019,0, 970, False, 0
3020,0, 970, False, 0
3021,0, 970, False, 0
3022,0, 970, False, 0
3023,0, 970, False, 0
3024,0, 970, False, 0
3025,0, 970, False, 0
3026,0, 970, False, 0
3027,0, 970, False, 0
3028,10, 980, False, 0
3029,0, 980, False, 5
3030,0, 980, False, 5
3031,0, 980, False, 5
3032,0, 980, False, 5
3033,0, 980, False, 5
3034,0, 980, False, 5
3035,0, 980, False, 5
3036,0, 980, False, 0
3037,0, 980, False, 0
3038,0, 980, False, 0
3039,0, 980, False, 0
3040,0, 980, False, 0
3041,0, 980, False, 0
3042,0, 980, False, 0
3043,0, 980, False, 0
3044,0, 980, False, 0
3045,0, 980, False, 0
3046,0, 980, False, 0
3047,0, 980, False, 0
3048,0, 980, False, 0
3049,0, 980, False, 0
3050,0, 980, False, 0
3051,0, 980, False, 0
3052,0, 980, False, 0
3053,0, 980, False, 0
3054,0, 980, False, 0
3055,0, 980, False, 0
3056,0, 980, False, 0
3057,0, 980, False, 0
3058,0, 980, False, 0
3059,0, 980, False, 0
3060,0, 980, False, 0
3061,0, 980, False, 0
3062,0, 980, False, 0
3063,0, 980, False, 0
3064,0, 980, False, 0
3065,0, 980, False, 0
3066,0, 980, False, 0
3067,0, 980, False, 0
3068,0, 980, False, 0
3069,0, 980, False, 0
3070,0, 980, False, 0
3071,0, 980, False, 0
3072,0, 980, False, 0
3073,0, 980, False, 0
3074,0, 980, False, 3
3075,0, 980, False, 3
3076,0, 980, False, 3
3077,0, 980, False, 3
3078,0, 980, False, 3
3079,0, 980, False, 3
3080,0, 980, False, 3
3081,0, 980, False, 3
3082,0, 980, False, 3
3083,0, 980, False, 0
3084,0, 980, False, 0
3085,0, 980, False, 0
3086,10, 990, False, 0
3087,0, 990, False, 3
3088,0, 990, False, 3
3089,0, 990, False, 3
3090,0, 990, False, 3
3091,0, 990, False, 3
3092,0, 990, False, 3
3093,0, 990, False, 3
3094,0, 990, False, 3
3095,0, 990, False, 3
3096,0, 990, False, 0
3097,0, 990, False, 0
3098,0, 990, False, 0
3099,0, 990, False, 0
3100,0, 990, False, 0
3101,0, 990, False, 0
3102,0, 990, False, 0
3103,0, 990, False, 0
3104,0, 990, False, 0
3105,0, 990, False, 0
3106,0, 990, False, 0
3107,0, 990, False, 0
3108,0, 990, False, 0
3109,0, 990, False, 0
3110,0, 990, False, 0
3111,0, 990, False, 0
3112,0, 990, False, 0
3113,0, 990, False, 0
3114,0, 990, False, 0
3115,0, 990, False, 0
3116,10, 1000, False, 0
3117,0, 1000, False, 0
3118,0, 1000, False, 0
3119,0, 1000, False, 0
3120,0, 1000, False, 0
3121,0, 1000, False, 0
3122,0, 1000, False, 0
3123,0, 1000, False, 0
3124,0, 1000, False, 0
3125,0, 1000, False, 0
3126,0, 1000, False, 0
3127,0, 1000, False, 0
3128,0, 1000, False, 0
3129,0, 1000, False, 0
3130,10, 1010, False, 0
3131,0, 1010, False, 0
3132,0, 1010, False, 0
3133,0, 1010, False, 0
3134,0, 1010, False, 0
3135,0, 1010, False, 0
3136,0, 1010, False, 0
3137,0, 1010, False, 0
3138,0, 1010, False, 0
3139,0, 1010, False, 0
3140,0, 1010, False, 0
3141,0, 1010, False, 0
3142,0, 1010, False, 0
3143,0, 1010, False, 0
3144,0, 1010, False, 0
3145,0, 1010, False, 0
3146,0, 1010, False, 0
3147,0, 1010, False, 0
3148,0, 1010, False, 0
3149,0, 1010, False, 0
3150,0, 1010, False, 0
3151,0, 1010, False, 0
3152,0, 1010, False, 0
3153,0, 1010, False, 0
3154,0, 1010, False, 0
3155,0, 1010, False, 0
3156,0, 1010, False, 0
3157,0, 1010, False, 0
3158,0, 1010, False, 0
3159,0, 1010, False, 0
3160,0, 1010, False, 0
3161,0, 1010, False, 0
3162,0, 1010, False, 0
3163,0, 1010, False, 0
3164,0, 1010, False, 0
3165,0, 1010, False, 0
3166,0, 1010, False, 0
3167,0, 1010, False, 0
3168,0, 1010, False, 0
3169,0, 1010, False, 0
3170,0, 1010, False, 0
3171,0, 1010, False, 0
3172,0, 1010, False, 0
3173,0, 1010, False, 2
3174,0, 1010, False, 2
3175,0, 1010, False, 2
3176,0, 1010, False, 2
3177,0, 1010, False, 2
3178,0, 1010, False, 2
3179,0, 1010, False, 2
3180,0, 1010, False, 2
3181,0, 1010, False, 2
3182,0, 1010, False, 2
3183,0, 1010, False, 2
3184,10, 1020, False, 2
3185,0, 1020, False, 2
3186,0, 1020, False, 2
3187,0, 1020, False, 2
3188,0, 1020, False, 2
3189,0, 1020, False, 2
3190,0, 1020, False, 2
3191,0, 1020, False, 2
3192,0, 1020, False, 2
3193,0, 1020, False, 2
3194,0, 1020, False, 2
3195,0, 1020, False, 2
3196,0, 1020, False, 2
3197,0, 1020, False, 2
3198,10, 1030, False, 2
3199,0, 1030, False, 2
3200,0, 1030, False, 2
3201,0, 1030, False, 2
3202,0, 1030, False, 2
3203,0, 1030, False, 2
3204,0, 1030, False, 2
3205,0, 1030, False, 2
3206,0, 1030, False, 2
3207,0, 1030, False, 2
3208,0, 1030, False, 2
3209,0, 1030, False, 2
3210,0, 1030, False, 2
3211,0, 1030, False, 2
3212,10, 1040, False, 2
3213,0, 1040, False, 2
3214,0, 1040, False, 2
3215,0, 1040, False, 2
3216,0, 1040, False, 2
3217,0, 1040, False, 2
3218,0, 1040, False, 2
3219,0, 1040, False, 2
3220,0, 1040, False, 2
3221,0, 1040, False, 2
3222,0, 1040, False, 2
3223,0, 1040, False, 0
3224,0, 1040, False, 0
3225,0, 1040, False, 0
3226,10, 1050, False, 0
3227,0, 1050, False, 0
3228,0, 1050, False, 0
3229,0, 1050, False, 0
3230,0, 1050, False, 0
3231,0, 1050, False, 0
3232,0, 1050, False, 0
3233,0, 1050, False, 0
3234,0, 1050, False, 0
3235,0, 1050, False, 0
3236,0, 1050, False, 0
3237,0, 1050, False, 0
3238,0, 1050, False, 0
3239,0, 1050, False, 0
3240,10, 1060, False, 0
3241,0, 1060, False, 0
3242,0, 1060, False, 0
3243,0, 1060, False, 0
3244,0, 1060, False, 0
3245,0, 1060, False, 0
3246,0, 1060, False, 0
3247,0, 1060, False, 0
3248,0, 1060, False, 0
3249,0, 1060, False, 0
3250,0, 1060, False, 0
3251,0, 1060, False, 0
3252,0, 1060, False, 0
3253,0, 1060, False, 0
3254,10, 1070, False, 0
3255,0, 1070, False, 0
3256,0, 1070, False, 0
3257,0, 1070, False, 0
3258,0, 1070, False, 0
3259,0, 1070, False, 4
3260,0, 1070, False, 4
3261,0, 1070, False, 4
3262,0, 1070, False, 4
3263,0, 1070, False, 4
3264,0, 1070, False, 4
3265,0, 1070, False, 4
3266,0, 1070, False, 4
3267,0, 1070, False, 4
3268,0, 1070, False, 4
3269,0, 1070, False, 4
3270,10, 1080, False, 4
3271,0, 1080, False, 4
3272,0, 1080, False, 4
3273,0, 1080, False, 4
3274,0, 1080, False, 4
3275,0, 1080, False, 4
3276,0, 1080, False, 4
3277,0, 1080, False, 4
3278,0, 1080, False, 4
3279,0, 1080, False, 4
3280,0, 1080, False, 0
3281,0, 1080, False, 0
3282,0, 1080, False, 0
3283,0, 1080, False, 0
3284,0, 1080, False, 0
3285,0, 1080, False, 0
3286,0, 1080, False, 0
3287,0, 1080, False, 0
3288,0, 1080, False, 0
3289,0, 1080, False, 0
3290,0, 1080, False, 0
3291,0, 1080, False, 0
3292,0, 1080, False, 0
3293,0, 1080, False, 0
3294,0, 1080, False, 0
3295,0, 1080, False, 0
3296,0, 1080, False, 0
3297,0, 1080, False, 0
3298,0, 1080, False, 0
3299,0, 1080, False, 0
3300,0, 1080, False, 0
3301,0, 1080, False, 0
3302,0, 1080, False, 0
3303,0, 1080, False, 0
3304,0, 1080, False, 0
3305,0, 1080, False, 0
3306,0, 1080, False, 0
3307,0, 1080, False, 0
3308,0, 1080, False, 0
3309,0, 1080, False, 0
3310,0, 1080, False, 0
3311,0, 1080, False, 0
3312,0, 1080, False, 0
3313,0, 1080, False, 0
3314,0, 1080, False, 0
3315,0, 1080, False, 0
3316,0, 1080, False, 0
3317,0, 1080, False, 0
3318,0, 1080, False, 0
3319,0, 1080, False, 0
3320,0, 1080, False, 0
3321,0, 1080, False, 0
3322,0, 1080, False, 0
3323,0, 1080, False, 0
3324,0, 1080, False, 0
3325,0, 1080, False, 0
3326,0, 1080, False, 0
3327,0, 1080, False, 0
3328,0, 1080, False, 0
3329,0, 1080, False, 0
3330,0, 1080, False, 0
3331,0, 1080, False, 0
3332,0, 1080, False, 0
3333,0, 1080, False, 0
3334,0, 1080, False, 0
3335,0, 1080, False, 0
3336,0, 1080, False, 0
3337,0, 1080, False, 0
3338,0, 1080, False, 0
3339,0, 1080, False, 0
3340,0, 1080, False, 0
3341,0, 1080, False, 0
3342,0, 1080, False, 0
3343,0, 1080, False, 0
3344,0, 1080, False, 0
3345,0, 1080, False, 0
3346,0, 1080, False, 0
3347,0, 1080, False, 0
3348,0, 1080, False, 0
3349,0, 1080, False, 0
3350,0, 1080, False, 0
3351,0, 1080, False, 0
3352,0, 1080, False, 0
3353,0, 1080, False, 0
3354,0, 1080, False, 0
3355,0, 1080, False, 0
3356,0, 1080, False, 0
3357,0, 1080, False, 0
3358,0, 1080, False, 0
3359,0, 1080, False, 0
3360,0, 1080, False, 0
3361,0, 1080, False, 0
3362,0, 1080, False, 0
3363,0, 1080, False, 0
3364,0, 1080, False, 0
3365,0, 1080, False, 0
3366,0, 1080, False, 0
3367,0, 1080, False, 0
3368,0, 1080, False, 0
3369,0, 1080, False, 0
3370,0, 1080, False, 0
3371,0, 1080, False, 0
3372,0, 1080, False, 0
3373,0, 1080, False, 0
3374,0, 1080, False, 0
3375,0, 1080, False, 0
3376,0, 1080, False, 0
3377,0, 1080, False, 0
3378,0, 1080, False, 0
3379,0, 1080, False, 0
3380,0, 1080, False, 0
3381,0, 1080, False, 0
3382,0, 1080, False, 0
3383,0, 1080, False, 0
3384,0, 1080, False, 0
3385,0, 1080, False, 0
3386,0, 1080, False, 0
3387,0, 1080, False, 0
3388,0, 1080, False, 0
3389,0, 1080, False, 0
3390,0, 1080, False, 0
3391,0, 1080, False, 0
3392,0, 1080, False, 0
3393,0, 1080, False, 0
3394,0, 1080, False, 0
3395,0, 1080, False, 0
3396,0, 1080, False, 0
3397,0, 1080, False, 0
3398,0, 1080, False, 0
3399,0, 1080, False, 0
3400,0, 1080, False, 0
3401,0, 1080, False, 0
3402,0, 1080, False, 0
3403,0, 1080, False, 0
3404,0, 1080, False, 0
3405,0, 1080, False, 0
3406,0, 1080, False, 0
3407,0, 1080, False, 0
3408,0, 1080, False, 0
3409,0, 1080, False, 0
3410,0, 1080, False, 0
3411,0, 1080, False, 0
3412,0, 1080, False, 0
3413,0, 1080, False, 0
3414,0, 1080, False, 0
3415,0, 1080, False, 0
3416,0, 1080, False, 0
3417,0, 1080, False, 0
3418,0, 1080, False, 0
3419,0, 1080, False, 0
3420,0, 1080, False, 0
3421,0, 1080, False, 0
3422,0, 1080, False, 0
3423,0, 1080, False, 0
3424,0, 1080, False, 0
3425,0, 1080, False, 0
3426,0, 1080, False, 0
3427,0, 1080, False, 0
3428,0, 1080, False, 0
3429,0, 1080, False, 0
3430,0, 1080, False, 0
3431,0, 1080, False, 0
3432,0, 1080, False, 0
3433,0, 1080, False, 0
3434,0, 1080, False, 0
3435,0, 1080, False, 0
3436,0, 1080, False, 0
3437,0, 1080, False, 0
3438,0, 1080, False, 0
3439,0, 1080, False, 0
3440,0, 1080, False, 0
3441,0, 1080, False, 0
3442,0, 1080, False, 0
3443,0, 1080, False, 0
3444,0, 1080, False, 0
3445,0, 1080, False, 0
3446,0, 1080, False, 0
3447,0, 1080, False, 0
3448,0, 1080, False, 0
3449,0, 1080, False, 0
3450,0, 1080, False, 0
3451,0, 1080, False, 0
3452,0, 1080, False, 0
3453,0, 1080, False, 0
3454,0, 1080, False, 0
3455,0, 1080, False, 0
3456,0, 1080, False, 0
3457,0, 1080, False, 0
3458,0, 1080, False, 0
3459,0, 1080, False, 0
3460,0, 1080, False, 0
3461,0, 1080, False, 0
3462,0, 1080, False, 0
3463,0, 1080, False, 0
3464,0, 1080, False, 0
3465,0, 1080, False, 0
3466,0, 1080, False, 0
3467,0, 1080, False, 0
3468,0, 1080, False, 0
3469,0, 1080, False, 0
3470,0, 1080, False, 0
3471,0, 1080, False, 0
3472,0, 1080, False, 0
3473,0, 1080, False, 0
3474,0, 1080, False, 0
3475,0, 1080, False, 0
3476,0, 1080, False, 0
3477,0, 1080, False, 0
3478,0, 1080, False, 0
3479,0, 1080, False, 0
3480,0, 1080, False, 0
3481,0, 1080, False, 0
3482,0, 1080, False, 0
3483,0, 1080, False, 0
3484,0, 1080, False, 0
3485,0, 1080, False, 0
3486,0, 1080, False, 0
3487,0, 1080, False, 0
3488,0, 1080, False, 0
3489,0, 1080, False, 0
3490,0, 1080, False, 0
3491,0, 1080, False, 0
3492,0, 1080, False, 0
3493,0, 1080, False, 0
3494,0, 1080, False, 0
3495,0, 1080, False, 0
3496,0, 1080, False, 0
3497,0, 1080, False, 0
3498,0, 1080, False, 0
3499,0, 1080, False, 0
3500,0, 1080, False, 0
3501,0, 1080, False, 0
3502,0, 1080, False, 0
3503,0, 1080, False, 0
3504,0, 1080, False, 0
3505,0, 1080, False, 0
3506,0, 1080, False, 0
3507,0, 1080, False, 0
3508,0, 1080, False, 0
3509,0, 1080, False, 0
3510,0, 1080, False, 0
3511,0, 1080, False, 0
3512,0, 1080, False, 0
3513,0, 1080, False, 0
3514,0, 1080, False, 0
3515,0, 1080, False, 0
3516,0, 1080, False, 0
3517,0, 1080, False, 0
3518,0, 1080, False, 0
3519,0, 1080, False, 0
3520,0, 1080, False, 0
3521,0, 1080, False, 0
3522,0, 1080, False, 0
3523,0, 1080, False, 0
3524,0, 1080, False, 0
3525,0, 1080, False, 0
3526,0, 1080, False, 0
3527,0, 1080, False, 0
3528,0, 1080, False, 0
3529,0, 1080, False, 0
3530,0, 1080, False, 0
3531,0, 1080, False, 0
3532,0, 1080, False, 0
3533,0, 1080, False, 0
3534,0, 1080, False, 0
3535,0, 1080, False, 0
3536,0, 1080, False, 0
3537,0, 1080, False, 0
3538,0, 1080, False, 0
3539,0, 1080, False, 0
3540,0, 1080, False, 0
3541,0, 1080, False, 0
3542,0, 1080, False, 0
3543,0, 1080, False, 0
3544,0, 1080, False, 0
3545,0, 1080, False, 0
3546,0, 1080, False, 0
3547,0, 1080, False, 0
3548,0, 1080, False, 0
3549,0, 1080, False, 0
3550,0, 1080, False, 0
3551,0, 1080, False, 0
3552,0, 1080, False, 0
3553,0, 1080, False, 0
3554,0, 1080, False, 0
3555,0, 1080, False, 5
3556,0, 1080, False, 5
3557,0, 1080, False, 5
3558,0, 1080, False, 5
3559,0, 1080, False, 5
3560,0, 1080, False, 5
3561,0, 1080, False, 5
3562,0, 1080, False, 5
3563,0, 1080, False, 5
3564,0, 1080, False, 0
3565,0, 1080, False, 0
3566,0, 1080, False, 0
3567,0, 1080, False, 0
3568,0, 1080, False, 0
3569,0, 1080, False, 0
3570,0, 1080, False, 0
3571,0, 1080, False, 0
3572,0, 1080, False, 0
3573,0, 1080, False, 0
3574,0, 1080, False, 0
3575,0, 1080, False, 0
3576,0, 1080, False, 0
3577,0, 1080, False, 0
3578,0, 1080, False, 0
3579,0, 1080, False, 0
3580,0, 1080, False, 0
3581,0, 1080, False, 0
3582,0, 1080, False, 0
3583,0, 1080, False, 0
3584,0, 1080, False, 0
3585,0, 1080, False, 0
3586,0, 1080, False, 4
3587,0, 1080, False, 4
3588,0, 1080, False, 4
3589,0, 1080, False, 4
3590,0, 1080, False, 4
3591,0, 1080, False, 4
3592,0, 1080, False, 4
3593,0, 1080, False, 4
3594,0, 1080, False, 4
3595,0, 1080, False, 4
3596,0, 1080, False, 0
3597,0, 1080, False, 0
3598,0, 1080, False, 0
3599,0, 1080, False, 0
3600,0, 1080, False, 0
3601,0, 1080, False, 0
3602,0, 1080, False, 0
3603,0, 1080, False, 0
3604,0, 1080, False, 0
3605,0, 1080, False, 0
3606,0, 1080, False, 0
3607,0, 1080, False, 0
3608,0, 1080, False, 0
3609,0, 1080, False, 0
3610,0, 1080, False, 0
3611,0, 1080, False, 0
3612,0, 1080, False, 0
3613,0, 1080, False, 0
3614,0, 1080, False, 0
3615,0, 1080, False, 0
3616,0, 1080, False, 0
3617,0, 1080, False, 0
3618,0, 1080, False, 0
3619,0, 1080, False, 4
3620,0, 1080, False, 4
3621,0, 1080, False, 4
3622,0, 1080, False, 4
3623,0, 1080, False, 4
3624,0, 1080, False, 4
3625,0, 1080, False, 4
3626,0, 1080, False, 4
3627,0, 1080, False, 4
3628,0, 1080, False, 4
3629,0, 1080, False, 4
3630,0, 1080, False, 4
3631,0, 1080, False, 0
3632,0, 1080, False, 0
3633,0, 1080, False, 0
3634,0, 1080, False, 0
3635,0, 1080, False, 0
3636,0, 1080, False, 0
3637,0, 1080, False, 0
3638,0, 1080, False, 0
3639,0, 1080, False, 0
3640,0, 1080, False, 0
3641,0, 1080, False, 0
3642,0, 1080, False, 0
3643,0, 1080, False, 0
3644,0, 1080, False, 0
3645,0, 1080, False, 0
3646,0, 1080, False, 0
3647,0, 1080, False, 0
3648,0, 1080, False, 0
3649,0, 1080, False, 0
3650,0, 1080, False, 0
3651,0, 1080, False, 0
3652,0, 1080, False, 0
3653,0, 1080, False, 0
3654,0, 1080, False, 0
3655,0, 1080, False, 2
3656,0, 1080, False, 2
3657,0, 1080, False, 2
3658,0, 1080, False, 2
3659,0, 1080, False, 2
3660,0, 1080, False, 2
3661,0, 1080, False, 2
3662,0, 1080, False, 2
3663,0, 1080, False, 2
3664,0, 1080, False, 2
3665,0, 1080, False, 2
3666,0, 1080, False, 2
3667,0, 1080, False, 2
3668,0, 1080, False, 2
3669,0, 1080, False, 2
3670,0, 1080, False, 2
3671,0, 1080, False, 0
3672,0, 1080, False, 0
3673,0, 1080, False, 0
3674,0, 1080, False, 0
3675,0, 1080, False, 0
3676,0, 1080, False, 0
3677,0, 1080, False, 0
3678,0, 1080, False, 0
3679,0, 1080, False, 0
3680,0, 1080, False, 0
3681,0, 1080, False, 0
3682,0, 1080, False, 0
3683,0, 1080, False, 0
3684,0, 1080, False, 0
3685,0, 1080, False, 0
3686,0, 1080, False, 0
3687,0, 1080, False, 0
3688,0, 1080, False, 0
3689,0, 1080, False, 0
3690,0, 1080, False, 3
3691,0, 1080, False, 3
3692,0, 1080, False, 3
3693,0, 1080, False, 3
3694,0, 1080, False, 3
3695,0, 1080, False, 3
3696,0, 1080, False, 3
3697,0, 1080, False, 3
3698,0, 1080, False, 3
3699,0, 1080, False, 3
3700,0, 1080, False, 3
3701,0, 1080, False, 3
3702,0, 1080, False, 3
3703,0, 1080, False, 3
3704,0, 1080, False, 0
3705,0, 1080, False, 0
3706,0, 1080, False, 0
3707,0, 1080, False, 0
3708,0, 1080, False, 0
3709,0, 1080, False, 0
3710,0, 1080, False, 0
3711,0, 1080, False, 0
3712,0, 1080, False, 0
3713,0, 1080, False, 2
3714,0, 1080, False, 2
3715,0, 1080, False, 2
3716,0, 1080, False, 2
3717,0, 1080, False, 2
3718,0, 1080, False, 2
3719,0, 1080, False, 2
3720,0, 1080, False, 2
3721,0, 1080, False, 2
3722,0, 1080, False, 2
3723,0, 1080, False, 2
3724,0, 1080, False, 2
3725,0, 1080, False, 0
3726,0, 1080, False, 0
3727,0, 1080, False, 0
3728,0, 1080, False, 0
3729,0, 1080, False, 0
3730,0, 1080, False, 0
3731,0, 1080, False, 0
3732,0, 1080, False, 0
3733,0, 1080, False, 0
3734,0, 1080, False, 0
3735,0, 1080, False, 0
3736,0, 1080, False, 4
3737,0, 1080, False, 4
3738,0, 1080, False, 4
3739,0, 1080, False, 4
3740,0, 1080, False, 4
3741,0, 1080, False, 4
3742,0, 1080, False, 4
3743,0, 1080, False, 4
3744,0, 1080, False, 4
3745,0, 1080, False, 4
3746,0, 1080, False, 4
3747,0, 1080, False, 4
3748,0, 1080, False, 4
3749,0, 1080, False, 4
3750,0, 1080, False, 4
3751,0, 1080, False, 4
3752,0, 1080, False, 0
3753,0, 1080, False, 0
3754,0, 1080, False, 0
3755,0, 1080, False, 0
3756,0, 1080, False, 0
3757,0, 1080, False, 0
3758,0, 1080, False, 0
3759,0, 1080, False, 0
3760,0, 1080, False, 0
3761,0, 1080, False, 0
3762,0, 1080, False, 0
3763,0, 1080, False, 0
3764,0, 1080, False, 0
3765,0, 1080, False, 0
3766,0, 1080, False, 0
3767,0, 1080, False, 0
3768,0, 1080, False, 0
3769,0, 1080, False, 0
3770,0, 1080, False, 5
3771,0, 1080, False, 5
3772,0, 1080, False, 5
3773,0, 1080, False, 5
3774,0, 1080, False, 5
3775,0, 1080, False, 5
3776,0, 1080, False, 5
3777,0, 1080, False, 5
3778,0, 1080, False, 0
3779,0, 1080, False, 0
3780,0, 1080, False, 0
3781,0, 1080, False, 0
3782,0, 1080, False, 0
3783,0, 1080, False, 0
3784,0, 1080, False, 0
3785,0, 1080, False, 0
3786,0, 1080, False, 0
3787,0, 1080, False, 0
3788,0, 1080, False, 0
3789,0, 1080, False, 0
3790,0, 1080, False, 0
3791,0, 1080, False, 0
3792,0, 1080, False, 0
3793,0, 1080, False, 0
3794,0, 1080, False, 0
3795,0, 1080, False, 0
3796,0, 1080, False, 4
3797,0, 1080, False, 4
3798,0, 1080, False, 4
3799,0, 1080, False, 4
3800,0, 1080, False, 4
3801,0, 1080, False, 4
3802,0, 1080, False, 4
3803,0, 1080, False, 4
3804,0, 1080, False, 4
3805,0, 1080, False, 4
3806,0, 1080, False, 4
3807,0, 1080, False, 4
3808,0, 1080, False, 4
3809,0, 1080, False, 0
3810,0, 1080, False, 0
3811,0, 1080, False, 0
3812,0, 1080, False, 0
3813,0, 1080, False, 0
3814,0, 1080, False, 0
3815,0, 1080, False, 0
3816,0, 1080, False, 0
3817,0, 1080, False, 0
3818,0, 1080, False, 0
3819,0, 1080, False, 0
3820,0, 1080, False, 0
3821,0, 1080, False, 0
3822,0, 1080, False, 0
3823,0, 1080, False, 0
3824,0, 1080, False, 0
3825,0, 1080, False, 0
3826,0, 1080, False, 0
3827,0, 1080, False, 0
3828,0, 1080, False, 0
3829,0, 1080, False, 0
3830,0, 1080, False, 0
3831,0, 1080, False, 0
3832,0, 1080, False, 0
3833,0, 1080, False, 0
3834,0, 1080, False, 0
3835,0, 1080, False, 0
3836,0, 1080, False, 0
3837,0, 1080, False, 0
3838,0, 1080, False, 0
3839,0, 1080, False, 0
3840,0, 1080, False, 0
3841,0, 1080, False, 0
3842,0, 1080, False, 2
3843,0, 1080, False, 2
3844,0, 1080, False, 2
3845,0, 1080, False, 2
3846,0, 1080, False, 2
3847,0, 1080, False, 2
3848,0, 1080, False, 2
3849,0, 1080, False, 2
3850,0, 1080, False, 0
3851,0, 1080, False, 0
3852,0, 1080, False, 0
3853,0, 1080, False, 0
3854,0, 1080, False, 0
3855,0, 1080, False, 0
3856,0, 1080, False, 0
3857,0, 1080, False, 0
3858,0, 1080, False, 0
3859,0, 1080, False, 0
3860,0, 1080, False, 0
3861,0, 1080, False, 0
3862,0, 1080, False, 0
3863,0, 1080, False, 0
3864,0, 1080, False, 0
3865,0, 1080, False, 0
3866,0, 1080, False, 0
3867,0, 1080, False, 0
3868,0, 1080, False, 0
3869,0, 1080, False, 0
3870,0, 1080, False, 0
3871,0, 1080, False, 0
3872,0, 1080, False, 0
3873,0, 1080, False, 0
3874,0, 1080, False, 0
3875,0, 1080, False, 0
3876,0, 1080, False, 0
3877,0, 1080, False, 0
3878,0, 1080, False, 0
3879,0, 1080, False, 0
3880,0, 1080, False, 0
3881,0, 1080, False, 0
3882,0, 1080, False, 0
3883,0, 1080, False, 2
3884,0, 1080, False, 2
3885,0, 1080, False, 2
3886,0, 1080, False, 2
3887,0, 1080, False, 2
3888,0, 1080, False, 2
3889,0, 1080, False, 2
3890,0, 1080, False, 2
3891,0, 1080, False, 2
3892,0, 1080, False, 2
3893,0, 1080, False, 0
3894,0, 1080, False, 0
3895,0, 1080, False, 0
3896,0, 1080, False, 0
3897,0, 1080, False, 0
3898,0, 1080, False, 0
3899,0, 1080, False, 0
3900,0, 1080, False, 0
3901,0, 1080, False, 0
3902,0, 1080, False, 0
3903,0, 1080, False, 0
3904,0, 1080, False, 0
3905,0, 1080, False, 0
3906,0, 1080, False, 0
3907,0, 1080, False, 0
3908,0, 1080, False, 0
3909,0, 1080, False, 0
3910,0, 1080, False, 0
3911,0, 1080, False, 0
3912,0, 1080, False, 0
3913,0, 1080, False, 0
3914,0, 1080, False, 0
3915,0, 1080, False, 0
3916,0, 1080, False, 0
3917,0, 1080, False, 0
3918,0, 1080, False, 0
3919,0, 1080, False, 0
3920,0, 1080, False, 0
3921,0, 1080, False, 0
3922,0, 1080, False, 0
3923,0, 1080, False, 0
3924,0, 1080, False, 0
3925,0, 1080, False, 0
3926,0, 1080, False, 0
3927,0, 1080, False, 0
3928,0, 1080, False, 0
3929,0, 1080, False, 0
3930,0, 1080, False, 0
3931,0, 1080, False, 0
3932,0, 1080, False, 0
3933,0, 1080, False, 0
3934,0, 1080, False, 0
3935,0, 1080, False, 0
3936,0, 1080, False, 0
3937,0, 1080, False, 0
3938,0, 1080, False, 0
3939,0, 1080, False, 0
3940,0, 1080, False, 0
3941,0, 1080, False, 0
3942,0, 1080, False, 0
3943,0, 1080, False, 0
3944,0, 1080, False, 0
3945,0, 1080, False, 0
3946,0, 1080, False, 0
3947,0, 1080, False, 0
3948,0, 1080, False, 0
3949,0, 1080, False, 0
3950,0, 1080, False, 0
3951,0, 1080, False, 0
3952,0, 1080, False, 0
3953,0, 1080, False, 0
3954,0, 1080, False, 0
3955,0, 1080, False, 0
3956,0, 1080, False, 0
3957,0, 1080, False, 0
3958,0, 1080, True, 0
