db traj id : 3555
frame,reward,score,terminal, action
0,0, 0, False, 0
1,0, 0, False, 0
2,0, 0, False, 0
3,0, 0, False, 0
4,0, 0, False, 0
5,0, 0, False, 0
6,0, 0, False, 0
7,0, 0, False, 0
8,0, 0, False, 0
9,0, 0, False, 0
10,0, 0, False, 0
11,0, 0, False, 0
12,0, 0, False, 0
13,0, 0, False, 0
14,0, 0, False, 0
15,0, 0, False, 0
16,0, 0, False, 0
17,0, 0, False, 0
18,0, 0, False, 0
19,0, 0, False, 0
20,0, 0, False, 0
21,0, 0, False, 0
22,0, 0, False, 0
23,0, 0, False, 0
24,0, 0, False, 0
25,0, 0, False, 0
26,0, 0, False, 0
27,0, 0, False, 0
28,0, 0, False, 0
29,0, 0, False, 0
30,0, 0, False, 0
31,0, 0, False, 0
32,0, 0, False, 0
33,0, 0, False, 0
34,0, 0, False, 0
35,0, 0, False, 0
36,0, 0, False, 0
37,0, 0, False, 0
38,0, 0, False, 0
39,0, 0, False, 0
40,0, 0, False, 0
41,0, 0, False, 0
42,0, 0, False, 0
43,0, 0, False, 0
44,0, 0, False, 0
45,0, 0, False, 0
46,0, 0, False, 0
47,0, 0, False, 0
48,0, 0, False, 0
49,0, 0, False, 0
50,0, 0, False, 0
51,0, 0, False, 0
52,0, 0, False, 0
53,0, 0, False, 0
54,0, 0, False, 0
55,0, 0, False, 0
56,0, 0, False, 0
57,0, 0, False, 0
58,0, 0, False, 0
59,0, 0, False, 0
60,0, 0, False, 0
61,0, 0, False, 0
62,0, 0, False, 0
63,0, 0, False, 0
64,0, 0, False, 0
65,0, 0, False, 0
66,0, 0, False, 0
67,0, 0, False, 0
68,0, 0, False, 0
69,0, 0, False, 0
70,0, 0, False, 0
71,0, 0, False, 0
72,0, 0, False, 0
73,0, 0, False, 0
74,0, 0, False, 0
75,0, 0, False, 0
76,0, 0, False, 0
77,0, 0, False, 0
78,0, 0, False, 0
79,0, 0, False, 0
80,0, 0, False, 0
81,0, 0, False, 0
82,0, 0, False, 0
83,0, 0, False, 0
84,0, 0, False, 0
85,0, 0, False, 3
86,0, 0, False, 3
87,0, 0, False, 3
88,0, 0, False, 3
89,0, 0, False, 3
90,0, 0, False, 3
91,0, 0, False, 3
92,0, 0, False, 3
93,0, 0, False, 3
94,0, 0, False, 3
95,0, 0, False, 3
96,0, 0, False, 3
97,0, 0, False, 0
98,0, 0, False, 0
99,0, 0, False, 0
100,0, 0, False, 0
101,0, 0, False, 0
102,0, 0, False, 0
103,0, 0, False, 0
104,0, 0, False, 0
105,0, 0, False, 0
106,0, 0, False, 0
107,0, 0, False, 0
108,0, 0, False, 0
109,0, 0, False, 0
110,0, 0, False, 0
111,0, 0, False, 0
112,0, 0, False, 0
113,0, 0, False, 0
114,0, 0, False, 0
115,0, 0, False, 0
116,0, 0, False, 0
117,0, 0, False, 0
118,0, 0, False, 0
119,0, 0, False, 0
120,0, 0, False, 0
121,0, 0, False, 0
122,0, 0, False, 0
123,0, 0, False, 0
124,0, 0, False, 0
125,0, 0, False, 0
126,0, 0, False, 0
127,0, 0, False, 0
128,0, 0, False, 0
129,0, 0, False, 4
130,0, 0, False, 4
131,0, 0, False, 4
132,0, 0, False, 4
133,0, 0, False, 4
134,0, 0, False, 4
135,0, 0, False, 4
136,0, 0, False, 4
137,0, 0, False, 4
138,0, 0, False, 4
139,0, 0, False, 4
140,0, 0, False, 0
141,0, 0, False, 0
142,0, 0, False, 0
143,0, 0, False, 0
144,0, 0, False, 0
145,0, 0, False, 0
146,0, 0, False, 0
147,0, 0, False, 0
148,0, 0, False, 0
149,0, 0, False, 0
150,0, 0, False, 0
151,0, 0, False, 0
152,0, 0, False, 0
153,0, 0, False, 0
154,0, 0, False, 0
155,0, 0, False, 0
156,0, 0, False, 0
157,0, 0, False, 0
158,0, 0, False, 0
159,0, 0, False, 0
160,0, 0, False, 0
161,0, 0, False, 0
162,0, 0, False, 0
163,0, 0, False, 0
164,0, 0, False, 0
165,0, 0, False, 0
166,0, 0, False, 0
167,0, 0, False, 0
168,0, 0, False, 0
169,0, 0, False, 0
170,0, 0, False, 0
171,0, 0, False, 0
172,0, 0, False, 0
173,0, 0, False, 0
174,0, 0, False, 2
175,0, 0, False, 2
176,0, 0, False, 2
177,0, 0, False, 2
178,0, 0, False, 2
179,0, 0, False, 2
180,0, 0, False, 2
181,0, 0, False, 2
182,0, 0, False, 2
183,0, 0, False, 2
184,0, 0, False, 2
185,0, 0, False, 2
186,0, 0, False, 2
187,0, 0, False, 2
188,0, 0, False, 2
189,0, 0, False, 0
190,0, 0, False, 0
191,0, 0, False, 0
192,0, 0, False, 0
193,0, 0, False, 0
194,0, 0, False, 0
195,0, 0, False, 0
196,0, 0, False, 0
197,0, 0, False, 0
198,0, 0, False, 0
199,0, 0, False, 0
200,0, 0, False, 0
201,0, 0, False, 0
202,0, 0, False, 0
203,0, 0, False, 0
204,0, 0, False, 0
205,0, 0, False, 0
206,0, 0, False, 3
207,0, 0, False, 3
208,0, 0, False, 3
209,0, 0, False, 3
210,0, 0, False, 3
211,0, 0, False, 3
212,0, 0, False, 3
213,0, 0, False, 3
214,0, 0, False, 3
215,0, 0, False, 3
216,0, 0, False, 3
217,0, 0, False, 0
218,0, 0, False, 0
219,0, 0, False, 0
220,0, 0, False, 0
221,0, 0, False, 0
222,0, 0, False, 4
223,0, 0, False, 4
224,0, 0, False, 4
225,0, 0, False, 4
226,0, 0, False, 4
227,0, 0, False, 4
228,0, 0, False, 4
229,0, 0, False, 4
230,0, 0, False, 4
231,0, 0, False, 0
232,0, 0, False, 0
233,0, 0, False, 0
234,0, 0, False, 0
235,0, 0, False, 0
236,0, 0, False, 0
237,0, 0, False, 0
238,0, 0, False, 0
239,0, 0, False, 0
240,0, 0, False, 4
241,0, 0, False, 4
242,0, 0, False, 4
243,0, 0, False, 4
244,0, 0, False, 4
245,0, 0, False, 4
246,0, 0, False, 4
247,0, 0, False, 4
248,0, 0, False, 4
249,0, 0, False, 0
250,0, 0, False, 0
251,0, 0, False, 0
252,0, 0, False, 0
253,0, 0, False, 0
254,0, 0, False, 0
255,0, 0, False, 0
256,0, 0, False, 0
257,0, 0, False, 0
258,0, 0, False, 0
259,0, 0, False, 0
260,0, 0, False, 5
261,0, 0, False, 5
262,0, 0, False, 5
263,0, 0, False, 5
264,0, 0, False, 5
265,0, 0, False, 5
266,0, 0, False, 5
267,0, 0, False, 5
268,0, 0, False, 0
269,0, 0, False, 0
270,0, 0, False, 0
271,0, 0, False, 0
272,0, 0, False, 0
273,0, 0, False, 0
274,0, 0, False, 0
275,10, 10, False, 0
276,0, 10, False, 3
277,0, 10, False, 3
278,0, 10, False, 3
279,0, 10, False, 3
280,0, 10, False, 3
281,0, 10, False, 3
282,0, 10, False, 3
283,0, 10, False, 3
284,0, 10, False, 3
285,0, 10, False, 3
286,0, 10, False, 0
287,0, 10, False, 0
288,0, 10, False, 0
289,0, 10, False, 0
290,0, 10, False, 0
291,10, 20, False, 0
292,0, 20, False, 0
293,0, 20, False, 0
294,0, 20, False, 0
295,0, 20, False, 0
296,0, 20, False, 0
297,0, 20, False, 0
298,0, 20, False, 3
299,0, 20, False, 3
300,0, 20, False, 3
301,0, 20, False, 3
302,0, 20, False, 3
303,10, 30, False, 0
304,0, 30, False, 0
305,0, 30, False, 0
306,0, 30, False, 0
307,0, 30, False, 0
308,0, 30, False, 0
309,0, 30, False, 0
310,0, 30, False, 0
311,0, 30, False, 0
312,0, 30, False, 0
313,0, 30, False, 0
314,0, 30, False, 0
315,0, 30, False, 0
316,0, 30, False, 0
317,10, 40, False, 0
318,0, 40, False, 0
319,0, 40, False, 0
320,0, 40, False, 0
321,0, 40, False, 0
322,0, 40, False, 0
323,0, 40, False, 0
324,0, 40, False, 0
325,0, 40, False, 0
326,0, 40, False, 0
327,0, 40, False, 0
328,0, 40, False, 0
329,0, 40, False, 0
330,0, 40, False, 0
331,10, 50, False, 0
332,0, 50, False, 0
333,0, 50, False, 0
334,0, 50, False, 0
335,0, 50, False, 0
336,0, 50, False, 0
337,0, 50, False, 0
338,0, 50, False, 0
339,0, 50, False, 0
340,0, 50, False, 0
341,0, 50, False, 0
342,0, 50, False, 0
343,10, 60, False, 0
344,0, 60, False, 0
345,0, 60, False, 4
346,0, 60, False, 4
347,0, 60, False, 4
348,0, 60, False, 4
349,0, 60, False, 4
350,0, 60, False, 4
351,0, 60, False, 4
352,0, 60, False, 4
353,0, 60, False, 4
354,0, 60, False, 0
355,0, 60, False, 0
356,0, 60, False, 0
357,0, 60, False, 0
358,0, 60, False, 0
359,0, 60, False, 0
360,0, 60, False, 0
361,0, 60, False, 0
362,0, 60, False, 5
363,0, 60, False, 5
364,0, 60, False, 5
365,0, 60, False, 5
366,0, 60, False, 5
367,0, 60, False, 5
368,0, 60, False, 5
369,0, 60, False, 0
370,0, 60, False, 0
371,0, 60, False, 0
372,0, 60, False, 0
373,0, 60, False, 0
374,0, 60, False, 0
375,0, 60, False, 0
376,0, 60, False, 0
377,0, 60, False, 0
378,0, 60, False, 0
379,0, 60, False, 0
380,0, 60, False, 0
381,0, 60, False, 0
382,0, 60, False, 0
383,0, 60, False, 0
384,0, 60, False, 0
385,0, 60, False, 0
386,0, 60, False, 0
387,0, 60, False, 0
388,0, 60, False, 0
389,0, 60, False, 0
390,0, 60, False, 0
391,0, 60, False, 0
392,0, 60, False, 0
393,0, 60, False, 0
394,0, 60, False, 0
395,0, 60, False, 0
396,0, 60, False, 0
397,0, 60, False, 0
398,0, 60, False, 0
399,0, 60, False, 0
400,0, 60, False, 0
401,0, 60, False, 0
402,0, 60, False, 0
403,0, 60, False, 0
404,0, 60, False, 0
405,0, 60, False, 0
406,0, 60, False, 0
407,0, 60, False, 0
408,0, 60, False, 0
409,0, 60, False, 0
410,0, 60, False, 0
411,0, 60, False, 0
412,0, 60, False, 0
413,0, 60, False, 0
414,0, 60, False, 0
415,10, 70, False, 0
416,0, 70, False, 0
417,0, 70, False, 0
418,0, 70, False, 0
419,0, 70, False, 0
420,0, 70, False, 0
421,0, 70, False, 0
422,0, 70, False, 0
423,0, 70, False, 0
424,0, 70, False, 0
425,0, 70, False, 0
426,0, 70, False, 0
427,10, 80, False, 0
428,0, 80, False, 0
429,0, 80, False, 0
430,0, 80, False, 0
431,0, 80, False, 0
432,0, 80, False, 0
433,0, 80, False, 0
434,0, 80, False, 0
435,0, 80, False, 0
436,0, 80, False, 0
437,0, 80, False, 0
438,0, 80, False, 0
439,0, 80, False, 0
440,0, 80, False, 0
441,10, 90, False, 0
442,0, 90, False, 0
443,0, 90, False, 0
444,0, 90, False, 0
445,0, 90, False, 0
446,0, 90, False, 0
447,0, 90, False, 0
448,0, 90, False, 0
449,0, 90, False, 0
450,0, 90, False, 0
451,0, 90, False, 0
452,0, 90, False, 0
453,0, 90, False, 0
454,0, 90, False, 0
455,10, 100, False, 0
456,0, 100, False, 0
457,0, 100, False, 0
458,0, 100, False, 0
459,0, 100, False, 0
460,0, 100, False, 0
461,0, 100, False, 0
462,0, 100, False, 0
463,0, 100, False, 0
464,0, 100, False, 0
465,0, 100, False, 0
466,0, 100, False, 0
467,10, 110, False, 0
468,0, 110, False, 0
469,0, 110, False, 0
470,0, 110, False, 0
471,0, 110, False, 0
472,0, 110, False, 0
473,0, 110, False, 0
474,0, 110, False, 0
475,0, 110, False, 0
476,0, 110, False, 0
477,0, 110, False, 0
478,0, 110, False, 0
479,0, 110, False, 0
480,0, 110, False, 0
481,0, 110, False, 0
482,0, 110, False, 0
483,0, 110, False, 0
484,0, 110, False, 0
485,0, 110, False, 0
486,0, 110, False, 0
487,0, 110, False, 0
488,0, 110, False, 0
489,0, 110, False, 0
490,0, 110, False, 0
491,0, 110, False, 0
492,0, 110, False, 0
493,0, 110, False, 0
494,0, 110, False, 0
495,0, 110, False, 0
496,0, 110, False, 0
497,0, 110, False, 0
498,0, 110, False, 0
499,0, 110, False, 0
500,0, 110, False, 0
501,0, 110, False, 0
502,0, 110, False, 0
503,0, 110, False, 0
504,0, 110, False, 0
505,0, 110, False, 0
506,0, 110, False, 0
507,0, 110, False, 0
508,0, 110, False, 0
509,0, 110, False, 0
510,0, 110, False, 0
511,0, 110, False, 0
512,0, 110, False, 0
513,0, 110, False, 0
514,0, 110, False, 0
515,0, 110, False, 0
516,0, 110, False, 0
517,0, 110, False, 0
518,0, 110, False, 0
519,0, 110, False, 0
520,0, 110, False, 0
521,0, 110, False, 0
522,0, 110, False, 0
523,0, 110, False, 0
524,0, 110, False, 0
525,0, 110, False, 0
526,0, 110, False, 0
527,0, 110, False, 0
528,0, 110, False, 0
529,0, 110, False, 0
530,0, 110, False, 0
531,0, 110, False, 0
532,0, 110, False, 0
533,0, 110, False, 0
534,0, 110, False, 0
535,0, 110, False, 0
536,0, 110, False, 0
537,0, 110, False, 0
538,0, 110, False, 0
539,0, 110, False, 0
540,0, 110, False, 0
541,0, 110, False, 0
542,0, 110, False, 0
543,0, 110, False, 0
544,0, 110, False, 0
545,0, 110, False, 0
546,0, 110, False, 0
547,0, 110, False, 0
548,0, 110, False, 0
549,0, 110, False, 0
550,0, 110, False, 0
551,0, 110, False, 0
552,0, 110, False, 0
553,0, 110, False, 0
554,0, 110, False, 0
555,0, 110, False, 0
556,0, 110, False, 0
557,0, 110, False, 0
558,0, 110, False, 0
559,0, 110, False, 0
560,0, 110, False, 0
561,0, 110, False, 0
562,0, 110, False, 0
563,0, 110, False, 0
564,0, 110, False, 0
565,0, 110, False, 0
566,0, 110, False, 0
567,0, 110, False, 0
568,0, 110, False, 0
569,0, 110, False, 0
570,0, 110, False, 0
571,0, 110, False, 0
572,0, 110, False, 0
573,0, 110, False, 0
574,0, 110, False, 0
575,0, 110, False, 0
576,0, 110, False, 0
577,0, 110, False, 0
578,0, 110, False, 0
579,0, 110, False, 0
580,0, 110, False, 0
581,0, 110, False, 0
582,0, 110, False, 0
583,0, 110, False, 0
584,0, 110, False, 0
585,0, 110, False, 0
586,0, 110, False, 0
587,0, 110, False, 0
588,0, 110, False, 0
589,0, 110, False, 0
590,0, 110, False, 0
591,0, 110, False, 0
592,0, 110, False, 0
593,0, 110, False, 0
594,0, 110, False, 0
595,0, 110, False, 0
596,0, 110, False, 0
597,0, 110, False, 0
598,0, 110, False, 0
599,0, 110, False, 0
600,0, 110, False, 0
601,0, 110, False, 0
602,0, 110, False, 0
603,0, 110, False, 0
604,0, 110, False, 0
605,0, 110, False, 0
606,0, 110, False, 0
607,0, 110, False, 0
608,0, 110, False, 0
609,0, 110, False, 0
610,0, 110, False, 0
611,0, 110, False, 0
612,0, 110, False, 0
613,0, 110, False, 0
614,0, 110, False, 0
615,0, 110, False, 0
616,0, 110, False, 0
617,0, 110, False, 0
618,0, 110, False, 0
619,0, 110, False, 0
620,0, 110, False, 0
621,0, 110, False, 0
622,0, 110, False, 0
623,0, 110, False, 0
624,0, 110, False, 0
625,0, 110, False, 0
626,0, 110, False, 0
627,0, 110, False, 0
628,0, 110, False, 0
629,0, 110, False, 0
630,0, 110, False, 0
631,0, 110, False, 0
632,0, 110, False, 0
633,0, 110, False, 0
634,0, 110, False, 0
635,0, 110, False, 0
636,0, 110, False, 0
637,0, 110, False, 0
638,0, 110, False, 0
639,0, 110, False, 0
640,0, 110, False, 0
641,0, 110, False, 0
642,0, 110, False, 0
643,0, 110, False, 0
644,0, 110, False, 0
645,0, 110, False, 0
646,0, 110, False, 0
647,0, 110, False, 0
648,0, 110, False, 0
649,0, 110, False, 0
650,0, 110, False, 0
651,0, 110, False, 0
652,0, 110, False, 0
653,0, 110, False, 0
654,0, 110, False, 0
655,0, 110, False, 0
656,0, 110, False, 0
657,0, 110, False, 0
658,0, 110, False, 0
659,0, 110, False, 0
660,0, 110, False, 0
661,0, 110, False, 0
662,0, 110, False, 0
663,0, 110, False, 0
664,0, 110, False, 0
665,0, 110, False, 0
666,0, 110, False, 0
667,0, 110, False, 0
668,0, 110, False, 0
669,0, 110, False, 0
670,0, 110, False, 0
671,0, 110, False, 0
672,0, 110, False, 0
673,0, 110, False, 0
674,0, 110, False, 0
675,0, 110, False, 0
676,0, 110, False, 0
677,0, 110, False, 0
678,0, 110, False, 0
679,0, 110, False, 0
680,0, 110, False, 0
681,0, 110, False, 0
682,0, 110, False, 0
683,0, 110, False, 0
684,0, 110, False, 0
685,0, 110, False, 0
686,0, 110, False, 0
687,0, 110, False, 0
688,0, 110, False, 0
689,0, 110, False, 0
690,0, 110, False, 0
691,0, 110, False, 0
692,0, 110, False, 0
693,0, 110, False, 0
694,0, 110, False, 0
695,0, 110, False, 0
696,0, 110, False, 0
697,0, 110, False, 0
698,0, 110, False, 0
699,0, 110, False, 0
700,0, 110, False, 0
701,0, 110, False, 0
702,0, 110, False, 0
703,0, 110, False, 0
704,0, 110, False, 0
705,0, 110, False, 0
706,0, 110, False, 0
707,0, 110, False, 0
708,0, 110, False, 0
709,0, 110, False, 0
710,0, 110, False, 0
711,0, 110, False, 0
712,0, 110, False, 0
713,0, 110, False, 0
714,0, 110, False, 0
715,0, 110, False, 0
716,0, 110, False, 0
717,0, 110, False, 0
718,0, 110, False, 0
719,0, 110, False, 0
720,0, 110, False, 0
721,0, 110, False, 0
722,0, 110, False, 0
723,0, 110, False, 0
724,0, 110, False, 0
725,0, 110, False, 0
726,0, 110, False, 0
727,0, 110, False, 0
728,0, 110, False, 0
729,0, 110, False, 0
730,0, 110, False, 0
731,0, 110, False, 0
732,0, 110, False, 0
733,0, 110, False, 0
734,0, 110, False, 0
735,0, 110, False, 0
736,0, 110, False, 0
737,0, 110, False, 0
738,0, 110, False, 0
739,0, 110, False, 0
740,0, 110, False, 0
741,0, 110, False, 0
742,0, 110, False, 0
743,0, 110, False, 0
744,0, 110, False, 0
745,0, 110, False, 0
746,0, 110, False, 0
747,0, 110, False, 0
748,0, 110, False, 0
749,0, 110, False, 0
750,0, 110, False, 0
751,0, 110, False, 0
752,0, 110, False, 0
753,0, 110, False, 0
754,0, 110, False, 0
755,0, 110, False, 0
756,0, 110, False, 0
757,0, 110, False, 0
758,0, 110, False, 0
759,0, 110, False, 0
760,0, 110, False, 0
761,0, 110, False, 0
762,0, 110, False, 0
763,0, 110, False, 0
764,0, 110, False, 0
765,0, 110, False, 0
766,0, 110, False, 0
767,0, 110, False, 0
768,0, 110, False, 0
769,0, 110, False, 0
770,0, 110, False, 0
771,0, 110, False, 0
772,0, 110, False, 0
773,0, 110, False, 0
774,0, 110, False, 0
775,0, 110, False, 0
776,0, 110, False, 0
777,0, 110, False, 0
778,0, 110, False, 0
779,0, 110, False, 0
780,0, 110, False, 0
781,0, 110, False, 0
782,0, 110, False, 0
783,0, 110, False, 0
784,0, 110, False, 0
785,0, 110, False, 0
786,0, 110, False, 0
787,0, 110, False, 0
788,0, 110, False, 0
789,0, 110, False, 0
790,0, 110, False, 0
791,0, 110, False, 0
792,0, 110, False, 0
793,0, 110, False, 0
794,0, 110, False, 0
795,0, 110, False, 0
796,0, 110, False, 0
797,0, 110, False, 0
798,0, 110, False, 0
799,0, 110, False, 0
800,0, 110, False, 0
801,0, 110, False, 0
802,0, 110, False, 0
803,0, 110, False, 0
804,0, 110, False, 0
805,0, 110, False, 0
806,0, 110, False, 0
807,0, 110, False, 0
808,0, 110, False, 0
809,0, 110, False, 0
810,0, 110, False, 0
811,0, 110, False, 0
812,0, 110, False, 0
813,0, 110, False, 0
814,0, 110, False, 0
815,0, 110, False, 0
816,0, 110, False, 0
817,0, 110, False, 0
818,0, 110, False, 0
819,0, 110, False, 0
820,0, 110, False, 0
821,0, 110, False, 0
822,0, 110, False, 0
823,0, 110, False, 0
824,0, 110, False, 0
825,0, 110, False, 0
826,0, 110, False, 0
827,0, 110, False, 0
828,0, 110, False, 0
829,0, 110, False, 0
830,0, 110, False, 0
831,0, 110, False, 0
832,0, 110, False, 0
833,0, 110, False, 0
834,0, 110, False, 0
835,0, 110, False, 0
836,0, 110, False, 0
837,0, 110, False, 0
838,0, 110, False, 0
839,0, 110, False, 0
840,0, 110, False, 0
841,0, 110, False, 0
842,0, 110, False, 0
843,0, 110, False, 0
844,0, 110, False, 0
845,0, 110, False, 0
846,0, 110, False, 0
847,0, 110, False, 0
848,0, 110, False, 0
849,0, 110, False, 0
850,0, 110, False, 0
851,0, 110, False, 0
852,0, 110, False, 0
853,0, 110, False, 0
854,0, 110, False, 0
855,0, 110, False, 0
856,0, 110, False, 0
857,0, 110, False, 0
858,0, 110, False, 0
859,0, 110, False, 0
860,0, 110, False, 0
861,0, 110, False, 0
862,0, 110, False, 0
863,0, 110, False, 0
864,0, 110, False, 0
865,0, 110, False, 0
866,0, 110, False, 0
867,0, 110, False, 0
868,0, 110, False, 0
869,0, 110, False, 0
870,0, 110, False, 0
871,0, 110, False, 0
872,0, 110, False, 0
873,0, 110, False, 0
874,0, 110, False, 0
875,0, 110, False, 0
876,0, 110, False, 0
877,0, 110, False, 0
878,0, 110, False, 0
879,0, 110, False, 0
880,0, 110, False, 0
881,0, 110, False, 0
882,0, 110, False, 0
883,0, 110, False, 0
884,0, 110, False, 0
885,0, 110, False, 0
886,0, 110, False, 0
887,0, 110, False, 0
888,0, 110, False, 0
889,0, 110, False, 0
890,0, 110, False, 0
891,0, 110, False, 0
892,0, 110, False, 0
893,0, 110, False, 0
894,0, 110, False, 0
895,0, 110, False, 0
896,0, 110, False, 0
897,0, 110, False, 0
898,0, 110, False, 0
899,0, 110, False, 0
900,0, 110, False, 0
901,0, 110, False, 0
902,0, 110, False, 0
903,0, 110, False, 0
904,0, 110, False, 0
905,0, 110, False, 0
906,0, 110, False, 0
907,0, 110, False, 0
908,0, 110, False, 0
909,0, 110, False, 0
910,0, 110, False, 0
911,0, 110, False, 0
912,0, 110, False, 0
913,0, 110, False, 0
914,0, 110, False, 0
915,0, 110, False, 0
916,0, 110, False, 0
917,0, 110, False, 0
918,0, 110, False, 0
919,0, 110, False, 0
920,0, 110, False, 0
921,0, 110, False, 0
922,0, 110, False, 0
923,0, 110, False, 0
924,0, 110, False, 0
925,0, 110, False, 0
926,0, 110, False, 0
927,0, 110, False, 0
928,0, 110, False, 0
929,0, 110, False, 0
930,0, 110, False, 0
931,0, 110, False, 0
932,0, 110, False, 0
933,0, 110, False, 0
934,0, 110, False, 0
935,0, 110, False, 0
936,0, 110, False, 0
937,0, 110, False, 0
938,0, 110, False, 0
939,0, 110, False, 0
940,0, 110, False, 0
941,0, 110, False, 0
942,0, 110, False, 0
943,0, 110, False, 0
944,0, 110, False, 0
945,0, 110, False, 0
946,0, 110, False, 0
947,0, 110, False, 0
948,0, 110, False, 0
949,0, 110, False, 0
950,0, 110, False, 0
951,0, 110, False, 0
952,0, 110, False, 0
953,0, 110, False, 0
954,0, 110, False, 0
955,0, 110, False, 0
956,0, 110, False, 0
957,0, 110, False, 0
958,0, 110, False, 0
959,0, 110, False, 0
960,0, 110, False, 0
961,0, 110, False, 0
962,0, 110, False, 0
963,0, 110, False, 0
964,0, 110, False, 0
965,0, 110, False, 0
966,0, 110, False, 0
967,0, 110, False, 0
968,0, 110, False, 0
969,0, 110, False, 0
970,0, 110, False, 0
971,0, 110, False, 0
972,0, 110, False, 0
973,0, 110, False, 0
974,0, 110, False, 0
975,0, 110, False, 0
976,0, 110, False, 0
977,0, 110, False, 0
978,0, 110, False, 0
979,0, 110, False, 0
980,0, 110, False, 0
981,0, 110, False, 0
982,0, 110, False, 0
983,0, 110, False, 0
984,0, 110, False, 0
985,0, 110, False, 0
986,0, 110, False, 0
987,0, 110, False, 0
988,0, 110, False, 0
989,0, 110, False, 0
990,0, 110, False, 0
991,0, 110, False, 0
992,0, 110, False, 0
993,0, 110, False, 0
994,0, 110, False, 0
995,0, 110, False, 0
996,0, 110, False, 0
997,0, 110, False, 0
998,0, 110, False, 0
999,0, 110, False, 0
1000,0, 110, False, 0
1001,0, 110, False, 0
1002,0, 110, False, 0
1003,0, 110, False, 0
1004,0, 110, False, 0
1005,0, 110, False, 0
1006,0, 110, False, 0
1007,0, 110, False, 0
1008,0, 110, False, 0
1009,0, 110, False, 0
1010,0, 110, False, 0
1011,0, 110, False, 0
1012,0, 110, False, 0
1013,0, 110, False, 0
1014,0, 110, False, 0
1015,0, 110, False, 0
1016,0, 110, False, 0
1017,0, 110, False, 0
1018,0, 110, False, 0
1019,0, 110, False, 0
1020,0, 110, False, 0
1021,0, 110, False, 0
1022,0, 110, False, 0
1023,0, 110, False, 0
1024,0, 110, False, 0
1025,0, 110, False, 0
1026,0, 110, False, 0
1027,0, 110, False, 0
1028,0, 110, False, 0
1029,0, 110, False, 0
1030,0, 110, False, 0
1031,0, 110, False, 0
1032,0, 110, False, 0
1033,0, 110, False, 0
1034,0, 110, False, 0
1035,0, 110, False, 0
1036,0, 110, False, 0
1037,0, 110, False, 0
1038,0, 110, False, 0
1039,0, 110, False, 0
1040,0, 110, False, 0
1041,0, 110, False, 0
1042,0, 110, False, 0
1043,0, 110, False, 0
1044,0, 110, False, 0
1045,0, 110, False, 0
1046,0, 110, False, 0
1047,0, 110, False, 0
1048,0, 110, False, 0
1049,0, 110, False, 0
1050,0, 110, False, 0
1051,0, 110, False, 0
1052,0, 110, False, 0
1053,0, 110, False, 0
1054,0, 110, False, 0
1055,0, 110, False, 0
1056,0, 110, False, 0
1057,0, 110, False, 0
1058,0, 110, False, 0
1059,0, 110, False, 0
1060,0, 110, False, 0
1061,0, 110, False, 0
1062,0, 110, False, 0
1063,0, 110, False, 0
1064,0, 110, False, 0
1065,0, 110, False, 0
1066,0, 110, False, 0
1067,0, 110, False, 0
1068,0, 110, False, 0
1069,0, 110, False, 0
1070,0, 110, False, 0
1071,0, 110, False, 0
1072,0, 110, False, 0
1073,0, 110, False, 0
1074,0, 110, False, 0
1075,0, 110, False, 0
1076,0, 110, False, 0
1077,0, 110, False, 0
1078,0, 110, False, 0
1079,0, 110, False, 0
1080,0, 110, False, 0
1081,0, 110, False, 0
1082,0, 110, False, 0
1083,0, 110, False, 0
1084,0, 110, False, 0
1085,0, 110, False, 0
1086,0, 110, False, 0
1087,0, 110, False, 0
1088,0, 110, False, 0
1089,0, 110, False, 0
1090,0, 110, False, 0
1091,0, 110, False, 0
1092,0, 110, False, 0
1093,0, 110, False, 0
1094,0, 110, False, 0
1095,0, 110, False, 0
1096,0, 110, False, 0
1097,0, 110, False, 0
1098,0, 110, False, 0
1099,0, 110, False, 0
1100,0, 110, False, 0
1101,0, 110, False, 0
1102,0, 110, False, 0
1103,0, 110, False, 0
1104,0, 110, False, 0
1105,0, 110, False, 0
1106,0, 110, False, 0
1107,0, 110, False, 0
1108,0, 110, False, 0
1109,0, 110, False, 0
1110,0, 110, False, 0
1111,0, 110, False, 0
1112,0, 110, False, 0
1113,0, 110, False, 0
1114,0, 110, False, 0
1115,0, 110, False, 0
1116,0, 110, False, 0
1117,0, 110, False, 0
1118,0, 110, False, 0
1119,0, 110, False, 0
1120,0, 110, False, 0
1121,0, 110, False, 0
1122,0, 110, False, 0
1123,0, 110, False, 0
1124,0, 110, False, 0
1125,0, 110, False, 0
1126,0, 110, False, 0
1127,0, 110, False, 0
1128,0, 110, False, 0
1129,0, 110, False, 0
1130,0, 110, False, 0
1131,0, 110, False, 0
1132,0, 110, False, 0
1133,0, 110, False, 0
1134,0, 110, False, 0
1135,0, 110, False, 0
1136,0, 110, False, 0
1137,0, 110, False, 0
1138,0, 110, False, 0
1139,0, 110, False, 0
1140,0, 110, False, 0
1141,0, 110, False, 0
1142,0, 110, False, 0
1143,0, 110, False, 0
1144,0, 110, False, 0
1145,0, 110, False, 0
1146,0, 110, False, 0
1147,0, 110, False, 0
1148,0, 110, False, 0
1149,0, 110, False, 0
1150,0, 110, False, 0
1151,0, 110, False, 0
1152,0, 110, False, 0
1153,0, 110, False, 0
1154,0, 110, False, 0
1155,0, 110, False, 0
1156,0, 110, False, 0
1157,0, 110, False, 0
1158,0, 110, False, 0
1159,0, 110, False, 0
1160,0, 110, False, 0
1161,0, 110, False, 0
1162,0, 110, False, 0
1163,0, 110, False, 0
1164,0, 110, False, 0
1165,0, 110, False, 0
1166,0, 110, False, 0
1167,0, 110, False, 0
1168,0, 110, False, 0
1169,0, 110, False, 0
1170,0, 110, False, 0
1171,0, 110, False, 0
1172,0, 110, False, 0
1173,0, 110, False, 0
1174,0, 110, False, 0
1175,0, 110, False, 0
1176,0, 110, False, 0
1177,0, 110, False, 0
1178,0, 110, False, 0
1179,0, 110, False, 0
1180,0, 110, False, 0
1181,0, 110, False, 0
1182,0, 110, False, 0
1183,0, 110, False, 0
1184,0, 110, False, 0
1185,0, 110, False, 0
1186,0, 110, False, 0
1187,0, 110, False, 0
1188,0, 110, False, 0
1189,0, 110, False, 0
1190,0, 110, False, 0
1191,0, 110, False, 0
1192,0, 110, False, 0
1193,0, 110, False, 0
1194,0, 110, False, 0
1195,0, 110, False, 0
1196,0, 110, False, 0
1197,0, 110, False, 0
1198,0, 110, False, 0
1199,0, 110, False, 0
1200,0, 110, False, 0
1201,0, 110, False, 0
1202,0, 110, False, 0
1203,0, 110, False, 0
1204,0, 110, False, 0
1205,0, 110, False, 0
1206,0, 110, False, 0
1207,0, 110, False, 0
1208,0, 110, False, 0
1209,0, 110, False, 0
1210,0, 110, False, 0
1211,0, 110, False, 0
1212,0, 110, False, 0
1213,0, 110, False, 0
1214,0, 110, False, 0
1215,0, 110, False, 0
1216,0, 110, False, 0
1217,0, 110, False, 0
1218,0, 110, False, 0
1219,0, 110, False, 0
1220,0, 110, False, 0
1221,0, 110, False, 0
1222,0, 110, False, 0
1223,0, 110, False, 0
1224,0, 110, False, 0
1225,0, 110, False, 0
1226,0, 110, False, 0
1227,0, 110, False, 0
1228,0, 110, False, 0
1229,0, 110, False, 0
1230,0, 110, False, 0
1231,0, 110, False, 0
1232,0, 110, False, 0
1233,0, 110, False, 0
1234,0, 110, False, 0
1235,0, 110, False, 0
1236,0, 110, False, 0
1237,0, 110, False, 0
1238,0, 110, False, 0
1239,0, 110, False, 0
1240,0, 110, False, 0
1241,0, 110, False, 0
1242,0, 110, False, 0
1243,0, 110, False, 0
1244,0, 110, False, 0
1245,0, 110, False, 0
1246,0, 110, False, 0
1247,0, 110, False, 0
1248,0, 110, False, 0
1249,0, 110, False, 0
1250,0, 110, False, 0
1251,0, 110, False, 0
1252,0, 110, False, 0
1253,0, 110, False, 0
1254,0, 110, False, 0
1255,0, 110, False, 0
1256,0, 110, False, 0
1257,0, 110, False, 0
1258,0, 110, False, 0
1259,0, 110, False, 0
1260,0, 110, False, 0
1261,0, 110, False, 0
1262,0, 110, False, 0
1263,0, 110, False, 0
1264,0, 110, False, 0
1265,0, 110, False, 0
1266,0, 110, False, 0
1267,0, 110, False, 0
1268,0, 110, False, 0
1269,0, 110, False, 0
1270,0, 110, False, 0
1271,0, 110, False, 0
1272,0, 110, False, 0
1273,0, 110, False, 0
1274,0, 110, False, 0
1275,0, 110, False, 0
1276,0, 110, False, 0
1277,0, 110, False, 0
1278,0, 110, False, 0
1279,0, 110, False, 0
1280,0, 110, False, 0
1281,0, 110, False, 0
1282,0, 110, False, 0
1283,0, 110, False, 0
1284,0, 110, False, 0
1285,0, 110, False, 0
1286,0, 110, False, 0
1287,0, 110, False, 0
1288,0, 110, False, 0
1289,0, 110, False, 0
1290,0, 110, False, 0
1291,0, 110, False, 0
1292,0, 110, False, 0
1293,0, 110, False, 0
1294,0, 110, False, 0
1295,0, 110, False, 0
1296,0, 110, False, 0
1297,0, 110, False, 0
1298,0, 110, False, 0
1299,0, 110, False, 0
1300,0, 110, False, 0
1301,0, 110, False, 0
1302,0, 110, False, 0
1303,0, 110, False, 0
1304,0, 110, False, 0
1305,0, 110, False, 0
1306,0, 110, False, 0
1307,0, 110, False, 0
1308,0, 110, False, 0
1309,0, 110, False, 0
1310,0, 110, False, 0
1311,0, 110, False, 0
1312,0, 110, False, 0
1313,0, 110, False, 0
1314,0, 110, False, 0
1315,0, 110, False, 0
1316,0, 110, False, 0
1317,0, 110, False, 0
1318,0, 110, False, 0
1319,0, 110, False, 0
1320,0, 110, False, 0
1321,0, 110, False, 0
1322,0, 110, False, 0
1323,0, 110, False, 0
1324,0, 110, False, 0
1325,0, 110, False, 0
1326,0, 110, False, 0
1327,0, 110, False, 0
1328,0, 110, False, 0
1329,0, 110, False, 0
1330,0, 110, False, 5
1331,0, 110, False, 5
1332,0, 110, False, 5
1333,0, 110, False, 5
1334,0, 110, False, 5
1335,0, 110, False, 5
1336,0, 110, False, 5
1337,10, 120, False, 5
1338,0, 120, False, 0
1339,0, 120, False, 0
1340,0, 120, False, 0
1341,0, 120, False, 0
1342,0, 120, False, 0
1343,0, 120, False, 0
1344,0, 120, False, 0
1345,0, 120, False, 0
1346,0, 120, False, 0
1347,0, 120, False, 0
1348,0, 120, False, 0
1349,0, 120, False, 0
1350,0, 120, False, 0
1351,10, 130, False, 0
1352,0, 130, False, 0
1353,0, 130, False, 0
1354,0, 130, False, 0
1355,0, 130, False, 0
1356,0, 130, False, 0
1357,0, 130, False, 0
1358,0, 130, False, 0
1359,0, 130, False, 0
1360,0, 130, False, 0
1361,0, 130, False, 0
1362,0, 130, False, 0
1363,0, 130, False, 0
1364,0, 130, False, 0
1365,10, 140, False, 0
1366,0, 140, False, 0
1367,0, 140, False, 0
1368,0, 140, False, 0
1369,0, 140, False, 0
1370,0, 140, False, 0
1371,0, 140, False, 0
1372,0, 140, False, 0
1373,0, 140, False, 0
1374,0, 140, False, 0
1375,0, 140, False, 0
1376,0, 140, False, 0
1377,0, 140, False, 0
1378,0, 140, False, 0
1379,10, 150, False, 0
1380,0, 150, False, 0
1381,0, 150, False, 0
1382,0, 150, False, 0
1383,0, 150, False, 0
1384,0, 150, False, 0
1385,0, 150, False, 0
1386,0, 150, False, 0
1387,0, 150, False, 0
1388,0, 150, False, 0
1389,0, 150, False, 0
1390,0, 150, False, 0
1391,0, 150, False, 0
1392,0, 150, False, 0
1393,10, 160, False, 0
1394,0, 160, False, 0
1395,0, 160, False, 4
1396,0, 160, False, 4
1397,0, 160, False, 4
1398,0, 160, False, 4
1399,0, 160, False, 4
1400,0, 160, False, 4
1401,0, 160, False, 0
1402,0, 160, False, 0
1403,0, 160, False, 0
1404,0, 160, False, 0
1405,0, 160, False, 0
1406,0, 160, False, 0
1407,0, 160, False, 0
1408,0, 160, False, 0
1409,10, 170, False, 0
1410,0, 170, False, 0
1411,0, 170, False, 0
1412,0, 170, False, 0
1413,0, 170, False, 0
1414,0, 170, False, 0
1415,0, 170, False, 0
1416,0, 170, False, 0
1417,0, 170, False, 0
1418,0, 170, False, 0
1419,0, 170, False, 0
1420,0, 170, False, 0
1421,0, 170, False, 0
1422,0, 170, False, 0
1423,10, 180, False, 0
1424,0, 180, False, 0
1425,0, 180, False, 0
1426,0, 180, False, 0
1427,0, 180, False, 0
1428,0, 180, False, 0
1429,0, 180, False, 0
1430,0, 180, False, 0
1431,0, 180, False, 0
1432,0, 180, False, 0
1433,0, 180, False, 0
1434,0, 180, False, 0
1435,10, 190, False, 0
1436,0, 190, False, 0
1437,0, 190, False, 0
1438,0, 190, False, 0
1439,0, 190, False, 0
1440,0, 190, False, 2
1441,0, 190, False, 2
1442,0, 190, False, 2
1443,0, 190, False, 2
1444,0, 190, False, 2
1445,0, 190, False, 2
1446,0, 190, False, 2
1447,0, 190, False, 0
1448,0, 190, False, 0
1449,0, 190, False, 0
1450,0, 190, False, 0
1451,0, 190, False, 0
1452,0, 190, False, 0
1453,0, 190, False, 0
1454,0, 190, False, 0
1455,0, 190, False, 0
1456,0, 190, False, 0
1457,50, 240, False, 0
1458,0, 240, False, 0
1459,0, 240, False, 0
1460,0, 240, False, 0
1461,0, 240, False, 0
1462,0, 240, False, 0
1463,0, 240, False, 0
1464,0, 240, False, 0
1465,10, 250, False, 0
1466,0, 250, False, 0
1467,0, 250, False, 0
1468,0, 250, False, 0
1469,0, 250, False, 5
1470,0, 250, False, 5
1471,0, 250, False, 5
1472,0, 250, False, 5
1473,0, 250, False, 5
1474,0, 250, False, 5
1475,0, 250, False, 5
1476,0, 250, False, 5
1477,0, 250, False, 5
1478,0, 250, False, 0
1479,0, 250, False, 0
1480,0, 250, False, 0
1481,0, 250, False, 0
1482,0, 250, False, 0
1483,0, 250, False, 0
1484,0, 250, False, 0
1485,0, 250, False, 0
1486,0, 250, False, 0
1487,0, 250, False, 0
1488,0, 250, False, 0
1489,0, 250, False, 0
1490,0, 250, False, 0
1491,0, 250, False, 0
1492,0, 250, False, 0
1493,0, 250, False, 0
1494,0, 250, False, 0
1495,0, 250, False, 0
1496,0, 250, False, 0
1497,0, 250, False, 0
1498,0, 250, False, 0
1499,0, 250, False, 0
1500,0, 250, False, 0
1501,0, 250, False, 0
1502,0, 250, False, 0
1503,0, 250, False, 0
1504,0, 250, False, 0
1505,0, 250, False, 0
1506,0, 250, False, 0
1507,0, 250, False, 0
1508,0, 250, False, 0
1509,0, 250, False, 0
1510,0, 250, False, 0
1511,0, 250, False, 0
1512,0, 250, False, 0
1513,0, 250, False, 0
1514,0, 250, False, 2
1515,0, 250, False, 2
1516,0, 250, False, 2
1517,0, 250, False, 2
1518,0, 250, False, 2
1519,0, 250, False, 2
1520,0, 250, False, 0
1521,0, 250, False, 0
1522,0, 250, False, 0
1523,0, 250, False, 0
1524,0, 250, False, 0
1525,0, 250, False, 0
1526,0, 250, False, 0
1527,0, 250, False, 0
1528,0, 250, False, 0
1529,0, 250, False, 0
1530,0, 250, False, 0
1531,0, 250, False, 0
1532,0, 250, False, 0
1533,0, 250, False, 0
1534,0, 250, False, 0
1535,0, 250, False, 0
1536,0, 250, False, 0
1537,0, 250, False, 0
1538,0, 250, False, 0
1539,0, 250, False, 0
1540,0, 250, False, 0
1541,0, 250, False, 0
1542,0, 250, False, 0
1543,0, 250, False, 0
1544,0, 250, False, 0
1545,0, 250, False, 0
1546,0, 250, False, 0
1547,0, 250, False, 0
1548,0, 250, False, 0
1549,10, 260, False, 0
1550,0, 260, False, 3
1551,0, 260, False, 3
1552,0, 260, False, 3
1553,0, 260, False, 3
1554,0, 260, False, 3
1555,0, 260, False, 3
1556,0, 260, False, 3
1557,0, 260, False, 3
1558,0, 260, False, 0
1559,10, 270, False, 0
1560,0, 270, False, 0
1561,0, 270, False, 0
1562,0, 270, False, 0
1563,0, 270, False, 0
1564,0, 270, False, 0
1565,0, 270, False, 0
1566,0, 270, False, 2
1567,0, 270, False, 2
1568,0, 270, False, 2
1569,0, 270, False, 2
1570,0, 270, False, 2
1571,0, 270, False, 2
1572,0, 270, False, 2
1573,10, 280, False, 0
1574,0, 280, False, 0
1575,0, 280, False, 0
1576,0, 280, False, 0
1577,0, 280, False, 0
1578,0, 280, False, 0
1579,0, 280, False, 0
1580,0, 280, False, 0
1581,0, 280, False, 0
1582,0, 280, False, 0
1583,0, 280, False, 0
1584,0, 280, False, 0
1585,0, 280, False, 0
1586,0, 280, False, 0
1587,0, 280, False, 0
1588,0, 280, False, 0
1589,0, 280, False, 0
1590,0, 280, False, 0
1591,0, 280, False, 0
1592,0, 280, False, 0
1593,0, 280, False, 0
1594,0, 280, False, 0
1595,0, 280, False, 0
1596,0, 280, False, 0
1597,0, 280, False, 0
1598,0, 280, False, 0
1599,0, 280, False, 0
1600,0, 280, False, 0
1601,0, 280, False, 0
1602,0, 280, False, 0
1603,0, 280, False, 0
1604,0, 280, False, 0
1605,0, 280, False, 0
1606,0, 280, False, 0
1607,0, 280, False, 0
1608,0, 280, False, 0
1609,0, 280, False, 0
1610,0, 280, False, 0
1611,0, 280, False, 0
1612,0, 280, False, 0
1613,0, 280, False, 0
1614,0, 280, False, 0
1615,0, 280, False, 0
1616,0, 280, False, 0
1617,0, 280, False, 0
1618,0, 280, False, 0
1619,0, 280, False, 0
1620,0, 280, False, 0
1621,0, 280, False, 2
1622,0, 280, False, 2
1623,0, 280, False, 2
1624,0, 280, False, 2
1625,0, 280, False, 2
1626,0, 280, False, 2
1627,0, 280, False, 2
1628,0, 280, False, 0
1629,0, 280, False, 0
1630,0, 280, False, 0
1631,0, 280, False, 0
1632,0, 280, False, 0
1633,0, 280, False, 0
1634,0, 280, False, 0
1635,0, 280, False, 0
1636,0, 280, False, 0
1637,0, 280, False, 0
1638,0, 280, False, 0
1639,0, 280, False, 0
1640,0, 280, False, 0
1641,0, 280, False, 0
1642,0, 280, False, 0
1643,0, 280, False, 0
1644,0, 280, False, 0
1645,0, 280, False, 0
1646,0, 280, False, 0
1647,0, 280, False, 0
1648,0, 280, False, 3
1649,0, 280, False, 3
1650,0, 280, False, 3
1651,0, 280, False, 3
1652,0, 280, False, 3
1653,0, 280, False, 3
1654,0, 280, False, 3
1655,0, 280, False, 3
1656,0, 280, False, 3
1657,0, 280, False, 3
1658,0, 280, False, 0
1659,0, 280, False, 0
1660,0, 280, False, 0
1661,0, 280, False, 0
1662,0, 280, False, 0
1663,0, 280, False, 0
1664,0, 280, False, 0
1665,0, 280, False, 0
1666,0, 280, False, 0
1667,0, 280, False, 0
1668,0, 280, False, 0
1669,0, 280, False, 0
1670,0, 280, False, 0
1671,0, 280, False, 5
1672,0, 280, False, 5
1673,0, 280, False, 5
1674,0, 280, False, 5
1675,0, 280, False, 5
1676,0, 280, False, 5
1677,0, 280, False, 0
1678,0, 280, False, 0
1679,0, 280, False, 0
1680,0, 280, False, 0
1681,0, 280, False, 0
1682,0, 280, False, 0
1683,0, 280, False, 0
1684,0, 280, False, 0
1685,0, 280, False, 0
1686,0, 280, False, 0
1687,0, 280, False, 0
1688,0, 280, False, 0
1689,0, 280, False, 0
1690,0, 280, False, 0
1691,0, 280, False, 0
1692,0, 280, False, 0
1693,0, 280, False, 0
1694,0, 280, False, 0
1695,0, 280, False, 0
1696,0, 280, False, 0
1697,0, 280, False, 0
1698,0, 280, False, 0
1699,0, 280, False, 0
1700,0, 280, False, 0
1701,0, 280, False, 0
1702,0, 280, False, 0
1703,0, 280, False, 0
1704,0, 280, False, 0
1705,0, 280, False, 0
1706,0, 280, False, 0
1707,0, 280, False, 0
1708,0, 280, False, 0
1709,0, 280, False, 0
1710,0, 280, False, 0
1711,0, 280, False, 0
1712,0, 280, False, 0
1713,0, 280, False, 0
1714,0, 280, False, 0
1715,0, 280, False, 0
1716,0, 280, False, 0
1717,0, 280, False, 0
1718,0, 280, False, 0
1719,0, 280, False, 0
1720,0, 280, False, 0
1721,0, 280, False, 0
1722,0, 280, False, 0
1723,200, 480, False, 0
1724,0, 480, False, 0
1725,0, 480, False, 0
1726,0, 480, False, 0
1727,0, 480, False, 0
1728,0, 480, False, 0
1729,0, 480, False, 0
1730,0, 480, False, 0
1731,0, 480, False, 0
1732,0, 480, False, 0
1733,0, 480, False, 0
1734,0, 480, False, 0
1735,0, 480, False, 0
1736,0, 480, False, 0
1737,0, 480, False, 0
1738,0, 480, False, 0
1739,0, 480, False, 0
1740,0, 480, False, 0
1741,0, 480, False, 0
1742,0, 480, False, 0
1743,0, 480, False, 0
1744,0, 480, False, 0
1745,0, 480, False, 0
1746,0, 480, False, 0
1747,0, 480, False, 0
1748,0, 480, False, 0
1749,0, 480, False, 0
1750,0, 480, False, 0
1751,0, 480, False, 0
1752,0, 480, False, 0
1753,0, 480, False, 0
1754,0, 480, False, 0
1755,0, 480, False, 0
1756,0, 480, False, 0
1757,0, 480, False, 0
1758,0, 480, False, 0
1759,0, 480, False, 0
1760,0, 480, False, 0
1761,0, 480, False, 0
1762,0, 480, False, 0
1763,0, 480, False, 0
1764,0, 480, False, 0
1765,0, 480, False, 0
1766,0, 480, False, 0
1767,0, 480, False, 0
1768,0, 480, False, 0
1769,0, 480, False, 2
1770,0, 480, False, 2
1771,0, 480, False, 2
1772,0, 480, False, 2
1773,0, 480, False, 2
1774,0, 480, False, 2
1775,0, 480, False, 2
1776,0, 480, False, 0
1777,0, 480, False, 0
1778,0, 480, False, 0
1779,0, 480, False, 0
1780,0, 480, False, 0
1781,0, 480, False, 0
1782,0, 480, False, 0
1783,0, 480, False, 0
1784,0, 480, False, 0
1785,10, 490, False, 0
1786,0, 490, False, 0
1787,0, 490, False, 0
1788,0, 490, False, 0
1789,0, 490, False, 0
1790,0, 490, False, 0
1791,0, 490, False, 0
1792,0, 490, False, 0
1793,0, 490, False, 0
1794,0, 490, False, 0
1795,0, 490, False, 0
1796,0, 490, False, 0
1797,0, 490, False, 0
1798,0, 490, False, 0
1799,0, 490, False, 0
1800,0, 490, False, 0
1801,0, 490, False, 0
1802,0, 490, False, 0
1803,0, 490, False, 0
1804,0, 490, False, 0
1805,0, 490, False, 0
1806,0, 490, False, 0
1807,0, 490, False, 5
1808,0, 490, False, 5
1809,0, 490, False, 5
1810,0, 490, False, 5
1811,0, 490, False, 5
1812,0, 490, False, 5
1813,0, 490, False, 0
1814,0, 490, False, 0
1815,10, 500, False, 0
1816,0, 500, False, 0
1817,0, 500, False, 0
1818,0, 500, False, 0
1819,0, 500, False, 0
1820,0, 500, False, 0
1821,0, 500, False, 0
1822,0, 500, False, 0
1823,0, 500, False, 0
1824,0, 500, False, 0
1825,0, 500, False, 0
1826,0, 500, False, 0
1827,0, 500, False, 0
1828,0, 500, False, 0
1829,10, 510, False, 0
1830,0, 510, False, 0
1831,0, 510, False, 0
1832,0, 510, False, 0
1833,0, 510, False, 0
1834,0, 510, False, 0
1835,0, 510, False, 0
1836,0, 510, False, 0
1837,0, 510, False, 0
1838,0, 510, False, 0
1839,0, 510, False, 0
1840,0, 510, False, 0
1841,0, 510, False, 0
1842,0, 510, False, 0
1843,10, 520, False, 0
1844,0, 520, False, 0
1845,0, 520, False, 0
1846,0, 520, False, 0
1847,0, 520, False, 0
1848,0, 520, False, 0
1849,0, 520, False, 0
1850,0, 520, False, 0
1851,0, 520, False, 0
1852,0, 520, False, 0
1853,0, 520, False, 0
1854,0, 520, False, 0
1855,0, 520, False, 0
1856,0, 520, False, 0
1857,10, 530, False, 0
1858,0, 530, False, 0
1859,0, 530, False, 0
1860,0, 530, False, 0
1861,0, 530, False, 0
1862,0, 530, False, 0
1863,0, 530, False, 0
1864,0, 530, False, 0
1865,0, 530, False, 0
1866,0, 530, False, 0
1867,0, 530, False, 0
1868,0, 530, False, 0
1869,0, 530, False, 0
1870,0, 530, False, 0
1871,10, 540, False, 0
1872,0, 540, False, 0
1873,0, 540, False, 0
1874,0, 540, False, 0
1875,400, 940, False, 0
1876,0, 940, False, 0
1877,0, 940, False, 0
1878,0, 940, False, 0
1879,0, 940, False, 0
1880,0, 940, False, 0
1881,0, 940, False, 0
1882,0, 940, False, 0
1883,0, 940, False, 0
1884,0, 940, False, 0
1885,0, 940, False, 0
1886,0, 940, False, 0
1887,0, 940, False, 0
1888,0, 940, False, 0
1889,0, 940, False, 0
1890,0, 940, False, 0
1891,0, 940, False, 0
1892,0, 940, False, 0
1893,0, 940, False, 0
1894,0, 940, False, 0
1895,0, 940, False, 0
1896,0, 940, False, 0
1897,0, 940, False, 0
1898,0, 940, False, 0
1899,0, 940, False, 0
1900,0, 940, False, 0
1901,0, 940, False, 0
1902,0, 940, False, 0
1903,0, 940, False, 0
1904,0, 940, False, 4
1905,0, 940, False, 4
1906,0, 940, False, 4
1907,0, 940, False, 4
1908,0, 940, False, 4
1909,0, 940, False, 4
1910,0, 940, False, 4
1911,0, 940, False, 0
1912,0, 940, False, 0
1913,10, 950, False, 0
1914,0, 950, False, 0
1915,0, 950, False, 0
1916,0, 950, False, 0
1917,0, 950, False, 0
1918,0, 950, False, 0
1919,0, 950, False, 0
1920,0, 950, False, 0
1921,0, 950, False, 0
1922,0, 950, False, 0
1923,0, 950, False, 0
1924,0, 950, False, 0
1925,0, 950, False, 0
1926,0, 950, False, 0
1927,10, 960, False, 0
1928,0, 960, False, 0
1929,0, 960, False, 0
1930,0, 960, False, 0
1931,0, 960, False, 0
1932,0, 960, False, 0
1933,0, 960, False, 0
1934,0, 960, False, 0
1935,0, 960, False, 0
1936,0, 960, False, 0
1937,0, 960, False, 0
1938,0, 960, False, 0
1939,10, 970, False, 0
1940,0, 970, False, 0
1941,0, 970, False, 0
1942,0, 970, False, 0
1943,0, 970, False, 0
1944,0, 970, False, 0
1945,0, 970, False, 0
1946,0, 970, False, 0
1947,0, 970, False, 0
1948,0, 970, False, 0
1949,0, 970, False, 0
1950,0, 970, False, 0
1951,0, 970, False, 2
1952,0, 970, False, 2
1953,10, 980, False, 2
1954,0, 980, False, 2
1955,0, 980, False, 2
1956,0, 980, False, 2
1957,0, 980, False, 2
1958,0, 980, False, 2
1959,0, 980, False, 0
1960,0, 980, False, 0
1961,0, 980, False, 0
1962,0, 980, False, 0
1963,0, 980, False, 0
1964,0, 980, False, 0
1965,0, 980, False, 0
1966,0, 980, False, 0
1967,0, 980, False, 0
1968,0, 980, False, 0
1969,10, 990, False, 0
1970,0, 990, False, 0
1971,0, 990, False, 0
1972,0, 990, False, 0
1973,0, 990, False, 0
1974,0, 990, False, 0
1975,0, 990, False, 0
1976,0, 990, False, 0
1977,0, 990, False, 0
1978,0, 990, False, 0
1979,0, 990, False, 0
1980,0, 990, False, 0
1981,0, 990, False, 0
1982,0, 990, False, 0
1983,10, 1000, False, 0
1984,0, 1000, False, 0
1985,0, 1000, False, 0
1986,0, 1000, False, 0
1987,0, 1000, False, 0
1988,0, 1000, False, 0
1989,0, 1000, False, 0
1990,0, 1000, False, 0
1991,0, 1000, False, 0
1992,0, 1000, False, 0
1993,0, 1000, False, 0
1994,0, 1000, False, 0
1995,0, 1000, False, 0
1996,0, 1000, False, 0
1997,10, 1010, False, 0
1998,0, 1010, False, 0
1999,0, 1010, False, 0
2000,0, 1010, False, 0
2001,0, 1010, False, 0
2002,0, 1010, False, 0
2003,0, 1010, False, 0
2004,0, 1010, False, 0
2005,0, 1010, False, 0
2006,0, 1010, False, 0
2007,0, 1010, False, 0
2008,0, 1010, False, 0
2009,0, 1010, False, 0
2010,0, 1010, False, 0
2011,10, 1020, False, 0
2012,0, 1020, False, 0
2013,0, 1020, False, 0
2014,0, 1020, False, 3
2015,0, 1020, False, 3
2016,0, 1020, False, 3
2017,0, 1020, False, 3
2018,0, 1020, False, 3
2019,0, 1020, False, 3
2020,0, 1020, False, 3
2021,0, 1020, False, 3
2022,0, 1020, False, 3
2023,0, 1020, False, 0
2024,0, 1020, False, 0
2025,0, 1020, False, 0
2026,0, 1020, False, 0
2027,0, 1020, False, 0
2028,0, 1020, False, 0
2029,0, 1020, False, 0
2030,0, 1020, False, 0
2031,0, 1020, False, 0
2032,0, 1020, False, 0
2033,0, 1020, False, 0
2034,0, 1020, False, 0
2035,0, 1020, False, 0
2036,0, 1020, False, 0
2037,0, 1020, False, 0
2038,0, 1020, False, 0
2039,0, 1020, False, 0
2040,0, 1020, False, 0
2041,0, 1020, False, 0
2042,0, 1020, False, 0
2043,0, 1020, False, 0
2044,0, 1020, False, 0
2045,0, 1020, False, 0
2046,0, 1020, False, 0
2047,0, 1020, False, 0
2048,0, 1020, False, 0
2049,0, 1020, False, 0
2050,0, 1020, False, 0
2051,0, 1020, False, 0
2052,0, 1020, False, 0
2053,0, 1020, False, 0
2054,0, 1020, False, 0
2055,0, 1020, False, 0
2056,0, 1020, False, 0
2057,0, 1020, False, 0
2058,0, 1020, False, 0
2059,0, 1020, False, 0
2060,0, 1020, False, 0
2061,0, 1020, False, 0
2062,0, 1020, False, 0
2063,0, 1020, False, 0
2064,0, 1020, False, 0
2065,0, 1020, False, 0
2066,0, 1020, False, 0
2067,0, 1020, False, 0
2068,0, 1020, False, 0
2069,0, 1020, False, 0
2070,0, 1020, False, 0
2071,0, 1020, False, 0
2072,0, 1020, False, 0
2073,0, 1020, False, 0
2074,0, 1020, False, 0
2075,0, 1020, False, 0
2076,0, 1020, False, 0
2077,0, 1020, False, 0
2078,0, 1020, False, 0
2079,0, 1020, False, 0
2080,0, 1020, False, 0
2081,0, 1020, False, 0
2082,0, 1020, False, 0
2083,0, 1020, False, 0
2084,0, 1020, False, 0
2085,0, 1020, False, 0
2086,0, 1020, False, 0
2087,0, 1020, False, 0
2088,0, 1020, False, 0
2089,0, 1020, False, 0
2090,0, 1020, False, 0
2091,0, 1020, False, 0
2092,0, 1020, False, 0
2093,0, 1020, False, 0
2094,0, 1020, False, 0
2095,0, 1020, False, 0
2096,0, 1020, False, 0
2097,0, 1020, False, 0
2098,0, 1020, False, 0
2099,0, 1020, False, 0
2100,0, 1020, False, 0
2101,0, 1020, False, 0
2102,0, 1020, False, 0
2103,0, 1020, False, 0
2104,0, 1020, False, 0
2105,0, 1020, False, 0
2106,0, 1020, False, 0
2107,0, 1020, False, 0
2108,0, 1020, False, 0
2109,0, 1020, False, 0
2110,0, 1020, False, 0
2111,0, 1020, True, 0
