db traj id : 3557
frame,reward,score,terminal, action
0,0, 0, False, 0
1,0, 0, False, 0
2,0, 0, False, 0
3,0, 0, False, 0
4,0, 0, False, 0
5,0, 0, False, 0
6,0, 0, False, 0
7,0, 0, False, 0
8,0, 0, False, 0
9,0, 0, False, 0
10,0, 0, False, 0
11,0, 0, False, 0
12,0, 0, False, 0
13,0, 0, False, 0
14,0, 0, False, 0
15,0, 0, False, 0
16,0, 0, False, 0
17,0, 0, False, 0
18,0, 0, False, 0
19,0, 0, False, 0
20,0, 0, False, 0
21,0, 0, False, 0
22,0, 0, False, 0
23,0, 0, False, 0
24,0, 0, False, 0
25,0, 0, False, 0
26,0, 0, False, 0
27,0, 0, False, 0
28,0, 0, False, 0
29,0, 0, False, 0
30,0, 0, False, 0
31,0, 0, False, 0
32,0, 0, False, 0
33,0, 0, False, 0
34,0, 0, False, 0
35,0, 0, False, 0
36,0, 0, False, 0
37,0, 0, False, 0
38,0, 0, False, 0
39,0, 0, False, 0
40,0, 0, False, 0
41,0, 0, False, 0
42,0, 0, False, 0
43,0, 0, False, 0
44,0, 0, False, 0
45,0, 0, False, 0
46,0, 0, False, 0
47,0, 0, False, 0
48,0, 0, False, 0
49,0, 0, False, 0
50,0, 0, False, 0
51,0, 0, False, 0
52,0, 0, False, 0
53,0, 0, False, 0
54,0, 0, False, 0
55,0, 0, False, 0
56,0, 0, False, 0
57,0, 0, False, 0
58,0, 0, False, 0
59,0, 0, False, 0
60,0, 0, False, 0
61,0, 0, False, 0
62,0, 0, False, 4
63,0, 0, False, 4
64,0, 0, False, 4
65,0, 0, False, 4
66,0, 0, False, 4
67,0, 0, False, 4
68,0, 0, False, 4
69,0, 0, False, 4
70,0, 0, False, 4
71,0, 0, False, 4
72,0, 0, False, 4
73,0, 0, False, 4
74,0, 0, False, 0
75,0, 0, False, 0
76,0, 0, False, 0
77,0, 0, False, 0
78,0, 0, False, 0
79,0, 0, False, 0
80,0, 0, False, 0
81,0, 0, False, 0
82,0, 0, False, 0
83,0, 0, False, 0
84,0, 0, False, 0
85,0, 0, False, 0
86,0, 0, False, 0
87,0, 0, False, 0
88,0, 0, False, 0
89,0, 0, False, 0
90,0, 0, False, 0
91,0, 0, False, 0
92,0, 0, False, 4
93,0, 0, False, 4
94,0, 0, False, 4
95,0, 0, False, 4
96,0, 0, False, 4
97,0, 0, False, 4
98,0, 0, False, 4
99,0, 0, False, 4
100,0, 0, False, 0
101,0, 0, False, 0
102,0, 0, False, 0
103,0, 0, False, 0
104,0, 0, False, 0
105,0, 0, False, 4
106,0, 0, False, 4
107,0, 0, False, 4
108,0, 0, False, 4
109,0, 0, False, 4
110,0, 0, False, 0
111,0, 0, False, 0
112,0, 0, False, 0
113,0, 0, False, 0
114,0, 0, False, 0
115,0, 0, False, 0
116,0, 0, False, 0
117,0, 0, False, 4
118,0, 0, False, 4
119,0, 0, False, 4
120,0, 0, False, 4
121,0, 0, False, 0
122,0, 0, False, 0
123,0, 0, False, 0
124,0, 0, False, 0
125,0, 0, False, 0
126,0, 0, False, 0
127,0, 0, False, 0
128,0, 0, False, 4
129,0, 0, False, 4
130,0, 0, False, 4
131,0, 0, False, 4
132,0, 0, False, 4
133,0, 0, False, 0
134,0, 0, False, 0
135,0, 0, False, 0
136,0, 0, False, 0
137,0, 0, False, 0
138,0, 0, False, 0
139,0, 0, False, 4
140,0, 0, False, 4
141,0, 0, False, 4
142,0, 0, False, 4
143,0, 0, False, 4
144,0, 0, False, 4
145,0, 0, False, 0
146,0, 0, False, 0
147,0, 0, False, 0
148,0, 0, False, 0
149,0, 0, False, 0
150,0, 0, False, 0
151,0, 0, False, 4
152,0, 0, False, 4
153,0, 0, False, 4
154,0, 0, False, 4
155,0, 0, False, 4
156,0, 0, False, 4
157,0, 0, False, 0
158,0, 0, False, 0
159,0, 0, False, 0
160,0, 0, False, 0
161,0, 0, False, 0
162,0, 0, False, 4
163,0, 0, False, 4
164,0, 0, False, 4
165,0, 0, False, 4
166,0, 0, False, 4
167,0, 0, False, 4
168,0, 0, False, 4
169,0, 0, False, 0
170,0, 0, False, 0
171,0, 0, False, 0
172,0, 0, False, 0
173,0, 0, False, 0
174,0, 0, False, 0
175,0, 0, False, 0
176,0, 0, False, 4
177,0, 0, False, 4
178,0, 0, False, 4
179,0, 0, False, 4
180,0, 0, False, 4
181,0, 0, False, 4
182,0, 0, False, 0
183,0, 0, False, 0
184,0, 0, False, 0
185,0, 0, False, 0
186,0, 0, False, 0
187,0, 0, False, 0
188,0, 0, False, 0
189,0, 0, False, 4
190,0, 0, False, 4
191,0, 0, False, 4
192,0, 0, False, 4
193,0, 0, False, 4
194,0, 0, False, 4
195,0, 0, False, 0
196,0, 0, False, 0
197,0, 0, False, 0
198,0, 0, False, 0
199,0, 0, False, 0
200,0, 0, False, 0
201,0, 0, False, 4
202,0, 0, False, 4
203,0, 0, False, 4
204,0, 0, False, 4
205,0, 0, False, 4
206,0, 0, False, 4
207,0, 0, False, 0
208,0, 0, False, 0
209,0, 0, False, 0
210,0, 0, False, 0
211,0, 0, False, 0
212,0, 0, False, 4
213,0, 0, False, 4
214,0, 0, False, 4
215,0, 0, False, 4
216,0, 0, False, 4
217,0, 0, False, 4
218,0, 0, False, 4
219,0, 0, False, 0
220,0, 0, False, 0
221,0, 0, False, 0
222,0, 0, False, 0
223,0, 0, False, 0
224,0, 0, False, 4
225,0, 0, False, 4
226,0, 0, False, 4
227,0, 0, False, 4
228,0, 0, False, 4
229,0, 0, False, 4
230,0, 0, False, 4
231,0, 0, False, 0
232,0, 0, False, 0
233,0, 0, False, 0
234,0, 0, False, 0
235,0, 0, False, 0
236,0, 0, False, 4
237,0, 0, False, 4
238,0, 0, False, 4
239,0, 0, False, 4
240,0, 0, False, 4
241,0, 0, False, 4
242,0, 0, False, 4
243,0, 0, False, 0
244,0, 0, False, 0
245,0, 0, False, 0
246,0, 0, False, 0
247,0, 0, False, 0
248,0, 0, False, 0
249,0, 0, False, 0
250,0, 0, False, 4
251,0, 0, False, 4
252,0, 0, False, 4
253,0, 0, False, 4
254,0, 0, False, 4
255,0, 0, False, 4
256,0, 0, False, 4
257,0, 0, False, 0
258,0, 0, False, 0
259,0, 0, False, 0
260,0, 0, False, 0
261,0, 0, False, 0
262,0, 0, False, 0
263,0, 0, False, 0
264,0, 0, False, 4
265,0, 0, False, 4
266,0, 0, False, 4
267,0, 0, False, 4
268,10, 10, False, 4
269,0, 10, False, 4
270,0, 10, False, 0
271,0, 10, False, 0
272,0, 10, False, 0
273,0, 10, False, 0
274,0, 10, False, 0
275,0, 10, False, 0
276,0, 10, False, 0
277,0, 10, False, 4
278,0, 10, False, 4
279,0, 10, False, 4
280,0, 10, False, 4
281,0, 10, False, 4
282,10, 20, False, 0
283,0, 20, False, 0
284,0, 20, False, 0
285,0, 20, False, 0
286,0, 20, False, 0
287,0, 20, False, 0
288,0, 20, False, 0
289,0, 20, False, 0
290,0, 20, False, 0
291,0, 20, False, 0
292,0, 20, False, 0
293,0, 20, False, 0
294,0, 20, False, 0
295,0, 20, False, 0
296,10, 30, False, 0
297,0, 30, False, 0
298,0, 30, False, 0
299,0, 30, False, 0
300,0, 30, False, 0
301,0, 30, False, 0
302,0, 30, False, 0
303,0, 30, False, 0
304,0, 30, False, 0
305,0, 30, False, 0
306,0, 30, False, 0
307,0, 30, False, 0
308,10, 40, False, 0
309,0, 40, False, 0
310,0, 40, False, 0
311,0, 40, False, 0
312,0, 40, False, 0
313,0, 40, False, 0
314,0, 40, False, 0
315,0, 40, False, 0
316,0, 40, False, 0
317,0, 40, False, 0
318,0, 40, False, 0
319,0, 40, False, 0
320,0, 40, False, 0
321,0, 40, False, 0
322,10, 50, False, 0
323,0, 50, False, 0
324,0, 50, False, 0
325,0, 50, False, 0
326,0, 50, False, 0
327,0, 50, False, 0
328,0, 50, False, 0
329,0, 50, False, 0
330,0, 50, False, 5
331,0, 50, False, 5
332,0, 50, False, 5
333,0, 50, False, 5
334,0, 50, False, 5
335,0, 50, False, 5
336,10, 60, False, 5
337,0, 60, False, 5
338,0, 60, False, 5
339,0, 60, False, 0
340,0, 60, False, 0
341,0, 60, False, 0
342,0, 60, False, 0
343,0, 60, False, 0
344,0, 60, False, 0
345,0, 60, False, 0
346,10, 70, False, 0
347,0, 70, False, 0
348,0, 70, False, 0
349,0, 70, False, 0
350,0, 70, False, 0
351,0, 70, False, 0
352,0, 70, False, 0
353,0, 70, False, 0
354,0, 70, False, 0
355,0, 70, False, 0
356,0, 70, False, 0
357,0, 70, False, 0
358,0, 70, False, 0
359,0, 70, False, 0
360,10, 80, False, 0
361,0, 80, False, 0
362,0, 80, False, 0
363,0, 80, False, 0
364,0, 80, False, 0
365,0, 80, False, 0
366,0, 80, False, 0
367,0, 80, False, 0
368,0, 80, False, 0
369,0, 80, False, 0
370,0, 80, False, 0
371,0, 80, False, 0
372,0, 80, False, 0
373,0, 80, False, 0
374,10, 90, False, 0
375,0, 90, False, 0
376,0, 90, False, 0
377,0, 90, False, 0
378,0, 90, False, 0
379,0, 90, False, 0
380,0, 90, False, 0
381,0, 90, False, 0
382,0, 90, False, 0
383,0, 90, False, 0
384,0, 90, False, 0
385,0, 90, False, 0
386,0, 90, False, 0
387,0, 90, False, 0
388,10, 100, False, 0
389,0, 100, False, 0
390,0, 100, False, 0
391,0, 100, False, 0
392,0, 100, False, 0
393,0, 100, False, 0
394,0, 100, False, 0
395,0, 100, False, 0
396,0, 100, False, 0
397,0, 100, False, 0
398,0, 100, False, 0
399,0, 100, False, 0
400,0, 100, False, 0
401,0, 100, False, 0
402,10, 110, False, 0
403,0, 110, False, 0
404,0, 110, False, 3
405,0, 110, False, 3
406,0, 110, False, 3
407,0, 110, False, 3
408,0, 110, False, 3
409,0, 110, False, 3
410,0, 110, False, 3
411,0, 110, False, 3
412,0, 110, False, 3
413,0, 110, False, 0
414,0, 110, False, 0
415,0, 110, False, 0
416,10, 120, False, 0
417,0, 120, False, 0
418,0, 120, False, 0
419,0, 120, False, 0
420,0, 120, False, 0
421,0, 120, False, 0
422,0, 120, False, 0
423,0, 120, False, 0
424,0, 120, False, 0
425,0, 120, False, 0
426,0, 120, False, 0
427,0, 120, False, 0
428,0, 120, False, 0
429,0, 120, False, 0
430,10, 130, False, 0
431,0, 130, False, 0
432,0, 130, False, 0
433,0, 130, False, 0
434,0, 130, False, 0
435,0, 130, False, 0
436,0, 130, False, 0
437,0, 130, False, 0
438,0, 130, False, 0
439,0, 130, False, 0
440,0, 130, False, 0
441,0, 130, False, 0
442,0, 130, False, 0
443,0, 130, False, 0
444,10, 140, False, 0
445,0, 140, False, 0
446,0, 140, False, 0
447,0, 140, False, 0
448,0, 140, False, 0
449,0, 140, False, 0
450,0, 140, False, 0
451,0, 140, False, 0
452,0, 140, False, 0
453,0, 140, False, 0
454,0, 140, False, 0
455,0, 140, False, 0
456,10, 150, False, 0
457,0, 150, False, 0
458,0, 150, False, 0
459,0, 150, False, 0
460,0, 150, False, 0
461,0, 150, False, 0
462,0, 150, False, 0
463,0, 150, False, 0
464,0, 150, False, 0
465,0, 150, False, 0
466,0, 150, False, 0
467,0, 150, False, 0
468,0, 150, False, 0
469,0, 150, False, 0
470,10, 160, False, 0
471,0, 160, False, 0
472,0, 160, False, 0
473,0, 160, False, 0
474,0, 160, False, 0
475,0, 160, False, 0
476,0, 160, False, 0
477,0, 160, False, 0
478,0, 160, False, 0
479,0, 160, False, 0
480,0, 160, False, 0
481,0, 160, False, 0
482,0, 160, False, 0
483,0, 160, False, 0
484,0, 160, False, 0
485,0, 160, False, 0
486,0, 160, False, 0
487,0, 160, False, 0
488,10, 170, False, 0
489,0, 170, False, 0
490,0, 170, False, 0
491,0, 170, False, 0
492,0, 170, False, 0
493,0, 170, False, 0
494,0, 170, False, 0
495,0, 170, False, 0
496,0, 170, False, 0
497,0, 170, False, 0
498,0, 170, False, 0
499,0, 170, False, 0
500,0, 170, False, 0
501,0, 170, False, 0
502,10, 180, False, 0
503,0, 180, False, 0
504,0, 180, False, 0
505,0, 180, False, 0
506,0, 180, False, 0
507,0, 180, False, 0
508,0, 180, False, 0
509,0, 180, False, 0
510,0, 180, False, 0
511,0, 180, False, 0
512,0, 180, False, 0
513,0, 180, False, 0
514,0, 180, False, 0
515,0, 180, False, 0
516,10, 190, False, 0
517,0, 190, False, 0
518,0, 190, False, 0
519,0, 190, False, 0
520,0, 190, False, 0
521,0, 190, False, 0
522,0, 190, False, 0
523,0, 190, False, 0
524,0, 190, False, 0
525,0, 190, False, 0
526,0, 190, False, 0
527,0, 190, False, 0
528,10, 200, False, 0
529,0, 200, False, 0
530,0, 200, False, 0
531,0, 200, False, 0
532,0, 200, False, 0
533,0, 200, False, 0
534,0, 200, False, 0
535,0, 200, False, 0
536,0, 200, False, 0
537,0, 200, False, 0
538,0, 200, False, 0
539,0, 200, False, 0
540,0, 200, False, 0
541,0, 200, False, 0
542,10, 210, False, 0
543,0, 210, False, 2
544,0, 210, False, 2
545,0, 210, False, 2
546,0, 210, False, 2
547,0, 210, False, 2
548,0, 210, False, 2
549,0, 210, False, 2
550,0, 210, False, 2
551,0, 210, False, 2
552,0, 210, False, 0
553,0, 210, False, 0
554,0, 210, False, 0
555,0, 210, False, 0
556,10, 220, False, 0
557,0, 220, False, 2
558,0, 220, False, 2
559,0, 220, False, 2
560,0, 220, False, 2
561,0, 220, False, 2
562,0, 220, False, 2
563,0, 220, False, 2
564,0, 220, False, 2
565,0, 220, False, 0
566,0, 220, False, 0
567,0, 220, False, 0
568,0, 220, False, 0
569,0, 220, False, 2
570,0, 220, False, 2
571,0, 220, False, 2
572,10, 230, False, 2
573,0, 230, False, 2
574,0, 230, False, 2
575,0, 230, False, 0
576,0, 230, False, 0
577,0, 230, False, 0
578,0, 230, False, 0
579,0, 230, False, 0
580,0, 230, False, 0
581,0, 230, False, 0
582,0, 230, False, 0
583,0, 230, False, 0
584,0, 230, False, 0
585,0, 230, False, 0
586,10, 240, False, 0
587,0, 240, False, 0
588,0, 240, False, 0
589,0, 240, False, 0
590,0, 240, False, 0
591,0, 240, False, 0
592,0, 240, False, 0
593,0, 240, False, 0
594,0, 240, False, 0
595,0, 240, False, 0
596,0, 240, False, 0
597,0, 240, False, 0
598,0, 240, False, 0
599,0, 240, False, 0
600,10, 250, False, 0
601,0, 250, False, 0
602,0, 250, False, 0
603,0, 250, False, 0
604,0, 250, False, 0
605,0, 250, False, 0
606,0, 250, False, 0
607,0, 250, False, 0
608,0, 250, False, 0
609,0, 250, False, 0
610,0, 250, False, 0
611,0, 250, False, 0
612,0, 250, False, 0
613,0, 250, False, 0
614,10, 260, False, 0
615,0, 260, False, 0
616,0, 260, False, 0
617,0, 260, False, 0
618,0, 260, False, 0
619,0, 260, False, 0
620,0, 260, False, 0
621,0, 260, False, 0
622,0, 260, False, 0
623,0, 260, False, 0
624,0, 260, False, 0
625,0, 260, False, 5
626,0, 260, False, 5
627,0, 260, False, 5
628,0, 260, False, 5
629,0, 260, False, 5
630,0, 260, False, 5
631,0, 260, False, 0
632,0, 260, False, 0
633,0, 260, False, 0
634,0, 260, False, 0
635,0, 260, False, 0
636,0, 260, False, 0
637,0, 260, False, 0
638,0, 260, False, 0
639,0, 260, False, 3
640,0, 260, False, 3
641,0, 260, False, 3
642,0, 260, False, 3
643,0, 260, False, 3
644,0, 260, False, 3
645,0, 260, False, 3
646,0, 260, False, 0
647,0, 260, False, 0
648,0, 260, False, 0
649,0, 260, False, 0
650,0, 260, False, 0
651,0, 260, False, 0
652,10, 270, False, 0
653,0, 270, False, 0
654,0, 270, False, 0
655,0, 270, False, 0
656,0, 270, False, 0
657,0, 270, False, 0
658,0, 270, False, 0
659,0, 270, False, 0
660,0, 270, False, 0
661,0, 270, False, 0
662,0, 270, False, 0
663,0, 270, False, 0
664,0, 270, False, 0
665,0, 270, False, 0
666,10, 280, False, 0
667,0, 280, False, 0
668,0, 280, False, 0
669,0, 280, False, 0
670,0, 280, False, 0
671,0, 280, False, 0
672,0, 280, False, 0
673,0, 280, False, 0
674,0, 280, False, 2
675,0, 280, False, 2
676,0, 280, False, 2
677,0, 280, False, 2
678,0, 280, False, 2
679,0, 280, False, 2
680,10, 290, False, 2
681,0, 290, False, 2
682,0, 290, False, 0
683,0, 290, False, 0
684,0, 290, False, 0
685,0, 290, False, 0
686,0, 290, False, 0
687,0, 290, False, 0
688,0, 290, False, 0
689,0, 290, False, 0
690,0, 290, False, 0
691,0, 290, False, 0
692,0, 290, False, 0
693,0, 290, False, 0
694,0, 290, False, 0
695,0, 290, False, 0
696,0, 290, False, 0
697,0, 290, False, 0
698,0, 290, False, 0
699,0, 290, False, 0
700,0, 290, False, 0
701,0, 290, False, 0
702,0, 290, False, 0
703,0, 290, False, 0
704,0, 290, False, 0
705,0, 290, False, 0
706,0, 290, False, 0
707,0, 290, False, 0
708,0, 290, False, 0
709,0, 290, False, 0
710,0, 290, False, 0
711,0, 290, False, 0
712,0, 290, False, 0
713,0, 290, False, 0
714,0, 290, False, 0
715,0, 290, False, 0
716,0, 290, False, 0
717,0, 290, False, 0
718,0, 290, False, 0
719,0, 290, False, 0
720,0, 290, False, 0
721,0, 290, False, 0
722,0, 290, False, 0
723,0, 290, False, 0
724,0, 290, False, 0
725,0, 290, False, 0
726,0, 290, False, 0
727,0, 290, False, 0
728,0, 290, False, 0
729,0, 290, False, 0
730,0, 290, False, 0
731,0, 290, False, 0
732,0, 290, False, 0
733,0, 290, False, 0
734,0, 290, False, 0
735,0, 290, False, 0
736,0, 290, False, 0
737,0, 290, False, 0
738,0, 290, False, 0
739,0, 290, False, 0
740,0, 290, False, 0
741,0, 290, False, 0
742,0, 290, False, 0
743,0, 290, False, 0
744,0, 290, False, 0
745,0, 290, False, 0
746,0, 290, False, 0
747,0, 290, False, 0
748,0, 290, False, 0
749,0, 290, False, 0
750,0, 290, False, 0
751,0, 290, False, 0
752,0, 290, False, 0
753,0, 290, False, 0
754,0, 290, False, 0
755,0, 290, False, 0
756,0, 290, False, 0
757,0, 290, False, 0
758,0, 290, False, 0
759,0, 290, False, 0
760,0, 290, False, 0
761,0, 290, False, 0
762,0, 290, False, 0
763,0, 290, False, 0
764,0, 290, False, 0
765,0, 290, False, 0
766,0, 290, False, 0
767,0, 290, False, 0
768,0, 290, False, 0
769,0, 290, False, 0
770,0, 290, False, 0
771,0, 290, False, 0
772,0, 290, False, 0
773,0, 290, False, 0
774,0, 290, False, 0
775,0, 290, False, 0
776,0, 290, False, 0
777,0, 290, False, 0
778,0, 290, False, 0
779,0, 290, False, 0
780,0, 290, False, 0
781,0, 290, False, 0
782,0, 290, False, 0
783,0, 290, False, 0
784,0, 290, False, 0
785,0, 290, False, 0
786,0, 290, False, 0
787,0, 290, False, 0
788,0, 290, False, 0
789,0, 290, False, 0
790,0, 290, False, 0
791,0, 290, False, 0
792,0, 290, False, 0
793,0, 290, False, 0
794,0, 290, False, 0
795,0, 290, False, 0
796,0, 290, False, 0
797,0, 290, False, 0
798,0, 290, False, 0
799,0, 290, False, 0
800,0, 290, False, 0
801,0, 290, False, 0
802,0, 290, False, 0
803,0, 290, False, 0
804,0, 290, False, 0
805,0, 290, False, 0
806,0, 290, False, 0
807,0, 290, False, 0
808,0, 290, False, 0
809,0, 290, False, 0
810,0, 290, False, 0
811,0, 290, False, 0
812,0, 290, False, 0
813,0, 290, False, 0
814,0, 290, False, 0
815,0, 290, False, 0
816,0, 290, False, 0
817,0, 290, False, 0
818,0, 290, False, 0
819,0, 290, False, 0
820,0, 290, False, 0
821,0, 290, False, 0
822,0, 290, False, 0
823,0, 290, False, 0
824,0, 290, False, 0
825,0, 290, False, 0
826,0, 290, False, 0
827,0, 290, False, 0
828,0, 290, False, 0
829,0, 290, False, 0
830,0, 290, False, 0
831,0, 290, False, 0
832,0, 290, False, 0
833,0, 290, False, 0
834,0, 290, False, 0
835,0, 290, False, 0
836,0, 290, False, 0
837,0, 290, False, 0
838,0, 290, False, 0
839,0, 290, False, 0
840,0, 290, False, 0
841,0, 290, False, 0
842,0, 290, False, 0
843,0, 290, False, 0
844,0, 290, False, 0
845,0, 290, False, 0
846,0, 290, False, 0
847,0, 290, False, 0
848,0, 290, False, 0
849,0, 290, False, 0
850,0, 290, False, 0
851,0, 290, False, 0
852,0, 290, False, 0
853,0, 290, False, 0
854,0, 290, False, 0
855,0, 290, False, 0
856,0, 290, False, 0
857,0, 290, False, 0
858,0, 290, False, 0
859,0, 290, False, 0
860,0, 290, False, 0
861,0, 290, False, 0
862,0, 290, False, 0
863,0, 290, False, 0
864,0, 290, False, 0
865,0, 290, False, 0
866,0, 290, False, 0
867,0, 290, False, 0
868,0, 290, False, 0
869,0, 290, False, 0
870,0, 290, False, 0
871,0, 290, False, 0
872,0, 290, False, 0
873,0, 290, False, 0
874,0, 290, False, 0
875,0, 290, False, 0
876,0, 290, False, 0
877,0, 290, False, 0
878,0, 290, False, 0
879,0, 290, False, 0
880,0, 290, False, 0
881,0, 290, False, 0
882,0, 290, False, 0
883,0, 290, False, 0
884,0, 290, False, 0
885,0, 290, False, 0
886,0, 290, False, 0
887,0, 290, False, 0
888,0, 290, False, 0
889,0, 290, False, 0
890,0, 290, False, 0
891,0, 290, False, 0
892,0, 290, False, 0
893,0, 290, False, 0
894,0, 290, False, 0
895,0, 290, False, 0
896,0, 290, False, 0
897,0, 290, False, 0
898,0, 290, False, 0
899,0, 290, False, 0
900,0, 290, False, 0
901,0, 290, False, 0
902,0, 290, False, 0
903,0, 290, False, 0
904,0, 290, False, 0
905,0, 290, False, 0
906,0, 290, False, 0
907,0, 290, False, 0
908,0, 290, False, 0
909,0, 290, False, 0
910,0, 290, False, 0
911,0, 290, False, 0
912,0, 290, False, 0
913,0, 290, False, 0
914,0, 290, False, 0
915,0, 290, False, 0
916,0, 290, False, 0
917,0, 290, False, 0
918,0, 290, False, 0
919,0, 290, False, 0
920,0, 290, False, 0
921,0, 290, False, 0
922,0, 290, False, 0
923,0, 290, False, 0
924,0, 290, False, 0
925,0, 290, False, 0
926,0, 290, False, 0
927,0, 290, False, 0
928,0, 290, False, 0
929,0, 290, False, 0
930,0, 290, False, 0
931,0, 290, False, 0
932,0, 290, False, 0
933,0, 290, False, 0
934,0, 290, False, 0
935,0, 290, False, 0
936,0, 290, False, 0
937,0, 290, False, 0
938,0, 290, False, 0
939,0, 290, False, 0
940,0, 290, False, 0
941,0, 290, False, 0
942,0, 290, False, 0
943,0, 290, False, 0
944,0, 290, False, 0
945,0, 290, False, 0
946,0, 290, False, 0
947,0, 290, False, 0
948,0, 290, False, 0
949,0, 290, False, 0
950,0, 290, False, 0
951,0, 290, False, 0
952,0, 290, False, 0
953,0, 290, False, 0
954,0, 290, False, 0
955,0, 290, False, 0
956,0, 290, False, 0
957,0, 290, False, 0
958,0, 290, False, 0
959,0, 290, False, 0
960,0, 290, False, 0
961,0, 290, False, 0
962,0, 290, False, 0
963,0, 290, False, 0
964,0, 290, False, 0
965,0, 290, False, 0
966,0, 290, False, 0
967,0, 290, False, 0
968,0, 290, False, 0
969,0, 290, False, 0
970,0, 290, False, 0
971,0, 290, False, 0
972,0, 290, False, 0
973,0, 290, False, 0
974,0, 290, False, 0
975,0, 290, False, 0
976,0, 290, False, 0
977,0, 290, False, 0
978,0, 290, False, 0
979,0, 290, False, 0
980,0, 290, False, 0
981,0, 290, False, 0
982,0, 290, False, 0
983,0, 290, False, 0
984,0, 290, False, 0
985,0, 290, False, 0
986,0, 290, False, 0
987,0, 290, False, 0
988,0, 290, False, 0
989,0, 290, False, 0
990,0, 290, False, 0
991,0, 290, False, 0
992,0, 290, False, 0
993,0, 290, False, 0
994,0, 290, False, 0
995,0, 290, False, 0
996,0, 290, False, 0
997,0, 290, False, 0
998,0, 290, False, 0
999,0, 290, False, 0
1000,0, 290, False, 0
1001,0, 290, False, 0
1002,0, 290, False, 0
1003,0, 290, False, 0
1004,0, 290, False, 0
1005,0, 290, False, 0
1006,0, 290, False, 0
1007,0, 290, False, 0
1008,0, 290, False, 0
1009,0, 290, False, 0
1010,0, 290, False, 0
1011,0, 290, False, 0
1012,0, 290, False, 0
1013,0, 290, False, 0
1014,0, 290, False, 0
1015,0, 290, False, 0
1016,0, 290, False, 0
1017,0, 290, False, 0
1018,0, 290, False, 0
1019,0, 290, False, 0
1020,0, 290, False, 0
1021,0, 290, False, 0
1022,0, 290, False, 0
1023,0, 290, False, 0
1024,0, 290, False, 0
1025,0, 290, False, 0
1026,0, 290, False, 0
1027,0, 290, False, 0
1028,0, 290, False, 0
1029,0, 290, False, 0
1030,0, 290, False, 0
1031,0, 290, False, 0
1032,0, 290, False, 0
1033,0, 290, False, 0
1034,0, 290, False, 0
1035,0, 290, False, 5
1036,0, 290, False, 5
1037,0, 290, False, 5
1038,0, 290, False, 5
1039,0, 290, False, 5
1040,0, 290, False, 5
1041,0, 290, False, 0
1042,0, 290, False, 0
1043,0, 290, False, 0
1044,0, 290, False, 0
1045,0, 290, False, 0
1046,0, 290, False, 0
1047,0, 290, False, 0
1048,0, 290, False, 0
1049,0, 290, False, 0
1050,0, 290, False, 0
1051,0, 290, False, 0
1052,0, 290, False, 0
1053,0, 290, False, 0
1054,0, 290, False, 0
1055,0, 290, False, 0
1056,0, 290, False, 0
1057,0, 290, False, 0
1058,0, 290, False, 0
1059,0, 290, False, 0
1060,0, 290, False, 0
1061,0, 290, False, 0
1062,0, 290, False, 0
1063,0, 290, False, 0
1064,0, 290, False, 0
1065,0, 290, False, 0
1066,0, 290, False, 0
1067,0, 290, False, 0
1068,0, 290, False, 0
1069,0, 290, False, 0
1070,0, 290, False, 0
1071,0, 290, False, 0
1072,0, 290, False, 0
1073,0, 290, False, 0
1074,0, 290, False, 0
1075,0, 290, False, 0
1076,0, 290, False, 0
1077,0, 290, False, 0
1078,0, 290, False, 0
1079,0, 290, False, 0
1080,0, 290, False, 0
1081,0, 290, False, 0
1082,0, 290, False, 0
1083,0, 290, False, 0
1084,0, 290, False, 0
1085,0, 290, False, 0
1086,0, 290, False, 0
1087,0, 290, False, 0
1088,0, 290, False, 0
1089,0, 290, False, 0
1090,0, 290, False, 4
1091,0, 290, False, 4
1092,0, 290, False, 4
1093,0, 290, False, 4
1094,0, 290, False, 4
1095,0, 290, False, 4
1096,0, 290, False, 0
1097,0, 290, False, 0
1098,0, 290, False, 0
1099,0, 290, False, 0
1100,0, 290, False, 0
1101,0, 290, False, 0
1102,0, 290, False, 0
1103,0, 290, False, 0
1104,10, 300, False, 0
1105,0, 300, False, 0
1106,0, 300, False, 0
1107,0, 300, False, 0
1108,0, 300, False, 0
1109,0, 300, False, 0
1110,0, 300, False, 0
1111,0, 300, False, 0
1112,0, 300, False, 0
1113,0, 300, False, 0
1114,0, 300, False, 0
1115,0, 300, False, 0
1116,10, 310, False, 0
1117,0, 310, False, 0
1118,0, 310, False, 0
1119,0, 310, False, 0
1120,0, 310, False, 0
1121,0, 310, False, 0
1122,0, 310, False, 0
1123,0, 310, False, 0
1124,0, 310, False, 0
1125,0, 310, False, 0
1126,0, 310, False, 0
1127,0, 310, False, 0
1128,0, 310, False, 0
1129,0, 310, False, 0
1130,10, 320, False, 2
1131,0, 320, False, 2
1132,0, 320, False, 2
1133,0, 320, False, 2
1134,0, 320, False, 2
1135,0, 320, False, 2
1136,0, 320, False, 2
1137,0, 320, False, 2
1138,0, 320, False, 2
1139,0, 320, False, 0
1140,0, 320, False, 0
1141,0, 320, False, 0
1142,50, 370, False, 0
1143,0, 370, False, 0
1144,0, 370, False, 0
1145,0, 370, False, 0
1146,0, 370, False, 0
1147,0, 370, False, 0
1148,0, 370, False, 0
1149,0, 370, False, 0
1150,0, 370, False, 0
1151,0, 370, False, 0
1152,0, 370, False, 0
1153,0, 370, False, 0
1154,0, 370, False, 0
1155,0, 370, False, 0
1156,0, 370, False, 0
1157,0, 370, False, 0
1158,10, 380, False, 0
1159,0, 380, False, 0
1160,0, 380, False, 0
1161,0, 380, False, 0
1162,0, 380, False, 0
1163,0, 380, False, 0
1164,0, 380, False, 0
1165,0, 380, False, 0
1166,0, 380, False, 0
1167,0, 380, False, 0
1168,0, 380, False, 3
1169,0, 380, False, 3
1170,0, 380, False, 3
1171,0, 380, False, 3
1172,10, 390, False, 3
1173,0, 390, False, 3
1174,0, 390, False, 3
1175,0, 390, False, 3
1176,0, 390, False, 0
1177,0, 390, False, 0
1178,0, 390, False, 0
1179,0, 390, False, 0
1180,0, 390, False, 0
1181,0, 390, False, 0
1182,10, 400, False, 0
1183,0, 400, False, 0
1184,0, 400, False, 0
1185,0, 400, False, 2
1186,0, 400, False, 2
1187,0, 400, False, 2
1188,0, 400, False, 2
1189,0, 400, False, 2
1190,0, 400, False, 2
1191,0, 400, False, 2
1192,0, 400, False, 2
1193,0, 400, False, 0
1194,0, 400, False, 0
1195,0, 400, False, 0
1196,0, 400, False, 0
1197,0, 400, False, 0
1198,0, 400, False, 0
1199,0, 400, False, 0
1200,10, 410, False, 0
1201,0, 410, False, 0
1202,0, 410, False, 0
1203,0, 410, False, 0
1204,0, 410, False, 0
1205,0, 410, False, 0
1206,0, 410, False, 0
1207,0, 410, False, 0
1208,0, 410, False, 0
1209,0, 410, False, 0
1210,0, 410, False, 0
1211,0, 410, False, 0
1212,0, 410, False, 0
1213,0, 410, False, 0
1214,10, 420, False, 0
1215,0, 420, False, 0
1216,0, 420, False, 0
1217,0, 420, False, 0
1218,0, 420, False, 0
1219,0, 420, False, 0
1220,0, 420, False, 0
1221,0, 420, False, 0
1222,0, 420, False, 0
1223,0, 420, False, 0
1224,0, 420, False, 0
1225,0, 420, False, 0
1226,0, 420, False, 0
1227,0, 420, False, 0
1228,10, 430, False, 0
1229,0, 430, False, 0
1230,0, 430, False, 0
1231,0, 430, False, 0
1232,0, 430, False, 0
1233,0, 430, False, 0
1234,0, 430, False, 0
1235,0, 430, False, 0
1236,0, 430, False, 0
1237,0, 430, False, 0
1238,0, 430, False, 0
1239,0, 430, False, 0
1240,0, 430, False, 0
1241,0, 430, False, 0
1242,10, 440, False, 0
1243,0, 440, False, 0
1244,0, 440, False, 0
1245,0, 440, False, 0
1246,0, 440, False, 0
1247,0, 440, False, 0
1248,0, 440, False, 0
1249,0, 440, False, 0
1250,0, 440, False, 0
1251,0, 440, False, 0
1252,0, 440, False, 0
1253,0, 440, False, 0
1254,0, 440, False, 0
1255,0, 440, False, 0
1256,10, 450, False, 0
1257,0, 450, False, 0
1258,0, 450, False, 0
1259,0, 450, False, 0
1260,0, 450, False, 0
1261,0, 450, False, 0
1262,0, 450, False, 0
1263,0, 450, False, 0
1264,0, 450, False, 0
1265,0, 450, False, 0
1266,0, 450, False, 0
1267,0, 450, False, 0
1268,0, 450, False, 0
1269,0, 450, False, 0
1270,10, 460, False, 0
1271,0, 460, False, 0
1272,0, 460, False, 0
1273,0, 460, False, 0
1274,0, 460, False, 0
1275,0, 460, False, 0
1276,0, 460, False, 0
1277,0, 460, False, 0
1278,0, 460, False, 0
1279,0, 460, False, 0
1280,0, 460, False, 0
1281,0, 460, False, 0
1282,0, 460, False, 0
1283,0, 460, False, 0
1284,10, 470, False, 0
1285,0, 470, False, 0
1286,0, 470, False, 0
1287,0, 470, False, 0
1288,0, 470, False, 0
1289,0, 470, False, 0
1290,0, 470, False, 0
1291,0, 470, False, 0
1292,0, 470, False, 0
1293,0, 470, False, 0
1294,0, 470, False, 4
1295,0, 470, False, 4
1296,0, 470, False, 4
1297,0, 470, False, 4
1298,10, 480, False, 4
1299,0, 480, False, 4
1300,0, 480, False, 4
1301,0, 480, False, 0
1302,0, 480, False, 0
1303,0, 480, False, 0
1304,0, 480, False, 0
1305,0, 480, False, 0
1306,0, 480, False, 0
1307,0, 480, False, 0
1308,10, 490, False, 2
1309,0, 490, False, 2
1310,0, 490, False, 2
1311,0, 490, False, 2
1312,0, 490, False, 2
1313,0, 490, False, 2
1314,0, 490, False, 2
1315,0, 490, False, 2
1316,0, 490, False, 0
1317,0, 490, False, 0
1318,0, 490, False, 0
1319,0, 490, False, 0
1320,0, 490, False, 0
1321,0, 490, False, 0
1322,0, 490, False, 0
1323,0, 490, False, 0
1324,0, 490, False, 0
1325,0, 490, False, 0
1326,0, 490, False, 0
1327,0, 490, False, 0
1328,0, 490, False, 0
1329,0, 490, False, 0
1330,50, 540, False, 0
1331,0, 540, False, 3
1332,0, 540, False, 3
1333,0, 540, False, 3
1334,0, 540, False, 3
1335,0, 540, False, 3
1336,10, 550, False, 3
1337,0, 550, False, 3
1338,0, 550, False, 3
1339,0, 550, False, 3
1340,0, 550, False, 0
1341,0, 550, False, 0
1342,0, 550, False, 0
1343,0, 550, False, 0
1344,0, 550, False, 0
1345,0, 550, False, 0
1346,0, 550, False, 0
1347,0, 550, False, 0
1348,10, 560, False, 0
1349,0, 560, False, 0
1350,0, 560, False, 0
1351,0, 560, False, 0
1352,0, 560, False, 0
1353,0, 560, False, 0
1354,0, 560, False, 0
1355,0, 560, False, 0
1356,0, 560, False, 0
1357,0, 560, False, 0
1358,0, 560, False, 0
1359,0, 560, False, 0
1360,10, 570, False, 0
1361,0, 570, False, 0
1362,0, 570, False, 0
1363,0, 570, False, 0
1364,0, 570, False, 0
1365,0, 570, False, 0
1366,0, 570, False, 0
1367,0, 570, False, 0
1368,0, 570, False, 0
1369,0, 570, False, 0
1370,0, 570, False, 0
1371,0, 570, False, 0
1372,0, 570, False, 0
1373,0, 570, False, 0
1374,10, 580, False, 5
1375,0, 580, False, 5
1376,0, 580, False, 5
1377,0, 580, False, 5
1378,0, 580, False, 5
1379,0, 580, False, 5
1380,0, 580, False, 0
1381,0, 580, False, 0
1382,0, 580, False, 0
1383,0, 580, False, 0
1384,0, 580, False, 0
1385,0, 580, False, 0
1386,0, 580, False, 0
1387,0, 580, False, 0
1388,10, 590, False, 0
1389,0, 590, False, 0
1390,0, 590, False, 0
1391,0, 590, False, 0
1392,0, 590, False, 0
1393,0, 590, False, 0
1394,0, 590, False, 0
1395,0, 590, False, 0
1396,0, 590, False, 0
1397,0, 590, False, 0
1398,0, 590, False, 0
1399,0, 590, False, 0
1400,0, 590, False, 0
1401,0, 590, False, 0
1402,10, 600, False, 0
1403,0, 600, False, 0
1404,0, 600, False, 0
1405,0, 600, False, 0
1406,0, 600, False, 0
1407,0, 600, False, 0
1408,0, 600, False, 0
1409,0, 600, False, 0
1410,0, 600, False, 0
1411,0, 600, False, 0
1412,0, 600, False, 0
1413,0, 600, False, 0
1414,0, 600, False, 0
1415,0, 600, False, 0
1416,10, 610, False, 0
1417,0, 610, False, 0
1418,0, 610, False, 0
1419,0, 610, False, 0
1420,0, 610, False, 0
1421,0, 610, False, 0
1422,0, 610, False, 0
1423,0, 610, False, 0
1424,0, 610, False, 0
1425,0, 610, False, 0
1426,0, 610, False, 0
1427,0, 610, False, 0
1428,0, 610, False, 3
1429,0, 610, False, 3
1430,10, 620, False, 3
1431,0, 620, False, 3
1432,0, 620, False, 3
1433,0, 620, False, 3
1434,0, 620, False, 3
1435,0, 620, False, 3
1436,0, 620, False, 0
1437,0, 620, False, 0
1438,0, 620, False, 0
1439,0, 620, False, 0
1440,0, 620, False, 0
1441,0, 620, False, 0
1442,0, 620, False, 0
1443,0, 620, False, 0
1444,10, 630, False, 0
1445,0, 630, False, 0
1446,0, 630, False, 0
1447,0, 630, False, 0
1448,0, 630, False, 0
1449,0, 630, False, 0
1450,0, 630, False, 0
1451,0, 630, False, 0
1452,0, 630, False, 0
1453,0, 630, False, 0
1454,0, 630, False, 0
1455,0, 630, False, 0
1456,10, 640, False, 0
1457,0, 640, False, 0
1458,0, 640, False, 0
1459,0, 640, False, 0
1460,0, 640, False, 0
1461,0, 640, False, 0
1462,0, 640, False, 0
1463,0, 640, False, 0
1464,0, 640, False, 0
1465,0, 640, False, 0
1466,0, 640, False, 0
1467,0, 640, False, 0
1468,0, 640, False, 0
1469,0, 640, False, 0
1470,10, 650, False, 0
1471,0, 650, False, 0
1472,0, 650, False, 0
1473,0, 650, False, 0
1474,0, 650, False, 0
1475,0, 650, False, 0
1476,0, 650, False, 0
1477,0, 650, False, 0
1478,0, 650, False, 0
1479,0, 650, False, 0
1480,0, 650, False, 0
1481,0, 650, False, 0
1482,0, 650, False, 0
1483,0, 650, False, 0
1484,10, 660, False, 0
1485,0, 660, False, 0
1486,0, 660, False, 0
1487,0, 660, False, 0
1488,0, 660, False, 0
1489,0, 660, False, 0
1490,0, 660, False, 0
1491,0, 660, False, 0
1492,200, 860, False, 0
1493,0, 860, False, 0
1494,0, 860, False, 0
1495,0, 860, False, 0
1496,0, 860, False, 0
1497,0, 860, False, 0
1498,0, 860, False, 0
1499,0, 860, False, 0
1500,0, 860, False, 0
1501,0, 860, False, 0
1502,0, 860, False, 0
1503,0, 860, False, 0
1504,0, 860, False, 0
1505,0, 860, False, 0
1506,0, 860, False, 0
1507,0, 860, False, 0
1508,0, 860, False, 0
1509,0, 860, False, 0
1510,0, 860, False, 0
1511,0, 860, False, 0
1512,0, 860, False, 0
1513,0, 860, False, 0
1514,10, 870, False, 0
1515,0, 870, False, 0
1516,0, 870, False, 0
1517,0, 870, False, 0
1518,0, 870, False, 0
1519,0, 870, False, 0
1520,0, 870, False, 0
1521,0, 870, False, 0
1522,0, 870, False, 0
1523,0, 870, False, 0
1524,0, 870, False, 0
1525,0, 870, False, 0
1526,0, 870, False, 0
1527,0, 870, False, 0
1528,0, 870, False, 0
1529,0, 870, False, 0
1530,0, 870, False, 0
1531,0, 870, False, 0
1532,10, 880, False, 0
1533,0, 880, False, 0
1534,0, 880, False, 0
1535,0, 880, False, 0
1536,0, 880, False, 0
1537,0, 880, False, 0
1538,0, 880, False, 0
1539,0, 880, False, 0
1540,0, 880, False, 0
1541,0, 880, False, 0
1542,0, 880, False, 0
1543,0, 880, False, 0
1544,0, 880, False, 0
1545,0, 880, False, 0
1546,10, 890, False, 0
1547,0, 890, False, 0
1548,0, 890, False, 0
1549,0, 890, False, 0
1550,0, 890, False, 0
1551,0, 890, False, 0
1552,0, 890, False, 0
1553,0, 890, False, 0
1554,0, 890, False, 0
1555,0, 890, False, 0
1556,0, 890, False, 0
1557,0, 890, False, 0
1558,0, 890, False, 0
1559,0, 890, False, 0
1560,10, 900, False, 0
1561,0, 900, False, 0
1562,0, 900, False, 0
1563,0, 900, False, 0
1564,0, 900, False, 0
1565,0, 900, False, 0
1566,0, 900, False, 0
1567,0, 900, False, 0
1568,0, 900, False, 0
1569,0, 900, False, 0
1570,0, 900, False, 0
1571,0, 900, False, 0
1572,10, 910, False, 0
1573,0, 910, False, 0
1574,0, 910, False, 0
1575,0, 910, False, 0
1576,0, 910, False, 0
1577,0, 910, False, 0
1578,0, 910, False, 0
1579,0, 910, False, 0
1580,0, 910, False, 0
1581,0, 910, False, 0
1582,0, 910, False, 0
1583,0, 910, False, 0
1584,0, 910, False, 0
1585,0, 910, False, 0
1586,10, 920, False, 0
1587,0, 920, False, 0
1588,0, 920, False, 0
1589,0, 920, False, 0
1590,0, 920, False, 0
1591,0, 920, False, 0
1592,0, 920, False, 0
1593,0, 920, False, 0
1594,0, 920, False, 0
1595,0, 920, False, 0
1596,0, 920, False, 0
1597,0, 920, False, 0
1598,0, 920, False, 0
1599,0, 920, False, 0
1600,10, 930, False, 0
1601,0, 930, False, 0
1602,0, 930, False, 0
1603,0, 930, False, 0
1604,0, 930, False, 0
1605,0, 930, False, 0
1606,0, 930, False, 0
1607,0, 930, False, 0
1608,0, 930, False, 2
1609,0, 930, False, 2
1610,0, 930, False, 2
1611,0, 930, False, 2
1612,0, 930, False, 2
1613,0, 930, False, 2
1614,0, 930, False, 2
1615,0, 930, False, 0
1616,0, 930, False, 0
1617,0, 930, False, 0
1618,0, 930, False, 0
1619,0, 930, False, 0
1620,10, 940, False, 0
1621,0, 940, False, 0
1622,0, 940, False, 0
1623,0, 940, False, 0
1624,0, 940, False, 0
1625,0, 940, False, 0
1626,0, 940, False, 0
1627,0, 940, False, 0
1628,0, 940, False, 0
1629,0, 940, False, 0
1630,0, 940, False, 0
1631,0, 940, False, 0
1632,0, 940, False, 0
1633,0, 940, False, 0
1634,10, 950, False, 0
1635,0, 950, False, 0
1636,0, 950, False, 0
1637,0, 950, False, 0
1638,0, 950, False, 0
1639,0, 950, False, 0
1640,0, 950, False, 0
1641,0, 950, False, 0
1642,0, 950, False, 0
1643,0, 950, False, 0
1644,0, 950, False, 0
1645,0, 950, False, 0
1646,0, 950, False, 0
1647,0, 950, False, 0
1648,10, 960, False, 0
1649,0, 960, False, 0
1650,0, 960, False, 0
1651,0, 960, False, 0
1652,0, 960, False, 0
1653,0, 960, False, 0
1654,0, 960, False, 0
1655,0, 960, False, 0
1656,0, 960, False, 0
1657,0, 960, False, 0
1658,0, 960, False, 0
1659,0, 960, False, 0
1660,0, 960, False, 0
1661,0, 960, False, 3
1662,10, 970, False, 3
1663,0, 970, False, 3
1664,0, 970, False, 3
1665,0, 970, False, 3
1666,0, 970, False, 3
1667,0, 970, False, 3
1668,0, 970, False, 3
1669,0, 970, False, 3
1670,0, 970, False, 3
1671,0, 970, False, 0
1672,10, 980, False, 0
1673,0, 980, False, 0
1674,0, 980, False, 0
1675,0, 980, False, 0
1676,0, 980, False, 0
1677,0, 980, False, 0
1678,0, 980, False, 0
1679,0, 980, False, 0
1680,0, 980, False, 0
1681,0, 980, False, 0
1682,0, 980, False, 0
1683,0, 980, False, 0
1684,0, 980, False, 0
1685,0, 980, False, 0
1686,10, 990, False, 0
1687,0, 990, False, 0
1688,0, 990, False, 0
1689,0, 990, False, 0
1690,0, 990, False, 0
1691,0, 990, False, 0
1692,0, 990, False, 0
1693,0, 990, False, 0
1694,0, 990, False, 0
1695,0, 990, False, 0
1696,0, 990, False, 0
1697,0, 990, False, 0
1698,0, 990, False, 0
1699,0, 990, False, 0
1700,10, 1000, False, 0
1701,0, 1000, False, 0
1702,0, 1000, False, 0
1703,0, 1000, False, 0
1704,0, 1000, False, 0
1705,0, 1000, False, 5
1706,0, 1000, False, 5
1707,0, 1000, False, 5
1708,0, 1000, False, 5
1709,0, 1000, False, 5
1710,50, 1050, False, 5
1711,0, 1050, False, 5
1712,0, 1050, False, 0
1713,0, 1050, False, 0
1714,0, 1050, False, 0
1715,0, 1050, False, 0
1716,0, 1050, False, 0
1717,0, 1050, False, 0
1718,0, 1050, False, 0
1719,0, 1050, False, 0
1720,0, 1050, False, 0
1721,0, 1050, False, 0
1722,0, 1050, False, 0
1723,0, 1050, False, 0
1724,0, 1050, False, 4
1725,0, 1050, False, 4
1726,10, 1060, False, 4
1727,0, 1060, False, 4
1728,0, 1060, False, 4
1729,0, 1060, False, 4
1730,0, 1060, False, 4
1731,0, 1060, False, 0
1732,0, 1060, False, 0
1733,0, 1060, False, 0
1734,0, 1060, False, 0
1735,0, 1060, False, 0
1736,0, 1060, False, 0
1737,0, 1060, False, 0
1738,0, 1060, False, 0
1739,0, 1060, False, 0
1740,0, 1060, False, 0
1741,0, 1060, False, 0
1742,0, 1060, False, 0
1743,0, 1060, False, 0
1744,0, 1060, False, 0
1745,0, 1060, False, 0
1746,0, 1060, False, 0
1747,0, 1060, False, 0
1748,0, 1060, False, 0
1749,0, 1060, False, 0
1750,0, 1060, False, 0
1751,0, 1060, False, 0
1752,0, 1060, False, 0
1753,0, 1060, False, 0
1754,0, 1060, False, 0
1755,0, 1060, False, 0
1756,0, 1060, False, 0
1757,0, 1060, False, 0
1758,0, 1060, False, 0
1759,0, 1060, False, 4
1760,0, 1060, False, 4
1761,0, 1060, False, 4
1762,0, 1060, False, 4
1763,0, 1060, False, 4
1764,0, 1060, False, 4
1765,0, 1060, False, 4
1766,0, 1060, False, 0
1767,0, 1060, False, 0
1768,10, 1070, False, 0
1769,0, 1070, False, 0
1770,0, 1070, False, 0
1771,0, 1070, False, 0
1772,0, 1070, False, 0
1773,0, 1070, False, 0
1774,0, 1070, False, 0
1775,0, 1070, False, 0
1776,0, 1070, False, 0
1777,0, 1070, False, 0
1778,0, 1070, False, 0
1779,0, 1070, False, 0
1780,10, 1080, False, 0
1781,0, 1080, False, 0
1782,0, 1080, False, 0
1783,0, 1080, False, 0
1784,0, 1080, False, 0
1785,0, 1080, False, 0
1786,0, 1080, False, 0
1787,0, 1080, False, 0
1788,0, 1080, False, 0
1789,0, 1080, False, 0
1790,0, 1080, False, 0
1791,0, 1080, False, 0
1792,0, 1080, False, 0
1793,0, 1080, False, 0
1794,0, 1080, False, 5
1795,0, 1080, False, 5
1796,0, 1080, False, 5
1797,0, 1080, False, 5
1798,0, 1080, False, 5
1799,0, 1080, False, 5
1800,0, 1080, False, 5
1801,0, 1080, False, 0
1802,0, 1080, False, 0
1803,0, 1080, False, 0
1804,0, 1080, False, 0
1805,0, 1080, False, 0
1806,0, 1080, False, 0
1807,0, 1080, False, 0
1808,0, 1080, False, 0
1809,0, 1080, False, 0
1810,0, 1080, False, 0
1811,0, 1080, False, 0
1812,0, 1080, False, 0
1813,0, 1080, False, 0
1814,0, 1080, False, 0
1815,0, 1080, False, 0
1816,0, 1080, False, 0
1817,0, 1080, False, 0
1818,0, 1080, False, 0
1819,0, 1080, False, 0
1820,0, 1080, False, 0
1821,0, 1080, False, 0
1822,0, 1080, False, 0
1823,0, 1080, False, 4
1824,0, 1080, False, 4
1825,0, 1080, False, 4
1826,0, 1080, False, 4
1827,0, 1080, False, 4
1828,0, 1080, False, 4
1829,0, 1080, False, 0
1830,0, 1080, False, 0
1831,0, 1080, False, 0
1832,0, 1080, False, 0
1833,0, 1080, False, 0
1834,0, 1080, False, 0
1835,0, 1080, False, 0
1836,0, 1080, False, 0
1837,0, 1080, False, 0
1838,0, 1080, False, 0
1839,0, 1080, False, 0
1840,0, 1080, False, 0
1841,0, 1080, False, 0
1842,0, 1080, False, 0
1843,0, 1080, False, 0
1844,0, 1080, False, 0
1845,0, 1080, False, 0
1846,0, 1080, False, 0
1847,0, 1080, False, 0
1848,0, 1080, False, 0
1849,0, 1080, False, 0
1850,0, 1080, False, 0
1851,0, 1080, False, 0
1852,0, 1080, False, 0
1853,0, 1080, False, 0
1854,0, 1080, False, 5
1855,0, 1080, False, 5
1856,0, 1080, False, 5
1857,0, 1080, False, 5
1858,0, 1080, False, 5
1859,0, 1080, False, 5
1860,0, 1080, False, 5
1861,0, 1080, False, 5
1862,10, 1090, False, 0
1863,0, 1090, False, 0
1864,0, 1090, False, 0
1865,0, 1090, False, 0
1866,0, 1090, False, 0
1867,0, 1090, False, 0
1868,0, 1090, False, 0
1869,0, 1090, False, 0
1870,0, 1090, False, 0
1871,0, 1090, False, 0
1872,0, 1090, False, 0
1873,0, 1090, False, 0
1874,0, 1090, False, 0
1875,0, 1090, False, 0
1876,10, 1100, False, 0
1877,0, 1100, False, 0
1878,0, 1100, False, 0
1879,0, 1100, False, 0
1880,0, 1100, False, 0
1881,0, 1100, False, 0
1882,0, 1100, False, 0
1883,0, 1100, False, 0
1884,0, 1100, False, 0
1885,0, 1100, False, 0
1886,0, 1100, False, 0
1887,0, 1100, False, 0
1888,0, 1100, False, 0
1889,0, 1100, False, 0
1890,10, 1110, False, 0
1891,0, 1110, False, 0
1892,0, 1110, False, 0
1893,0, 1110, False, 0
1894,0, 1110, False, 0
1895,0, 1110, False, 0
1896,0, 1110, False, 0
1897,0, 1110, False, 0
1898,0, 1110, False, 0
1899,0, 1110, False, 0
1900,0, 1110, False, 0
1901,0, 1110, False, 0
1902,0, 1110, False, 0
1903,0, 1110, False, 0
1904,10, 1120, False, 0
1905,0, 1120, False, 0
1906,0, 1120, False, 0
1907,0, 1120, False, 0
1908,0, 1120, False, 0
1909,0, 1120, False, 0
1910,0, 1120, False, 4
1911,0, 1120, False, 4
1912,0, 1120, False, 4
1913,0, 1120, False, 4
1914,0, 1120, False, 4
1915,0, 1120, False, 4
1916,0, 1120, False, 4
1917,0, 1120, False, 0
1918,0, 1120, False, 0
1919,0, 1120, False, 0
1920,10, 1130, False, 0
1921,0, 1130, False, 0
1922,0, 1130, False, 0
1923,0, 1130, False, 0
1924,0, 1130, False, 0
1925,0, 1130, False, 0
1926,0, 1130, False, 0
1927,0, 1130, False, 0
1928,0, 1130, False, 0
1929,0, 1130, False, 0
1930,0, 1130, False, 0
1931,0, 1130, False, 0
1932,100, 1230, False, 0
1933,0, 1230, False, 0
1934,0, 1230, False, 0
1935,0, 1230, False, 0
1936,0, 1230, False, 0
1937,0, 1230, False, 0
1938,0, 1230, False, 0
1939,0, 1230, False, 0
1940,0, 1230, False, 0
1941,0, 1230, False, 0
1942,0, 1230, False, 0
1943,0, 1230, False, 0
1944,0, 1230, False, 0
1945,0, 1230, False, 0
1946,0, 1230, False, 0
1947,0, 1230, False, 0
1948,0, 1230, False, 0
1949,0, 1230, False, 0
1950,0, 1230, False, 0
1951,0, 1230, False, 0
1952,10, 1240, False, 0
1953,0, 1240, False, 0
1954,0, 1240, False, 0
1955,0, 1240, False, 0
1956,0, 1240, False, 0
1957,0, 1240, False, 0
1958,0, 1240, False, 0
1959,0, 1240, False, 0
1960,0, 1240, False, 0
1961,0, 1240, False, 0
1962,0, 1240, False, 0
1963,0, 1240, False, 0
1964,0, 1240, False, 0
1965,0, 1240, False, 0
1966,0, 1240, False, 0
1967,0, 1240, False, 0
1968,0, 1240, False, 0
1969,0, 1240, False, 3
1970,0, 1240, False, 3
1971,0, 1240, False, 3
1972,0, 1240, False, 3
1973,0, 1240, False, 3
1974,0, 1240, False, 3
1975,0, 1240, False, 3
1976,0, 1240, False, 3
1977,0, 1240, False, 0
1978,0, 1240, False, 0
1979,0, 1240, False, 0
1980,0, 1240, False, 0
1981,0, 1240, False, 0
1982,0, 1240, False, 0
1983,0, 1240, False, 0
1984,0, 1240, False, 0
1985,0, 1240, False, 0
1986,0, 1240, False, 0
1987,0, 1240, False, 0
1988,0, 1240, False, 0
1989,0, 1240, False, 0
1990,0, 1240, False, 0
1991,0, 1240, False, 0
1992,0, 1240, False, 0
1993,0, 1240, False, 0
1994,0, 1240, False, 0
1995,0, 1240, False, 0
1996,0, 1240, False, 0
1997,0, 1240, False, 0
1998,0, 1240, False, 0
1999,0, 1240, False, 0
2000,0, 1240, False, 0
2001,0, 1240, False, 0
2002,0, 1240, False, 0
2003,0, 1240, False, 0
2004,0, 1240, False, 0
2005,0, 1240, False, 0
2006,0, 1240, False, 2
2007,0, 1240, False, 2
2008,0, 1240, False, 2
2009,0, 1240, False, 2
2010,0, 1240, False, 2
2011,0, 1240, False, 2
2012,10, 1250, False, 0
2013,0, 1250, False, 0
2014,0, 1250, False, 0
2015,0, 1250, False, 0
2016,0, 1250, False, 0
2017,0, 1250, False, 0
2018,0, 1250, False, 0
2019,0, 1250, False, 0
2020,0, 1250, False, 0
2021,0, 1250, False, 0
2022,0, 1250, False, 0
2023,0, 1250, False, 0
2024,10, 1260, False, 0
2025,0, 1260, False, 0
2026,0, 1260, False, 0
2027,0, 1260, False, 0
2028,0, 1260, False, 0
2029,0, 1260, False, 0
2030,0, 1260, False, 0
2031,0, 1260, False, 0
2032,0, 1260, False, 0
2033,0, 1260, False, 0
2034,0, 1260, False, 0
2035,0, 1260, False, 0
2036,0, 1260, False, 0
2037,0, 1260, False, 0
2038,10, 1270, False, 0
2039,0, 1270, False, 0
2040,0, 1270, False, 0
2041,0, 1270, False, 0
2042,0, 1270, False, 0
2043,0, 1270, False, 0
2044,0, 1270, False, 0
2045,0, 1270, False, 0
2046,0, 1270, False, 0
2047,0, 1270, False, 0
2048,0, 1270, False, 5
2049,0, 1270, False, 5
2050,0, 1270, False, 5
2051,0, 1270, False, 5
2052,0, 1270, False, 5
2053,0, 1270, False, 5
2054,0, 1270, False, 0
2055,0, 1270, False, 0
2056,0, 1270, False, 0
2057,0, 1270, False, 0
2058,0, 1270, False, 0
2059,0, 1270, False, 0
2060,0, 1270, False, 0
2061,0, 1270, False, 0
2062,0, 1270, False, 0
2063,0, 1270, False, 0
2064,0, 1270, False, 0
2065,0, 1270, False, 0
2066,0, 1270, False, 0
2067,0, 1270, False, 0
2068,0, 1270, False, 0
2069,0, 1270, False, 0
2070,0, 1270, False, 0
2071,0, 1270, False, 0
2072,0, 1270, False, 0
2073,0, 1270, False, 0
2074,0, 1270, False, 0
2075,0, 1270, False, 0
2076,0, 1270, False, 0
2077,0, 1270, False, 0
2078,0, 1270, False, 0
2079,0, 1270, False, 0
2080,0, 1270, False, 0
2081,0, 1270, False, 0
2082,0, 1270, False, 0
2083,0, 1270, False, 0
2084,0, 1270, False, 0
2085,0, 1270, False, 0
2086,0, 1270, False, 0
2087,0, 1270, False, 0
2088,0, 1270, False, 0
2089,0, 1270, False, 0
2090,0, 1270, False, 0
2091,0, 1270, False, 0
2092,0, 1270, False, 0
2093,0, 1270, False, 0
2094,0, 1270, False, 0
2095,0, 1270, False, 0
2096,0, 1270, False, 0
2097,0, 1270, False, 0
2098,0, 1270, False, 0
2099,0, 1270, False, 0
2100,0, 1270, False, 0
2101,0, 1270, False, 0
2102,0, 1270, False, 3
2103,0, 1270, False, 3
2104,0, 1270, False, 3
2105,0, 1270, False, 3
2106,0, 1270, False, 3
2107,0, 1270, False, 3
2108,0, 1270, False, 3
2109,0, 1270, False, 3
2110,0, 1270, False, 0
2111,0, 1270, False, 0
2112,0, 1270, False, 0
2113,0, 1270, False, 0
2114,0, 1270, False, 0
2115,0, 1270, False, 0
2116,10, 1280, False, 0
2117,0, 1280, False, 0
2118,0, 1280, False, 0
2119,0, 1280, False, 0
2120,0, 1280, False, 0
2121,0, 1280, False, 0
2122,0, 1280, False, 0
2123,0, 1280, False, 0
2124,0, 1280, False, 0
2125,0, 1280, False, 0
2126,0, 1280, False, 0
2127,0, 1280, False, 0
2128,0, 1280, False, 0
2129,0, 1280, False, 0
2130,10, 1290, False, 0
2131,0, 1290, False, 0
2132,0, 1290, False, 0
2133,0, 1290, False, 0
2134,0, 1290, False, 0
2135,0, 1290, False, 0
2136,0, 1290, False, 0
2137,0, 1290, False, 0
2138,0, 1290, False, 0
2139,0, 1290, False, 0
2140,0, 1290, False, 0
2141,0, 1290, False, 0
2142,0, 1290, False, 2
2143,0, 1290, False, 2
2144,10, 1300, False, 2
2145,0, 1300, False, 2
2146,0, 1300, False, 2
2147,0, 1300, False, 2
2148,0, 1300, False, 2
2149,0, 1300, False, 0
2150,0, 1300, False, 0
2151,0, 1300, False, 0
2152,0, 1300, False, 0
2153,0, 1300, False, 0
2154,0, 1300, False, 0
2155,0, 1300, False, 0
2156,0, 1300, False, 0
2157,0, 1300, False, 0
2158,50, 1350, False, 0
2159,0, 1350, False, 0
2160,0, 1350, False, 0
2161,0, 1350, False, 0
2162,0, 1350, False, 0
2163,0, 1350, False, 0
2164,0, 1350, False, 0
2165,0, 1350, False, 0
2166,200, 1550, False, 0
2167,0, 1550, False, 0
2168,0, 1550, False, 0
2169,0, 1550, False, 0
2170,0, 1550, False, 0
2171,0, 1550, False, 0
2172,0, 1550, False, 0
2173,0, 1550, False, 0
2174,0, 1550, False, 0
2175,0, 1550, False, 0
2176,0, 1550, False, 0
2177,0, 1550, False, 0
2178,0, 1550, False, 0
2179,0, 1550, False, 0
2180,0, 1550, False, 0
2181,0, 1550, False, 0
2182,0, 1550, False, 0
2183,0, 1550, False, 0
2184,0, 1550, False, 0
2185,0, 1550, False, 0
2186,0, 1550, False, 0
2187,0, 1550, False, 0
2188,10, 1560, False, 0
2189,0, 1560, False, 0
2190,0, 1560, False, 0
2191,0, 1560, False, 0
2192,0, 1560, False, 0
2193,0, 1560, False, 0
2194,0, 1560, False, 0
2195,0, 1560, False, 0
2196,0, 1560, False, 0
2197,0, 1560, False, 0
2198,0, 1560, False, 0
2199,0, 1560, False, 0
2200,0, 1560, False, 0
2201,0, 1560, False, 0
2202,0, 1560, False, 0
2203,0, 1560, False, 0
2204,0, 1560, False, 0
2205,0, 1560, False, 0
2206,0, 1560, False, 0
2207,0, 1560, False, 0
2208,0, 1560, False, 0
2209,0, 1560, False, 0
2210,0, 1560, False, 0
2211,0, 1560, False, 0
2212,0, 1560, False, 0
2213,0, 1560, False, 0
2214,0, 1560, False, 4
2215,0, 1560, False, 4
2216,0, 1560, False, 4
2217,0, 1560, False, 4
2218,0, 1560, False, 4
2219,0, 1560, False, 0
2220,0, 1560, False, 0
2221,0, 1560, False, 0
2222,0, 1560, False, 0
2223,0, 1560, False, 0
2224,0, 1560, False, 0
2225,0, 1560, False, 0
2226,0, 1560, False, 0
2227,0, 1560, False, 0
2228,0, 1560, False, 2
2229,0, 1560, False, 2
2230,0, 1560, False, 2
2231,0, 1560, False, 2
2232,0, 1560, False, 2
2233,0, 1560, False, 2
2234,0, 1560, False, 2
2235,0, 1560, False, 0
2236,0, 1560, False, 0
2237,0, 1560, False, 0
2238,0, 1560, False, 0
2239,0, 1560, False, 0
2240,0, 1560, False, 0
2241,0, 1560, False, 0
2242,0, 1560, False, 0
2243,0, 1560, False, 0
2244,0, 1560, False, 0
2245,0, 1560, False, 0
2246,0, 1560, False, 0
2247,0, 1560, False, 0
2248,0, 1560, False, 0
2249,0, 1560, False, 0
2250,0, 1560, False, 0
2251,0, 1560, False, 0
2252,0, 1560, False, 0
2253,0, 1560, False, 0
2254,0, 1560, False, 0
2255,0, 1560, False, 0
2256,0, 1560, False, 0
2257,0, 1560, False, 0
2258,0, 1560, False, 0
2259,0, 1560, False, 0
2260,0, 1560, False, 0
2261,0, 1560, False, 0
2262,0, 1560, False, 0
2263,0, 1560, False, 0
2264,0, 1560, False, 0
2265,0, 1560, False, 0
2266,0, 1560, False, 0
2267,0, 1560, False, 0
2268,0, 1560, False, 0
2269,0, 1560, False, 0
2270,0, 1560, False, 4
2271,0, 1560, False, 4
2272,0, 1560, False, 4
2273,0, 1560, False, 4
2274,0, 1560, False, 4
2275,0, 1560, False, 4
2276,0, 1560, False, 0
2277,0, 1560, False, 0
2278,0, 1560, False, 0
2279,0, 1560, False, 0
2280,0, 1560, False, 0
2281,0, 1560, False, 0
2282,0, 1560, False, 0
2283,0, 1560, False, 0
2284,0, 1560, False, 0
2285,0, 1560, False, 2
2286,0, 1560, False, 2
2287,0, 1560, False, 2
2288,0, 1560, False, 2
2289,0, 1560, False, 2
2290,0, 1560, False, 2
2291,0, 1560, False, 2
2292,0, 1560, False, 0
2293,0, 1560, False, 0
2294,0, 1560, False, 0
2295,0, 1560, False, 0
2296,0, 1560, False, 0
2297,0, 1560, False, 0
2298,0, 1560, False, 0
2299,0, 1560, False, 0
2300,0, 1560, False, 0
2301,0, 1560, False, 0
2302,0, 1560, False, 0
2303,0, 1560, False, 5
2304,0, 1560, False, 5
2305,0, 1560, False, 5
2306,0, 1560, False, 5
2307,0, 1560, False, 5
2308,0, 1560, False, 5
2309,0, 1560, False, 0
2310,0, 1560, False, 0
2311,0, 1560, False, 0
2312,0, 1560, False, 0
2313,0, 1560, False, 0
2314,0, 1560, False, 0
2315,0, 1560, False, 0
2316,0, 1560, False, 0
2317,0, 1560, False, 0
2318,0, 1560, False, 0
2319,0, 1560, False, 0
2320,0, 1560, False, 0
2321,0, 1560, False, 0
2322,0, 1560, False, 3
2323,0, 1560, False, 3
2324,0, 1560, False, 3
2325,0, 1560, False, 3
2326,0, 1560, False, 3
2327,0, 1560, False, 3
2328,0, 1560, False, 0
2329,0, 1560, False, 0
2330,0, 1560, False, 0
2331,0, 1560, False, 0
2332,0, 1560, False, 0
2333,0, 1560, False, 0
2334,0, 1560, False, 0
2335,0, 1560, False, 0
2336,0, 1560, False, 0
2337,0, 1560, False, 0
2338,0, 1560, False, 0
2339,0, 1560, False, 0
2340,0, 1560, False, 0
2341,0, 1560, False, 0
2342,0, 1560, False, 0
2343,0, 1560, False, 0
2344,0, 1560, False, 0
2345,0, 1560, False, 0
2346,0, 1560, False, 0
2347,0, 1560, False, 0
2348,0, 1560, False, 0
2349,0, 1560, False, 0
2350,0, 1560, False, 2
2351,0, 1560, False, 2
2352,0, 1560, False, 2
2353,0, 1560, False, 2
2354,0, 1560, False, 2
2355,0, 1560, False, 2
2356,0, 1560, False, 2
2357,0, 1560, False, 0
2358,0, 1560, False, 0
2359,0, 1560, False, 0
2360,0, 1560, False, 0
2361,0, 1560, False, 0
2362,0, 1560, False, 0
2363,0, 1560, False, 0
2364,0, 1560, False, 0
2365,0, 1560, False, 0
2366,0, 1560, False, 0
2367,0, 1560, False, 0
2368,0, 1560, False, 0
2369,0, 1560, False, 0
2370,0, 1560, False, 0
2371,0, 1560, False, 0
2372,0, 1560, False, 0
2373,0, 1560, False, 0
2374,0, 1560, False, 0
2375,0, 1560, False, 0
2376,0, 1560, False, 0
2377,0, 1560, False, 0
2378,0, 1560, False, 0
2379,0, 1560, False, 0
2380,0, 1560, False, 0
2381,0, 1560, False, 0
2382,0, 1560, False, 0
2383,0, 1560, False, 0
2384,0, 1560, False, 0
2385,0, 1560, False, 0
2386,0, 1560, False, 0
2387,0, 1560, False, 0
2388,0, 1560, False, 0
2389,0, 1560, False, 0
2390,400, 1960, False, 0
2391,0, 1960, False, 0
2392,0, 1960, False, 0
2393,0, 1960, False, 0
2394,0, 1960, False, 0
2395,0, 1960, False, 0
2396,0, 1960, False, 0
2397,0, 1960, False, 0
2398,0, 1960, False, 0
2399,0, 1960, False, 0
2400,0, 1960, False, 0
2401,0, 1960, False, 0
2402,0, 1960, False, 0
2403,0, 1960, False, 0
2404,0, 1960, False, 0
2405,0, 1960, False, 0
2406,0, 1960, False, 0
2407,0, 1960, False, 0
2408,0, 1960, False, 0
2409,0, 1960, False, 0
2410,0, 1960, False, 0
2411,0, 1960, False, 0
2412,0, 1960, False, 0
2413,0, 1960, False, 0
2414,0, 1960, False, 0
2415,0, 1960, False, 0
2416,0, 1960, False, 0
2417,0, 1960, False, 0
2418,0, 1960, False, 0
2419,0, 1960, False, 0
2420,0, 1960, False, 0
2421,0, 1960, False, 0
2422,0, 1960, False, 0
2423,0, 1960, False, 0
2424,0, 1960, False, 0
2425,0, 1960, False, 0
2426,0, 1960, False, 2
2427,0, 1960, False, 2
2428,0, 1960, False, 2
2429,0, 1960, False, 2
2430,0, 1960, False, 2
2431,0, 1960, False, 0
2432,0, 1960, False, 0
2433,0, 1960, False, 0
2434,0, 1960, False, 4
2435,0, 1960, False, 4
2436,0, 1960, False, 4
2437,0, 1960, False, 4
2438,0, 1960, False, 4
2439,0, 1960, False, 4
2440,0, 1960, False, 4
2441,0, 1960, False, 0
2442,0, 1960, False, 0
2443,0, 1960, False, 0
2444,0, 1960, False, 0
2445,0, 1960, False, 0
2446,0, 1960, False, 0
2447,0, 1960, False, 0
2448,0, 1960, False, 0
2449,0, 1960, False, 0
2450,0, 1960, False, 0
2451,0, 1960, False, 0
2452,0, 1960, False, 0
2453,0, 1960, False, 0
2454,0, 1960, False, 0
2455,0, 1960, False, 0
2456,0, 1960, False, 0
2457,0, 1960, False, 0
2458,0, 1960, False, 0
2459,0, 1960, False, 0
2460,0, 1960, False, 0
2461,0, 1960, False, 0
2462,0, 1960, False, 0
2463,0, 1960, False, 0
2464,0, 1960, False, 0
2465,0, 1960, False, 0
2466,0, 1960, False, 0
2467,0, 1960, False, 0
2468,0, 1960, False, 0
2469,0, 1960, False, 0
2470,0, 1960, False, 0
2471,0, 1960, False, 0
2472,800, 2760, False, 0
2473,0, 2760, False, 0
2474,0, 2760, False, 0
2475,0, 2760, False, 0
2476,0, 2760, False, 0
2477,0, 2760, False, 0
2478,0, 2760, False, 0
2479,0, 2760, False, 0
2480,0, 2760, False, 0
2481,0, 2760, False, 0
2482,0, 2760, False, 0
2483,0, 2760, False, 0
2484,0, 2760, False, 0
2485,0, 2760, False, 0
2486,0, 2760, False, 0
2487,0, 2760, False, 0
2488,0, 2760, False, 0
2489,0, 2760, False, 0
2490,0, 2760, False, 0
2491,0, 2760, False, 0
2492,0, 2760, False, 0
2493,0, 2760, False, 0
2494,0, 2760, False, 0
2495,0, 2760, False, 0
2496,0, 2760, False, 0
2497,0, 2760, False, 0
2498,0, 2760, False, 0
2499,0, 2760, False, 0
2500,0, 2760, False, 0
2501,0, 2760, False, 0
2502,0, 2760, False, 0
2503,0, 2760, False, 0
2504,0, 2760, False, 0
2505,0, 2760, False, 0
2506,0, 2760, False, 0
2507,0, 2760, False, 0
2508,0, 2760, False, 0
2509,0, 2760, False, 4
2510,0, 2760, False, 4
2511,0, 2760, False, 4
2512,0, 2760, False, 4
2513,0, 2760, False, 4
2514,0, 2760, False, 4
2515,0, 2760, False, 4
2516,0, 2760, False, 4
2517,0, 2760, False, 0
2518,0, 2760, False, 0
2519,0, 2760, False, 0
2520,0, 2760, False, 0
2521,0, 2760, False, 0
2522,0, 2760, False, 0
2523,0, 2760, False, 0
2524,0, 2760, False, 0
2525,0, 2760, False, 0
2526,0, 2760, False, 0
2527,0, 2760, False, 0
2528,0, 2760, False, 0
2529,0, 2760, False, 0
2530,0, 2760, False, 0
2531,0, 2760, False, 0
2532,0, 2760, False, 0
2533,0, 2760, False, 0
2534,0, 2760, False, 0
2535,0, 2760, False, 0
2536,0, 2760, False, 0
2537,0, 2760, False, 0
2538,0, 2760, False, 0
2539,0, 2760, False, 0
2540,0, 2760, False, 0
2541,0, 2760, False, 0
2542,0, 2760, False, 0
2543,0, 2760, False, 0
2544,0, 2760, False, 0
2545,0, 2760, False, 0
2546,0, 2760, False, 0
2547,0, 2760, False, 0
2548,0, 2760, False, 0
2549,0, 2760, False, 0
2550,0, 2760, False, 0
2551,0, 2760, False, 0
2552,0, 2760, False, 0
2553,0, 2760, False, 0
2554,0, 2760, False, 0
2555,0, 2760, False, 0
2556,0, 2760, False, 0
2557,0, 2760, False, 0
2558,0, 2760, False, 0
2559,0, 2760, False, 0
2560,0, 2760, False, 0
2561,0, 2760, False, 0
2562,0, 2760, False, 0
2563,0, 2760, False, 0
2564,0, 2760, False, 0
2565,0, 2760, False, 0
2566,0, 2760, False, 0
2567,0, 2760, False, 0
2568,0, 2760, False, 0
2569,0, 2760, False, 0
2570,0, 2760, False, 0
2571,0, 2760, False, 0
2572,0, 2760, False, 0
2573,0, 2760, False, 0
2574,0, 2760, False, 0
2575,0, 2760, False, 0
2576,0, 2760, False, 0
2577,0, 2760, False, 0
2578,0, 2760, False, 0
2579,0, 2760, False, 5
2580,0, 2760, False, 5
2581,0, 2760, False, 5
2582,0, 2760, False, 5
2583,0, 2760, False, 5
2584,0, 2760, False, 5
2585,0, 2760, False, 5
2586,0, 2760, False, 0
2587,0, 2760, False, 0
2588,0, 2760, False, 0
2589,0, 2760, False, 0
2590,0, 2760, False, 0
2591,0, 2760, False, 0
2592,0, 2760, False, 0
2593,0, 2760, False, 0
2594,0, 2760, False, 0
2595,0, 2760, False, 0
2596,0, 2760, False, 0
2597,0, 2760, False, 0
2598,0, 2760, False, 0
2599,0, 2760, False, 0
2600,0, 2760, False, 0
2601,0, 2760, False, 0
2602,0, 2760, False, 0
2603,0, 2760, False, 0
2604,0, 2760, False, 0
2605,0, 2760, False, 0
2606,0, 2760, False, 0
2607,0, 2760, False, 0
2608,0, 2760, False, 0
2609,0, 2760, False, 0
2610,0, 2760, False, 0
2611,0, 2760, False, 0
2612,0, 2760, False, 0
2613,0, 2760, False, 0
2614,0, 2760, False, 0
2615,0, 2760, False, 0
2616,0, 2760, False, 0
2617,0, 2760, False, 0
2618,0, 2760, False, 0
2619,0, 2760, False, 0
2620,0, 2760, False, 0
2621,0, 2760, False, 0
2622,0, 2760, False, 0
2623,0, 2760, False, 0
2624,0, 2760, False, 0
2625,0, 2760, False, 0
2626,0, 2760, False, 0
2627,0, 2760, False, 0
2628,0, 2760, False, 0
2629,0, 2760, False, 0
2630,0, 2760, False, 0
2631,0, 2760, False, 0
2632,0, 2760, False, 0
2633,0, 2760, False, 0
2634,0, 2760, False, 0
2635,0, 2760, False, 0
2636,0, 2760, False, 0
2637,0, 2760, False, 0
2638,0, 2760, False, 0
2639,0, 2760, False, 0
2640,0, 2760, False, 0
2641,0, 2760, False, 0
2642,0, 2760, False, 4
2643,0, 2760, False, 4
2644,0, 2760, False, 4
2645,0, 2760, False, 4
2646,0, 2760, False, 4
2647,0, 2760, False, 4
2648,0, 2760, False, 0
2649,0, 2760, False, 0
2650,0, 2760, False, 0
2651,0, 2760, False, 0
2652,0, 2760, False, 0
2653,0, 2760, False, 0
2654,0, 2760, False, 0
2655,0, 2760, False, 0
2656,0, 2760, False, 0
2657,0, 2760, False, 0
2658,0, 2760, False, 0
2659,0, 2760, False, 0
2660,0, 2760, False, 0
2661,0, 2760, False, 0
2662,0, 2760, False, 0
2663,0, 2760, False, 0
2664,0, 2760, False, 0
2665,0, 2760, False, 0
2666,0, 2760, False, 0
2667,0, 2760, False, 0
2668,0, 2760, False, 0
2669,0, 2760, False, 0
2670,0, 2760, False, 0
2671,0, 2760, False, 0
2672,0, 2760, False, 0
2673,0, 2760, False, 0
2674,0, 2760, False, 0
2675,0, 2760, False, 0
2676,0, 2760, False, 0
2677,0, 2760, False, 0
2678,0, 2760, False, 0
2679,0, 2760, False, 0
2680,0, 2760, False, 0
2681,0, 2760, False, 0
2682,0, 2760, False, 2
2683,0, 2760, False, 2
2684,0, 2760, False, 2
2685,0, 2760, False, 2
2686,0, 2760, False, 2
2687,0, 2760, False, 2
2688,0, 2760, False, 2
2689,0, 2760, False, 0
2690,0, 2760, False, 0
2691,0, 2760, False, 0
2692,0, 2760, False, 0
2693,0, 2760, False, 0
2694,0, 2760, False, 0
2695,0, 2760, False, 0
2696,0, 2760, False, 0
2697,0, 2760, False, 0
2698,0, 2760, False, 0
2699,0, 2760, False, 0
2700,0, 2760, False, 0
2701,0, 2760, False, 0
2702,0, 2760, False, 0
2703,0, 2760, False, 0
2704,0, 2760, False, 0
2705,0, 2760, False, 0
2706,0, 2760, False, 0
2707,0, 2760, False, 0
2708,0, 2760, False, 0
2709,0, 2760, False, 0
2710,0, 2760, False, 0
2711,0, 2760, False, 0
2712,0, 2760, False, 0
2713,0, 2760, False, 0
2714,0, 2760, False, 0
2715,0, 2760, False, 0
2716,0, 2760, False, 0
2717,0, 2760, False, 0
2718,0, 2760, False, 0
2719,0, 2760, False, 3
2720,0, 2760, False, 3
2721,0, 2760, False, 3
2722,0, 2760, False, 3
2723,0, 2760, False, 3
2724,0, 2760, False, 3
2725,0, 2760, False, 0
2726,0, 2760, False, 0
2727,0, 2760, False, 0
2728,0, 2760, False, 0
2729,0, 2760, False, 0
2730,0, 2760, False, 0
2731,0, 2760, False, 0
2732,0, 2760, False, 0
2733,0, 2760, False, 0
2734,0, 2760, False, 2
2735,0, 2760, False, 2
2736,10, 2770, False, 2
2737,0, 2770, False, 2
2738,0, 2770, False, 2
2739,0, 2770, False, 2
2740,0, 2770, False, 2
2741,0, 2770, False, 0
2742,0, 2770, False, 0
2743,0, 2770, False, 0
2744,0, 2770, False, 0
2745,0, 2770, False, 0
2746,0, 2770, False, 0
2747,0, 2770, False, 0
2748,0, 2770, False, 0
2749,0, 2770, False, 0
2750,0, 2770, False, 0
2751,0, 2770, False, 0
2752,0, 2770, False, 0
2753,0, 2770, False, 0
2754,0, 2770, False, 0
2755,0, 2770, False, 0
2756,0, 2770, False, 0
2757,0, 2770, False, 0
2758,0, 2770, False, 0
2759,0, 2770, False, 0
2760,0, 2770, False, 0
2761,0, 2770, False, 0
2762,0, 2770, False, 0
2763,0, 2770, False, 0
2764,0, 2770, False, 0
2765,0, 2770, False, 0
2766,0, 2770, False, 0
2767,0, 2770, False, 0
2768,0, 2770, False, 0
2769,0, 2770, False, 0
2770,0, 2770, False, 0
2771,0, 2770, False, 0
2772,0, 2770, False, 0
2773,0, 2770, False, 2
2774,0, 2770, False, 2
2775,0, 2770, False, 2
2776,0, 2770, False, 2
2777,0, 2770, False, 2
2778,0, 2770, False, 2
2779,0, 2770, False, 2
2780,0, 2770, False, 0
2781,0, 2770, False, 0
2782,0, 2770, False, 0
2783,0, 2770, False, 0
2784,0, 2770, False, 0
2785,0, 2770, False, 0
2786,0, 2770, False, 0
2787,0, 2770, False, 0
2788,0, 2770, False, 0
2789,0, 2770, False, 0
2790,0, 2770, False, 0
2791,0, 2770, False, 0
2792,0, 2770, False, 0
2793,0, 2770, False, 0
2794,0, 2770, False, 0
2795,0, 2770, False, 0
2796,0, 2770, False, 0
2797,0, 2770, False, 0
2798,0, 2770, False, 0
2799,0, 2770, False, 0
2800,0, 2770, False, 0
2801,0, 2770, False, 0
2802,0, 2770, False, 0
2803,0, 2770, False, 5
2804,0, 2770, False, 5
2805,0, 2770, False, 5
2806,0, 2770, False, 5
2807,0, 2770, False, 5
2808,0, 2770, False, 5
2809,0, 2770, False, 0
2810,0, 2770, False, 0
2811,0, 2770, False, 0
2812,0, 2770, False, 0
2813,0, 2770, False, 0
2814,0, 2770, False, 0
2815,0, 2770, False, 0
2816,0, 2770, False, 0
2817,0, 2770, False, 0
2818,0, 2770, False, 0
2819,0, 2770, False, 0
2820,0, 2770, False, 4
2821,0, 2770, False, 4
2822,0, 2770, False, 4
2823,0, 2770, False, 4
2824,0, 2770, False, 4
2825,0, 2770, False, 4
2826,0, 2770, False, 0
2827,0, 2770, False, 0
2828,0, 2770, False, 0
2829,0, 2770, False, 0
2830,0, 2770, False, 0
2831,0, 2770, False, 0
2832,0, 2770, False, 0
2833,0, 2770, False, 0
2834,0, 2770, False, 4
2835,0, 2770, False, 4
2836,0, 2770, False, 4
2837,0, 2770, False, 4
2838,0, 2770, False, 4
2839,0, 2770, False, 4
2840,0, 2770, False, 0
2841,0, 2770, False, 0
2842,0, 2770, False, 0
2843,0, 2770, False, 0
2844,0, 2770, False, 0
2845,0, 2770, False, 0
2846,0, 2770, False, 0
2847,0, 2770, False, 0
2848,0, 2770, False, 0
2849,0, 2770, False, 0
2850,0, 2770, False, 0
2851,0, 2770, False, 0
2852,0, 2770, False, 0
2853,0, 2770, False, 0
2854,0, 2770, False, 0
2855,0, 2770, False, 0
2856,0, 2770, False, 0
2857,0, 2770, False, 0
2858,0, 2770, False, 0
2859,0, 2770, False, 0
2860,0, 2770, False, 0
2861,0, 2770, False, 0
2862,0, 2770, False, 0
2863,0, 2770, False, 0
2864,0, 2770, False, 0
2865,0, 2770, False, 0
2866,0, 2770, False, 4
2867,0, 2770, False, 4
2868,0, 2770, False, 4
2869,0, 2770, False, 4
2870,0, 2770, False, 4
2871,0, 2770, False, 4
2872,0, 2770, False, 0
2873,0, 2770, False, 0
2874,0, 2770, False, 0
2875,0, 2770, False, 0
2876,0, 2770, False, 0
2877,0, 2770, False, 0
2878,0, 2770, False, 0
2879,0, 2770, False, 0
2880,0, 2770, False, 0
2881,0, 2770, False, 0
2882,0, 2770, False, 0
2883,0, 2770, False, 0
2884,0, 2770, False, 0
2885,0, 2770, False, 0
2886,0, 2770, False, 0
2887,0, 2770, False, 0
2888,0, 2770, False, 0
2889,0, 2770, False, 0
2890,0, 2770, False, 0
2891,0, 2770, False, 0
2892,0, 2770, False, 0
2893,0, 2770, False, 0
2894,0, 2770, False, 0
2895,0, 2770, False, 0
2896,0, 2770, False, 0
2897,0, 2770, False, 0
2898,0, 2770, False, 0
2899,0, 2770, False, 0
2900,0, 2770, False, 0
2901,0, 2770, False, 0
2902,0, 2770, False, 0
2903,0, 2770, False, 0
2904,0, 2770, False, 0
2905,0, 2770, False, 0
2906,0, 2770, False, 0
2907,0, 2770, False, 0
2908,0, 2770, False, 2
2909,0, 2770, False, 2
2910,0, 2770, False, 2
2911,0, 2770, False, 2
2912,0, 2770, False, 2
2913,0, 2770, False, 2
2914,0, 2770, False, 0
2915,0, 2770, False, 0
2916,0, 2770, False, 0
2917,0, 2770, False, 0
2918,0, 2770, False, 0
2919,0, 2770, False, 0
2920,0, 2770, False, 0
2921,0, 2770, False, 0
2922,0, 2770, False, 0
2923,0, 2770, False, 0
2924,0, 2770, False, 0
2925,0, 2770, False, 0
2926,0, 2770, False, 0
2927,0, 2770, False, 0
2928,0, 2770, False, 0
2929,0, 2770, False, 0
2930,0, 2770, False, 0
2931,0, 2770, False, 0
2932,0, 2770, False, 0
2933,0, 2770, False, 0
2934,0, 2770, False, 0
2935,0, 2770, False, 0
2936,0, 2770, False, 0
2937,0, 2770, False, 0
2938,0, 2770, False, 0
2939,0, 2770, False, 0
2940,0, 2770, False, 0
2941,0, 2770, False, 3
2942,0, 2770, False, 3
2943,0, 2770, False, 3
2944,0, 2770, False, 3
2945,0, 2770, False, 3
2946,0, 2770, False, 3
2947,0, 2770, False, 3
2948,0, 2770, False, 3
2949,0, 2770, False, 0
2950,0, 2770, False, 0
2951,0, 2770, False, 0
2952,0, 2770, False, 0
2953,0, 2770, False, 0
2954,0, 2770, False, 0
2955,0, 2770, False, 0
2956,0, 2770, False, 0
2957,0, 2770, False, 0
2958,0, 2770, False, 0
2959,0, 2770, False, 2
2960,0, 2770, False, 2
2961,0, 2770, False, 2
2962,0, 2770, False, 2
2963,0, 2770, False, 2
2964,0, 2770, False, 2
2965,0, 2770, False, 2
2966,0, 2770, False, 2
2967,0, 2770, False, 0
2968,0, 2770, False, 0
2969,0, 2770, False, 0
2970,0, 2770, False, 0
2971,0, 2770, False, 0
2972,0, 2770, False, 0
2973,0, 2770, False, 0
2974,0, 2770, False, 0
2975,0, 2770, False, 0
2976,0, 2770, False, 0
2977,0, 2770, False, 0
2978,0, 2770, False, 0
2979,0, 2770, False, 0
2980,0, 2770, False, 0
2981,0, 2770, False, 0
2982,0, 2770, False, 0
2983,0, 2770, False, 0
2984,0, 2770, False, 0
2985,0, 2770, False, 0
2986,0, 2770, False, 0
2987,0, 2770, False, 0
2988,0, 2770, False, 0
2989,0, 2770, False, 0
2990,0, 2770, False, 0
2991,0, 2770, False, 0
2992,0, 2770, False, 0
2993,0, 2770, False, 0
2994,0, 2770, False, 0
2995,0, 2770, False, 0
2996,0, 2770, False, 0
2997,0, 2770, False, 0
2998,0, 2770, False, 0
2999,0, 2770, False, 2
3000,0, 2770, False, 2
3001,0, 2770, False, 2
3002,0, 2770, False, 2
3003,0, 2770, False, 2
3004,0, 2770, False, 2
3005,0, 2770, False, 2
3006,0, 2770, False, 0
3007,0, 2770, False, 0
3008,0, 2770, False, 0
3009,0, 2770, False, 0
3010,0, 2770, False, 0
3011,0, 2770, False, 0
3012,0, 2770, False, 0
3013,0, 2770, False, 0
3014,0, 2770, False, 0
3015,0, 2770, False, 3
3016,0, 2770, False, 3
3017,0, 2770, False, 3
3018,0, 2770, False, 3
3019,0, 2770, False, 3
3020,0, 2770, False, 3
3021,0, 2770, False, 3
3022,0, 2770, False, 3
3023,0, 2770, False, 3
3024,0, 2770, False, 0
3025,0, 2770, False, 0
3026,0, 2770, False, 0
3027,0, 2770, False, 0
3028,0, 2770, False, 0
3029,0, 2770, False, 0
3030,0, 2770, False, 0
3031,0, 2770, False, 0
3032,0, 2770, False, 0
3033,0, 2770, False, 0
3034,0, 2770, False, 0
3035,0, 2770, False, 0
3036,0, 2770, False, 0
3037,0, 2770, False, 0
3038,0, 2770, False, 0
3039,0, 2770, False, 0
3040,0, 2770, False, 0
3041,0, 2770, False, 0
3042,0, 2770, False, 0
3043,0, 2770, False, 0
3044,0, 2770, False, 0
3045,0, 2770, False, 0
3046,0, 2770, False, 0
3047,0, 2770, False, 0
3048,0, 2770, False, 0
3049,0, 2770, False, 0
3050,0, 2770, False, 0
3051,0, 2770, False, 0
3052,0, 2770, False, 0
3053,0, 2770, False, 0
3054,0, 2770, False, 0
3055,0, 2770, False, 0
3056,0, 2770, False, 0
3057,0, 2770, False, 0
3058,0, 2770, False, 0
3059,0, 2770, False, 0
3060,0, 2770, False, 0
3061,0, 2770, False, 0
3062,0, 2770, False, 0
3063,0, 2770, False, 0
3064,0, 2770, False, 0
3065,0, 2770, False, 0
3066,0, 2770, False, 0
3067,0, 2770, False, 0
3068,0, 2770, False, 0
3069,0, 2770, False, 0
3070,0, 2770, False, 0
3071,0, 2770, False, 0
3072,0, 2770, False, 0
3073,0, 2770, False, 0
3074,0, 2770, False, 0
3075,0, 2770, False, 0
3076,0, 2770, False, 0
3077,0, 2770, False, 0
3078,0, 2770, False, 0
3079,0, 2770, False, 0
3080,0, 2770, False, 0
3081,0, 2770, False, 0
3082,0, 2770, False, 0
3083,0, 2770, False, 0
3084,0, 2770, False, 0
3085,0, 2770, False, 0
3086,0, 2770, False, 0
3087,0, 2770, False, 0
3088,0, 2770, False, 0
3089,0, 2770, False, 0
3090,0, 2770, False, 0
3091,0, 2770, False, 0
3092,0, 2770, False, 0
3093,0, 2770, False, 0
3094,0, 2770, False, 0
3095,0, 2770, False, 0
3096,0, 2770, False, 0
3097,0, 2770, False, 0
3098,0, 2770, False, 0
3099,0, 2770, False, 0
3100,0, 2770, False, 0
3101,0, 2770, False, 0
3102,0, 2770, False, 0
3103,0, 2770, False, 0
3104,0, 2770, False, 0
3105,0, 2770, False, 0
3106,0, 2770, False, 0
3107,0, 2770, False, 0
3108,0, 2770, False, 0
3109,0, 2770, False, 0
3110,0, 2770, False, 0
3111,0, 2770, False, 0
3112,0, 2770, False, 0
3113,0, 2770, False, 0
3114,0, 2770, False, 0
3115,0, 2770, False, 0
3116,0, 2770, False, 0
3117,0, 2770, False, 0
3118,0, 2770, False, 0
3119,0, 2770, False, 0
3120,0, 2770, False, 0
3121,0, 2770, False, 0
3122,0, 2770, False, 0
3123,0, 2770, False, 0
3124,0, 2770, False, 0
3125,0, 2770, False, 0
3126,0, 2770, False, 0
3127,0, 2770, False, 0
3128,0, 2770, False, 0
3129,0, 2770, False, 0
3130,0, 2770, False, 0
3131,0, 2770, False, 0
3132,0, 2770, False, 0
3133,0, 2770, False, 0
3134,0, 2770, False, 0
3135,0, 2770, False, 0
3136,0, 2770, False, 0
3137,0, 2770, False, 0
3138,0, 2770, False, 0
3139,0, 2770, False, 0
3140,0, 2770, False, 0
3141,0, 2770, False, 0
3142,0, 2770, False, 0
3143,0, 2770, False, 0
3144,0, 2770, False, 0
3145,0, 2770, False, 0
3146,0, 2770, False, 0
3147,0, 2770, False, 0
3148,0, 2770, False, 0
3149,0, 2770, False, 0
3150,0, 2770, False, 0
3151,0, 2770, False, 0
3152,0, 2770, False, 0
3153,0, 2770, False, 0
3154,0, 2770, False, 0
3155,0, 2770, False, 0
3156,0, 2770, False, 0
3157,0, 2770, False, 0
3158,0, 2770, False, 0
3159,0, 2770, False, 0
3160,0, 2770, False, 0
3161,0, 2770, False, 0
3162,0, 2770, False, 0
3163,0, 2770, False, 0
3164,0, 2770, False, 0
3165,0, 2770, False, 0
3166,0, 2770, False, 0
3167,0, 2770, False, 0
3168,0, 2770, False, 0
3169,0, 2770, False, 0
3170,0, 2770, False, 0
3171,0, 2770, False, 0
3172,0, 2770, False, 0
3173,0, 2770, False, 0
3174,0, 2770, False, 0
3175,0, 2770, False, 0
3176,0, 2770, False, 0
3177,0, 2770, False, 0
3178,0, 2770, False, 0
3179,0, 2770, False, 0
3180,0, 2770, False, 0
3181,0, 2770, False, 0
3182,0, 2770, False, 0
3183,0, 2770, False, 0
3184,0, 2770, False, 0
3185,0, 2770, False, 0
3186,0, 2770, False, 0
3187,0, 2770, False, 0
3188,0, 2770, False, 0
3189,0, 2770, False, 0
3190,0, 2770, False, 0
3191,0, 2770, False, 0
3192,0, 2770, False, 0
3193,0, 2770, False, 0
3194,0, 2770, False, 0
3195,0, 2770, False, 0
3196,0, 2770, False, 0
3197,0, 2770, False, 0
3198,0, 2770, False, 0
3199,0, 2770, False, 0
3200,0, 2770, False, 0
3201,0, 2770, False, 0
3202,0, 2770, False, 0
3203,0, 2770, False, 0
3204,0, 2770, False, 0
3205,0, 2770, False, 0
3206,0, 2770, False, 0
3207,0, 2770, False, 0
3208,0, 2770, False, 0
3209,0, 2770, False, 0
3210,0, 2770, False, 0
3211,0, 2770, False, 0
3212,0, 2770, False, 0
3213,0, 2770, False, 0
3214,0, 2770, False, 0
3215,0, 2770, False, 0
3216,0, 2770, False, 0
3217,0, 2770, False, 0
3218,0, 2770, False, 0
3219,0, 2770, False, 0
3220,0, 2770, False, 0
3221,0, 2770, False, 0
3222,0, 2770, False, 0
3223,0, 2770, False, 0
3224,0, 2770, False, 0
3225,0, 2770, False, 0
3226,0, 2770, False, 0
3227,0, 2770, False, 0
3228,0, 2770, False, 0
3229,0, 2770, False, 0
3230,0, 2770, False, 0
3231,0, 2770, False, 0
3232,0, 2770, False, 0
3233,0, 2770, False, 0
3234,0, 2770, False, 0
3235,0, 2770, False, 0
3236,0, 2770, False, 0
3237,0, 2770, False, 0
3238,0, 2770, False, 0
3239,0, 2770, False, 0
3240,0, 2770, False, 0
3241,0, 2770, False, 0
3242,0, 2770, False, 0
3243,0, 2770, False, 0
3244,0, 2770, False, 0
3245,0, 2770, False, 0
3246,0, 2770, False, 0
3247,0, 2770, False, 0
3248,0, 2770, False, 0
3249,0, 2770, False, 0
3250,0, 2770, False, 0
3251,0, 2770, False, 0
3252,0, 2770, False, 0
3253,0, 2770, False, 0
3254,0, 2770, False, 0
3255,0, 2770, False, 0
3256,0, 2770, False, 0
3257,0, 2770, False, 0
3258,0, 2770, False, 0
3259,0, 2770, False, 0
3260,0, 2770, False, 0
3261,0, 2770, False, 0
3262,0, 2770, False, 0
3263,0, 2770, False, 0
3264,0, 2770, False, 0
3265,0, 2770, False, 0
3266,0, 2770, False, 0
3267,0, 2770, False, 0
3268,0, 2770, False, 0
3269,0, 2770, False, 0
3270,0, 2770, False, 0
3271,0, 2770, False, 0
3272,0, 2770, False, 0
3273,0, 2770, False, 0
3274,0, 2770, False, 0
3275,0, 2770, False, 0
3276,0, 2770, False, 0
3277,0, 2770, False, 0
3278,0, 2770, False, 0
3279,0, 2770, False, 0
3280,0, 2770, False, 0
3281,0, 2770, False, 0
3282,0, 2770, False, 0
3283,0, 2770, False, 0
3284,0, 2770, False, 0
3285,0, 2770, False, 0
3286,0, 2770, False, 0
3287,0, 2770, False, 0
3288,0, 2770, False, 0
3289,0, 2770, False, 0
3290,0, 2770, False, 0
3291,0, 2770, False, 0
3292,0, 2770, False, 0
3293,0, 2770, False, 0
3294,0, 2770, False, 0
3295,0, 2770, False, 0
3296,0, 2770, False, 0
3297,0, 2770, False, 0
3298,0, 2770, False, 0
3299,0, 2770, False, 0
3300,0, 2770, False, 0
3301,0, 2770, False, 0
3302,0, 2770, False, 0
3303,0, 2770, False, 0
3304,0, 2770, False, 0
3305,0, 2770, False, 0
3306,0, 2770, False, 0
3307,0, 2770, False, 0
3308,0, 2770, False, 0
3309,0, 2770, False, 0
3310,0, 2770, False, 0
3311,0, 2770, False, 0
3312,0, 2770, False, 0
3313,0, 2770, False, 0
3314,0, 2770, False, 0
3315,0, 2770, False, 0
3316,0, 2770, False, 0
3317,0, 2770, False, 0
3318,0, 2770, False, 0
3319,0, 2770, False, 0
3320,0, 2770, False, 0
3321,0, 2770, False, 0
3322,0, 2770, False, 0
3323,0, 2770, False, 0
3324,0, 2770, False, 0
3325,0, 2770, False, 0
3326,0, 2770, False, 0
3327,0, 2770, False, 0
3328,0, 2770, False, 0
3329,0, 2770, False, 0
3330,0, 2770, False, 0
3331,0, 2770, False, 0
3332,0, 2770, False, 0
3333,0, 2770, False, 0
3334,0, 2770, False, 0
3335,0, 2770, False, 0
3336,0, 2770, False, 0
3337,0, 2770, False, 0
3338,0, 2770, False, 0
3339,0, 2770, False, 0
3340,0, 2770, False, 0
3341,0, 2770, False, 0
3342,0, 2770, False, 0
3343,0, 2770, False, 0
3344,0, 2770, False, 0
3345,0, 2770, False, 0
3346,0, 2770, False, 0
3347,0, 2770, False, 0
3348,0, 2770, False, 0
3349,0, 2770, False, 0
3350,0, 2770, False, 0
3351,0, 2770, False, 0
3352,0, 2770, False, 0
3353,0, 2770, False, 0
3354,0, 2770, False, 0
3355,0, 2770, False, 0
3356,0, 2770, False, 0
3357,0, 2770, False, 0
3358,0, 2770, False, 0
3359,0, 2770, False, 0
3360,0, 2770, False, 0
3361,0, 2770, False, 0
3362,0, 2770, False, 0
3363,0, 2770, False, 0
3364,0, 2770, False, 0
3365,0, 2770, False, 0
3366,0, 2770, False, 0
3367,0, 2770, False, 0
3368,0, 2770, False, 0
3369,0, 2770, False, 0
3370,0, 2770, False, 0
3371,0, 2770, False, 0
3372,0, 2770, False, 0
3373,0, 2770, False, 0
3374,0, 2770, False, 0
3375,0, 2770, False, 0
3376,0, 2770, False, 0
3377,0, 2770, False, 0
3378,0, 2770, False, 0
3379,0, 2770, False, 0
3380,0, 2770, False, 0
3381,0, 2770, False, 0
3382,0, 2770, False, 0
3383,0, 2770, False, 0
3384,0, 2770, False, 0
3385,0, 2770, False, 0
3386,0, 2770, False, 0
3387,0, 2770, False, 0
3388,0, 2770, False, 0
3389,0, 2770, False, 0
3390,0, 2770, False, 0
3391,0, 2770, False, 0
3392,0, 2770, False, 0
3393,0, 2770, False, 0
3394,0, 2770, False, 0
3395,0, 2770, False, 0
3396,0, 2770, False, 0
