db traj id : 3800
frame,reward,score,terminal, action
0,0, 0, False, 0
1,0, 0, False, 0
2,0, 0, False, 0
3,0, 0, False, 0
4,0, 0, False, 0
5,0, 0, False, 0
6,0, 0, False, 0
7,0, 0, False, 0
8,0, 0, False, 0
9,0, 0, False, 0
10,0, 0, False, 0
11,0, 0, False, 0
12,0, 0, False, 0
13,0, 0, False, 0
14,0, 0, False, 0
15,0, 0, False, 0
16,0, 0, False, 0
17,0, 0, False, 0
18,0, 0, False, 0
19,0, 0, False, 0
20,0, 0, False, 0
21,0, 0, False, 0
22,0, 0, False, 0
23,0, 0, False, 0
24,0, 0, False, 0
25,0, 0, False, 0
26,0, 0, False, 0
27,0, 0, False, 0
28,0, 0, False, 0
29,0, 0, False, 0
30,0, 0, False, 0
31,0, 0, False, 0
32,0, 0, False, 0
33,0, 0, False, 0
34,0, 0, False, 0
35,0, 0, False, 0
36,0, 0, False, 0
37,0, 0, False, 0
38,0, 0, False, 0
39,0, 0, False, 0
40,0, 0, False, 0
41,0, 0, False, 0
42,0, 0, False, 0
43,0, 0, False, 0
44,0, 0, False, 4
45,0, 0, False, 4
46,0, 0, False, 4
47,0, 0, False, 4
48,0, 0, False, 4
49,0, 0, False, 4
50,0, 0, False, 4
51,0, 0, False, 4
52,0, 0, False, 4
53,0, 0, False, 4
54,0, 0, False, 0
55,0, 0, False, 0
56,0, 0, False, 0
57,0, 0, False, 0
58,0, 0, False, 0
59,0, 0, False, 0
60,0, 0, False, 0
61,0, 0, False, 0
62,0, 0, False, 0
63,0, 0, False, 0
64,0, 0, False, 0
65,0, 0, False, 0
66,0, 0, False, 0
67,0, 0, False, 0
68,0, 0, False, 0
69,0, 0, False, 0
70,0, 0, False, 0
71,0, 0, False, 0
72,0, 0, False, 0
73,0, 0, False, 0
74,0, 0, False, 0
75,0, 0, False, 0
76,0, 0, False, 0
77,0, 0, False, 0
78,0, 0, False, 0
79,0, 0, False, 0
80,0, 0, False, 0
81,0, 0, False, 0
82,0, 0, False, 0
83,0, 0, False, 0
84,0, 0, False, 0
85,0, 0, False, 0
86,0, 0, False, 0
87,0, 0, False, 0
88,0, 0, False, 0
89,0, 0, False, 0
90,0, 0, False, 0
91,0, 0, False, 0
92,0, 0, False, 0
93,0, 0, False, 0
94,0, 0, False, 0
95,0, 0, False, 0
96,0, 0, False, 0
97,0, 0, False, 0
98,0, 0, False, 0
99,0, 0, False, 0
100,0, 0, False, 0
101,0, 0, False, 0
102,0, 0, False, 0
103,0, 0, False, 0
104,0, 0, False, 0
105,0, 0, False, 0
106,0, 0, False, 0
107,0, 0, False, 0
108,0, 0, False, 0
109,0, 0, False, 0
110,0, 0, False, 0
111,0, 0, False, 5
112,0, 0, False, 5
113,0, 0, False, 5
114,0, 0, False, 5
115,0, 0, False, 5
116,0, 0, False, 5
117,0, 0, False, 5
118,0, 0, False, 5
119,0, 0, False, 5
120,0, 0, False, 5
121,0, 0, False, 5
122,0, 0, False, 5
123,0, 0, False, 5
124,0, 0, False, 5
125,0, 0, False, 0
126,0, 0, False, 0
127,0, 0, False, 0
128,0, 0, False, 0
129,0, 0, False, 0
130,0, 0, False, 0
131,0, 0, False, 0
132,0, 0, False, 0
133,0, 0, False, 0
134,0, 0, False, 0
135,0, 0, False, 0
136,0, 0, False, 0
137,0, 0, False, 0
138,0, 0, False, 0
139,0, 0, False, 0
140,0, 0, False, 0
141,0, 0, False, 0
142,0, 0, False, 0
143,0, 0, False, 0
144,0, 0, False, 0
145,0, 0, False, 2
146,0, 0, False, 2
147,0, 0, False, 2
148,0, 0, False, 2
149,0, 0, False, 2
150,0, 0, False, 2
151,0, 0, False, 2
152,0, 0, False, 2
153,0, 0, False, 7
154,0, 0, False, 7
155,0, 0, False, 7
156,0, 0, False, 7
157,0, 0, False, 7
158,0, 0, False, 4
159,0, 0, False, 4
160,0, 0, False, 4
161,0, 0, False, 4
162,0, 0, False, 4
163,0, 0, False, 4
164,0, 0, False, 4
165,0, 0, False, 4
166,0, 0, False, 0
167,0, 0, False, 0
168,0, 0, False, 0
169,0, 0, False, 0
170,0, 0, False, 0
171,0, 0, False, 0
172,0, 0, False, 0
173,0, 0, False, 0
174,0, 0, False, 0
175,0, 0, False, 0
176,0, 0, False, 0
177,0, 0, False, 0
178,0, 0, False, 3
179,0, 0, False, 3
180,0, 0, False, 3
181,0, 0, False, 3
182,0, 0, False, 3
183,0, 0, False, 3
184,0, 0, False, 3
185,0, 0, False, 6
186,0, 0, False, 6
187,0, 0, False, 6
188,0, 0, False, 6
189,0, 0, False, 2
190,0, 0, False, 2
191,0, 0, False, 2
192,0, 0, False, 2
193,0, 0, False, 2
194,0, 0, False, 7
195,0, 0, False, 7
196,0, 0, False, 7
197,0, 0, False, 4
198,0, 0, False, 4
199,0, 0, False, 4
200,0, 0, False, 4
201,0, 0, False, 4
202,0, 0, False, 4
203,0, 0, False, 0
204,0, 0, False, 0
205,0, 0, False, 0
206,0, 0, False, 0
207,0, 0, False, 0
208,0, 0, False, 0
209,0, 0, False, 0
210,0, 0, False, 0
211,0, 0, False, 0
212,0, 0, False, 0
213,0, 0, False, 0
214,0, 0, False, 0
215,0, 0, False, 0
216,0, 0, False, 0
217,0, 0, False, 0
218,0, 0, False, 0
219,0, 0, False, 0
220,0, 0, False, 0
221,0, 0, False, 0
222,0, 0, False, 0
223,0, 0, False, 0
224,0, 0, False, 0
225,0, 0, False, 0
226,0, 0, False, 0
227,0, 0, False, 0
228,0, 0, False, 0
229,0, 0, False, 0
230,0, 0, False, 0
231,0, 0, False, 0
232,0, 0, False, 0
233,0, 0, False, 0
234,0, 0, False, 0
235,0, 0, False, 0
236,0, 0, False, 0
237,0, 0, False, 1
238,0, 0, False, 1
239,0, 0, False, 1
240,0, 0, False, 1
241,0, 0, False, 1
242,0, 0, False, 1
243,0, 0, False, 1
244,0, 0, False, 1
245,0, 0, False, 1
246,0, 0, False, 0
247,0, 0, False, 0
248,0, 0, False, 0
249,0, 0, False, 0
250,0, 0, False, 0
251,0, 0, False, 0
252,0, 0, False, 0
253,0, 0, False, 0
254,0, 0, False, 0
255,0, 0, False, 0
256,0, 0, False, 0
257,0, 0, False, 0
258,0, 0, False, 0
259,0, 0, False, 0
260,0, 0, False, 0
261,0, 0, False, 0
262,0, 0, False, 0
263,0, 0, False, 0
264,0, 0, False, 0
265,0, 0, False, 0
266,0, 0, False, 2
267,0, 0, False, 2
268,0, 0, False, 2
269,0, 0, False, 2
270,0, 0, False, 2
271,0, 0, False, 2
272,0, 0, False, 2
273,0, 0, False, 2
274,10, 10, False, 2
275,0, 10, False, 2
276,0, 10, False, 7
277,0, 10, False, 4
278,0, 10, False, 4
279,0, 10, False, 4
280,0, 10, False, 4
281,0, 10, False, 4
282,0, 10, False, 4
283,0, 10, False, 4
284,0, 10, False, 4
285,0, 10, False, 4
286,0, 10, False, 4
287,0, 10, False, 0
288,10, 20, False, 0
289,0, 20, False, 0
290,0, 20, False, 0
291,0, 20, False, 0
292,0, 20, False, 0
293,0, 20, False, 0
294,0, 20, False, 0
295,0, 20, False, 0
296,0, 20, False, 0
297,0, 20, False, 0
298,0, 20, False, 0
299,0, 20, False, 0
300,0, 20, False, 0
301,0, 20, False, 0
302,10, 30, False, 0
303,0, 30, False, 0
304,0, 30, False, 0
305,0, 30, False, 0
306,0, 30, False, 0
307,0, 30, False, 0
308,0, 30, False, 0
309,0, 30, False, 0
310,0, 30, False, 0
311,0, 30, False, 0
312,0, 30, False, 0
313,0, 30, False, 0
314,10, 40, False, 0
315,0, 40, False, 4
316,0, 40, False, 4
317,0, 40, False, 4
318,0, 40, False, 4
319,0, 40, False, 4
320,0, 40, False, 4
321,0, 40, False, 0
322,0, 40, False, 0
323,0, 40, False, 0
324,0, 40, False, 0
325,0, 40, False, 0
326,0, 40, False, 0
327,0, 40, False, 0
328,10, 50, False, 0
329,0, 50, False, 0
330,0, 50, False, 0
331,0, 50, False, 0
332,0, 50, False, 0
333,0, 50, False, 0
334,0, 50, False, 0
335,0, 50, False, 0
336,0, 50, False, 0
337,0, 50, False, 0
338,0, 50, False, 0
339,0, 50, False, 0
340,0, 50, False, 5
341,0, 50, False, 5
342,10, 60, False, 5
343,0, 60, False, 5
344,0, 60, False, 5
345,0, 60, False, 5
346,0, 60, False, 5
347,0, 60, False, 5
348,0, 60, False, 5
349,0, 60, False, 5
350,0, 60, False, 5
351,0, 60, False, 5
352,10, 70, False, 0
353,0, 70, False, 0
354,0, 70, False, 0
355,0, 70, False, 0
356,0, 70, False, 0
357,0, 70, False, 0
358,0, 70, False, 0
359,0, 70, False, 0
360,0, 70, False, 0
361,0, 70, False, 0
362,0, 70, False, 0
363,0, 70, False, 0
364,0, 70, False, 0
365,0, 70, False, 0
366,10, 80, False, 0
367,0, 80, False, 0
368,0, 80, False, 0
369,0, 80, False, 0
370,0, 80, False, 0
371,0, 80, False, 0
372,0, 80, False, 0
373,0, 80, False, 0
374,0, 80, False, 0
375,0, 80, False, 0
376,0, 80, False, 0
377,0, 80, False, 0
378,0, 80, False, 0
379,0, 80, False, 0
380,10, 90, False, 0
381,0, 90, False, 0
382,0, 90, False, 0
383,0, 90, False, 0
384,0, 90, False, 0
385,0, 90, False, 0
386,0, 90, False, 0
387,0, 90, False, 0
388,0, 90, False, 0
389,0, 90, False, 0
390,0, 90, False, 0
391,0, 90, False, 0
392,0, 90, False, 0
393,0, 90, False, 0
394,10, 100, False, 0
395,0, 100, False, 0
396,0, 100, False, 0
397,0, 100, False, 0
398,0, 100, False, 0
399,0, 100, False, 0
400,0, 100, False, 0
401,0, 100, False, 0
402,0, 100, False, 0
403,0, 100, False, 0
404,0, 100, False, 0
405,0, 100, False, 0
406,0, 100, False, 0
407,0, 100, False, 0
408,10, 110, False, 0
409,0, 110, False, 0
410,0, 110, False, 4
411,0, 110, False, 4
412,0, 110, False, 4
413,0, 110, False, 4
414,0, 110, False, 4
415,0, 110, False, 4
416,0, 110, False, 4
417,0, 110, False, 4
418,0, 110, False, 4
419,0, 110, False, 4
420,0, 110, False, 4
421,0, 110, False, 0
422,0, 110, False, 0
423,0, 110, False, 0
424,10, 120, False, 0
425,0, 120, False, 0
426,0, 120, False, 0
427,0, 120, False, 0
428,0, 120, False, 0
429,0, 120, False, 0
430,0, 120, False, 0
431,0, 120, False, 0
432,0, 120, False, 0
433,0, 120, False, 0
434,0, 120, False, 0
435,0, 120, False, 0
436,0, 120, False, 0
437,0, 120, False, 0
438,10, 130, False, 0
439,0, 130, False, 0
440,0, 130, False, 0
441,0, 130, False, 0
442,0, 130, False, 0
443,0, 130, False, 0
444,0, 130, False, 0
445,0, 130, False, 0
446,0, 130, False, 0
447,0, 130, False, 0
448,0, 130, False, 0
449,0, 130, False, 0
450,10, 140, False, 0
451,0, 140, False, 0
452,0, 140, False, 0
453,0, 140, False, 0
454,0, 140, False, 0
455,0, 140, False, 0
456,0, 140, False, 0
457,0, 140, False, 0
458,0, 140, False, 0
459,0, 140, False, 0
460,0, 140, False, 0
461,0, 140, False, 0
462,0, 140, False, 0
463,0, 140, False, 0
464,0, 140, False, 0
465,0, 140, False, 0
466,0, 140, False, 2
467,0, 140, False, 2
468,0, 140, False, 2
469,0, 140, False, 2
470,0, 140, False, 2
471,0, 140, False, 2
472,0, 140, False, 2
473,0, 140, False, 2
474,0, 140, False, 2
475,0, 140, False, 2
476,0, 140, False, 0
477,0, 140, False, 0
478,0, 140, False, 0
479,0, 140, False, 0
480,50, 190, False, 0
481,0, 190, False, 0
482,0, 190, False, 0
483,0, 190, False, 0
484,0, 190, False, 0
485,0, 190, False, 0
486,0, 190, False, 0
487,0, 190, False, 0
488,0, 190, False, 0
489,0, 190, False, 0
490,10, 200, False, 0
491,0, 200, False, 0
492,0, 200, False, 0
493,0, 200, False, 0
494,0, 200, False, 0
495,0, 200, False, 0
496,0, 200, False, 0
497,0, 200, False, 0
498,0, 200, False, 0
499,0, 200, False, 0
500,0, 200, False, 0
501,0, 200, False, 0
502,0, 200, False, 0
503,0, 200, False, 0
504,10, 210, False, 0
505,0, 210, False, 0
506,0, 210, False, 0
507,0, 210, False, 0
508,0, 210, False, 0
509,0, 210, False, 0
510,0, 210, False, 3
511,0, 210, False, 3
512,0, 210, False, 3
513,0, 210, False, 0
514,0, 210, False, 0
515,0, 210, False, 0
516,0, 210, False, 0
517,0, 210, False, 0
518,10, 220, False, 0
519,0, 220, False, 0
520,0, 220, False, 2
521,0, 220, False, 2
522,0, 220, False, 2
523,0, 220, False, 2
524,0, 220, False, 2
525,0, 220, False, 2
526,0, 220, False, 2
527,0, 220, False, 2
528,0, 220, False, 2
529,0, 220, False, 2
530,0, 220, False, 0
531,0, 220, False, 0
532,0, 220, False, 0
533,0, 220, False, 0
534,0, 220, False, 0
535,0, 220, False, 0
536,10, 230, False, 0
537,0, 230, False, 0
538,0, 230, False, 0
539,0, 230, False, 0
540,0, 230, False, 0
541,0, 230, False, 0
542,0, 230, False, 0
543,0, 230, False, 0
544,0, 230, False, 0
545,0, 230, False, 0
546,0, 230, False, 0
547,0, 230, False, 0
548,0, 230, False, 0
549,0, 230, False, 0
550,10, 240, False, 0
551,0, 240, False, 0
552,0, 240, False, 0
553,0, 240, False, 0
554,0, 240, False, 0
555,0, 240, False, 0
556,0, 240, False, 0
557,0, 240, False, 0
558,0, 240, False, 0
559,0, 240, False, 0
560,0, 240, False, 0
561,0, 240, False, 0
562,0, 240, False, 0
563,0, 240, False, 0
564,10, 250, False, 0
565,0, 250, False, 0
566,0, 250, False, 0
567,0, 250, False, 0
568,0, 250, False, 0
569,0, 250, False, 0
570,0, 250, False, 0
571,0, 250, False, 0
572,0, 250, False, 0
573,0, 250, False, 0
574,0, 250, False, 0
575,0, 250, False, 0
576,0, 250, False, 0
577,0, 250, False, 0
578,10, 260, False, 0
579,0, 260, False, 0
580,0, 260, False, 0
581,0, 260, False, 0
582,0, 260, False, 0
583,0, 260, False, 0
584,0, 260, False, 0
585,0, 260, False, 0
586,0, 260, False, 0
587,0, 260, False, 0
588,0, 260, False, 0
589,0, 260, False, 0
590,0, 260, False, 0
591,0, 260, False, 0
592,10, 270, False, 0
593,0, 270, False, 0
594,0, 270, False, 0
595,0, 270, False, 0
596,0, 270, False, 0
597,0, 270, False, 0
598,0, 270, False, 0
599,0, 270, False, 0
600,0, 270, False, 0
601,0, 270, False, 0
602,0, 270, False, 0
603,0, 270, False, 0
604,0, 270, False, 4
605,0, 270, False, 4
606,10, 280, False, 4
607,0, 280, False, 4
608,0, 280, False, 4
609,0, 280, False, 4
610,0, 280, False, 4
611,0, 280, False, 0
612,0, 280, False, 0
613,0, 280, False, 0
614,0, 280, False, 0
615,0, 280, False, 0
616,0, 280, False, 0
617,0, 280, False, 0
618,10, 290, False, 0
619,0, 290, False, 0
620,0, 290, False, 0
621,0, 290, False, 0
622,0, 290, False, 0
623,0, 290, False, 0
624,0, 290, False, 0
625,0, 290, False, 0
626,0, 290, False, 0
627,0, 290, False, 0
628,0, 290, False, 0
629,0, 290, False, 0
630,0, 290, False, 0
631,0, 290, False, 0
632,0, 290, False, 3
633,0, 290, False, 3
634,0, 290, False, 3
635,0, 290, False, 3
636,0, 290, False, 3
637,0, 290, False, 3
638,0, 290, False, 3
639,0, 290, False, 3
640,0, 290, False, 3
641,0, 290, False, 3
642,0, 290, False, 3
643,0, 290, False, 0
644,0, 290, False, 0
645,0, 290, False, 0
646,0, 290, False, 0
647,0, 290, False, 0
648,0, 290, False, 0
649,0, 290, False, 0
650,0, 290, False, 0
651,0, 290, False, 0
652,0, 290, False, 0
653,0, 290, False, 0
654,0, 290, False, 0
655,0, 290, False, 0
656,0, 290, False, 0
657,0, 290, False, 0
658,0, 290, False, 0
659,0, 290, False, 2
660,0, 290, False, 2
661,0, 290, False, 2
662,0, 290, False, 2
663,0, 290, False, 2
664,0, 290, False, 2
665,0, 290, False, 2
666,0, 290, False, 2
667,0, 290, False, 0
668,0, 290, False, 0
669,0, 290, False, 0
670,10, 300, False, 0
671,0, 300, False, 0
672,0, 300, False, 0
673,0, 300, False, 0
674,0, 300, False, 0
675,0, 300, False, 0
676,0, 300, False, 0
677,0, 300, False, 0
678,0, 300, False, 0
679,0, 300, False, 0
680,0, 300, False, 0
681,0, 300, False, 0
682,0, 300, False, 0
683,0, 300, False, 0
684,10, 310, False, 0
685,0, 310, False, 0
686,0, 310, False, 0
687,0, 310, False, 0
688,0, 310, False, 0
689,0, 310, False, 4
690,0, 310, False, 4
691,0, 310, False, 4
692,0, 310, False, 4
693,0, 310, False, 4
694,0, 310, False, 4
695,0, 310, False, 4
696,0, 310, False, 4
697,0, 310, False, 4
698,10, 320, False, 0
699,0, 320, False, 0
700,0, 320, False, 0
701,0, 320, False, 0
702,0, 320, False, 0
703,0, 320, False, 0
704,0, 320, False, 0
705,0, 320, False, 0
706,0, 320, False, 0
707,0, 320, False, 0
708,0, 320, False, 0
709,0, 320, False, 0
710,0, 320, False, 0
711,0, 320, False, 0
712,0, 320, False, 0
713,0, 320, False, 2
714,0, 320, False, 2
715,0, 320, False, 2
716,0, 320, False, 2
717,0, 320, False, 2
718,0, 320, False, 2
719,0, 320, False, 2
720,50, 370, False, 2
721,0, 370, False, 2
722,0, 370, False, 0
723,0, 370, False, 0
724,0, 370, False, 0
725,0, 370, False, 0
726,0, 370, False, 0
727,0, 370, False, 0
728,0, 370, False, 0
729,0, 370, False, 0
730,0, 370, False, 0
731,0, 370, False, 0
732,0, 370, False, 0
733,0, 370, False, 0
734,0, 370, False, 0
735,0, 370, False, 0
736,10, 380, False, 0
737,0, 380, False, 0
738,0, 380, False, 0
739,0, 380, False, 0
740,0, 380, False, 0
741,0, 380, False, 0
742,0, 380, False, 0
743,0, 380, False, 0
744,0, 380, False, 0
745,0, 380, False, 0
746,0, 380, False, 0
747,0, 380, False, 0
748,0, 380, False, 0
749,0, 380, False, 0
750,0, 380, False, 0
751,0, 380, False, 0
752,0, 380, False, 0
753,0, 380, False, 0
754,0, 380, False, 0
755,0, 380, False, 0
756,0, 380, False, 0
757,0, 380, False, 0
758,0, 380, False, 0
759,0, 380, False, 0
760,0, 380, False, 0
761,0, 380, False, 0
762,0, 380, False, 0
763,0, 380, False, 0
764,0, 380, False, 0
765,0, 380, False, 0
766,0, 380, False, 0
767,0, 380, False, 0
768,0, 380, False, 0
769,0, 380, False, 0
770,0, 380, False, 0
771,0, 380, False, 0
772,0, 380, False, 0
773,0, 380, False, 0
774,0, 380, False, 0
775,0, 380, False, 0
776,0, 380, False, 0
777,0, 380, False, 0
778,0, 380, False, 0
779,0, 380, False, 0
780,0, 380, False, 0
781,0, 380, False, 0
782,0, 380, False, 0
783,0, 380, False, 0
784,0, 380, False, 0
785,0, 380, False, 0
786,0, 380, False, 0
787,0, 380, False, 0
788,0, 380, False, 0
789,0, 380, False, 0
790,0, 380, False, 0
791,0, 380, False, 0
792,0, 380, False, 0
793,0, 380, False, 0
794,0, 380, False, 0
795,0, 380, False, 0
796,0, 380, False, 0
797,0, 380, False, 0
798,0, 380, False, 5
799,0, 380, False, 5
800,0, 380, False, 5
801,0, 380, False, 5
802,0, 380, False, 5
803,0, 380, False, 5
804,0, 380, False, 5
805,0, 380, False, 5
806,0, 380, False, 5
807,0, 380, False, 0
808,0, 380, False, 0
809,0, 380, False, 0
810,0, 380, False, 0
811,0, 380, False, 0
812,0, 380, False, 0
813,0, 380, False, 0
814,0, 380, False, 0
815,0, 380, False, 0
816,0, 380, False, 0
817,0, 380, False, 0
818,0, 380, False, 0
819,0, 380, False, 0
820,0, 380, False, 0
821,0, 380, False, 0
822,0, 380, False, 3
823,0, 380, False, 3
824,0, 380, False, 3
825,0, 380, False, 3
826,0, 380, False, 3
827,0, 380, False, 3
828,0, 380, False, 3
829,0, 380, False, 3
830,0, 380, False, 3
831,0, 380, False, 3
832,0, 380, False, 3
833,0, 380, False, 3
834,0, 380, False, 3
835,0, 380, False, 3
836,0, 380, False, 3
837,0, 380, False, 3
838,0, 380, False, 3
839,0, 380, False, 3
840,0, 380, False, 3
841,0, 380, False, 3
842,10, 390, False, 3
843,0, 390, False, 3
844,0, 390, False, 3
845,0, 390, False, 3
846,0, 390, False, 3
847,0, 390, False, 3
848,0, 390, False, 0
849,0, 390, False, 0
850,0, 390, False, 0
851,0, 390, False, 0
852,0, 390, False, 0
853,0, 390, False, 0
854,10, 400, False, 0
855,0, 400, False, 0
856,0, 400, False, 0
857,0, 400, False, 0
858,0, 400, False, 0
859,0, 400, False, 0
860,0, 400, False, 0
861,0, 400, False, 0
862,0, 400, False, 0
863,0, 400, False, 0
864,0, 400, False, 0
865,0, 400, False, 0
866,0, 400, False, 0
867,0, 400, False, 0
868,10, 410, False, 0
869,0, 410, False, 0
870,0, 410, False, 0
871,0, 410, False, 0
872,0, 410, False, 0
873,0, 410, False, 0
874,0, 410, False, 0
875,0, 410, False, 0
876,0, 410, False, 0
877,0, 410, False, 0
878,0, 410, False, 0
879,0, 410, False, 0
880,0, 410, False, 0
881,0, 410, False, 0
882,10, 420, False, 0
883,0, 420, False, 0
884,0, 420, False, 0
885,0, 420, False, 0
886,0, 420, False, 2
887,0, 420, False, 2
888,0, 420, False, 2
889,0, 420, False, 2
890,0, 420, False, 2
891,0, 420, False, 2
892,0, 420, False, 2
893,0, 420, False, 2
894,10, 430, False, 2
895,0, 430, False, 0
896,0, 430, False, 0
897,0, 430, False, 0
898,0, 430, False, 0
899,0, 430, False, 0
900,0, 430, False, 0
901,0, 430, False, 0
902,0, 430, False, 0
903,0, 430, False, 0
904,0, 430, False, 0
905,0, 430, False, 0
906,0, 430, False, 0
907,0, 430, False, 0
908,10, 440, False, 0
909,0, 440, False, 0
910,0, 440, False, 0
911,0, 440, False, 0
912,0, 440, False, 0
913,0, 440, False, 0
914,0, 440, False, 0
915,0, 440, False, 0
916,0, 440, False, 0
917,0, 440, False, 0
918,0, 440, False, 0
919,0, 440, False, 0
920,0, 440, False, 0
921,0, 440, False, 0
922,10, 450, False, 0
923,0, 450, False, 0
924,0, 450, False, 0
925,0, 450, False, 0
926,0, 450, False, 0
927,0, 450, False, 0
928,0, 450, False, 0
929,0, 450, False, 0
930,0, 450, False, 0
931,0, 450, False, 0
932,0, 450, False, 0
933,0, 450, False, 0
934,0, 450, False, 0
935,0, 450, False, 0
936,0, 450, False, 0
937,0, 450, False, 0
938,0, 450, False, 0
939,0, 450, False, 0
940,10, 460, False, 0
941,0, 460, False, 0
942,0, 460, False, 0
943,0, 460, False, 0
944,0, 460, False, 0
945,0, 460, False, 0
946,0, 460, False, 0
947,0, 460, False, 0
948,0, 460, False, 0
949,0, 460, False, 0
950,0, 460, False, 0
951,0, 460, False, 0
952,0, 460, False, 0
953,0, 460, False, 0
954,10, 470, False, 0
955,0, 470, False, 0
956,0, 470, False, 0
957,0, 470, False, 0
958,0, 470, False, 0
959,0, 470, False, 0
960,0, 470, False, 0
961,0, 470, False, 0
962,0, 470, False, 0
963,0, 470, False, 0
964,0, 470, False, 0
965,0, 470, False, 0
966,10, 480, False, 0
967,0, 480, False, 0
968,0, 480, False, 0
969,0, 480, False, 0
970,0, 480, False, 0
971,0, 480, False, 0
972,0, 480, False, 0
973,0, 480, False, 0
974,0, 480, False, 0
975,0, 480, False, 0
976,0, 480, False, 0
977,0, 480, False, 0
978,0, 480, False, 0
979,0, 480, False, 0
980,10, 490, False, 0
981,0, 490, False, 0
982,0, 490, False, 0
983,0, 490, False, 2
984,0, 490, False, 2
985,0, 490, False, 2
986,0, 490, False, 2
987,0, 490, False, 2
988,0, 490, False, 2
989,0, 490, False, 2
990,0, 490, False, 0
991,0, 490, False, 0
992,0, 490, False, 0
993,0, 490, False, 0
994,0, 490, False, 0
995,0, 490, False, 0
996,0, 490, False, 0
997,0, 490, False, 0
998,10, 500, False, 0
999,0, 500, False, 0
1000,0, 500, False, 0
1001,0, 500, False, 0
1002,0, 500, False, 0
1003,0, 500, False, 0
1004,0, 500, False, 0
1005,0, 500, False, 0
1006,0, 500, False, 0
1007,0, 500, False, 0
1008,0, 500, False, 0
1009,0, 500, False, 0
1010,0, 500, False, 0
1011,0, 500, False, 0
1012,10, 510, False, 0
1013,0, 510, False, 0
1014,0, 510, False, 0
1015,0, 510, False, 4
1016,0, 510, False, 4
1017,0, 510, False, 4
1018,0, 510, False, 4
1019,0, 510, False, 4
1020,0, 510, False, 4
1021,0, 510, False, 4
1022,0, 510, False, 4
1023,0, 510, False, 4
1024,0, 510, False, 4
1025,0, 510, False, 4
1026,10, 520, False, 4
1027,0, 520, False, 4
1028,0, 520, False, 4
1029,0, 520, False, 4
1030,0, 520, False, 4
1031,0, 520, False, 4
1032,0, 520, False, 4
1033,0, 520, False, 4
1034,0, 520, False, 4
1035,0, 520, False, 4
1036,0, 520, False, 0
1037,0, 520, False, 0
1038,10, 530, False, 0
1039,0, 530, False, 0
1040,0, 530, False, 0
1041,0, 530, False, 0
1042,0, 530, False, 0
1043,0, 530, False, 0
1044,0, 530, False, 0
1045,0, 530, False, 0
1046,0, 530, False, 0
1047,0, 530, False, 0
1048,0, 530, False, 0
1049,0, 530, False, 0
1050,0, 530, False, 0
1051,0, 530, False, 0
1052,10, 540, False, 0
1053,0, 540, False, 0
1054,0, 540, False, 0
1055,0, 540, False, 0
1056,0, 540, False, 0
1057,0, 540, False, 0
1058,0, 540, False, 0
1059,0, 540, False, 0
1060,0, 540, False, 0
1061,0, 540, False, 0
1062,0, 540, False, 0
1063,0, 540, False, 0
1064,0, 540, False, 0
1065,0, 540, False, 0
1066,0, 540, False, 0
1067,0, 540, False, 0
1068,0, 540, False, 0
1069,0, 540, False, 0
1070,10, 550, False, 0
1071,0, 550, False, 0
1072,0, 550, False, 0
1073,0, 550, False, 0
1074,0, 550, False, 0
1075,0, 550, False, 0
1076,0, 550, False, 0
1077,0, 550, False, 0
1078,0, 550, False, 0
1079,0, 550, False, 0
1080,0, 550, False, 0
1081,0, 550, False, 0
1082,0, 550, False, 0
1083,0, 550, False, 0
1084,10, 560, False, 0
1085,0, 560, False, 0
1086,0, 560, False, 0
1087,0, 560, False, 0
1088,0, 560, False, 0
1089,0, 560, False, 0
1090,0, 560, False, 0
1091,0, 560, False, 0
1092,0, 560, False, 0
1093,0, 560, False, 0
1094,0, 560, False, 0
1095,0, 560, False, 0
1096,0, 560, False, 0
1097,0, 560, False, 0
1098,10, 570, False, 0
1099,0, 570, False, 0
1100,0, 570, False, 0
1101,0, 570, False, 0
1102,0, 570, False, 0
1103,0, 570, False, 0
1104,0, 570, False, 0
1105,0, 570, False, 0
1106,0, 570, False, 0
1107,0, 570, False, 0
1108,0, 570, False, 0
1109,0, 570, False, 0
1110,10, 580, False, 0
1111,0, 580, False, 0
1112,0, 580, False, 0
1113,0, 580, False, 0
1114,0, 580, False, 5
1115,0, 580, False, 5
1116,0, 580, False, 5
1117,0, 580, False, 5
1118,0, 580, False, 5
1119,0, 580, False, 5
1120,0, 580, False, 0
1121,0, 580, False, 0
1122,0, 580, False, 0
1123,0, 580, False, 0
1124,10, 590, False, 0
1125,0, 590, False, 0
1126,0, 590, False, 0
1127,0, 590, False, 0
1128,0, 590, False, 0
1129,0, 590, False, 0
1130,0, 590, False, 0
1131,0, 590, False, 0
1132,0, 590, False, 0
1133,0, 590, False, 0
1134,0, 590, False, 0
1135,0, 590, False, 0
1136,0, 590, False, 0
1137,0, 590, False, 0
1138,0, 590, False, 0
1139,0, 590, False, 0
1140,0, 590, False, 0
1141,0, 590, False, 0
1142,0, 590, False, 0
1143,0, 590, False, 0
1144,0, 590, False, 0
1145,0, 590, False, 0
1146,0, 590, False, 4
1147,0, 590, False, 4
1148,0, 590, False, 4
1149,0, 590, False, 4
1150,0, 590, False, 4
1151,0, 590, False, 0
1152,0, 590, False, 0
1153,0, 590, False, 0
1154,0, 590, False, 0
1155,0, 590, False, 0
1156,0, 590, False, 0
1157,0, 590, False, 0
1158,0, 590, False, 0
1159,0, 590, False, 0
1160,0, 590, False, 0
1161,0, 590, False, 0
1162,0, 590, False, 0
1163,0, 590, False, 0
1164,0, 590, False, 0
1165,0, 590, False, 0
1166,0, 590, False, 0
1167,0, 590, False, 0
1168,0, 590, False, 0
1169,0, 590, False, 0
1170,0, 590, False, 0
1171,0, 590, False, 2
1172,0, 590, False, 2
1173,0, 590, False, 2
1174,0, 590, False, 2
1175,0, 590, False, 2
1176,0, 590, False, 2
1177,0, 590, False, 0
1178,0, 590, False, 0
1179,0, 590, False, 0
1180,0, 590, False, 0
1181,0, 590, False, 0
1182,0, 590, False, 0
1183,0, 590, False, 0
1184,0, 590, False, 0
1185,0, 590, False, 0
1186,0, 590, False, 0
1187,0, 590, False, 0
1188,0, 590, False, 0
1189,0, 590, False, 0
1190,0, 590, False, 0
1191,0, 590, False, 0
1192,0, 590, False, 0
1193,0, 590, False, 0
1194,0, 590, False, 0
1195,0, 590, False, 0
1196,0, 590, False, 0
1197,0, 590, False, 0
1198,0, 590, False, 0
1199,0, 590, False, 0
1200,0, 590, False, 0
1201,0, 590, False, 0
1202,0, 590, False, 0
1203,0, 590, False, 0
1204,0, 590, False, 0
1205,0, 590, False, 0
1206,0, 590, False, 0
1207,0, 590, False, 0
1208,0, 590, False, 0
1209,0, 590, False, 2
1210,0, 590, False, 2
1211,0, 590, False, 2
1212,0, 590, False, 2
1213,0, 590, False, 2
1214,0, 590, False, 0
1215,0, 590, False, 0
1216,0, 590, False, 0
1217,0, 590, False, 0
1218,0, 590, False, 0
1219,0, 590, False, 0
1220,0, 590, False, 0
1221,0, 590, False, 0
1222,0, 590, False, 0
1223,0, 590, False, 0
1224,0, 590, False, 0
1225,0, 590, False, 0
1226,0, 590, False, 0
1227,0, 590, False, 0
1228,0, 590, False, 0
1229,0, 590, False, 0
1230,0, 590, False, 0
1231,0, 590, False, 0
1232,0, 590, False, 0
1233,0, 590, False, 0
1234,0, 590, False, 3
1235,0, 590, False, 3
1236,0, 590, False, 3
1237,0, 590, False, 3
1238,0, 590, False, 3
1239,0, 590, False, 3
1240,0, 590, False, 3
1241,0, 590, False, 3
1242,10, 600, False, 3
1243,0, 600, False, 3
1244,0, 600, False, 3
1245,0, 600, False, 0
1246,0, 600, False, 0
1247,0, 600, False, 0
1248,0, 600, False, 0
1249,0, 600, False, 0
1250,0, 600, False, 0
1251,0, 600, False, 0
1252,0, 600, False, 0
1253,0, 600, False, 0
1254,0, 600, False, 0
1255,0, 600, False, 0
1256,10, 610, False, 0
1257,0, 610, False, 0
1258,0, 610, False, 0
1259,0, 610, False, 0
1260,0, 610, False, 0
1261,0, 610, False, 0
1262,0, 610, False, 0
1263,0, 610, False, 0
1264,0, 610, False, 0
1265,0, 610, False, 0
1266,0, 610, False, 0
1267,0, 610, False, 0
1268,0, 610, False, 4
1269,0, 610, False, 4
1270,0, 610, False, 4
1271,0, 610, False, 4
1272,0, 610, False, 4
1273,0, 610, False, 4
1274,0, 610, False, 4
1275,0, 610, False, 4
1276,0, 610, False, 4
1277,0, 610, False, 4
1278,0, 610, False, 4
1279,0, 610, False, 4
1280,0, 610, False, 4
1281,0, 610, False, 4
1282,0, 610, False, 4
1283,0, 610, False, 4
1284,0, 610, False, 4
1285,0, 610, False, 4
1286,0, 610, False, 4
1287,0, 610, False, 4
1288,0, 610, False, 4
1289,0, 610, False, 4
1290,0, 610, False, 4
1291,0, 610, False, 0
1292,0, 610, False, 0
1293,0, 610, False, 0
1294,0, 610, False, 0
1295,0, 610, False, 0
1296,0, 610, False, 0
1297,0, 610, False, 0
1298,0, 610, False, 0
1299,0, 610, False, 0
1300,0, 610, False, 0
1301,0, 610, False, 0
1302,0, 610, False, 0
1303,0, 610, False, 0
1304,0, 610, False, 0
1305,0, 610, False, 0
1306,0, 610, False, 0
1307,0, 610, False, 0
1308,0, 610, False, 0
1309,0, 610, False, 3
1310,0, 610, False, 3
1311,0, 610, False, 3
1312,0, 610, False, 3
1313,0, 610, False, 3
1314,0, 610, False, 3
1315,0, 610, False, 3
1316,0, 610, False, 3
1317,0, 610, False, 3
1318,0, 610, False, 3
1319,0, 610, False, 3
1320,0, 610, False, 3
1321,0, 610, False, 3
1322,0, 610, False, 3
1323,0, 610, False, 3
1324,0, 610, False, 3
1325,0, 610, False, 3
1326,0, 610, False, 3
1327,0, 610, False, 3
1328,0, 610, False, 3
1329,0, 610, False, 3
1330,0, 610, False, 3
1331,0, 610, False, 0
1332,0, 610, False, 0
1333,0, 610, False, 0
1334,0, 610, False, 0
1335,0, 610, False, 0
1336,0, 610, False, 0
1337,0, 610, False, 0
1338,10, 620, False, 0
1339,0, 620, False, 0
1340,0, 620, False, 0
1341,0, 620, False, 0
1342,0, 620, False, 0
1343,0, 620, False, 0
1344,0, 620, False, 0
1345,0, 620, False, 0
1346,0, 620, False, 0
1347,0, 620, False, 0
1348,0, 620, False, 5
1349,0, 620, False, 5
1350,0, 620, False, 5
1351,0, 620, False, 5
1352,0, 620, False, 5
1353,0, 620, False, 5
1354,0, 620, False, 5
1355,0, 620, False, 5
1356,10, 630, False, 5
1357,0, 630, False, 0
1358,0, 630, False, 0
1359,0, 630, False, 0
1360,0, 630, False, 0
1361,0, 630, False, 0
1362,0, 630, False, 0
1363,0, 630, False, 0
1364,0, 630, False, 0
1365,0, 630, False, 0
1366,0, 630, False, 0
1367,0, 630, False, 0
1368,0, 630, False, 0
1369,0, 630, False, 0
1370,0, 630, False, 0
1371,0, 630, False, 0
1372,0, 630, False, 0
1373,0, 630, False, 0
1374,0, 630, False, 0
1375,0, 630, False, 0
1376,0, 630, False, 0
1377,0, 630, False, 0
1378,0, 630, False, 0
1379,0, 630, False, 0
1380,0, 630, False, 0
1381,0, 630, False, 0
1382,10, 640, False, 0
1383,0, 640, False, 0
1384,0, 640, False, 0
1385,0, 640, False, 0
1386,0, 640, False, 0
1387,0, 640, False, 0
1388,0, 640, False, 0
1389,0, 640, False, 0
1390,0, 640, False, 0
1391,0, 640, False, 0
1392,0, 640, False, 0
1393,0, 640, False, 3
1394,0, 640, False, 3
1395,0, 640, False, 3
1396,10, 650, False, 3
1397,0, 650, False, 3
1398,0, 650, False, 3
1399,0, 650, False, 3
1400,0, 650, False, 3
1401,0, 650, False, 3
1402,0, 650, False, 3
1403,0, 650, False, 3
1404,0, 650, False, 3
1405,0, 650, False, 3
1406,0, 650, False, 3
1407,0, 650, False, 3
1408,0, 650, False, 3
1409,0, 650, False, 3
1410,10, 660, False, 3
1411,0, 660, False, 3
1412,0, 660, False, 3
1413,0, 660, False, 3
1414,0, 660, False, 3
1415,0, 660, False, 3
1416,0, 660, False, 3
1417,0, 660, False, 3
1418,0, 660, False, 3
1419,0, 660, False, 3
1420,0, 660, False, 3
1421,0, 660, False, 3
1422,0, 660, False, 3
1423,0, 660, False, 3
1424,10, 670, False, 0
1425,0, 670, False, 0
1426,0, 670, False, 0
1427,0, 670, False, 0
1428,0, 670, False, 0
1429,0, 670, False, 0
1430,0, 670, False, 0
1431,0, 670, False, 0
1432,0, 670, False, 0
1433,0, 670, False, 0
1434,0, 670, False, 0
1435,0, 670, False, 5
1436,0, 670, False, 5
1437,0, 670, False, 5
1438,10, 680, False, 5
1439,0, 680, False, 5
1440,0, 680, False, 5
1441,0, 680, False, 5
1442,0, 680, False, 5
1443,0, 680, False, 5
1444,0, 680, False, 5
1445,0, 680, False, 5
1446,0, 680, False, 5
1447,0, 680, False, 5
1448,0, 680, False, 5
1449,0, 680, False, 5
1450,10, 690, False, 5
1451,0, 690, False, 5
1452,0, 690, False, 5
1453,0, 690, False, 0
1454,0, 690, False, 0
1455,0, 690, False, 0
1456,0, 690, False, 0
1457,0, 690, False, 0
1458,0, 690, False, 0
1459,0, 690, False, 0
1460,0, 690, False, 0
1461,0, 690, False, 0
1462,0, 690, False, 0
1463,0, 690, False, 0
1464,10, 700, False, 0
1465,0, 700, False, 0
1466,0, 700, False, 0
1467,0, 700, False, 0
1468,0, 700, False, 0
1469,0, 700, False, 0
1470,0, 700, False, 0
1471,0, 700, False, 0
1472,0, 700, False, 0
1473,0, 700, False, 0
1474,0, 700, False, 0
1475,0, 700, False, 0
1476,0, 700, False, 0
1477,0, 700, False, 0
1478,10, 710, False, 0
1479,0, 710, False, 0
1480,0, 710, False, 0
1481,0, 710, False, 0
1482,0, 710, False, 0
1483,0, 710, False, 0
1484,0, 710, False, 0
1485,0, 710, False, 0
1486,0, 710, False, 0
1487,0, 710, False, 0
1488,0, 710, False, 0
1489,0, 710, False, 0
1490,0, 710, False, 0
1491,0, 710, False, 0
1492,0, 710, False, 0
1493,0, 710, False, 0
1494,0, 710, False, 0
1495,0, 710, False, 0
1496,0, 710, False, 0
1497,0, 710, False, 0
1498,0, 710, False, 0
1499,0, 710, False, 0
1500,0, 710, False, 0
1501,0, 710, False, 0
1502,0, 710, False, 0
1503,0, 710, False, 0
1504,0, 710, False, 0
1505,0, 710, False, 0
1506,0, 710, False, 0
1507,0, 710, False, 0
1508,0, 710, False, 0
1509,0, 710, False, 0
1510,0, 710, False, 0
1511,0, 710, False, 0
1512,0, 710, False, 0
1513,0, 710, False, 0
1514,0, 710, False, 0
1515,0, 710, False, 0
1516,0, 710, False, 0
1517,0, 710, False, 0
1518,0, 710, False, 0
1519,0, 710, False, 0
1520,0, 710, False, 0
1521,0, 710, False, 0
1522,0, 710, False, 0
1523,0, 710, False, 0
1524,0, 710, False, 0
1525,0, 710, False, 0
1526,0, 710, False, 0
1527,0, 710, False, 0
1528,0, 710, False, 0
1529,0, 710, False, 0
1530,0, 710, False, 0
1531,0, 710, False, 0
1532,0, 710, False, 0
1533,0, 710, False, 0
1534,0, 710, False, 0
1535,0, 710, False, 0
1536,0, 710, False, 0
1537,0, 710, False, 0
1538,0, 710, False, 0
1539,0, 710, False, 0
1540,0, 710, False, 0
1541,0, 710, False, 0
1542,0, 710, False, 0
1543,0, 710, False, 0
1544,0, 710, False, 0
1545,0, 710, False, 0
1546,0, 710, False, 0
1547,0, 710, False, 0
1548,0, 710, False, 0
1549,0, 710, False, 0
1550,0, 710, False, 0
1551,0, 710, False, 0
1552,0, 710, False, 0
1553,0, 710, False, 0
1554,0, 710, False, 0
1555,0, 710, False, 0
1556,0, 710, False, 0
1557,0, 710, False, 0
1558,0, 710, False, 0
1559,0, 710, False, 0
1560,0, 710, False, 0
1561,0, 710, False, 0
1562,0, 710, False, 0
1563,0, 710, False, 0
1564,0, 710, False, 0
1565,0, 710, False, 0
1566,0, 710, False, 0
1567,0, 710, False, 0
1568,0, 710, False, 0
1569,0, 710, False, 0
1570,0, 710, False, 0
1571,0, 710, False, 0
1572,0, 710, False, 0
1573,0, 710, False, 0
1574,0, 710, False, 0
1575,0, 710, False, 0
1576,0, 710, False, 0
1577,0, 710, False, 0
1578,0, 710, False, 0
1579,0, 710, False, 0
1580,0, 710, False, 0
1581,0, 710, False, 0
1582,0, 710, False, 0
1583,0, 710, False, 0
1584,0, 710, False, 0
1585,0, 710, False, 0
1586,0, 710, False, 0
1587,0, 710, False, 0
1588,0, 710, False, 0
1589,0, 710, False, 0
1590,0, 710, False, 0
1591,0, 710, False, 0
1592,0, 710, False, 0
1593,0, 710, False, 0
1594,0, 710, False, 0
1595,0, 710, False, 0
1596,0, 710, False, 0
1597,0, 710, False, 0
1598,0, 710, False, 0
1599,0, 710, False, 0
1600,0, 710, False, 0
1601,0, 710, False, 0
1602,0, 710, False, 0
1603,0, 710, False, 0
1604,0, 710, False, 0
1605,0, 710, False, 0
1606,0, 710, False, 0
1607,0, 710, False, 0
1608,0, 710, False, 0
1609,0, 710, False, 0
1610,0, 710, False, 0
1611,0, 710, False, 0
1612,0, 710, False, 0
1613,0, 710, False, 0
1614,0, 710, False, 0
1615,0, 710, False, 0
1616,0, 710, False, 0
1617,0, 710, False, 0
1618,0, 710, False, 0
1619,0, 710, False, 0
1620,0, 710, False, 0
1621,0, 710, False, 0
1622,0, 710, False, 0
1623,0, 710, False, 0
1624,0, 710, False, 3
1625,0, 710, False, 3
1626,0, 710, False, 3
1627,0, 710, False, 3
1628,0, 710, False, 3
1629,0, 710, False, 3
1630,0, 710, False, 3
1631,0, 710, False, 3
1632,0, 710, False, 0
1633,0, 710, False, 0
1634,0, 710, False, 0
1635,0, 710, False, 0
1636,0, 710, False, 0
1637,0, 710, False, 0
1638,0, 710, False, 0
1639,0, 710, False, 0
1640,0, 710, False, 0
1641,0, 710, False, 0
1642,0, 710, False, 0
1643,0, 710, False, 0
1644,0, 710, False, 0
1645,0, 710, False, 0
1646,0, 710, False, 0
1647,0, 710, False, 0
1648,0, 710, False, 0
1649,0, 710, False, 0
1650,0, 710, False, 0
1651,0, 710, False, 0
1652,0, 710, False, 0
1653,0, 710, False, 0
1654,0, 710, False, 0
1655,0, 710, False, 0
1656,0, 710, False, 0
1657,0, 710, False, 0
1658,0, 710, False, 0
1659,0, 710, False, 0
1660,0, 710, False, 0
1661,0, 710, False, 0
1662,0, 710, False, 0
1663,0, 710, False, 0
1664,0, 710, False, 0
1665,0, 710, False, 0
1666,0, 710, False, 0
1667,0, 710, False, 0
1668,0, 710, False, 3
1669,0, 710, False, 3
1670,0, 710, False, 3
1671,0, 710, False, 3
1672,0, 710, False, 3
1673,0, 710, False, 3
1674,0, 710, False, 3
1675,0, 710, False, 3
1676,0, 710, False, 3
1677,0, 710, False, 3
1678,0, 710, False, 0
1679,0, 710, False, 0
1680,0, 710, False, 0
1681,0, 710, False, 0
1682,0, 710, False, 0
1683,0, 710, False, 0
1684,0, 710, False, 0
1685,0, 710, False, 0
1686,0, 710, False, 0
1687,0, 710, False, 0
1688,0, 710, False, 0
1689,0, 710, False, 0
1690,0, 710, False, 0
1691,0, 710, False, 0
1692,0, 710, False, 0
1693,0, 710, False, 0
1694,0, 710, False, 0
1695,0, 710, False, 0
1696,0, 710, False, 0
1697,0, 710, False, 0
1698,0, 710, False, 0
1699,0, 710, False, 0
1700,0, 710, False, 3
1701,0, 710, False, 3
1702,0, 710, False, 3
1703,0, 710, False, 3
1704,0, 710, False, 3
1705,0, 710, False, 3
1706,0, 710, False, 3
1707,0, 710, False, 3
1708,0, 710, False, 3
1709,0, 710, False, 0
1710,0, 710, False, 0
1711,0, 710, False, 0
1712,0, 710, False, 0
1713,0, 710, False, 0
1714,0, 710, False, 0
1715,0, 710, False, 0
1716,0, 710, False, 0
1717,0, 710, False, 0
1718,0, 710, False, 0
1719,0, 710, False, 0
1720,0, 710, False, 0
1721,0, 710, False, 0
1722,10, 720, False, 0
1723,0, 720, False, 0
1724,0, 720, False, 0
1725,0, 720, False, 0
1726,0, 720, False, 0
1727,0, 720, False, 0
1728,0, 720, False, 0
1729,0, 720, False, 0
1730,0, 720, False, 0
1731,0, 720, False, 0
1732,0, 720, False, 0
1733,0, 720, False, 0
1734,10, 730, False, 0
1735,0, 730, False, 0
1736,0, 730, False, 0
1737,0, 730, False, 0
1738,0, 730, False, 0
1739,0, 730, False, 0
1740,0, 730, False, 0
1741,0, 730, False, 0
1742,0, 730, False, 0
1743,0, 730, False, 0
1744,0, 730, False, 0
1745,0, 730, False, 0
1746,0, 730, False, 0
1747,0, 730, False, 0
1748,10, 740, False, 0
1749,0, 740, False, 0
1750,0, 740, False, 0
1751,0, 740, False, 0
1752,0, 740, False, 0
1753,0, 740, False, 0
1754,0, 740, False, 0
1755,0, 740, False, 0
1756,0, 740, False, 0
1757,0, 740, False, 0
1758,0, 740, False, 0
1759,0, 740, False, 0
1760,0, 740, False, 0
1761,0, 740, False, 0
1762,10, 750, False, 0
1763,0, 750, False, 0
1764,0, 750, False, 0
1765,0, 750, False, 0
1766,0, 750, False, 0
1767,0, 750, False, 0
1768,0, 750, False, 0
1769,0, 750, False, 0
1770,0, 750, False, 0
1771,0, 750, False, 0
1772,0, 750, False, 0
1773,0, 750, False, 0
1774,10, 760, False, 0
1775,0, 760, False, 0
1776,0, 760, False, 0
1777,0, 760, False, 0
1778,0, 760, False, 0
1779,0, 760, False, 0
1780,0, 760, False, 0
1781,0, 760, False, 0
1782,0, 760, False, 0
1783,0, 760, False, 0
1784,0, 760, False, 0
1785,0, 760, False, 0
1786,0, 760, False, 0
1787,0, 760, False, 0
1788,10, 770, False, 0
1789,0, 770, False, 0
1790,0, 770, False, 0
1791,0, 770, False, 0
1792,0, 770, False, 0
1793,0, 770, False, 0
1794,0, 770, False, 5
1795,0, 770, False, 5
1796,0, 770, False, 5
1797,0, 770, False, 5
1798,0, 770, False, 5
1799,0, 770, False, 5
1800,0, 770, False, 5
1801,0, 770, False, 0
1802,10, 780, False, 0
1803,0, 780, False, 0
1804,0, 780, False, 0
1805,0, 780, False, 0
1806,0, 780, False, 0
1807,0, 780, False, 0
1808,0, 780, False, 0
1809,0, 780, False, 0
1810,0, 780, False, 0
1811,0, 780, False, 0
1812,0, 780, False, 0
1813,0, 780, False, 0
1814,0, 780, False, 0
1815,0, 780, False, 0
1816,10, 790, False, 0
1817,0, 790, False, 0
1818,0, 790, False, 0
1819,0, 790, False, 0
1820,0, 790, False, 0
1821,0, 790, False, 0
1822,0, 790, False, 0
1823,0, 790, False, 0
1824,0, 790, False, 0
1825,0, 790, False, 0
1826,0, 790, False, 0
1827,0, 790, False, 0
1828,0, 790, False, 0
1829,0, 790, False, 0
1830,10, 800, False, 0
1831,0, 800, False, 0
1832,0, 800, False, 0
1833,0, 800, False, 0
1834,0, 800, False, 0
1835,0, 800, False, 0
1836,0, 800, False, 0
1837,0, 800, False, 0
1838,0, 800, False, 0
1839,0, 800, False, 0
1840,0, 800, False, 0
1841,0, 800, False, 0
1842,0, 800, False, 0
1843,0, 800, False, 0
1844,10, 810, False, 0
1845,0, 810, False, 0
1846,0, 810, False, 0
1847,0, 810, False, 0
1848,0, 810, False, 0
1849,0, 810, False, 0
1850,0, 810, False, 0
1851,0, 810, False, 0
1852,0, 810, False, 0
1853,0, 810, False, 0
1854,0, 810, False, 0
1855,0, 810, False, 0
1856,0, 810, False, 0
1857,0, 810, False, 0
1858,10, 820, False, 0
1859,0, 820, False, 0
1860,0, 820, False, 0
1861,0, 820, False, 0
1862,0, 820, False, 3
1863,0, 820, False, 3
1864,0, 820, False, 3
1865,0, 820, False, 3
1866,0, 820, False, 3
1867,0, 820, False, 3
1868,0, 820, False, 3
1869,0, 820, False, 0
1870,0, 820, False, 0
1871,0, 820, False, 0
1872,10, 830, False, 0
1873,0, 830, False, 0
1874,0, 830, False, 0
1875,0, 830, False, 0
1876,0, 830, False, 0
1877,0, 830, False, 0
1878,0, 830, False, 0
1879,0, 830, False, 0
1880,0, 830, False, 0
1881,0, 830, False, 0
1882,0, 830, False, 0
1883,0, 830, False, 0
1884,0, 830, False, 0
1885,0, 830, False, 0
1886,10, 840, False, 0
1887,0, 840, False, 0
1888,0, 840, False, 0
1889,0, 840, False, 0
1890,0, 840, False, 0
1891,0, 840, False, 0
1892,0, 840, False, 0
1893,0, 840, False, 0
1894,0, 840, False, 0
1895,0, 840, False, 0
1896,0, 840, False, 0
1897,0, 840, False, 0
1898,10, 850, False, 0
1899,0, 850, False, 0
1900,0, 850, False, 0
1901,0, 850, False, 0
1902,0, 850, False, 0
1903,0, 850, False, 0
1904,0, 850, False, 0
1905,0, 850, False, 0
1906,0, 850, False, 2
1907,0, 850, False, 2
1908,0, 850, False, 2
1909,0, 850, False, 2
1910,0, 850, False, 2
1911,0, 850, False, 2
1912,0, 850, False, 2
1913,0, 850, False, 0
1914,0, 850, False, 0
1915,0, 850, False, 0
1916,50, 900, False, 0
1917,0, 900, False, 0
1918,0, 900, False, 0
1919,0, 900, False, 0
1920,0, 900, False, 0
1921,0, 900, False, 0
1922,0, 900, False, 0
1923,0, 900, False, 0
1924,0, 900, False, 0
1925,0, 900, False, 0
1926,0, 900, False, 0
1927,0, 900, False, 0
1928,0, 900, False, 0
1929,0, 900, False, 0
1930,10, 910, False, 0
1931,0, 910, False, 0
1932,0, 910, False, 0
1933,0, 910, False, 0
1934,0, 910, False, 0
1935,0, 910, False, 0
1936,0, 910, False, 0
1937,0, 910, False, 0
1938,0, 910, False, 0
1939,0, 910, False, 0
1940,0, 910, False, 0
1941,0, 910, False, 0
1942,0, 910, False, 0
1943,0, 910, False, 0
1944,10, 920, False, 0
1945,0, 920, False, 0
1946,0, 920, False, 0
1947,0, 920, False, 0
1948,0, 920, False, 0
1949,0, 920, False, 0
1950,0, 920, False, 0
1951,0, 920, False, 0
1952,0, 920, False, 4
1953,0, 920, False, 4
1954,0, 920, False, 4
1955,0, 920, False, 4
1956,0, 920, False, 4
1957,0, 920, False, 4
1958,0, 920, False, 4
1959,0, 920, False, 0
1960,0, 920, False, 0
1961,0, 920, False, 0
1962,10, 930, False, 0
1963,0, 930, False, 0
1964,0, 930, False, 0
1965,0, 930, False, 0
1966,0, 930, False, 0
1967,0, 930, False, 0
1968,0, 930, False, 0
1969,0, 930, False, 0
1970,0, 930, False, 0
1971,0, 930, False, 0
1972,0, 930, False, 0
1973,0, 930, False, 2
1974,10, 940, False, 2
1975,0, 940, False, 2
1976,0, 940, False, 2
1977,0, 940, False, 2
1978,0, 940, False, 2
1979,0, 940, False, 2
1980,0, 940, False, 2
1981,0, 940, False, 2
1982,0, 940, False, 2
1983,0, 940, False, 2
1984,0, 940, False, 2
1985,0, 940, False, 2
1986,0, 940, False, 2
1987,0, 940, False, 2
1988,0, 940, False, 2
1989,0, 940, False, 2
1990,0, 940, False, 2
1991,0, 940, False, 2
1992,0, 940, False, 2
1993,0, 940, False, 2
1994,0, 940, False, 2
1995,0, 940, False, 0
1996,0, 940, False, 0
1997,0, 940, False, 0
1998,0, 940, False, 0
1999,0, 940, False, 0
2000,0, 940, False, 0
2001,0, 940, False, 0
2002,0, 940, False, 0
2003,0, 940, False, 0
2004,0, 940, False, 0
2005,0, 940, False, 0
2006,0, 940, False, 0
2007,0, 940, False, 0
2008,0, 940, False, 0
2009,0, 940, False, 0
2010,0, 940, False, 0
2011,0, 940, False, 0
2012,0, 940, False, 0
2013,0, 940, False, 0
2014,0, 940, False, 0
2015,0, 940, False, 0
2016,0, 940, False, 0
2017,0, 940, False, 0
2018,0, 940, False, 4
2019,0, 940, False, 4
2020,0, 940, False, 4
2021,0, 940, False, 4
2022,0, 940, False, 4
2023,0, 940, False, 4
2024,0, 940, False, 4
2025,0, 940, False, 4
2026,0, 940, False, 4
2027,0, 940, False, 4
2028,0, 940, False, 4
2029,0, 940, False, 4
2030,0, 940, False, 4
2031,0, 940, False, 4
2032,0, 940, False, 4
2033,0, 940, False, 4
2034,0, 940, False, 4
2035,0, 940, False, 4
2036,0, 940, False, 4
2037,0, 940, False, 4
2038,0, 940, False, 4
2039,0, 940, False, 4
2040,0, 940, False, 4
2041,0, 940, False, 4
2042,0, 940, False, 4
2043,0, 940, False, 4
2044,0, 940, False, 4
2045,0, 940, False, 4
2046,0, 940, False, 4
2047,0, 940, False, 4
2048,0, 940, False, 4
2049,0, 940, False, 4
2050,0, 940, False, 4
2051,0, 940, False, 4
2052,0, 940, False, 4
2053,0, 940, False, 4
2054,0, 940, False, 4
2055,0, 940, False, 4
2056,0, 940, False, 4
2057,0, 940, False, 4
2058,0, 940, False, 4
2059,0, 940, False, 4
2060,0, 940, False, 4
2061,0, 940, False, 4
2062,0, 940, False, 4
2063,0, 940, False, 4
2064,0, 940, False, 4
2065,0, 940, False, 4
2066,0, 940, False, 4
2067,0, 940, False, 4
2068,0, 940, False, 4
2069,0, 940, False, 4
2070,0, 940, False, 4
2071,0, 940, False, 4
2072,0, 940, False, 4
2073,0, 940, False, 4
2074,0, 940, False, 4
2075,0, 940, False, 4
2076,0, 940, False, 4
2077,0, 940, False, 4
2078,0, 940, False, 4
2079,0, 940, False, 4
2080,0, 940, False, 4
2081,0, 940, False, 0
2082,0, 940, False, 0
2083,0, 940, False, 0
2084,0, 940, False, 0
2085,0, 940, False, 0
2086,0, 940, False, 0
2087,0, 940, False, 0
2088,0, 940, False, 0
2089,0, 940, False, 0
2090,200, 1140, False, 0
2091,0, 1140, False, 0
2092,0, 1140, False, 0
2093,0, 1140, False, 0
2094,0, 1140, False, 0
2095,0, 1140, False, 0
2096,0, 1140, False, 0
2097,0, 1140, False, 0
2098,0, 1140, False, 0
2099,0, 1140, False, 0
2100,0, 1140, False, 0
2101,0, 1140, False, 0
2102,0, 1140, False, 0
2103,0, 1140, False, 0
2104,0, 1140, False, 0
2105,0, 1140, False, 0
2106,0, 1140, False, 0
2107,0, 1140, False, 0
2108,0, 1140, False, 0
2109,0, 1140, False, 0
2110,0, 1140, False, 0
2111,0, 1140, False, 0
2112,0, 1140, False, 0
2113,0, 1140, False, 0
2114,0, 1140, False, 2
2115,0, 1140, False, 2
2116,0, 1140, False, 2
2117,0, 1140, False, 2
2118,0, 1140, False, 2
2119,0, 1140, False, 0
2120,0, 1140, False, 0
2121,0, 1140, False, 0
2122,400, 1540, False, 0
2123,0, 1540, False, 0
2124,0, 1540, False, 0
2125,0, 1540, False, 0
2126,0, 1540, False, 0
2127,0, 1540, False, 0
2128,0, 1540, False, 0
2129,0, 1540, False, 0
2130,0, 1540, False, 0
2131,0, 1540, False, 0
2132,0, 1540, False, 0
2133,0, 1540, False, 0
2134,0, 1540, False, 0
2135,0, 1540, False, 0
2136,0, 1540, False, 0
2137,0, 1540, False, 0
2138,0, 1540, False, 0
2139,0, 1540, False, 0
2140,0, 1540, False, 0
2141,0, 1540, False, 0
2142,0, 1540, False, 0
2143,0, 1540, False, 0
2144,0, 1540, False, 0
2145,0, 1540, False, 0
2146,0, 1540, False, 0
2147,0, 1540, False, 0
2148,0, 1540, False, 0
2149,0, 1540, False, 0
2150,0, 1540, False, 0
2151,0, 1540, False, 0
2152,0, 1540, False, 0
2153,0, 1540, False, 0
2154,0, 1540, False, 0
2155,0, 1540, False, 0
2156,0, 1540, False, 2
2157,0, 1540, False, 2
2158,0, 1540, False, 2
2159,0, 1540, False, 2
2160,0, 1540, False, 2
2161,0, 1540, False, 2
2162,0, 1540, False, 2
2163,0, 1540, False, 2
2164,0, 1540, False, 0
2165,0, 1540, False, 0
2166,0, 1540, False, 0
2167,0, 1540, False, 0
2168,0, 1540, False, 0
2169,0, 1540, False, 0
2170,0, 1540, False, 0
2171,0, 1540, False, 0
2172,0, 1540, False, 0
2173,0, 1540, False, 0
2174,0, 1540, False, 0
2175,0, 1540, False, 0
2176,0, 1540, False, 0
2177,0, 1540, False, 0
2178,0, 1540, False, 0
2179,0, 1540, False, 0
2180,0, 1540, False, 0
2181,0, 1540, False, 0
2182,0, 1540, False, 0
2183,0, 1540, False, 0
2184,0, 1540, False, 3
2185,0, 1540, False, 3
2186,0, 1540, False, 3
2187,0, 1540, False, 3
2188,0, 1540, False, 3
2189,0, 1540, False, 3
2190,0, 1540, False, 3
2191,0, 1540, False, 3
2192,0, 1540, False, 3
2193,0, 1540, False, 3
2194,0, 1540, False, 3
2195,0, 1540, False, 3
2196,0, 1540, False, 3
2197,0, 1540, False, 3
2198,0, 1540, False, 3
2199,0, 1540, False, 3
2200,0, 1540, False, 3
2201,0, 1540, False, 3
2202,0, 1540, False, 3
2203,0, 1540, False, 3
2204,0, 1540, False, 3
2205,0, 1540, False, 3
2206,800, 2340, False, 3
2207,0, 2340, False, 3
2208,0, 2340, False, 0
2209,0, 2340, False, 0
2210,0, 2340, False, 0
2211,0, 2340, False, 0
2212,0, 2340, False, 0
2213,0, 2340, False, 0
2214,0, 2340, False, 0
2215,0, 2340, False, 0
2216,0, 2340, False, 0
2217,0, 2340, False, 0
2218,0, 2340, False, 0
2219,0, 2340, False, 0
2220,0, 2340, False, 0
2221,0, 2340, False, 0
2222,0, 2340, False, 0
2223,0, 2340, False, 0
2224,0, 2340, False, 0
2225,0, 2340, False, 0
2226,0, 2340, False, 0
2227,0, 2340, False, 0
2228,0, 2340, False, 0
2229,0, 2340, False, 0
2230,0, 2340, False, 0
2231,0, 2340, False, 0
2232,0, 2340, False, 0
2233,0, 2340, False, 0
2234,0, 2340, False, 0
2235,0, 2340, False, 0
2236,0, 2340, False, 0
2237,0, 2340, False, 0
2238,0, 2340, False, 0
2239,0, 2340, False, 0
2240,0, 2340, False, 0
2241,0, 2340, False, 0
2242,0, 2340, False, 0
2243,0, 2340, False, 0
2244,0, 2340, False, 0
2245,0, 2340, False, 3
2246,0, 2340, False, 3
2247,0, 2340, False, 3
2248,0, 2340, False, 3
2249,0, 2340, False, 3
2250,0, 2340, False, 3
2251,0, 2340, False, 3
2252,0, 2340, False, 3
2253,0, 2340, False, 3
2254,0, 2340, False, 3
2255,0, 2340, False, 3
2256,0, 2340, False, 3
2257,0, 2340, False, 3
2258,0, 2340, False, 3
2259,0, 2340, False, 3
2260,0, 2340, False, 3
2261,0, 2340, False, 3
2262,0, 2340, False, 3
2263,0, 2340, False, 3
2264,0, 2340, False, 3
2265,0, 2340, False, 3
2266,0, 2340, False, 3
2267,0, 2340, False, 3
2268,0, 2340, False, 3
2269,0, 2340, False, 3
2270,0, 2340, False, 0
2271,0, 2340, False, 0
2272,0, 2340, False, 0
2273,0, 2340, False, 0
2274,0, 2340, False, 0
2275,0, 2340, False, 0
2276,0, 2340, False, 0
2277,0, 2340, False, 0
2278,0, 2340, False, 0
2279,0, 2340, False, 0
2280,0, 2340, False, 0
2281,0, 2340, False, 0
2282,0, 2340, False, 0
2283,0, 2340, False, 0
2284,0, 2340, False, 0
2285,0, 2340, False, 0
2286,0, 2340, False, 0
2287,0, 2340, False, 0
2288,0, 2340, False, 0
2289,0, 2340, False, 0
2290,0, 2340, False, 0
2291,0, 2340, False, 0
2292,0, 2340, False, 0
2293,0, 2340, False, 0
2294,0, 2340, False, 0
2295,0, 2340, False, 0
2296,0, 2340, False, 0
2297,0, 2340, False, 0
2298,0, 2340, False, 0
2299,0, 2340, False, 0
2300,0, 2340, False, 0
2301,0, 2340, False, 2
2302,0, 2340, False, 2
2303,0, 2340, False, 2
2304,0, 2340, False, 2
2305,0, 2340, False, 2
2306,0, 2340, False, 0
2307,0, 2340, False, 0
2308,0, 2340, False, 0
2309,0, 2340, False, 0
2310,0, 2340, False, 0
2311,0, 2340, False, 0
2312,0, 2340, False, 0
2313,0, 2340, False, 0
2314,0, 2340, False, 0
2315,0, 2340, False, 0
2316,0, 2340, False, 0
2317,0, 2340, False, 0
2318,0, 2340, False, 0
2319,0, 2340, False, 0
2320,0, 2340, False, 0
2321,0, 2340, False, 0
2322,0, 2340, False, 0
2323,0, 2340, False, 0
2324,0, 2340, False, 0
2325,0, 2340, False, 0
2326,0, 2340, False, 4
2327,0, 2340, False, 4
2328,0, 2340, False, 4
2329,0, 2340, False, 4
2330,0, 2340, False, 4
2331,0, 2340, False, 4
2332,0, 2340, False, 4
2333,0, 2340, False, 4
2334,0, 2340, False, 4
2335,0, 2340, False, 4
2336,0, 2340, False, 4
2337,0, 2340, False, 0
2338,0, 2340, False, 0
2339,0, 2340, False, 0
2340,0, 2340, False, 0
2341,0, 2340, False, 0
2342,0, 2340, False, 0
2343,0, 2340, False, 0
2344,0, 2340, False, 0
2345,0, 2340, False, 0
2346,0, 2340, False, 0
2347,0, 2340, False, 0
2348,1600, 3940, False, 0
2349,0, 3940, False, 0
2350,0, 3940, False, 0
2351,0, 3940, False, 0
2352,0, 3940, False, 0
2353,0, 3940, False, 0
2354,0, 3940, False, 0
2355,0, 3940, False, 0
2356,0, 3940, False, 0
2357,0, 3940, False, 0
2358,0, 3940, False, 0
2359,0, 3940, False, 0
2360,0, 3940, False, 0
2361,0, 3940, False, 0
2362,0, 3940, False, 0
2363,0, 3940, False, 0
2364,0, 3940, False, 0
2365,0, 3940, False, 0
2366,0, 3940, False, 0
2367,0, 3940, False, 0
2368,0, 3940, False, 0
2369,0, 3940, False, 0
2370,0, 3940, False, 0
2371,0, 3940, False, 0
2372,0, 3940, False, 0
2373,0, 3940, False, 0
2374,0, 3940, False, 0
2375,0, 3940, False, 0
2376,0, 3940, False, 0
2377,0, 3940, False, 0
2378,0, 3940, False, 0
2379,0, 3940, False, 0
2380,0, 3940, False, 0
2381,0, 3940, False, 0
2382,0, 3940, False, 0
2383,0, 3940, False, 0
2384,0, 3940, False, 0
2385,0, 3940, False, 0
2386,0, 3940, False, 0
2387,0, 3940, False, 0
2388,0, 3940, False, 0
2389,0, 3940, False, 0
2390,0, 3940, False, 0
2391,0, 3940, False, 0
2392,0, 3940, False, 3
2393,0, 3940, False, 3
2394,0, 3940, False, 0
2395,0, 3940, False, 0
2396,0, 3940, False, 0
2397,0, 3940, False, 0
2398,0, 3940, False, 0
2399,0, 3940, False, 0
2400,0, 3940, False, 0
2401,0, 3940, False, 0
2402,0, 3940, False, 0
2403,0, 3940, False, 0
2404,0, 3940, False, 0
2405,0, 3940, False, 0
2406,0, 3940, False, 0
2407,0, 3940, False, 0
2408,0, 3940, False, 0
2409,0, 3940, False, 0
2410,0, 3940, False, 0
2411,0, 3940, False, 3
2412,0, 3940, False, 3
2413,0, 3940, False, 3
2414,0, 3940, False, 3
2415,0, 3940, False, 3
2416,0, 3940, False, 3
2417,0, 3940, False, 3
2418,0, 3940, False, 0
2419,0, 3940, False, 0
2420,0, 3940, False, 0
2421,0, 3940, False, 0
2422,0, 3940, False, 0
2423,0, 3940, False, 0
2424,0, 3940, False, 0
2425,0, 3940, False, 0
2426,0, 3940, False, 0
2427,0, 3940, False, 0
2428,0, 3940, False, 0
2429,0, 3940, False, 0
2430,0, 3940, False, 0
2431,0, 3940, False, 0
2432,0, 3940, False, 0
2433,0, 3940, False, 0
2434,0, 3940, False, 0
2435,0, 3940, False, 0
2436,0, 3940, False, 0
2437,0, 3940, False, 0
2438,0, 3940, False, 0
2439,0, 3940, False, 0
2440,0, 3940, False, 0
2441,0, 3940, False, 0
2442,0, 3940, False, 0
2443,0, 3940, False, 0
2444,0, 3940, False, 0
2445,0, 3940, False, 0
2446,0, 3940, False, 0
2447,0, 3940, False, 0
2448,0, 3940, False, 0
2449,0, 3940, False, 0
2450,0, 3940, False, 0
2451,0, 3940, False, 0
2452,0, 3940, False, 0
2453,0, 3940, False, 0
2454,0, 3940, False, 0
2455,0, 3940, False, 0
2456,0, 3940, False, 0
2457,0, 3940, False, 0
2458,0, 3940, False, 0
2459,0, 3940, False, 0
2460,0, 3940, False, 0
2461,0, 3940, False, 5
2462,0, 3940, False, 5
2463,0, 3940, False, 5
2464,0, 3940, False, 5
2465,0, 3940, False, 5
2466,0, 3940, False, 5
2467,0, 3940, False, 5
2468,0, 3940, False, 5
2469,0, 3940, False, 5
2470,0, 3940, False, 5
2471,0, 3940, False, 0
2472,0, 3940, False, 0
2473,0, 3940, False, 0
2474,0, 3940, False, 0
2475,0, 3940, False, 0
2476,0, 3940, False, 0
2477,0, 3940, False, 0
2478,0, 3940, False, 0
2479,0, 3940, False, 0
2480,0, 3940, False, 0
2481,0, 3940, False, 3
2482,0, 3940, False, 3
2483,0, 3940, False, 3
2484,0, 3940, False, 3
2485,0, 3940, False, 3
2486,0, 3940, False, 3
2487,0, 3940, False, 3
2488,0, 3940, False, 0
2489,0, 3940, False, 0
2490,0, 3940, False, 0
2491,0, 3940, False, 0
2492,0, 3940, False, 0
2493,0, 3940, False, 0
2494,0, 3940, False, 0
2495,0, 3940, False, 0
2496,0, 3940, False, 0
2497,0, 3940, False, 0
2498,0, 3940, False, 0
2499,0, 3940, False, 0
2500,0, 3940, False, 0
2501,0, 3940, False, 0
2502,0, 3940, False, 0
2503,0, 3940, False, 0
2504,0, 3940, False, 0
2505,0, 3940, False, 0
2506,0, 3940, False, 0
2507,0, 3940, False, 0
2508,0, 3940, False, 0
2509,0, 3940, False, 2
2510,0, 3940, False, 2
2511,0, 3940, False, 2
2512,0, 3940, False, 2
2513,0, 3940, False, 2
2514,0, 3940, False, 2
2515,0, 3940, False, 0
2516,0, 3940, False, 0
2517,0, 3940, False, 0
2518,0, 3940, False, 0
2519,0, 3940, False, 0
2520,0, 3940, False, 0
2521,0, 3940, False, 0
2522,0, 3940, False, 0
2523,0, 3940, False, 0
2524,0, 3940, False, 0
2525,0, 3940, False, 0
2526,0, 3940, False, 0
2527,0, 3940, False, 0
2528,0, 3940, False, 0
2529,0, 3940, False, 0
2530,0, 3940, False, 0
2531,0, 3940, False, 0
2532,0, 3940, False, 0
2533,0, 3940, False, 0
2534,0, 3940, False, 0
2535,0, 3940, False, 4
2536,0, 3940, False, 4
2537,0, 3940, False, 4
2538,0, 3940, False, 4
2539,0, 3940, False, 0
2540,0, 3940, False, 0
2541,0, 3940, False, 0
2542,0, 3940, False, 0
2543,0, 3940, False, 0
2544,0, 3940, False, 0
2545,0, 3940, False, 0
2546,0, 3940, False, 2
2547,0, 3940, False, 2
2548,0, 3940, False, 2
2549,0, 3940, False, 2
2550,0, 3940, False, 2
2551,0, 3940, False, 2
2552,0, 3940, False, 0
2553,0, 3940, False, 0
2554,0, 3940, False, 0
2555,0, 3940, False, 0
2556,0, 3940, False, 0
2557,0, 3940, False, 0
2558,0, 3940, False, 0
2559,0, 3940, False, 0
2560,0, 3940, False, 0
2561,0, 3940, False, 0
2562,0, 3940, False, 0
2563,0, 3940, False, 0
2564,0, 3940, False, 0
2565,0, 3940, False, 0
2566,0, 3940, False, 0
2567,0, 3940, False, 0
2568,0, 3940, False, 0
2569,0, 3940, False, 0
2570,0, 3940, False, 0
2571,0, 3940, False, 0
2572,0, 3940, False, 0
2573,0, 3940, False, 0
2574,0, 3940, False, 0
2575,0, 3940, False, 3
2576,0, 3940, False, 3
2577,0, 3940, False, 3
2578,0, 3940, False, 3
2579,0, 3940, False, 3
2580,0, 3940, False, 3
2581,0, 3940, False, 3
2582,0, 3940, False, 0
2583,0, 3940, False, 0
2584,0, 3940, False, 0
2585,0, 3940, False, 0
2586,0, 3940, False, 0
2587,0, 3940, False, 0
2588,0, 3940, False, 0
2589,0, 3940, False, 2
2590,0, 3940, False, 2
2591,0, 3940, False, 2
2592,0, 3940, False, 2
2593,0, 3940, False, 2
2594,0, 3940, False, 0
2595,0, 3940, False, 0
2596,0, 3940, False, 0
2597,0, 3940, False, 0
2598,0, 3940, False, 0
2599,0, 3940, False, 0
2600,0, 3940, False, 0
2601,0, 3940, False, 0
2602,0, 3940, False, 0
2603,0, 3940, False, 0
2604,0, 3940, False, 0
2605,0, 3940, False, 0
2606,0, 3940, False, 0
2607,0, 3940, False, 0
2608,0, 3940, False, 0
2609,0, 3940, False, 0
2610,0, 3940, False, 0
2611,0, 3940, False, 0
2612,0, 3940, False, 0
2613,0, 3940, False, 0
2614,0, 3940, False, 0
2615,0, 3940, False, 0
2616,0, 3940, False, 0
2617,0, 3940, False, 0
2618,0, 3940, False, 0
2619,0, 3940, False, 0
2620,0, 3940, False, 0
2621,0, 3940, False, 0
2622,0, 3940, False, 0
2623,0, 3940, False, 0
2624,0, 3940, False, 0
2625,0, 3940, False, 0
2626,0, 3940, False, 0
2627,0, 3940, False, 0
2628,0, 3940, False, 0
2629,0, 3940, False, 0
2630,0, 3940, False, 4
2631,0, 3940, False, 4
2632,0, 3940, False, 4
2633,0, 3940, False, 0
2634,0, 3940, False, 0
2635,0, 3940, False, 0
2636,0, 3940, False, 0
2637,0, 3940, False, 0
2638,0, 3940, False, 0
2639,0, 3940, False, 0
2640,0, 3940, False, 2
2641,0, 3940, False, 2
2642,0, 3940, False, 2
2643,0, 3940, False, 2
2644,0, 3940, False, 0
2645,0, 3940, False, 0
2646,0, 3940, False, 0
2647,0, 3940, False, 0
2648,0, 3940, False, 0
2649,0, 3940, False, 0
2650,0, 3940, False, 0
2651,0, 3940, False, 0
2652,0, 3940, False, 0
2653,0, 3940, False, 0
2654,10, 3950, False, 0
2655,0, 3950, False, 0
2656,0, 3950, False, 0
2657,0, 3950, False, 0
2658,0, 3950, False, 0
2659,0, 3950, False, 0
2660,0, 3950, False, 0
2661,0, 3950, False, 0
2662,0, 3950, False, 0
2663,0, 3950, False, 0
2664,0, 3950, False, 0
2665,0, 3950, False, 0
2666,0, 3950, False, 0
2667,0, 3950, False, 0
2668,10, 3960, False, 0
2669,0, 3960, False, 0
2670,0, 3960, False, 0
2671,0, 3960, False, 0
2672,0, 3960, False, 0
2673,0, 3960, False, 0
2674,0, 3960, False, 0
2675,0, 3960, False, 0
2676,0, 3960, False, 0
2677,0, 3960, False, 0
2678,0, 3960, False, 0
2679,0, 3960, False, 0
2680,0, 3960, False, 0
2681,0, 3960, False, 0
2682,10, 3970, False, 0
2683,0, 3970, False, 0
2684,0, 3970, False, 0
2685,0, 3970, False, 0
2686,0, 3970, False, 0
2687,0, 3970, False, 0
2688,0, 3970, False, 0
2689,0, 3970, False, 0
2690,0, 3970, False, 0
2691,0, 3970, False, 0
2692,0, 3970, False, 0
2693,0, 3970, False, 0
2694,0, 3970, False, 0
2695,0, 3970, False, 0
2696,10, 3980, False, 0
2697,0, 3980, False, 0
2698,0, 3980, False, 0
2699,0, 3980, False, 0
2700,0, 3980, False, 0
2701,0, 3980, False, 0
2702,0, 3980, False, 0
2703,0, 3980, False, 0
2704,0, 3980, False, 0
2705,0, 3980, False, 0
2706,0, 3980, False, 0
2707,0, 3980, False, 0
2708,0, 3980, False, 0
2709,0, 3980, False, 0
2710,10, 3990, False, 0
2711,0, 3990, False, 0
2712,0, 3990, False, 0
2713,0, 3990, False, 0
2714,0, 3990, False, 0
2715,0, 3990, False, 0
2716,0, 3990, False, 0
2717,0, 3990, False, 0
2718,0, 3990, False, 0
2719,0, 3990, False, 0
2720,0, 3990, False, 0
2721,0, 3990, False, 0
2722,0, 3990, False, 0
2723,0, 3990, False, 0
2724,10, 4000, False, 0
2725,0, 4000, False, 0
2726,0, 4000, False, 0
2727,0, 4000, False, 0
2728,0, 4000, False, 0
2729,0, 4000, False, 0
2730,0, 4000, False, 0
2731,0, 4000, False, 0
2732,0, 4000, False, 0
2733,0, 4000, False, 0
2734,0, 4000, False, 0
2735,0, 4000, False, 0
2736,0, 4000, False, 0
2737,0, 4000, False, 0
2738,10, 4010, False, 0
2739,0, 4010, False, 0
2740,0, 4010, False, 0
2741,0, 4010, False, 0
2742,0, 4010, False, 0
2743,0, 4010, False, 0
2744,0, 4010, False, 0
2745,0, 4010, False, 0
2746,0, 4010, False, 0
2747,0, 4010, False, 0
2748,0, 4010, False, 0
2749,0, 4010, False, 4
2750,0, 4010, False, 4
2751,0, 4010, False, 4
2752,10, 4020, False, 4
2753,0, 4020, False, 4
2754,0, 4020, False, 4
2755,0, 4020, False, 4
2756,0, 4020, False, 0
2757,0, 4020, False, 0
2758,0, 4020, False, 0
2759,0, 4020, False, 0
2760,0, 4020, False, 0
2761,0, 4020, False, 0
2762,10, 4030, False, 0
2763,0, 4030, False, 0
2764,0, 4030, False, 0
2765,0, 4030, False, 0
2766,0, 4030, False, 0
2767,0, 4030, False, 0
2768,0, 4030, False, 0
2769,0, 4030, False, 0
2770,0, 4030, False, 0
2771,0, 4030, False, 0
2772,0, 4030, False, 0
2773,0, 4030, False, 0
2774,0, 4030, False, 0
2775,0, 4030, False, 0
2776,10, 4040, False, 0
2777,0, 4040, False, 0
2778,0, 4040, False, 0
2779,0, 4040, False, 0
2780,0, 4040, False, 0
2781,0, 4040, False, 0
2782,0, 4040, False, 0
2783,0, 4040, False, 0
2784,0, 4040, False, 0
2785,0, 4040, False, 0
2786,0, 4040, False, 0
2787,0, 4040, False, 0
2788,0, 4040, False, 0
2789,0, 4040, False, 0
2790,10, 4050, False, 0
2791,0, 4050, False, 0
2792,0, 4050, False, 0
2793,0, 4050, False, 0
2794,0, 4050, False, 3
2795,0, 4050, False, 3
2796,0, 4050, False, 3
2797,0, 4050, False, 3
2798,0, 4050, False, 3
2799,0, 4050, False, 3
2800,0, 4050, False, 0
2801,0, 4050, False, 0
2802,0, 4050, False, 0
2803,0, 4050, False, 0
2804,0, 4050, False, 0
2805,0, 4050, False, 0
2806,0, 4050, False, 0
2807,0, 4050, False, 0
2808,0, 4050, False, 0
2809,0, 4050, False, 0
2810,0, 4050, False, 0
2811,0, 4050, False, 0
2812,0, 4050, False, 0
2813,0, 4050, False, 0
2814,0, 4050, False, 0
2815,0, 4050, False, 0
2816,0, 4050, False, 0
2817,0, 4050, False, 0
2818,0, 4050, False, 0
2819,0, 4050, False, 0
2820,0, 4050, False, 0
2821,0, 4050, False, 0
2822,0, 4050, False, 0
2823,0, 4050, False, 0
2824,0, 4050, False, 0
2825,0, 4050, False, 0
2826,0, 4050, False, 0
2827,0, 4050, False, 0
2828,0, 4050, False, 0
2829,0, 4050, False, 0
2830,0, 4050, False, 0
2831,0, 4050, False, 0
2832,0, 4050, False, 0
2833,0, 4050, False, 0
2834,0, 4050, False, 0
2835,0, 4050, False, 0
2836,0, 4050, False, 0
2837,0, 4050, False, 0
2838,10, 4060, False, 0
2839,0, 4060, False, 0
2840,0, 4060, False, 0
2841,0, 4060, False, 0
2842,0, 4060, False, 0
2843,0, 4060, False, 0
2844,0, 4060, False, 0
2845,0, 4060, False, 0
2846,0, 4060, False, 0
2847,0, 4060, False, 0
2848,0, 4060, False, 0
2849,0, 4060, False, 0
2850,0, 4060, False, 0
2851,0, 4060, False, 0
2852,0, 4060, False, 2
2853,0, 4060, False, 2
2854,0, 4060, False, 2
2855,0, 4060, False, 2
2856,0, 4060, False, 2
2857,0, 4060, False, 2
2858,0, 4060, False, 2
2859,0, 4060, False, 2
2860,0, 4060, False, 2
2861,0, 4060, False, 0
2862,50, 4110, False, 0
2863,0, 4110, False, 0
2864,0, 4110, False, 0
2865,0, 4110, False, 0
2866,0, 4110, False, 0
2867,0, 4110, False, 0
2868,0, 4110, False, 0
2869,0, 4110, False, 0
2870,0, 4110, False, 0
2871,0, 4110, False, 0
2872,0, 4110, False, 0
2873,0, 4110, False, 0
2874,0, 4110, False, 0
2875,0, 4110, False, 0
2876,10, 4120, False, 0
2877,0, 4120, False, 0
2878,0, 4120, False, 0
2879,0, 4120, False, 0
2880,0, 4120, False, 4
2881,0, 4120, False, 4
2882,0, 4120, False, 4
2883,0, 4120, False, 4
2884,0, 4120, False, 4
2885,0, 4120, False, 4
2886,0, 4120, False, 4
2887,0, 4120, False, 4
2888,0, 4120, False, 4
2889,0, 4120, False, 4
2890,10, 4130, False, 4
2891,0, 4130, False, 4
2892,0, 4130, False, 4
2893,0, 4130, False, 4
2894,0, 4130, False, 4
2895,0, 4130, False, 4
2896,0, 4130, False, 4
2897,0, 4130, False, 4
2898,0, 4130, False, 4
2899,0, 4130, False, 4
2900,0, 4130, False, 4
2901,0, 4130, False, 4
2902,0, 4130, False, 0
2903,0, 4130, False, 0
2904,10, 4140, False, 0
2905,0, 4140, False, 0
2906,0, 4140, False, 0
2907,0, 4140, False, 0
2908,0, 4140, False, 0
2909,0, 4140, False, 0
2910,0, 4140, False, 0
2911,0, 4140, False, 0
2912,0, 4140, False, 0
2913,0, 4140, False, 0
2914,0, 4140, False, 0
2915,0, 4140, False, 0
2916,0, 4140, False, 0
2917,0, 4140, False, 0
2918,10, 4150, False, 0
2919,0, 4150, False, 0
2920,0, 4150, False, 0
2921,0, 4150, False, 0
2922,0, 4150, False, 0
2923,0, 4150, False, 0
2924,0, 4150, False, 5
2925,0, 4150, False, 5
2926,0, 4150, False, 5
2927,0, 4150, False, 5
2928,0, 4150, False, 5
2929,0, 4150, False, 5
2930,0, 4150, False, 5
2931,0, 4150, False, 5
2932,0, 4150, False, 5
2933,0, 4150, False, 5
2934,10, 4160, False, 5
2935,0, 4160, False, 5
2936,0, 4160, False, 5
2937,0, 4160, False, 5
2938,0, 4160, False, 5
2939,0, 4160, False, 5
2940,0, 4160, False, 5
2941,0, 4160, False, 5
2942,0, 4160, False, 5
2943,0, 4160, False, 0
2944,0, 4160, False, 0
2945,0, 4160, False, 0
2946,0, 4160, False, 0
2947,0, 4160, False, 0
2948,0, 4160, False, 0
2949,0, 4160, False, 0
2950,0, 4160, False, 0
2951,0, 4160, False, 0
2952,0, 4160, False, 0
2953,0, 4160, False, 0
2954,0, 4160, False, 0
2955,0, 4160, False, 0
2956,0, 4160, False, 0
2957,0, 4160, False, 0
2958,0, 4160, False, 0
2959,0, 4160, False, 0
2960,10, 4170, False, 0
2961,0, 4170, False, 0
2962,0, 4170, False, 0
2963,0, 4170, False, 0
2964,0, 4170, False, 0
2965,0, 4170, False, 0
2966,0, 4170, False, 0
2967,0, 4170, False, 0
2968,0, 4170, False, 0
2969,0, 4170, False, 0
2970,0, 4170, False, 0
2971,0, 4170, False, 0
2972,0, 4170, False, 0
2973,0, 4170, False, 0
2974,10, 4180, False, 0
2975,0, 4180, False, 0
2976,0, 4180, False, 0
2977,0, 4180, False, 0
2978,0, 4180, False, 0
2979,0, 4180, False, 0
2980,0, 4180, False, 0
2981,0, 4180, False, 4
2982,0, 4180, False, 4
2983,0, 4180, False, 4
2984,0, 4180, False, 4
2985,0, 4180, False, 4
2986,0, 4180, False, 4
2987,0, 4180, False, 4
2988,0, 4180, False, 4
2989,0, 4180, False, 4
2990,10, 4190, False, 4
2991,0, 4190, False, 4
2992,0, 4190, False, 4
2993,0, 4190, False, 4
2994,0, 4190, False, 4
2995,0, 4190, False, 4
2996,0, 4190, False, 4
2997,0, 4190, False, 4
2998,0, 4190, False, 4
2999,0, 4190, False, 4
3000,0, 4190, False, 4
3001,0, 4190, False, 4
3002,0, 4190, False, 4
3003,0, 4190, False, 4
3004,10, 4200, False, 4
3005,0, 4200, False, 4
3006,0, 4200, False, 0
3007,0, 4200, False, 0
3008,0, 4200, False, 0
3009,0, 4200, False, 0
3010,0, 4200, False, 0
3011,0, 4200, False, 0
3012,0, 4200, False, 0
3013,0, 4200, False, 0
3014,0, 4200, False, 0
3015,0, 4200, False, 0
3016,0, 4200, False, 0
3017,0, 4200, False, 0
3018,10, 4210, False, 0
3019,0, 4210, False, 0
3020,0, 4210, False, 0
3021,0, 4210, False, 0
3022,0, 4210, False, 0
3023,0, 4210, False, 0
3024,0, 4210, False, 0
3025,0, 4210, False, 0
3026,0, 4210, False, 0
3027,0, 4210, False, 0
3028,0, 4210, False, 0
3029,0, 4210, False, 0
3030,10, 4220, False, 0
3031,0, 4220, False, 0
3032,0, 4220, False, 0
3033,0, 4220, False, 0
3034,0, 4220, False, 0
3035,0, 4220, False, 0
3036,0, 4220, False, 0
3037,0, 4220, False, 0
3038,0, 4220, False, 0
3039,0, 4220, False, 0
3040,0, 4220, False, 0
3041,0, 4220, False, 0
3042,0, 4220, False, 0
3043,0, 4220, False, 0
3044,10, 4230, False, 0
3045,0, 4230, False, 0
3046,0, 4230, False, 0
3047,0, 4230, False, 0
3048,0, 4230, False, 0
3049,0, 4230, False, 0
3050,0, 4230, False, 0
3051,0, 4230, False, 0
3052,0, 4230, False, 0
3053,0, 4230, False, 0
3054,0, 4230, False, 0
3055,0, 4230, False, 0
3056,0, 4230, False, 0
3057,0, 4230, False, 0
3058,0, 4230, False, 0
3059,0, 4230, False, 0
3060,0, 4230, False, 0
3061,0, 4230, False, 0
3062,10, 4240, False, 0
3063,0, 4240, False, 0
3064,0, 4240, False, 0
3065,0, 4240, False, 0
3066,0, 4240, False, 0
3067,0, 4240, False, 0
3068,0, 4240, False, 0
3069,0, 4240, False, 0
3070,0, 4240, False, 0
3071,0, 4240, False, 0
3072,0, 4240, False, 0
3073,0, 4240, False, 0
3074,0, 4240, False, 0
3075,0, 4240, False, 0
3076,10, 4250, False, 0
3077,0, 4250, False, 0
3078,0, 4250, False, 0
3079,0, 4250, False, 0
3080,0, 4250, False, 0
3081,0, 4250, False, 0
3082,0, 4250, False, 0
3083,0, 4250, False, 0
3084,0, 4250, False, 0
3085,0, 4250, False, 0
3086,0, 4250, False, 0
3087,0, 4250, False, 0
3088,0, 4250, False, 2
3089,0, 4250, False, 2
3090,0, 4250, False, 2
3091,0, 4250, False, 2
3092,0, 4250, False, 2
3093,0, 4250, False, 2
3094,0, 4250, False, 0
3095,0, 4250, False, 0
3096,0, 4250, False, 0
3097,0, 4250, False, 0
3098,0, 4250, False, 0
3099,0, 4250, False, 0
3100,0, 4250, False, 0
3101,0, 4250, False, 0
3102,10, 4260, False, 0
3103,0, 4260, False, 0
3104,0, 4260, False, 0
3105,0, 4260, False, 0
3106,0, 4260, False, 0
3107,0, 4260, False, 0
3108,0, 4260, False, 0
3109,0, 4260, False, 0
3110,0, 4260, False, 0
3111,0, 4260, False, 0
3112,0, 4260, False, 0
3113,0, 4260, False, 0
3114,0, 4260, False, 0
3115,0, 4260, False, 0
3116,0, 4260, False, 0
3117,0, 4260, False, 0
3118,0, 4260, False, 0
3119,0, 4260, False, 0
3120,0, 4260, False, 0
3121,0, 4260, False, 0
3122,0, 4260, False, 5
3123,0, 4260, False, 0
3124,0, 4260, False, 0
3125,0, 4260, False, 0
3126,0, 4260, False, 0
3127,0, 4260, False, 0
3128,0, 4260, False, 0
3129,0, 4260, False, 0
3130,0, 4260, False, 0
3131,0, 4260, False, 0
3132,0, 4260, False, 0
3133,0, 4260, False, 0
3134,0, 4260, False, 0
3135,0, 4260, False, 0
3136,0, 4260, False, 0
3137,0, 4260, False, 0
3138,0, 4260, False, 0
3139,0, 4260, False, 0
3140,0, 4260, False, 0
3141,0, 4260, False, 0
3142,0, 4260, False, 0
3143,0, 4260, False, 0
3144,0, 4260, False, 0
3145,0, 4260, False, 0
3146,0, 4260, False, 0
3147,0, 4260, False, 0
3148,0, 4260, False, 0
3149,0, 4260, False, 0
3150,0, 4260, False, 0
3151,0, 4260, False, 0
3152,0, 4260, False, 0
3153,0, 4260, False, 0
3154,0, 4260, False, 0
3155,0, 4260, False, 0
3156,0, 4260, False, 5
3157,0, 4260, False, 5
3158,0, 4260, False, 5
3159,0, 4260, False, 5
3160,0, 4260, False, 5
3161,0, 4260, False, 5
3162,0, 4260, False, 5
3163,0, 4260, False, 5
3164,0, 4260, False, 5
3165,0, 4260, False, 5
3166,0, 4260, False, 0
3167,0, 4260, False, 0
3168,0, 4260, False, 0
3169,0, 4260, False, 0
3170,0, 4260, False, 0
3171,0, 4260, False, 0
3172,0, 4260, False, 0
3173,0, 4260, False, 0
3174,0, 4260, False, 0
3175,0, 4260, False, 0
3176,0, 4260, False, 0
3177,0, 4260, False, 0
3178,0, 4260, False, 0
3179,0, 4260, False, 0
3180,0, 4260, False, 0
3181,0, 4260, False, 0
3182,0, 4260, False, 0
3183,0, 4260, False, 0
3184,0, 4260, False, 0
3185,0, 4260, False, 0
3186,0, 4260, False, 0
3187,0, 4260, False, 0
3188,0, 4260, False, 0
3189,0, 4260, False, 0
3190,0, 4260, False, 0
3191,0, 4260, False, 0
3192,0, 4260, False, 0
3193,0, 4260, False, 0
3194,0, 4260, False, 0
3195,0, 4260, False, 0
3196,0, 4260, False, 0
3197,0, 4260, False, 0
3198,0, 4260, False, 0
3199,0, 4260, False, 0
3200,0, 4260, False, 0
3201,0, 4260, False, 0
3202,0, 4260, False, 0
3203,0, 4260, False, 0
3204,0, 4260, False, 0
3205,0, 4260, False, 4
3206,0, 4260, False, 4
3207,0, 4260, False, 4
3208,0, 4260, False, 4
3209,0, 4260, False, 4
3210,0, 4260, False, 4
3211,0, 4260, False, 0
3212,0, 4260, False, 0
3213,0, 4260, False, 0
3214,10, 4270, False, 0
3215,0, 4270, False, 0
3216,0, 4270, False, 0
3217,0, 4270, False, 0
3218,0, 4270, False, 0
3219,0, 4270, False, 0
3220,0, 4270, False, 0
3221,0, 4270, False, 0
3222,0, 4270, False, 0
3223,0, 4270, False, 0
3224,0, 4270, False, 0
3225,0, 4270, False, 0
3226,10, 4280, False, 0
3227,0, 4280, False, 0
3228,0, 4280, False, 0
3229,0, 4280, False, 0
3230,0, 4280, False, 0
3231,0, 4280, False, 0
3232,0, 4280, False, 0
3233,0, 4280, False, 0
3234,0, 4280, False, 0
3235,0, 4280, False, 0
3236,0, 4280, False, 0
3237,0, 4280, False, 0
3238,0, 4280, False, 0
3239,0, 4280, False, 0
3240,10, 4290, False, 0
3241,0, 4290, False, 0
3242,0, 4290, False, 0
3243,0, 4290, False, 0
3244,0, 4290, False, 0
3245,0, 4290, False, 0
3246,0, 4290, False, 0
3247,0, 4290, False, 0
3248,0, 4290, False, 0
3249,0, 4290, False, 0
3250,0, 4290, False, 0
3251,0, 4290, False, 0
3252,0, 4290, False, 0
3253,0, 4290, False, 0
3254,10, 4300, False, 0
3255,0, 4300, False, 0
3256,0, 4300, False, 0
3257,0, 4300, False, 0
3258,0, 4300, False, 0
3259,0, 4300, False, 0
3260,0, 4300, False, 0
3261,0, 4300, False, 0
3262,0, 4300, False, 0
3263,0, 4300, False, 0
3264,0, 4300, False, 0
3265,0, 4300, False, 0
3266,0, 4300, False, 0
3267,0, 4300, False, 0
3268,0, 4300, False, 0
3269,0, 4300, False, 0
3270,0, 4300, False, 5
3271,0, 4300, False, 5
3272,0, 4300, False, 5
3273,0, 4300, False, 5
3274,0, 4300, False, 5
3275,0, 4300, False, 5
3276,0, 4300, False, 0
3277,0, 4300, False, 0
3278,0, 4300, False, 0
3279,0, 4300, False, 0
3280,0, 4300, False, 0
3281,0, 4300, False, 0
3282,0, 4300, False, 0
3283,0, 4300, False, 0
3284,0, 4300, False, 0
3285,0, 4300, False, 0
3286,0, 4300, False, 0
3287,0, 4300, False, 0
3288,0, 4300, False, 0
3289,0, 4300, False, 0
3290,0, 4300, False, 0
3291,0, 4300, False, 0
3292,0, 4300, False, 4
3293,0, 4300, False, 4
3294,0, 4300, False, 4
3295,0, 4300, False, 4
3296,0, 4300, False, 4
3297,0, 4300, False, 0
3298,0, 4300, False, 0
3299,0, 4300, False, 0
3300,0, 4300, False, 0
3301,0, 4300, False, 0
3302,0, 4300, False, 0
3303,0, 4300, False, 0
3304,10, 4310, False, 0
3305,0, 4310, False, 0
3306,0, 4310, False, 0
3307,0, 4310, False, 0
3308,0, 4310, False, 0
3309,0, 4310, False, 0
3310,0, 4310, False, 0
3311,0, 4310, False, 0
3312,0, 4310, False, 0
3313,0, 4310, False, 0
3314,0, 4310, False, 0
3315,0, 4310, False, 0
3316,0, 4310, False, 0
3317,0, 4310, False, 0
3318,0, 4310, False, 3
3319,0, 4310, False, 3
3320,0, 4310, False, 3
3321,0, 4310, False, 3
3322,0, 4310, False, 3
3323,0, 4310, False, 3
3324,0, 4310, False, 3
3325,0, 4310, False, 3
3326,0, 4310, False, 0
3327,0, 4310, False, 0
3328,0, 4310, False, 0
3329,0, 4310, False, 0
3330,0, 4310, False, 0
3331,0, 4310, False, 0
3332,0, 4310, False, 0
3333,0, 4310, False, 0
3334,0, 4310, False, 0
3335,0, 4310, False, 0
3336,0, 4310, False, 0
3337,0, 4310, False, 0
3338,0, 4310, False, 0
3339,0, 4310, False, 0
3340,0, 4310, False, 0
3341,0, 4310, False, 0
3342,0, 4310, False, 0
3343,0, 4310, False, 0
3344,0, 4310, False, 0
3345,0, 4310, False, 0
3346,0, 4310, False, 5
3347,0, 4310, False, 5
3348,0, 4310, False, 5
3349,0, 4310, False, 5
3350,0, 4310, False, 5
3351,0, 4310, False, 5
3352,0, 4310, False, 0
3353,0, 4310, False, 0
3354,0, 4310, False, 0
3355,0, 4310, False, 0
3356,0, 4310, False, 0
3357,0, 4310, False, 0
3358,0, 4310, False, 0
3359,0, 4310, False, 0
3360,0, 4310, False, 0
3361,0, 4310, False, 0
3362,0, 4310, False, 0
3363,0, 4310, False, 0
3364,0, 4310, False, 0
3365,0, 4310, False, 0
3366,0, 4310, False, 0
3367,0, 4310, False, 0
3368,0, 4310, False, 0
3369,0, 4310, False, 0
3370,0, 4310, False, 0
3371,0, 4310, False, 3
3372,0, 4310, False, 3
3373,0, 4310, False, 3
3374,0, 4310, False, 3
3375,0, 4310, False, 3
3376,0, 4310, False, 3
3377,0, 4310, False, 3
3378,10, 4320, False, 3
3379,0, 4320, False, 3
3380,0, 4320, False, 3
3381,0, 4320, False, 0
3382,0, 4320, False, 0
3383,0, 4320, False, 0
3384,0, 4320, False, 0
3385,0, 4320, False, 0
3386,0, 4320, False, 0
3387,0, 4320, False, 0
3388,0, 4320, False, 0
3389,0, 4320, False, 0
3390,0, 4320, False, 0
3391,0, 4320, False, 0
3392,0, 4320, False, 0
3393,0, 4320, False, 0
3394,0, 4320, False, 0
3395,0, 4320, False, 0
3396,0, 4320, False, 5
3397,0, 4320, False, 5
3398,0, 4320, False, 5
3399,0, 4320, False, 5
3400,0, 4320, False, 5
3401,0, 4320, False, 5
3402,0, 4320, False, 5
3403,0, 4320, False, 5
3404,0, 4320, False, 0
3405,0, 4320, False, 0
3406,0, 4320, False, 0
3407,0, 4320, False, 0
3408,0, 4320, False, 0
3409,0, 4320, False, 0
3410,0, 4320, False, 0
3411,0, 4320, False, 0
3412,0, 4320, False, 0
3413,0, 4320, False, 0
3414,0, 4320, False, 0
3415,0, 4320, False, 0
3416,0, 4320, False, 0
3417,0, 4320, False, 0
3418,0, 4320, False, 0
3419,0, 4320, False, 0
3420,0, 4320, False, 0
3421,0, 4320, False, 0
3422,0, 4320, False, 0
3423,0, 4320, False, 0
3424,0, 4320, False, 0
3425,0, 4320, False, 0
3426,0, 4320, False, 0
3427,0, 4320, False, 0
3428,0, 4320, False, 0
3429,0, 4320, False, 0
3430,0, 4320, False, 0
3431,0, 4320, False, 0
3432,0, 4320, False, 0
3433,0, 4320, False, 0
3434,0, 4320, False, 0
3435,0, 4320, False, 3
3436,0, 4320, False, 3
3437,0, 4320, False, 3
3438,0, 4320, False, 3
3439,0, 4320, False, 3
3440,0, 4320, False, 3
3441,0, 4320, False, 3
3442,10, 4330, False, 3
3443,0, 4330, False, 3
3444,0, 4330, False, 0
3445,0, 4330, False, 0
3446,0, 4330, False, 0
3447,0, 4330, False, 0
3448,0, 4330, False, 0
3449,0, 4330, False, 0
3450,0, 4330, False, 0
3451,0, 4330, False, 0
3452,0, 4330, False, 0
3453,0, 4330, False, 0
3454,0, 4330, False, 0
3455,0, 4330, False, 0
3456,10, 4340, False, 0
3457,0, 4340, False, 0
3458,0, 4340, False, 0
3459,0, 4340, False, 0
3460,0, 4340, False, 0
3461,0, 4340, False, 0
3462,0, 4340, False, 0
3463,0, 4340, False, 0
3464,0, 4340, False, 0
3465,0, 4340, False, 0
3466,0, 4340, False, 0
3467,0, 4340, False, 0
3468,0, 4340, False, 0
3469,0, 4340, False, 0
3470,10, 4350, False, 0
3471,0, 4350, False, 0
3472,0, 4350, False, 0
3473,0, 4350, False, 0
3474,0, 4350, False, 0
3475,0, 4350, False, 0
3476,0, 4350, False, 0
3477,0, 4350, False, 0
3478,0, 4350, False, 0
3479,0, 4350, False, 0
3480,0, 4350, False, 0
3481,0, 4350, False, 0
3482,10, 4360, False, 0
3483,0, 4360, False, 0
3484,0, 4360, False, 0
3485,0, 4360, False, 2
3486,0, 4360, False, 2
3487,0, 4360, False, 2
3488,0, 4360, False, 2
3489,0, 4360, False, 2
3490,0, 4360, False, 0
3491,0, 4360, False, 0
3492,0, 4360, False, 0
3493,0, 4360, False, 0
3494,0, 4360, False, 0
3495,0, 4360, False, 0
3496,0, 4360, False, 0
3497,0, 4360, False, 0
3498,0, 4360, False, 0
3499,0, 4360, False, 0
3500,10, 4370, False, 0
3501,0, 4370, False, 0
3502,0, 4370, False, 0
3503,0, 4370, False, 0
3504,0, 4370, False, 0
3505,0, 4370, False, 0
3506,0, 4370, False, 0
3507,0, 4370, False, 0
3508,0, 4370, False, 0
3509,0, 4370, False, 0
3510,0, 4370, False, 0
3511,0, 4370, False, 0
3512,0, 4370, False, 0
3513,0, 4370, False, 0
3514,10, 4380, False, 0
3515,0, 4380, False, 0
3516,0, 4380, False, 0
3517,0, 4380, False, 0
3518,0, 4380, False, 0
3519,0, 4380, False, 0
3520,0, 4380, False, 0
3521,0, 4380, False, 0
3522,0, 4380, False, 0
3523,0, 4380, False, 0
3524,0, 4380, False, 0
3525,0, 4380, False, 0
3526,0, 4380, False, 0
3527,0, 4380, False, 0
3528,10, 4390, False, 0
3529,0, 4390, False, 0
3530,0, 4390, False, 0
3531,0, 4390, False, 0
3532,0, 4390, False, 0
3533,0, 4390, False, 0
3534,0, 4390, False, 0
3535,0, 4390, False, 0
3536,0, 4390, False, 0
3537,0, 4390, False, 0
3538,0, 4390, False, 0
3539,0, 4390, False, 0
3540,0, 4390, False, 0
3541,0, 4390, False, 0
3542,10, 4400, False, 0
3543,0, 4400, False, 0
3544,0, 4400, False, 0
3545,0, 4400, False, 0
3546,0, 4400, False, 0
3547,0, 4400, False, 0
3548,0, 4400, False, 0
3549,0, 4400, False, 0
3550,0, 4400, False, 0
3551,0, 4400, False, 0
3552,100, 4500, False, 0
3553,0, 4500, False, 0
3554,0, 4500, False, 0
3555,0, 4500, False, 0
3556,0, 4500, False, 0
3557,0, 4500, False, 0
3558,0, 4500, False, 0
3559,0, 4500, False, 0
3560,0, 4500, False, 0
3561,0, 4500, False, 0
3562,0, 4500, False, 0
3563,0, 4500, False, 0
3564,0, 4500, False, 0
3565,0, 4500, False, 0
3566,0, 4500, False, 0
3567,0, 4500, False, 0
3568,0, 4500, False, 0
3569,0, 4500, False, 0
3570,0, 4500, False, 0
3571,0, 4500, False, 0
3572,0, 4500, False, 0
3573,0, 4500, False, 0
3574,0, 4500, False, 0
3575,0, 4500, False, 0
3576,0, 4500, False, 0
3577,0, 4500, False, 0
3578,0, 4500, False, 0
3579,0, 4500, False, 0
3580,0, 4500, False, 0
3581,0, 4500, False, 0
3582,0, 4500, False, 0
3583,0, 4500, False, 0
3584,0, 4500, False, 0
3585,0, 4500, False, 0
3586,0, 4500, False, 0
3587,0, 4500, False, 0
3588,0, 4500, False, 0
3589,0, 4500, False, 0
3590,0, 4500, False, 0
3591,0, 4500, False, 0
3592,0, 4500, False, 0
3593,0, 4500, False, 0
3594,0, 4500, False, 0
3595,0, 4500, False, 0
3596,0, 4500, False, 0
3597,0, 4500, False, 0
3598,0, 4500, False, 0
3599,0, 4500, False, 0
3600,0, 4500, False, 0
3601,0, 4500, False, 0
3602,0, 4500, False, 0
3603,0, 4500, False, 0
3604,0, 4500, False, 0
3605,0, 4500, False, 0
3606,0, 4500, False, 0
3607,0, 4500, False, 0
3608,0, 4500, False, 0
3609,0, 4500, False, 0
3610,0, 4500, False, 0
3611,0, 4500, False, 0
3612,0, 4500, False, 0
3613,0, 4500, False, 0
3614,0, 4500, False, 0
3615,0, 4500, False, 0
3616,0, 4500, False, 0
3617,0, 4500, False, 0
3618,0, 4500, False, 0
3619,0, 4500, False, 0
3620,0, 4500, False, 0
3621,0, 4500, False, 0
3622,0, 4500, False, 0
3623,0, 4500, False, 0
3624,0, 4500, False, 0
3625,0, 4500, False, 0
3626,0, 4500, False, 0
3627,0, 4500, False, 0
3628,0, 4500, False, 0
3629,0, 4500, False, 0
3630,0, 4500, False, 0
3631,0, 4500, False, 0
3632,0, 4500, False, 0
3633,0, 4500, False, 0
3634,0, 4500, False, 0
3635,0, 4500, False, 0
3636,0, 4500, False, 0
3637,0, 4500, False, 0
3638,0, 4500, False, 0
3639,0, 4500, False, 0
3640,0, 4500, False, 0
3641,0, 4500, False, 0
3642,0, 4500, False, 0
3643,0, 4500, False, 0
3644,0, 4500, False, 0
3645,0, 4500, False, 0
3646,0, 4500, False, 0
3647,0, 4500, False, 0
3648,0, 4500, False, 0
3649,0, 4500, False, 0
3650,0, 4500, False, 0
3651,0, 4500, False, 0
3652,0, 4500, False, 0
3653,0, 4500, False, 0
3654,0, 4500, False, 0
3655,0, 4500, False, 0
3656,0, 4500, False, 0
3657,0, 4500, False, 0
3658,0, 4500, False, 0
3659,0, 4500, False, 0
3660,0, 4500, False, 0
3661,0, 4500, False, 0
3662,0, 4500, False, 0
3663,0, 4500, False, 0
3664,0, 4500, False, 0
3665,0, 4500, False, 0
3666,0, 4500, False, 0
3667,0, 4500, False, 0
3668,0, 4500, False, 0
3669,0, 4500, False, 0
3670,0, 4500, False, 0
3671,0, 4500, False, 0
3672,0, 4500, False, 0
3673,0, 4500, False, 0
3674,0, 4500, False, 0
3675,0, 4500, False, 0
3676,0, 4500, False, 0
3677,0, 4500, False, 0
3678,0, 4500, False, 0
3679,0, 4500, False, 0
3680,0, 4500, False, 0
3681,0, 4500, False, 0
3682,0, 4500, False, 0
3683,0, 4500, False, 0
3684,0, 4500, False, 0
3685,0, 4500, False, 0
3686,0, 4500, False, 0
3687,0, 4500, False, 0
3688,0, 4500, False, 0
3689,0, 4500, False, 0
3690,0, 4500, False, 0
3691,0, 4500, False, 0
3692,0, 4500, False, 0
3693,0, 4500, False, 0
3694,0, 4500, False, 0
3695,0, 4500, False, 0
3696,0, 4500, False, 0
3697,0, 4500, False, 0
3698,0, 4500, False, 0
3699,0, 4500, False, 0
3700,0, 4500, False, 0
3701,0, 4500, False, 0
3702,0, 4500, False, 0
3703,0, 4500, False, 0
3704,0, 4500, False, 0
3705,0, 4500, False, 0
3706,0, 4500, False, 0
3707,0, 4500, False, 0
3708,0, 4500, False, 0
3709,0, 4500, False, 0
3710,0, 4500, False, 0
3711,0, 4500, False, 0
3712,0, 4500, False, 0
3713,0, 4500, False, 0
3714,0, 4500, False, 0
3715,0, 4500, False, 0
3716,0, 4500, False, 0
3717,0, 4500, False, 0
3718,0, 4500, False, 0
3719,0, 4500, False, 0
3720,0, 4500, False, 0
3721,0, 4500, False, 0
3722,0, 4500, False, 0
3723,0, 4500, False, 0
3724,0, 4500, False, 0
3725,0, 4500, False, 0
3726,0, 4500, False, 0
3727,0, 4500, False, 0
3728,0, 4500, False, 0
3729,0, 4500, False, 0
3730,0, 4500, False, 0
3731,0, 4500, False, 0
3732,0, 4500, False, 0
3733,0, 4500, False, 0
3734,0, 4500, False, 0
3735,0, 4500, False, 0
3736,0, 4500, False, 0
3737,0, 4500, False, 0
3738,0, 4500, False, 0
3739,0, 4500, False, 0
3740,0, 4500, False, 0
3741,0, 4500, False, 0
3742,0, 4500, False, 0
3743,0, 4500, False, 0
3744,0, 4500, False, 0
3745,0, 4500, False, 0
3746,0, 4500, False, 0
3747,0, 4500, False, 4
3748,0, 4500, False, 4
3749,0, 4500, False, 4
3750,0, 4500, False, 4
3751,0, 4500, False, 4
3752,0, 4500, False, 4
3753,0, 4500, False, 4
3754,0, 4500, False, 4
3755,0, 4500, False, 4
3756,0, 4500, False, 4
3757,0, 4500, False, 4
3758,0, 4500, False, 0
3759,0, 4500, False, 0
3760,0, 4500, False, 0
3761,0, 4500, False, 0
3762,0, 4500, False, 0
3763,0, 4500, False, 0
3764,0, 4500, False, 0
3765,0, 4500, False, 0
3766,0, 4500, False, 0
3767,0, 4500, False, 0
3768,0, 4500, False, 0
3769,0, 4500, False, 0
3770,0, 4500, False, 0
3771,0, 4500, False, 0
3772,0, 4500, False, 0
3773,0, 4500, False, 0
3774,0, 4500, False, 0
3775,0, 4500, False, 0
3776,0, 4500, False, 4
3777,0, 4500, False, 4
3778,0, 4500, False, 4
3779,0, 4500, False, 4
3780,0, 4500, False, 4
3781,0, 4500, False, 4
3782,0, 4500, False, 4
3783,0, 4500, False, 4
3784,0, 4500, False, 4
3785,0, 4500, False, 4
3786,0, 4500, False, 4
3787,0, 4500, False, 0
3788,0, 4500, False, 0
3789,0, 4500, False, 0
3790,0, 4500, False, 0
3791,0, 4500, False, 0
3792,0, 4500, False, 0
3793,0, 4500, False, 0
3794,0, 4500, False, 0
3795,0, 4500, False, 0
3796,0, 4500, False, 0
3797,0, 4500, False, 0
3798,0, 4500, False, 0
3799,0, 4500, False, 0
3800,0, 4500, False, 0
3801,0, 4500, False, 0
3802,0, 4500, False, 0
3803,0, 4500, False, 0
3804,0, 4500, False, 0
3805,0, 4500, False, 0
3806,0, 4500, False, 0
3807,0, 4500, False, 5
3808,0, 4500, False, 5
3809,0, 4500, False, 5
3810,0, 4500, False, 5
3811,0, 4500, False, 5
3812,0, 4500, False, 5
3813,0, 4500, False, 5
3814,0, 4500, False, 5
3815,0, 4500, False, 5
3816,0, 4500, False, 5
3817,0, 4500, False, 0
3818,0, 4500, False, 0
3819,0, 4500, False, 0
3820,10, 4510, False, 0
3821,0, 4510, False, 0
3822,0, 4510, False, 0
3823,0, 4510, False, 0
3824,0, 4510, False, 0
3825,0, 4510, False, 0
3826,0, 4510, False, 0
3827,0, 4510, False, 0
3828,0, 4510, False, 0
3829,0, 4510, False, 0
3830,0, 4510, False, 0
3831,0, 4510, False, 0
3832,0, 4510, False, 0
3833,0, 4510, False, 0
3834,10, 4520, False, 0
3835,0, 4520, False, 0
3836,0, 4520, False, 0
3837,0, 4520, False, 0
3838,0, 4520, False, 0
3839,0, 4520, False, 0
3840,0, 4520, False, 0
3841,0, 4520, False, 0
3842,0, 4520, False, 0
3843,0, 4520, False, 0
3844,0, 4520, False, 0
3845,0, 4520, False, 0
3846,0, 4520, False, 0
3847,0, 4520, False, 0
3848,10, 4530, False, 0
3849,0, 4530, False, 0
3850,0, 4530, False, 0
3851,0, 4530, False, 0
3852,0, 4530, False, 0
3853,0, 4530, False, 0
3854,0, 4530, False, 3
3855,0, 4530, False, 3
3856,0, 4530, False, 3
3857,0, 4530, False, 3
3858,0, 4530, False, 3
3859,0, 4530, False, 3
3860,0, 4530, False, 3
3861,0, 4530, False, 3
3862,10, 4540, False, 3
3863,0, 4540, False, 0
3864,0, 4540, False, 0
3865,0, 4540, False, 0
3866,0, 4540, False, 0
3867,0, 4540, False, 0
3868,0, 4540, False, 0
3869,0, 4540, False, 0
3870,0, 4540, False, 0
3871,0, 4540, False, 0
3872,0, 4540, False, 0
3873,0, 4540, False, 0
3874,0, 4540, False, 0
3875,0, 4540, False, 0
3876,0, 4540, False, 0
3877,0, 4540, False, 0
3878,0, 4540, False, 0
3879,0, 4540, False, 0
3880,0, 4540, False, 2
3881,0, 4540, False, 2
3882,0, 4540, False, 2
3883,0, 4540, False, 2
3884,0, 4540, False, 2
3885,0, 4540, False, 2
3886,0, 4540, False, 2
3887,0, 4540, False, 0
3888,0, 4540, False, 0
3889,0, 4540, False, 0
3890,0, 4540, False, 0
3891,0, 4540, False, 0
3892,0, 4540, False, 0
3893,0, 4540, False, 0
3894,0, 4540, False, 0
3895,0, 4540, False, 3
3896,0, 4540, False, 3
3897,0, 4540, False, 3
3898,0, 4540, False, 3
3899,0, 4540, False, 3
3900,0, 4540, False, 3
3901,0, 4540, False, 3
3902,0, 4540, False, 3
3903,0, 4540, False, 3
3904,0, 4540, False, 3
3905,0, 4540, False, 0
3906,0, 4540, False, 0
3907,0, 4540, False, 0
3908,0, 4540, False, 0
3909,0, 4540, False, 0
3910,0, 4540, False, 0
3911,0, 4540, False, 0
3912,0, 4540, False, 0
3913,0, 4540, False, 0
3914,0, 4540, False, 0
3915,0, 4540, False, 0
3916,0, 4540, False, 0
3917,0, 4540, False, 0
3918,0, 4540, False, 0
3919,0, 4540, False, 0
3920,0, 4540, False, 0
3921,0, 4540, False, 0
3922,0, 4540, False, 0
3923,0, 4540, False, 0
3924,0, 4540, False, 0
3925,0, 4540, False, 0
3926,0, 4540, False, 0
3927,0, 4540, False, 5
3928,0, 4540, False, 5
3929,0, 4540, False, 5
3930,0, 4540, False, 5
3931,0, 4540, False, 5
3932,0, 4540, False, 5
3933,0, 4540, False, 5
3934,0, 4540, False, 5
3935,0, 4540, False, 5
3936,0, 4540, False, 0
3937,0, 4540, False, 0
3938,0, 4540, False, 0
3939,0, 4540, False, 0
3940,0, 4540, False, 0
3941,0, 4540, False, 0
3942,0, 4540, False, 0
3943,0, 4540, False, 0
3944,0, 4540, False, 0
3945,0, 4540, False, 0
3946,0, 4540, False, 3
3947,0, 4540, False, 3
3948,0, 4540, False, 3
3949,0, 4540, False, 3
3950,0, 4540, False, 3
3951,0, 4540, False, 3
3952,0, 4540, False, 3
3953,0, 4540, False, 0
3954,0, 4540, False, 0
3955,0, 4540, False, 0
3956,0, 4540, False, 0
3957,0, 4540, False, 0
3958,10, 4550, False, 0
3959,0, 4550, False, 0
3960,0, 4550, False, 0
3961,0, 4550, False, 0
3962,0, 4550, False, 0
3963,0, 4550, False, 0
3964,0, 4550, False, 0
3965,0, 4550, False, 0
3966,0, 4550, False, 0
3967,0, 4550, False, 0
3968,0, 4550, False, 0
3969,0, 4550, False, 0
3970,0, 4550, False, 0
3971,0, 4550, False, 0
3972,0, 4550, False, 0
3973,0, 4550, False, 0
3974,0, 4550, False, 0
3975,0, 4550, False, 0
3976,0, 4550, False, 0
3977,0, 4550, False, 0
3978,10, 4560, False, 0
3979,0, 4560, False, 0
3980,0, 4560, False, 0
3981,0, 4560, False, 0
3982,0, 4560, False, 0
3983,0, 4560, False, 0
3984,0, 4560, False, 0
3985,0, 4560, False, 0
3986,0, 4560, False, 0
3987,0, 4560, False, 0
3988,0, 4560, False, 0
3989,0, 4560, False, 0
3990,10, 4570, False, 0
3991,0, 4570, False, 0
3992,0, 4570, False, 0
3993,0, 4570, False, 0
3994,0, 4570, False, 0
3995,0, 4570, False, 0
3996,0, 4570, False, 0
3997,0, 4570, False, 0
3998,0, 4570, False, 0
3999,0, 4570, False, 0
4000,0, 4570, False, 0
4001,0, 4570, False, 0
4002,0, 4570, False, 5
4003,0, 4570, False, 5
4004,0, 4570, False, 5
4005,0, 4570, False, 5
4006,0, 4570, False, 5
4007,0, 4570, False, 0
4008,0, 4570, False, 0
4009,0, 4570, False, 0
4010,10, 4580, False, 0
4011,0, 4580, False, 0
4012,0, 4580, False, 0
4013,0, 4580, False, 0
4014,0, 4580, False, 0
4015,0, 4580, False, 0
4016,0, 4580, False, 0
4017,0, 4580, False, 0
4018,0, 4580, False, 0
4019,0, 4580, False, 0
4020,0, 4580, False, 0
4021,0, 4580, False, 0
4022,0, 4580, False, 0
4023,0, 4580, False, 0
4024,10, 4590, False, 0
4025,0, 4590, False, 0
4026,0, 4590, False, 0
4027,0, 4590, False, 0
4028,0, 4590, False, 0
4029,0, 4590, False, 0
4030,0, 4590, False, 0
4031,0, 4590, False, 0
4032,0, 4590, False, 0
4033,0, 4590, False, 0
4034,0, 4590, False, 0
4035,0, 4590, False, 0
4036,0, 4590, False, 0
4037,0, 4590, False, 0
4038,10, 4600, False, 0
4039,0, 4600, False, 4
4040,0, 4600, False, 4
4041,0, 4600, False, 4
4042,0, 4600, False, 4
4043,0, 4600, False, 4
4044,0, 4600, False, 4
4045,0, 4600, False, 0
4046,0, 4600, False, 0
4047,0, 4600, False, 0
4048,0, 4600, False, 0
4049,0, 4600, False, 0
4050,0, 4600, False, 0
4051,0, 4600, False, 0
4052,0, 4600, False, 0
4053,0, 4600, False, 0
4054,10, 4610, False, 0
4055,0, 4610, False, 3
4056,0, 4610, False, 3
4057,0, 4610, False, 3
4058,0, 4610, False, 3
4059,0, 4610, False, 3
4060,0, 4610, False, 3
4061,0, 4610, False, 3
4062,0, 4610, False, 3
4063,0, 4610, False, 3
4064,0, 4610, False, 3
4065,0, 4610, False, 3
4066,0, 4610, False, 3
4067,0, 4610, False, 3
4068,0, 4610, False, 3
4069,0, 4610, False, 3
4070,0, 4610, False, 3
4071,0, 4610, False, 3
4072,0, 4610, False, 0
4073,0, 4610, False, 0
4074,0, 4610, False, 0
4075,0, 4610, False, 0
4076,10, 4620, False, 0
4077,0, 4620, False, 0
4078,0, 4620, False, 0
4079,0, 4620, False, 0
4080,0, 4620, False, 0
4081,0, 4620, False, 0
4082,0, 4620, False, 0
4083,0, 4620, False, 0
4084,0, 4620, False, 0
4085,0, 4620, False, 0
4086,0, 4620, False, 0
4087,0, 4620, False, 0
4088,0, 4620, False, 0
4089,0, 4620, False, 0
4090,10, 4630, False, 0
4091,0, 4630, False, 0
4092,0, 4630, False, 0
4093,0, 4630, False, 0
4094,0, 4630, False, 0
4095,0, 4630, False, 0
4096,0, 4630, False, 0
4097,0, 4630, False, 0
4098,0, 4630, False, 0
4099,0, 4630, False, 0
4100,0, 4630, False, 0
4101,0, 4630, False, 0
4102,10, 4640, False, 0
4103,0, 4640, False, 0
4104,0, 4640, False, 0
4105,0, 4640, False, 0
4106,0, 4640, False, 0
4107,0, 4640, False, 0
4108,0, 4640, False, 0
4109,0, 4640, False, 0
4110,0, 4640, False, 0
4111,0, 4640, False, 0
4112,0, 4640, False, 2
4113,0, 4640, False, 2
4114,0, 4640, False, 2
4115,0, 4640, False, 2
4116,0, 4640, False, 2
4117,0, 4640, False, 2
4118,0, 4640, False, 0
4119,0, 4640, False, 0
4120,0, 4640, False, 0
4121,0, 4640, False, 0
4122,0, 4640, False, 0
4123,0, 4640, False, 0
4124,0, 4640, False, 0
4125,0, 4640, False, 0
4126,0, 4640, False, 0
4127,0, 4640, False, 0
4128,0, 4640, False, 0
4129,0, 4640, False, 0
4130,0, 4640, False, 0
4131,0, 4640, False, 0
4132,0, 4640, False, 0
4133,0, 4640, False, 0
4134,0, 4640, False, 0
4135,0, 4640, False, 0
4136,0, 4640, False, 0
4137,0, 4640, False, 0
4138,0, 4640, False, 0
4139,0, 4640, False, 0
4140,0, 4640, False, 0
4141,0, 4640, False, 0
4142,0, 4640, False, 0
4143,0, 4640, False, 0
4144,0, 4640, False, 0
4145,0, 4640, False, 0
4146,0, 4640, False, 4
4147,0, 4640, False, 4
4148,0, 4640, False, 4
4149,0, 4640, False, 4
4150,0, 4640, False, 4
4151,0, 4640, False, 4
4152,0, 4640, False, 4
4153,0, 4640, False, 4
4154,0, 4640, False, 0
4155,0, 4640, False, 0
4156,0, 4640, False, 0
4157,0, 4640, False, 0
4158,0, 4640, False, 0
4159,0, 4640, False, 0
4160,0, 4640, False, 0
4161,0, 4640, False, 0
4162,0, 4640, False, 0
4163,0, 4640, False, 0
4164,0, 4640, False, 0
4165,0, 4640, False, 0
4166,0, 4640, False, 0
4167,0, 4640, False, 0
4168,0, 4640, False, 0
4169,0, 4640, False, 0
4170,0, 4640, False, 0
4171,0, 4640, False, 0
4172,0, 4640, False, 0
4173,0, 4640, False, 0
4174,0, 4640, False, 0
4175,0, 4640, False, 0
4176,0, 4640, False, 0
4177,0, 4640, False, 0
4178,0, 4640, False, 0
4179,0, 4640, False, 0
4180,0, 4640, False, 0
4181,0, 4640, False, 0
4182,0, 4640, False, 0
4183,0, 4640, False, 0
4184,0, 4640, False, 0
4185,0, 4640, False, 0
4186,0, 4640, False, 0
4187,0, 4640, False, 0
4188,0, 4640, False, 0
4189,0, 4640, False, 0
4190,0, 4640, False, 0
4191,0, 4640, False, 0
4192,0, 4640, False, 0
4193,0, 4640, False, 2
4194,0, 4640, False, 2
4195,0, 4640, False, 0
4196,0, 4640, False, 0
4197,0, 4640, False, 0
4198,0, 4640, False, 0
4199,0, 4640, False, 0
4200,0, 4640, False, 0
4201,0, 4640, False, 0
4202,0, 4640, False, 0
4203,0, 4640, False, 2
4204,0, 4640, False, 2
4205,0, 4640, False, 0
4206,0, 4640, False, 0
4207,0, 4640, False, 0
4208,0, 4640, False, 0
4209,0, 4640, False, 0
4210,0, 4640, False, 0
4211,0, 4640, False, 0
4212,0, 4640, False, 2
4213,0, 4640, False, 2
4214,0, 4640, False, 2
4215,0, 4640, False, 0
4216,0, 4640, False, 0
4217,0, 4640, False, 0
4218,0, 4640, False, 0
4219,0, 4640, False, 0
4220,0, 4640, False, 0
4221,0, 4640, False, 0
4222,0, 4640, True, 2
