db traj id : 3874
frame,reward,score,terminal, action
0,0, 0, False, 0
1,0, 0, False, 0
2,0, 0, False, 0
3,0, 0, False, 0
4,0, 0, False, 0
5,0, 0, False, 0
6,0, 0, False, 0
7,0, 0, False, 0
8,0, 0, False, 0
9,0, 0, False, 0
10,0, 0, False, 0
11,0, 0, False, 0
12,0, 0, False, 0
13,0, 0, False, 0
14,0, 0, False, 0
15,0, 0, False, 0
16,0, 0, False, 0
17,0, 0, False, 0
18,0, 0, False, 0
19,0, 0, False, 0
20,0, 0, False, 0
21,0, 0, False, 0
22,0, 0, False, 0
23,0, 0, False, 0
24,0, 0, False, 0
25,0, 0, False, 0
26,0, 0, False, 0
27,0, 0, False, 0
28,0, 0, False, 0
29,0, 0, False, 0
30,0, 0, False, 0
31,0, 0, False, 0
32,0, 0, False, 0
33,0, 0, False, 0
34,0, 0, False, 0
35,0, 0, False, 0
36,0, 0, False, 0
37,0, 0, False, 0
38,0, 0, False, 0
39,0, 0, False, 0
40,0, 0, False, 0
41,0, 0, False, 0
42,0, 0, False, 0
43,0, 0, False, 0
44,0, 0, False, 0
45,0, 0, False, 0
46,0, 0, False, 0
47,0, 0, False, 0
48,0, 0, False, 0
49,0, 0, False, 0
50,0, 0, False, 0
51,0, 0, False, 0
52,0, 0, False, 0
53,0, 0, False, 0
54,0, 0, False, 0
55,0, 0, False, 0
56,0, 0, False, 0
57,0, 0, False, 0
58,0, 0, False, 0
59,0, 0, False, 0
60,0, 0, False, 0
61,0, 0, False, 0
62,0, 0, False, 0
63,0, 0, False, 0
64,0, 0, False, 0
65,0, 0, False, 0
66,0, 0, False, 0
67,0, 0, False, 0
68,0, 0, False, 0
69,0, 0, False, 0
70,0, 0, False, 0
71,0, 0, False, 0
72,0, 0, False, 0
73,0, 0, False, 0
74,0, 0, False, 0
75,0, 0, False, 0
76,0, 0, False, 0
77,0, 0, False, 0
78,0, 0, False, 0
79,0, 0, False, 0
80,0, 0, False, 0
81,0, 0, False, 0
82,0, 0, False, 0
83,0, 0, False, 0
84,0, 0, False, 0
85,0, 0, False, 0
86,0, 0, False, 0
87,0, 0, False, 0
88,0, 0, False, 0
89,0, 0, False, 0
90,0, 0, False, 0
91,0, 0, False, 0
92,0, 0, False, 0
93,0, 0, False, 0
94,0, 0, False, 0
95,0, 0, False, 0
96,0, 0, False, 0
97,0, 0, False, 0
98,0, 0, False, 0
99,0, 0, False, 0
100,0, 0, False, 0
101,0, 0, False, 0
102,0, 0, False, 0
103,0, 0, False, 0
104,0, 0, False, 0
105,0, 0, False, 0
106,0, 0, False, 0
107,0, 0, False, 0
108,0, 0, False, 0
109,0, 0, False, 0
110,0, 0, False, 0
111,0, 0, False, 0
112,0, 0, False, 0
113,0, 0, False, 0
114,0, 0, False, 0
115,0, 0, False, 0
116,0, 0, False, 0
117,0, 0, False, 0
118,0, 0, False, 0
119,0, 0, False, 0
120,0, 0, False, 0
121,0, 0, False, 0
122,0, 0, False, 0
123,0, 0, False, 0
124,0, 0, False, 0
125,0, 0, False, 0
126,0, 0, False, 0
127,0, 0, False, 0
128,0, 0, False, 0
129,0, 0, False, 0
130,0, 0, False, 0
131,0, 0, False, 0
132,0, 0, False, 0
133,0, 0, False, 0
134,0, 0, False, 0
135,0, 0, False, 0
136,0, 0, False, 0
137,0, 0, False, 0
138,0, 0, False, 0
139,0, 0, False, 0
140,0, 0, False, 0
141,0, 0, False, 0
142,0, 0, False, 0
143,0, 0, False, 0
144,0, 0, False, 0
145,0, 0, False, 0
146,0, 0, False, 0
147,0, 0, False, 0
148,0, 0, False, 0
149,0, 0, False, 0
150,0, 0, False, 0
151,0, 0, False, 0
152,0, 0, False, 0
153,0, 0, False, 0
154,0, 0, False, 0
155,0, 0, False, 0
156,0, 0, False, 0
157,0, 0, False, 0
158,0, 0, False, 0
159,0, 0, False, 0
160,0, 0, False, 0
161,0, 0, False, 0
162,0, 0, False, 0
163,0, 0, False, 0
164,0, 0, False, 0
165,0, 0, False, 0
166,0, 0, False, 0
167,0, 0, False, 0
168,0, 0, False, 0
169,0, 0, False, 0
170,0, 0, False, 0
171,0, 0, False, 0
172,0, 0, False, 0
173,0, 0, False, 0
174,0, 0, False, 0
175,0, 0, False, 0
176,0, 0, False, 0
177,0, 0, False, 0
178,0, 0, False, 0
179,0, 0, False, 0
180,0, 0, False, 0
181,0, 0, False, 0
182,0, 0, False, 0
183,0, 0, False, 0
184,0, 0, False, 0
185,0, 0, False, 0
186,0, 0, False, 0
187,0, 0, False, 0
188,0, 0, False, 0
189,0, 0, False, 0
190,0, 0, False, 0
191,0, 0, False, 0
192,0, 0, False, 0
193,0, 0, False, 0
194,0, 0, False, 0
195,0, 0, False, 0
196,0, 0, False, 0
197,0, 0, False, 0
198,0, 0, False, 0
199,0, 0, False, 0
200,0, 0, False, 0
201,0, 0, False, 0
202,0, 0, False, 0
203,0, 0, False, 0
204,0, 0, False, 0
205,0, 0, False, 0
206,0, 0, False, 0
207,0, 0, False, 0
208,0, 0, False, 0
209,0, 0, False, 0
210,0, 0, False, 0
211,0, 0, False, 0
212,0, 0, False, 0
213,0, 0, False, 0
214,0, 0, False, 0
215,0, 0, False, 0
216,0, 0, False, 0
217,0, 0, False, 0
218,0, 0, False, 0
219,0, 0, False, 0
220,0, 0, False, 0
221,0, 0, False, 0
222,0, 0, False, 0
223,0, 0, False, 0
224,0, 0, False, 0
225,0, 0, False, 0
226,0, 0, False, 0
227,0, 0, False, 0
228,0, 0, False, 0
229,0, 0, False, 0
230,0, 0, False, 0
231,0, 0, False, 0
232,0, 0, False, 0
233,0, 0, False, 0
234,0, 0, False, 0
235,0, 0, False, 0
236,0, 0, False, 0
237,0, 0, False, 0
238,0, 0, False, 0
239,0, 0, False, 0
240,0, 0, False, 0
241,0, 0, False, 0
242,0, 0, False, 0
243,0, 0, False, 0
244,0, 0, False, 0
245,0, 0, False, 0
246,0, 0, False, 0
247,0, 0, False, 0
248,0, 0, False, 0
249,0, 0, False, 0
250,0, 0, False, 0
251,0, 0, False, 0
252,0, 0, False, 0
253,0, 0, False, 0
254,0, 0, False, 0
255,0, 0, False, 0
256,0, 0, False, 0
257,0, 0, False, 0
258,0, 0, False, 0
259,0, 0, False, 0
260,0, 0, False, 0
261,0, 0, False, 0
262,0, 0, False, 0
263,0, 0, False, 0
264,0, 0, False, 0
265,0, 0, False, 0
266,0, 0, False, 0
267,0, 0, False, 0
268,0, 0, False, 0
269,0, 0, False, 0
270,0, 0, False, 0
271,0, 0, False, 0
272,0, 0, False, 0
273,0, 0, False, 0
274,0, 0, False, 0
275,10, 10, False, 0
276,0, 10, False, 0
277,0, 10, False, 0
278,0, 10, False, 0
279,0, 10, False, 4
280,0, 10, False, 4
281,0, 10, False, 4
282,0, 10, False, 4
283,0, 10, False, 4
284,0, 10, False, 4
285,0, 10, False, 4
286,0, 10, False, 4
287,0, 10, False, 0
288,0, 10, False, 0
289,10, 20, False, 0
290,0, 20, False, 0
291,0, 20, False, 0
292,0, 20, False, 0
293,0, 20, False, 0
294,0, 20, False, 0
295,0, 20, False, 0
296,0, 20, False, 0
297,0, 20, False, 0
298,0, 20, False, 0
299,0, 20, False, 0
300,0, 20, False, 0
301,0, 20, False, 0
302,0, 20, False, 0
303,10, 30, False, 0
304,0, 30, False, 0
305,0, 30, False, 0
306,0, 30, False, 0
307,0, 30, False, 0
308,0, 30, False, 0
309,0, 30, False, 0
310,0, 30, False, 0
311,0, 30, False, 0
312,0, 30, False, 0
313,0, 30, False, 5
314,0, 30, False, 5
315,10, 40, False, 5
316,0, 40, False, 5
317,0, 40, False, 5
318,0, 40, False, 5
319,0, 40, False, 5
320,0, 40, False, 5
321,0, 40, False, 5
322,0, 40, False, 0
323,0, 40, False, 0
324,0, 40, False, 0
325,0, 40, False, 0
326,0, 40, False, 0
327,10, 50, False, 0
328,0, 50, False, 0
329,0, 50, False, 0
330,0, 50, False, 0
331,0, 50, False, 0
332,0, 50, False, 0
333,0, 50, False, 0
334,0, 50, False, 0
335,0, 50, False, 0
336,0, 50, False, 0
337,0, 50, False, 0
338,0, 50, False, 0
339,0, 50, False, 0
340,0, 50, False, 0
341,10, 60, False, 0
342,0, 60, False, 0
343,0, 60, False, 0
344,0, 60, False, 0
345,0, 60, False, 0
346,0, 60, False, 0
347,0, 60, False, 0
348,0, 60, False, 0
349,0, 60, False, 0
350,0, 60, False, 0
351,0, 60, False, 0
352,0, 60, False, 0
353,0, 60, False, 3
354,0, 60, False, 3
355,10, 70, False, 3
356,0, 70, False, 3
357,0, 70, False, 3
358,0, 70, False, 3
359,0, 70, False, 3
360,0, 70, False, 3
361,0, 70, False, 3
362,0, 70, False, 3
363,0, 70, False, 3
364,0, 70, False, 0
365,0, 70, False, 0
366,0, 70, False, 0
367,0, 70, False, 0
368,0, 70, False, 0
369,10, 80, False, 0
370,0, 80, False, 0
371,0, 80, False, 0
372,0, 80, False, 0
373,0, 80, False, 0
374,0, 80, False, 0
375,0, 80, False, 0
376,0, 80, False, 0
377,0, 80, False, 0
378,0, 80, False, 0
379,0, 80, False, 0
380,0, 80, False, 0
381,0, 80, False, 0
382,0, 80, False, 0
383,10, 90, False, 0
384,0, 90, False, 0
385,0, 90, False, 5
386,0, 90, False, 5
387,0, 90, False, 5
388,0, 90, False, 5
389,0, 90, False, 5
390,0, 90, False, 5
391,0, 90, False, 5
392,0, 90, False, 5
393,0, 90, False, 5
394,0, 90, False, 5
395,10, 100, False, 0
396,0, 100, False, 0
397,0, 100, False, 0
398,0, 100, False, 0
399,0, 100, False, 0
400,0, 100, False, 0
401,0, 100, False, 0
402,0, 100, False, 0
403,0, 100, False, 0
404,0, 100, False, 0
405,0, 100, False, 4
406,0, 100, False, 4
407,0, 100, False, 4
408,0, 100, False, 4
409,10, 110, False, 4
410,0, 110, False, 4
411,0, 110, False, 4
412,0, 110, False, 4
413,0, 110, False, 4
414,0, 110, False, 4
415,0, 110, False, 0
416,0, 110, False, 0
417,0, 110, False, 0
418,0, 110, False, 0
419,0, 110, False, 0
420,0, 110, False, 0
421,0, 110, False, 0
422,0, 110, False, 0
423,0, 110, False, 0
424,0, 110, False, 0
425,0, 110, False, 0
426,0, 110, False, 0
427,0, 110, False, 0
428,0, 110, False, 0
429,0, 110, False, 0
430,0, 110, False, 0
431,0, 110, False, 0
432,0, 110, False, 0
433,0, 110, False, 0
434,0, 110, False, 4
435,0, 110, False, 4
436,0, 110, False, 4
437,0, 110, False, 4
438,0, 110, False, 4
439,0, 110, False, 4
440,0, 110, False, 4
441,0, 110, False, 4
442,0, 110, False, 4
443,10, 120, False, 0
444,0, 120, False, 0
445,0, 120, False, 0
446,0, 120, False, 0
447,0, 120, False, 0
448,0, 120, False, 0
449,0, 120, False, 0
450,0, 120, False, 0
451,0, 120, False, 0
452,0, 120, False, 0
453,0, 120, False, 0
454,0, 120, False, 0
455,10, 130, False, 0
456,0, 130, False, 0
457,0, 130, False, 0
458,0, 130, False, 0
459,0, 130, False, 0
460,0, 130, False, 0
461,0, 130, False, 0
462,0, 130, False, 0
463,0, 130, False, 0
464,0, 130, False, 0
465,0, 130, False, 0
466,0, 130, False, 0
467,0, 130, False, 0
468,0, 130, False, 0
469,10, 140, False, 0
470,0, 140, False, 2
471,0, 140, False, 2
472,0, 140, False, 2
473,0, 140, False, 2
474,0, 140, False, 2
475,0, 140, False, 2
476,0, 140, False, 2
477,0, 140, False, 2
478,0, 140, False, 2
479,0, 140, False, 2
480,0, 140, False, 2
481,0, 140, False, 0
482,0, 140, False, 0
483,10, 150, False, 0
484,0, 150, False, 0
485,0, 150, False, 0
486,0, 150, False, 0
487,0, 150, False, 0
488,0, 150, False, 0
489,0, 150, False, 0
490,0, 150, False, 0
491,0, 150, False, 0
492,0, 150, False, 0
493,0, 150, False, 0
494,0, 150, False, 0
495,10, 160, False, 0
496,0, 160, False, 0
497,0, 160, False, 0
498,0, 160, False, 0
499,0, 160, False, 0
500,0, 160, False, 0
501,0, 160, False, 0
502,0, 160, False, 0
503,0, 160, False, 0
504,0, 160, False, 0
505,0, 160, False, 0
506,0, 160, False, 0
507,0, 160, False, 0
508,0, 160, False, 0
509,10, 170, False, 0
510,0, 170, False, 0
511,0, 170, False, 0
512,0, 170, False, 0
513,0, 170, False, 0
514,0, 170, False, 0
515,0, 170, False, 2
516,0, 170, False, 2
517,0, 170, False, 2
518,0, 170, False, 2
519,0, 170, False, 2
520,0, 170, False, 2
521,0, 170, False, 2
522,0, 170, False, 2
523,10, 180, False, 2
524,0, 180, False, 2
525,0, 180, False, 0
526,0, 180, False, 0
527,0, 180, False, 0
528,0, 180, False, 0
529,0, 180, False, 0
530,0, 180, False, 0
531,0, 180, False, 0
532,0, 180, False, 0
533,0, 180, False, 0
534,0, 180, False, 0
535,50, 230, False, 0
536,0, 230, False, 0
537,0, 230, False, 0
538,0, 230, False, 0
539,0, 230, False, 0
540,0, 230, False, 0
541,0, 230, False, 0
542,0, 230, False, 0
543,0, 230, False, 0
544,0, 230, False, 0
545,0, 230, False, 0
546,0, 230, False, 0
547,0, 230, False, 0
548,0, 230, False, 0
549,10, 240, False, 0
550,0, 240, False, 0
551,0, 240, False, 0
552,0, 240, False, 0
553,0, 240, False, 0
554,0, 240, False, 0
555,0, 240, False, 0
556,0, 240, False, 0
557,0, 240, False, 3
558,0, 240, False, 3
559,0, 240, False, 3
560,0, 240, False, 3
561,0, 240, False, 3
562,0, 240, False, 3
563,10, 250, False, 3
564,0, 250, False, 3
565,0, 250, False, 3
566,0, 250, False, 0
567,0, 250, False, 0
568,0, 250, False, 0
569,0, 250, False, 0
570,0, 250, False, 0
571,0, 250, False, 0
572,0, 250, False, 0
573,0, 250, False, 0
574,0, 250, False, 0
575,10, 260, False, 0
576,0, 260, False, 0
577,0, 260, False, 0
578,0, 260, False, 0
579,0, 260, False, 0
580,0, 260, False, 0
581,0, 260, False, 0
582,0, 260, False, 0
583,0, 260, False, 0
584,0, 260, False, 0
585,0, 260, False, 0
586,0, 260, False, 0
587,10, 270, False, 0
588,0, 270, False, 0
589,0, 270, False, 0
590,0, 270, False, 0
591,0, 270, False, 0
592,0, 270, False, 0
593,0, 270, False, 0
594,0, 270, False, 0
595,0, 270, False, 0
596,0, 270, False, 0
597,0, 270, False, 0
598,0, 270, False, 0
599,0, 270, False, 0
600,0, 270, False, 5
601,10, 280, False, 5
602,0, 280, False, 5
603,0, 280, False, 5
604,0, 280, False, 5
605,0, 280, False, 5
606,0, 280, False, 5
607,0, 280, False, 5
608,0, 280, False, 5
609,0, 280, False, 5
610,0, 280, False, 5
611,0, 280, False, 5
612,0, 280, False, 0
613,0, 280, False, 0
614,0, 280, False, 0
615,10, 290, False, 0
616,0, 290, False, 0
617,0, 290, False, 0
618,0, 290, False, 0
619,0, 290, False, 0
620,0, 290, False, 0
621,0, 290, False, 0
622,0, 290, False, 0
623,0, 290, False, 0
624,0, 290, False, 0
625,0, 290, False, 0
626,0, 290, False, 0
627,0, 290, False, 0
628,0, 290, False, 2
629,0, 290, False, 2
630,0, 290, False, 2
631,0, 290, False, 2
632,0, 290, False, 2
633,0, 290, False, 2
634,0, 290, False, 2
635,0, 290, False, 2
636,0, 290, False, 2
637,0, 290, False, 2
638,0, 290, False, 2
639,0, 290, False, 2
640,0, 290, False, 2
641,0, 290, False, 0
642,0, 290, False, 0
643,0, 290, False, 0
644,0, 290, False, 0
645,0, 290, False, 0
646,0, 290, False, 0
647,0, 290, False, 0
648,0, 290, False, 0
649,0, 290, False, 0
650,0, 290, False, 0
651,0, 290, False, 0
652,0, 290, False, 0
653,0, 290, False, 0
654,0, 290, False, 0
655,0, 290, False, 0
656,0, 290, False, 0
657,0, 290, False, 0
658,0, 290, False, 0
659,10, 300, False, 0
660,0, 300, False, 0
661,0, 300, False, 0
662,0, 300, False, 0
663,0, 300, False, 0
664,0, 300, False, 0
665,0, 300, False, 0
666,0, 300, False, 0
667,0, 300, False, 0
668,0, 300, False, 3
669,0, 300, False, 3
670,0, 300, False, 3
671,0, 300, False, 3
672,0, 300, False, 3
673,10, 310, False, 3
674,0, 310, False, 3
675,0, 310, False, 3
676,0, 310, False, 3
677,0, 310, False, 3
678,0, 310, False, 0
679,0, 310, False, 0
680,0, 310, False, 0
681,0, 310, False, 0
682,0, 310, False, 0
683,10, 320, False, 0
684,0, 320, False, 0
685,0, 320, False, 0
686,0, 320, False, 0
687,0, 320, False, 4
688,0, 320, False, 4
689,0, 320, False, 4
690,0, 320, False, 4
691,0, 320, False, 4
692,0, 320, False, 4
693,0, 320, False, 4
694,0, 320, False, 4
695,0, 320, False, 4
696,0, 320, False, 0
697,0, 320, False, 0
698,0, 320, False, 0
699,0, 320, False, 0
700,0, 320, False, 0
701,0, 320, False, 0
702,0, 320, False, 0
703,0, 320, False, 0
704,0, 320, False, 0
705,0, 320, False, 5
706,0, 320, False, 5
707,0, 320, False, 5
708,0, 320, False, 5
709,0, 320, False, 5
710,0, 320, False, 5
711,0, 320, False, 5
712,0, 320, False, 5
713,0, 320, False, 5
714,0, 320, False, 0
715,0, 320, False, 0
716,0, 320, False, 0
717,0, 320, False, 0
718,0, 320, False, 0
719,0, 320, False, 0
720,0, 320, False, 0
721,0, 320, False, 0
722,0, 320, False, 0
723,0, 320, False, 0
724,0, 320, False, 0
725,0, 320, False, 0
726,0, 320, False, 0
727,0, 320, False, 0
728,0, 320, False, 0
729,0, 320, False, 0
730,0, 320, False, 0
731,0, 320, False, 0
732,0, 320, False, 0
733,0, 320, False, 0
734,0, 320, False, 0
735,0, 320, False, 0
736,0, 320, False, 0
737,0, 320, False, 0
738,0, 320, False, 0
739,0, 320, False, 0
740,0, 320, False, 0
741,0, 320, False, 0
742,0, 320, False, 0
743,0, 320, False, 0
744,0, 320, False, 0
745,0, 320, False, 0
746,0, 320, False, 0
747,0, 320, False, 0
748,0, 320, False, 0
749,10, 330, False, 0
750,0, 330, False, 0
751,0, 330, False, 0
752,0, 330, False, 0
753,0, 330, False, 0
754,0, 330, False, 0
755,0, 330, False, 0
756,0, 330, False, 0
757,0, 330, False, 0
758,0, 330, False, 4
759,0, 330, False, 4
760,0, 330, False, 4
761,0, 330, False, 4
762,0, 330, False, 4
763,0, 330, False, 4
764,0, 330, False, 4
765,0, 330, False, 4
766,0, 330, False, 4
767,0, 330, False, 0
768,0, 330, False, 0
769,0, 330, False, 0
770,0, 330, False, 0
771,0, 330, False, 0
772,0, 330, False, 0
773,0, 330, False, 0
774,0, 330, False, 0
775,0, 330, False, 0
776,0, 330, False, 0
777,0, 330, False, 0
778,0, 330, False, 0
779,0, 330, False, 0
780,0, 330, False, 0
781,0, 330, False, 0
782,0, 330, False, 0
783,0, 330, False, 0
784,0, 330, False, 0
785,0, 330, False, 0
786,0, 330, False, 0
787,0, 330, False, 4
788,0, 330, False, 4
789,0, 330, False, 4
790,0, 330, False, 4
791,0, 330, False, 4
792,0, 330, False, 4
793,0, 330, False, 4
794,0, 330, False, 4
795,0, 330, False, 4
796,0, 330, False, 4
797,0, 330, False, 0
798,0, 330, False, 0
799,0, 330, False, 0
800,0, 330, False, 0
801,0, 330, False, 0
802,0, 330, False, 0
803,0, 330, False, 0
804,0, 330, False, 0
805,0, 330, False, 0
806,0, 330, False, 0
807,0, 330, False, 0
808,0, 330, False, 0
809,0, 330, False, 0
810,0, 330, False, 0
811,0, 330, False, 0
812,0, 330, False, 0
813,0, 330, False, 0
814,0, 330, False, 0
815,0, 330, False, 0
816,0, 330, False, 0
817,0, 330, False, 0
818,0, 330, False, 0
819,0, 330, False, 0
820,0, 330, False, 0
821,0, 330, False, 0
822,0, 330, False, 0
823,0, 330, False, 0
824,0, 330, False, 0
825,0, 330, False, 2
826,0, 330, False, 2
827,0, 330, False, 2
828,0, 330, False, 2
829,0, 330, False, 2
830,0, 330, False, 2
831,0, 330, False, 2
832,0, 330, False, 2
833,0, 330, False, 2
834,0, 330, False, 2
835,0, 330, False, 0
836,0, 330, False, 0
837,0, 330, False, 0
838,0, 330, False, 0
839,0, 330, False, 0
840,0, 330, False, 0
841,0, 330, False, 0
842,0, 330, False, 0
843,0, 330, False, 0
844,0, 330, False, 0
845,0, 330, False, 0
846,0, 330, False, 0
847,0, 330, False, 0
848,0, 330, False, 0
849,0, 330, False, 0
850,0, 330, False, 0
851,0, 330, False, 0
852,0, 330, False, 0
853,0, 330, False, 3
854,0, 330, False, 3
855,0, 330, False, 3
856,0, 330, False, 3
857,0, 330, False, 3
858,0, 330, False, 3
859,0, 330, False, 3
860,0, 330, False, 3
861,0, 330, False, 3
862,0, 330, False, 0
863,0, 330, False, 0
864,0, 330, False, 0
865,0, 330, False, 0
866,0, 330, False, 0
867,0, 330, False, 2
868,0, 330, False, 2
869,0, 330, False, 2
870,0, 330, False, 2
871,0, 330, False, 2
872,0, 330, False, 2
873,0, 330, False, 2
874,0, 330, False, 2
875,0, 330, False, 2
876,0, 330, False, 2
877,0, 330, False, 0
878,0, 330, False, 0
879,0, 330, False, 0
880,0, 330, False, 0
881,0, 330, False, 0
882,0, 330, False, 0
883,0, 330, False, 0
884,0, 330, False, 0
885,0, 330, False, 3
886,0, 330, False, 3
887,0, 330, False, 3
888,0, 330, False, 3
889,0, 330, False, 3
890,0, 330, False, 3
891,0, 330, False, 3
892,0, 330, False, 3
893,0, 330, False, 3
894,0, 330, False, 3
895,0, 330, False, 0
896,0, 330, False, 0
897,0, 330, False, 0
898,0, 330, False, 2
899,0, 330, False, 2
900,0, 330, False, 2
901,0, 330, False, 2
902,0, 330, False, 2
903,0, 330, False, 2
904,0, 330, False, 2
905,0, 330, False, 2
906,0, 330, False, 2
907,0, 330, False, 2
908,0, 330, False, 2
909,0, 330, False, 2
910,0, 330, False, 2
911,0, 330, False, 0
912,0, 330, False, 0
913,0, 330, False, 0
914,0, 330, False, 0
915,0, 330, False, 0
916,0, 330, False, 0
917,0, 330, False, 0
918,0, 330, False, 0
919,0, 330, False, 0
920,0, 330, False, 0
921,0, 330, False, 0
922,0, 330, False, 0
923,0, 330, False, 4
924,0, 330, False, 4
925,0, 330, False, 4
926,0, 330, False, 4
927,0, 330, False, 4
928,0, 330, False, 4
929,0, 330, False, 4
930,0, 330, False, 4
931,0, 330, False, 0
932,0, 330, False, 0
933,0, 330, False, 0
934,0, 330, False, 0
935,0, 330, False, 0
936,0, 330, False, 0
937,0, 330, False, 2
938,0, 330, False, 2
939,0, 330, False, 2
940,0, 330, False, 2
941,0, 330, False, 2
942,0, 330, False, 2
943,0, 330, False, 2
944,0, 330, False, 2
945,0, 330, False, 2
946,0, 330, False, 2
947,0, 330, False, 2
948,0, 330, False, 0
949,0, 330, False, 0
950,0, 330, False, 0
951,0, 330, False, 0
952,0, 330, False, 0
953,0, 330, False, 0
954,0, 330, False, 0
955,0, 330, False, 0
956,0, 330, False, 0
957,10, 340, False, 0
958,0, 340, False, 0
959,0, 340, False, 0
960,0, 340, False, 0
961,0, 340, False, 0
962,0, 340, False, 0
963,0, 340, False, 0
964,0, 340, False, 0
965,0, 340, False, 0
966,0, 340, False, 0
967,0, 340, False, 0
968,0, 340, False, 0
969,0, 340, False, 0
970,0, 340, False, 0
971,10, 350, False, 0
972,0, 350, False, 0
973,0, 350, False, 0
974,0, 350, False, 0
975,0, 350, False, 0
976,0, 350, False, 0
977,0, 350, False, 0
978,0, 350, False, 0
979,0, 350, False, 0
980,0, 350, False, 0
981,0, 350, False, 0
982,0, 350, False, 0
983,0, 350, False, 0
984,0, 350, False, 0
985,10, 360, False, 0
986,0, 360, False, 0
987,0, 360, False, 0
988,0, 360, False, 0
989,0, 360, False, 0
990,0, 360, False, 0
991,0, 360, False, 0
992,0, 360, False, 0
993,0, 360, False, 0
994,0, 360, False, 0
995,0, 360, False, 0
996,0, 360, False, 0
997,0, 360, False, 0
998,0, 360, False, 0
999,10, 370, False, 0
1000,0, 370, False, 0
1001,0, 370, False, 0
1002,0, 370, False, 0
1003,0, 370, False, 0
1004,0, 370, False, 0
1005,0, 370, False, 0
1006,0, 370, False, 0
1007,0, 370, False, 0
1008,0, 370, False, 0
1009,0, 370, False, 0
1010,0, 370, False, 0
1011,0, 370, False, 0
1012,0, 370, False, 0
1013,10, 380, False, 0
1014,0, 380, False, 0
1015,0, 380, False, 0
1016,0, 380, False, 0
1017,0, 380, False, 0
1018,0, 380, False, 0
1019,0, 380, False, 0
1020,0, 380, False, 0
1021,0, 380, False, 0
1022,0, 380, False, 0
1023,0, 380, False, 0
1024,0, 380, False, 0
1025,0, 380, False, 0
1026,0, 380, False, 0
1027,10, 390, False, 0
1028,0, 390, False, 0
1029,0, 390, False, 0
1030,0, 390, False, 0
1031,0, 390, False, 0
1032,0, 390, False, 0
1033,0, 390, False, 0
1034,0, 390, False, 0
1035,0, 390, False, 0
1036,0, 390, False, 0
1037,0, 390, False, 0
1038,0, 390, False, 0
1039,0, 390, False, 0
1040,0, 390, False, 0
1041,10, 400, False, 0
1042,0, 400, False, 0
1043,0, 400, False, 0
1044,0, 400, False, 0
1045,0, 400, False, 0
1046,0, 400, False, 4
1047,0, 400, False, 4
1048,0, 400, False, 4
1049,0, 400, False, 4
1050,0, 400, False, 4
1051,0, 400, False, 4
1052,0, 400, False, 4
1053,0, 400, False, 4
1054,0, 400, False, 4
1055,10, 410, False, 0
1056,0, 410, False, 0
1057,0, 410, False, 0
1058,0, 410, False, 2
1059,0, 410, False, 2
1060,0, 410, False, 2
1061,0, 410, False, 2
1062,0, 410, False, 2
1063,0, 410, False, 2
1064,0, 410, False, 2
1065,0, 410, False, 2
1066,0, 410, False, 2
1067,0, 410, False, 2
1068,0, 410, False, 2
1069,0, 410, False, 2
1070,0, 410, False, 2
1071,0, 410, False, 0
1072,0, 410, False, 0
1073,0, 410, False, 0
1074,0, 410, False, 0
1075,0, 410, False, 0
1076,0, 410, False, 4
1077,0, 410, False, 4
1078,0, 410, False, 4
1079,0, 410, False, 4
1080,0, 410, False, 4
1081,0, 410, False, 4
1082,0, 410, False, 4
1083,0, 410, False, 4
1084,0, 410, False, 4
1085,10, 420, False, 4
1086,0, 420, False, 4
1087,0, 420, False, 0
1088,0, 420, False, 0
1089,0, 420, False, 0
1090,0, 420, False, 0
1091,0, 420, False, 0
1092,0, 420, False, 0
1093,0, 420, False, 0
1094,0, 420, False, 2
1095,0, 420, False, 2
1096,0, 420, False, 2
1097,0, 420, False, 2
1098,0, 420, False, 2
1099,0, 420, False, 2
1100,0, 420, False, 2
1101,0, 420, False, 2
1102,0, 420, False, 2
1103,0, 420, False, 2
1104,0, 420, False, 2
1105,50, 470, False, 2
1106,0, 470, False, 2
1107,0, 470, False, 2
1108,0, 470, False, 0
1109,0, 470, False, 0
1110,0, 470, False, 0
1111,0, 470, False, 0
1112,0, 470, False, 0
1113,0, 470, False, 0
1114,0, 470, False, 0
1115,0, 470, False, 0
1116,0, 470, False, 0
1117,10, 480, False, 0
1118,0, 480, False, 0
1119,0, 480, False, 0
1120,0, 480, False, 0
1121,0, 480, False, 0
1122,0, 480, False, 0
1123,0, 480, False, 0
1124,0, 480, False, 0
1125,0, 480, False, 0
1126,0, 480, False, 3
1127,0, 480, False, 3
1128,0, 480, False, 3
1129,0, 480, False, 3
1130,0, 480, False, 3
1131,0, 480, False, 3
1132,0, 480, False, 3
1133,10, 490, False, 3
1134,0, 490, False, 3
1135,0, 490, False, 3
1136,0, 490, False, 3
1137,0, 490, False, 3
1138,0, 490, False, 3
1139,0, 490, False, 0
1140,0, 490, False, 0
1141,0, 490, False, 0
1142,0, 490, False, 0
1143,0, 490, False, 0
1144,0, 490, False, 0
1145,0, 490, False, 0
1146,0, 490, False, 0
1147,10, 500, False, 0
1148,0, 500, False, 0
1149,0, 500, False, 0
1150,0, 500, False, 0
1151,0, 500, False, 0
1152,0, 500, False, 0
1153,0, 500, False, 0
1154,0, 500, False, 0
1155,0, 500, False, 0
1156,0, 500, False, 0
1157,0, 500, False, 0
1158,0, 500, False, 0
1159,10, 510, False, 5
1160,0, 510, False, 5
1161,0, 510, False, 5
1162,0, 510, False, 5
1163,0, 510, False, 5
1164,0, 510, False, 5
1165,0, 510, False, 5
1166,0, 510, False, 5
1167,0, 510, False, 5
1168,0, 510, False, 5
1169,0, 510, False, 5
1170,0, 510, False, 0
1171,0, 510, False, 0
1172,0, 510, False, 0
1173,10, 520, False, 0
1174,0, 520, False, 0
1175,0, 520, False, 0
1176,0, 520, False, 0
1177,0, 520, False, 0
1178,0, 520, False, 0
1179,0, 520, False, 0
1180,0, 520, False, 0
1181,0, 520, False, 0
1182,0, 520, False, 0
1183,0, 520, False, 0
1184,0, 520, False, 0
1185,0, 520, False, 0
1186,0, 520, False, 0
1187,10, 530, False, 0
1188,0, 530, False, 0
1189,0, 530, False, 0
1190,0, 530, False, 0
1191,0, 530, False, 0
1192,0, 530, False, 0
1193,0, 530, False, 0
1194,0, 530, False, 0
1195,0, 530, False, 0
1196,0, 530, False, 0
1197,0, 530, False, 0
1198,0, 530, False, 0
1199,0, 530, False, 0
1200,0, 530, False, 0
1201,10, 540, False, 0
1202,0, 540, False, 0
1203,0, 540, False, 0
1204,0, 540, False, 0
1205,0, 540, False, 0
1206,0, 540, False, 0
1207,0, 540, False, 3
1208,0, 540, False, 3
1209,0, 540, False, 3
1210,0, 540, False, 3
1211,0, 540, False, 3
1212,0, 540, False, 3
1213,0, 540, False, 3
1214,0, 540, False, 3
1215,10, 550, False, 3
1216,0, 550, False, 3
1217,0, 550, False, 0
1218,0, 550, False, 0
1219,0, 550, False, 0
1220,0, 550, False, 0
1221,0, 550, False, 0
1222,0, 550, False, 0
1223,0, 550, False, 0
1224,0, 550, False, 0
1225,0, 550, False, 0
1226,0, 550, False, 0
1227,0, 550, False, 0
1228,0, 550, False, 0
1229,0, 550, False, 0
1230,0, 550, False, 0
1231,0, 550, False, 0
1232,0, 550, False, 0
1233,0, 550, False, 0
1234,0, 550, False, 3
1235,0, 550, False, 3
1236,0, 550, False, 3
1237,0, 550, False, 3
1238,0, 550, False, 3
1239,0, 550, False, 3
1240,0, 550, False, 3
1241,10, 560, False, 3
1242,0, 560, False, 3
1243,0, 560, False, 3
1244,0, 560, False, 3
1245,0, 560, False, 0
1246,0, 560, False, 0
1247,0, 560, False, 0
1248,0, 560, False, 0
1249,0, 560, False, 0
1250,0, 560, False, 0
1251,0, 560, False, 0
1252,0, 560, False, 0
1253,0, 560, False, 0
1254,0, 560, False, 0
1255,10, 570, False, 0
1256,0, 570, False, 0
1257,0, 570, False, 0
1258,0, 570, False, 0
1259,0, 570, False, 0
1260,0, 570, False, 0
1261,0, 570, False, 0
1262,0, 570, False, 0
1263,0, 570, False, 0
1264,0, 570, False, 0
1265,0, 570, False, 0
1266,0, 570, False, 0
1267,10, 580, False, 0
1268,0, 580, False, 0
1269,0, 580, False, 0
1270,0, 580, False, 5
1271,0, 580, False, 5
1272,0, 580, False, 5
1273,0, 580, False, 5
1274,0, 580, False, 5
1275,0, 580, False, 5
1276,0, 580, False, 5
1277,0, 580, False, 5
1278,0, 580, False, 5
1279,0, 580, False, 5
1280,0, 580, False, 5
1281,10, 590, False, 0
1282,0, 590, False, 0
1283,0, 590, False, 4
1284,0, 590, False, 4
1285,0, 590, False, 4
1286,0, 590, False, 4
1287,0, 590, False, 4
1288,0, 590, False, 4
1289,0, 590, False, 4
1290,0, 590, False, 4
1291,0, 590, False, 4
1292,0, 590, False, 4
1293,0, 590, False, 4
1294,0, 590, False, 4
1295,10, 600, False, 4
1296,0, 600, False, 4
1297,0, 600, False, 4
1298,0, 600, False, 4
1299,0, 600, False, 0
1300,0, 600, False, 0
1301,0, 600, False, 0
1302,0, 600, False, 0
1303,0, 600, False, 0
1304,0, 600, False, 0
1305,0, 600, False, 0
1306,0, 600, False, 0
1307,0, 600, False, 0
1308,0, 600, False, 0
1309,10, 610, False, 0
1310,0, 610, False, 0
1311,0, 610, False, 0
1312,0, 610, False, 0
1313,0, 610, False, 0
1314,0, 610, False, 0
1315,0, 610, False, 0
1316,0, 610, False, 0
1317,0, 610, False, 0
1318,0, 610, False, 0
1319,0, 610, False, 0
1320,0, 610, False, 0
1321,0, 610, False, 0
1322,0, 610, False, 0
1323,0, 610, False, 0
1324,0, 610, False, 0
1325,0, 610, False, 0
1326,0, 610, False, 0
1327,0, 610, False, 0
1328,0, 610, False, 0
1329,0, 610, False, 0
1330,0, 610, False, 0
1331,0, 610, False, 0
1332,0, 610, False, 0
1333,0, 610, False, 0
1334,0, 610, False, 0
1335,0, 610, False, 4
1336,0, 610, False, 4
1337,0, 610, False, 4
1338,0, 610, False, 4
1339,0, 610, False, 4
1340,0, 610, False, 4
1341,0, 610, False, 4
1342,0, 610, False, 4
1343,0, 610, False, 4
1344,0, 610, False, 0
1345,0, 610, False, 0
1346,0, 610, False, 0
1347,0, 610, False, 0
1348,0, 610, False, 0
1349,0, 610, False, 0
1350,0, 610, False, 0
1351,0, 610, False, 0
1352,0, 610, False, 0
1353,0, 610, False, 0
1354,0, 610, False, 0
1355,0, 610, False, 0
1356,0, 610, False, 0
1357,0, 610, False, 0
1358,0, 610, False, 0
1359,0, 610, False, 0
1360,0, 610, False, 0
1361,0, 610, False, 0
1362,0, 610, False, 0
1363,0, 610, False, 0
1364,0, 610, False, 0
1365,0, 610, False, 0
1366,0, 610, False, 0
1367,0, 610, False, 0
1368,0, 610, False, 5
1369,0, 610, False, 5
1370,0, 610, False, 5
1371,0, 610, False, 5
1372,0, 610, False, 5
1373,0, 610, False, 5
1374,0, 610, False, 5
1375,0, 610, False, 5
1376,0, 610, False, 5
1377,0, 610, False, 5
1378,0, 610, False, 0
1379,0, 610, False, 0
1380,0, 610, False, 0
1381,0, 610, False, 0
1382,0, 610, False, 0
1383,0, 610, False, 0
1384,0, 610, False, 0
1385,0, 610, False, 0
1386,0, 610, False, 0
1387,0, 610, False, 0
1388,0, 610, False, 0
1389,0, 610, False, 0
1390,0, 610, False, 0
1391,0, 610, False, 0
1392,0, 610, False, 0
1393,0, 610, False, 0
1394,0, 610, False, 0
1395,0, 610, False, 0
1396,0, 610, False, 0
1397,0, 610, False, 0
1398,0, 610, False, 0
1399,0, 610, False, 0
1400,0, 610, False, 0
1401,0, 610, False, 0
1402,0, 610, False, 0
1403,0, 610, False, 0
1404,0, 610, False, 0
1405,0, 610, False, 0
1406,0, 610, False, 0
1407,0, 610, False, 0
1408,0, 610, False, 0
1409,0, 610, False, 0
1410,0, 610, False, 0
1411,0, 610, False, 0
1412,0, 610, False, 0
1413,0, 610, False, 4
1414,0, 610, False, 4
1415,0, 610, False, 4
1416,0, 610, False, 4
1417,0, 610, False, 4
1418,0, 610, False, 4
1419,0, 610, False, 4
1420,0, 610, False, 4
1421,0, 610, False, 4
1422,0, 610, False, 4
1423,0, 610, False, 4
1424,0, 610, False, 4
1425,0, 610, False, 4
1426,0, 610, False, 4
1427,0, 610, False, 4
1428,0, 610, False, 4
1429,0, 610, False, 4
1430,0, 610, False, 4
1431,0, 610, False, 4
1432,0, 610, False, 4
1433,0, 610, False, 4
1434,0, 610, False, 4
1435,0, 610, False, 4
1436,0, 610, False, 4
1437,0, 610, False, 4
1438,0, 610, False, 4
1439,0, 610, False, 4
1440,0, 610, False, 4
1441,0, 610, False, 4
1442,0, 610, False, 4
1443,0, 610, False, 4
1444,0, 610, False, 4
1445,0, 610, False, 4
1446,0, 610, False, 4
1447,0, 610, False, 4
1448,0, 610, False, 4
1449,0, 610, False, 4
1450,0, 610, False, 4
1451,0, 610, False, 4
1452,0, 610, False, 4
1453,0, 610, False, 4
1454,0, 610, False, 7
1455,0, 610, False, 2
1456,0, 610, False, 2
1457,0, 610, False, 2
1458,0, 610, False, 2
1459,0, 610, False, 2
1460,0, 610, False, 2
1461,0, 610, False, 2
1462,0, 610, False, 2
1463,0, 610, False, 2
1464,0, 610, False, 2
1465,0, 610, False, 2
1466,0, 610, False, 2
1467,0, 610, False, 2
1468,0, 610, False, 2
1469,0, 610, False, 2
1470,0, 610, False, 2
1471,0, 610, False, 2
1472,0, 610, False, 2
1473,0, 610, False, 2
1474,0, 610, False, 2
1475,0, 610, False, 2
1476,0, 610, False, 2
1477,0, 610, False, 2
1478,0, 610, False, 2
1479,0, 610, False, 2
1480,0, 610, False, 2
1481,0, 610, False, 2
1482,0, 610, False, 2
1483,0, 610, False, 2
1484,0, 610, False, 2
1485,0, 610, False, 6
1486,0, 610, False, 6
1487,0, 610, False, 6
1488,0, 610, False, 6
1489,0, 610, False, 3
1490,0, 610, False, 3
1491,0, 610, False, 3
1492,0, 610, False, 3
1493,0, 610, False, 3
1494,0, 610, False, 3
1495,0, 610, False, 3
1496,0, 610, False, 3
1497,0, 610, False, 3
1498,0, 610, False, 3
1499,0, 610, False, 3
1500,0, 610, False, 3
1501,0, 610, False, 3
1502,0, 610, False, 3
1503,0, 610, False, 3
1504,0, 610, False, 3
1505,0, 610, False, 3
1506,0, 610, False, 3
1507,0, 610, False, 3
1508,0, 610, False, 3
1509,0, 610, False, 3
1510,0, 610, False, 3
1511,0, 610, False, 3
1512,0, 610, False, 3
1513,0, 610, False, 3
1514,0, 610, False, 3
1515,0, 610, False, 3
1516,0, 610, False, 3
1517,0, 610, False, 3
1518,0, 610, False, 3
1519,0, 610, False, 2
1520,0, 610, False, 2
1521,0, 610, False, 2
1522,0, 610, False, 2
1523,0, 610, False, 2
1524,0, 610, False, 2
1525,0, 610, False, 2
1526,0, 610, False, 2
1527,0, 610, False, 2
1528,0, 610, False, 2
1529,0, 610, False, 2
1530,0, 610, False, 2
1531,0, 610, False, 2
1532,0, 610, False, 2
1533,0, 610, False, 2
1534,0, 610, False, 2
1535,0, 610, False, 2
1536,0, 610, False, 2
1537,0, 610, False, 2
1538,0, 610, False, 2
1539,0, 610, False, 2
1540,0, 610, False, 2
1541,0, 610, False, 2
1542,0, 610, False, 6
1543,0, 610, False, 6
1544,0, 610, False, 3
1545,0, 610, False, 3
1546,0, 610, False, 3
1547,0, 610, False, 3
1548,0, 610, False, 3
1549,0, 610, False, 3
1550,0, 610, False, 3
1551,0, 610, False, 3
1552,0, 610, False, 3
1553,0, 610, False, 3
1554,0, 610, False, 3
1555,0, 610, False, 3
1556,0, 610, False, 3
1557,0, 610, False, 3
1558,0, 610, False, 3
1559,0, 610, False, 3
1560,0, 610, False, 8
1561,0, 610, False, 8
1562,0, 610, False, 8
1563,0, 610, False, 5
1564,0, 610, False, 5
1565,0, 610, False, 5
1566,0, 610, False, 5
1567,0, 610, False, 5
1568,0, 610, False, 5
1569,0, 610, False, 5
1570,0, 610, False, 5
1571,0, 610, False, 5
1572,0, 610, False, 5
1573,0, 610, False, 5
1574,0, 610, False, 5
1575,0, 610, False, 5
1576,0, 610, False, 5
1577,0, 610, False, 5
1578,0, 610, False, 5
1579,0, 610, False, 5
1580,0, 610, False, 5
1581,0, 610, False, 5
1582,0, 610, False, 5
1583,0, 610, False, 5
1584,0, 610, False, 5
1585,0, 610, False, 5
1586,0, 610, False, 5
1587,0, 610, False, 5
1588,0, 610, False, 5
1589,0, 610, False, 5
1590,0, 610, False, 5
1591,0, 610, False, 5
1592,0, 610, False, 5
1593,0, 610, False, 5
1594,0, 610, False, 5
1595,0, 610, False, 5
1596,0, 610, False, 5
1597,0, 610, False, 5
1598,0, 610, False, 5
1599,0, 610, False, 5
1600,0, 610, False, 5
1601,0, 610, False, 5
1602,0, 610, False, 5
1603,0, 610, False, 0
1604,0, 610, False, 0
1605,0, 610, False, 0
1606,0, 610, False, 0
1607,0, 610, False, 3
1608,0, 610, False, 3
1609,0, 610, False, 3
1610,0, 610, False, 3
1611,0, 610, False, 3
1612,0, 610, False, 3
1613,0, 610, False, 3
1614,0, 610, False, 3
1615,0, 610, False, 3
1616,0, 610, False, 0
1617,0, 610, False, 0
1618,0, 610, False, 0
1619,0, 610, False, 0
1620,0, 610, False, 0
1621,0, 610, False, 0
1622,0, 610, False, 0
1623,0, 610, False, 0
1624,0, 610, False, 4
1625,0, 610, False, 4
1626,0, 610, False, 4
1627,0, 610, False, 4
1628,0, 610, False, 4
1629,0, 610, False, 4
1630,0, 610, False, 4
1631,0, 610, False, 4
1632,0, 610, False, 4
1633,0, 610, False, 4
1634,0, 610, False, 4
1635,0, 610, False, 4
1636,0, 610, False, 4
1637,0, 610, False, 4
1638,0, 610, False, 4
1639,0, 610, False, 4
1640,0, 610, False, 4
1641,0, 610, False, 4
1642,0, 610, False, 4
1643,0, 610, False, 4
1644,0, 610, False, 4
1645,0, 610, False, 0
1646,0, 610, False, 2
1647,0, 610, False, 2
1648,0, 610, False, 2
1649,0, 610, False, 2
1650,0, 610, False, 2
1651,0, 610, False, 2
1652,0, 610, False, 2
1653,0, 610, False, 2
1654,0, 610, False, 2
1655,0, 610, False, 2
1656,0, 610, False, 2
1657,0, 610, False, 2
1658,0, 610, False, 2
1659,0, 610, False, 2
1660,0, 610, False, 2
1661,0, 610, False, 2
1662,0, 610, False, 2
1663,0, 610, False, 2
1664,0, 610, False, 2
1665,0, 610, False, 2
1666,0, 610, False, 2
1667,0, 610, False, 2
1668,0, 610, False, 2
1669,0, 610, False, 2
1670,0, 610, False, 2
1671,0, 610, False, 2
1672,0, 610, False, 2
1673,0, 610, False, 2
1674,0, 610, False, 6
1675,0, 610, False, 6
1676,0, 610, False, 6
1677,0, 610, False, 3
1678,0, 610, False, 3
1679,0, 610, False, 3
1680,0, 610, False, 3
1681,0, 610, False, 3
1682,0, 610, False, 3
1683,0, 610, False, 3
1684,0, 610, False, 3
1685,0, 610, False, 3
1686,0, 610, False, 6
1687,0, 610, False, 6
1688,0, 610, False, 6
1689,0, 610, False, 2
1690,0, 610, False, 2
1691,0, 610, False, 2
1692,0, 610, False, 2
1693,0, 610, False, 2
1694,0, 610, False, 2
1695,0, 610, False, 2
1696,0, 610, False, 2
1697,0, 610, False, 2
1698,0, 610, False, 2
1699,0, 610, False, 2
1700,0, 610, False, 2
1701,0, 610, False, 2
1702,0, 610, False, 2
1703,0, 610, False, 2
1704,0, 610, False, 2
1705,0, 610, False, 2
1706,0, 610, False, 2
1707,0, 610, False, 2
1708,0, 610, False, 2
1709,0, 610, False, 2
1710,0, 610, False, 2
1711,0, 610, False, 2
1712,0, 610, False, 2
1713,0, 610, False, 2
1714,0, 610, False, 2
1715,0, 610, False, 2
1716,0, 610, False, 7
1717,0, 610, False, 7
1718,0, 610, False, 7
1719,0, 610, False, 7
1720,0, 610, False, 7
1721,0, 610, False, 2
1722,0, 610, False, 2
1723,0, 610, False, 2
1724,0, 610, False, 2
1725,10, 620, False, 2
1726,0, 620, False, 2
1727,0, 620, False, 2
1728,0, 620, False, 2
1729,0, 620, False, 2
1730,0, 620, False, 2
1731,0, 620, False, 2
1732,0, 620, False, 2
1733,0, 620, False, 2
1734,0, 620, False, 2
1735,0, 620, False, 2
1736,0, 620, False, 2
1737,0, 620, False, 2
1738,0, 620, False, 2
1739,10, 630, False, 2
1740,0, 630, False, 2
1741,0, 630, False, 2
1742,0, 630, False, 2
1743,0, 630, False, 2
1744,0, 630, False, 2
1745,0, 630, False, 2
1746,0, 630, False, 2
1747,0, 630, False, 2
1748,0, 630, False, 2
1749,0, 630, False, 2
1750,0, 630, False, 2
1751,10, 640, False, 2
1752,0, 640, False, 2
1753,0, 640, False, 2
1754,0, 640, False, 2
1755,0, 640, False, 2
1756,0, 640, False, 2
1757,0, 640, False, 2
1758,0, 640, False, 2
1759,0, 640, False, 2
1760,0, 640, False, 2
1761,0, 640, False, 2
1762,0, 640, False, 2
1763,0, 640, False, 2
1764,0, 640, False, 2
1765,10, 650, False, 2
1766,0, 650, False, 2
1767,0, 650, False, 2
1768,0, 650, False, 2
1769,0, 650, False, 2
1770,0, 650, False, 2
1771,0, 650, False, 2
1772,0, 650, False, 2
1773,0, 650, False, 2
1774,0, 650, False, 2
1775,0, 650, False, 2
1776,0, 650, False, 2
1777,0, 650, False, 2
1778,0, 650, False, 2
1779,0, 650, False, 2
1780,0, 650, False, 2
1781,0, 650, False, 2
1782,0, 650, False, 2
1783,0, 650, False, 2
1784,0, 650, False, 2
1785,0, 650, False, 2
1786,0, 650, False, 2
1787,0, 650, False, 2
1788,0, 650, False, 2
1789,0, 650, False, 2
1790,0, 650, False, 2
1791,0, 650, False, 2
1792,0, 650, False, 0
1793,0, 650, False, 0
1794,0, 650, False, 0
1795,0, 650, False, 2
1796,0, 650, False, 2
1797,0, 650, False, 2
1798,0, 650, False, 2
1799,0, 650, False, 2
1800,0, 650, False, 2
1801,0, 650, False, 2
1802,0, 650, False, 0
1803,0, 650, False, 0
1804,0, 650, False, 0
1805,0, 650, False, 0
1806,0, 650, False, 0
1807,0, 650, False, 0
1808,0, 650, False, 0
1809,0, 650, False, 2
1810,0, 650, False, 2
1811,0, 650, False, 2
1812,0, 650, False, 2
1813,0, 650, False, 2
1814,0, 650, False, 2
1815,0, 650, False, 2
1816,0, 650, False, 2
1817,0, 650, False, 2
1818,0, 650, False, 2
1819,0, 650, False, 6
1820,0, 650, False, 6
1821,0, 650, False, 3
1822,0, 650, False, 3
1823,0, 650, False, 3
1824,0, 650, False, 3
1825,0, 650, False, 3
1826,0, 650, False, 3
1827,0, 650, False, 3
1828,0, 650, False, 3
1829,0, 650, False, 3
1830,0, 650, False, 3
1831,0, 650, False, 3
1832,0, 650, False, 3
1833,0, 650, False, 3
1834,0, 650, False, 3
1835,10, 660, False, 3
1836,0, 660, False, 0
1837,0, 660, False, 4
1838,0, 660, False, 4
1839,0, 660, False, 4
1840,0, 660, False, 4
1841,0, 660, False, 4
1842,0, 660, False, 4
1843,0, 660, False, 4
1844,0, 660, False, 4
1845,0, 660, False, 4
1846,0, 660, False, 4
1847,0, 660, False, 4
1848,0, 660, False, 4
1849,0, 660, False, 4
1850,0, 660, False, 4
1851,0, 660, False, 4
1852,0, 660, False, 4
1853,0, 660, False, 4
1854,0, 660, False, 4
1855,0, 660, False, 7
1856,0, 660, False, 0
1857,0, 660, False, 0
1858,0, 660, False, 0
1859,0, 660, False, 0
1860,0, 660, False, 0
1861,0, 660, False, 2
1862,0, 660, False, 0
1863,0, 660, False, 0
1864,0, 660, False, 0
1865,0, 660, False, 0
1866,0, 660, False, 0
1867,0, 660, False, 0
1868,0, 660, False, 0
1869,0, 660, False, 0
1870,0, 660, False, 0
1871,0, 660, False, 0
1872,0, 660, False, 0
1873,0, 660, False, 2
1874,0, 660, False, 2
1875,0, 660, False, 2
1876,0, 660, False, 2
1877,0, 660, False, 2
1878,0, 660, False, 2
1879,0, 660, False, 2
1880,0, 660, False, 2
1881,0, 660, False, 2
1882,0, 660, False, 2
1883,0, 660, False, 2
1884,0, 660, False, 2
1885,0, 660, False, 2
1886,0, 660, False, 2
1887,0, 660, False, 2
1888,0, 660, False, 2
1889,0, 660, False, 2
1890,0, 660, False, 2
1891,0, 660, False, 2
1892,0, 660, False, 2
1893,0, 660, False, 0
1894,0, 660, False, 0
1895,0, 660, False, 0
1896,0, 660, False, 0
1897,0, 660, False, 0
1898,0, 660, False, 0
1899,0, 660, False, 0
1900,0, 660, False, 0
1901,0, 660, False, 0
1902,0, 660, False, 0
1903,0, 660, False, 0
1904,0, 660, False, 0
1905,0, 660, False, 0
1906,0, 660, False, 0
1907,0, 660, False, 0
1908,0, 660, False, 0
1909,0, 660, False, 0
1910,0, 660, False, 0
1911,0, 660, False, 0
1912,0, 660, False, 0
1913,0, 660, False, 0
1914,0, 660, False, 0
1915,0, 660, False, 0
1916,0, 660, False, 0
1917,0, 660, False, 0
1918,0, 660, False, 0
1919,0, 660, False, 0
1920,0, 660, False, 0
1921,0, 660, False, 0
1922,0, 660, False, 0
1923,0, 660, False, 0
1924,0, 660, False, 0
1925,0, 660, False, 0
1926,0, 660, False, 0
1927,0, 660, False, 0
1928,0, 660, False, 0
1929,0, 660, False, 0
1930,0, 660, False, 0
1931,0, 660, False, 0
1932,0, 660, False, 0
1933,0, 660, False, 0
1934,0, 660, False, 0
1935,0, 660, False, 0
1936,0, 660, False, 0
1937,0, 660, False, 0
1938,0, 660, False, 0
1939,0, 660, False, 0
1940,0, 660, False, 0
1941,0, 660, False, 0
1942,0, 660, False, 4
1943,0, 660, False, 4
1944,0, 660, False, 4
1945,0, 660, False, 4
1946,0, 660, False, 4
1947,0, 660, False, 4
1948,0, 660, False, 4
1949,0, 660, False, 4
1950,0, 660, False, 4
1951,0, 660, False, 4
1952,0, 660, False, 0
1953,0, 660, False, 0
1954,0, 660, False, 0
1955,0, 660, False, 0
1956,0, 660, False, 0
1957,0, 660, False, 0
1958,0, 660, False, 0
1959,0, 660, False, 3
1960,0, 660, False, 3
1961,0, 660, False, 3
1962,0, 660, False, 3
1963,0, 660, False, 3
1964,0, 660, False, 3
1965,0, 660, False, 3
1966,0, 660, False, 3
1967,0, 660, False, 3
1968,0, 660, False, 3
1969,0, 660, False, 3
1970,0, 660, False, 3
1971,0, 660, False, 3
1972,0, 660, False, 3
1973,0, 660, False, 3
1974,0, 660, False, 3
1975,0, 660, False, 3
1976,0, 660, False, 0
1977,0, 660, False, 0
1978,0, 660, False, 0
1979,0, 660, False, 0
1980,0, 660, False, 0
1981,0, 660, False, 0
1982,0, 660, False, 0
1983,0, 660, False, 0
1984,0, 660, False, 0
1985,0, 660, False, 0
1986,0, 660, False, 0
1987,0, 660, False, 0
1988,0, 660, False, 0
1989,0, 660, False, 0
1990,0, 660, False, 0
1991,0, 660, False, 0
1992,0, 660, False, 0
1993,0, 660, False, 0
1994,0, 660, False, 0
1995,0, 660, False, 0
1996,0, 660, False, 0
1997,0, 660, False, 0
1998,0, 660, False, 0
1999,0, 660, False, 0
2000,0, 660, False, 0
2001,0, 660, False, 0
2002,0, 660, False, 0
2003,0, 660, False, 0
2004,0, 660, False, 0
2005,0, 660, False, 0
2006,0, 660, False, 0
2007,0, 660, False, 0
2008,0, 660, False, 0
2009,0, 660, False, 0
2010,0, 660, False, 0
2011,0, 660, False, 0
2012,0, 660, False, 0
2013,0, 660, False, 0
2014,0, 660, False, 0
2015,0, 660, False, 0
2016,0, 660, False, 0
2017,0, 660, False, 0
2018,0, 660, False, 0
2019,0, 660, False, 0
2020,0, 660, False, 0
2021,0, 660, False, 0
2022,0, 660, False, 0
2023,0, 660, False, 0
2024,0, 660, False, 0
2025,0, 660, False, 0
2026,0, 660, False, 0
2027,0, 660, False, 0
2028,0, 660, False, 0
2029,0, 660, False, 3
2030,0, 660, False, 3
2031,0, 660, False, 3
2032,0, 660, False, 3
2033,0, 660, False, 3
2034,0, 660, False, 3
2035,0, 660, False, 3
2036,0, 660, False, 3
2037,0, 660, False, 3
2038,0, 660, False, 0
2039,0, 660, False, 0
2040,0, 660, False, 0
2041,0, 660, False, 0
2042,0, 660, False, 0
2043,0, 660, False, 0
2044,0, 660, False, 0
2045,0, 660, False, 0
2046,0, 660, False, 0
2047,0, 660, False, 0
2048,0, 660, False, 0
2049,0, 660, False, 3
2050,0, 660, False, 3
2051,0, 660, False, 3
2052,0, 660, False, 3
2053,0, 660, False, 3
2054,0, 660, False, 3
2055,0, 660, False, 3
2056,0, 660, False, 3
2057,0, 660, False, 3
2058,0, 660, False, 3
2059,0, 660, False, 3
2060,0, 660, False, 0
2061,0, 660, False, 0
2062,0, 660, False, 4
2063,0, 660, False, 4
2064,0, 660, False, 4
2065,0, 660, False, 4
2066,0, 660, False, 4
2067,0, 660, False, 4
2068,0, 660, False, 4
2069,0, 660, False, 4
2070,0, 660, False, 4
2071,0, 660, False, 4
2072,0, 660, False, 4
2073,0, 660, False, 4
2074,0, 660, False, 4
2075,0, 660, False, 4
2076,0, 660, False, 4
2077,0, 660, False, 4
2078,0, 660, False, 4
2079,0, 660, False, 4
2080,0, 660, False, 4
2081,0, 660, False, 4
2082,0, 660, False, 4
2083,0, 660, False, 4
2084,0, 660, False, 4
2085,0, 660, False, 4
2086,0, 660, False, 4
2087,0, 660, False, 4
2088,0, 660, False, 4
2089,0, 660, False, 4
2090,0, 660, False, 4
2091,0, 660, False, 4
2092,0, 660, False, 4
2093,0, 660, False, 4
2094,0, 660, False, 4
2095,0, 660, False, 4
2096,0, 660, False, 4
2097,0, 660, False, 4
2098,0, 660, False, 0
2099,0, 660, False, 0
2100,0, 660, False, 0
2101,0, 660, False, 3
2102,0, 660, False, 3
2103,0, 660, False, 3
2104,0, 660, False, 3
2105,0, 660, False, 3
2106,0, 660, False, 3
2107,0, 660, False, 3
2108,0, 660, False, 3
2109,0, 660, False, 3
2110,0, 660, False, 3
2111,0, 660, False, 3
2112,0, 660, False, 3
2113,0, 660, False, 3
2114,0, 660, False, 3
2115,0, 660, False, 3
2116,0, 660, False, 3
2117,0, 660, False, 3
2118,0, 660, False, 3
2119,0, 660, False, 3
2120,0, 660, False, 3
2121,0, 660, False, 3
2122,0, 660, False, 3
2123,0, 660, False, 3
2124,0, 660, False, 6
2125,0, 660, False, 6
2126,0, 660, False, 6
2127,0, 660, False, 6
2128,0, 660, False, 6
2129,0, 660, False, 6
2130,0, 660, False, 2
2131,0, 660, False, 2
2132,0, 660, False, 2
2133,0, 660, False, 2
2134,0, 660, False, 2
2135,0, 660, False, 2
2136,0, 660, False, 2
2137,0, 660, False, 2
2138,0, 660, False, 2
2139,0, 660, False, 2
2140,0, 660, False, 2
2141,0, 660, False, 2
2142,0, 660, False, 2
2143,0, 660, False, 7
2144,0, 660, False, 7
2145,0, 660, False, 7
2146,0, 660, False, 7
2147,0, 660, False, 7
2148,0, 660, False, 4
2149,0, 660, False, 4
2150,0, 660, False, 0
2151,0, 660, False, 0
2152,0, 660, False, 0
2153,0, 660, False, 0
2154,0, 660, False, 0
2155,0, 660, False, 3
2156,0, 660, False, 8
2157,0, 660, False, 8
2158,0, 660, False, 8
2159,0, 660, False, 8
2160,0, 660, False, 8
2161,0, 660, False, 8
2162,0, 660, False, 8
2163,0, 660, False, 8
2164,0, 660, False, 8
2165,0, 660, False, 8
2166,0, 660, False, 3
2167,0, 660, False, 3
2168,0, 660, False, 3
2169,0, 660, False, 3
2170,0, 660, False, 3
2171,0, 660, False, 3
2172,0, 660, False, 6
2173,0, 660, False, 6
2174,0, 660, False, 6
2175,0, 660, False, 6
2176,0, 660, False, 6
2177,0, 660, False, 6
2178,0, 660, False, 6
2179,0, 660, False, 6
2180,0, 660, False, 2
2181,0, 660, False, 2
2182,0, 660, False, 7
2183,0, 660, False, 7
2184,0, 660, False, 7
2185,0, 660, False, 7
2186,0, 660, False, 7
2187,0, 660, False, 7
2188,0, 660, False, 4
2189,0, 660, False, 4
2190,0, 660, False, 4
2191,0, 660, False, 0
2192,0, 660, False, 0
2193,0, 660, False, 0
2194,0, 660, False, 0
2195,0, 660, False, 5
2196,0, 660, False, 5
2197,0, 660, False, 8
2198,0, 660, False, 8
2199,0, 660, False, 8
2200,0, 660, False, 8
2201,0, 660, False, 8
2202,0, 660, False, 8
2203,0, 660, False, 3
2204,0, 660, False, 3
2205,0, 660, False, 3
2206,0, 660, False, 3
2207,0, 660, False, 6
2208,0, 660, False, 6
2209,0, 660, False, 6
2210,0, 660, False, 6
2211,0, 660, False, 6
2212,0, 660, False, 6
2213,0, 660, False, 6
2214,0, 660, False, 6
2215,0, 660, False, 7
2216,0, 660, False, 7
2217,0, 660, False, 7
2218,0, 660, False, 4
2219,0, 660, False, 4
2220,0, 660, False, 4
2221,0, 660, False, 0
2222,0, 660, False, 0
2223,0, 660, False, 0
2224,0, 660, False, 0
2225,0, 660, False, 5
2226,0, 660, False, 8
2227,0, 660, False, 8
2228,0, 660, False, 8
2229,0, 660, False, 8
2230,0, 660, False, 8
2231,0, 660, False, 8
2232,0, 660, False, 8
2233,0, 660, False, 9
2234,0, 660, False, 9
2235,0, 660, False, 9
2236,0, 660, False, 9
2237,0, 660, False, 9
2238,0, 660, False, 9
2239,0, 660, False, 4
2240,0, 660, False, 0
2241,0, 660, False, 0
2242,0, 660, False, 0
2243,0, 660, False, 0
2244,0, 660, False, 3
2245,0, 660, False, 6
2246,0, 660, False, 6
2247,0, 660, False, 6
2248,0, 660, False, 6
2249,0, 660, False, 6
2250,0, 660, False, 6
2251,0, 660, False, 6
2252,0, 660, False, 2
2253,0, 660, False, 7
2254,0, 660, False, 7
2255,0, 660, False, 7
2256,0, 660, False, 7
2257,0, 660, False, 4
2258,0, 660, False, 4
2259,0, 660, False, 4
2260,0, 660, False, 4
2261,0, 660, False, 0
2262,0, 660, False, 0
2263,0, 660, False, 0
2264,0, 660, False, 0
2265,0, 660, False, 3
2266,0, 660, False, 8
2267,0, 660, False, 8
2268,0, 660, False, 8
2269,0, 660, False, 8
2270,0, 660, False, 8
2271,0, 660, False, 8
2272,0, 660, False, 8
2273,0, 660, False, 8
2274,0, 660, False, 8
2275,0, 660, False, 5
2276,0, 660, False, 13
2277,0, 660, False, 13
2278,0, 660, False, 13
2279,0, 660, False, 13
2280,0, 660, False, 1
2281,0, 660, False, 1
2282,0, 660, False, 1
2283,0, 660, False, 1
2284,0, 660, False, 0
2285,0, 660, False, 0
2286,0, 660, False, 0
2287,0, 660, False, 0
2288,0, 660, False, 0
2289,0, 660, False, 0
2290,0, 660, False, 0
2291,0, 660, False, 0
2292,0, 660, False, 0
2293,0, 660, False, 0
2294,0, 660, False, 0
2295,0, 660, False, 0
2296,0, 660, False, 0
2297,0, 660, False, 0
2298,0, 660, False, 0
2299,0, 660, False, 0
2300,0, 660, False, 0
2301,0, 660, False, 0
2302,0, 660, False, 3
2303,0, 660, False, 3
2304,0, 660, False, 3
2305,0, 660, False, 3
2306,0, 660, False, 6
2307,0, 660, False, 6
2308,0, 660, False, 6
2309,0, 660, False, 6
2310,0, 660, False, 6
2311,0, 660, False, 6
2312,0, 660, False, 2
2313,0, 660, False, 7
2314,0, 660, False, 4
2315,0, 660, False, 4
2316,0, 660, False, 4
2317,0, 660, False, 4
2318,0, 660, False, 4
2319,0, 660, False, 4
2320,0, 660, False, 4
2321,0, 660, False, 4
2322,0, 660, False, 4
2323,0, 660, False, 0
2324,0, 660, False, 0
2325,0, 660, False, 0
2326,0, 660, False, 0
2327,0, 660, False, 0
2328,0, 660, False, 0
2329,0, 660, False, 0
2330,0, 660, False, 0
2331,0, 660, False, 0
2332,0, 660, False, 0
2333,0, 660, False, 3
2334,0, 660, False, 8
2335,0, 660, False, 8
2336,0, 660, False, 8
2337,0, 660, False, 8
2338,0, 660, False, 8
2339,0, 660, False, 8
2340,0, 660, False, 8
2341,0, 660, False, 8
2342,0, 660, False, 5
2343,0, 660, False, 5
2344,0, 660, False, 4
2345,0, 660, False, 4
2346,0, 660, False, 4
2347,0, 660, False, 4
2348,0, 660, False, 0
2349,0, 660, False, 0
2350,0, 660, False, 0
2351,0, 660, False, 3
2352,0, 660, False, 3
2353,0, 660, False, 6
2354,0, 660, False, 6
2355,0, 660, False, 6
2356,0, 660, False, 6
2357,0, 660, False, 6
2358,0, 660, False, 6
2359,0, 660, False, 7
2360,0, 660, False, 7
2361,0, 660, False, 7
2362,0, 660, False, 7
2363,0, 660, False, 4
2364,0, 660, False, 4
2365,0, 660, False, 4
2366,0, 660, False, 4
2367,0, 660, False, 0
2368,0, 660, False, 0
2369,0, 660, False, 0
2370,0, 660, False, 3
2371,0, 660, False, 8
2372,0, 660, False, 8
2373,0, 660, False, 8
2374,0, 660, False, 8
2375,0, 660, False, 8
2376,0, 660, False, 8
2377,0, 660, False, 8
2378,0, 660, False, 8
2379,0, 660, False, 5
2380,0, 660, False, 9
2381,0, 660, False, 9
2382,0, 660, False, 9
2383,0, 660, False, 4
2384,0, 660, False, 4
2385,0, 660, False, 4
2386,0, 660, False, 0
2387,0, 660, False, 0
2388,0, 660, False, 0
2389,0, 660, False, 0
2390,0, 660, False, 6
2391,0, 660, False, 6
2392,0, 660, False, 6
2393,0, 660, False, 6
2394,0, 660, False, 6
2395,0, 660, False, 2
2396,0, 660, False, 7
2397,0, 660, False, 7
2398,0, 660, False, 7
2399,0, 660, False, 4
2400,0, 660, False, 4
2401,0, 660, False, 4
2402,0, 660, False, 0
2403,0, 660, False, 0
2404,0, 660, False, 0
2405,0, 660, False, 0
2406,0, 660, False, 8
2407,0, 660, False, 8
2408,0, 660, False, 8
2409,0, 660, False, 8
2410,0, 660, False, 8
2411,0, 660, False, 8
2412,0, 660, False, 8
2413,0, 660, False, 5
2414,0, 660, False, 5
2415,0, 660, False, 9
2416,0, 660, False, 9
2417,0, 660, False, 9
2418,0, 660, False, 4
2419,0, 660, False, 4
2420,0, 660, False, 0
2421,0, 660, False, 0
2422,0, 660, False, 0
2423,0, 660, False, 0
2424,0, 660, False, 3
2425,0, 660, False, 6
2426,0, 660, False, 6
2427,0, 660, False, 6
2428,0, 660, False, 6
2429,0, 660, False, 6
2430,0, 660, False, 6
2431,0, 660, False, 2
2432,0, 660, False, 7
2433,0, 660, False, 7
2434,0, 660, False, 7
2435,0, 660, False, 7
2436,0, 660, False, 7
2437,0, 660, False, 4
2438,0, 660, False, 4
2439,0, 660, False, 4
2440,0, 660, False, 0
2441,0, 660, False, 0
2442,0, 660, False, 0
2443,0, 660, False, 0
2444,0, 660, False, 0
2445,0, 660, False, 0
2446,0, 660, False, 0
2447,0, 660, False, 0
2448,0, 660, False, 5
2449,0, 660, False, 5
2450,0, 660, False, 5
2451,0, 660, False, 5
2452,0, 660, False, 5
2453,0, 660, False, 5
2454,0, 660, False, 5
2455,0, 660, False, 5
2456,0, 660, False, 5
2457,0, 660, False, 5
2458,0, 660, False, 5
2459,0, 660, False, 5
2460,0, 660, False, 5
2461,0, 660, False, 5
2462,0, 660, False, 5
2463,0, 660, False, 5
2464,0, 660, False, 5
2465,0, 660, False, 5
2466,0, 660, False, 5
2467,0, 660, False, 5
2468,0, 660, False, 5
2469,0, 660, False, 5
2470,0, 660, False, 5
2471,0, 660, False, 5
2472,0, 660, False, 5
2473,0, 660, False, 5
2474,0, 660, False, 5
2475,0, 660, False, 5
2476,0, 660, False, 5
2477,0, 660, False, 5
2478,0, 660, False, 5
2479,0, 660, False, 5
2480,0, 660, False, 5
2481,0, 660, False, 5
2482,0, 660, False, 5
2483,0, 660, False, 5
2484,0, 660, False, 5
2485,0, 660, False, 5
2486,0, 660, False, 5
2487,0, 660, False, 5
2488,0, 660, False, 5
2489,0, 660, False, 5
2490,0, 660, False, 5
2491,0, 660, False, 5
2492,0, 660, False, 5
2493,0, 660, False, 5
2494,0, 660, False, 5
2495,0, 660, False, 5
2496,0, 660, False, 5
2497,0, 660, False, 5
2498,0, 660, False, 5
2499,0, 660, False, 5
2500,0, 660, False, 5
2501,0, 660, False, 5
2502,0, 660, False, 5
2503,0, 660, False, 5
2504,0, 660, False, 5
2505,0, 660, False, 5
2506,0, 660, False, 5
2507,0, 660, False, 5
2508,0, 660, False, 5
2509,0, 660, False, 8
2510,0, 660, False, 8
2511,0, 660, False, 8
2512,0, 660, False, 8
2513,0, 660, False, 8
2514,0, 660, False, 3
2515,0, 660, False, 3
2516,0, 660, False, 3
2517,0, 660, False, 3
2518,0, 660, False, 3
2519,0, 660, False, 3
2520,0, 660, False, 3
2521,0, 660, False, 3
2522,0, 660, False, 3
2523,0, 660, False, 0
2524,0, 660, False, 0
2525,0, 660, False, 0
2526,0, 660, False, 0
2527,0, 660, False, 4
2528,0, 660, False, 4
2529,0, 660, False, 4
2530,0, 660, False, 4
2531,0, 660, False, 4
2532,0, 660, False, 4
2533,0, 660, False, 4
2534,0, 660, False, 4
2535,0, 660, False, 4
2536,0, 660, False, 4
2537,0, 660, False, 0
2538,0, 660, False, 0
2539,0, 660, False, 0
2540,0, 660, False, 0
2541,0, 660, False, 0
2542,0, 660, False, 3
2543,0, 660, False, 3
2544,0, 660, False, 3
2545,0, 660, False, 3
2546,0, 660, False, 3
2547,0, 660, False, 3
2548,0, 660, False, 8
2549,0, 660, False, 8
2550,0, 660, False, 8
2551,0, 660, False, 8
2552,0, 660, False, 8
2553,0, 660, False, 5
2554,0, 660, False, 5
2555,0, 660, False, 5
2556,0, 660, False, 5
2557,0, 660, False, 5
2558,0, 660, False, 9
2559,0, 660, False, 9
2560,0, 660, False, 9
2561,0, 660, False, 4
2562,0, 660, False, 4
2563,0, 660, False, 4
2564,0, 660, False, 4
2565,0, 660, False, 4
2566,0, 660, False, 4
2567,0, 660, False, 0
2568,0, 660, False, 0
2569,0, 660, False, 0
2570,0, 660, False, 0
2571,0, 660, False, 2
2572,0, 660, False, 2
2573,0, 660, False, 6
2574,0, 660, False, 6
2575,0, 660, False, 6
2576,0, 660, False, 6
2577,0, 660, False, 6
2578,0, 660, False, 2
2579,0, 660, False, 7
2580,0, 660, False, 7
2581,0, 660, False, 7
2582,0, 660, False, 4
2583,0, 660, False, 4
2584,0, 660, False, 0
2585,0, 660, False, 0
2586,0, 660, False, 0
2587,0, 660, False, 0
2588,0, 660, False, 0
2589,0, 660, False, 0
2590,0, 660, False, 8
2591,0, 660, False, 8
2592,0, 660, False, 8
2593,0, 660, False, 8
2594,0, 660, False, 8
2595,0, 660, False, 8
2596,0, 660, False, 8
2597,0, 660, False, 8
2598,0, 660, False, 8
2599,0, 660, False, 5
2600,0, 660, False, 9
2601,0, 660, False, 9
2602,0, 660, False, 9
2603,0, 660, False, 9
2604,0, 660, False, 9
2605,0, 660, False, 4
2606,0, 660, False, 4
2607,0, 660, False, 4
2608,0, 660, False, 0
2609,0, 660, False, 0
2610,0, 660, False, 0
2611,0, 660, False, 0
2612,0, 660, False, 2
2613,0, 660, False, 6
2614,0, 660, False, 6
2615,0, 660, False, 6
2616,0, 660, False, 6
2617,0, 660, False, 6
2618,0, 660, False, 6
2619,0, 660, False, 6
2620,0, 660, False, 6
2621,0, 660, False, 7
2622,0, 660, False, 7
2623,0, 660, False, 7
2624,0, 660, False, 7
2625,0, 660, False, 7
2626,0, 660, False, 4
2627,0, 660, False, 4
2628,0, 660, False, 0
2629,0, 660, False, 0
2630,0, 660, False, 0
2631,0, 660, False, 0
2632,0, 660, False, 0
2633,0, 660, False, 5
2634,0, 660, False, 5
2635,0, 660, False, 8
2636,0, 660, False, 8
2637,0, 660, False, 8
2638,0, 660, False, 8
2639,0, 660, False, 8
2640,0, 660, False, 5
2641,0, 660, False, 9
2642,0, 660, False, 9
2643,0, 660, False, 9
2644,0, 660, False, 9
2645,0, 660, False, 9
2646,0, 660, False, 4
2647,0, 660, False, 0
2648,0, 660, False, 0
2649,0, 660, False, 0
2650,0, 660, False, 0
2651,0, 660, False, 0
2652,0, 660, False, 0
2653,0, 660, False, 6
2654,0, 660, False, 6
2655,0, 660, False, 6
2656,0, 660, False, 6
2657,0, 660, False, 6
2658,0, 660, False, 6
2659,0, 660, False, 6
2660,0, 660, False, 2
2661,0, 660, False, 7
2662,0, 660, False, 7
2663,0, 660, False, 7
2664,0, 660, False, 7
2665,0, 660, False, 7
2666,0, 660, False, 4
2667,0, 660, False, 4
2668,0, 660, False, 4
2669,0, 660, False, 0
2670,0, 660, False, 0
2671,0, 660, False, 0
2672,0, 660, False, 0
2673,0, 660, False, 5
2674,0, 660, False, 5
2675,0, 660, False, 8
2676,0, 660, False, 8
2677,0, 660, False, 8
2678,0, 660, False, 8
2679,0, 660, False, 8
2680,0, 660, False, 8
2681,0, 660, False, 9
2682,0, 660, False, 9
2683,0, 660, False, 9
2684,0, 660, False, 9
2685,0, 660, False, 9
2686,0, 660, False, 9
2687,0, 660, False, 4
2688,0, 660, False, 4
2689,0, 660, False, 0
2690,0, 660, False, 0
2691,0, 660, False, 0
2692,0, 660, False, 0
2693,0, 660, False, 0
2694,0, 660, False, 3
2695,0, 660, False, 6
2696,0, 660, False, 6
2697,0, 660, False, 6
2698,0, 660, False, 6
2699,0, 660, False, 7
2700,0, 660, False, 7
2701,0, 660, False, 7
2702,0, 660, False, 7
2703,0, 660, False, 7
2704,0, 660, False, 4
2705,0, 660, False, 4
2706,0, 660, False, 4
2707,0, 660, False, 0
2708,0, 660, False, 0
2709,0, 660, False, 0
2710,0, 660, False, 5
2711,0, 660, False, 8
2712,0, 660, False, 8
2713,0, 660, False, 8
2714,0, 660, False, 8
2715,0, 660, False, 8
2716,0, 660, False, 8
2717,0, 660, False, 8
2718,0, 660, False, 5
2719,0, 660, False, 9
2720,0, 660, False, 9
2721,0, 660, False, 9
2722,0, 660, False, 9
2723,0, 660, False, 4
2724,0, 660, False, 4
2725,0, 660, False, 4
2726,0, 660, False, 4
2727,0, 660, False, 0
2728,0, 660, False, 0
2729,0, 660, False, 0
2730,0, 660, False, 6
2731,0, 660, False, 6
2732,0, 660, False, 6
2733,0, 660, False, 6
2734,0, 660, False, 6
2735,0, 660, False, 6
2736,0, 660, False, 7
2737,0, 660, False, 7
2738,0, 660, False, 7
2739,0, 660, False, 7
2740,0, 660, False, 4
2741,0, 660, False, 4
2742,0, 660, False, 4
2743,0, 660, False, 4
2744,0, 660, False, 0
2745,0, 660, False, 0
2746,0, 660, False, 0
2747,0, 660, False, 5
2748,0, 660, False, 5
2749,0, 660, False, 8
2750,0, 660, False, 8
2751,0, 660, False, 8
2752,0, 660, False, 8
2753,0, 660, False, 8
2754,0, 660, False, 8
2755,0, 660, False, 5
2756,0, 660, False, 9
2757,0, 660, False, 9
2758,0, 660, False, 9
2759,0, 660, False, 9
2760,0, 660, False, 9
2761,0, 660, False, 4
2762,0, 660, False, 4
2763,0, 660, False, 0
2764,0, 660, False, 0
2765,0, 660, False, 0
2766,0, 660, False, 0
2767,0, 660, False, 0
2768,0, 660, False, 3
2769,0, 660, False, 6
2770,0, 660, False, 6
2771,0, 660, False, 6
2772,0, 660, False, 6
2773,0, 660, False, 6
2774,0, 660, False, 6
2775,0, 660, False, 2
2776,0, 660, False, 7
2777,0, 660, False, 7
2778,0, 660, False, 7
2779,0, 660, False, 7
2780,0, 660, False, 4
2781,0, 660, False, 4
2782,0, 660, False, 4
2783,0, 660, False, 4
2784,0, 660, False, 0
2785,0, 660, False, 0
2786,0, 660, False, 0
2787,0, 660, False, 0
2788,0, 660, False, 8
2789,0, 660, False, 8
2790,0, 660, False, 8
2791,0, 660, False, 8
2792,0, 660, False, 5
2793,0, 660, False, 9
2794,0, 660, False, 9
2795,0, 660, False, 9
2796,0, 660, False, 4
2797,0, 660, False, 4
2798,0, 660, False, 4
2799,0, 660, False, 4
2800,0, 660, False, 0
2801,0, 660, False, 0
2802,0, 660, False, 0
2803,0, 660, False, 2
2804,0, 660, False, 6
2805,0, 660, False, 6
2806,0, 660, False, 6
2807,0, 660, False, 6
2808,0, 660, False, 6
2809,0, 660, False, 6
2810,0, 660, False, 7
2811,0, 660, False, 7
2812,0, 660, False, 7
2813,0, 660, False, 7
2814,0, 660, False, 7
2815,0, 660, False, 4
2816,0, 660, False, 4
2817,0, 660, False, 4
2818,0, 660, False, 4
2819,0, 660, False, 4
2820,0, 660, False, 4
2821,0, 660, False, 0
2822,0, 660, False, 0
2823,0, 660, False, 0
2824,0, 660, False, 0
2825,0, 660, False, 0
2826,0, 660, False, 0
2827,0, 660, False, 0
2828,0, 660, False, 0
2829,0, 660, False, 0
2830,0, 660, False, 0
2831,0, 660, False, 0
2832,0, 660, False, 0
2833,0, 660, False, 0
2834,0, 660, False, 0
2835,0, 660, False, 0
2836,0, 660, False, 0
2837,0, 660, False, 0
2838,0, 660, False, 0
2839,0, 660, False, 0
2840,0, 660, False, 0
2841,0, 660, False, 0
2842,0, 660, False, 0
2843,0, 660, False, 0
2844,0, 660, False, 0
2845,0, 660, False, 0
2846,0, 660, False, 0
2847,0, 660, False, 0
2848,0, 660, False, 0
2849,0, 660, False, 0
2850,0, 660, False, 0
2851,0, 660, False, 0
2852,0, 660, False, 0
2853,0, 660, False, 0
2854,0, 660, False, 0
2855,0, 660, False, 0
2856,0, 660, False, 0
2857,0, 660, False, 0
2858,0, 660, False, 0
2859,0, 660, False, 0
2860,0, 660, False, 0
2861,0, 660, False, 0
2862,0, 660, False, 0
2863,0, 660, False, 0
2864,0, 660, False, 0
2865,0, 660, False, 0
2866,0, 660, False, 0
2867,0, 660, False, 0
2868,0, 660, False, 0
2869,0, 660, False, 0
2870,0, 660, False, 0
2871,0, 660, False, 0
2872,0, 660, False, 0
2873,0, 660, False, 0
2874,0, 660, False, 0
2875,0, 660, False, 0
2876,0, 660, False, 0
2877,0, 660, False, 0
2878,0, 660, False, 0
2879,0, 660, False, 0
2880,0, 660, False, 0
2881,0, 660, False, 0
2882,0, 660, False, 0
2883,0, 660, False, 0
2884,0, 660, False, 0
2885,0, 660, False, 0
2886,0, 660, False, 0
2887,0, 660, False, 0
2888,0, 660, False, 0
2889,0, 660, False, 0
2890,0, 660, False, 0
2891,0, 660, False, 0
2892,0, 660, False, 0
2893,0, 660, False, 0
2894,0, 660, False, 0
2895,0, 660, False, 0
2896,0, 660, False, 0
2897,0, 660, False, 0
2898,0, 660, False, 0
2899,0, 660, False, 0
2900,0, 660, False, 0
2901,0, 660, False, 0
2902,0, 660, False, 0
2903,0, 660, False, 0
2904,0, 660, False, 0
2905,0, 660, False, 0
2906,0, 660, False, 0
2907,0, 660, False, 0
2908,0, 660, False, 0
2909,0, 660, False, 0
2910,0, 660, False, 0
2911,0, 660, False, 0
2912,0, 660, False, 0
2913,0, 660, False, 0
2914,0, 660, False, 0
2915,0, 660, False, 0
2916,0, 660, False, 0
2917,0, 660, False, 0
2918,0, 660, False, 0
2919,0, 660, False, 0
2920,0, 660, False, 0
2921,0, 660, False, 0
2922,0, 660, False, 0
2923,0, 660, False, 0
2924,0, 660, False, 0
2925,0, 660, False, 0
2926,0, 660, False, 0
2927,0, 660, False, 0
2928,0, 660, False, 0
2929,0, 660, False, 0
2930,0, 660, False, 0
2931,0, 660, False, 0
2932,0, 660, False, 0
2933,0, 660, False, 0
2934,0, 660, False, 0
2935,0, 660, False, 0
2936,0, 660, False, 0
2937,0, 660, False, 0
2938,0, 660, False, 0
2939,0, 660, False, 0
2940,0, 660, False, 0
2941,0, 660, False, 0
2942,0, 660, False, 0
2943,0, 660, False, 0
2944,0, 660, False, 0
2945,0, 660, False, 0
2946,0, 660, False, 0
2947,0, 660, False, 0
2948,0, 660, False, 0
2949,0, 660, False, 0
2950,0, 660, False, 0
2951,0, 660, False, 0
2952,0, 660, False, 0
2953,0, 660, False, 0
2954,0, 660, False, 0
2955,0, 660, False, 0
2956,0, 660, False, 0
2957,0, 660, False, 0
2958,0, 660, False, 0
2959,0, 660, False, 0
2960,0, 660, False, 0
2961,0, 660, False, 0
2962,0, 660, False, 0
2963,0, 660, False, 0
2964,0, 660, False, 0
2965,0, 660, False, 0
2966,0, 660, False, 0
2967,0, 660, False, 0
2968,0, 660, False, 0
2969,0, 660, False, 0
2970,0, 660, False, 0
2971,0, 660, False, 0
2972,0, 660, False, 0
2973,0, 660, False, 0
2974,0, 660, False, 0
2975,0, 660, False, 0
2976,0, 660, False, 0
2977,0, 660, False, 0
2978,0, 660, False, 0
2979,0, 660, False, 0
2980,0, 660, False, 0
2981,0, 660, False, 0
2982,0, 660, False, 0
2983,0, 660, False, 0
2984,0, 660, False, 0
2985,0, 660, False, 0
2986,0, 660, False, 0
2987,0, 660, False, 0
2988,0, 660, False, 0
2989,0, 660, False, 0
2990,0, 660, False, 0
2991,0, 660, False, 0
2992,0, 660, False, 0
2993,0, 660, False, 0
2994,0, 660, False, 0
2995,0, 660, False, 0
2996,0, 660, False, 0
2997,0, 660, False, 0
2998,0, 660, False, 0
2999,0, 660, False, 0
3000,0, 660, False, 0
3001,0, 660, False, 0
3002,0, 660, False, 0
3003,0, 660, False, 0
3004,0, 660, False, 0
3005,0, 660, False, 0
3006,0, 660, False, 0
3007,0, 660, False, 0
3008,0, 660, False, 0
3009,0, 660, False, 0
3010,0, 660, False, 0
3011,0, 660, False, 0
3012,0, 660, False, 0
3013,0, 660, False, 0
3014,0, 660, False, 0
3015,0, 660, False, 0
3016,0, 660, False, 0
3017,0, 660, False, 0
3018,0, 660, False, 0
3019,0, 660, False, 0
3020,0, 660, False, 0
3021,0, 660, False, 0
3022,0, 660, False, 0
3023,0, 660, False, 0
3024,0, 660, False, 0
3025,0, 660, False, 0
3026,0, 660, False, 0
3027,0, 660, False, 0
3028,0, 660, False, 0
3029,0, 660, False, 0
3030,0, 660, False, 0
3031,0, 660, False, 0
3032,0, 660, False, 0
3033,0, 660, False, 0
3034,0, 660, False, 0
3035,0, 660, False, 0
3036,0, 660, False, 0
3037,0, 660, False, 0
3038,0, 660, False, 0
3039,0, 660, False, 0
3040,0, 660, False, 0
3041,0, 660, False, 0
3042,0, 660, False, 0
3043,0, 660, False, 0
3044,0, 660, False, 0
3045,0, 660, False, 0
3046,0, 660, False, 0
3047,0, 660, False, 0
3048,0, 660, False, 0
3049,0, 660, False, 0
3050,0, 660, False, 0
3051,0, 660, False, 0
3052,0, 660, False, 0
3053,0, 660, False, 0
3054,0, 660, False, 0
3055,0, 660, False, 0
3056,0, 660, False, 0
3057,0, 660, False, 0
3058,0, 660, False, 0
3059,0, 660, False, 0
3060,0, 660, False, 0
3061,0, 660, False, 0
3062,0, 660, False, 0
3063,0, 660, False, 0
3064,0, 660, False, 0
3065,0, 660, False, 0
3066,0, 660, False, 0
3067,0, 660, False, 0
3068,0, 660, False, 0
3069,0, 660, False, 0
3070,0, 660, False, 0
3071,0, 660, False, 0
3072,0, 660, False, 0
3073,0, 660, False, 0
3074,0, 660, False, 0
3075,0, 660, False, 0
3076,0, 660, False, 0
3077,0, 660, False, 0
3078,0, 660, False, 0
3079,0, 660, False, 0
3080,0, 660, False, 0
3081,0, 660, False, 0
3082,0, 660, False, 0
3083,0, 660, False, 0
3084,0, 660, False, 0
3085,0, 660, False, 0
3086,0, 660, False, 0
3087,0, 660, False, 0
3088,0, 660, False, 0
3089,0, 660, False, 0
3090,0, 660, False, 0
3091,0, 660, False, 0
3092,0, 660, False, 0
3093,0, 660, False, 0
3094,0, 660, False, 0
3095,0, 660, False, 0
3096,0, 660, False, 0
3097,0, 660, False, 0
3098,0, 660, False, 0
3099,0, 660, False, 0
3100,0, 660, False, 0
3101,0, 660, False, 0
3102,0, 660, False, 0
3103,0, 660, False, 0
3104,0, 660, False, 0
3105,0, 660, False, 0
3106,0, 660, False, 0
3107,0, 660, False, 0
3108,0, 660, False, 0
3109,0, 660, False, 0
3110,0, 660, False, 0
3111,0, 660, False, 0
3112,0, 660, False, 0
3113,0, 660, False, 0
3114,0, 660, False, 0
3115,0, 660, False, 0
3116,0, 660, False, 0
3117,0, 660, False, 0
3118,0, 660, False, 0
3119,0, 660, False, 0
3120,0, 660, False, 0
3121,0, 660, False, 0
3122,0, 660, False, 0
3123,0, 660, False, 0
3124,0, 660, False, 0
3125,0, 660, False, 0
3126,0, 660, False, 0
3127,0, 660, False, 0
3128,0, 660, False, 0
3129,0, 660, False, 0
3130,0, 660, False, 0
3131,0, 660, False, 0
3132,0, 660, False, 0
3133,0, 660, False, 0
3134,0, 660, False, 0
3135,0, 660, False, 0
3136,0, 660, False, 0
3137,0, 660, False, 0
3138,0, 660, False, 0
3139,0, 660, False, 0
3140,0, 660, False, 0
3141,0, 660, False, 0
3142,0, 660, False, 0
3143,0, 660, False, 0
3144,0, 660, False, 0
3145,0, 660, False, 0
3146,0, 660, False, 0
3147,0, 660, False, 0
3148,0, 660, False, 0
3149,0, 660, False, 0
3150,0, 660, False, 0
3151,0, 660, False, 0
3152,0, 660, False, 0
3153,0, 660, False, 0
3154,0, 660, False, 0
3155,0, 660, False, 0
3156,0, 660, False, 0
3157,0, 660, False, 0
3158,0, 660, False, 0
3159,0, 660, False, 0
3160,0, 660, False, 0
3161,0, 660, False, 0
3162,0, 660, False, 0
3163,0, 660, False, 0
3164,0, 660, False, 0
3165,0, 660, False, 0
3166,0, 660, False, 0
3167,0, 660, False, 0
3168,0, 660, False, 0
3169,0, 660, False, 0
3170,0, 660, False, 0
3171,0, 660, False, 0
3172,0, 660, False, 0
3173,0, 660, False, 0
3174,0, 660, False, 0
3175,0, 660, False, 0
3176,0, 660, False, 0
3177,0, 660, False, 0
3178,0, 660, False, 0
3179,0, 660, False, 0
3180,0, 660, False, 0
3181,0, 660, False, 0
3182,0, 660, False, 0
3183,0, 660, False, 0
3184,0, 660, False, 0
3185,0, 660, False, 0
3186,0, 660, False, 0
3187,0, 660, False, 0
3188,0, 660, False, 0
3189,0, 660, False, 0
3190,0, 660, False, 0
3191,0, 660, False, 0
3192,0, 660, False, 0
3193,0, 660, False, 0
3194,0, 660, False, 0
3195,0, 660, False, 0
3196,0, 660, False, 0
3197,0, 660, False, 0
3198,0, 660, False, 0
3199,0, 660, False, 0
3200,0, 660, False, 0
3201,0, 660, False, 0
3202,0, 660, False, 0
3203,0, 660, False, 0
3204,0, 660, False, 0
3205,0, 660, False, 0
3206,0, 660, False, 0
3207,0, 660, False, 0
3208,0, 660, False, 0
3209,0, 660, False, 0
3210,0, 660, False, 0
3211,0, 660, False, 0
3212,0, 660, False, 0
3213,0, 660, False, 0
3214,0, 660, False, 0
3215,0, 660, False, 0
3216,0, 660, False, 0
3217,0, 660, False, 0
3218,0, 660, False, 0
3219,0, 660, False, 0
3220,0, 660, False, 0
3221,0, 660, False, 0
3222,0, 660, False, 0
3223,0, 660, False, 0
3224,0, 660, False, 0
3225,0, 660, False, 0
3226,0, 660, False, 0
3227,0, 660, False, 0
3228,0, 660, False, 0
3229,0, 660, False, 0
3230,0, 660, False, 0
3231,0, 660, False, 0
3232,0, 660, False, 0
3233,0, 660, False, 0
3234,0, 660, False, 0
3235,0, 660, False, 0
3236,0, 660, False, 0
3237,0, 660, False, 0
3238,0, 660, False, 0
3239,0, 660, False, 0
3240,0, 660, False, 0
3241,0, 660, False, 0
3242,0, 660, False, 0
3243,0, 660, False, 0
3244,0, 660, False, 0
3245,0, 660, False, 0
3246,0, 660, False, 0
3247,0, 660, False, 0
3248,0, 660, False, 0
3249,0, 660, False, 0
3250,0, 660, False, 0
3251,0, 660, False, 0
3252,0, 660, False, 0
3253,0, 660, False, 0
3254,0, 660, False, 0
3255,0, 660, False, 0
3256,0, 660, False, 0
3257,0, 660, False, 0
3258,0, 660, False, 0
3259,0, 660, False, 0
3260,0, 660, False, 0
3261,0, 660, False, 0
3262,0, 660, False, 0
3263,0, 660, False, 0
3264,0, 660, False, 0
3265,0, 660, False, 0
3266,0, 660, False, 0
3267,0, 660, False, 0
3268,0, 660, False, 0
3269,0, 660, False, 0
3270,0, 660, False, 0
3271,0, 660, False, 0
3272,0, 660, False, 0
3273,0, 660, False, 0
3274,0, 660, False, 0
3275,0, 660, False, 0
3276,0, 660, False, 0
3277,0, 660, False, 0
3278,0, 660, False, 0
3279,0, 660, False, 0
3280,0, 660, False, 0
3281,0, 660, False, 0
3282,0, 660, False, 0
3283,0, 660, False, 0
3284,0, 660, False, 0
3285,0, 660, False, 0
3286,0, 660, False, 0
3287,0, 660, False, 1
3288,0, 660, False, 1
3289,0, 660, False, 1
3290,0, 660, False, 1
3291,0, 660, False, 1
3292,0, 660, False, 1
3293,0, 660, False, 1
3294,0, 660, False, 0
3295,0, 660, False, 0
3296,0, 660, False, 0
3297,0, 660, False, 0
3298,0, 660, False, 0
3299,0, 660, False, 0
3300,0, 660, False, 0
3301,0, 660, False, 1
3302,0, 660, False, 1
3303,0, 660, False, 1
3304,0, 660, False, 1
3305,0, 660, False, 1
3306,0, 660, False, 1
3307,0, 660, False, 0
3308,0, 660, False, 0
3309,0, 660, False, 0
3310,0, 660, False, 0
3311,0, 660, False, 0
3312,0, 660, False, 0
3313,0, 660, False, 0
3314,0, 660, False, 0
3315,0, 660, False, 0
3316,0, 660, False, 3
3317,0, 660, False, 3
3318,0, 660, False, 3
3319,0, 660, False, 3
3320,0, 660, False, 3
3321,0, 660, False, 3
3322,0, 660, False, 3
3323,0, 660, False, 8
3324,0, 660, False, 8
3325,0, 660, False, 8
3326,0, 660, False, 8
3327,0, 660, False, 8
3328,0, 660, False, 5
3329,0, 660, False, 9
3330,0, 660, False, 9
3331,0, 660, False, 4
3332,0, 660, False, 4
3333,0, 660, False, 4
3334,0, 660, False, 4
3335,0, 660, False, 4
3336,0, 660, False, 0
3337,0, 660, False, 0
3338,0, 660, False, 0
3339,0, 660, False, 0
3340,0, 660, False, 3
3341,0, 660, False, 6
3342,0, 660, False, 6
3343,0, 660, False, 6
3344,0, 660, False, 6
3345,0, 660, False, 6
3346,0, 660, False, 6
3347,0, 660, False, 6
3348,0, 660, False, 2
3349,0, 660, False, 2
3350,0, 660, False, 7
3351,0, 660, False, 7
3352,0, 660, False, 7
3353,0, 660, False, 7
3354,0, 660, False, 4
3355,0, 660, False, 4
3356,0, 660, False, 4
3357,0, 660, False, 4
3358,0, 660, False, 0
3359,0, 660, False, 0
3360,0, 660, False, 0
3361,0, 660, False, 0
3362,0, 660, False, 3
3363,0, 660, False, 8
3364,0, 660, False, 8
3365,0, 660, False, 8
3366,0, 660, False, 8
3367,0, 660, False, 8
3368,0, 660, False, 8
3369,0, 660, False, 5
3370,0, 660, False, 5
3371,0, 660, False, 5
3372,0, 660, False, 9
3373,0, 660, False, 9
3374,0, 660, False, 9
3375,0, 660, False, 9
3376,0, 660, False, 4
3377,0, 660, False, 4
3378,0, 660, False, 4
3379,0, 660, False, 0
3380,0, 660, False, 0
3381,0, 660, False, 0
3382,0, 660, False, 3
3383,0, 660, False, 6
3384,0, 660, False, 6
3385,0, 660, False, 6
3386,0, 660, False, 6
3387,0, 660, False, 6
3388,0, 660, False, 6
3389,0, 660, False, 6
3390,0, 660, False, 2
3391,0, 660, False, 7
3392,0, 660, False, 7
3393,0, 660, False, 7
3394,0, 660, False, 7
3395,0, 660, False, 4
3396,0, 660, False, 4
3397,0, 660, False, 4
3398,0, 660, False, 4
3399,0, 660, False, 4
3400,0, 660, False, 4
3401,0, 660, False, 4
3402,0, 660, False, 4
3403,0, 660, False, 4
3404,0, 660, False, 4
3405,0, 660, False, 0
3406,0, 660, False, 0
3407,0, 660, False, 0
3408,0, 660, False, 0
3409,0, 660, False, 0
3410,0, 660, False, 0
3411,0, 660, False, 0
3412,0, 660, False, 0
3413,0, 660, False, 0
3414,0, 660, False, 0
3415,0, 660, False, 0
3416,0, 660, False, 0
3417,0, 660, False, 0
3418,0, 660, False, 0
3419,0, 660, False, 0
3420,0, 660, False, 0
3421,0, 660, False, 0
3422,0, 660, False, 0
3423,0, 660, False, 0
3424,0, 660, False, 0
3425,0, 660, False, 0
3426,0, 660, False, 0
3427,0, 660, False, 0
3428,0, 660, False, 0
3429,0, 660, False, 0
3430,0, 660, False, 0
3431,0, 660, False, 0
3432,0, 660, False, 0
3433,0, 660, False, 0
3434,0, 660, False, 0
3435,0, 660, False, 0
3436,0, 660, False, 0
3437,0, 660, False, 0
3438,0, 660, False, 0
3439,0, 660, False, 0
3440,0, 660, False, 0
3441,0, 660, False, 0
3442,0, 660, False, 0
3443,0, 660, False, 0
3444,0, 660, False, 0
3445,0, 660, False, 0
3446,0, 660, False, 0
3447,0, 660, False, 0
3448,0, 660, False, 0
3449,0, 660, False, 0
3450,0, 660, False, 0
3451,0, 660, False, 0
3452,0, 660, False, 0
3453,0, 660, False, 0
3454,0, 660, False, 0
3455,0, 660, False, 0
3456,0, 660, False, 3
3457,0, 660, False, 3
3458,0, 660, False, 3
3459,0, 660, False, 3
3460,0, 660, False, 3
3461,0, 660, False, 3
3462,0, 660, False, 3
3463,0, 660, False, 3
3464,0, 660, False, 3
3465,0, 660, False, 8
3466,0, 660, False, 8
3467,0, 660, False, 8
3468,0, 660, False, 8
3469,0, 660, False, 8
3470,0, 660, False, 8
3471,0, 660, False, 8
3472,0, 660, False, 5
3473,0, 660, False, 9
3474,0, 660, False, 9
3475,0, 660, False, 9
3476,0, 660, False, 9
3477,0, 660, False, 9
3478,0, 660, False, 4
3479,0, 660, False, 4
3480,0, 660, False, 4
3481,0, 660, False, 0
3482,0, 660, False, 0
3483,0, 660, False, 0
3484,0, 660, False, 0
3485,0, 660, False, 0
3486,0, 660, False, 3
3487,0, 660, False, 6
3488,0, 660, False, 6
3489,0, 660, False, 6
3490,0, 660, False, 6
3491,0, 660, False, 6
3492,0, 660, False, 6
3493,0, 660, False, 6
3494,0, 660, False, 2
3495,0, 660, False, 2
3496,0, 660, False, 2
3497,0, 660, False, 2
3498,0, 660, False, 7
3499,0, 660, False, 4
3500,0, 660, False, 4
3501,0, 660, False, 4
3502,0, 660, False, 4
3503,0, 660, False, 0
3504,0, 660, False, 0
3505,0, 660, False, 0
3506,0, 660, False, 0
3507,0, 660, False, 8
3508,0, 660, False, 8
3509,0, 660, False, 8
3510,0, 660, False, 8
3511,0, 660, False, 8
3512,0, 660, False, 8
3513,0, 660, False, 8
3514,0, 660, False, 5
3515,0, 660, False, 5
3516,0, 660, False, 9
3517,0, 660, False, 9
3518,0, 660, False, 9
3519,0, 660, False, 9
3520,0, 660, False, 4
3521,0, 660, False, 4
3522,0, 660, False, 0
3523,0, 660, False, 0
3524,0, 660, False, 0
3525,0, 660, False, 0
3526,0, 660, False, 3
3527,0, 660, False, 6
3528,0, 660, False, 6
3529,0, 660, False, 6
3530,0, 660, False, 6
3531,0, 660, False, 2
3532,0, 660, False, 2
3533,0, 660, False, 2
3534,0, 660, False, 7
3535,0, 660, False, 7
3536,0, 660, False, 7
3537,0, 660, False, 4
3538,0, 660, False, 4
3539,0, 660, False, 4
3540,0, 660, False, 0
3541,0, 660, False, 0
3542,0, 660, False, 0
3543,0, 660, False, 3
3544,0, 660, False, 8
3545,0, 660, False, 8
3546,0, 660, False, 8
3547,0, 660, False, 8
3548,0, 660, False, 8
3549,0, 660, False, 8
3550,0, 660, False, 8
3551,0, 660, False, 5
3552,0, 660, False, 5
3553,0, 660, False, 5
3554,0, 660, False, 5
3555,0, 660, False, 5
3556,0, 660, False, 5
3557,0, 660, False, 5
3558,0, 660, False, 5
3559,0, 660, False, 5
3560,0, 660, False, 5
3561,0, 660, False, 5
3562,0, 660, False, 5
3563,0, 660, False, 5
3564,0, 660, False, 5
3565,0, 660, False, 5
3566,0, 660, False, 5
3567,0, 660, False, 5
3568,0, 660, False, 5
3569,0, 660, False, 5
3570,0, 660, False, 5
3571,0, 660, False, 5
3572,0, 660, False, 5
3573,0, 660, False, 5
3574,0, 660, False, 5
3575,0, 660, False, 5
3576,0, 660, False, 5
3577,0, 660, False, 5
3578,0, 660, False, 5
3579,0, 660, False, 5
3580,0, 660, False, 5
3581,0, 660, False, 5
3582,0, 660, False, 5
3583,0, 660, False, 8
3584,0, 660, False, 8
3585,0, 660, False, 8
3586,0, 660, False, 3
3587,0, 660, False, 3
3588,0, 660, False, 3
3589,0, 660, False, 3
3590,0, 660, False, 3
3591,0, 660, False, 3
3592,0, 660, False, 3
3593,0, 660, False, 3
3594,0, 660, False, 3
3595,0, 660, False, 3
3596,0, 660, False, 3
3597,0, 660, False, 3
3598,0, 660, False, 3
3599,0, 660, False, 3
3600,0, 660, False, 3
3601,0, 660, False, 3
3602,0, 660, False, 3
3603,0, 660, False, 3
3604,0, 660, False, 3
3605,0, 660, False, 6
3606,0, 660, False, 6
3607,0, 660, False, 6
3608,0, 660, False, 6
3609,0, 660, False, 6
3610,0, 660, False, 2
3611,0, 660, False, 2
3612,0, 660, False, 7
3613,0, 660, False, 7
3614,0, 660, False, 7
3615,0, 660, False, 7
3616,0, 660, False, 7
3617,0, 660, False, 4
3618,0, 660, False, 4
3619,0, 660, False, 4
3620,0, 660, False, 0
3621,0, 660, False, 0
3622,0, 660, False, 0
3623,0, 660, False, 0
3624,0, 660, False, 8
3625,0, 660, False, 8
3626,0, 660, False, 8
3627,0, 660, False, 8
3628,0, 660, False, 8
3629,0, 660, False, 8
3630,0, 660, False, 8
3631,0, 660, False, 5
3632,0, 660, False, 9
3633,0, 660, False, 9
3634,0, 660, False, 9
3635,0, 660, False, 4
3636,0, 660, False, 4
3637,0, 660, False, 4
3638,0, 660, False, 4
3639,0, 660, False, 0
3640,0, 660, False, 0
3641,0, 660, False, 0
3642,0, 660, False, 6
3643,0, 660, False, 6
3644,0, 660, False, 6
3645,0, 660, False, 6
3646,0, 660, False, 2
3647,0, 660, False, 7
3648,0, 660, False, 7
3649,0, 660, False, 7
3650,0, 660, False, 7
3651,0, 660, False, 4
3652,0, 660, False, 4
3653,0, 660, False, 0
3654,0, 660, False, 0
3655,0, 660, False, 0
3656,0, 660, False, 3
3657,0, 660, False, 3
3658,0, 660, False, 3
3659,0, 660, False, 3
3660,0, 660, False, 3
3661,0, 660, False, 3
3662,0, 660, False, 3
3663,0, 660, False, 3
3664,0, 660, False, 3
3665,0, 660, False, 3
3666,0, 660, False, 3
3667,0, 660, False, 3
3668,0, 660, False, 3
3669,0, 660, False, 3
3670,0, 660, False, 3
3671,0, 660, False, 3
3672,0, 660, False, 3
3673,0, 660, False, 0
3674,0, 660, False, 0
3675,0, 660, False, 0
3676,0, 660, False, 0
3677,0, 660, False, 0
3678,0, 660, False, 0
3679,0, 660, False, 0
3680,0, 660, False, 0
3681,0, 660, False, 0
3682,0, 660, False, 0
3683,0, 660, False, 0
3684,0, 660, False, 0
3685,0, 660, False, 0
3686,0, 660, False, 0
3687,0, 660, False, 0
3688,0, 660, False, 0
3689,0, 660, False, 0
3690,0, 660, False, 0
3691,0, 660, False, 0
3692,0, 660, False, 0
3693,0, 660, False, 0
3694,0, 660, False, 0
3695,0, 660, False, 0
3696,0, 660, False, 0
3697,0, 660, False, 0
3698,0, 660, False, 0
3699,0, 660, False, 0
3700,0, 660, False, 0
3701,0, 660, False, 0
3702,0, 660, False, 0
3703,0, 660, False, 0
3704,0, 660, False, 0
3705,0, 660, False, 0
3706,0, 660, False, 0
3707,0, 660, False, 0
3708,0, 660, False, 0
3709,0, 660, False, 0
3710,0, 660, False, 0
3711,0, 660, False, 0
3712,0, 660, False, 0
3713,0, 660, False, 0
3714,0, 660, False, 0
3715,0, 660, False, 0
3716,0, 660, False, 0
3717,0, 660, False, 0
3718,0, 660, False, 0
3719,0, 660, False, 0
3720,0, 660, False, 0
3721,0, 660, False, 0
3722,0, 660, False, 0
3723,0, 660, False, 0
3724,0, 660, False, 0
3725,0, 660, False, 0
3726,0, 660, False, 0
3727,0, 660, False, 0
3728,0, 660, False, 0
3729,0, 660, False, 0
3730,0, 660, False, 0
3731,0, 660, False, 0
3732,0, 660, False, 0
3733,0, 660, False, 0
3734,0, 660, False, 0
3735,0, 660, False, 0
3736,0, 660, False, 0
3737,0, 660, False, 0
3738,0, 660, False, 0
3739,0, 660, False, 0
3740,0, 660, False, 0
3741,0, 660, False, 0
3742,0, 660, False, 0
3743,0, 660, False, 0
3744,0, 660, False, 0
3745,0, 660, False, 0
3746,0, 660, False, 0
3747,0, 660, False, 0
3748,0, 660, False, 0
3749,0, 660, False, 0
3750,0, 660, False, 0
3751,0, 660, False, 0
