db traj id : 474
frame,reward,score,terminal, action
0,0, 0, False, 0
1,0, 0, False, 0
2,0, 0, False, 0
3,0, 0, False, 0
4,0, 0, False, 0
5,0, 0, False, 0
6,0, 0, False, 0
7,0, 0, False, 0
8,0, 0, False, 0
9,0, 0, False, 0
10,0, 0, False, 0
11,0, 0, False, 0
12,0, 0, False, 0
13,0, 0, False, 0
14,0, 0, False, 0
15,0, 0, False, 0
16,0, 0, False, 0
17,0, 0, False, 0
18,0, 0, False, 0
19,0, 0, False, 0
20,0, 0, False, 0
21,0, 0, False, 0
22,0, 0, False, 0
23,0, 0, False, 0
24,0, 0, False, 0
25,0, 0, False, 0
26,0, 0, False, 0
27,0, 0, False, 0
28,0, 0, False, 0
29,0, 0, False, 0
30,0, 0, False, 0
31,0, 0, False, 0
32,0, 0, False, 0
33,0, 0, False, 0
34,0, 0, False, 0
35,0, 0, False, 0
36,0, 0, False, 0
37,0, 0, False, 0
38,0, 0, False, 0
39,0, 0, False, 0
40,0, 0, False, 0
41,0, 0, False, 0
42,0, 0, False, 0
43,0, 0, False, 0
44,0, 0, False, 0
45,0, 0, False, 0
46,0, 0, False, 0
47,0, 0, False, 0
48,0, 0, False, 0
49,0, 0, False, 0
50,0, 0, False, 0
51,0, 0, False, 0
52,0, 0, False, 0
53,0, 0, False, 0
54,0, 0, False, 0
55,0, 0, False, 0
56,0, 0, False, 0
57,0, 0, False, 0
58,0, 0, False, 0
59,0, 0, False, 0
60,0, 0, False, 4
61,0, 0, False, 4
62,0, 0, False, 4
63,0, 0, False, 4
64,0, 0, False, 4
65,0, 0, False, 4
66,0, 0, False, 4
67,0, 0, False, 4
68,0, 0, False, 4
69,0, 0, False, 4
70,0, 0, False, 4
71,0, 0, False, 4
72,0, 0, False, 4
73,0, 0, False, 4
74,0, 0, False, 4
75,0, 0, False, 4
76,0, 0, False, 4
77,0, 0, False, 4
78,0, 0, False, 4
79,0, 0, False, 4
80,0, 0, False, 4
81,0, 0, False, 4
82,0, 0, False, 4
83,0, 0, False, 4
84,0, 0, False, 4
85,0, 0, False, 4
86,0, 0, False, 4
87,0, 0, False, 4
88,0, 0, False, 4
89,0, 0, False, 4
90,0, 0, False, 4
91,0, 0, False, 4
92,0, 0, False, 4
93,0, 0, False, 4
94,0, 0, False, 4
95,0, 0, False, 0
96,0, 0, False, 0
97,0, 0, False, 0
98,0, 0, False, 0
99,0, 0, False, 0
100,0, 0, False, 0
101,0, 0, False, 0
102,0, 0, False, 0
103,0, 0, False, 0
104,0, 0, False, 0
105,0, 0, False, 0
106,0, 0, False, 0
107,0, 0, False, 0
108,0, 0, False, 0
109,0, 0, False, 0
110,0, 0, False, 0
111,0, 0, False, 0
112,0, 0, False, 0
113,0, 0, False, 0
114,0, 0, False, 0
115,0, 0, False, 0
116,0, 0, False, 0
117,0, 0, False, 0
118,0, 0, False, 0
119,0, 0, False, 0
120,0, 0, False, 0
121,0, 0, False, 0
122,0, 0, False, 0
123,0, 0, False, 0
124,0, 0, False, 2
125,0, 0, False, 2
126,0, 0, False, 2
127,0, 0, False, 2
128,0, 0, False, 2
129,0, 0, False, 2
130,0, 0, False, 2
131,0, 0, False, 2
132,0, 0, False, 2
133,0, 0, False, 2
134,0, 0, False, 2
135,0, 0, False, 2
136,0, 0, False, 2
137,0, 0, False, 2
138,0, 0, False, 2
139,0, 0, False, 2
140,0, 0, False, 2
141,0, 0, False, 2
142,0, 0, False, 2
143,0, 0, False, 2
144,0, 0, False, 2
145,0, 0, False, 2
146,0, 0, False, 0
147,0, 0, False, 0
148,0, 0, False, 0
149,0, 0, False, 0
150,0, 0, False, 0
151,0, 0, False, 0
152,0, 0, False, 0
153,0, 0, False, 0
154,0, 0, False, 0
155,0, 0, False, 0
156,0, 0, False, 0
157,0, 0, False, 0
158,0, 0, False, 0
159,0, 0, False, 0
160,0, 0, False, 0
161,0, 0, False, 0
162,0, 0, False, 0
163,0, 0, False, 0
164,0, 0, False, 0
165,0, 0, False, 0
166,0, 0, False, 0
167,0, 0, False, 0
168,0, 0, False, 0
169,0, 0, False, 0
170,0, 0, False, 0
171,0, 0, False, 0
172,0, 0, False, 0
173,0, 0, False, 0
174,0, 0, False, 0
175,0, 0, False, 0
176,0, 0, False, 0
177,0, 0, False, 0
178,0, 0, False, 0
179,0, 0, False, 0
180,0, 0, False, 0
181,0, 0, False, 0
182,0, 0, False, 0
183,0, 0, False, 0
184,0, 0, False, 0
185,0, 0, False, 0
186,0, 0, False, 0
187,0, 0, False, 0
188,0, 0, False, 0
189,0, 0, False, 0
190,0, 0, False, 0
191,0, 0, False, 0
192,0, 0, False, 0
193,0, 0, False, 0
194,0, 0, False, 0
195,0, 0, False, 0
196,0, 0, False, 0
197,0, 0, False, 0
198,0, 0, False, 0
199,0, 0, False, 0
200,0, 0, False, 0
201,0, 0, False, 0
202,0, 0, False, 0
203,0, 0, False, 0
204,0, 0, False, 0
205,0, 0, False, 0
206,0, 0, False, 0
207,0, 0, False, 0
208,0, 0, False, 0
209,0, 0, False, 0
210,0, 0, False, 0
211,0, 0, False, 0
212,0, 0, False, 0
213,0, 0, False, 0
214,0, 0, False, 0
215,0, 0, False, 0
216,0, 0, False, 0
217,0, 0, False, 0
218,0, 0, False, 0
219,0, 0, False, 0
220,0, 0, False, 0
221,0, 0, False, 0
222,0, 0, False, 0
223,0, 0, False, 0
224,0, 0, False, 0
225,0, 0, False, 0
226,0, 0, False, 0
227,0, 0, False, 0
228,0, 0, False, 0
229,0, 0, False, 0
230,0, 0, False, 0
231,0, 0, False, 0
232,0, 0, False, 0
233,0, 0, False, 4
234,0, 0, False, 4
235,0, 0, False, 4
236,0, 0, False, 4
237,0, 0, False, 4
238,0, 0, False, 4
239,0, 0, False, 4
240,0, 0, False, 4
241,0, 0, False, 4
242,0, 0, False, 4
243,0, 0, False, 4
244,0, 0, False, 4
245,0, 0, False, 4
246,0, 0, False, 4
247,0, 0, False, 4
248,0, 0, False, 4
249,0, 0, False, 4
250,0, 0, False, 4
251,0, 0, False, 4
252,0, 0, False, 4
253,0, 0, False, 4
254,0, 0, False, 4
255,0, 0, False, 4
256,0, 0, False, 4
257,0, 0, False, 4
258,0, 0, False, 4
259,0, 0, False, 4
260,0, 0, False, 4
261,0, 0, False, 4
262,0, 0, False, 4
263,0, 0, False, 4
264,0, 0, False, 0
265,0, 0, False, 0
266,0, 0, False, 0
267,0, 0, False, 0
268,0, 0, False, 1
269,0, 0, False, 1
270,0, 0, False, 1
271,0, 0, False, 1
272,0, 0, False, 1
273,0, 0, False, 1
274,0, 0, False, 1
275,0, 0, False, 1
276,10, 10, False, 0
277,0, 10, False, 0
278,0, 10, False, 0
279,0, 10, False, 0
280,0, 10, False, 0
281,0, 10, False, 0
282,0, 10, False, 0
283,0, 10, False, 4
284,0, 10, False, 4
285,0, 10, False, 4
286,0, 10, False, 4
287,0, 10, False, 4
288,0, 10, False, 4
289,0, 10, False, 4
290,10, 20, False, 4
291,0, 20, False, 4
292,0, 20, False, 4
293,0, 20, False, 4
294,0, 20, False, 4
295,0, 20, False, 4
296,0, 20, False, 4
297,0, 20, False, 4
298,0, 20, False, 4
299,0, 20, False, 4
300,0, 20, False, 4
301,0, 20, False, 4
302,0, 20, False, 4
303,0, 20, False, 4
304,10, 30, False, 4
305,0, 30, False, 4
306,0, 30, False, 4
307,0, 30, False, 4
308,0, 30, False, 4
309,0, 30, False, 4
310,0, 30, False, 4
311,0, 30, False, 4
312,0, 30, False, 4
313,0, 30, False, 4
314,0, 30, False, 4
315,0, 30, False, 4
316,10, 40, False, 4
317,0, 40, False, 4
318,0, 40, False, 4
319,0, 40, False, 4
320,0, 40, False, 4
321,0, 40, False, 4
322,0, 40, False, 4
323,0, 40, False, 0
324,0, 40, False, 0
325,0, 40, False, 0
326,0, 40, False, 0
327,0, 40, False, 0
328,0, 40, False, 0
329,0, 40, False, 0
330,10, 50, False, 0
331,0, 50, False, 0
332,0, 50, False, 0
333,0, 50, False, 0
334,0, 50, False, 0
335,0, 50, False, 0
336,0, 50, False, 0
337,0, 50, False, 0
338,0, 50, False, 0
339,0, 50, False, 0
340,0, 50, False, 0
341,0, 50, False, 0
342,0, 50, False, 0
343,0, 50, False, 0
344,10, 60, False, 4
345,0, 60, False, 4
346,0, 60, False, 4
347,0, 60, False, 4
348,0, 60, False, 4
349,0, 60, False, 4
350,0, 60, False, 4
351,0, 60, False, 4
352,0, 60, False, 5
353,0, 60, False, 5
354,0, 60, False, 5
355,0, 60, False, 5
356,0, 60, False, 5
357,0, 60, False, 5
358,0, 60, False, 5
359,0, 60, False, 5
360,10, 70, False, 5
361,0, 70, False, 5
362,0, 70, False, 5
363,0, 70, False, 5
364,0, 70, False, 5
365,0, 70, False, 5
366,0, 70, False, 5
367,0, 70, False, 5
368,0, 70, False, 5
369,0, 70, False, 0
370,0, 70, False, 0
371,0, 70, False, 0
372,0, 70, False, 0
373,0, 70, False, 5
374,10, 80, False, 5
375,0, 80, False, 5
376,0, 80, False, 5
377,0, 80, False, 5
378,0, 80, False, 5
379,0, 80, False, 5
380,0, 80, False, 5
381,0, 80, False, 5
382,0, 80, False, 5
383,0, 80, False, 5
384,0, 80, False, 5
385,0, 80, False, 5
386,0, 80, False, 5
387,0, 80, False, 5
388,10, 90, False, 5
389,0, 90, False, 5
390,0, 90, False, 5
391,0, 90, False, 5
392,0, 90, False, 5
393,0, 90, False, 5
394,0, 90, False, 5
395,0, 90, False, 5
396,0, 90, False, 5
397,0, 90, False, 5
398,0, 90, False, 5
399,0, 90, False, 5
400,0, 90, False, 5
401,0, 90, False, 5
402,10, 100, False, 5
403,0, 100, False, 5
404,0, 100, False, 5
405,0, 100, False, 5
406,0, 100, False, 5
407,0, 100, False, 5
408,0, 100, False, 5
409,0, 100, False, 5
410,0, 100, False, 5
411,0, 100, False, 4
412,0, 100, False, 4
413,0, 100, False, 4
414,0, 100, False, 4
415,0, 100, False, 4
416,10, 110, False, 4
417,0, 110, False, 4
418,0, 110, False, 4
419,0, 110, False, 4
420,0, 110, False, 4
421,0, 110, False, 4
422,0, 110, False, 4
423,0, 110, False, 4
424,0, 110, False, 4
425,0, 110, False, 4
426,0, 110, False, 4
427,0, 110, False, 4
428,0, 110, False, 4
429,0, 110, False, 4
430,0, 110, False, 4
431,0, 110, False, 4
432,10, 120, False, 4
433,0, 120, False, 4
434,0, 120, False, 4
435,0, 120, False, 4
436,0, 120, False, 4
437,0, 120, False, 4
438,0, 120, False, 4
439,0, 120, False, 4
440,0, 120, False, 4
441,0, 120, False, 4
442,0, 120, False, 4
443,0, 120, False, 4
444,10, 130, False, 4
445,0, 130, False, 4
446,0, 130, False, 4
447,0, 130, False, 4
448,0, 130, False, 4
449,0, 130, False, 4
450,0, 130, False, 4
451,0, 130, False, 4
452,0, 130, False, 4
453,0, 130, False, 4
454,0, 130, False, 4
455,0, 130, False, 4
456,0, 130, False, 4
457,0, 130, False, 4
458,10, 140, False, 0
459,0, 140, False, 0
460,0, 140, False, 0
461,0, 140, False, 0
462,0, 140, False, 0
463,0, 140, False, 0
464,0, 140, False, 0
465,0, 140, False, 0
466,0, 140, False, 0
467,0, 140, False, 2
468,0, 140, False, 2
469,0, 140, False, 2
470,0, 140, False, 2
471,0, 140, False, 2
472,0, 140, False, 2
473,0, 140, False, 2
474,0, 140, False, 2
475,0, 140, False, 2
476,0, 140, False, 2
477,0, 140, False, 2
478,0, 140, False, 2
479,0, 140, False, 2
480,0, 140, False, 2
481,0, 140, False, 2
482,50, 190, False, 2
483,0, 190, False, 2
484,0, 190, False, 2
485,0, 190, False, 2
486,0, 190, False, 2
487,0, 190, False, 2
488,0, 190, False, 2
489,0, 190, False, 2
490,10, 200, False, 2
491,0, 200, False, 2
492,0, 200, False, 2
493,0, 200, False, 2
494,0, 200, False, 2
495,0, 200, False, 2
496,0, 200, False, 2
497,0, 200, False, 2
498,0, 200, False, 2
499,0, 200, False, 2
500,0, 200, False, 2
501,0, 200, False, 2
502,0, 200, False, 2
503,0, 200, False, 2
504,10, 210, False, 2
505,0, 210, False, 2
506,0, 210, False, 2
507,0, 210, False, 2
508,0, 210, False, 2
509,0, 210, False, 2
510,0, 210, False, 2
511,0, 210, False, 2
512,0, 210, False, 2
513,0, 210, False, 2
514,0, 210, False, 6
515,0, 210, False, 6
516,0, 210, False, 6
517,0, 210, False, 6
518,0, 210, False, 6
519,0, 210, False, 6
520,0, 210, False, 3
521,0, 210, False, 3
522,10, 220, False, 3
523,0, 220, False, 3
524,0, 220, False, 3
525,0, 220, False, 3
526,0, 220, False, 3
527,0, 220, False, 3
528,0, 220, False, 3
529,0, 220, False, 3
530,0, 220, False, 3
531,0, 220, False, 3
532,0, 220, False, 3
533,0, 220, False, 3
534,0, 220, False, 0
535,0, 220, False, 2
536,10, 230, False, 2
537,0, 230, False, 2
538,0, 230, False, 2
539,0, 230, False, 2
540,0, 230, False, 2
541,0, 230, False, 2
542,0, 230, False, 2
543,0, 230, False, 2
544,0, 230, False, 2
545,0, 230, False, 2
546,0, 230, False, 2
547,0, 230, False, 2
548,0, 230, False, 2
549,0, 230, False, 2
550,0, 230, False, 2
551,0, 230, False, 2
552,0, 230, False, 2
553,0, 230, False, 2
554,0, 230, False, 2
555,0, 230, False, 2
556,0, 230, False, 2
557,0, 230, False, 2
558,0, 230, False, 2
559,0, 230, False, 2
560,0, 230, False, 2
561,0, 230, False, 2
562,0, 230, False, 2
563,0, 230, False, 2
564,0, 230, False, 2
565,0, 230, False, 2
566,0, 230, False, 2
567,0, 230, False, 2
568,0, 230, False, 2
569,0, 230, False, 2
570,0, 230, False, 2
571,0, 230, False, 2
572,0, 230, False, 2
573,0, 230, False, 2
574,0, 230, False, 2
575,0, 230, False, 2
576,0, 230, False, 2
577,0, 230, False, 2
578,0, 230, False, 2
579,0, 230, False, 2
580,0, 230, False, 2
581,0, 230, False, 2
582,0, 230, False, 0
583,0, 230, False, 0
584,0, 230, False, 0
585,0, 230, False, 0
586,0, 230, False, 0
587,0, 230, False, 0
588,0, 230, False, 0
589,0, 230, False, 0
590,0, 230, False, 0
591,0, 230, False, 0
592,0, 230, False, 0
593,0, 230, False, 0
594,0, 230, False, 0
595,0, 230, False, 0
596,0, 230, False, 0
597,0, 230, False, 0
598,0, 230, False, 0
599,0, 230, False, 0
600,0, 230, False, 0
601,0, 230, False, 0
602,0, 230, False, 0
603,0, 230, False, 0
604,0, 230, False, 0
605,0, 230, False, 0
606,0, 230, False, 0
607,0, 230, False, 0
608,0, 230, False, 0
609,0, 230, False, 0
610,0, 230, False, 0
611,0, 230, False, 0
612,0, 230, False, 0
613,0, 230, False, 0
614,0, 230, False, 0
615,0, 230, False, 0
616,0, 230, False, 0
617,0, 230, False, 0
618,0, 230, False, 0
619,0, 230, False, 0
620,0, 230, False, 0
621,0, 230, False, 0
622,0, 230, False, 0
623,0, 230, False, 0
624,0, 230, False, 0
625,0, 230, False, 0
626,0, 230, False, 0
627,0, 230, False, 0
628,0, 230, False, 0
629,0, 230, False, 0
630,0, 230, False, 0
631,0, 230, False, 0
632,0, 230, False, 0
633,0, 230, False, 0
634,0, 230, False, 0
635,0, 230, False, 0
636,0, 230, False, 0
637,0, 230, False, 0
638,0, 230, False, 5
639,0, 230, False, 5
640,0, 230, False, 5
641,0, 230, False, 5
642,0, 230, False, 5
643,0, 230, False, 5
644,0, 230, False, 5
645,0, 230, False, 5
646,0, 230, False, 5
647,0, 230, False, 5
648,0, 230, False, 5
649,0, 230, False, 5
650,0, 230, False, 5
651,0, 230, False, 5
652,0, 230, False, 5
653,0, 230, False, 5
654,0, 230, False, 5
655,0, 230, False, 5
656,0, 230, False, 5
657,0, 230, False, 5
658,0, 230, False, 5
659,0, 230, False, 5
660,0, 230, False, 5
661,0, 230, False, 5
662,0, 230, False, 5
663,0, 230, False, 5
664,0, 230, False, 5
665,0, 230, False, 5
666,0, 230, False, 5
667,0, 230, False, 5
668,0, 230, False, 5
669,0, 230, False, 5
670,0, 230, False, 5
671,0, 230, False, 5
672,0, 230, False, 5
673,0, 230, False, 5
674,0, 230, False, 5
675,0, 230, False, 5
676,0, 230, False, 5
677,0, 230, False, 5
678,0, 230, False, 5
679,0, 230, False, 5
680,0, 230, False, 5
681,0, 230, False, 5
682,0, 230, False, 5
683,0, 230, False, 3
684,0, 230, False, 3
685,0, 230, False, 3
686,0, 230, False, 3
687,0, 230, False, 3
688,0, 230, False, 3
689,0, 230, False, 3
690,0, 230, False, 3
691,0, 230, False, 3
692,0, 230, False, 3
693,0, 230, False, 3
694,0, 230, False, 3
695,0, 230, False, 3
696,0, 230, False, 3
697,0, 230, False, 3
698,0, 230, False, 3
699,0, 230, False, 3
700,0, 230, False, 3
701,0, 230, False, 3
702,0, 230, False, 3
703,0, 230, False, 3
704,0, 230, False, 3
705,0, 230, False, 3
706,10, 240, False, 3
707,0, 240, False, 3
708,0, 240, False, 3
709,0, 240, False, 3
710,0, 240, False, 3
711,0, 240, False, 3
712,0, 240, False, 3
713,0, 240, False, 3
714,0, 240, False, 3
715,0, 240, False, 3
716,0, 240, False, 3
717,0, 240, False, 3
718,0, 240, False, 3
719,0, 240, False, 3
720,10, 250, False, 3
721,0, 250, False, 3
722,0, 250, False, 3
723,0, 250, False, 3
724,0, 250, False, 3
725,0, 250, False, 3
726,0, 250, False, 3
727,0, 250, False, 3
728,0, 250, False, 3
729,0, 250, False, 3
730,0, 250, False, 3
731,0, 250, False, 3
732,10, 260, False, 3
733,0, 260, False, 3
734,0, 260, False, 3
735,0, 260, False, 3
736,0, 260, False, 3
737,0, 260, False, 3
738,0, 260, False, 3
739,0, 260, False, 3
740,0, 260, False, 3
741,0, 260, False, 3
742,0, 260, False, 3
743,0, 260, False, 3
744,0, 260, False, 3
745,0, 260, False, 3
746,10, 270, False, 3
747,0, 270, False, 3
748,0, 270, False, 3
749,0, 270, False, 3
750,0, 270, False, 3
751,0, 270, False, 3
752,0, 270, False, 3
753,0, 270, False, 3
754,0, 270, False, 3
755,0, 270, False, 3
756,0, 270, False, 3
757,0, 270, False, 3
758,0, 270, False, 3
759,0, 270, False, 3
760,10, 280, False, 3
761,0, 280, False, 3
762,0, 280, False, 3
763,0, 280, False, 3
764,0, 280, False, 3
765,0, 280, False, 3
766,0, 280, False, 3
767,0, 280, False, 3
768,0, 280, False, 3
769,0, 280, False, 3
770,0, 280, False, 3
771,0, 280, False, 3
772,0, 280, False, 3
773,0, 280, False, 3
774,0, 280, False, 3
775,0, 280, False, 3
776,0, 280, False, 3
777,0, 280, False, 3
778,10, 290, False, 3
779,0, 290, False, 3
780,0, 290, False, 3
781,0, 290, False, 3
782,0, 290, False, 3
783,0, 290, False, 3
784,0, 290, False, 3
785,0, 290, False, 3
786,0, 290, False, 3
787,0, 290, False, 3
788,0, 290, False, 3
789,0, 290, False, 3
790,0, 290, False, 3
791,0, 290, False, 3
792,10, 300, False, 3
793,0, 300, False, 3
794,0, 300, False, 3
795,0, 300, False, 3
796,0, 300, False, 3
797,0, 300, False, 3
798,0, 300, False, 3
799,0, 300, False, 3
800,0, 300, False, 3
801,0, 300, False, 3
802,0, 300, False, 3
803,0, 300, False, 3
804,10, 310, False, 3
805,0, 310, False, 3
806,0, 310, False, 3
807,0, 310, False, 3
808,0, 310, False, 3
809,0, 310, False, 3
810,0, 310, False, 3
811,0, 310, False, 3
812,0, 310, False, 3
813,0, 310, False, 3
814,0, 310, False, 3
815,0, 310, False, 3
816,0, 310, False, 3
817,0, 310, False, 3
818,10, 320, False, 3
819,0, 320, False, 3
820,0, 320, False, 3
821,0, 320, False, 3
822,0, 320, False, 3
823,0, 320, False, 3
824,0, 320, False, 3
825,0, 320, False, 3
826,0, 320, False, 3
827,0, 320, False, 3
828,0, 320, False, 3
829,0, 320, False, 3
830,0, 320, False, 3
831,0, 320, False, 3
832,10, 330, False, 3
833,0, 330, False, 3
834,0, 330, False, 3
835,0, 330, False, 3
836,0, 330, False, 3
837,0, 330, False, 3
838,0, 330, False, 3
839,0, 330, False, 3
840,0, 330, False, 3
841,0, 330, False, 3
842,0, 330, False, 3
843,0, 330, False, 3
844,10, 340, False, 3
845,0, 340, False, 3
846,0, 340, False, 3
847,0, 340, False, 3
848,0, 340, False, 3
849,0, 340, False, 3
850,0, 340, False, 3
851,0, 340, False, 3
852,0, 340, False, 3
853,0, 340, False, 3
854,0, 340, False, 3
855,0, 340, False, 3
856,0, 340, False, 3
857,0, 340, False, 3
858,10, 350, False, 3
859,0, 350, False, 3
860,0, 350, False, 3
861,0, 350, False, 3
862,0, 350, False, 3
863,0, 350, False, 3
864,0, 350, False, 3
865,0, 350, False, 3
866,0, 350, False, 3
867,0, 350, False, 3
868,0, 350, False, 3
869,0, 350, False, 3
870,0, 350, False, 3
871,0, 350, False, 3
872,10, 360, False, 3
873,0, 360, False, 3
874,0, 360, False, 3
875,0, 360, False, 3
876,0, 360, False, 3
877,0, 360, False, 3
878,0, 360, False, 3
879,0, 360, False, 3
880,0, 360, False, 3
881,0, 360, False, 3
882,0, 360, False, 3
883,0, 360, False, 3
884,10, 370, False, 3
885,0, 370, False, 3
886,0, 370, False, 3
887,0, 370, False, 3
888,0, 370, False, 3
889,0, 370, False, 3
890,0, 370, False, 3
891,0, 370, False, 3
892,0, 370, False, 3
893,0, 370, False, 3
894,0, 370, False, 3
895,0, 370, False, 2
896,0, 370, False, 2
897,0, 370, False, 2
898,0, 370, False, 2
899,0, 370, False, 2
900,0, 370, False, 2
901,0, 370, False, 2
902,0, 370, False, 2
903,0, 370, False, 2
904,0, 370, False, 2
905,0, 370, False, 2
906,50, 420, False, 2
907,0, 420, False, 2
908,0, 420, False, 2
909,0, 420, False, 2
910,0, 420, False, 2
911,0, 420, False, 2
912,0, 420, False, 2
913,0, 420, False, 2
914,0, 420, False, 2
915,0, 420, False, 2
916,0, 420, False, 2
917,0, 420, False, 2
918,10, 430, False, 2
919,0, 430, False, 2
920,0, 430, False, 2
921,0, 430, False, 2
922,0, 430, False, 2
923,0, 430, False, 2
924,0, 430, False, 2
925,0, 430, False, 2
926,0, 430, False, 2
927,0, 430, False, 2
928,0, 430, False, 2
929,0, 430, False, 2
930,0, 430, False, 2
931,0, 430, False, 2
932,10, 440, False, 2
933,0, 440, False, 0
934,0, 440, False, 0
935,0, 440, False, 0
936,0, 440, False, 0
937,0, 440, False, 4
938,0, 440, False, 4
939,0, 440, False, 4
940,0, 440, False, 4
941,0, 440, False, 4
942,0, 440, False, 4
943,0, 440, False, 4
944,0, 440, False, 4
945,0, 440, False, 4
946,0, 440, False, 4
947,0, 440, False, 4
948,10, 450, False, 4
949,0, 450, False, 4
950,0, 450, False, 4
951,0, 450, False, 4
952,0, 450, False, 4
953,0, 450, False, 4
954,0, 450, False, 4
955,0, 450, False, 4
956,0, 450, False, 4
957,0, 450, False, 4
958,0, 450, False, 4
959,0, 450, False, 4
960,10, 460, False, 4
961,0, 460, False, 4
962,0, 460, False, 4
963,0, 460, False, 4
964,0, 460, False, 4
965,0, 460, False, 4
966,0, 460, False, 4
967,0, 460, False, 4
968,0, 460, False, 4
969,0, 460, False, 4
970,0, 460, False, 4
971,0, 460, False, 4
972,0, 460, False, 4
973,0, 460, False, 4
974,10, 470, False, 4
975,0, 470, False, 4
976,0, 470, False, 9
977,0, 470, False, 5
978,0, 470, False, 5
979,0, 470, False, 5
980,0, 470, False, 5
981,0, 470, False, 5
982,0, 470, False, 5
983,0, 470, False, 5
984,0, 470, False, 5
985,0, 470, False, 5
986,10, 480, False, 5
987,0, 480, False, 5
988,0, 480, False, 5
989,0, 480, False, 5
990,0, 480, False, 5
991,0, 480, False, 5
992,0, 480, False, 5
993,0, 480, False, 5
994,0, 480, False, 5
995,0, 480, False, 5
996,0, 480, False, 5
997,0, 480, False, 5
998,0, 480, False, 5
999,0, 480, False, 0
1000,10, 490, False, 0
1001,0, 490, False, 0
1002,0, 490, False, 0
1003,0, 490, False, 0
1004,0, 490, False, 0
1005,0, 490, False, 0
1006,0, 490, False, 0
1007,0, 490, False, 0
1008,0, 490, False, 0
1009,0, 490, False, 2
1010,0, 490, False, 2
1011,0, 490, False, 2
1012,0, 490, False, 2
1013,0, 490, False, 2
1014,0, 490, False, 2
1015,0, 490, False, 2
1016,0, 490, False, 2
1017,0, 490, False, 2
1018,0, 490, False, 2
1019,0, 490, False, 2
1020,0, 490, False, 2
1021,0, 490, False, 2
1022,0, 490, False, 2
1023,0, 490, False, 2
1024,0, 490, False, 2
1025,0, 490, False, 2
1026,0, 490, False, 2
1027,0, 490, False, 2
1028,0, 490, False, 2
1029,0, 490, False, 2
1030,0, 490, False, 2
1031,0, 490, False, 2
1032,0, 490, False, 2
1033,0, 490, False, 2
1034,0, 490, False, 2
1035,0, 490, False, 2
1036,0, 490, False, 2
1037,0, 490, False, 2
1038,0, 490, False, 2
1039,0, 490, False, 2
1040,0, 490, False, 2
1041,0, 490, False, 2
1042,0, 490, False, 2
1043,0, 490, False, 2
1044,0, 490, False, 2
1045,0, 490, False, 2
1046,0, 490, False, 2
1047,0, 490, False, 2
1048,10, 500, False, 2
1049,0, 500, False, 2
1050,0, 500, False, 2
1051,0, 500, False, 2
1052,0, 500, False, 2
1053,0, 500, False, 2
1054,0, 500, False, 2
1055,0, 500, False, 2
1056,0, 500, False, 2
1057,0, 500, False, 2
1058,0, 500, False, 2
1059,0, 500, False, 2
1060,0, 500, False, 2
1061,0, 500, False, 2
1062,10, 510, False, 2
1063,0, 510, False, 2
1064,0, 510, False, 0
1065,0, 510, False, 0
1066,0, 510, False, 0
1067,0, 510, False, 0
1068,0, 510, False, 0
1069,0, 510, False, 0
1070,0, 510, False, 0
1071,0, 510, False, 0
1072,0, 510, False, 0
1073,0, 510, False, 0
1074,0, 510, False, 0
1075,0, 510, False, 0
1076,0, 510, False, 4
1077,0, 510, False, 4
1078,0, 510, False, 4
1079,0, 510, False, 4
1080,0, 510, False, 4
1081,0, 510, False, 4
1082,0, 510, False, 4
1083,0, 510, False, 4
1084,0, 510, False, 4
1085,0, 510, False, 4
1086,10, 520, False, 4
1087,0, 520, False, 4
1088,0, 520, False, 4
1089,0, 520, False, 4
1090,0, 520, False, 4
1091,0, 520, False, 4
1092,0, 520, False, 4
1093,0, 520, False, 4
1094,0, 520, False, 4
1095,0, 520, False, 4
1096,0, 520, False, 4
1097,0, 520, False, 4
1098,0, 520, False, 4
1099,0, 520, False, 4
1100,10, 530, False, 4
1101,0, 530, False, 0
1102,0, 530, False, 0
1103,0, 530, False, 0
1104,0, 530, False, 0
1105,0, 530, False, 0
1106,0, 530, False, 0
1107,0, 530, False, 0
1108,0, 530, False, 0
1109,0, 530, False, 0
1110,0, 530, False, 0
1111,0, 530, False, 5
1112,10, 540, False, 5
1113,0, 540, False, 5
1114,0, 540, False, 5
1115,0, 540, False, 5
1116,0, 540, False, 5
1117,0, 540, False, 5
1118,0, 540, False, 5
1119,0, 540, False, 5
1120,0, 540, False, 5
1121,0, 540, False, 5
1122,0, 540, False, 5
1123,0, 540, False, 5
1124,0, 540, False, 5
1125,0, 540, False, 5
1126,10, 550, False, 5
1127,0, 550, False, 5
1128,0, 550, False, 5
1129,0, 550, False, 5
1130,0, 550, False, 5
1131,0, 550, False, 5
1132,0, 550, False, 5
1133,0, 550, False, 5
1134,0, 550, False, 5
1135,0, 550, False, 5
1136,0, 550, False, 5
1137,0, 550, False, 5
1138,10, 560, False, 5
1139,0, 560, False, 5
1140,0, 560, False, 5
1141,0, 560, False, 5
1142,0, 560, False, 5
1143,0, 560, False, 5
1144,0, 560, False, 5
1145,0, 560, False, 5
1146,0, 560, False, 5
1147,0, 560, False, 0
1148,0, 560, False, 0
1149,0, 560, False, 0
1150,0, 560, False, 0
1151,0, 560, False, 0
1152,10, 570, False, 0
1153,0, 570, False, 0
1154,0, 570, False, 0
1155,0, 570, False, 0
1156,0, 570, False, 0
1157,0, 570, False, 0
1158,0, 570, False, 0
1159,0, 570, False, 0
1160,0, 570, False, 0
1161,0, 570, False, 0
1162,0, 570, False, 0
1163,0, 570, False, 0
1164,0, 570, False, 0
1165,0, 570, False, 0
1166,10, 580, False, 0
1167,0, 580, False, 0
1168,0, 580, False, 0
1169,0, 580, False, 0
1170,0, 580, False, 0
1171,0, 580, False, 0
1172,0, 580, False, 0
1173,0, 580, False, 0
1174,0, 580, False, 0
1175,0, 580, False, 0
1176,0, 580, False, 0
1177,0, 580, False, 0
1178,0, 580, False, 0
1179,0, 580, False, 0
1180,10, 590, False, 0
1181,0, 590, False, 0
1182,0, 590, False, 0
1183,0, 590, False, 0
1184,0, 590, False, 0
1185,0, 590, False, 0
1186,0, 590, False, 0
1187,0, 590, False, 0
1188,0, 590, False, 0
1189,0, 590, False, 0
1190,0, 590, False, 0
1191,0, 590, False, 0
1192,0, 590, False, 0
1193,0, 590, False, 0
1194,0, 590, False, 0
1195,0, 590, False, 0
1196,0, 590, False, 0
1197,0, 590, False, 0
1198,0, 590, False, 0
1199,0, 590, False, 0
1200,0, 590, False, 2
1201,0, 590, False, 2
1202,0, 590, False, 2
1203,0, 590, False, 2
1204,0, 590, False, 2
1205,0, 590, False, 2
1206,0, 590, False, 2
1207,0, 590, False, 2
1208,0, 590, False, 2
1209,0, 590, False, 2
1210,0, 590, False, 2
1211,0, 590, False, 2
1212,0, 590, False, 0
1213,0, 590, False, 0
1214,0, 590, False, 0
1215,0, 590, False, 0
1216,0, 590, False, 0
1217,0, 590, False, 0
1218,0, 590, False, 0
1219,0, 590, False, 0
1220,0, 590, False, 0
1221,0, 590, False, 0
1222,0, 590, False, 0
1223,0, 590, False, 0
1224,0, 590, False, 0
1225,0, 590, False, 0
1226,0, 590, False, 0
1227,0, 590, False, 3
1228,0, 590, False, 3
1229,0, 590, False, 3
1230,0, 590, False, 3
1231,0, 590, False, 3
1232,0, 590, False, 3
1233,0, 590, False, 3
1234,0, 590, False, 3
1235,0, 590, False, 3
1236,0, 590, False, 3
1237,0, 590, False, 3
1238,0, 590, False, 3
1239,0, 590, False, 3
1240,0, 590, False, 3
1241,0, 590, False, 3
1242,0, 590, False, 3
1243,0, 590, False, 3
1244,0, 590, False, 3
1245,0, 590, False, 3
1246,0, 590, False, 3
1247,0, 590, False, 3
1248,0, 590, False, 3
1249,0, 590, False, 3
1250,0, 590, False, 3
1251,0, 590, False, 3
1252,0, 590, False, 3
1253,0, 590, False, 3
1254,0, 590, False, 3
1255,0, 590, False, 3
1256,0, 590, False, 3
1257,0, 590, False, 3
1258,0, 590, False, 3
1259,0, 590, False, 3
1260,0, 590, False, 3
1261,0, 590, False, 3
1262,0, 590, False, 3
1263,0, 590, False, 3
1264,0, 590, False, 3
1265,0, 590, False, 3
1266,0, 590, False, 3
1267,0, 590, False, 3
1268,0, 590, False, 3
1269,0, 590, False, 3
1270,0, 590, False, 3
1271,0, 590, False, 3
1272,0, 590, False, 3
1273,0, 590, False, 3
1274,0, 590, False, 3
1275,0, 590, False, 3
1276,0, 590, False, 3
1277,0, 590, False, 3
1278,0, 590, False, 3
1279,0, 590, False, 3
1280,0, 590, False, 3
1281,0, 590, False, 3
1282,0, 590, False, 0
1283,0, 590, False, 0
1284,0, 590, False, 0
1285,0, 590, False, 0
1286,0, 590, False, 0
1287,0, 590, False, 0
1288,0, 590, False, 0
1289,0, 590, False, 0
1290,0, 590, False, 0
1291,0, 590, False, 5
1292,0, 590, False, 5
1293,0, 590, False, 5
1294,0, 590, False, 5
1295,0, 590, False, 5
1296,0, 590, False, 5
1297,0, 590, False, 5
1298,0, 590, False, 5
1299,0, 590, False, 5
1300,0, 590, False, 5
1301,0, 590, False, 5
1302,0, 590, False, 5
1303,0, 590, False, 5
1304,0, 590, False, 5
1305,0, 590, False, 5
1306,0, 590, False, 5
1307,0, 590, False, 0
1308,0, 590, False, 0
1309,0, 590, False, 0
1310,0, 590, False, 0
1311,0, 590, False, 0
1312,0, 590, False, 4
1313,0, 590, False, 4
1314,0, 590, False, 4
1315,0, 590, False, 4
1316,0, 590, False, 4
1317,0, 590, False, 4
1318,0, 590, False, 4
1319,0, 590, False, 4
1320,0, 590, False, 4
1321,0, 590, False, 4
1322,0, 590, False, 4
1323,0, 590, False, 4
1324,0, 590, False, 4
1325,0, 590, False, 4
1326,0, 590, False, 4
1327,0, 590, False, 4
1328,0, 590, False, 4
1329,0, 590, False, 4
1330,0, 590, False, 4
1331,0, 590, False, 4
1332,0, 590, False, 4
1333,0, 590, False, 4
1334,0, 590, False, 4
1335,0, 590, False, 4
1336,0, 590, False, 4
1337,0, 590, False, 4
1338,0, 590, False, 4
1339,0, 590, False, 4
1340,0, 590, False, 4
1341,0, 590, False, 4
1342,0, 590, False, 4
1343,0, 590, False, 4
1344,0, 590, False, 4
1345,0, 590, False, 4
1346,0, 590, False, 4
1347,0, 590, False, 4
1348,0, 590, False, 4
1349,0, 590, False, 4
1350,0, 590, False, 4
1351,0, 590, False, 4
1352,0, 590, False, 4
1353,0, 590, False, 4
1354,0, 590, False, 4
1355,0, 590, False, 4
1356,0, 590, False, 4
1357,0, 590, False, 4
1358,0, 590, False, 4
1359,0, 590, False, 4
1360,0, 590, False, 4
1361,0, 590, False, 4
1362,0, 590, False, 4
1363,0, 590, False, 4
1364,0, 590, False, 4
1365,0, 590, False, 4
1366,0, 590, False, 0
1367,0, 590, False, 0
1368,0, 590, False, 0
1369,0, 590, False, 0
1370,0, 590, False, 0
1371,0, 590, False, 0
1372,0, 590, False, 0
1373,0, 590, False, 3
1374,0, 590, False, 3
1375,0, 590, False, 3
1376,0, 590, False, 3
1377,0, 590, False, 3
1378,0, 590, False, 3
1379,0, 590, False, 3
1380,0, 590, False, 3
1381,0, 590, False, 3
1382,0, 590, False, 3
1383,0, 590, False, 3
1384,0, 590, False, 3
1385,0, 590, False, 3
1386,0, 590, False, 3
1387,0, 590, False, 3
1388,0, 590, False, 3
1389,0, 590, False, 3
1390,0, 590, False, 3
1391,0, 590, False, 3
1392,0, 590, False, 3
1393,0, 590, False, 3
1394,0, 590, False, 3
1395,0, 590, False, 3
1396,0, 590, False, 3
1397,0, 590, False, 3
1398,0, 590, False, 3
1399,0, 590, False, 3
1400,0, 590, False, 3
1401,0, 590, False, 3
1402,0, 590, False, 3
1403,0, 590, False, 3
1404,0, 590, False, 3
1405,0, 590, False, 3
1406,0, 590, False, 3
1407,0, 590, False, 3
1408,0, 590, False, 3
1409,0, 590, False, 3
1410,0, 590, False, 3
1411,0, 590, False, 3
1412,0, 590, False, 3
1413,0, 590, False, 3
1414,0, 590, False, 3
1415,0, 590, False, 3
1416,0, 590, False, 3
1417,0, 590, False, 3
1418,0, 590, False, 3
1419,0, 590, False, 3
1420,0, 590, False, 3
1421,0, 590, False, 3
1422,0, 590, False, 3
1423,0, 590, False, 3
1424,0, 590, False, 3
1425,0, 590, False, 3
1426,0, 590, False, 0
1427,0, 590, False, 0
1428,0, 590, False, 0
1429,0, 590, False, 0
1430,0, 590, False, 0
1431,0, 590, False, 0
1432,0, 590, False, 0
1433,0, 590, False, 0
1434,0, 590, False, 0
1435,0, 590, False, 0
1436,0, 590, False, 0
1437,0, 590, False, 0
1438,0, 590, False, 0
1439,0, 590, False, 0
1440,0, 590, False, 0
1441,0, 590, False, 0
1442,0, 590, False, 0
1443,0, 590, False, 0
1444,0, 590, False, 0
1445,0, 590, False, 0
1446,0, 590, False, 0
1447,0, 590, False, 0
1448,0, 590, False, 4
1449,0, 590, False, 4
1450,0, 590, False, 4
1451,0, 590, False, 4
1452,0, 590, False, 4
1453,0, 590, False, 4
1454,0, 590, False, 4
1455,0, 590, False, 4
1456,0, 590, False, 4
1457,0, 590, False, 4
1458,0, 590, False, 4
1459,0, 590, False, 4
1460,0, 590, False, 4
1461,0, 590, False, 4
1462,0, 590, False, 4
1463,0, 590, False, 4
1464,0, 590, False, 4
1465,0, 590, False, 4
1466,0, 590, False, 4
1467,0, 590, False, 4
1468,0, 590, False, 4
1469,0, 590, False, 4
1470,0, 590, False, 4
1471,0, 590, False, 4
1472,0, 590, False, 4
1473,0, 590, False, 4
1474,0, 590, False, 0
1475,0, 590, False, 0
1476,0, 590, False, 0
1477,0, 590, False, 0
1478,0, 590, False, 0
1479,0, 590, False, 0
1480,0, 590, False, 0
1481,0, 590, False, 0
1482,0, 590, False, 0
1483,0, 590, False, 0
1484,0, 590, False, 0
1485,0, 590, False, 0
1486,0, 590, False, 0
1487,0, 590, False, 0
1488,0, 590, False, 0
1489,0, 590, False, 0
1490,0, 590, False, 0
1491,0, 590, False, 0
1492,0, 590, False, 0
1493,0, 590, False, 4
1494,0, 590, False, 4
1495,0, 590, False, 4
1496,0, 590, False, 4
1497,0, 590, False, 4
1498,0, 590, False, 4
1499,0, 590, False, 4
1500,0, 590, False, 4
1501,0, 590, False, 4
1502,0, 590, False, 4
1503,0, 590, False, 4
1504,0, 590, False, 4
1505,0, 590, False, 4
1506,0, 590, False, 4
1507,0, 590, False, 4
1508,0, 590, False, 4
1509,0, 590, False, 4
1510,0, 590, False, 4
1511,0, 590, False, 4
1512,0, 590, False, 4
1513,0, 590, False, 4
1514,0, 590, False, 4
1515,0, 590, False, 4
1516,0, 590, False, 4
1517,0, 590, False, 4
1518,0, 590, False, 4
1519,0, 590, False, 4
1520,0, 590, False, 4
1521,0, 590, False, 4
1522,0, 590, False, 4
1523,0, 590, False, 4
1524,0, 590, False, 4
1525,0, 590, False, 4
1526,0, 590, False, 4
1527,0, 590, False, 4
1528,0, 590, False, 4
1529,0, 590, False, 4
1530,0, 590, False, 4
1531,0, 590, False, 4
1532,0, 590, False, 4
1533,0, 590, False, 4
1534,0, 590, False, 4
1535,0, 590, False, 4
1536,0, 590, False, 4
1537,0, 590, False, 4
1538,0, 590, False, 4
1539,0, 590, False, 4
1540,0, 590, False, 4
1541,0, 590, False, 4
1542,0, 590, False, 4
1543,0, 590, False, 4
1544,0, 590, False, 4
1545,0, 590, False, 4
1546,0, 590, False, 4
1547,0, 590, False, 4
1548,0, 590, False, 4
1549,0, 590, False, 4
1550,0, 590, False, 4
1551,0, 590, False, 4
1552,0, 590, False, 4
1553,0, 590, False, 7
1554,0, 590, False, 2
1555,0, 590, False, 2
1556,0, 590, False, 2
1557,0, 590, False, 2
1558,0, 590, False, 2
1559,0, 590, False, 2
1560,0, 590, False, 2
1561,0, 590, False, 2
1562,0, 590, False, 2
1563,0, 590, False, 2
1564,0, 590, False, 2
1565,0, 590, False, 2
1566,0, 590, False, 2
1567,0, 590, False, 2
1568,0, 590, False, 2
1569,0, 590, False, 2
1570,0, 590, False, 2
1571,0, 590, False, 2
1572,10, 600, False, 2
1573,0, 600, False, 2
1574,0, 600, False, 2
1575,0, 600, False, 2
1576,0, 600, False, 2
1577,0, 600, False, 2
1578,0, 600, False, 2
1579,0, 600, False, 2
1580,0, 600, False, 2
1581,0, 600, False, 2
1582,0, 600, False, 2
1583,0, 600, False, 2
1584,0, 600, False, 2
1585,0, 600, False, 2
1586,10, 610, False, 2
1587,0, 610, False, 2
1588,0, 610, False, 2
1589,0, 610, False, 2
1590,0, 610, False, 2
1591,0, 610, False, 2
1592,0, 610, False, 2
1593,0, 610, False, 2
1594,0, 610, False, 2
1595,0, 610, False, 2
1596,0, 610, False, 2
1597,0, 610, False, 2
1598,0, 610, False, 2
1599,0, 610, False, 2
1600,10, 620, False, 2
1601,0, 620, False, 2
1602,0, 620, False, 2
1603,0, 620, False, 2
1604,0, 620, False, 2
1605,0, 620, False, 2
1606,0, 620, False, 2
1607,0, 620, False, 2
1608,0, 620, False, 2
1609,0, 620, False, 2
1610,0, 620, False, 2
1611,0, 620, False, 2
1612,0, 620, False, 2
1613,0, 620, False, 2
1614,10, 630, False, 2
1615,0, 630, False, 2
1616,0, 630, False, 2
1617,0, 630, False, 2
1618,0, 630, False, 7
1619,0, 630, False, 7
1620,0, 630, False, 7
1621,0, 630, False, 4
1622,0, 630, False, 4
1623,0, 630, False, 4
1624,0, 630, False, 4
1625,0, 630, False, 4
1626,0, 630, False, 4
1627,0, 630, False, 4
1628,0, 630, False, 4
1629,0, 630, False, 4
1630,0, 630, False, 4
1631,0, 630, False, 4
1632,0, 630, False, 4
1633,0, 630, False, 4
1634,0, 630, False, 4
1635,0, 630, False, 4
1636,0, 630, False, 4
1637,0, 630, False, 4
1638,0, 630, False, 4
1639,0, 630, False, 4
1640,0, 630, False, 0
1641,0, 630, False, 0
1642,0, 630, False, 2
1643,0, 630, False, 2
1644,0, 630, False, 2
1645,0, 630, False, 2
1646,0, 630, False, 2
1647,0, 630, False, 2
1648,0, 630, False, 2
1649,0, 630, False, 2
1650,0, 630, False, 2
1651,0, 630, False, 2
1652,0, 630, False, 2
1653,0, 630, False, 2
1654,0, 630, False, 2
1655,0, 630, False, 2
1656,0, 630, False, 2
1657,0, 630, False, 2
1658,0, 630, False, 2
1659,0, 630, False, 2
1660,0, 630, False, 2
1661,0, 630, False, 2
1662,0, 630, False, 2
1663,0, 630, False, 2
1664,0, 630, False, 2
1665,0, 630, False, 2
1666,0, 630, False, 2
1667,0, 630, False, 2
1668,0, 630, False, 2
1669,0, 630, False, 2
1670,0, 630, False, 2
1671,0, 630, False, 2
1672,0, 630, False, 2
1673,0, 630, False, 2
1674,0, 630, False, 2
1675,0, 630, False, 2
1676,0, 630, False, 2
1677,0, 630, False, 2
1678,0, 630, False, 2
1679,0, 630, False, 2
1680,0, 630, False, 2
1681,0, 630, False, 2
1682,0, 630, False, 2
1683,0, 630, False, 2
1684,0, 630, False, 2
1685,0, 630, False, 2
1686,0, 630, False, 0
1687,0, 630, False, 0
1688,0, 630, False, 0
1689,0, 630, False, 0
1690,0, 630, False, 0
1691,0, 630, False, 0
1692,0, 630, False, 0
1693,0, 630, False, 4
1694,0, 630, False, 4
1695,0, 630, False, 4
1696,0, 630, False, 4
1697,0, 630, False, 4
1698,0, 630, False, 4
1699,0, 630, False, 4
1700,0, 630, False, 4
1701,0, 630, False, 4
1702,0, 630, False, 4
1703,0, 630, False, 4
1704,0, 630, False, 4
1705,0, 630, False, 5
1706,0, 630, False, 5
1707,0, 630, False, 5
1708,0, 630, False, 5
1709,0, 630, False, 5
1710,0, 630, False, 5
1711,0, 630, False, 5
1712,0, 630, False, 5
1713,0, 630, False, 5
1714,0, 630, False, 5
1715,0, 630, False, 5
1716,0, 630, False, 5
1717,0, 630, False, 0
1718,0, 630, False, 0
1719,0, 630, False, 0
1720,0, 630, False, 0
1721,0, 630, False, 4
1722,0, 630, False, 4
1723,0, 630, False, 4
1724,0, 630, False, 4
1725,0, 630, False, 4
1726,0, 630, False, 4
1727,0, 630, False, 4
1728,0, 630, False, 4
1729,0, 630, False, 4
1730,0, 630, False, 4
1731,0, 630, False, 4
1732,0, 630, False, 4
1733,0, 630, False, 4
1734,0, 630, False, 4
1735,0, 630, False, 4
1736,0, 630, False, 4
1737,0, 630, False, 4
1738,0, 630, False, 4
1739,0, 630, False, 4
1740,0, 630, False, 4
1741,0, 630, False, 4
1742,0, 630, False, 4
1743,0, 630, False, 4
1744,0, 630, False, 4
1745,0, 630, False, 4
1746,0, 630, False, 4
1747,0, 630, False, 4
1748,0, 630, False, 4
1749,0, 630, False, 4
1750,0, 630, False, 4
1751,0, 630, False, 4
1752,0, 630, False, 4
1753,0, 630, False, 4
1754,0, 630, False, 4
1755,0, 630, False, 4
1756,0, 630, False, 4
1757,0, 630, False, 4
1758,0, 630, False, 4
1759,0, 630, False, 0
1760,0, 630, False, 2
1761,0, 630, False, 2
1762,0, 630, False, 2
1763,0, 630, False, 2
1764,0, 630, False, 2
1765,0, 630, False, 2
1766,0, 630, False, 2
1767,0, 630, False, 2
1768,0, 630, False, 2
1769,0, 630, False, 2
1770,0, 630, False, 2
1771,0, 630, False, 2
1772,0, 630, False, 2
1773,0, 630, False, 2
1774,0, 630, False, 2
1775,0, 630, False, 0
1776,0, 630, False, 0
1777,0, 630, False, 0
1778,0, 630, False, 0
1779,0, 630, False, 0
1780,0, 630, False, 0
1781,0, 630, False, 0
1782,0, 630, False, 0
1783,0, 630, False, 0
1784,0, 630, False, 0
1785,0, 630, False, 0
1786,0, 630, False, 0
1787,0, 630, False, 0
1788,0, 630, False, 0
1789,0, 630, False, 0
1790,0, 630, False, 3
1791,0, 630, False, 3
1792,0, 630, False, 3
1793,0, 630, False, 3
1794,0, 630, False, 3
1795,0, 630, False, 3
1796,0, 630, False, 3
1797,0, 630, False, 0
1798,0, 630, False, 0
1799,0, 630, False, 0
1800,0, 630, False, 0
1801,0, 630, False, 0
1802,0, 630, False, 0
1803,0, 630, False, 0
1804,0, 630, False, 0
1805,0, 630, False, 0
1806,0, 630, False, 0
1807,0, 630, False, 2
1808,0, 630, False, 2
1809,0, 630, False, 2
1810,0, 630, False, 2
1811,0, 630, False, 2
1812,0, 630, False, 2
1813,0, 630, False, 2
1814,0, 630, False, 2
1815,0, 630, False, 2
1816,0, 630, False, 2
1817,0, 630, False, 2
1818,0, 630, False, 2
1819,0, 630, False, 2
1820,0, 630, False, 2
1821,0, 630, False, 2
1822,0, 630, False, 2
1823,0, 630, False, 2
1824,0, 630, False, 2
1825,0, 630, False, 2
1826,0, 630, False, 2
1827,0, 630, False, 2
1828,0, 630, False, 2
1829,0, 630, False, 2
1830,0, 630, False, 2
1831,0, 630, False, 4
1832,0, 630, False, 4
1833,0, 630, False, 4
1834,0, 630, False, 4
1835,0, 630, False, 4
1836,0, 630, False, 4
1837,0, 630, False, 4
1838,0, 630, False, 4
1839,0, 630, False, 4
1840,0, 630, False, 4
1841,0, 630, False, 4
1842,0, 630, False, 4
1843,0, 630, False, 0
1844,0, 630, False, 0
1845,0, 630, False, 0
1846,0, 630, False, 0
1847,0, 630, False, 0
1848,0, 630, False, 0
1849,0, 630, False, 0
1850,0, 630, False, 0
1851,0, 630, False, 0
1852,0, 630, False, 0
1853,0, 630, False, 0
1854,0, 630, False, 0
1855,0, 630, False, 0
1856,0, 630, False, 0
1857,0, 630, False, 0
1858,0, 630, False, 0
1859,0, 630, False, 0
1860,0, 630, False, 0
1861,0, 630, False, 0
1862,0, 630, False, 5
1863,0, 630, False, 5
1864,0, 630, False, 5
1865,0, 630, False, 5
1866,0, 630, False, 5
1867,0, 630, False, 5
1868,0, 630, False, 5
1869,0, 630, False, 5
1870,0, 630, False, 5
1871,0, 630, False, 5
1872,0, 630, False, 5
1873,0, 630, False, 0
1874,0, 630, False, 0
1875,0, 630, False, 0
1876,0, 630, False, 0
1877,0, 630, False, 0
1878,0, 630, False, 0
1879,0, 630, False, 0
1880,0, 630, False, 0
1881,0, 630, False, 0
1882,0, 630, False, 0
1883,0, 630, False, 0
1884,0, 630, False, 0
1885,0, 630, False, 0
1886,0, 630, False, 0
1887,0, 630, False, 0
1888,0, 630, False, 0
1889,0, 630, False, 0
1890,0, 630, False, 4
1891,0, 630, False, 4
1892,0, 630, False, 4
1893,0, 630, False, 4
1894,0, 630, False, 4
1895,0, 630, False, 4
1896,0, 630, False, 4
1897,0, 630, False, 4
1898,0, 630, False, 0
1899,0, 630, False, 0
1900,0, 630, False, 0
1901,0, 630, False, 0
1902,0, 630, False, 0
1903,0, 630, False, 0
1904,0, 630, False, 0
1905,0, 630, False, 0
1906,0, 630, False, 0
1907,0, 630, False, 0
1908,0, 630, False, 0
1909,0, 630, False, 0
1910,0, 630, False, 0
1911,0, 630, False, 0
1912,0, 630, False, 0
1913,0, 630, False, 0
1914,0, 630, False, 0
1915,0, 630, False, 0
1916,0, 630, False, 0
1917,0, 630, False, 0
1918,0, 630, False, 0
1919,0, 630, False, 0
1920,0, 630, False, 0
1921,0, 630, False, 0
1922,0, 630, False, 0
1923,0, 630, False, 0
1924,0, 630, False, 0
1925,0, 630, False, 0
1926,0, 630, False, 0
1927,0, 630, False, 0
1928,0, 630, False, 0
1929,0, 630, False, 0
1930,0, 630, False, 0
1931,0, 630, False, 0
1932,0, 630, False, 0
1933,0, 630, False, 0
1934,0, 630, False, 0
1935,0, 630, False, 0
1936,0, 630, False, 0
1937,0, 630, False, 0
1938,0, 630, False, 0
1939,0, 630, False, 0
1940,0, 630, False, 0
1941,0, 630, False, 0
1942,0, 630, False, 4
1943,0, 630, False, 4
1944,0, 630, False, 4
1945,0, 630, False, 4
1946,0, 630, False, 4
1947,0, 630, False, 4
1948,0, 630, False, 4
1949,0, 630, False, 4
1950,0, 630, False, 4
1951,0, 630, False, 4
1952,0, 630, False, 4
1953,0, 630, False, 4
1954,0, 630, False, 4
1955,0, 630, False, 4
1956,0, 630, False, 4
1957,0, 630, False, 4
1958,0, 630, False, 4
1959,0, 630, False, 4
1960,0, 630, False, 4
1961,0, 630, False, 4
1962,0, 630, False, 4
1963,0, 630, False, 4
1964,0, 630, False, 4
1965,0, 630, False, 4
1966,0, 630, False, 4
1967,0, 630, False, 4
1968,0, 630, False, 4
1969,0, 630, False, 4
1970,0, 630, False, 4
1971,0, 630, False, 0
1972,0, 630, False, 0
1973,0, 630, False, 0
1974,0, 630, False, 0
1975,0, 630, False, 0
1976,0, 630, False, 0
1977,0, 630, False, 0
1978,0, 630, False, 0
1979,0, 630, False, 0
1980,0, 630, False, 0
1981,0, 630, False, 0
1982,0, 630, False, 0
1983,0, 630, False, 0
1984,0, 630, False, 0
1985,0, 630, False, 0
1986,0, 630, False, 0
1987,0, 630, False, 0
1988,0, 630, False, 0
1989,0, 630, False, 0
1990,0, 630, False, 3
1991,0, 630, False, 3
1992,0, 630, False, 3
1993,0, 630, False, 3
1994,0, 630, False, 3
1995,0, 630, False, 3
1996,0, 630, False, 3
1997,0, 630, False, 3
1998,0, 630, False, 3
1999,0, 630, False, 3
2000,0, 630, False, 3
2001,0, 630, False, 3
2002,0, 630, False, 3
2003,0, 630, False, 3
2004,0, 630, False, 3
2005,0, 630, False, 3
2006,0, 630, False, 3
2007,0, 630, False, 3
2008,0, 630, False, 3
2009,0, 630, False, 3
2010,0, 630, False, 3
2011,0, 630, False, 3
2012,0, 630, False, 3
2013,0, 630, False, 3
2014,0, 630, False, 3
2015,0, 630, False, 3
2016,0, 630, False, 3
2017,0, 630, False, 3
2018,0, 630, False, 3
2019,0, 630, False, 3
2020,0, 630, False, 3
2021,0, 630, False, 3
2022,0, 630, False, 3
2023,0, 630, False, 3
2024,0, 630, False, 3
2025,0, 630, False, 3
2026,0, 630, False, 3
2027,0, 630, False, 3
2028,0, 630, False, 3
2029,0, 630, False, 3
2030,0, 630, False, 3
2031,0, 630, False, 3
2032,0, 630, False, 3
2033,0, 630, False, 3
2034,0, 630, False, 3
2035,0, 630, False, 3
2036,0, 630, False, 3
2037,0, 630, False, 3
2038,0, 630, False, 3
2039,0, 630, False, 3
2040,0, 630, False, 3
2041,0, 630, False, 3
2042,0, 630, False, 3
2043,0, 630, False, 3
2044,0, 630, False, 3
2045,0, 630, False, 3
2046,0, 630, False, 3
2047,0, 630, False, 3
2048,0, 630, False, 3
2049,0, 630, False, 3
2050,0, 630, False, 3
2051,0, 630, False, 3
2052,0, 630, False, 3
2053,0, 630, False, 3
2054,0, 630, False, 3
2055,0, 630, False, 3
2056,0, 630, False, 3
2057,0, 630, False, 3
2058,0, 630, False, 3
2059,0, 630, False, 3
2060,0, 630, False, 3
2061,0, 630, False, 3
2062,0, 630, False, 3
2063,0, 630, False, 3
2064,0, 630, False, 3
2065,0, 630, False, 3
2066,0, 630, False, 3
2067,0, 630, False, 3
2068,0, 630, False, 3
2069,0, 630, False, 3
2070,0, 630, False, 3
2071,0, 630, False, 3
2072,0, 630, False, 3
2073,0, 630, False, 3
2074,0, 630, False, 3
2075,0, 630, False, 3
2076,0, 630, False, 3
2077,0, 630, False, 3
2078,0, 630, False, 3
2079,0, 630, False, 3
2080,0, 630, False, 3
2081,0, 630, False, 3
2082,0, 630, False, 3
2083,0, 630, False, 3
2084,0, 630, False, 3
2085,0, 630, False, 3
2086,0, 630, False, 3
2087,0, 630, False, 3
2088,0, 630, False, 3
2089,0, 630, False, 3
2090,0, 630, False, 3
2091,0, 630, False, 3
2092,0, 630, False, 3
2093,0, 630, False, 3
2094,0, 630, False, 3
2095,0, 630, False, 3
2096,0, 630, False, 3
2097,0, 630, False, 3
2098,0, 630, False, 3
2099,0, 630, False, 3
2100,0, 630, False, 3
2101,0, 630, False, 3
2102,0, 630, False, 3
2103,0, 630, False, 3
2104,0, 630, False, 3
2105,0, 630, False, 3
2106,0, 630, False, 3
2107,0, 630, False, 3
2108,0, 630, False, 3
2109,0, 630, False, 3
2110,0, 630, False, 3
2111,0, 630, False, 3
2112,0, 630, False, 3
2113,0, 630, False, 3
2114,0, 630, False, 3
2115,0, 630, False, 3
2116,0, 630, False, 3
2117,0, 630, False, 3
2118,0, 630, False, 3
2119,0, 630, False, 3
2120,0, 630, False, 3
2121,0, 630, False, 3
2122,0, 630, False, 3
2123,0, 630, False, 3
2124,0, 630, False, 3
2125,0, 630, False, 3
2126,0, 630, False, 3
2127,0, 630, False, 3
2128,0, 630, False, 3
2129,0, 630, False, 3
2130,0, 630, False, 3
2131,0, 630, False, 3
2132,0, 630, False, 3
2133,0, 630, False, 3
2134,0, 630, False, 3
2135,0, 630, False, 3
2136,0, 630, False, 3
2137,0, 630, False, 3
2138,0, 630, False, 3
2139,0, 630, False, 3
2140,0, 630, False, 3
2141,0, 630, False, 0
2142,0, 630, False, 0
2143,0, 630, False, 0
2144,0, 630, False, 0
2145,0, 630, False, 0
2146,0, 630, False, 0
2147,0, 630, False, 2
2148,0, 630, False, 2
2149,0, 630, False, 2
2150,0, 630, False, 2
2151,0, 630, False, 2
2152,0, 630, False, 2
2153,0, 630, False, 2
2154,0, 630, False, 2
2155,0, 630, False, 2
2156,0, 630, False, 2
2157,0, 630, False, 2
2158,0, 630, False, 2
2159,0, 630, False, 2
2160,0, 630, False, 2
2161,0, 630, False, 2
2162,0, 630, False, 2
2163,0, 630, False, 2
2164,0, 630, False, 2
2165,0, 630, False, 2
2166,0, 630, False, 2
2167,0, 630, False, 2
2168,0, 630, False, 2
2169,0, 630, False, 2
2170,0, 630, False, 2
2171,0, 630, False, 2
2172,0, 630, False, 2
2173,0, 630, False, 2
2174,0, 630, False, 2
2175,0, 630, False, 2
2176,0, 630, False, 2
2177,0, 630, False, 2
2178,0, 630, False, 2
2179,0, 630, False, 2
2180,0, 630, False, 2
2181,0, 630, False, 2
2182,0, 630, False, 2
2183,0, 630, False, 2
2184,0, 630, False, 2
2185,0, 630, False, 2
2186,0, 630, False, 2
2187,0, 630, False, 2
2188,0, 630, False, 2
2189,0, 630, False, 2
2190,0, 630, False, 2
2191,0, 630, False, 2
2192,0, 630, False, 2
2193,0, 630, False, 2
2194,0, 630, False, 2
2195,0, 630, False, 2
2196,0, 630, False, 2
2197,0, 630, False, 2
2198,0, 630, False, 2
2199,0, 630, False, 2
2200,0, 630, False, 0
2201,0, 630, False, 0
2202,0, 630, False, 0
2203,0, 630, False, 0
2204,0, 630, False, 0
2205,0, 630, False, 0
2206,0, 630, False, 0
2207,0, 630, False, 0
2208,0, 630, False, 0
2209,0, 630, False, 0
2210,0, 630, False, 0
2211,0, 630, False, 0
2212,0, 630, False, 0
2213,0, 630, False, 0
2214,0, 630, False, 0
2215,0, 630, False, 0
2216,0, 630, False, 0
2217,0, 630, False, 0
2218,0, 630, False, 0
2219,0, 630, False, 0
2220,0, 630, False, 0
2221,0, 630, False, 0
2222,0, 630, False, 0
2223,0, 630, False, 0
2224,0, 630, False, 0
2225,0, 630, False, 0
2226,0, 630, False, 0
2227,0, 630, False, 0
2228,0, 630, False, 0
2229,0, 630, False, 0
2230,0, 630, False, 0
2231,0, 630, False, 0
2232,0, 630, False, 0
2233,0, 630, False, 0
2234,0, 630, False, 0
2235,0, 630, False, 0
2236,0, 630, False, 0
2237,0, 630, False, 0
2238,0, 630, False, 0
2239,0, 630, False, 0
2240,0, 630, False, 0
2241,0, 630, False, 0
2242,0, 630, False, 0
2243,0, 630, False, 0
2244,0, 630, False, 0
2245,0, 630, False, 0
2246,0, 630, False, 0
2247,0, 630, False, 0
2248,0, 630, False, 0
2249,0, 630, False, 0
2250,0, 630, False, 0
2251,0, 630, False, 0
2252,0, 630, False, 0
2253,0, 630, False, 0
2254,0, 630, False, 0
2255,0, 630, False, 0
2256,0, 630, False, 0
2257,0, 630, False, 0
2258,0, 630, False, 0
2259,0, 630, False, 0
2260,0, 630, False, 0
2261,0, 630, False, 0
2262,0, 630, False, 0
2263,0, 630, False, 0
2264,0, 630, False, 0
2265,0, 630, False, 0
2266,0, 630, False, 0
2267,0, 630, False, 0
2268,0, 630, False, 0
2269,0, 630, False, 0
2270,0, 630, False, 0
2271,0, 630, False, 0
2272,0, 630, False, 0
2273,0, 630, False, 0
2274,0, 630, False, 0
2275,0, 630, False, 0
2276,0, 630, False, 0
2277,0, 630, False, 0
2278,0, 630, False, 0
2279,0, 630, False, 0
2280,0, 630, False, 0
2281,0, 630, False, 0
2282,0, 630, False, 0
2283,0, 630, False, 0
2284,0, 630, False, 0
2285,0, 630, False, 0
2286,0, 630, False, 0
2287,0, 630, False, 0
2288,0, 630, False, 0
2289,0, 630, False, 0
2290,0, 630, False, 0
2291,0, 630, False, 0
2292,0, 630, False, 0
2293,0, 630, False, 0
2294,0, 630, False, 0
2295,0, 630, False, 0
2296,0, 630, False, 0
2297,0, 630, False, 0
2298,0, 630, False, 0
2299,0, 630, False, 0
2300,0, 630, False, 0
2301,0, 630, False, 0
2302,0, 630, False, 0
2303,0, 630, False, 0
2304,0, 630, False, 0
2305,0, 630, False, 0
2306,0, 630, False, 0
2307,0, 630, False, 0
2308,0, 630, False, 0
2309,0, 630, False, 0
2310,0, 630, False, 0
2311,0, 630, False, 0
2312,0, 630, False, 0
2313,0, 630, False, 0
2314,0, 630, False, 0
2315,0, 630, False, 0
2316,0, 630, False, 0
2317,0, 630, False, 0
2318,0, 630, False, 0
2319,0, 630, False, 0
2320,0, 630, False, 0
2321,0, 630, False, 0
2322,0, 630, False, 0
2323,0, 630, False, 0
2324,0, 630, False, 0
2325,0, 630, False, 0
2326,0, 630, False, 0
2327,0, 630, False, 0
2328,0, 630, False, 0
2329,0, 630, False, 0
2330,0, 630, False, 0
2331,0, 630, False, 0
2332,0, 630, False, 0
2333,0, 630, False, 0
2334,0, 630, False, 0
2335,0, 630, False, 0
2336,0, 630, False, 0
2337,0, 630, False, 0
2338,0, 630, False, 0
2339,0, 630, False, 0
2340,0, 630, False, 0
2341,0, 630, False, 0
2342,0, 630, False, 0
2343,0, 630, False, 0
2344,0, 630, False, 0
2345,0, 630, False, 0
2346,0, 630, False, 0
2347,0, 630, False, 0
2348,0, 630, False, 0
2349,0, 630, False, 0
2350,0, 630, False, 0
2351,0, 630, False, 0
2352,0, 630, False, 0
2353,0, 630, False, 0
2354,0, 630, False, 0
2355,0, 630, False, 0
2356,0, 630, False, 0
2357,0, 630, False, 0
2358,0, 630, False, 0
2359,0, 630, False, 0
2360,0, 630, False, 0
2361,0, 630, False, 0
2362,0, 630, False, 0
2363,0, 630, False, 0
2364,0, 630, False, 0
2365,0, 630, False, 0
2366,0, 630, False, 0
2367,0, 630, False, 0
2368,0, 630, False, 0
2369,0, 630, False, 0
2370,0, 630, False, 0
2371,0, 630, False, 0
2372,0, 630, False, 0
2373,0, 630, False, 0
2374,0, 630, False, 0
2375,0, 630, False, 0
2376,0, 630, False, 0
2377,0, 630, False, 0
2378,0, 630, False, 0
2379,0, 630, False, 0
2380,0, 630, False, 0
2381,0, 630, False, 0
2382,0, 630, False, 0
2383,0, 630, False, 0
2384,0, 630, False, 0
2385,0, 630, False, 0
2386,0, 630, False, 0
2387,0, 630, False, 0
2388,0, 630, False, 0
2389,0, 630, False, 0
2390,0, 630, False, 0
2391,0, 630, False, 0
2392,0, 630, False, 0
2393,0, 630, False, 0
2394,0, 630, False, 0
2395,0, 630, False, 0
2396,0, 630, False, 0
2397,0, 630, False, 0
2398,0, 630, False, 0
2399,0, 630, False, 0
2400,0, 630, False, 0
2401,0, 630, False, 0
2402,0, 630, False, 0
2403,0, 630, False, 0
2404,0, 630, False, 0
2405,0, 630, False, 0
2406,0, 630, False, 0
2407,0, 630, False, 0
2408,0, 630, False, 0
2409,0, 630, False, 0
2410,0, 630, False, 0
2411,0, 630, False, 0
2412,0, 630, False, 0
2413,0, 630, False, 0
2414,0, 630, False, 0
2415,0, 630, False, 0
2416,0, 630, False, 0
2417,0, 630, False, 0
2418,0, 630, False, 0
2419,0, 630, False, 0
2420,0, 630, False, 0
2421,0, 630, False, 0
2422,0, 630, False, 0
2423,0, 630, False, 0
2424,0, 630, False, 0
2425,0, 630, False, 0
2426,0, 630, False, 0
2427,0, 630, False, 0
2428,0, 630, False, 0
2429,0, 630, False, 0
2430,0, 630, False, 0
2431,0, 630, False, 0
2432,0, 630, False, 0
2433,0, 630, False, 0
2434,0, 630, False, 0
2435,0, 630, False, 0
2436,0, 630, False, 0
2437,0, 630, False, 0
2438,0, 630, False, 0
2439,0, 630, False, 0
2440,0, 630, False, 0
2441,0, 630, False, 0
2442,0, 630, False, 0
2443,0, 630, False, 0
2444,0, 630, False, 0
2445,0, 630, False, 0
2446,0, 630, False, 0
2447,0, 630, False, 0
2448,0, 630, False, 0
2449,0, 630, False, 0
2450,0, 630, False, 0
2451,0, 630, False, 0
2452,0, 630, False, 0
2453,0, 630, False, 0
2454,0, 630, False, 0
2455,0, 630, False, 0
2456,0, 630, False, 0
2457,0, 630, False, 0
2458,0, 630, False, 0
2459,0, 630, False, 0
2460,0, 630, False, 0
2461,0, 630, False, 0
2462,0, 630, False, 0
2463,0, 630, False, 0
2464,0, 630, False, 0
2465,0, 630, False, 0
2466,0, 630, False, 0
2467,0, 630, False, 0
2468,0, 630, False, 0
2469,0, 630, False, 0
2470,0, 630, False, 0
2471,0, 630, False, 0
2472,0, 630, False, 0
2473,0, 630, False, 0
2474,0, 630, False, 0
2475,0, 630, False, 0
2476,0, 630, False, 0
2477,0, 630, False, 0
2478,0, 630, False, 0
2479,0, 630, False, 0
2480,0, 630, False, 0
2481,0, 630, False, 0
2482,0, 630, False, 0
2483,0, 630, False, 0
2484,0, 630, False, 0
2485,0, 630, False, 0
2486,0, 630, False, 0
2487,0, 630, False, 0
2488,0, 630, False, 0
2489,0, 630, False, 0
2490,0, 630, False, 0
2491,0, 630, False, 0
2492,0, 630, False, 0
2493,0, 630, False, 0
2494,0, 630, False, 0
2495,0, 630, False, 0
2496,0, 630, False, 0
2497,0, 630, False, 0
2498,0, 630, False, 0
2499,0, 630, False, 0
2500,0, 630, False, 0
2501,0, 630, False, 0
2502,0, 630, False, 0
2503,0, 630, False, 0
2504,0, 630, False, 0
2505,0, 630, False, 0
2506,0, 630, False, 0
2507,0, 630, False, 0
2508,0, 630, False, 0
2509,0, 630, False, 0
2510,0, 630, False, 0
2511,0, 630, False, 0
