db traj id : 476
frame,reward,score,terminal, action
0,0, 0, False, 0
1,0, 0, False, 0
2,0, 0, False, 0
3,0, 0, False, 0
4,0, 0, False, 0
5,0, 0, False, 0
6,0, 0, False, 0
7,0, 0, False, 0
8,0, 0, False, 0
9,0, 0, False, 0
10,0, 0, False, 0
11,0, 0, False, 0
12,0, 0, False, 0
13,0, 0, False, 0
14,0, 0, False, 0
15,0, 0, False, 0
16,0, 0, False, 0
17,0, 0, False, 0
18,0, 0, False, 0
19,0, 0, False, 0
20,0, 0, False, 0
21,0, 0, False, 0
22,0, 0, False, 0
23,0, 0, False, 0
24,0, 0, False, 0
25,0, 0, False, 0
26,0, 0, False, 0
27,0, 0, False, 0
28,0, 0, False, 0
29,0, 0, False, 0
30,0, 0, False, 0
31,0, 0, False, 0
32,0, 0, False, 0
33,0, 0, False, 0
34,0, 0, False, 0
35,0, 0, False, 0
36,0, 0, False, 0
37,0, 0, False, 0
38,0, 0, False, 0
39,0, 0, False, 0
40,0, 0, False, 0
41,0, 0, False, 0
42,0, 0, False, 0
43,0, 0, False, 0
44,0, 0, False, 0
45,0, 0, False, 0
46,0, 0, False, 0
47,0, 0, False, 0
48,0, 0, False, 0
49,0, 0, False, 0
50,0, 0, False, 0
51,0, 0, False, 0
52,0, 0, False, 0
53,0, 0, False, 0
54,0, 0, False, 0
55,0, 0, False, 0
56,0, 0, False, 0
57,0, 0, False, 0
58,0, 0, False, 0
59,0, 0, False, 0
60,0, 0, False, 0
61,0, 0, False, 0
62,0, 0, False, 0
63,0, 0, False, 0
64,0, 0, False, 0
65,0, 0, False, 0
66,0, 0, False, 0
67,0, 0, False, 0
68,0, 0, False, 0
69,0, 0, False, 0
70,0, 0, False, 0
71,0, 0, False, 0
72,0, 0, False, 0
73,0, 0, False, 0
74,0, 0, False, 0
75,0, 0, False, 0
76,0, 0, False, 0
77,0, 0, False, 0
78,0, 0, False, 0
79,0, 0, False, 0
80,0, 0, False, 0
81,0, 0, False, 0
82,0, 0, False, 0
83,0, 0, False, 0
84,0, 0, False, 0
85,0, 0, False, 0
86,0, 0, False, 0
87,0, 0, False, 0
88,0, 0, False, 0
89,0, 0, False, 0
90,0, 0, False, 0
91,0, 0, False, 0
92,0, 0, False, 0
93,0, 0, False, 0
94,0, 0, False, 0
95,0, 0, False, 0
96,0, 0, False, 0
97,0, 0, False, 0
98,0, 0, False, 0
99,0, 0, False, 0
100,0, 0, False, 0
101,0, 0, False, 0
102,0, 0, False, 0
103,0, 0, False, 0
104,0, 0, False, 0
105,0, 0, False, 0
106,0, 0, False, 0
107,0, 0, False, 0
108,0, 0, False, 0
109,0, 0, False, 0
110,0, 0, False, 0
111,0, 0, False, 0
112,0, 0, False, 0
113,0, 0, False, 0
114,0, 0, False, 0
115,0, 0, False, 0
116,0, 0, False, 0
117,0, 0, False, 0
118,0, 0, False, 0
119,0, 0, False, 0
120,0, 0, False, 0
121,0, 0, False, 0
122,0, 0, False, 0
123,0, 0, False, 0
124,0, 0, False, 0
125,0, 0, False, 0
126,0, 0, False, 0
127,0, 0, False, 0
128,0, 0, False, 0
129,0, 0, False, 0
130,0, 0, False, 0
131,0, 0, False, 0
132,0, 0, False, 0
133,0, 0, False, 0
134,0, 0, False, 0
135,0, 0, False, 0
136,0, 0, False, 0
137,0, 0, False, 0
138,0, 0, False, 0
139,0, 0, False, 0
140,0, 0, False, 0
141,0, 0, False, 0
142,0, 0, False, 0
143,0, 0, False, 0
144,0, 0, False, 0
145,0, 0, False, 0
146,0, 0, False, 0
147,0, 0, False, 0
148,0, 0, False, 0
149,0, 0, False, 0
150,0, 0, False, 0
151,0, 0, False, 0
152,0, 0, False, 0
153,0, 0, False, 0
154,0, 0, False, 0
155,0, 0, False, 0
156,0, 0, False, 0
157,0, 0, False, 0
158,0, 0, False, 0
159,0, 0, False, 0
160,0, 0, False, 0
161,0, 0, False, 0
162,0, 0, False, 0
163,0, 0, False, 0
164,0, 0, False, 0
165,0, 0, False, 0
166,0, 0, False, 0
167,0, 0, False, 0
168,0, 0, False, 0
169,0, 0, False, 0
170,0, 0, False, 0
171,0, 0, False, 0
172,0, 0, False, 0
173,0, 0, False, 0
174,0, 0, False, 0
175,0, 0, False, 0
176,0, 0, False, 0
177,0, 0, False, 0
178,0, 0, False, 0
179,0, 0, False, 0
180,0, 0, False, 0
181,0, 0, False, 0
182,0, 0, False, 0
183,0, 0, False, 0
184,0, 0, False, 0
185,0, 0, False, 0
186,0, 0, False, 0
187,0, 0, False, 0
188,0, 0, False, 0
189,0, 0, False, 0
190,0, 0, False, 0
191,0, 0, False, 0
192,0, 0, False, 0
193,0, 0, False, 0
194,0, 0, False, 0
195,0, 0, False, 0
196,0, 0, False, 0
197,0, 0, False, 0
198,0, 0, False, 0
199,0, 0, False, 0
200,0, 0, False, 0
201,0, 0, False, 0
202,0, 0, False, 0
203,0, 0, False, 0
204,0, 0, False, 0
205,0, 0, False, 0
206,0, 0, False, 0
207,0, 0, False, 0
208,0, 0, False, 0
209,0, 0, False, 0
210,0, 0, False, 0
211,0, 0, False, 0
212,0, 0, False, 0
213,0, 0, False, 0
214,0, 0, False, 0
215,0, 0, False, 0
216,0, 0, False, 0
217,0, 0, False, 0
218,0, 0, False, 0
219,0, 0, False, 0
220,0, 0, False, 0
221,0, 0, False, 0
222,0, 0, False, 0
223,0, 0, False, 0
224,0, 0, False, 0
225,0, 0, False, 0
226,0, 0, False, 0
227,0, 0, False, 0
228,0, 0, False, 0
229,0, 0, False, 0
230,0, 0, False, 0
231,0, 0, False, 0
232,0, 0, False, 0
233,0, 0, False, 0
234,0, 0, False, 0
235,0, 0, False, 0
236,0, 0, False, 0
237,0, 0, False, 0
238,0, 0, False, 0
239,0, 0, False, 0
240,0, 0, False, 0
241,0, 0, False, 0
242,0, 0, False, 0
243,0, 0, False, 0
244,0, 0, False, 0
245,0, 0, False, 0
246,0, 0, False, 0
247,0, 0, False, 0
248,0, 0, False, 0
249,0, 0, False, 0
250,0, 0, False, 0
251,0, 0, False, 0
252,0, 0, False, 0
253,0, 0, False, 0
254,0, 0, False, 0
255,0, 0, False, 0
256,0, 0, False, 0
257,0, 0, False, 0
258,0, 0, False, 0
259,0, 0, False, 0
260,0, 0, False, 0
261,0, 0, False, 0
262,0, 0, False, 0
263,0, 0, False, 0
264,0, 0, False, 0
265,0, 0, False, 0
266,0, 0, False, 0
267,0, 0, False, 0
268,10, 10, False, 0
269,0, 10, False, 0
270,0, 10, False, 0
271,0, 10, False, 0
272,0, 10, False, 0
273,0, 10, False, 0
274,0, 10, False, 0
275,0, 10, False, 0
276,0, 10, False, 0
277,0, 10, False, 0
278,0, 10, False, 0
279,0, 10, False, 0
280,0, 10, False, 0
281,0, 10, False, 0
282,10, 20, False, 0
283,0, 20, False, 0
284,0, 20, False, 0
285,0, 20, False, 0
286,0, 20, False, 0
287,0, 20, False, 0
288,0, 20, False, 0
289,0, 20, False, 0
290,0, 20, False, 0
291,0, 20, False, 0
292,0, 20, False, 0
293,0, 20, False, 0
294,0, 20, False, 0
295,0, 20, False, 0
296,10, 30, False, 0
297,0, 30, False, 0
298,0, 30, False, 0
299,0, 30, False, 0
300,0, 30, False, 0
301,0, 30, False, 0
302,0, 30, False, 0
303,0, 30, False, 0
304,0, 30, False, 0
305,0, 30, False, 0
306,0, 30, False, 0
307,0, 30, False, 0
308,10, 40, False, 0
309,0, 40, False, 0
310,0, 40, False, 0
311,0, 40, False, 0
312,0, 40, False, 0
313,0, 40, False, 0
314,0, 40, False, 0
315,0, 40, False, 0
316,0, 40, False, 0
317,0, 40, False, 0
318,0, 40, False, 0
319,0, 40, False, 0
320,0, 40, False, 0
321,0, 40, False, 0
322,10, 50, False, 0
323,0, 50, False, 0
324,0, 50, False, 0
325,0, 50, False, 0
326,0, 50, False, 0
327,0, 50, False, 0
328,0, 50, False, 0
329,0, 50, False, 0
330,0, 50, False, 0
331,0, 50, False, 0
332,0, 50, False, 0
333,0, 50, False, 0
334,0, 50, False, 0
335,0, 50, False, 0
336,10, 60, False, 0
337,0, 60, False, 0
338,0, 60, False, 0
339,0, 60, False, 0
340,0, 60, False, 0
341,0, 60, False, 0
342,0, 60, False, 0
343,0, 60, False, 0
344,0, 60, False, 0
345,0, 60, False, 0
346,0, 60, False, 0
347,0, 60, False, 0
348,0, 60, False, 0
349,0, 60, False, 0
350,0, 60, False, 0
351,0, 60, False, 0
352,0, 60, False, 0
353,0, 60, False, 0
354,0, 60, False, 0
355,0, 60, False, 0
356,0, 60, False, 0
357,0, 60, False, 0
358,0, 60, False, 0
359,0, 60, False, 0
360,0, 60, False, 0
361,0, 60, False, 0
362,0, 60, False, 0
363,0, 60, False, 0
364,0, 60, False, 0
365,0, 60, False, 0
366,0, 60, False, 0
367,0, 60, False, 0
368,0, 60, False, 0
369,0, 60, False, 0
370,0, 60, False, 0
371,0, 60, False, 0
372,0, 60, False, 0
373,0, 60, False, 0
374,0, 60, False, 0
375,0, 60, False, 0
376,0, 60, False, 0
377,0, 60, False, 0
378,0, 60, False, 0
379,0, 60, False, 0
380,0, 60, False, 0
381,0, 60, False, 0
382,0, 60, False, 0
383,0, 60, False, 0
384,0, 60, False, 0
385,0, 60, False, 0
386,0, 60, False, 0
387,0, 60, False, 0
388,0, 60, False, 0
389,0, 60, False, 0
390,0, 60, False, 0
391,0, 60, False, 0
392,0, 60, False, 0
393,0, 60, False, 0
394,0, 60, False, 0
395,0, 60, False, 0
396,0, 60, False, 0
397,0, 60, False, 0
398,0, 60, False, 0
399,0, 60, False, 0
400,0, 60, False, 0
401,0, 60, False, 0
402,0, 60, False, 0
403,0, 60, False, 0
404,0, 60, False, 0
405,0, 60, False, 0
406,0, 60, False, 0
407,0, 60, False, 0
408,0, 60, False, 0
409,0, 60, False, 0
410,0, 60, False, 0
411,0, 60, False, 0
412,0, 60, False, 0
413,0, 60, False, 0
414,0, 60, False, 0
415,0, 60, False, 0
416,0, 60, False, 0
417,0, 60, False, 0
418,0, 60, False, 0
419,0, 60, False, 0
420,0, 60, False, 0
421,0, 60, False, 0
422,0, 60, False, 0
423,0, 60, False, 0
424,0, 60, False, 0
425,0, 60, False, 0
426,0, 60, False, 0
427,0, 60, False, 0
428,0, 60, False, 0
429,0, 60, False, 0
430,0, 60, False, 0
431,0, 60, False, 0
432,0, 60, False, 0
433,0, 60, False, 0
434,0, 60, False, 0
435,0, 60, False, 0
436,0, 60, False, 0
437,0, 60, False, 0
438,0, 60, False, 0
439,0, 60, False, 0
440,0, 60, False, 0
441,0, 60, False, 0
442,0, 60, False, 0
443,0, 60, False, 0
444,0, 60, False, 0
445,0, 60, False, 0
446,0, 60, False, 0
447,0, 60, False, 0
448,0, 60, False, 0
449,0, 60, False, 0
450,0, 60, False, 0
451,0, 60, False, 0
452,0, 60, False, 0
453,0, 60, False, 0
454,0, 60, False, 0
455,0, 60, False, 0
456,0, 60, False, 0
457,0, 60, False, 0
458,0, 60, False, 0
459,0, 60, False, 0
460,0, 60, False, 0
461,0, 60, False, 0
462,0, 60, False, 0
463,0, 60, False, 0
464,0, 60, False, 0
465,0, 60, False, 0
466,0, 60, False, 0
467,0, 60, False, 0
468,0, 60, False, 0
469,0, 60, False, 0
470,0, 60, False, 0
471,0, 60, False, 0
472,0, 60, False, 0
473,0, 60, False, 0
474,0, 60, False, 0
475,0, 60, False, 0
476,0, 60, False, 0
477,0, 60, False, 0
478,0, 60, False, 0
479,0, 60, False, 0
480,0, 60, False, 0
481,0, 60, False, 0
482,0, 60, False, 0
483,0, 60, False, 0
484,0, 60, False, 0
485,0, 60, False, 0
486,0, 60, False, 0
487,0, 60, False, 0
488,0, 60, False, 0
489,0, 60, False, 0
490,0, 60, False, 0
491,0, 60, False, 0
492,0, 60, False, 0
493,0, 60, False, 0
494,0, 60, False, 0
495,0, 60, False, 0
496,0, 60, False, 0
497,0, 60, False, 0
498,0, 60, False, 0
499,0, 60, False, 0
500,0, 60, False, 0
501,0, 60, False, 0
502,0, 60, False, 0
503,0, 60, False, 0
504,0, 60, False, 0
505,0, 60, False, 0
506,0, 60, False, 0
507,0, 60, False, 0
508,0, 60, False, 0
509,0, 60, False, 0
510,0, 60, False, 0
511,0, 60, False, 0
512,0, 60, False, 0
513,0, 60, False, 0
514,0, 60, False, 0
515,0, 60, False, 0
516,0, 60, False, 0
517,0, 60, False, 0
518,0, 60, False, 0
519,0, 60, False, 0
520,0, 60, False, 0
521,0, 60, False, 0
522,0, 60, False, 0
523,0, 60, False, 0
524,0, 60, False, 0
525,0, 60, False, 0
526,0, 60, False, 0
527,0, 60, False, 0
528,0, 60, False, 0
529,0, 60, False, 0
530,0, 60, False, 0
531,0, 60, False, 0
532,0, 60, False, 0
533,0, 60, False, 0
534,0, 60, False, 0
535,0, 60, False, 0
536,0, 60, False, 0
537,0, 60, False, 0
538,0, 60, False, 0
539,0, 60, False, 0
540,0, 60, False, 0
541,0, 60, False, 0
542,0, 60, False, 0
543,0, 60, False, 0
544,0, 60, False, 0
545,0, 60, False, 0
546,0, 60, False, 0
547,0, 60, False, 0
548,0, 60, False, 0
549,0, 60, False, 0
550,0, 60, False, 0
551,0, 60, False, 0
552,0, 60, False, 0
553,0, 60, False, 0
554,0, 60, False, 0
555,0, 60, False, 0
556,0, 60, False, 0
557,0, 60, False, 0
558,0, 60, False, 0
559,0, 60, False, 0
560,0, 60, False, 0
561,0, 60, False, 0
562,0, 60, False, 0
563,0, 60, False, 0
564,0, 60, False, 0
565,0, 60, False, 0
566,0, 60, False, 0
567,0, 60, False, 0
568,0, 60, False, 0
569,0, 60, False, 0
570,0, 60, False, 0
571,0, 60, False, 0
572,0, 60, False, 0
573,0, 60, False, 0
574,0, 60, False, 0
575,0, 60, False, 0
576,0, 60, False, 0
577,0, 60, False, 0
578,0, 60, False, 0
579,0, 60, False, 0
580,0, 60, False, 0
581,0, 60, False, 0
582,0, 60, False, 0
583,0, 60, False, 0
584,0, 60, False, 0
585,0, 60, False, 0
586,0, 60, False, 0
587,0, 60, False, 0
588,0, 60, False, 0
589,0, 60, False, 0
590,0, 60, False, 0
591,0, 60, False, 0
592,0, 60, False, 0
593,0, 60, False, 0
594,0, 60, False, 0
595,0, 60, False, 0
596,0, 60, False, 0
597,0, 60, False, 0
598,0, 60, False, 0
599,0, 60, False, 0
600,0, 60, False, 0
601,0, 60, False, 0
602,0, 60, False, 0
603,0, 60, False, 0
604,0, 60, False, 0
605,0, 60, False, 0
606,0, 60, False, 0
607,0, 60, False, 0
608,0, 60, False, 0
609,0, 60, False, 0
610,0, 60, False, 0
611,0, 60, False, 0
612,0, 60, False, 0
613,0, 60, False, 0
614,0, 60, False, 0
615,0, 60, False, 0
616,0, 60, False, 0
617,0, 60, False, 0
618,0, 60, False, 0
619,0, 60, False, 0
620,0, 60, False, 0
621,0, 60, False, 0
622,0, 60, False, 0
623,0, 60, False, 0
624,0, 60, False, 0
625,0, 60, False, 0
626,0, 60, False, 0
627,0, 60, False, 0
628,0, 60, False, 0
629,0, 60, False, 0
630,0, 60, False, 0
631,0, 60, False, 0
632,0, 60, False, 0
633,0, 60, False, 0
634,0, 60, False, 0
635,0, 60, False, 0
636,0, 60, False, 0
637,0, 60, False, 0
638,0, 60, False, 0
639,0, 60, False, 0
640,0, 60, False, 0
641,0, 60, False, 0
642,0, 60, False, 0
643,0, 60, False, 5
644,0, 60, False, 5
645,0, 60, False, 5
646,0, 60, False, 5
647,0, 60, False, 5
648,0, 60, False, 5
649,0, 60, False, 5
650,10, 70, False, 5
651,0, 70, False, 5
652,0, 70, False, 5
653,0, 70, False, 5
654,0, 70, False, 5
655,0, 70, False, 5
656,0, 70, False, 5
657,0, 70, False, 5
658,0, 70, False, 0
659,0, 70, False, 0
660,0, 70, False, 0
661,0, 70, False, 0
662,0, 70, False, 0
663,0, 70, False, 0
664,10, 80, False, 0
665,0, 80, False, 0
666,0, 80, False, 0
667,0, 80, False, 0
668,0, 80, False, 0
669,0, 80, False, 0
670,0, 80, False, 0
671,0, 80, False, 0
672,0, 80, False, 0
673,0, 80, False, 0
674,0, 80, False, 0
675,0, 80, False, 0
676,0, 80, False, 0
677,0, 80, False, 0
678,10, 90, False, 0
679,0, 90, False, 0
680,0, 90, False, 0
681,0, 90, False, 0
682,0, 90, False, 0
683,0, 90, False, 0
684,0, 90, False, 0
685,0, 90, False, 0
686,0, 90, False, 0
687,0, 90, False, 0
688,0, 90, False, 0
689,0, 90, False, 0
690,0, 90, False, 0
691,0, 90, False, 0
692,10, 100, False, 0
693,0, 100, False, 0
694,0, 100, False, 0
695,0, 100, False, 0
696,0, 100, False, 0
697,0, 100, False, 0
698,0, 100, False, 0
699,0, 100, False, 0
700,0, 100, False, 0
701,0, 100, False, 0
702,0, 100, False, 0
703,0, 100, False, 0
704,0, 100, False, 0
705,0, 100, False, 0
706,10, 110, False, 0
707,0, 110, False, 0
708,0, 110, False, 3
709,0, 110, False, 3
710,0, 110, False, 3
711,0, 110, False, 3
712,0, 110, False, 3
713,0, 110, False, 3
714,0, 110, False, 3
715,0, 110, False, 3
716,0, 110, False, 3
717,0, 110, False, 3
718,0, 110, False, 3
719,0, 110, False, 3
720,10, 120, False, 0
721,0, 120, False, 0
722,0, 120, False, 0
723,0, 120, False, 0
724,0, 120, False, 0
725,0, 120, False, 0
726,0, 120, False, 0
727,0, 120, False, 0
728,0, 120, False, 0
729,0, 120, False, 0
730,0, 120, False, 0
731,0, 120, False, 0
732,0, 120, False, 0
733,0, 120, False, 0
734,10, 130, False, 0
735,0, 130, False, 0
736,0, 130, False, 0
737,0, 130, False, 0
738,0, 130, False, 0
739,0, 130, False, 0
740,0, 130, False, 0
741,0, 130, False, 0
742,0, 130, False, 0
743,0, 130, False, 0
744,0, 130, False, 0
745,0, 130, False, 0
746,0, 130, False, 0
747,0, 130, False, 0
748,10, 140, False, 0
749,0, 140, False, 0
750,0, 140, False, 0
751,0, 140, False, 0
752,0, 140, False, 0
753,0, 140, False, 0
754,0, 140, False, 0
755,0, 140, False, 0
756,0, 140, False, 0
757,0, 140, False, 0
758,0, 140, False, 0
759,0, 140, False, 0
760,10, 150, False, 0
761,0, 150, False, 0
762,0, 150, False, 0
763,0, 150, False, 0
764,0, 150, False, 0
765,0, 150, False, 0
766,0, 150, False, 0
767,0, 150, False, 0
768,0, 150, False, 0
769,0, 150, False, 0
770,0, 150, False, 0
771,0, 150, False, 0
772,0, 150, False, 0
773,0, 150, False, 0
774,10, 160, False, 0
775,0, 160, False, 0
776,0, 160, False, 0
777,0, 160, False, 0
778,0, 160, False, 0
779,0, 160, False, 0
780,0, 160, False, 0
781,0, 160, False, 0
782,0, 160, False, 0
783,0, 160, False, 0
784,0, 160, False, 0
785,0, 160, False, 0
786,0, 160, False, 0
787,0, 160, False, 0
788,0, 160, False, 0
789,0, 160, False, 0
790,0, 160, False, 0
791,0, 160, False, 0
792,10, 170, False, 0
793,0, 170, False, 0
794,0, 170, False, 0
795,0, 170, False, 0
796,0, 170, False, 0
797,0, 170, False, 0
798,0, 170, False, 0
799,0, 170, False, 0
800,0, 170, False, 0
801,0, 170, False, 0
802,0, 170, False, 0
803,0, 170, False, 0
804,0, 170, False, 0
805,0, 170, False, 0
806,10, 180, False, 0
807,0, 180, False, 0
808,0, 180, False, 0
809,0, 180, False, 0
810,0, 180, False, 0
811,0, 180, False, 2
812,0, 180, False, 2
813,0, 180, False, 2
814,0, 180, False, 2
815,0, 180, False, 2
816,0, 180, False, 2
817,0, 180, False, 2
818,0, 180, False, 2
819,0, 180, False, 2
820,0, 180, False, 0
821,0, 180, False, 0
822,0, 180, False, 0
823,0, 180, False, 0
824,10, 190, False, 0
825,0, 190, False, 0
826,0, 190, False, 0
827,0, 190, False, 0
828,0, 190, False, 0
829,0, 190, False, 0
830,0, 190, False, 0
831,0, 190, False, 0
832,0, 190, False, 0
833,0, 190, False, 0
834,0, 190, False, 0
835,0, 190, False, 0
836,0, 190, False, 0
837,0, 190, False, 0
838,10, 200, False, 0
839,0, 200, False, 0
840,0, 200, False, 0
841,0, 200, False, 0
842,0, 200, False, 0
843,0, 200, False, 0
844,0, 200, False, 0
845,0, 200, False, 0
846,0, 200, False, 0
847,0, 200, False, 0
848,0, 200, False, 0
849,0, 200, False, 0
850,0, 200, False, 0
851,0, 200, False, 0
852,10, 210, False, 0
853,0, 210, False, 0
854,0, 210, False, 0
855,0, 210, False, 0
856,0, 210, False, 0
857,0, 210, False, 0
858,0, 210, False, 0
859,0, 210, False, 0
860,0, 210, False, 0
861,0, 210, False, 0
862,0, 210, False, 0
863,0, 210, False, 0
864,0, 210, False, 0
865,0, 210, False, 0
866,10, 220, False, 0
867,0, 220, False, 0
868,0, 220, False, 0
869,0, 220, False, 0
870,0, 220, False, 0
871,0, 220, False, 0
872,0, 220, False, 0
873,0, 220, False, 0
874,0, 220, False, 0
875,0, 220, False, 0
876,0, 220, False, 0
877,0, 220, False, 0
878,0, 220, False, 0
879,0, 220, False, 0
880,10, 230, False, 0
881,0, 230, False, 0
882,0, 230, False, 3
883,0, 230, False, 3
884,0, 230, False, 3
885,0, 230, False, 3
886,0, 230, False, 3
887,0, 230, False, 3
888,0, 230, False, 3
889,0, 230, False, 3
890,0, 230, False, 0
891,0, 230, False, 0
892,10, 240, False, 0
893,0, 240, False, 0
894,0, 240, False, 0
895,0, 240, False, 0
896,0, 240, False, 0
897,0, 240, False, 3
898,0, 240, False, 3
899,0, 240, False, 3
900,0, 240, False, 3
901,0, 240, False, 0
902,0, 240, False, 0
903,0, 240, False, 0
904,0, 240, False, 0
905,0, 240, False, 0
906,0, 240, False, 0
907,0, 240, False, 0
908,0, 240, False, 0
909,0, 240, False, 0
910,0, 240, False, 0
911,0, 240, False, 0
912,0, 240, False, 0
913,0, 240, False, 0
914,0, 240, False, 0
915,0, 240, False, 0
916,0, 240, False, 0
917,0, 240, False, 0
918,0, 240, False, 0
919,0, 240, False, 0
920,0, 240, False, 0
921,0, 240, False, 0
922,0, 240, False, 0
923,0, 240, False, 0
924,0, 240, False, 0
925,0, 240, False, 0
926,0, 240, False, 0
927,0, 240, False, 0
928,0, 240, False, 0
929,0, 240, False, 0
930,0, 240, False, 0
931,0, 240, False, 0
932,0, 240, False, 0
933,0, 240, False, 0
934,0, 240, False, 0
935,0, 240, False, 0
936,0, 240, False, 0
937,0, 240, False, 0
938,0, 240, False, 0
939,0, 240, False, 0
940,0, 240, False, 0
941,0, 240, False, 0
942,0, 240, False, 0
943,0, 240, False, 0
944,0, 240, False, 0
945,0, 240, False, 0
946,0, 240, False, 0
947,0, 240, False, 0
948,0, 240, False, 0
949,0, 240, False, 0
950,0, 240, False, 0
951,0, 240, False, 0
952,0, 240, False, 0
953,0, 240, False, 0
954,0, 240, False, 0
955,0, 240, False, 0
956,0, 240, False, 0
957,0, 240, False, 0
958,0, 240, False, 0
959,0, 240, False, 0
960,0, 240, False, 0
961,0, 240, False, 0
962,0, 240, False, 0
963,0, 240, False, 0
964,0, 240, False, 0
965,0, 240, False, 0
966,0, 240, False, 0
967,0, 240, False, 0
968,0, 240, False, 0
969,0, 240, False, 0
970,0, 240, False, 0
971,0, 240, False, 0
972,0, 240, False, 0
973,0, 240, False, 0
974,0, 240, False, 0
975,0, 240, False, 0
976,0, 240, False, 0
977,0, 240, False, 0
978,0, 240, False, 0
979,0, 240, False, 0
980,0, 240, False, 0
981,0, 240, False, 0
982,0, 240, False, 0
983,0, 240, False, 0
984,0, 240, False, 0
985,0, 240, False, 0
986,0, 240, False, 0
987,0, 240, False, 0
988,0, 240, False, 0
989,0, 240, False, 0
990,0, 240, False, 0
991,0, 240, False, 0
992,0, 240, False, 0
993,0, 240, False, 0
994,0, 240, False, 0
995,0, 240, False, 0
996,0, 240, False, 0
997,0, 240, False, 0
998,0, 240, False, 0
999,0, 240, False, 0
1000,0, 240, False, 0
1001,0, 240, False, 0
1002,0, 240, False, 0
1003,0, 240, False, 0
1004,0, 240, False, 0
1005,0, 240, False, 0
1006,0, 240, False, 0
1007,0, 240, False, 0
1008,0, 240, False, 0
1009,0, 240, False, 0
1010,0, 240, False, 0
1011,0, 240, False, 0
1012,0, 240, False, 0
1013,0, 240, False, 0
1014,0, 240, False, 0
1015,0, 240, False, 0
1016,0, 240, False, 0
1017,0, 240, False, 0
1018,0, 240, False, 0
1019,0, 240, False, 0
1020,0, 240, False, 0
1021,0, 240, False, 0
1022,0, 240, False, 0
1023,0, 240, False, 0
1024,0, 240, False, 0
1025,0, 240, False, 0
1026,0, 240, False, 0
1027,0, 240, False, 0
1028,0, 240, False, 0
1029,0, 240, False, 0
1030,0, 240, False, 0
1031,0, 240, False, 0
1032,0, 240, False, 0
1033,0, 240, False, 0
1034,0, 240, False, 0
1035,0, 240, False, 0
1036,0, 240, False, 0
1037,0, 240, False, 0
1038,0, 240, False, 0
1039,0, 240, False, 0
1040,0, 240, False, 0
1041,0, 240, False, 0
1042,0, 240, False, 0
1043,0, 240, False, 0
1044,0, 240, False, 0
1045,0, 240, False, 0
1046,0, 240, False, 0
1047,0, 240, False, 0
1048,0, 240, False, 0
1049,0, 240, False, 0
1050,0, 240, False, 0
1051,0, 240, False, 0
1052,0, 240, False, 0
1053,0, 240, False, 0
1054,0, 240, False, 0
1055,0, 240, False, 0
1056,0, 240, False, 0
1057,0, 240, False, 0
1058,0, 240, False, 0
1059,0, 240, False, 0
1060,0, 240, False, 0
1061,0, 240, False, 0
1062,0, 240, False, 0
1063,0, 240, False, 0
1064,0, 240, False, 0
1065,0, 240, False, 0
1066,0, 240, False, 0
1067,0, 240, False, 0
1068,0, 240, False, 0
1069,0, 240, False, 0
1070,0, 240, False, 0
1071,0, 240, False, 0
1072,0, 240, False, 0
1073,0, 240, False, 0
1074,0, 240, False, 0
1075,0, 240, False, 0
1076,0, 240, False, 0
1077,0, 240, False, 0
1078,0, 240, False, 0
1079,0, 240, False, 0
1080,0, 240, False, 0
1081,0, 240, False, 0
1082,0, 240, False, 0
1083,0, 240, False, 0
1084,0, 240, False, 0
1085,0, 240, False, 0
1086,0, 240, False, 0
1087,0, 240, False, 0
1088,0, 240, False, 0
1089,0, 240, False, 0
1090,0, 240, False, 0
1091,0, 240, False, 0
1092,0, 240, False, 0
1093,0, 240, False, 0
1094,0, 240, False, 0
1095,0, 240, False, 0
1096,0, 240, False, 0
1097,0, 240, False, 0
1098,0, 240, False, 0
1099,0, 240, False, 0
1100,0, 240, False, 0
1101,0, 240, False, 0
1102,0, 240, False, 0
1103,0, 240, False, 0
1104,0, 240, False, 0
1105,0, 240, False, 0
1106,0, 240, False, 0
1107,0, 240, False, 0
1108,0, 240, False, 0
1109,0, 240, False, 0
1110,0, 240, False, 0
1111,0, 240, False, 0
1112,0, 240, False, 0
1113,0, 240, False, 0
1114,0, 240, False, 0
1115,0, 240, False, 0
1116,0, 240, False, 0
1117,0, 240, False, 0
1118,0, 240, False, 0
1119,0, 240, False, 0
1120,0, 240, False, 0
1121,0, 240, False, 0
1122,0, 240, False, 0
1123,0, 240, False, 0
1124,0, 240, False, 0
1125,0, 240, False, 0
1126,0, 240, False, 3
1127,0, 240, False, 3
1128,0, 240, False, 3
1129,0, 240, False, 3
1130,0, 240, False, 3
1131,0, 240, False, 3
1132,0, 240, False, 3
1133,0, 240, False, 3
1134,0, 240, False, 3
1135,0, 240, False, 3
1136,0, 240, False, 3
1137,0, 240, False, 3
1138,0, 240, False, 3
1139,0, 240, False, 3
1140,0, 240, False, 3
1141,0, 240, False, 3
1142,0, 240, False, 3
1143,0, 240, False, 3
1144,0, 240, False, 3
1145,0, 240, False, 3
1146,0, 240, False, 3
1147,0, 240, False, 3
1148,0, 240, False, 3
1149,0, 240, False, 3
1150,0, 240, False, 3
1151,0, 240, False, 3
1152,0, 240, False, 3
1153,0, 240, False, 3
1154,0, 240, False, 3
1155,0, 240, False, 3
1156,0, 240, False, 0
1157,0, 240, False, 0
1158,0, 240, False, 0
1159,0, 240, False, 0
1160,0, 240, False, 0
1161,0, 240, False, 0
1162,0, 240, False, 0
1163,0, 240, False, 0
1164,0, 240, False, 0
1165,0, 240, False, 0
1166,0, 240, False, 0
1167,0, 240, False, 0
1168,0, 240, False, 0
1169,0, 240, False, 0
1170,0, 240, False, 0
1171,0, 240, False, 0
1172,10, 250, False, 0
1173,0, 250, False, 0
1174,0, 250, False, 0
1175,0, 250, False, 0
1176,0, 250, False, 0
1177,0, 250, False, 0
1178,0, 250, False, 0
1179,0, 250, False, 0
1180,0, 250, False, 0
1181,0, 250, False, 0
1182,0, 250, False, 0
1183,0, 250, False, 0
1184,0, 250, False, 0
1185,0, 250, False, 0
1186,0, 250, False, 0
1187,0, 250, False, 0
1188,0, 250, False, 0
1189,0, 250, False, 0
1190,0, 250, False, 0
1191,0, 250, False, 0
1192,0, 250, False, 0
1193,0, 250, False, 0
1194,0, 250, False, 0
1195,0, 250, False, 0
1196,0, 250, False, 0
1197,0, 250, False, 0
1198,0, 250, False, 0
1199,0, 250, False, 0
1200,0, 250, False, 0
1201,0, 250, False, 0
1202,0, 250, False, 0
1203,0, 250, False, 0
1204,0, 250, False, 0
1205,0, 250, False, 0
1206,10, 260, False, 0
1207,0, 260, False, 0
1208,0, 260, False, 0
1209,0, 260, False, 0
1210,0, 260, False, 0
1211,0, 260, False, 0
1212,0, 260, False, 0
1213,0, 260, False, 0
1214,0, 260, False, 0
1215,0, 260, False, 0
1216,0, 260, False, 0
1217,0, 260, False, 0
1218,0, 260, False, 0
1219,0, 260, False, 0
1220,10, 270, False, 0
1221,0, 270, False, 0
1222,0, 270, False, 0
1223,0, 270, False, 0
1224,0, 270, False, 0
1225,0, 270, False, 0
1226,0, 270, False, 0
1227,0, 270, False, 0
1228,0, 270, False, 0
1229,0, 270, False, 0
1230,0, 270, False, 0
1231,0, 270, False, 0
1232,10, 280, False, 0
1233,0, 280, False, 0
1234,0, 280, False, 0
1235,0, 280, False, 0
1236,0, 280, False, 0
1237,0, 280, False, 0
1238,0, 280, False, 0
1239,0, 280, False, 0
1240,0, 280, False, 0
1241,0, 280, False, 0
1242,0, 280, False, 0
1243,0, 280, False, 0
1244,0, 280, False, 0
1245,0, 280, False, 0
1246,0, 280, False, 0
1247,0, 280, False, 5
1248,0, 280, False, 5
1249,0, 280, False, 5
1250,0, 280, False, 5
1251,0, 280, False, 5
1252,0, 280, False, 5
1253,0, 280, False, 5
1254,10, 290, False, 5
1255,0, 290, False, 5
1256,0, 290, False, 5
1257,0, 290, False, 5
1258,0, 290, False, 5
1259,0, 290, False, 0
1260,0, 290, False, 0
1261,0, 290, False, 0
1262,0, 290, False, 0
1263,0, 290, False, 0
1264,0, 290, False, 0
1265,0, 290, False, 0
1266,0, 290, False, 0
1267,0, 290, False, 0
1268,10, 300, False, 0
1269,0, 300, False, 0
1270,0, 300, False, 0
1271,0, 300, False, 0
1272,0, 300, False, 0
1273,0, 300, False, 0
1274,0, 300, False, 0
1275,0, 300, False, 0
1276,0, 300, False, 0
1277,0, 300, False, 0
1278,0, 300, False, 0
1279,0, 300, False, 0
1280,0, 300, False, 0
1281,0, 300, False, 0
1282,10, 310, False, 0
1283,0, 310, False, 0
1284,0, 310, False, 0
1285,0, 310, False, 0
1286,0, 310, False, 0
1287,0, 310, False, 0
1288,0, 310, False, 0
1289,0, 310, False, 0
1290,0, 310, False, 0
1291,0, 310, False, 0
1292,0, 310, False, 0
1293,0, 310, False, 0
1294,0, 310, False, 0
1295,0, 310, False, 0
1296,10, 320, False, 0
1297,0, 320, False, 0
1298,0, 320, False, 0
1299,0, 320, False, 0
1300,0, 320, False, 0
1301,0, 320, False, 0
1302,0, 320, False, 0
1303,0, 320, False, 0
1304,0, 320, False, 0
1305,0, 320, False, 0
1306,0, 320, False, 3
1307,0, 320, False, 3
1308,0, 320, False, 3
1309,0, 320, False, 3
1310,10, 330, False, 3
1311,0, 330, False, 3
1312,0, 330, False, 3
1313,0, 330, False, 3
1314,0, 330, False, 3
1315,0, 330, False, 3
1316,0, 330, False, 3
1317,0, 330, False, 3
1318,0, 330, False, 3
1319,0, 330, False, 3
1320,0, 330, False, 3
1321,0, 330, False, 3
1322,0, 330, False, 3
1323,0, 330, False, 3
1324,10, 340, False, 0
1325,0, 340, False, 0
1326,0, 340, False, 0
1327,0, 340, False, 0
1328,0, 340, False, 0
1329,0, 340, False, 0
1330,0, 340, False, 0
1331,0, 340, False, 0
1332,0, 340, False, 0
1333,0, 340, False, 0
1334,0, 340, False, 0
1335,0, 340, False, 0
1336,0, 340, False, 0
1337,0, 340, False, 0
1338,10, 350, False, 0
1339,0, 350, False, 0
1340,0, 350, False, 0
1341,0, 350, False, 0
1342,0, 350, False, 0
1343,0, 350, False, 0
1344,0, 350, False, 0
1345,0, 350, False, 0
1346,0, 350, False, 0
1347,0, 350, False, 0
1348,0, 350, False, 0
1349,0, 350, False, 0
1350,0, 350, False, 0
1351,0, 350, False, 0
1352,10, 360, False, 0
1353,0, 360, False, 0
1354,0, 360, False, 0
1355,0, 360, False, 0
1356,0, 360, False, 0
1357,0, 360, False, 0
1358,0, 360, False, 0
1359,0, 360, False, 0
1360,0, 360, False, 0
1361,0, 360, False, 0
1362,0, 360, False, 2
1363,0, 360, False, 2
1364,0, 360, False, 2
1365,0, 360, False, 2
1366,0, 360, False, 2
1367,0, 360, False, 2
1368,0, 360, False, 2
1369,0, 360, False, 2
1370,0, 360, False, 2
1371,0, 360, False, 2
1372,0, 360, False, 0
1373,0, 360, False, 0
1374,50, 410, False, 0
1375,0, 410, False, 0
1376,0, 410, False, 0
1377,0, 410, False, 0
1378,0, 410, False, 0
1379,0, 410, False, 0
1380,0, 410, False, 0
1381,0, 410, False, 0
1382,0, 410, False, 0
1383,0, 410, False, 0
1384,0, 410, False, 0
1385,0, 410, False, 0
1386,10, 420, False, 0
1387,0, 420, False, 0
1388,0, 420, False, 0
1389,0, 420, False, 0
1390,0, 420, False, 0
1391,0, 420, False, 0
1392,0, 420, False, 0
1393,0, 420, False, 0
1394,0, 420, False, 0
1395,0, 420, False, 0
1396,0, 420, False, 0
1397,0, 420, False, 0
1398,0, 420, False, 0
1399,0, 420, False, 0
1400,10, 430, False, 0
1401,0, 430, False, 0
1402,0, 430, False, 0
1403,0, 430, False, 0
1404,0, 430, False, 0
1405,0, 430, False, 0
1406,0, 430, False, 0
1407,0, 430, False, 4
1408,0, 430, False, 4
1409,0, 430, False, 4
1410,0, 430, False, 4
1411,0, 430, False, 4
1412,0, 430, False, 4
1413,0, 430, False, 4
1414,0, 430, False, 4
1415,0, 430, False, 4
1416,10, 440, False, 0
1417,0, 440, False, 0
1418,0, 440, False, 0
1419,0, 440, False, 0
1420,0, 440, False, 0
1421,0, 440, False, 0
1422,0, 440, False, 0
1423,0, 440, False, 0
1424,0, 440, False, 0
1425,0, 440, False, 0
1426,0, 440, False, 0
1427,0, 440, False, 0
1428,0, 440, False, 0
1429,0, 440, False, 0
1430,10, 450, False, 0
1431,0, 450, False, 0
1432,0, 450, False, 0
1433,0, 450, False, 0
1434,0, 450, False, 0
1435,0, 450, False, 0
1436,0, 450, False, 0
1437,0, 450, False, 0
1438,0, 450, False, 3
1439,0, 450, False, 3
1440,0, 450, False, 3
1441,0, 450, False, 3
1442,0, 450, False, 3
1443,0, 450, False, 3
1444,0, 450, False, 3
1445,0, 450, False, 3
1446,0, 450, False, 3
1447,0, 450, False, 3
1448,0, 450, False, 3
1449,0, 450, False, 3
1450,0, 450, False, 0
1451,0, 450, False, 0
1452,0, 450, False, 0
1453,0, 450, False, 0
1454,0, 450, False, 0
1455,0, 450, False, 0
1456,0, 450, False, 0
1457,0, 450, False, 0
1458,0, 450, False, 0
1459,0, 450, False, 0
1460,0, 450, False, 0
1461,0, 450, False, 0
1462,0, 450, False, 0
1463,0, 450, False, 0
1464,0, 450, False, 0
1465,0, 450, False, 0
1466,0, 450, False, 0
1467,0, 450, False, 0
1468,0, 450, False, 2
1469,0, 450, False, 2
1470,0, 450, False, 2
1471,0, 450, False, 2
1472,0, 450, False, 2
1473,0, 450, False, 2
1474,0, 450, False, 2
1475,0, 450, False, 2
1476,0, 450, False, 2
1477,0, 450, False, 2
1478,0, 450, False, 2
1479,0, 450, False, 2
1480,0, 450, False, 0
1481,0, 450, False, 0
1482,0, 450, False, 0
1483,0, 450, False, 0
1484,0, 450, False, 0
1485,0, 450, False, 0
1486,0, 450, False, 0
1487,0, 450, False, 0
1488,0, 450, False, 0
1489,0, 450, False, 0
1490,0, 450, False, 0
1491,0, 450, False, 0
1492,0, 450, False, 0
1493,0, 450, False, 0
1494,0, 450, False, 0
1495,0, 450, False, 0
1496,0, 450, False, 0
1497,0, 450, False, 4
1498,0, 450, False, 4
1499,0, 450, False, 4
1500,0, 450, False, 4
1501,0, 450, False, 4
1502,0, 450, False, 4
1503,0, 450, False, 4
1504,0, 450, False, 0
1505,0, 450, False, 0
1506,0, 450, False, 0
1507,0, 450, False, 0
1508,0, 450, False, 0
1509,0, 450, False, 0
1510,0, 450, False, 2
1511,0, 450, False, 2
1512,0, 450, False, 2
1513,0, 450, False, 2
1514,0, 450, False, 2
1515,0, 450, False, 2
1516,0, 450, False, 2
1517,0, 450, False, 2
1518,0, 450, False, 2
1519,0, 450, False, 2
1520,0, 450, False, 2
1521,0, 450, False, 2
1522,0, 450, False, 2
1523,0, 450, False, 2
1524,0, 450, False, 2
1525,0, 450, False, 0
1526,0, 450, False, 0
1527,0, 450, False, 0
1528,0, 450, False, 0
1529,0, 450, False, 0
1530,0, 450, False, 0
1531,0, 450, False, 0
1532,0, 450, False, 0
1533,0, 450, False, 0
1534,0, 450, False, 0
1535,0, 450, False, 0
1536,0, 450, False, 0
1537,0, 450, False, 0
1538,0, 450, False, 0
1539,0, 450, False, 0
1540,0, 450, False, 0
1541,0, 450, False, 0
1542,0, 450, False, 0
1543,0, 450, False, 0
1544,0, 450, False, 0
1545,0, 450, False, 0
1546,0, 450, False, 0
1547,0, 450, False, 0
1548,0, 450, False, 0
1549,0, 450, False, 0
1550,0, 450, False, 3
1551,0, 450, False, 3
1552,0, 450, False, 3
1553,0, 450, False, 3
1554,0, 450, False, 3
1555,0, 450, False, 3
1556,0, 450, False, 3
1557,0, 450, False, 3
1558,0, 450, False, 3
1559,0, 450, False, 3
1560,0, 450, False, 0
1561,0, 450, False, 0
1562,0, 450, False, 0
1563,0, 450, False, 0
1564,0, 450, False, 0
1565,0, 450, False, 0
1566,0, 450, False, 0
1567,0, 450, False, 0
1568,0, 450, False, 0
1569,0, 450, False, 0
1570,0, 450, False, 0
1571,0, 450, False, 0
1572,0, 450, False, 2
1573,0, 450, False, 2
1574,0, 450, False, 2
1575,0, 450, False, 2
1576,0, 450, False, 2
1577,0, 450, False, 2
1578,0, 450, False, 2
1579,0, 450, False, 2
1580,0, 450, False, 2
1581,0, 450, False, 2
1582,0, 450, False, 2
1583,0, 450, False, 2
1584,0, 450, False, 2
1585,0, 450, False, 2
1586,0, 450, False, 0
1587,0, 450, False, 0
1588,0, 450, False, 0
1589,0, 450, False, 0
1590,0, 450, False, 0
1591,0, 450, False, 0
1592,0, 450, False, 0
1593,0, 450, False, 0
1594,0, 450, False, 0
1595,0, 450, False, 0
1596,0, 450, False, 0
1597,0, 450, False, 0
1598,0, 450, False, 0
1599,0, 450, False, 0
1600,0, 450, False, 0
1601,0, 450, False, 0
1602,0, 450, False, 0
1603,0, 450, False, 0
1604,0, 450, False, 0
1605,0, 450, False, 0
1606,0, 450, False, 0
1607,0, 450, False, 0
1608,0, 450, False, 0
1609,0, 450, False, 0
1610,0, 450, False, 0
1611,0, 450, False, 0
1612,0, 450, False, 0
1613,0, 450, False, 0
1614,0, 450, False, 0
1615,0, 450, False, 0
1616,0, 450, False, 0
1617,0, 450, False, 0
1618,0, 450, False, 0
1619,0, 450, False, 0
1620,0, 450, False, 0
1621,0, 450, False, 0
1622,0, 450, False, 0
1623,0, 450, False, 0
1624,0, 450, False, 0
1625,0, 450, False, 0
1626,0, 450, False, 0
1627,0, 450, False, 0
1628,0, 450, False, 0
1629,0, 450, False, 0
1630,0, 450, False, 0
1631,0, 450, False, 0
1632,0, 450, False, 0
1633,0, 450, False, 0
1634,0, 450, False, 0
1635,0, 450, False, 0
1636,0, 450, False, 0
1637,0, 450, False, 0
1638,0, 450, False, 0
1639,0, 450, False, 0
1640,0, 450, False, 0
1641,0, 450, False, 0
1642,0, 450, False, 5
1643,0, 450, False, 5
1644,0, 450, False, 5
1645,0, 450, False, 5
1646,0, 450, False, 5
1647,0, 450, False, 5
1648,0, 450, False, 5
1649,0, 450, False, 5
1650,0, 450, False, 5
1651,0, 450, False, 5
1652,0, 450, False, 5
1653,0, 450, False, 5
1654,0, 450, False, 5
1655,0, 450, False, 0
1656,0, 450, False, 0
1657,0, 450, False, 0
1658,0, 450, False, 0
1659,0, 450, False, 0
1660,0, 450, False, 0
1661,0, 450, False, 0
1662,0, 450, False, 0
1663,0, 450, False, 0
1664,0, 450, False, 0
1665,0, 450, False, 0
1666,0, 450, False, 0
1667,0, 450, False, 0
1668,0, 450, False, 0
1669,0, 450, False, 0
1670,0, 450, False, 0
1671,0, 450, False, 0
1672,0, 450, False, 0
1673,0, 450, False, 0
1674,0, 450, False, 0
1675,0, 450, False, 0
1676,0, 450, False, 0
1677,0, 450, False, 0
1678,0, 450, False, 0
1679,0, 450, False, 0
1680,0, 450, False, 0
1681,0, 450, False, 0
1682,0, 450, False, 0
1683,0, 450, False, 0
1684,0, 450, False, 0
1685,0, 450, False, 0
1686,0, 450, False, 0
1687,0, 450, False, 0
1688,0, 450, False, 0
1689,0, 450, False, 0
1690,0, 450, False, 0
1691,0, 450, False, 0
1692,0, 450, False, 0
1693,0, 450, False, 0
1694,0, 450, False, 0
1695,0, 450, False, 0
1696,0, 450, False, 0
1697,0, 450, False, 0
1698,0, 450, False, 0
1699,0, 450, False, 0
1700,0, 450, False, 0
1701,0, 450, False, 0
1702,0, 450, False, 0
1703,0, 450, False, 0
1704,0, 450, False, 0
1705,0, 450, False, 0
1706,0, 450, False, 0
1707,0, 450, False, 0
1708,0, 450, False, 0
1709,0, 450, False, 0
1710,0, 450, False, 0
1711,0, 450, False, 0
1712,0, 450, False, 0
1713,0, 450, False, 0
1714,0, 450, False, 4
1715,0, 450, False, 4
1716,0, 450, False, 4
1717,0, 450, False, 4
1718,0, 450, False, 4
1719,0, 450, False, 4
1720,0, 450, False, 4
1721,0, 450, False, 4
1722,0, 450, False, 4
1723,0, 450, False, 4
1724,0, 450, False, 4
1725,0, 450, False, 4
1726,0, 450, False, 4
1727,0, 450, False, 4
1728,0, 450, False, 4
1729,0, 450, False, 4
1730,0, 450, False, 4
1731,0, 450, False, 4
1732,0, 450, False, 4
1733,0, 450, False, 4
1734,0, 450, False, 4
1735,0, 450, False, 4
1736,0, 450, False, 4
1737,0, 450, False, 4
1738,0, 450, False, 4
1739,0, 450, False, 4
1740,0, 450, False, 4
1741,0, 450, False, 4
1742,0, 450, False, 4
1743,0, 450, False, 4
1744,0, 450, False, 4
1745,0, 450, False, 4
1746,0, 450, False, 4
1747,0, 450, False, 4
1748,0, 450, False, 4
1749,0, 450, False, 0
1750,0, 450, False, 0
1751,0, 450, False, 0
1752,0, 450, False, 0
1753,0, 450, False, 0
1754,0, 450, False, 0
1755,0, 450, False, 0
1756,10, 460, False, 0
1757,0, 460, False, 0
1758,0, 460, False, 0
1759,0, 460, False, 0
1760,0, 460, False, 0
1761,0, 460, False, 0
1762,0, 460, False, 0
1763,0, 460, False, 0
1764,0, 460, False, 0
1765,0, 460, False, 0
1766,0, 460, False, 0
1767,0, 460, False, 0
1768,10, 470, False, 0
1769,0, 470, False, 0
1770,0, 470, False, 0
1771,0, 470, False, 0
1772,0, 470, False, 0
1773,0, 470, False, 0
1774,0, 470, False, 0
1775,0, 470, False, 0
1776,0, 470, False, 0
1777,0, 470, False, 0
1778,0, 470, False, 0
1779,0, 470, False, 0
1780,0, 470, False, 0
1781,0, 470, False, 0
1782,10, 480, False, 0
1783,0, 480, False, 0
1784,0, 480, False, 0
1785,0, 480, False, 0
1786,0, 480, False, 0
1787,0, 480, False, 0
1788,0, 480, False, 0
1789,0, 480, False, 0
1790,0, 480, False, 0
1791,0, 480, False, 0
1792,0, 480, False, 0
1793,0, 480, False, 0
1794,0, 480, False, 0
1795,0, 480, False, 0
1796,0, 480, False, 0
1797,0, 480, False, 0
1798,0, 480, False, 0
1799,0, 480, False, 0
1800,0, 480, False, 0
1801,0, 480, False, 0
1802,0, 480, False, 0
1803,0, 480, False, 0
1804,0, 480, False, 0
1805,0, 480, False, 0
1806,0, 480, False, 0
1807,0, 480, False, 0
1808,0, 480, False, 0
1809,0, 480, False, 0
1810,0, 480, False, 0
1811,0, 480, False, 0
1812,0, 480, False, 0
1813,0, 480, False, 0
1814,0, 480, False, 0
1815,0, 480, False, 0
1816,0, 480, False, 0
1817,0, 480, False, 0
1818,0, 480, False, 0
1819,0, 480, False, 0
1820,0, 480, False, 0
1821,0, 480, False, 0
1822,0, 480, False, 0
1823,0, 480, False, 0
1824,0, 480, False, 0
1825,0, 480, False, 0
1826,0, 480, False, 0
1827,0, 480, False, 0
1828,0, 480, False, 0
1829,0, 480, False, 0
1830,0, 480, False, 0
1831,0, 480, False, 0
1832,0, 480, False, 0
1833,0, 480, False, 0
1834,0, 480, False, 0
1835,0, 480, False, 0
1836,0, 480, False, 0
1837,0, 480, False, 0
1838,0, 480, False, 0
1839,0, 480, False, 0
1840,0, 480, False, 0
1841,0, 480, False, 0
1842,0, 480, False, 0
1843,0, 480, False, 0
1844,0, 480, False, 0
1845,0, 480, False, 0
1846,0, 480, False, 0
1847,0, 480, False, 0
1848,0, 480, False, 0
1849,0, 480, False, 0
1850,0, 480, False, 0
1851,0, 480, False, 0
1852,0, 480, False, 0
1853,0, 480, False, 0
1854,0, 480, False, 0
1855,0, 480, False, 0
1856,0, 480, False, 0
1857,0, 480, False, 0
1858,0, 480, False, 0
1859,0, 480, False, 0
1860,0, 480, False, 0
1861,0, 480, False, 0
1862,0, 480, False, 0
1863,0, 480, False, 0
1864,0, 480, False, 0
1865,0, 480, False, 0
1866,0, 480, False, 0
1867,0, 480, False, 0
1868,0, 480, False, 0
1869,0, 480, False, 0
1870,0, 480, False, 0
1871,0, 480, False, 0
1872,0, 480, False, 0
1873,0, 480, False, 0
1874,0, 480, False, 0
1875,0, 480, False, 0
1876,0, 480, False, 0
1877,0, 480, False, 0
1878,0, 480, False, 0
1879,0, 480, False, 0
1880,0, 480, False, 0
1881,0, 480, False, 0
1882,0, 480, False, 0
1883,0, 480, False, 0
1884,0, 480, False, 0
1885,0, 480, False, 0
1886,10, 490, False, 0
1887,0, 490, False, 0
1888,0, 490, False, 0
1889,0, 490, False, 0
1890,0, 490, False, 0
1891,0, 490, False, 0
1892,0, 490, False, 0
1893,0, 490, False, 0
1894,0, 490, False, 0
1895,0, 490, False, 0
1896,0, 490, False, 0
1897,0, 490, False, 0
1898,0, 490, False, 0
1899,0, 490, False, 0
1900,10, 500, False, 0
1901,0, 500, False, 0
1902,0, 500, False, 0
1903,0, 500, False, 0
1904,0, 500, False, 0
1905,0, 500, False, 0
1906,0, 500, False, 0
1907,0, 500, False, 0
1908,0, 500, False, 0
1909,0, 500, False, 0
1910,0, 500, False, 0
1911,0, 500, False, 0
1912,10, 510, False, 0
1913,0, 510, False, 0
1914,0, 510, False, 0
1915,0, 510, False, 0
1916,0, 510, False, 0
1917,0, 510, False, 0
1918,0, 510, False, 0
1919,0, 510, False, 0
1920,0, 510, False, 0
1921,0, 510, False, 0
1922,0, 510, False, 0
1923,0, 510, False, 0
1924,0, 510, False, 2
1925,0, 510, False, 2
1926,0, 510, False, 2
1927,0, 510, False, 2
1928,0, 510, False, 2
1929,0, 510, False, 2
1930,0, 510, False, 2
1931,0, 510, False, 2
1932,0, 510, False, 2
1933,0, 510, False, 2
1934,0, 510, False, 2
1935,0, 510, False, 2
1936,0, 510, False, 0
1937,0, 510, False, 0
1938,50, 560, False, 0
1939,0, 560, False, 0
1940,0, 560, False, 0
1941,0, 560, False, 0
1942,0, 560, False, 0
1943,0, 560, False, 0
1944,0, 560, False, 0
1945,0, 560, False, 0
1946,0, 560, False, 0
1947,0, 560, False, 0
1948,10, 570, False, 0
1949,0, 570, False, 0
1950,0, 570, False, 0
1951,0, 570, False, 0
1952,0, 570, False, 0
1953,0, 570, False, 0
1954,0, 570, False, 0
1955,0, 570, False, 0
1956,0, 570, False, 0
1957,0, 570, False, 0
1958,0, 570, False, 0
1959,0, 570, False, 0
1960,0, 570, False, 0
1961,0, 570, False, 0
1962,10, 580, False, 0
1963,0, 580, False, 0
1964,0, 580, False, 0
1965,0, 580, False, 0
1966,0, 580, False, 0
1967,0, 580, False, 0
1968,0, 580, False, 0
1969,0, 580, False, 0
1970,0, 580, False, 3
1971,0, 580, False, 3
1972,0, 580, False, 3
1973,0, 580, False, 3
1974,0, 580, False, 3
1975,0, 580, False, 3
1976,0, 580, False, 3
1977,0, 580, False, 0
1978,10, 590, False, 0
1979,0, 590, False, 0
1980,0, 590, False, 0
1981,0, 590, False, 0
1982,0, 590, False, 0
1983,0, 590, False, 0
1984,0, 590, False, 0
1985,0, 590, False, 0
1986,0, 590, False, 0
1987,0, 590, False, 0
1988,0, 590, False, 0
1989,0, 590, False, 0
1990,0, 590, False, 2
1991,0, 590, False, 2
1992,10, 600, False, 2
1993,0, 600, False, 2
1994,0, 600, False, 2
1995,0, 600, False, 2
1996,0, 600, False, 2
1997,0, 600, False, 2
1998,0, 600, False, 2
1999,0, 600, False, 2
2000,0, 600, False, 2
2001,0, 600, False, 2
2002,0, 600, False, 2
2003,0, 600, False, 2
2004,0, 600, False, 2
2005,0, 600, False, 2
2006,0, 600, False, 2
2007,0, 600, False, 0
2008,0, 600, False, 0
2009,0, 600, False, 0
2010,0, 600, False, 0
2011,0, 600, False, 0
2012,0, 600, False, 0
2013,0, 600, False, 0
2014,0, 600, False, 0
2015,0, 600, False, 0
2016,0, 600, False, 0
2017,0, 600, False, 0
2018,0, 600, False, 0
2019,0, 600, False, 0
2020,0, 600, False, 0
2021,0, 600, False, 0
2022,0, 600, False, 0
2023,0, 600, False, 0
2024,0, 600, False, 0
2025,0, 600, False, 0
2026,0, 600, False, 0
2027,0, 600, False, 0
2028,0, 600, False, 0
2029,0, 600, False, 0
2030,0, 600, False, 0
2031,0, 600, False, 0
2032,0, 600, False, 0
2033,0, 600, False, 0
2034,0, 600, False, 0
2035,0, 600, False, 0
2036,0, 600, False, 0
2037,0, 600, False, 0
2038,0, 600, False, 0
2039,0, 600, False, 0
2040,0, 600, False, 0
2041,0, 600, False, 0
2042,0, 600, False, 2
2043,0, 600, False, 2
2044,0, 600, False, 2
2045,0, 600, False, 2
2046,0, 600, False, 2
2047,0, 600, False, 2
2048,0, 600, False, 2
2049,0, 600, False, 2
2050,0, 600, False, 2
2051,0, 600, False, 2
2052,0, 600, False, 2
2053,0, 600, False, 2
2054,0, 600, False, 0
2055,0, 600, False, 0
2056,0, 600, False, 0
2057,0, 600, False, 0
2058,0, 600, False, 0
2059,0, 600, False, 0
2060,0, 600, False, 0
2061,0, 600, False, 0
2062,0, 600, False, 0
2063,0, 600, False, 0
2064,0, 600, False, 0
2065,0, 600, False, 0
2066,0, 600, False, 0
2067,0, 600, False, 0
2068,0, 600, False, 0
2069,0, 600, False, 0
2070,0, 600, False, 0
2071,0, 600, False, 0
2072,0, 600, False, 0
2073,0, 600, False, 0
2074,0, 600, False, 0
2075,0, 600, False, 0
2076,0, 600, False, 0
2077,0, 600, False, 0
2078,0, 600, False, 0
2079,0, 600, False, 0
2080,0, 600, False, 0
2081,0, 600, False, 0
2082,0, 600, False, 0
2083,0, 600, False, 0
2084,0, 600, False, 0
2085,0, 600, False, 0
2086,0, 600, False, 0
2087,0, 600, False, 0
2088,0, 600, False, 0
2089,0, 600, False, 0
2090,0, 600, False, 0
2091,0, 600, False, 0
2092,0, 600, False, 0
2093,0, 600, False, 0
2094,0, 600, False, 0
2095,0, 600, False, 0
2096,0, 600, False, 0
2097,0, 600, False, 0
2098,0, 600, False, 0
2099,0, 600, False, 0
2100,0, 600, False, 0
2101,0, 600, False, 0
2102,0, 600, False, 0
2103,0, 600, False, 0
2104,0, 600, False, 0
2105,0, 600, False, 0
2106,0, 600, False, 0
2107,0, 600, False, 0
2108,0, 600, False, 0
2109,0, 600, False, 0
2110,0, 600, False, 0
2111,0, 600, False, 5
2112,0, 600, False, 5
2113,0, 600, False, 5
2114,0, 600, False, 5
2115,0, 600, False, 5
2116,0, 600, False, 5
2117,0, 600, False, 5
2118,0, 600, False, 5
2119,0, 600, False, 5
2120,0, 600, False, 5
2121,0, 600, False, 5
2122,0, 600, False, 5
2123,0, 600, False, 0
2124,0, 600, False, 0
2125,0, 600, False, 0
2126,0, 600, False, 0
2127,0, 600, False, 0
2128,0, 600, False, 0
2129,0, 600, False, 0
2130,0, 600, False, 0
2131,0, 600, False, 0
2132,0, 600, False, 0
2133,0, 600, False, 0
2134,0, 600, False, 0
2135,0, 600, False, 0
2136,0, 600, False, 0
2137,0, 600, False, 0
2138,0, 600, False, 0
2139,0, 600, False, 0
2140,0, 600, False, 0
2141,0, 600, False, 0
2142,0, 600, False, 0
2143,0, 600, False, 0
2144,0, 600, False, 0
2145,0, 600, False, 0
2146,0, 600, False, 0
2147,0, 600, False, 0
2148,0, 600, False, 0
2149,0, 600, False, 0
2150,0, 600, False, 0
2151,0, 600, False, 0
2152,0, 600, False, 0
2153,0, 600, False, 0
2154,0, 600, False, 0
2155,0, 600, False, 0
2156,0, 600, False, 0
2157,0, 600, False, 0
2158,0, 600, False, 0
2159,0, 600, False, 0
2160,0, 600, False, 0
2161,0, 600, False, 0
2162,0, 600, False, 0
2163,0, 600, False, 0
2164,0, 600, False, 0
2165,0, 600, False, 0
2166,0, 600, False, 0
2167,0, 600, False, 0
2168,0, 600, False, 4
2169,0, 600, False, 4
2170,0, 600, False, 4
2171,0, 600, False, 4
2172,0, 600, False, 4
2173,0, 600, False, 4
2174,0, 600, False, 4
2175,0, 600, False, 4
2176,0, 600, False, 4
2177,0, 600, False, 4
2178,0, 600, False, 4
2179,0, 600, False, 4
2180,0, 600, False, 4
2181,0, 600, False, 0
2182,0, 600, False, 0
2183,0, 600, False, 0
2184,0, 600, False, 0
2185,0, 600, False, 0
2186,0, 600, False, 0
2187,0, 600, False, 0
2188,0, 600, False, 0
2189,0, 600, False, 0
2190,0, 600, False, 0
2191,0, 600, False, 0
2192,0, 600, False, 0
2193,0, 600, False, 0
2194,0, 600, False, 0
2195,0, 600, False, 0
2196,0, 600, False, 0
2197,0, 600, False, 0
2198,0, 600, False, 0
2199,0, 600, False, 0
2200,0, 600, False, 0
2201,0, 600, False, 0
2202,0, 600, False, 0
2203,0, 600, False, 0
2204,0, 600, False, 0
2205,0, 600, False, 0
2206,0, 600, False, 0
2207,0, 600, False, 0
2208,0, 600, False, 0
2209,0, 600, False, 0
2210,0, 600, False, 0
2211,0, 600, False, 0
2212,0, 600, False, 0
2213,0, 600, False, 0
2214,0, 600, False, 0
2215,0, 600, False, 0
2216,0, 600, False, 0
2217,0, 600, False, 2
2218,0, 600, False, 2
2219,0, 600, False, 2
2220,0, 600, False, 2
2221,0, 600, False, 2
2222,0, 600, False, 2
2223,0, 600, False, 2
2224,0, 600, False, 2
2225,0, 600, False, 2
2226,0, 600, False, 0
2227,0, 600, False, 0
2228,0, 600, False, 0
2229,0, 600, False, 0
2230,0, 600, False, 0
2231,0, 600, False, 0
2232,0, 600, False, 0
2233,0, 600, False, 0
2234,0, 600, False, 0
2235,0, 600, False, 0
2236,0, 600, False, 0
2237,0, 600, False, 0
2238,0, 600, False, 0
2239,0, 600, False, 0
2240,0, 600, False, 0
2241,0, 600, False, 0
2242,0, 600, False, 0
2243,0, 600, False, 0
2244,0, 600, False, 0
2245,0, 600, False, 0
2246,0, 600, False, 0
2247,0, 600, False, 0
2248,0, 600, False, 0
2249,0, 600, False, 0
2250,0, 600, False, 0
2251,0, 600, False, 0
2252,0, 600, False, 0
2253,0, 600, False, 0
2254,0, 600, False, 0
2255,0, 600, False, 0
2256,0, 600, False, 0
2257,0, 600, False, 0
2258,0, 600, False, 0
2259,0, 600, False, 0
2260,0, 600, False, 0
2261,0, 600, False, 0
2262,0, 600, False, 0
2263,0, 600, False, 0
2264,0, 600, False, 0
2265,0, 600, False, 0
2266,0, 600, False, 0
2267,0, 600, False, 0
2268,0, 600, False, 0
2269,0, 600, False, 0
2270,0, 600, False, 0
2271,0, 600, False, 0
2272,0, 600, False, 0
2273,0, 600, False, 0
2274,0, 600, False, 0
2275,0, 600, False, 0
2276,0, 600, False, 0
2277,0, 600, False, 0
2278,0, 600, False, 0
2279,0, 600, False, 0
2280,0, 600, False, 0
2281,0, 600, False, 0
2282,0, 600, False, 0
2283,0, 600, False, 0
2284,0, 600, False, 0
2285,0, 600, False, 0
2286,0, 600, False, 0
2287,0, 600, False, 0
2288,0, 600, False, 0
2289,0, 600, False, 0
2290,0, 600, False, 0
2291,0, 600, False, 0
2292,0, 600, False, 0
2293,0, 600, False, 0
2294,0, 600, False, 0
2295,0, 600, False, 0
2296,0, 600, False, 0
2297,0, 600, False, 0
2298,0, 600, False, 0
2299,0, 600, False, 0
2300,0, 600, False, 0
2301,0, 600, False, 0
2302,0, 600, False, 0
2303,0, 600, False, 0
2304,0, 600, False, 0
2305,0, 600, False, 0
2306,0, 600, False, 0
2307,0, 600, False, 0
2308,0, 600, False, 0
2309,0, 600, False, 0
2310,0, 600, False, 0
2311,0, 600, False, 0
2312,0, 600, False, 0
2313,0, 600, False, 0
2314,0, 600, False, 0
2315,0, 600, False, 0
2316,0, 600, False, 0
2317,0, 600, False, 0
2318,0, 600, False, 0
2319,0, 600, False, 0
2320,0, 600, False, 0
2321,0, 600, False, 0
2322,0, 600, False, 0
2323,0, 600, False, 0
2324,0, 600, False, 0
2325,0, 600, False, 0
2326,0, 600, False, 0
2327,0, 600, False, 0
2328,0, 600, False, 0
2329,0, 600, False, 0
2330,0, 600, False, 5
2331,0, 600, False, 5
2332,0, 600, False, 5
2333,0, 600, False, 5
2334,0, 600, False, 5
2335,0, 600, False, 5
2336,0, 600, False, 5
2337,0, 600, False, 5
2338,0, 600, False, 5
2339,0, 600, False, 5
2340,0, 600, False, 5
2341,0, 600, False, 5
2342,0, 600, False, 5
2343,0, 600, False, 5
2344,0, 600, False, 5
2345,0, 600, False, 5
2346,0, 600, False, 5
2347,0, 600, False, 5
2348,0, 600, False, 0
2349,0, 600, False, 0
2350,0, 600, False, 0
2351,0, 600, False, 0
2352,0, 600, False, 0
2353,0, 600, False, 0
2354,0, 600, False, 0
2355,0, 600, False, 0
2356,0, 600, False, 0
2357,0, 600, False, 0
2358,0, 600, False, 0
2359,0, 600, False, 0
2360,0, 600, False, 0
2361,0, 600, False, 0
2362,0, 600, False, 0
2363,0, 600, False, 0
2364,0, 600, False, 0
2365,0, 600, False, 0
2366,0, 600, False, 0
2367,0, 600, False, 0
2368,0, 600, False, 0
2369,0, 600, False, 0
2370,0, 600, False, 0
2371,0, 600, False, 0
2372,0, 600, False, 0
2373,0, 600, False, 3
2374,0, 600, False, 3
2375,0, 600, False, 3
2376,0, 600, False, 3
2377,0, 600, False, 3
2378,0, 600, False, 3
2379,0, 600, False, 3
2380,0, 600, False, 3
2381,0, 600, False, 3
2382,0, 600, False, 3
2383,0, 600, False, 3
2384,0, 600, False, 3
2385,0, 600, False, 3
2386,0, 600, False, 3
2387,0, 600, False, 3
2388,0, 600, False, 3
2389,0, 600, False, 3
2390,0, 600, False, 3
2391,0, 600, False, 3
2392,0, 600, False, 3
2393,0, 600, False, 3
2394,0, 600, False, 3
2395,0, 600, False, 3
2396,0, 600, False, 3
2397,0, 600, False, 3
2398,0, 600, False, 3
2399,0, 600, False, 3
2400,0, 600, False, 3
2401,0, 600, False, 3
2402,0, 600, False, 3
2403,0, 600, False, 3
2404,0, 600, False, 0
2405,0, 600, False, 0
2406,0, 600, False, 0
2407,0, 600, False, 0
2408,0, 600, False, 0
2409,0, 600, False, 2
2410,0, 600, False, 2
2411,0, 600, False, 2
2412,0, 600, False, 2
2413,0, 600, False, 2
2414,0, 600, False, 2
2415,0, 600, False, 2
2416,200, 800, False, 2
2417,0, 800, False, 2
2418,0, 800, False, 2
2419,0, 800, False, 2
2420,0, 800, False, 2
2421,0, 800, False, 2
2422,0, 800, False, 2
2423,0, 800, False, 0
2424,0, 800, False, 0
2425,0, 800, False, 0
2426,0, 800, False, 0
2427,0, 800, False, 0
2428,0, 800, False, 0
2429,0, 800, False, 0
2430,0, 800, False, 0
2431,0, 800, False, 0
2432,0, 800, False, 0
2433,0, 800, False, 0
2434,0, 800, False, 0
2435,0, 800, False, 0
2436,0, 800, False, 0
2437,0, 800, False, 0
2438,0, 800, False, 0
2439,0, 800, False, 0
2440,0, 800, False, 0
2441,0, 800, False, 0
2442,0, 800, False, 0
2443,0, 800, False, 0
2444,0, 800, False, 0
2445,0, 800, False, 0
2446,0, 800, False, 0
2447,0, 800, False, 0
2448,0, 800, False, 0
2449,0, 800, False, 0
2450,0, 800, False, 0
2451,0, 800, False, 0
2452,0, 800, False, 0
2453,0, 800, False, 0
2454,0, 800, False, 0
2455,0, 800, False, 0
2456,0, 800, False, 0
2457,0, 800, False, 0
2458,0, 800, False, 0
2459,0, 800, False, 0
2460,0, 800, False, 0
2461,0, 800, False, 0
2462,0, 800, False, 0
2463,0, 800, False, 0
2464,0, 800, False, 0
2465,0, 800, False, 0
2466,0, 800, False, 0
2467,0, 800, False, 0
2468,0, 800, False, 0
2469,0, 800, False, 0
2470,0, 800, False, 0
2471,0, 800, False, 0
2472,0, 800, False, 0
2473,0, 800, False, 0
2474,0, 800, False, 0
2475,0, 800, False, 0
2476,0, 800, False, 0
2477,0, 800, False, 0
2478,0, 800, False, 0
2479,0, 800, False, 0
2480,0, 800, False, 0
2481,0, 800, False, 0
2482,0, 800, False, 0
2483,0, 800, False, 0
2484,0, 800, False, 0
2485,0, 800, False, 0
2486,0, 800, False, 0
2487,0, 800, False, 0
2488,0, 800, False, 0
2489,0, 800, False, 0
2490,0, 800, False, 0
2491,0, 800, False, 0
2492,0, 800, False, 0
2493,0, 800, False, 0
2494,0, 800, False, 0
2495,0, 800, False, 0
2496,0, 800, False, 0
2497,0, 800, False, 0
2498,0, 800, False, 0
2499,0, 800, False, 0
2500,0, 800, False, 0
2501,0, 800, False, 0
2502,0, 800, False, 0
2503,0, 800, False, 0
2504,0, 800, False, 0
2505,0, 800, False, 0
2506,0, 800, False, 0
2507,0, 800, False, 0
2508,0, 800, False, 0
2509,0, 800, False, 0
2510,0, 800, False, 0
2511,0, 800, False, 0
2512,0, 800, False, 0
2513,0, 800, False, 0
2514,0, 800, False, 0
2515,0, 800, False, 0
2516,0, 800, False, 0
2517,0, 800, False, 0
2518,0, 800, False, 0
2519,0, 800, False, 0
2520,0, 800, False, 0
2521,0, 800, False, 0
2522,0, 800, False, 0
2523,0, 800, False, 0
2524,0, 800, False, 0
2525,0, 800, False, 0
2526,0, 800, False, 0
2527,0, 800, False, 0
2528,0, 800, False, 0
2529,0, 800, False, 0
2530,0, 800, False, 0
2531,0, 800, False, 0
2532,0, 800, False, 0
2533,0, 800, False, 0
2534,0, 800, False, 0
2535,0, 800, False, 0
2536,0, 800, False, 0
2537,0, 800, False, 0
2538,0, 800, False, 0
2539,0, 800, False, 0
2540,0, 800, False, 0
2541,0, 800, False, 0
2542,0, 800, False, 0
2543,0, 800, False, 0
2544,0, 800, False, 0
2545,0, 800, False, 0
2546,0, 800, False, 0
2547,0, 800, False, 2
2548,0, 800, False, 2
2549,0, 800, False, 2
2550,0, 800, False, 2
2551,0, 800, False, 2
2552,0, 800, False, 2
2553,0, 800, False, 2
2554,0, 800, False, 2
2555,0, 800, False, 2
2556,0, 800, False, 2
2557,0, 800, False, 0
2558,0, 800, False, 0
2559,0, 800, False, 0
2560,0, 800, False, 0
2561,0, 800, False, 0
2562,0, 800, False, 0
2563,0, 800, False, 0
2564,0, 800, False, 0
2565,0, 800, False, 0
2566,0, 800, False, 0
2567,0, 800, False, 0
2568,0, 800, False, 0
2569,0, 800, False, 0
2570,0, 800, False, 0
2571,0, 800, False, 0
2572,0, 800, False, 0
2573,0, 800, False, 0
2574,0, 800, False, 0
2575,0, 800, False, 0
2576,0, 800, False, 0
2577,0, 800, False, 0
2578,0, 800, False, 0
2579,0, 800, False, 0
2580,0, 800, False, 0
2581,0, 800, False, 0
2582,0, 800, False, 0
2583,0, 800, False, 0
2584,0, 800, False, 0
2585,0, 800, False, 0
2586,0, 800, False, 0
2587,0, 800, False, 0
2588,0, 800, False, 0
2589,0, 800, False, 0
2590,0, 800, False, 0
2591,0, 800, False, 0
2592,0, 800, False, 0
2593,0, 800, False, 0
2594,0, 800, False, 0
2595,0, 800, False, 0
2596,0, 800, False, 0
2597,0, 800, False, 0
2598,0, 800, False, 0
2599,0, 800, False, 0
2600,0, 800, False, 0
2601,0, 800, False, 0
2602,0, 800, False, 0
2603,0, 800, False, 0
2604,0, 800, False, 0
2605,0, 800, False, 0
2606,0, 800, False, 0
2607,0, 800, False, 5
2608,0, 800, False, 5
2609,0, 800, False, 5
2610,0, 800, False, 5
2611,0, 800, False, 5
2612,0, 800, False, 5
2613,0, 800, False, 5
2614,0, 800, False, 5
2615,0, 800, False, 5
2616,0, 800, False, 5
2617,0, 800, False, 5
2618,0, 800, False, 5
2619,0, 800, False, 5
2620,0, 800, False, 5
2621,0, 800, False, 0
2622,0, 800, False, 0
2623,0, 800, False, 0
2624,0, 800, False, 0
2625,0, 800, False, 0
2626,0, 800, False, 0
2627,0, 800, False, 0
2628,0, 800, False, 0
2629,0, 800, False, 0
2630,0, 800, False, 0
2631,0, 800, False, 0
2632,0, 800, False, 0
2633,0, 800, False, 0
2634,0, 800, False, 0
2635,0, 800, False, 0
2636,0, 800, False, 0
2637,0, 800, False, 0
2638,0, 800, False, 0
2639,0, 800, False, 0
2640,0, 800, False, 0
2641,0, 800, False, 0
2642,0, 800, False, 0
2643,0, 800, False, 0
2644,0, 800, False, 0
2645,0, 800, False, 0
2646,0, 800, False, 0
2647,0, 800, False, 0
2648,0, 800, False, 0
2649,0, 800, False, 0
2650,0, 800, False, 0
2651,0, 800, False, 0
2652,0, 800, False, 0
2653,0, 800, False, 0
2654,0, 800, False, 0
2655,0, 800, False, 0
2656,0, 800, False, 0
2657,0, 800, False, 0
2658,0, 800, False, 0
2659,0, 800, False, 0
2660,0, 800, False, 0
2661,0, 800, False, 0
2662,0, 800, False, 0
2663,0, 800, False, 0
2664,0, 800, False, 0
2665,0, 800, False, 0
2666,0, 800, False, 0
2667,0, 800, False, 0
2668,0, 800, False, 0
2669,0, 800, False, 0
2670,0, 800, False, 0
2671,0, 800, False, 0
2672,0, 800, False, 0
2673,0, 800, False, 3
2674,0, 800, False, 3
2675,0, 800, False, 3
2676,0, 800, False, 3
2677,0, 800, False, 3
2678,0, 800, False, 3
2679,0, 800, False, 3
2680,0, 800, False, 3
2681,0, 800, False, 3
2682,0, 800, False, 3
2683,0, 800, False, 3
2684,0, 800, False, 3
2685,0, 800, False, 3
2686,0, 800, False, 3
2687,0, 800, False, 3
2688,0, 800, False, 3
2689,0, 800, False, 3
2690,0, 800, False, 3
2691,0, 800, False, 3
2692,0, 800, False, 3
2693,0, 800, False, 3
2694,0, 800, False, 3
2695,0, 800, False, 3
2696,0, 800, False, 3
2697,0, 800, False, 3
2698,0, 800, False, 3
2699,0, 800, False, 3
2700,0, 800, False, 3
2701,0, 800, False, 3
2702,0, 800, False, 3
2703,0, 800, False, 3
2704,0, 800, False, 3
2705,0, 800, False, 3
2706,0, 800, False, 3
2707,0, 800, False, 0
2708,0, 800, False, 0
2709,0, 800, False, 0
2710,0, 800, False, 0
2711,0, 800, False, 0
2712,0, 800, False, 0
2713,0, 800, False, 0
2714,0, 800, False, 0
2715,0, 800, False, 0
2716,0, 800, False, 0
2717,0, 800, False, 0
2718,0, 800, False, 0
2719,0, 800, False, 0
2720,0, 800, False, 2
2721,0, 800, False, 2
2722,0, 800, False, 2
2723,0, 800, False, 2
2724,0, 800, False, 2
2725,0, 800, False, 2
2726,0, 800, False, 2
2727,0, 800, False, 2
2728,0, 800, False, 2
2729,0, 800, False, 2
2730,0, 800, False, 2
2731,0, 800, False, 2
2732,0, 800, False, 2
2733,0, 800, False, 2
2734,0, 800, False, 2
2735,0, 800, False, 2
2736,0, 800, False, 2
2737,0, 800, False, 2
2738,0, 800, False, 2
2739,0, 800, False, 2
2740,0, 800, False, 2
2741,0, 800, False, 0
2742,0, 800, False, 0
2743,0, 800, False, 0
2744,0, 800, False, 0
2745,0, 800, False, 0
2746,0, 800, False, 0
2747,0, 800, False, 0
2748,0, 800, False, 0
2749,0, 800, False, 0
2750,0, 800, False, 0
2751,0, 800, False, 0
2752,0, 800, False, 0
2753,0, 800, False, 4
2754,0, 800, False, 4
2755,0, 800, False, 4
2756,0, 800, False, 4
2757,0, 800, False, 4
2758,0, 800, False, 4
2759,0, 800, False, 4
2760,0, 800, False, 4
2761,0, 800, False, 4
2762,0, 800, False, 4
2763,0, 800, False, 4
2764,0, 800, False, 4
2765,0, 800, False, 4
2766,0, 800, False, 4
2767,0, 800, False, 4
2768,0, 800, False, 4
2769,0, 800, False, 4
2770,0, 800, False, 4
2771,0, 800, False, 0
2772,0, 800, False, 0
2773,0, 800, False, 0
2774,0, 800, False, 0
2775,0, 800, False, 0
2776,0, 800, False, 0
2777,0, 800, False, 0
2778,0, 800, False, 0
2779,0, 800, False, 0
2780,0, 800, False, 0
2781,0, 800, False, 0
2782,0, 800, False, 0
2783,0, 800, False, 0
2784,0, 800, False, 0
2785,0, 800, False, 0
2786,0, 800, False, 0
2787,0, 800, False, 0
2788,0, 800, False, 0
2789,0, 800, False, 0
2790,0, 800, False, 0
2791,0, 800, False, 0
2792,0, 800, False, 0
2793,0, 800, False, 0
2794,0, 800, False, 0
2795,0, 800, False, 0
2796,0, 800, False, 0
2797,0, 800, False, 0
2798,0, 800, False, 0
2799,0, 800, False, 0
2800,0, 800, False, 0
2801,0, 800, False, 2
2802,0, 800, False, 2
2803,0, 800, False, 2
2804,0, 800, False, 2
2805,0, 800, False, 2
2806,0, 800, False, 2
2807,0, 800, False, 2
2808,0, 800, False, 2
2809,0, 800, False, 2
2810,0, 800, False, 2
2811,0, 800, False, 2
2812,0, 800, False, 2
2813,0, 800, False, 2
2814,0, 800, False, 2
2815,0, 800, False, 2
2816,0, 800, False, 0
2817,0, 800, False, 0
2818,0, 800, False, 0
2819,0, 800, False, 0
2820,0, 800, False, 0
2821,0, 800, False, 0
2822,0, 800, False, 0
2823,0, 800, False, 0
2824,0, 800, False, 0
2825,0, 800, False, 0
2826,0, 800, False, 0
2827,0, 800, False, 0
2828,0, 800, False, 4
2829,0, 800, False, 4
2830,0, 800, False, 4
2831,0, 800, False, 4
2832,0, 800, False, 4
2833,0, 800, False, 4
2834,0, 800, False, 4
2835,0, 800, False, 4
2836,0, 800, False, 4
2837,0, 800, False, 4
2838,0, 800, False, 4
2839,0, 800, False, 4
2840,0, 800, False, 4
2841,0, 800, False, 4
2842,0, 800, False, 4
2843,0, 800, False, 0
2844,0, 800, False, 0
2845,0, 800, False, 0
2846,0, 800, False, 0
2847,0, 800, False, 0
2848,0, 800, False, 0
2849,0, 800, False, 0
2850,0, 800, False, 0
2851,0, 800, False, 0
2852,0, 800, False, 0
2853,0, 800, False, 0
2854,0, 800, False, 5
2855,0, 800, False, 5
2856,0, 800, False, 5
2857,0, 800, False, 5
2858,0, 800, False, 5
2859,0, 800, False, 5
2860,0, 800, False, 5
2861,0, 800, False, 5
2862,0, 800, False, 5
2863,0, 800, False, 5
2864,0, 800, False, 5
2865,0, 800, False, 5
2866,0, 800, False, 5
2867,0, 800, False, 5
2868,0, 800, False, 5
2869,0, 800, False, 0
2870,0, 800, False, 0
2871,0, 800, False, 0
2872,0, 800, False, 0
2873,0, 800, False, 0
2874,0, 800, False, 0
2875,0, 800, False, 0
2876,0, 800, False, 0
2877,0, 800, False, 0
2878,0, 800, False, 0
2879,0, 800, False, 0
2880,0, 800, False, 0
2881,0, 800, False, 0
2882,0, 800, False, 0
2883,0, 800, False, 0
2884,0, 800, False, 0
2885,0, 800, False, 0
2886,0, 800, False, 0
2887,0, 800, False, 0
2888,0, 800, False, 0
2889,0, 800, False, 0
2890,0, 800, False, 0
2891,0, 800, False, 0
2892,0, 800, False, 0
2893,0, 800, False, 0
2894,0, 800, False, 0
2895,0, 800, False, 0
2896,0, 800, False, 0
2897,0, 800, False, 0
2898,0, 800, False, 0
2899,0, 800, False, 0
2900,0, 800, False, 0
2901,0, 800, False, 0
2902,0, 800, False, 0
2903,0, 800, False, 0
2904,0, 800, False, 0
2905,0, 800, False, 0
2906,0, 800, False, 0
2907,0, 800, False, 0
2908,0, 800, False, 0
2909,0, 800, False, 0
2910,0, 800, False, 0
2911,0, 800, False, 0
2912,0, 800, False, 0
2913,0, 800, False, 0
2914,0, 800, False, 0
2915,0, 800, False, 0
2916,0, 800, False, 0
2917,0, 800, False, 0
2918,0, 800, False, 0
2919,0, 800, False, 0
2920,0, 800, False, 0
2921,0, 800, False, 0
2922,0, 800, False, 0
2923,0, 800, False, 0
2924,0, 800, False, 0
2925,0, 800, False, 0
2926,0, 800, False, 0
2927,0, 800, False, 0
2928,0, 800, False, 0
2929,0, 800, False, 0
2930,0, 800, False, 0
2931,0, 800, False, 0
2932,0, 800, False, 0
2933,0, 800, False, 0
2934,0, 800, False, 0
2935,0, 800, False, 0
2936,0, 800, False, 0
2937,0, 800, False, 0
2938,0, 800, False, 0
2939,0, 800, False, 0
2940,0, 800, False, 0
2941,0, 800, False, 0
2942,0, 800, False, 0
2943,0, 800, False, 0
2944,0, 800, False, 0
2945,0, 800, False, 0
2946,0, 800, False, 0
2947,0, 800, False, 0
2948,0, 800, False, 0
2949,0, 800, False, 0
2950,0, 800, False, 0
2951,0, 800, False, 5
2952,0, 800, False, 5
2953,0, 800, False, 5
2954,0, 800, False, 5
2955,0, 800, False, 5
2956,0, 800, False, 5
2957,0, 800, False, 5
2958,0, 800, False, 5
2959,0, 800, False, 5
2960,0, 800, False, 5
2961,0, 800, False, 5
2962,0, 800, False, 5
2963,0, 800, False, 5
2964,0, 800, False, 5
2965,0, 800, False, 0
2966,0, 800, False, 0
2967,0, 800, False, 0
2968,0, 800, False, 0
2969,0, 800, False, 0
2970,0, 800, False, 0
2971,0, 800, False, 0
2972,0, 800, False, 0
2973,0, 800, False, 0
2974,0, 800, False, 0
2975,0, 800, False, 0
2976,0, 800, False, 0
2977,0, 800, False, 0
2978,0, 800, False, 0
2979,0, 800, False, 0
2980,0, 800, False, 0
2981,0, 800, False, 0
2982,0, 800, False, 0
2983,0, 800, False, 0
2984,0, 800, False, 0
2985,0, 800, False, 0
2986,0, 800, False, 0
2987,0, 800, False, 0
2988,0, 800, False, 0
2989,0, 800, False, 0
2990,0, 800, False, 0
2991,0, 800, False, 0
2992,0, 800, False, 0
2993,0, 800, False, 0
2994,0, 800, False, 0
2995,0, 800, False, 0
2996,0, 800, False, 0
2997,0, 800, False, 0
2998,0, 800, False, 0
2999,0, 800, False, 0
3000,0, 800, False, 0
3001,0, 800, False, 0
3002,0, 800, False, 0
3003,0, 800, False, 0
3004,0, 800, False, 0
3005,0, 800, False, 0
3006,0, 800, False, 0
3007,0, 800, False, 0
3008,0, 800, False, 0
3009,0, 800, False, 0
3010,0, 800, False, 0
3011,0, 800, False, 0
3012,0, 800, False, 0
3013,0, 800, False, 0
3014,0, 800, False, 0
3015,0, 800, False, 0
3016,0, 800, False, 0
3017,0, 800, False, 0
3018,0, 800, False, 0
3019,0, 800, False, 0
3020,0, 800, False, 0
3021,0, 800, False, 0
3022,0, 800, False, 0
3023,0, 800, False, 0
3024,0, 800, False, 0
3025,0, 800, False, 0
3026,0, 800, False, 0
3027,0, 800, False, 0
3028,0, 800, False, 4
3029,0, 800, False, 4
3030,0, 800, False, 4
3031,0, 800, False, 4
3032,0, 800, False, 4
3033,0, 800, False, 4
3034,0, 800, False, 4
3035,0, 800, False, 4
3036,0, 800, False, 4
3037,0, 800, False, 4
3038,0, 800, False, 4
3039,0, 800, False, 4
3040,0, 800, False, 4
3041,0, 800, False, 4
3042,0, 800, False, 4
3043,0, 800, False, 4
3044,0, 800, False, 4
3045,0, 800, False, 4
3046,0, 800, False, 4
3047,0, 800, False, 0
3048,0, 800, False, 0
3049,0, 800, False, 0
3050,0, 800, False, 0
3051,0, 800, False, 0
3052,0, 800, False, 0
3053,0, 800, False, 0
3054,0, 800, False, 0
3055,0, 800, False, 0
3056,0, 800, False, 0
3057,0, 800, False, 0
3058,0, 800, False, 0
3059,0, 800, False, 0
3060,0, 800, False, 0
3061,0, 800, False, 0
3062,0, 800, False, 0
3063,0, 800, False, 0
3064,0, 800, False, 0
3065,0, 800, False, 0
3066,0, 800, False, 0
3067,0, 800, False, 0
3068,0, 800, False, 0
3069,0, 800, False, 0
3070,0, 800, False, 0
3071,0, 800, False, 0
3072,0, 800, False, 2
3073,0, 800, False, 2
3074,0, 800, False, 2
3075,0, 800, False, 2
3076,0, 800, False, 2
3077,0, 800, False, 2
3078,0, 800, False, 2
3079,0, 800, False, 2
3080,0, 800, False, 2
3081,0, 800, False, 2
3082,0, 800, False, 2
3083,0, 800, False, 2
3084,0, 800, False, 2
3085,0, 800, False, 2
3086,0, 800, False, 0
3087,0, 800, False, 0
3088,0, 800, False, 0
3089,0, 800, False, 0
3090,0, 800, False, 0
3091,0, 800, False, 0
3092,0, 800, False, 0
3093,0, 800, False, 0
3094,0, 800, False, 0
3095,0, 800, False, 0
3096,0, 800, False, 0
3097,0, 800, False, 0
3098,0, 800, False, 0
3099,0, 800, False, 0
3100,0, 800, False, 0
3101,0, 800, False, 0
3102,0, 800, False, 0
3103,0, 800, False, 0
3104,0, 800, False, 0
3105,0, 800, False, 0
3106,0, 800, False, 3
3107,0, 800, False, 3
3108,0, 800, False, 3
3109,0, 800, False, 3
3110,0, 800, False, 3
3111,0, 800, False, 3
3112,0, 800, False, 3
3113,0, 800, False, 3
3114,0, 800, False, 3
3115,0, 800, False, 3
3116,0, 800, False, 3
3117,0, 800, False, 3
3118,0, 800, False, 0
3119,0, 800, False, 0
3120,0, 800, False, 0
3121,0, 800, False, 0
3122,0, 800, False, 0
3123,0, 800, False, 2
3124,0, 800, False, 2
3125,0, 800, False, 2
3126,0, 800, False, 2
3127,0, 800, False, 2
3128,0, 800, False, 2
3129,0, 800, False, 2
3130,0, 800, False, 2
3131,0, 800, False, 2
3132,0, 800, False, 2
3133,0, 800, False, 2
3134,0, 800, False, 2
3135,0, 800, False, 2
3136,0, 800, False, 2
3137,0, 800, False, 2
3138,0, 800, False, 2
3139,0, 800, False, 2
3140,0, 800, False, 2
3141,0, 800, False, 2
3142,0, 800, False, 2
3143,0, 800, False, 2
3144,0, 800, False, 2
3145,0, 800, False, 2
3146,0, 800, False, 2
3147,0, 800, False, 2
3148,0, 800, False, 2
3149,0, 800, False, 2
3150,0, 800, False, 2
3151,0, 800, False, 2
3152,0, 800, False, 2
3153,0, 800, False, 0
3154,0, 800, False, 0
3155,0, 800, False, 0
3156,0, 800, False, 0
3157,0, 800, False, 0
3158,0, 800, False, 0
3159,0, 800, False, 0
3160,0, 800, False, 0
3161,0, 800, False, 2
3162,0, 800, False, 2
3163,0, 800, False, 2
3164,0, 800, False, 2
3165,0, 800, False, 2
3166,0, 800, False, 2
3167,0, 800, False, 2
3168,0, 800, False, 2
3169,0, 800, False, 2
3170,0, 800, False, 2
3171,0, 800, False, 2
3172,0, 800, False, 2
3173,0, 800, False, 2
3174,0, 800, False, 0
3175,0, 800, False, 0
3176,0, 800, False, 0
3177,0, 800, False, 3
3178,0, 800, False, 3
3179,0, 800, False, 3
3180,0, 800, False, 3
3181,0, 800, False, 3
3182,0, 800, False, 3
3183,0, 800, False, 3
3184,0, 800, False, 3
3185,0, 800, False, 3
3186,0, 800, False, 3
3187,0, 800, False, 3
3188,0, 800, False, 3
3189,0, 800, False, 3
3190,0, 800, False, 3
3191,0, 800, False, 3
3192,0, 800, False, 0
3193,0, 800, False, 0
3194,0, 800, False, 0
3195,0, 800, False, 0
3196,0, 800, False, 0
3197,0, 800, False, 0
3198,0, 800, False, 0
3199,0, 800, False, 0
3200,0, 800, False, 0
3201,0, 800, False, 0
3202,0, 800, False, 0
3203,0, 800, False, 0
3204,0, 800, False, 0
3205,0, 800, False, 0
3206,0, 800, False, 0
3207,0, 800, False, 0
3208,0, 800, False, 0
3209,0, 800, False, 0
3210,0, 800, False, 0
3211,0, 800, False, 0
3212,0, 800, False, 2
3213,0, 800, False, 2
3214,0, 800, False, 2
3215,0, 800, False, 2
3216,0, 800, False, 2
3217,0, 800, False, 2
3218,0, 800, False, 2
3219,0, 800, False, 2
3220,0, 800, False, 2
3221,0, 800, False, 2
3222,0, 800, False, 2
3223,0, 800, False, 2
3224,0, 800, False, 2
3225,0, 800, False, 2
3226,0, 800, False, 2
3227,0, 800, False, 2
3228,0, 800, False, 2
3229,0, 800, False, 2
3230,0, 800, False, 2
3231,0, 800, False, 2
3232,0, 800, False, 2
3233,0, 800, False, 2
3234,0, 800, False, 2
3235,0, 800, False, 2
3236,0, 800, False, 2
3237,0, 800, False, 2
3238,0, 800, False, 0
3239,0, 800, False, 0
3240,0, 800, False, 0
3241,0, 800, False, 0
3242,0, 800, False, 0
3243,0, 800, False, 0
3244,0, 800, False, 0
3245,0, 800, False, 0
3246,0, 800, False, 0
3247,0, 800, False, 0
3248,0, 800, False, 0
3249,0, 800, False, 0
3250,0, 800, False, 0
3251,0, 800, False, 0
3252,0, 800, False, 0
3253,0, 800, False, 0
3254,0, 800, False, 0
3255,0, 800, False, 0
3256,0, 800, False, 0
3257,0, 800, False, 0
3258,0, 800, False, 0
3259,0, 800, False, 0
3260,0, 800, False, 0
3261,0, 800, False, 0
3262,0, 800, False, 0
3263,0, 800, False, 0
3264,0, 800, False, 0
3265,0, 800, False, 0
3266,0, 800, False, 0
3267,0, 800, False, 0
3268,0, 800, False, 0
3269,0, 800, False, 0
3270,0, 800, False, 0
3271,0, 800, False, 0
3272,0, 800, False, 0
3273,0, 800, False, 0
3274,0, 800, False, 0
3275,0, 800, False, 0
3276,0, 800, False, 0
3277,0, 800, False, 0
3278,0, 800, False, 0
3279,0, 800, False, 0
3280,0, 800, False, 0
3281,0, 800, False, 0
3282,0, 800, False, 0
3283,0, 800, False, 0
3284,0, 800, False, 0
3285,0, 800, False, 0
3286,0, 800, False, 0
3287,0, 800, False, 0
3288,0, 800, False, 0
3289,0, 800, False, 0
3290,0, 800, False, 0
3291,0, 800, False, 0
3292,0, 800, False, 0
3293,0, 800, False, 0
3294,0, 800, False, 0
3295,0, 800, False, 0
3296,0, 800, True, 0
