db traj id : 38
frame,reward,score,terminal, action
0,0, 0, False, 0
1,0, 0, False, 0
2,0, 0, False, 0
3,0, 0, False, 0
4,0, 0, False, 0
5,0, 0, False, 0
6,0, 0, False, 0
7,0, 0, False, 0
8,0, 0, False, 0
9,0, 0, False, 0
10,0, 0, False, 0
11,0, 0, False, 0
12,0, 0, False, 0
13,0, 0, False, 0
14,0, 0, False, 0
15,0, 0, False, 0
16,0, 0, False, 0
17,0, 0, False, 0
18,0, 0, False, 0
19,0, 0, False, 0
20,0, 0, False, 0
21,0, 0, False, 0
22,0, 0, False, 0
23,0, 0, False, 0
24,0, 0, False, 0
25,0, 0, False, 0
26,0, 0, False, 0
27,0, 0, False, 0
28,0, 0, False, 0
29,0, 0, False, 0
30,0, 0, False, 0
31,0, 0, False, 0
32,0, 0, False, 0
33,0, 0, False, 0
34,0, 0, False, 0
35,0, 0, False, 0
36,0, 0, False, 0
37,0, 0, False, 0
38,0, 0, False, 0
39,0, 0, False, 0
40,0, 0, False, 0
41,0, 0, False, 0
42,0, 0, False, 0
43,0, 0, False, 0
44,0, 0, False, 0
45,0, 0, False, 0
46,0, 0, False, 0
47,0, 0, False, 0
48,0, 0, False, 0
49,0, 0, False, 0
50,0, 0, False, 0
51,0, 0, False, 0
52,0, 0, False, 0
53,0, 0, False, 0
54,0, 0, False, 0
55,0, 0, False, 0
56,0, 0, False, 0
57,0, 0, False, 0
58,0, 0, False, 0
59,0, 0, False, 0
60,0, 0, False, 0
61,0, 0, False, 0
62,0, 0, False, 0
63,0, 0, False, 0
64,0, 0, False, 0
65,0, 0, False, 0
66,0, 0, False, 0
67,0, 0, False, 0
68,0, 0, False, 0
69,0, 0, False, 0
70,0, 0, False, 0
71,0, 0, False, 0
72,0, 0, False, 0
73,0, 0, False, 0
74,0, 0, False, 0
75,0, 0, False, 0
76,0, 0, False, 0
77,0, 0, False, 0
78,0, 0, False, 0
79,0, 0, False, 0
80,0, 0, False, 0
81,0, 0, False, 0
82,0, 0, False, 0
83,0, 0, False, 0
84,0, 0, False, 0
85,0, 0, False, 0
86,0, 0, False, 0
87,0, 0, False, 0
88,0, 0, False, 0
89,0, 0, False, 0
90,0, 0, False, 0
91,0, 0, False, 0
92,0, 0, False, 0
93,0, 0, False, 0
94,0, 0, False, 0
95,0, 0, False, 0
96,0, 0, False, 0
97,0, 0, False, 0
98,0, 0, False, 0
99,0, 0, False, 0
100,0, 0, False, 0
101,0, 0, False, 0
102,0, 0, False, 0
103,0, 0, False, 0
104,0, 0, False, 0
105,0, 0, False, 0
106,0, 0, False, 0
107,0, 0, False, 0
108,0, 0, False, 0
109,0, 0, False, 0
110,0, 0, False, 0
111,0, 0, False, 0
112,0, 0, False, 0
113,0, 0, False, 0
114,0, 0, False, 0
115,0, 0, False, 0
116,0, 0, False, 0
117,0, 0, False, 0
118,0, 0, False, 0
119,0, 0, False, 0
120,0, 0, False, 0
121,0, 0, False, 0
122,0, 0, False, 0
123,0, 0, False, 0
124,0, 0, False, 0
125,0, 0, False, 0
126,0, 0, False, 0
127,0, 0, False, 0
128,0, 0, False, 0
129,0, 0, False, 0
130,0, 0, False, 0
131,0, 0, False, 0
132,0, 0, False, 0
133,0, 0, False, 0
134,0, 0, False, 0
135,0, 0, False, 0
136,0, 0, False, 0
137,0, 0, False, 0
138,0, 0, False, 0
139,0, 0, False, 0
140,0, 0, False, 0
141,0, 0, False, 0
142,0, 0, False, 0
143,0, 0, False, 0
144,0, 0, False, 0
145,0, 0, False, 0
146,0, 0, False, 0
147,0, 0, False, 0
148,0, 0, False, 0
149,0, 0, False, 0
150,0, 0, False, 0
151,0, 0, False, 0
152,0, 0, False, 0
153,0, 0, False, 0
154,0, 0, False, 0
155,0, 0, False, 0
156,0, 0, False, 0
157,0, 0, False, 0
158,0, 0, False, 0
159,0, 0, False, 0
160,0, 0, False, 0
161,0, 0, False, 0
162,0, 0, False, 0
163,0, 0, False, 0
164,0, 0, False, 0
165,0, 0, False, 0
166,0, 0, False, 0
167,0, 0, False, 0
168,0, 0, False, 0
169,0, 0, False, 0
170,0, 0, False, 0
171,0, 0, False, 0
172,0, 0, False, 0
173,0, 0, False, 0
174,0, 0, False, 0
175,0, 0, False, 0
176,0, 0, False, 0
177,0, 0, False, 0
178,0, 0, False, 0
179,0, 0, False, 0
180,0, 0, False, 0
181,0, 0, False, 0
182,0, 0, False, 0
183,0, 0, False, 0
184,0, 0, False, 0
185,0, 0, False, 0
186,0, 0, False, 0
187,0, 0, False, 0
188,0, 0, False, 0
189,0, 0, False, 0
190,0, 0, False, 0
191,0, 0, False, 0
192,0, 0, False, 0
193,0, 0, False, 0
194,0, 0, False, 0
195,0, 0, False, 0
196,0, 0, False, 0
197,0, 0, False, 0
198,0, 0, False, 0
199,0, 0, False, 0
200,0, 0, False, 0
201,0, 0, False, 0
202,0, 0, False, 0
203,0, 0, False, 0
204,0, 0, False, 0
205,0, 0, False, 0
206,0, 0, False, 0
207,0, 0, False, 0
208,0, 0, False, 0
209,0, 0, False, 0
210,0, 0, False, 0
211,0, 0, False, 0
212,0, 0, False, 0
213,0, 0, False, 0
214,0, 0, False, 0
215,0, 0, False, 0
216,0, 0, False, 0
217,0, 0, False, 0
218,0, 0, False, 0
219,0, 0, False, 0
220,0, 0, False, 0
221,0, 0, False, 0
222,0, 0, False, 0
223,0, 0, False, 0
224,0, 0, False, 0
225,0, 0, False, 0
226,0, 0, False, 0
227,0, 0, False, 0
228,0, 0, False, 0
229,0, 0, False, 0
230,0, 0, False, 0
231,0, 0, False, 0
232,0, 0, False, 0
233,0, 0, False, 0
234,0, 0, False, 0
235,0, 0, False, 0
236,0, 0, False, 0
237,0, 0, False, 0
238,0, 0, False, 0
239,0, 0, False, 0
240,0, 0, False, 0
241,0, 0, False, 0
242,0, 0, False, 0
243,0, 0, False, 0
244,0, 0, False, 0
245,0, 0, False, 0
246,0, 0, False, 0
247,0, 0, False, 0
248,0, 0, False, 0
249,0, 0, False, 0
250,0, 0, False, 0
251,0, 0, False, 0
252,0, 0, False, 0
253,0, 0, False, 0
254,0, 0, False, 0
255,0, 0, False, 0
256,0, 0, False, 0
257,0, 0, False, 0
258,0, 0, False, 0
259,0, 0, False, 0
260,0, 0, False, 0
261,0, 0, False, 0
262,0, 0, False, 0
263,0, 0, False, 0
264,0, 0, False, 0
265,0, 0, False, 0
266,0, 0, False, 0
267,0, 0, False, 0
268,0, 0, False, 0
269,0, 0, False, 0
270,0, 0, False, 0
271,0, 0, False, 0
272,0, 0, False, 0
273,0, 0, False, 0
274,0, 0, False, 0
275,0, 0, False, 0
276,10, 10, False, 0
277,0, 10, False, 0
278,0, 10, False, 0
279,0, 10, False, 0
280,0, 10, False, 0
281,0, 10, False, 0
282,0, 10, False, 0
283,0, 10, False, 0
284,0, 10, False, 0
285,0, 10, False, 0
286,0, 10, False, 0
287,0, 10, False, 0
288,0, 10, False, 0
289,0, 10, False, 0
290,10, 20, False, 0
291,0, 20, False, 0
292,0, 20, False, 0
293,0, 20, False, 0
294,0, 20, False, 0
295,0, 20, False, 0
296,0, 20, False, 0
297,0, 20, False, 0
298,0, 20, False, 0
299,0, 20, False, 0
300,0, 20, False, 0
301,0, 20, False, 0
302,0, 20, False, 0
303,0, 20, False, 0
304,10, 30, False, 0
305,0, 30, False, 0
306,0, 30, False, 0
307,0, 30, False, 0
308,0, 30, False, 0
309,0, 30, False, 0
310,0, 30, False, 0
311,0, 30, False, 0
312,0, 30, False, 0
313,0, 30, False, 0
314,0, 30, False, 0
315,0, 30, False, 0
316,10, 40, False, 0
317,0, 40, False, 0
318,0, 40, False, 0
319,0, 40, False, 0
320,0, 40, False, 0
321,0, 40, False, 0
322,0, 40, False, 0
323,0, 40, False, 0
324,0, 40, False, 0
325,0, 40, False, 0
326,0, 40, False, 0
327,0, 40, False, 0
328,0, 40, False, 0
329,0, 40, False, 0
330,10, 50, False, 0
331,0, 50, False, 0
332,0, 50, False, 0
333,0, 50, False, 0
334,0, 50, False, 0
335,0, 50, False, 0
336,0, 50, False, 0
337,0, 50, False, 0
338,0, 50, False, 0
339,0, 50, False, 0
340,0, 50, False, 0
341,0, 50, False, 0
342,0, 50, False, 0
343,0, 50, False, 0
344,10, 60, False, 0
345,0, 60, False, 0
346,0, 60, False, 0
347,0, 60, False, 0
348,0, 60, False, 0
349,0, 60, False, 0
350,0, 60, False, 0
351,0, 60, False, 0
352,0, 60, False, 0
353,0, 60, False, 0
354,0, 60, False, 0
355,0, 60, False, 0
356,0, 60, False, 0
357,0, 60, False, 0
358,0, 60, False, 0
359,0, 60, False, 0
360,0, 60, False, 0
361,0, 60, False, 0
362,0, 60, False, 0
363,0, 60, False, 0
364,0, 60, False, 0
365,0, 60, False, 0
366,0, 60, False, 0
367,0, 60, False, 0
368,0, 60, False, 0
369,0, 60, False, 0
370,0, 60, False, 0
371,0, 60, False, 0
372,0, 60, False, 0
373,0, 60, False, 0
374,0, 60, False, 0
375,0, 60, False, 0
376,0, 60, False, 0
377,0, 60, False, 0
378,0, 60, False, 0
379,0, 60, False, 0
380,0, 60, False, 0
381,0, 60, False, 0
382,0, 60, False, 0
383,0, 60, False, 0
384,0, 60, False, 0
385,0, 60, False, 0
386,0, 60, False, 0
387,0, 60, False, 0
388,0, 60, False, 0
389,0, 60, False, 0
390,0, 60, False, 0
391,0, 60, False, 0
392,0, 60, False, 0
393,0, 60, False, 0
394,0, 60, False, 0
395,0, 60, False, 0
396,0, 60, False, 0
397,0, 60, False, 0
398,0, 60, False, 0
399,0, 60, False, 0
400,0, 60, False, 0
401,0, 60, False, 0
402,0, 60, False, 0
403,0, 60, False, 0
404,0, 60, False, 0
405,0, 60, False, 0
406,0, 60, False, 0
407,0, 60, False, 0
408,0, 60, False, 0
409,0, 60, False, 0
410,0, 60, False, 0
411,0, 60, False, 0
412,0, 60, False, 0
413,0, 60, False, 0
414,0, 60, False, 0
415,0, 60, False, 0
416,0, 60, False, 0
417,0, 60, False, 0
418,0, 60, False, 0
419,0, 60, False, 0
420,0, 60, False, 0
421,0, 60, False, 0
422,0, 60, False, 0
423,0, 60, False, 0
424,0, 60, False, 0
425,0, 60, False, 0
426,0, 60, False, 0
427,0, 60, False, 0
428,0, 60, False, 0
429,0, 60, False, 0
430,0, 60, False, 0
431,0, 60, False, 0
432,0, 60, False, 0
433,0, 60, False, 0
434,0, 60, False, 0
435,0, 60, False, 0
436,0, 60, False, 0
437,0, 60, False, 0
438,0, 60, False, 0
439,0, 60, False, 0
440,0, 60, False, 0
441,0, 60, False, 0
442,0, 60, False, 0
443,0, 60, False, 0
444,0, 60, False, 0
445,0, 60, False, 0
446,0, 60, False, 0
447,0, 60, False, 0
448,0, 60, False, 0
449,0, 60, False, 0
450,0, 60, False, 0
451,0, 60, False, 0
452,0, 60, False, 0
453,0, 60, False, 0
454,0, 60, False, 0
455,0, 60, False, 0
456,0, 60, False, 0
457,0, 60, False, 0
458,0, 60, False, 0
459,0, 60, False, 0
460,0, 60, False, 0
461,0, 60, False, 0
462,0, 60, False, 0
463,0, 60, False, 0
464,0, 60, False, 0
465,0, 60, False, 0
466,0, 60, False, 0
467,0, 60, False, 0
468,0, 60, False, 0
469,0, 60, False, 0
470,0, 60, False, 0
471,0, 60, False, 0
472,0, 60, False, 0
473,0, 60, False, 0
474,0, 60, False, 0
475,0, 60, False, 0
476,0, 60, False, 0
477,0, 60, False, 0
478,0, 60, False, 0
479,0, 60, False, 0
480,0, 60, False, 0
481,0, 60, False, 0
482,0, 60, False, 0
483,0, 60, False, 0
484,0, 60, False, 0
485,0, 60, False, 0
486,0, 60, False, 0
487,0, 60, False, 0
488,0, 60, False, 0
489,0, 60, False, 0
490,0, 60, False, 0
491,0, 60, False, 0
492,0, 60, False, 0
493,0, 60, False, 0
494,0, 60, False, 0
495,0, 60, False, 0
496,0, 60, False, 0
497,0, 60, False, 0
498,0, 60, False, 0
499,0, 60, False, 0
500,0, 60, False, 0
501,0, 60, False, 0
502,0, 60, False, 0
503,0, 60, False, 0
504,0, 60, False, 0
505,0, 60, False, 0
506,0, 60, False, 0
507,0, 60, False, 0
508,0, 60, False, 0
509,0, 60, False, 0
510,0, 60, False, 0
511,0, 60, False, 0
512,0, 60, False, 0
513,0, 60, False, 0
514,0, 60, False, 0
515,0, 60, False, 0
516,0, 60, False, 0
517,0, 60, False, 0
518,0, 60, False, 0
519,0, 60, False, 0
520,0, 60, False, 0
521,0, 60, False, 0
522,0, 60, False, 0
523,0, 60, False, 0
524,0, 60, False, 0
525,0, 60, False, 0
526,0, 60, False, 0
527,0, 60, False, 0
528,0, 60, False, 0
529,0, 60, False, 0
530,0, 60, False, 0
531,0, 60, False, 0
532,0, 60, False, 0
533,0, 60, False, 0
534,0, 60, False, 0
535,0, 60, False, 0
536,0, 60, False, 0
537,0, 60, False, 0
538,0, 60, False, 0
539,0, 60, False, 0
540,0, 60, False, 0
541,0, 60, False, 0
542,0, 60, False, 0
543,0, 60, False, 0
544,0, 60, False, 0
545,0, 60, False, 0
546,0, 60, False, 0
547,0, 60, False, 0
548,0, 60, False, 0
549,0, 60, False, 0
550,0, 60, False, 0
551,0, 60, False, 0
552,0, 60, False, 0
553,0, 60, False, 0
554,0, 60, False, 0
555,0, 60, False, 0
556,0, 60, False, 0
557,0, 60, False, 0
558,0, 60, False, 0
559,0, 60, False, 0
560,0, 60, False, 0
561,0, 60, False, 0
562,0, 60, False, 0
563,0, 60, False, 0
564,0, 60, False, 0
565,0, 60, False, 0
566,0, 60, False, 0
567,0, 60, False, 0
568,0, 60, False, 0
569,0, 60, False, 0
570,0, 60, False, 0
571,0, 60, False, 0
572,0, 60, False, 0
573,0, 60, False, 0
574,0, 60, False, 0
575,0, 60, False, 0
576,0, 60, False, 3
577,0, 60, False, 3
578,0, 60, False, 3
579,0, 60, False, 3
580,0, 60, False, 3
581,0, 60, False, 3
582,0, 60, False, 3
583,0, 60, False, 3
584,0, 60, False, 3
585,0, 60, False, 3
586,0, 60, False, 3
587,0, 60, False, 3
588,0, 60, False, 3
589,0, 60, False, 3
590,0, 60, False, 3
591,0, 60, False, 3
592,0, 60, False, 3
593,0, 60, False, 3
594,0, 60, False, 3
595,0, 60, False, 3
596,0, 60, False, 3
597,0, 60, False, 3
598,0, 60, False, 3
599,0, 60, False, 3
600,0, 60, False, 3
601,0, 60, False, 3
602,0, 60, False, 3
603,0, 60, False, 3
604,0, 60, False, 3
605,0, 60, False, 3
606,0, 60, False, 3
607,0, 60, False, 3
608,0, 60, False, 3
609,0, 60, False, 3
610,0, 60, False, 3
611,0, 60, False, 3
612,0, 60, False, 3
613,0, 60, False, 3
614,0, 60, False, 3
615,0, 60, False, 3
616,0, 60, False, 3
617,0, 60, False, 3
618,0, 60, False, 3
619,0, 60, False, 3
620,0, 60, False, 3
621,0, 60, False, 3
622,0, 60, False, 3
623,0, 60, False, 3
624,0, 60, False, 3
625,0, 60, False, 3
626,0, 60, False, 3
627,0, 60, False, 3
628,0, 60, False, 3
629,0, 60, False, 3
630,0, 60, False, 3
631,0, 60, False, 3
632,0, 60, False, 3
633,0, 60, False, 3
634,0, 60, False, 3
635,0, 60, False, 3
636,0, 60, False, 3
637,0, 60, False, 3
638,0, 60, False, 3
639,0, 60, False, 3
640,0, 60, False, 3
641,0, 60, False, 3
642,0, 60, False, 3
643,0, 60, False, 3
644,10, 70, False, 3
645,0, 70, False, 3
646,0, 70, False, 3
647,0, 70, False, 3
648,0, 70, False, 3
649,0, 70, False, 3
650,0, 70, False, 3
651,0, 70, False, 3
652,0, 70, False, 3
653,0, 70, False, 3
654,0, 70, False, 3
655,0, 70, False, 3
656,10, 80, False, 3
657,0, 80, False, 3
658,0, 80, False, 3
659,0, 80, False, 3
660,0, 80, False, 3
661,0, 80, False, 3
662,0, 80, False, 3
663,0, 80, False, 3
664,0, 80, False, 3
665,0, 80, False, 3
666,0, 80, False, 3
667,0, 80, False, 3
668,0, 80, False, 3
669,0, 80, False, 3
670,10, 90, False, 3
671,0, 90, False, 3
672,0, 90, False, 3
673,0, 90, False, 3
674,0, 90, False, 3
675,0, 90, False, 3
676,0, 90, False, 3
677,0, 90, False, 3
678,0, 90, False, 3
679,0, 90, False, 3
680,0, 90, False, 3
681,0, 90, False, 3
682,0, 90, False, 3
683,0, 90, False, 3
684,10, 100, False, 3
685,0, 100, False, 3
686,0, 100, False, 3
687,0, 100, False, 3
688,0, 100, False, 3
689,0, 100, False, 3
690,0, 100, False, 3
691,0, 100, False, 3
692,0, 100, False, 3
693,0, 100, False, 3
694,0, 100, False, 3
695,0, 100, False, 3
696,10, 110, False, 3
697,0, 110, False, 3
698,0, 110, False, 4
699,0, 110, False, 4
700,0, 110, False, 4
701,0, 110, False, 4
702,0, 110, False, 4
703,0, 110, False, 4
704,0, 110, False, 4
705,0, 110, False, 4
706,0, 110, False, 4
707,0, 110, False, 4
708,0, 110, False, 4
709,0, 110, False, 4
710,0, 110, False, 4
711,0, 110, False, 4
712,0, 110, False, 4
713,0, 110, False, 4
714,0, 110, False, 4
715,0, 110, False, 4
716,0, 110, False, 4
717,0, 110, False, 4
718,0, 110, False, 4
719,0, 110, False, 4
720,0, 110, False, 4
721,0, 110, False, 4
722,0, 110, False, 4
723,0, 110, False, 4
724,0, 110, False, 4
725,0, 110, False, 4
726,0, 110, False, 4
727,0, 110, False, 4
728,0, 110, False, 4
729,0, 110, False, 0
730,0, 110, False, 0
731,0, 110, False, 0
732,0, 110, False, 0
733,0, 110, False, 0
734,0, 110, False, 0
735,0, 110, False, 0
736,0, 110, False, 0
737,0, 110, False, 0
738,0, 110, False, 0
739,0, 110, False, 0
740,0, 110, False, 0
741,0, 110, False, 0
742,0, 110, False, 0
743,0, 110, False, 0
744,0, 110, False, 0
745,0, 110, False, 0
746,0, 110, False, 0
747,0, 110, False, 0
748,0, 110, False, 0
749,0, 110, False, 0
750,0, 110, False, 0
751,0, 110, False, 0
752,0, 110, False, 0
753,0, 110, False, 0
754,0, 110, False, 0
755,0, 110, False, 0
756,0, 110, False, 0
757,0, 110, False, 0
758,0, 110, False, 0
759,0, 110, False, 2
760,0, 110, False, 2
761,0, 110, False, 2
762,0, 110, False, 2
763,0, 110, False, 2
764,0, 110, False, 2
765,0, 110, False, 2
766,0, 110, False, 2
767,0, 110, False, 2
768,0, 110, False, 2
769,0, 110, False, 2
770,0, 110, False, 2
771,0, 110, False, 2
772,0, 110, False, 2
773,0, 110, False, 2
774,0, 110, False, 2
775,0, 110, False, 2
776,0, 110, False, 2
777,0, 110, False, 2
778,0, 110, False, 0
779,0, 110, False, 0
780,0, 110, False, 0
781,0, 110, False, 0
782,0, 110, False, 0
783,0, 110, False, 0
784,0, 110, False, 0
785,0, 110, False, 0
786,0, 110, False, 0
787,0, 110, False, 0
788,0, 110, False, 0
789,0, 110, False, 0
790,0, 110, False, 0
791,0, 110, False, 0
792,0, 110, False, 0
793,0, 110, False, 0
794,0, 110, False, 0
795,0, 110, False, 0
796,0, 110, False, 0
797,0, 110, False, 0
798,0, 110, False, 0
799,0, 110, False, 0
800,0, 110, False, 0
801,0, 110, False, 0
802,0, 110, False, 0
803,0, 110, False, 0
804,0, 110, False, 0
805,0, 110, False, 0
806,0, 110, False, 0
807,0, 110, False, 0
808,0, 110, False, 0
809,0, 110, False, 0
810,0, 110, False, 0
811,0, 110, False, 0
812,0, 110, False, 0
813,0, 110, False, 0
814,0, 110, False, 0
815,0, 110, False, 0
816,0, 110, False, 0
817,0, 110, False, 0
818,0, 110, False, 0
819,0, 110, False, 0
820,0, 110, False, 0
821,0, 110, False, 0
822,0, 110, False, 0
823,0, 110, False, 0
824,0, 110, False, 0
825,0, 110, False, 0
826,0, 110, False, 0
827,0, 110, False, 0
828,0, 110, False, 0
829,0, 110, False, 0
830,0, 110, False, 0
831,0, 110, False, 0
832,0, 110, False, 0
833,0, 110, False, 0
834,0, 110, False, 0
835,0, 110, False, 0
836,0, 110, False, 0
837,0, 110, False, 0
838,0, 110, False, 0
839,0, 110, False, 0
840,0, 110, False, 0
841,0, 110, False, 0
842,0, 110, False, 0
843,0, 110, False, 0
844,0, 110, False, 0
845,0, 110, False, 0
846,0, 110, False, 0
847,0, 110, False, 0
848,0, 110, False, 0
849,0, 110, False, 0
850,0, 110, False, 0
851,0, 110, False, 0
852,0, 110, False, 0
853,0, 110, False, 0
854,0, 110, False, 0
855,0, 110, False, 0
856,0, 110, False, 0
857,0, 110, False, 0
858,0, 110, False, 0
859,0, 110, False, 0
860,0, 110, False, 0
861,0, 110, False, 0
862,0, 110, False, 0
863,0, 110, False, 0
864,0, 110, False, 0
865,0, 110, False, 0
866,0, 110, False, 0
867,0, 110, False, 0
868,0, 110, False, 0
869,0, 110, False, 0
870,0, 110, False, 0
871,0, 110, False, 0
872,0, 110, False, 0
873,0, 110, False, 0
874,0, 110, False, 0
875,0, 110, False, 0
876,0, 110, False, 0
877,0, 110, False, 0
878,0, 110, False, 0
879,0, 110, False, 0
880,0, 110, False, 0
881,0, 110, False, 0
882,0, 110, False, 0
883,0, 110, False, 0
884,0, 110, False, 0
885,0, 110, False, 0
886,0, 110, False, 0
887,0, 110, False, 0
888,0, 110, False, 0
889,0, 110, False, 0
890,0, 110, False, 0
891,0, 110, False, 0
892,0, 110, False, 0
893,0, 110, False, 0
894,0, 110, False, 0
895,0, 110, False, 0
896,0, 110, False, 0
897,0, 110, False, 0
898,0, 110, False, 0
899,0, 110, False, 0
900,0, 110, False, 0
901,0, 110, False, 0
902,0, 110, False, 0
903,0, 110, False, 0
904,0, 110, False, 0
905,0, 110, False, 0
906,0, 110, False, 0
907,0, 110, False, 0
908,0, 110, False, 0
909,0, 110, False, 0
910,0, 110, False, 0
911,0, 110, False, 0
912,0, 110, False, 0
913,0, 110, False, 0
914,0, 110, False, 0
915,0, 110, False, 0
916,0, 110, False, 0
917,0, 110, False, 0
918,0, 110, False, 0
919,0, 110, False, 0
920,0, 110, False, 0
921,0, 110, False, 0
922,0, 110, False, 0
923,0, 110, False, 0
924,0, 110, False, 0
925,0, 110, False, 0
926,0, 110, False, 0
927,0, 110, False, 0
928,0, 110, False, 0
929,0, 110, False, 0
930,0, 110, False, 0
931,0, 110, False, 0
932,0, 110, False, 0
933,0, 110, False, 0
934,0, 110, False, 0
935,0, 110, False, 0
936,0, 110, False, 0
937,0, 110, False, 0
938,0, 110, False, 0
939,0, 110, False, 0
940,0, 110, False, 0
941,0, 110, False, 0
942,0, 110, False, 0
943,0, 110, False, 0
944,0, 110, False, 0
945,0, 110, False, 0
946,0, 110, False, 0
947,0, 110, False, 0
948,0, 110, False, 0
949,0, 110, False, 0
950,0, 110, False, 0
951,0, 110, False, 0
952,0, 110, False, 0
953,0, 110, False, 0
954,0, 110, False, 0
955,0, 110, False, 0
956,0, 110, False, 0
957,0, 110, False, 0
958,0, 110, False, 0
959,0, 110, False, 0
960,0, 110, False, 0
961,0, 110, False, 0
962,0, 110, False, 0
963,0, 110, False, 0
964,0, 110, False, 0
965,0, 110, False, 0
966,0, 110, False, 0
967,0, 110, False, 0
968,0, 110, False, 0
969,0, 110, False, 0
970,0, 110, False, 0
971,0, 110, False, 0
972,0, 110, False, 0
973,0, 110, False, 0
974,0, 110, False, 0
975,0, 110, False, 0
976,0, 110, False, 0
977,0, 110, False, 0
978,0, 110, False, 0
979,0, 110, False, 0
980,0, 110, False, 0
981,0, 110, False, 0
982,0, 110, False, 0
983,0, 110, False, 0
984,0, 110, False, 0
985,0, 110, False, 0
986,0, 110, False, 0
987,0, 110, False, 0
988,0, 110, False, 0
989,0, 110, False, 0
990,0, 110, False, 0
991,0, 110, False, 0
992,0, 110, False, 0
993,0, 110, False, 0
994,0, 110, False, 2
995,0, 110, False, 2
996,0, 110, False, 2
997,0, 110, False, 2
998,0, 110, False, 2
999,0, 110, False, 2
1000,0, 110, False, 2
1001,0, 110, False, 2
1002,0, 110, False, 2
1003,0, 110, False, 2
1004,0, 110, False, 2
1005,0, 110, False, 2
1006,0, 110, False, 2
1007,0, 110, False, 2
1008,0, 110, False, 2
1009,0, 110, False, 2
1010,0, 110, False, 2
1011,0, 110, False, 2
1012,0, 110, False, 2
1013,0, 110, False, 2
1014,0, 110, False, 2
1015,0, 110, False, 2
1016,0, 110, False, 2
1017,0, 110, False, 2
1018,0, 110, False, 5
1019,0, 110, False, 5
1020,0, 110, False, 5
1021,0, 110, False, 5
1022,0, 110, False, 5
1023,0, 110, False, 5
1024,0, 110, False, 5
1025,0, 110, False, 5
1026,10, 120, False, 5
1027,0, 120, False, 5
1028,0, 120, False, 5
1029,0, 120, False, 5
1030,0, 120, False, 5
1031,0, 120, False, 5
1032,0, 120, False, 5
1033,0, 120, False, 5
1034,0, 120, False, 5
1035,0, 120, False, 5
1036,0, 120, False, 3
1037,0, 120, False, 3
1038,0, 120, False, 3
1039,0, 120, False, 3
1040,10, 130, False, 3
1041,0, 130, False, 3
1042,0, 130, False, 3
1043,0, 130, False, 3
1044,0, 130, False, 3
1045,0, 130, False, 3
1046,0, 130, False, 3
1047,0, 130, False, 3
1048,0, 130, False, 3
1049,0, 130, False, 3
1050,0, 130, False, 4
1051,0, 130, False, 4
1052,0, 130, False, 4
1053,0, 130, False, 4
1054,10, 140, False, 4
1055,0, 140, False, 4
1056,0, 140, False, 4
1057,0, 140, False, 4
1058,0, 140, False, 4
1059,0, 140, False, 4
1060,0, 140, False, 4
1061,0, 140, False, 4
1062,0, 140, False, 4
1063,0, 140, False, 4
1064,0, 140, False, 4
1065,0, 140, False, 4
1066,0, 140, False, 4
1067,0, 140, False, 4
1068,10, 150, False, 4
1069,0, 150, False, 4
1070,0, 150, False, 4
1071,0, 150, False, 4
1072,0, 150, False, 4
1073,0, 150, False, 4
1074,0, 150, False, 4
1075,0, 150, False, 4
1076,0, 150, False, 4
1077,0, 150, False, 4
1078,0, 150, False, 4
1079,0, 150, False, 4
1080,0, 150, False, 4
1081,0, 150, False, 4
1082,10, 160, False, 4
1083,0, 160, False, 4
1084,0, 160, False, 4
1085,0, 160, False, 4
1086,0, 160, False, 4
1087,0, 160, False, 4
1088,0, 160, False, 4
1089,0, 160, False, 4
1090,0, 160, False, 4
1091,0, 160, False, 4
1092,0, 160, False, 4
1093,0, 160, False, 4
1094,0, 160, False, 4
1095,0, 160, False, 4
1096,0, 160, False, 4
1097,0, 160, False, 4
1098,10, 170, False, 4
1099,0, 170, False, 4
1100,0, 170, False, 4
1101,0, 170, False, 4
1102,0, 170, False, 4
1103,0, 170, False, 4
1104,0, 170, False, 4
1105,0, 170, False, 4
1106,0, 170, False, 4
1107,0, 170, False, 4
1108,0, 170, False, 4
1109,0, 170, False, 4
1110,0, 170, False, 4
1111,0, 170, False, 4
1112,10, 180, False, 4
1113,0, 180, False, 4
1114,0, 180, False, 4
1115,0, 180, False, 4
1116,0, 180, False, 4
1117,0, 180, False, 4
1118,0, 180, False, 4
1119,0, 180, False, 4
1120,0, 180, False, 4
1121,0, 180, False, 4
1122,0, 180, False, 4
1123,0, 180, False, 4
1124,10, 190, False, 4
1125,0, 190, False, 4
1126,0, 190, False, 4
1127,0, 190, False, 4
1128,0, 190, False, 4
1129,0, 190, False, 4
1130,0, 190, False, 4
1131,0, 190, False, 4
1132,0, 190, False, 4
1133,0, 190, False, 4
1134,0, 190, False, 4
1135,0, 190, False, 4
1136,0, 190, False, 4
1137,0, 190, False, 4
1138,0, 190, False, 4
1139,0, 190, False, 4
1140,0, 190, False, 4
1141,0, 190, False, 4
1142,0, 190, False, 4
1143,0, 190, False, 4
1144,0, 190, False, 4
1145,0, 190, False, 4
1146,0, 190, False, 4
1147,0, 190, False, 4
1148,0, 190, False, 4
1149,0, 190, False, 4
1150,0, 190, False, 4
1151,0, 190, False, 4
1152,0, 190, False, 4
1153,0, 190, False, 4
1154,0, 190, False, 4
1155,0, 190, False, 4
1156,0, 190, False, 4
1157,0, 190, False, 4
1158,0, 190, False, 4
1159,0, 190, False, 4
1160,0, 190, False, 4
1161,0, 190, False, 4
1162,0, 190, False, 4
1163,0, 190, False, 4
1164,0, 190, False, 4
1165,0, 190, False, 4
1166,0, 190, False, 4
1167,0, 190, False, 4
1168,0, 190, False, 4
1169,0, 190, False, 4
1170,0, 190, False, 4
1171,0, 190, False, 4
1172,0, 190, False, 4
1173,0, 190, False, 4
1174,0, 190, False, 4
1175,0, 190, False, 4
1176,0, 190, False, 4
1177,0, 190, False, 4
1178,0, 190, False, 4
1179,0, 190, False, 4
1180,0, 190, False, 4
1181,0, 190, False, 4
1182,0, 190, False, 4
1183,0, 190, False, 4
1184,0, 190, False, 4
1185,0, 190, False, 4
1186,0, 190, False, 4
1187,0, 190, False, 4
1188,0, 190, False, 4
1189,0, 190, False, 4
1190,0, 190, False, 4
1191,0, 190, False, 4
1192,0, 190, False, 4
1193,0, 190, False, 4
1194,0, 190, False, 4
1195,0, 190, False, 4
1196,0, 190, False, 4
1197,0, 190, False, 4
1198,0, 190, False, 4
1199,0, 190, False, 4
1200,0, 190, False, 4
1201,0, 190, False, 4
1202,0, 190, False, 4
1203,0, 190, False, 4
1204,0, 190, False, 4
1205,0, 190, False, 4
1206,0, 190, False, 4
1207,0, 190, False, 4
1208,0, 190, False, 4
1209,0, 190, False, 4
1210,0, 190, False, 4
1211,0, 190, False, 4
1212,0, 190, False, 4
1213,0, 190, False, 4
1214,0, 190, False, 4
1215,0, 190, False, 4
1216,0, 190, False, 4
1217,0, 190, False, 4
1218,0, 190, False, 4
1219,0, 190, False, 4
1220,0, 190, False, 4
1221,0, 190, False, 4
1222,0, 190, False, 4
1223,0, 190, False, 4
1224,0, 190, False, 4
1225,0, 190, False, 4
1226,0, 190, False, 4
1227,0, 190, False, 4
1228,0, 190, False, 4
1229,0, 190, False, 4
1230,0, 190, False, 4
1231,0, 190, False, 4
1232,0, 190, False, 4
1233,0, 190, False, 4
1234,0, 190, False, 4
1235,0, 190, False, 4
1236,0, 190, False, 4
1237,0, 190, False, 4
1238,0, 190, False, 4
1239,0, 190, False, 4
1240,0, 190, False, 4
1241,0, 190, False, 4
1242,0, 190, False, 4
1243,0, 190, False, 4
1244,0, 190, False, 4
1245,0, 190, False, 4
1246,0, 190, False, 4
1247,0, 190, False, 4
1248,0, 190, False, 4
1249,0, 190, False, 4
1250,0, 190, False, 4
1251,0, 190, False, 4
1252,0, 190, False, 4
1253,0, 190, False, 4
1254,0, 190, False, 4
1255,0, 190, False, 4
1256,0, 190, False, 4
1257,0, 190, False, 4
1258,0, 190, False, 4
1259,0, 190, False, 4
1260,0, 190, False, 4
1261,0, 190, False, 4
1262,0, 190, False, 4
1263,0, 190, False, 4
1264,0, 190, False, 4
1265,0, 190, False, 4
1266,0, 190, False, 4
1267,0, 190, False, 4
1268,0, 190, False, 4
1269,0, 190, False, 4
1270,0, 190, False, 4
1271,0, 190, False, 4
1272,0, 190, False, 4
1273,0, 190, False, 4
1274,0, 190, False, 4
1275,0, 190, False, 4
1276,0, 190, False, 4
1277,0, 190, False, 4
1278,0, 190, False, 4
1279,0, 190, False, 4
1280,0, 190, False, 4
1281,0, 190, False, 4
1282,0, 190, False, 4
1283,0, 190, False, 4
1284,0, 190, False, 4
1285,0, 190, False, 4
1286,0, 190, False, 4
1287,0, 190, False, 4
1288,0, 190, False, 4
1289,0, 190, False, 4
1290,0, 190, False, 4
1291,0, 190, False, 4
1292,0, 190, False, 4
1293,0, 190, False, 4
1294,0, 190, False, 4
1295,0, 190, False, 4
1296,0, 190, False, 4
1297,0, 190, False, 4
1298,0, 190, False, 4
1299,0, 190, False, 4
1300,0, 190, False, 4
1301,0, 190, False, 4
1302,0, 190, False, 4
1303,0, 190, False, 4
1304,0, 190, False, 4
1305,0, 190, False, 0
1306,0, 190, False, 0
1307,0, 190, False, 0
1308,0, 190, False, 0
1309,0, 190, False, 0
1310,0, 190, False, 0
1311,0, 190, False, 0
1312,0, 190, False, 0
1313,0, 190, False, 0
1314,0, 190, False, 0
1315,0, 190, False, 0
1316,0, 190, False, 0
1317,0, 190, False, 0
1318,0, 190, False, 0
1319,0, 190, False, 0
1320,0, 190, False, 0
1321,0, 190, False, 0
1322,0, 190, False, 0
1323,0, 190, False, 0
1324,0, 190, False, 0
1325,0, 190, False, 0
1326,0, 190, False, 0
1327,0, 190, False, 0
1328,0, 190, False, 0
1329,0, 190, False, 0
1330,0, 190, False, 0
1331,0, 190, False, 0
1332,0, 190, False, 0
1333,0, 190, False, 0
1334,0, 190, False, 0
1335,0, 190, False, 0
1336,0, 190, False, 0
1337,0, 190, False, 0
1338,0, 190, False, 0
1339,0, 190, False, 0
1340,0, 190, False, 0
1341,0, 190, False, 0
1342,0, 190, False, 0
1343,0, 190, False, 0
1344,0, 190, False, 0
1345,0, 190, False, 0
1346,0, 190, False, 0
1347,0, 190, False, 0
1348,0, 190, False, 0
1349,0, 190, False, 0
1350,0, 190, False, 0
1351,0, 190, False, 0
1352,0, 190, False, 0
1353,0, 190, False, 0
1354,0, 190, False, 0
1355,0, 190, False, 0
1356,0, 190, False, 0
1357,0, 190, False, 0
1358,0, 190, False, 0
1359,0, 190, False, 0
1360,0, 190, False, 0
1361,0, 190, False, 0
1362,0, 190, False, 0
1363,0, 190, False, 0
1364,0, 190, False, 0
1365,0, 190, False, 0
1366,0, 190, False, 0
1367,0, 190, False, 0
1368,0, 190, False, 0
1369,0, 190, False, 0
1370,0, 190, False, 0
1371,0, 190, False, 0
1372,0, 190, False, 0
1373,0, 190, False, 0
1374,0, 190, False, 0
1375,0, 190, False, 0
1376,0, 190, False, 0
1377,0, 190, False, 0
1378,0, 190, False, 0
1379,0, 190, False, 0
1380,0, 190, False, 0
1381,0, 190, False, 0
1382,0, 190, False, 0
1383,0, 190, False, 0
1384,0, 190, False, 0
1385,0, 190, False, 0
1386,0, 190, False, 0
1387,0, 190, False, 0
1388,0, 190, False, 0
1389,0, 190, False, 0
1390,0, 190, False, 0
1391,0, 190, False, 0
1392,0, 190, False, 0
1393,0, 190, False, 0
1394,0, 190, False, 0
1395,0, 190, False, 0
1396,0, 190, False, 0
1397,0, 190, False, 0
1398,0, 190, False, 0
1399,0, 190, False, 0
1400,0, 190, False, 0
1401,0, 190, False, 0
1402,0, 190, False, 0
1403,0, 190, False, 0
1404,0, 190, False, 0
1405,0, 190, False, 0
1406,0, 190, False, 0
1407,0, 190, False, 0
1408,0, 190, False, 0
1409,0, 190, False, 0
1410,0, 190, False, 0
1411,0, 190, False, 0
1412,0, 190, False, 0
1413,0, 190, False, 0
1414,0, 190, False, 0
1415,0, 190, False, 0
1416,0, 190, False, 0
1417,0, 190, False, 0
1418,0, 190, False, 0
1419,0, 190, False, 0
1420,0, 190, False, 0
1421,0, 190, False, 0
1422,0, 190, False, 0
1423,0, 190, False, 0
1424,0, 190, False, 0
1425,0, 190, False, 0
1426,0, 190, False, 0
1427,0, 190, False, 0
1428,0, 190, False, 0
1429,0, 190, False, 0
1430,0, 190, False, 0
1431,0, 190, False, 0
1432,0, 190, False, 0
1433,0, 190, False, 0
1434,0, 190, False, 0
1435,0, 190, False, 0
1436,0, 190, False, 0
1437,0, 190, False, 0
1438,0, 190, False, 0
1439,0, 190, False, 0
1440,0, 190, False, 0
1441,0, 190, False, 0
1442,0, 190, False, 0
1443,0, 190, False, 0
1444,0, 190, False, 0
1445,0, 190, False, 0
1446,0, 190, False, 0
1447,0, 190, False, 0
1448,0, 190, False, 0
1449,0, 190, False, 0
1450,0, 190, False, 0
1451,0, 190, False, 0
1452,0, 190, False, 0
1453,0, 190, False, 0
1454,0, 190, False, 0
1455,0, 190, False, 0
1456,0, 190, False, 0
1457,0, 190, False, 0
1458,0, 190, False, 0
1459,0, 190, False, 0
1460,0, 190, False, 0
1461,0, 190, False, 0
1462,0, 190, False, 0
1463,0, 190, False, 0
1464,0, 190, False, 0
1465,0, 190, False, 0
1466,0, 190, False, 0
1467,0, 190, False, 0
1468,0, 190, False, 0
1469,0, 190, False, 0
1470,0, 190, False, 0
1471,0, 190, False, 0
1472,0, 190, False, 0
1473,0, 190, False, 0
1474,0, 190, False, 0
1475,0, 190, False, 0
1476,0, 190, False, 0
1477,0, 190, False, 0
1478,0, 190, False, 0
1479,0, 190, False, 0
1480,0, 190, False, 0
1481,0, 190, False, 0
1482,0, 190, False, 0
1483,0, 190, False, 0
1484,0, 190, False, 0
1485,0, 190, False, 0
1486,0, 190, False, 0
1487,0, 190, False, 0
1488,0, 190, False, 0
1489,0, 190, False, 0
1490,0, 190, False, 0
1491,0, 190, False, 0
1492,0, 190, False, 0
1493,0, 190, False, 0
1494,0, 190, False, 0
1495,0, 190, False, 0
1496,0, 190, False, 0
1497,0, 190, False, 0
1498,0, 190, False, 0
1499,0, 190, False, 0
1500,0, 190, False, 0
1501,0, 190, False, 0
1502,0, 190, False, 0
1503,0, 190, False, 0
1504,0, 190, False, 0
1505,0, 190, False, 0
1506,0, 190, False, 0
1507,0, 190, False, 0
1508,0, 190, False, 0
1509,0, 190, False, 0
1510,0, 190, False, 0
1511,0, 190, False, 0
1512,0, 190, False, 0
1513,0, 190, False, 0
1514,0, 190, False, 0
1515,0, 190, False, 0
1516,0, 190, False, 0
1517,0, 190, False, 0
1518,0, 190, False, 0
1519,0, 190, False, 0
1520,0, 190, False, 0
1521,0, 190, False, 0
1522,0, 190, False, 0
1523,0, 190, False, 0
1524,0, 190, False, 0
1525,0, 190, False, 0
1526,0, 190, False, 0
1527,0, 190, False, 0
1528,0, 190, False, 0
1529,0, 190, False, 0
1530,0, 190, False, 0
1531,0, 190, False, 0
1532,0, 190, False, 0
1533,0, 190, False, 0
1534,0, 190, False, 0
1535,0, 190, False, 0
1536,0, 190, False, 0
1537,0, 190, False, 0
1538,0, 190, False, 0
1539,0, 190, False, 0
1540,0, 190, False, 0
1541,0, 190, False, 0
1542,0, 190, False, 0
1543,0, 190, False, 0
1544,0, 190, False, 0
1545,0, 190, False, 0
1546,0, 190, False, 0
1547,0, 190, False, 0
1548,0, 190, False, 0
1549,0, 190, False, 0
1550,0, 190, False, 0
1551,0, 190, False, 0
1552,0, 190, False, 0
1553,0, 190, False, 0
1554,0, 190, False, 0
1555,0, 190, False, 0
1556,0, 190, False, 0
1557,0, 190, False, 0
1558,0, 190, False, 0
1559,0, 190, False, 0
1560,0, 190, False, 0
1561,0, 190, False, 0
1562,0, 190, False, 0
1563,0, 190, False, 0
1564,0, 190, False, 0
1565,0, 190, False, 0
1566,0, 190, False, 0
1567,0, 190, False, 0
1568,0, 190, False, 0
1569,0, 190, False, 0
1570,0, 190, False, 0
1571,0, 190, False, 0
1572,0, 190, False, 0
1573,0, 190, False, 0
1574,0, 190, False, 0
1575,0, 190, False, 0
1576,0, 190, False, 0
1577,0, 190, False, 0
1578,0, 190, False, 0
1579,0, 190, False, 0
1580,0, 190, False, 0
1581,0, 190, False, 0
1582,0, 190, False, 0
1583,0, 190, False, 0
1584,0, 190, False, 0
1585,0, 190, False, 0
1586,0, 190, False, 0
1587,0, 190, False, 0
1588,0, 190, False, 0
1589,0, 190, False, 0
1590,0, 190, False, 0
1591,0, 190, False, 0
1592,0, 190, False, 0
1593,0, 190, False, 0
1594,0, 190, False, 0
1595,0, 190, False, 0
1596,0, 190, False, 0
1597,0, 190, False, 0
1598,0, 190, False, 0
1599,0, 190, False, 0
1600,0, 190, False, 0
1601,0, 190, False, 0
1602,0, 190, False, 0
1603,0, 190, False, 0
1604,0, 190, False, 0
1605,0, 190, False, 0
1606,0, 190, False, 0
1607,0, 190, False, 0
1608,0, 190, False, 0
1609,0, 190, False, 0
1610,0, 190, False, 0
1611,0, 190, False, 0
1612,0, 190, False, 0
1613,0, 190, False, 0
1614,0, 190, False, 0
1615,0, 190, False, 0
1616,0, 190, False, 0
1617,0, 190, False, 0
1618,0, 190, False, 0
1619,0, 190, False, 0
1620,0, 190, False, 0
1621,0, 190, False, 0
1622,0, 190, False, 0
1623,0, 190, False, 0
1624,0, 190, False, 0
1625,0, 190, False, 0
1626,0, 190, False, 0
1627,0, 190, False, 0
1628,0, 190, False, 0
1629,0, 190, False, 0
1630,0, 190, False, 0
1631,0, 190, False, 0
1632,0, 190, False, 0
1633,0, 190, False, 0
1634,0, 190, False, 0
1635,0, 190, False, 0
1636,0, 190, False, 0
1637,0, 190, False, 0
1638,0, 190, False, 0
1639,0, 190, False, 0
1640,0, 190, False, 0
1641,0, 190, False, 0
1642,0, 190, False, 0
1643,0, 190, False, 0
1644,0, 190, False, 0
1645,0, 190, False, 0
1646,0, 190, False, 0
1647,0, 190, False, 0
1648,0, 190, False, 0
1649,0, 190, False, 0
1650,0, 190, False, 0
1651,0, 190, False, 0
1652,0, 190, False, 0
1653,0, 190, False, 0
1654,0, 190, False, 0
1655,0, 190, False, 0
1656,0, 190, False, 0
1657,0, 190, False, 0
1658,0, 190, False, 0
1659,0, 190, False, 0
1660,0, 190, False, 0
1661,0, 190, False, 0
1662,0, 190, False, 0
1663,0, 190, False, 0
1664,0, 190, False, 0
1665,0, 190, False, 0
1666,0, 190, False, 0
1667,0, 190, False, 0
1668,0, 190, False, 0
1669,0, 190, False, 0
1670,0, 190, False, 0
1671,0, 190, False, 0
1672,0, 190, False, 0
1673,0, 190, False, 0
1674,0, 190, False, 0
1675,0, 190, False, 0
1676,0, 190, False, 0
1677,0, 190, False, 0
1678,0, 190, False, 0
1679,0, 190, False, 0
1680,0, 190, False, 0
1681,0, 190, False, 0
1682,0, 190, False, 0
1683,0, 190, False, 0
1684,0, 190, False, 0
1685,0, 190, False, 0
1686,0, 190, False, 0
1687,0, 190, False, 0
1688,0, 190, False, 0
1689,0, 190, False, 0
1690,0, 190, False, 0
1691,0, 190, False, 0
1692,0, 190, False, 0
1693,0, 190, False, 0
1694,0, 190, False, 0
1695,0, 190, False, 0
1696,0, 190, False, 0
1697,0, 190, False, 0
1698,0, 190, False, 0
1699,0, 190, False, 0
1700,0, 190, False, 0
1701,0, 190, False, 0
1702,0, 190, False, 0
1703,0, 190, False, 0
1704,0, 190, False, 0
1705,0, 190, False, 0
1706,0, 190, False, 0
1707,0, 190, False, 0
1708,0, 190, False, 0
1709,0, 190, False, 0
1710,0, 190, False, 0
1711,0, 190, False, 0
1712,0, 190, False, 0
1713,0, 190, False, 0
1714,0, 190, False, 0
1715,0, 190, False, 0
1716,0, 190, False, 0
1717,0, 190, False, 0
1718,0, 190, False, 0
1719,0, 190, False, 0
1720,0, 190, False, 0
1721,0, 190, False, 0
1722,0, 190, False, 0
1723,0, 190, False, 0
1724,0, 190, False, 0
1725,0, 190, False, 0
1726,0, 190, False, 0
1727,0, 190, False, 0
1728,0, 190, False, 0
1729,0, 190, False, 0
1730,0, 190, False, 0
1731,0, 190, False, 0
1732,0, 190, False, 0
1733,0, 190, False, 0
1734,0, 190, False, 0
1735,0, 190, False, 0
1736,0, 190, False, 0
1737,0, 190, False, 0
1738,0, 190, False, 0
1739,0, 190, False, 0
1740,0, 190, False, 0
1741,0, 190, False, 0
1742,0, 190, False, 0
1743,0, 190, False, 0
1744,0, 190, False, 0
1745,0, 190, False, 0
1746,0, 190, False, 0
1747,0, 190, False, 0
1748,0, 190, False, 0
1749,0, 190, False, 0
1750,0, 190, False, 0
1751,0, 190, False, 0
1752,0, 190, False, 0
1753,0, 190, False, 0
1754,0, 190, False, 0
1755,0, 190, False, 0
1756,0, 190, False, 0
1757,0, 190, False, 0
1758,0, 190, False, 0
1759,0, 190, False, 0
1760,0, 190, False, 0
1761,0, 190, False, 0
1762,0, 190, False, 0
1763,0, 190, False, 0
1764,0, 190, False, 0
1765,0, 190, False, 0
1766,0, 190, False, 0
1767,0, 190, False, 0
1768,0, 190, False, 0
1769,0, 190, False, 0
1770,0, 190, False, 0
1771,0, 190, False, 0
1772,0, 190, False, 0
1773,0, 190, False, 0
1774,0, 190, False, 0
1775,0, 190, False, 0
1776,0, 190, False, 0
1777,0, 190, False, 0
1778,0, 190, False, 0
1779,0, 190, False, 0
1780,0, 190, False, 0
1781,0, 190, False, 0
1782,0, 190, False, 0
1783,0, 190, False, 0
1784,0, 190, False, 0
1785,0, 190, False, 0
1786,0, 190, False, 0
1787,0, 190, False, 0
1788,0, 190, False, 0
1789,0, 190, False, 0
1790,0, 190, False, 0
1791,0, 190, False, 0
1792,0, 190, False, 0
1793,0, 190, False, 0
1794,0, 190, False, 0
1795,0, 190, False, 0
1796,0, 190, False, 0
1797,0, 190, False, 0
1798,0, 190, False, 0
1799,0, 190, False, 0
1800,0, 190, False, 0
1801,0, 190, False, 0
1802,0, 190, False, 0
1803,0, 190, False, 0
1804,0, 190, False, 0
1805,0, 190, False, 0
1806,0, 190, False, 0
1807,0, 190, False, 0
1808,0, 190, False, 0
1809,0, 190, False, 0
1810,0, 190, False, 0
1811,0, 190, False, 0
1812,0, 190, False, 0
1813,0, 190, False, 0
1814,0, 190, False, 0
1815,0, 190, False, 0
1816,0, 190, False, 0
1817,0, 190, False, 0
1818,0, 190, False, 0
1819,0, 190, False, 0
1820,0, 190, False, 0
1821,0, 190, False, 0
1822,0, 190, False, 0
1823,0, 190, False, 0
1824,0, 190, False, 0
1825,0, 190, False, 0
1826,0, 190, False, 0
1827,0, 190, False, 0
1828,0, 190, False, 0
1829,0, 190, False, 0
1830,0, 190, False, 0
1831,0, 190, False, 0
1832,0, 190, False, 0
1833,0, 190, False, 0
1834,0, 190, False, 0
1835,0, 190, False, 0
1836,0, 190, False, 0
1837,0, 190, False, 0
1838,0, 190, False, 0
1839,0, 190, False, 0
1840,0, 190, False, 0
1841,0, 190, False, 0
1842,0, 190, False, 0
1843,0, 190, False, 0
1844,0, 190, False, 0
1845,0, 190, False, 0
1846,0, 190, False, 0
1847,0, 190, False, 0
1848,0, 190, False, 0
1849,0, 190, False, 0
1850,0, 190, False, 0
1851,0, 190, False, 0
1852,0, 190, False, 0
1853,0, 190, False, 0
1854,0, 190, False, 0
1855,0, 190, False, 0
1856,0, 190, False, 0
1857,0, 190, False, 0
1858,0, 190, False, 0
1859,0, 190, False, 0
1860,0, 190, False, 0
1861,0, 190, False, 0
1862,0, 190, False, 0
1863,0, 190, False, 0
1864,0, 190, False, 0
1865,0, 190, False, 0
1866,0, 190, False, 0
1867,0, 190, False, 0
1868,0, 190, False, 0
1869,0, 190, False, 0
1870,0, 190, False, 0
1871,0, 190, False, 0
1872,0, 190, False, 0
1873,0, 190, False, 0
1874,0, 190, False, 0
1875,0, 190, False, 0
1876,0, 190, False, 0
1877,0, 190, False, 0
1878,0, 190, False, 0
1879,0, 190, False, 0
1880,0, 190, False, 0
1881,0, 190, False, 0
1882,0, 190, False, 0
1883,0, 190, False, 0
1884,0, 190, False, 0
1885,0, 190, False, 0
1886,0, 190, False, 0
1887,0, 190, False, 0
1888,0, 190, False, 0
1889,0, 190, False, 0
1890,0, 190, False, 0
1891,0, 190, False, 0
1892,0, 190, False, 0
1893,0, 190, False, 0
1894,0, 190, False, 0
1895,0, 190, False, 0
1896,0, 190, False, 0
1897,0, 190, False, 0
1898,0, 190, False, 0
1899,0, 190, False, 0
1900,0, 190, False, 0
1901,0, 190, False, 0
1902,0, 190, False, 0
1903,0, 190, False, 0
1904,0, 190, False, 0
1905,0, 190, False, 0
1906,0, 190, False, 0
1907,0, 190, False, 0
1908,0, 190, False, 0
1909,0, 190, False, 0
1910,0, 190, False, 0
1911,0, 190, False, 0
1912,0, 190, False, 0
1913,0, 190, False, 0
1914,0, 190, False, 0
1915,0, 190, False, 0
1916,0, 190, False, 0
1917,0, 190, False, 0
1918,0, 190, False, 0
1919,0, 190, False, 0
1920,0, 190, False, 0
1921,0, 190, False, 0
1922,0, 190, False, 0
1923,0, 190, False, 0
1924,0, 190, False, 0
1925,0, 190, False, 0
1926,0, 190, False, 0
1927,0, 190, False, 0
1928,0, 190, False, 0
1929,0, 190, False, 0
1930,0, 190, False, 0
1931,0, 190, False, 0
1932,0, 190, False, 0
1933,0, 190, False, 0
1934,0, 190, False, 0
1935,0, 190, False, 0
1936,0, 190, False, 0
1937,0, 190, False, 0
1938,0, 190, False, 0
1939,0, 190, False, 0
1940,0, 190, False, 0
1941,0, 190, False, 0
1942,0, 190, False, 0
1943,0, 190, False, 0
1944,0, 190, False, 0
1945,0, 190, False, 0
1946,0, 190, False, 0
1947,0, 190, False, 0
1948,0, 190, False, 0
1949,0, 190, False, 0
1950,0, 190, False, 0
1951,0, 190, False, 0
1952,0, 190, False, 0
1953,0, 190, False, 0
1954,0, 190, False, 0
1955,0, 190, False, 0
1956,0, 190, False, 0
1957,0, 190, False, 0
1958,0, 190, False, 0
1959,0, 190, False, 0
1960,0, 190, False, 0
1961,0, 190, False, 0
1962,0, 190, False, 0
1963,0, 190, False, 0
1964,0, 190, False, 0
1965,0, 190, False, 0
1966,0, 190, False, 0
1967,0, 190, False, 0
1968,0, 190, False, 0
1969,0, 190, False, 0
1970,0, 190, False, 0
1971,0, 190, False, 0
1972,0, 190, False, 0
1973,0, 190, False, 0
1974,0, 190, False, 0
1975,0, 190, False, 0
1976,0, 190, False, 0
1977,0, 190, False, 0
1978,0, 190, False, 0
1979,0, 190, False, 0
1980,0, 190, False, 0
1981,0, 190, False, 0
1982,0, 190, False, 0
1983,0, 190, False, 0
1984,0, 190, False, 0
1985,0, 190, False, 0
1986,0, 190, False, 0
1987,0, 190, False, 0
1988,0, 190, False, 0
1989,0, 190, False, 0
1990,0, 190, False, 0
1991,0, 190, False, 0
1992,0, 190, False, 0
1993,0, 190, False, 0
1994,0, 190, False, 0
1995,0, 190, False, 0
1996,0, 190, False, 0
1997,0, 190, False, 0
1998,0, 190, False, 0
1999,0, 190, False, 0
2000,0, 190, False, 0
2001,0, 190, False, 0
2002,0, 190, False, 0
2003,0, 190, False, 0
2004,0, 190, False, 0
2005,0, 190, False, 0
2006,0, 190, False, 0
2007,0, 190, False, 0
2008,0, 190, False, 0
2009,0, 190, False, 0
2010,0, 190, False, 0
2011,0, 190, False, 0
2012,0, 190, False, 0
2013,0, 190, False, 0
2014,0, 190, False, 0
2015,0, 190, False, 0
2016,0, 190, False, 0
2017,0, 190, False, 0
2018,0, 190, False, 0
2019,0, 190, False, 0
2020,0, 190, False, 0
2021,0, 190, False, 0
2022,0, 190, False, 0
2023,0, 190, False, 0
2024,0, 190, False, 0
2025,0, 190, False, 0
2026,0, 190, False, 0
2027,0, 190, False, 0
2028,0, 190, False, 0
2029,0, 190, False, 0
2030,0, 190, False, 0
2031,0, 190, False, 0
2032,0, 190, False, 0
2033,0, 190, False, 0
2034,0, 190, False, 0
2035,0, 190, False, 0
2036,0, 190, False, 0
2037,0, 190, False, 0
2038,0, 190, False, 0
2039,0, 190, False, 0
2040,0, 190, False, 0
2041,0, 190, False, 0
2042,0, 190, False, 0
2043,0, 190, False, 0
2044,0, 190, False, 0
2045,0, 190, False, 0
2046,0, 190, False, 0
2047,0, 190, False, 0
2048,0, 190, False, 0
2049,0, 190, False, 0
2050,0, 190, False, 0
2051,0, 190, False, 0
2052,0, 190, False, 0
2053,0, 190, False, 0
2054,0, 190, False, 0
2055,0, 190, False, 0
2056,0, 190, False, 0
2057,0, 190, False, 0
2058,0, 190, False, 0
2059,0, 190, False, 0
2060,0, 190, False, 0
2061,0, 190, False, 0
2062,0, 190, False, 0
2063,0, 190, False, 0
2064,0, 190, False, 0
2065,0, 190, False, 0
2066,0, 190, False, 0
2067,0, 190, False, 0
2068,0, 190, False, 0
2069,0, 190, False, 0
2070,0, 190, False, 0
2071,0, 190, False, 0
2072,0, 190, False, 0
2073,0, 190, False, 0
2074,0, 190, False, 0
2075,0, 190, False, 0
2076,0, 190, False, 0
2077,0, 190, False, 0
2078,0, 190, False, 0
2079,0, 190, False, 0
2080,0, 190, False, 0
2081,0, 190, False, 0
2082,0, 190, False, 0
2083,0, 190, False, 0
2084,0, 190, False, 0
2085,0, 190, False, 0
2086,0, 190, False, 0
2087,0, 190, False, 0
2088,0, 190, True, 0
