db traj id : 40
frame,reward,score,terminal, action
0,0, 0, False, 0
1,0, 0, False, 0
2,0, 0, False, 0
3,0, 0, False, 0
4,0, 0, False, 0
5,0, 0, False, 0
6,0, 0, False, 0
7,0, 0, False, 0
8,0, 0, False, 0
9,0, 0, False, 0
10,0, 0, False, 0
11,0, 0, False, 0
12,0, 0, False, 0
13,0, 0, False, 0
14,0, 0, False, 0
15,0, 0, False, 0
16,0, 0, False, 0
17,0, 0, False, 0
18,0, 0, False, 0
19,0, 0, False, 0
20,0, 0, False, 0
21,0, 0, False, 0
22,0, 0, False, 0
23,0, 0, False, 0
24,0, 0, False, 0
25,0, 0, False, 0
26,0, 0, False, 0
27,0, 0, False, 0
28,0, 0, False, 0
29,0, 0, False, 0
30,0, 0, False, 0
31,0, 0, False, 0
32,0, 0, False, 0
33,0, 0, False, 0
34,0, 0, False, 0
35,0, 0, False, 0
36,0, 0, False, 0
37,0, 0, False, 0
38,0, 0, False, 0
39,0, 0, False, 0
40,0, 0, False, 0
41,0, 0, False, 0
42,0, 0, False, 0
43,0, 0, False, 0
44,0, 0, False, 0
45,0, 0, False, 0
46,0, 0, False, 0
47,0, 0, False, 0
48,0, 0, False, 0
49,0, 0, False, 0
50,0, 0, False, 0
51,0, 0, False, 0
52,0, 0, False, 0
53,0, 0, False, 0
54,0, 0, False, 0
55,0, 0, False, 0
56,0, 0, False, 0
57,0, 0, False, 0
58,0, 0, False, 0
59,0, 0, False, 0
60,0, 0, False, 0
61,0, 0, False, 0
62,0, 0, False, 0
63,0, 0, False, 0
64,0, 0, False, 0
65,0, 0, False, 0
66,0, 0, False, 0
67,0, 0, False, 0
68,0, 0, False, 0
69,0, 0, False, 0
70,0, 0, False, 0
71,0, 0, False, 0
72,0, 0, False, 0
73,0, 0, False, 0
74,0, 0, False, 0
75,0, 0, False, 0
76,0, 0, False, 0
77,0, 0, False, 0
78,0, 0, False, 0
79,0, 0, False, 0
80,0, 0, False, 0
81,0, 0, False, 0
82,0, 0, False, 0
83,0, 0, False, 0
84,0, 0, False, 0
85,0, 0, False, 0
86,0, 0, False, 0
87,0, 0, False, 0
88,0, 0, False, 0
89,0, 0, False, 0
90,0, 0, False, 0
91,0, 0, False, 0
92,0, 0, False, 0
93,0, 0, False, 0
94,0, 0, False, 0
95,0, 0, False, 0
96,0, 0, False, 0
97,0, 0, False, 0
98,0, 0, False, 0
99,0, 0, False, 0
100,0, 0, False, 0
101,0, 0, False, 0
102,0, 0, False, 0
103,0, 0, False, 0
104,0, 0, False, 0
105,0, 0, False, 0
106,0, 0, False, 0
107,0, 0, False, 0
108,0, 0, False, 0
109,0, 0, False, 0
110,0, 0, False, 0
111,0, 0, False, 0
112,0, 0, False, 0
113,0, 0, False, 0
114,0, 0, False, 0
115,0, 0, False, 0
116,0, 0, False, 0
117,0, 0, False, 0
118,0, 0, False, 0
119,0, 0, False, 0
120,0, 0, False, 0
121,0, 0, False, 0
122,0, 0, False, 0
123,0, 0, False, 0
124,0, 0, False, 0
125,0, 0, False, 0
126,0, 0, False, 0
127,0, 0, False, 0
128,0, 0, False, 0
129,0, 0, False, 0
130,0, 0, False, 0
131,0, 0, False, 0
132,0, 0, False, 0
133,0, 0, False, 0
134,0, 0, False, 0
135,0, 0, False, 0
136,0, 0, False, 0
137,0, 0, False, 0
138,0, 0, False, 0
139,0, 0, False, 0
140,0, 0, False, 0
141,0, 0, False, 0
142,0, 0, False, 0
143,0, 0, False, 0
144,0, 0, False, 0
145,0, 0, False, 0
146,0, 0, False, 0
147,0, 0, False, 0
148,0, 0, False, 0
149,0, 0, False, 0
150,0, 0, False, 0
151,0, 0, False, 0
152,0, 0, False, 0
153,0, 0, False, 0
154,0, 0, False, 0
155,0, 0, False, 0
156,0, 0, False, 0
157,0, 0, False, 0
158,0, 0, False, 0
159,0, 0, False, 0
160,0, 0, False, 0
161,0, 0, False, 0
162,0, 0, False, 0
163,0, 0, False, 0
164,0, 0, False, 0
165,0, 0, False, 0
166,0, 0, False, 0
167,0, 0, False, 0
168,0, 0, False, 0
169,0, 0, False, 0
170,0, 0, False, 0
171,0, 0, False, 0
172,0, 0, False, 0
173,0, 0, False, 0
174,0, 0, False, 0
175,0, 0, False, 0
176,0, 0, False, 0
177,0, 0, False, 0
178,0, 0, False, 0
179,0, 0, False, 0
180,0, 0, False, 0
181,0, 0, False, 0
182,0, 0, False, 0
183,0, 0, False, 0
184,0, 0, False, 0
185,0, 0, False, 0
186,0, 0, False, 0
187,0, 0, False, 0
188,0, 0, False, 0
189,0, 0, False, 0
190,0, 0, False, 0
191,0, 0, False, 0
192,0, 0, False, 0
193,0, 0, False, 0
194,0, 0, False, 0
195,0, 0, False, 0
196,0, 0, False, 0
197,0, 0, False, 0
198,0, 0, False, 0
199,0, 0, False, 0
200,0, 0, False, 0
201,0, 0, False, 0
202,0, 0, False, 0
203,0, 0, False, 0
204,0, 0, False, 0
205,0, 0, False, 0
206,0, 0, False, 0
207,0, 0, False, 0
208,0, 0, False, 0
209,0, 0, False, 0
210,0, 0, False, 0
211,0, 0, False, 0
212,0, 0, False, 0
213,0, 0, False, 0
214,0, 0, False, 0
215,0, 0, False, 0
216,0, 0, False, 0
217,0, 0, False, 0
218,0, 0, False, 0
219,0, 0, False, 0
220,0, 0, False, 0
221,0, 0, False, 0
222,0, 0, False, 3
223,0, 0, False, 3
224,0, 0, False, 3
225,0, 0, False, 3
226,0, 0, False, 3
227,0, 0, False, 3
228,0, 0, False, 3
229,0, 0, False, 3
230,0, 0, False, 3
231,0, 0, False, 3
232,0, 0, False, 3
233,0, 0, False, 3
234,0, 0, False, 3
235,0, 0, False, 3
236,0, 0, False, 3
237,0, 0, False, 3
238,0, 0, False, 3
239,0, 0, False, 3
240,0, 0, False, 3
241,0, 0, False, 3
242,0, 0, False, 3
243,0, 0, False, 3
244,0, 0, False, 3
245,0, 0, False, 3
246,0, 0, False, 3
247,0, 0, False, 3
248,0, 0, False, 3
249,0, 0, False, 3
250,0, 0, False, 3
251,0, 0, False, 3
252,0, 0, False, 3
253,0, 0, False, 3
254,0, 0, False, 3
255,0, 0, False, 3
256,0, 0, False, 3
257,0, 0, False, 3
258,0, 0, False, 3
259,0, 0, False, 3
260,0, 0, False, 3
261,0, 0, False, 3
262,0, 0, False, 3
263,0, 0, False, 3
264,0, 0, False, 3
265,0, 0, False, 3
266,0, 0, False, 3
267,0, 0, False, 3
268,0, 0, False, 3
269,0, 0, False, 3
270,0, 0, False, 3
271,0, 0, False, 3
272,0, 0, False, 3
273,0, 0, False, 3
274,0, 0, False, 3
275,0, 0, False, 3
276,10, 10, False, 3
277,0, 10, False, 3
278,0, 10, False, 3
279,0, 10, False, 3
280,0, 10, False, 3
281,0, 10, False, 3
282,0, 10, False, 3
283,0, 10, False, 3
284,0, 10, False, 3
285,0, 10, False, 3
286,0, 10, False, 3
287,0, 10, False, 3
288,10, 20, False, 3
289,0, 20, False, 3
290,0, 20, False, 3
291,0, 20, False, 3
292,0, 20, False, 3
293,0, 20, False, 3
294,0, 20, False, 3
295,0, 20, False, 3
296,0, 20, False, 3
297,0, 20, False, 3
298,0, 20, False, 3
299,0, 20, False, 3
300,0, 20, False, 3
301,0, 20, False, 3
302,10, 30, False, 3
303,0, 30, False, 3
304,0, 30, False, 3
305,0, 30, False, 3
306,0, 30, False, 3
307,0, 30, False, 3
308,0, 30, False, 3
309,0, 30, False, 3
310,0, 30, False, 3
311,0, 30, False, 3
312,0, 30, False, 3
313,0, 30, False, 3
314,0, 30, False, 3
315,0, 30, False, 3
316,10, 40, False, 3
317,0, 40, False, 3
318,0, 40, False, 3
319,0, 40, False, 3
320,0, 40, False, 3
321,0, 40, False, 3
322,0, 40, False, 3
323,0, 40, False, 3
324,0, 40, False, 3
325,0, 40, False, 3
326,0, 40, False, 3
327,0, 40, False, 3
328,10, 50, False, 3
329,0, 50, False, 3
330,0, 50, False, 3
331,0, 50, False, 3
332,0, 50, False, 3
333,0, 50, False, 0
334,0, 50, False, 0
335,0, 50, False, 0
336,0, 50, False, 0
337,0, 50, False, 0
338,0, 50, False, 0
339,0, 50, False, 0
340,0, 50, False, 0
341,0, 50, False, 0
342,10, 60, False, 0
343,0, 60, False, 0
344,0, 60, False, 0
345,0, 60, False, 0
346,0, 60, False, 0
347,0, 60, False, 0
348,0, 60, False, 0
349,0, 60, False, 0
350,0, 60, False, 0
351,0, 60, False, 0
352,0, 60, False, 0
353,0, 60, False, 0
354,0, 60, False, 0
355,0, 60, False, 0
356,0, 60, False, 0
357,0, 60, False, 0
358,0, 60, False, 0
359,0, 60, False, 0
360,0, 60, False, 0
361,0, 60, False, 0
362,0, 60, False, 0
363,0, 60, False, 0
364,0, 60, False, 0
365,0, 60, False, 0
366,0, 60, False, 0
367,0, 60, False, 0
368,0, 60, False, 0
369,0, 60, False, 0
370,0, 60, False, 0
371,0, 60, False, 0
372,0, 60, False, 0
373,0, 60, False, 0
374,0, 60, False, 0
375,0, 60, False, 0
376,0, 60, False, 0
377,0, 60, False, 0
378,0, 60, False, 0
379,0, 60, False, 0
380,0, 60, False, 0
381,0, 60, False, 0
382,0, 60, False, 0
383,0, 60, False, 0
384,0, 60, False, 0
385,0, 60, False, 0
386,0, 60, False, 0
387,0, 60, False, 0
388,0, 60, False, 0
389,0, 60, False, 0
390,0, 60, False, 0
391,0, 60, False, 0
392,0, 60, False, 0
393,0, 60, False, 0
394,0, 60, False, 0
395,0, 60, False, 0
396,0, 60, False, 0
397,0, 60, False, 0
398,0, 60, False, 0
399,0, 60, False, 0
400,0, 60, False, 0
401,0, 60, False, 0
402,0, 60, False, 0
403,0, 60, False, 0
404,0, 60, False, 0
405,0, 60, False, 0
406,0, 60, False, 0
407,0, 60, False, 0
408,0, 60, False, 0
409,0, 60, False, 0
410,0, 60, False, 0
411,0, 60, False, 0
412,0, 60, False, 0
413,0, 60, False, 0
414,0, 60, False, 0
415,0, 60, False, 0
416,0, 60, False, 0
417,0, 60, False, 0
418,0, 60, False, 0
419,0, 60, False, 0
420,0, 60, False, 0
421,0, 60, False, 0
422,0, 60, False, 0
423,0, 60, False, 0
424,0, 60, False, 0
425,0, 60, False, 0
426,0, 60, False, 0
427,0, 60, False, 0
428,0, 60, False, 0
429,0, 60, False, 0
430,0, 60, False, 0
431,0, 60, False, 0
432,0, 60, False, 0
433,0, 60, False, 0
434,0, 60, False, 0
435,0, 60, False, 0
436,0, 60, False, 0
437,0, 60, False, 0
438,0, 60, False, 0
439,0, 60, False, 5
440,0, 60, False, 5
441,0, 60, False, 5
442,0, 60, False, 5
443,0, 60, False, 5
444,0, 60, False, 5
445,0, 60, False, 5
446,0, 60, False, 5
447,0, 60, False, 5
448,0, 60, False, 5
449,0, 60, False, 5
450,0, 60, False, 5
451,0, 60, False, 5
452,0, 60, False, 5
453,0, 60, False, 5
454,0, 60, False, 5
455,0, 60, False, 5
456,0, 60, False, 5
457,0, 60, False, 5
458,0, 60, False, 5
459,0, 60, False, 5
460,0, 60, False, 5
461,0, 60, False, 5
462,0, 60, False, 5
463,0, 60, False, 5
464,0, 60, False, 5
465,0, 60, False, 5
466,0, 60, False, 5
467,0, 60, False, 5
468,0, 60, False, 5
469,0, 60, False, 5
470,0, 60, False, 5
471,0, 60, False, 5
472,0, 60, False, 5
473,0, 60, False, 5
474,0, 60, False, 5
475,0, 60, False, 5
476,0, 60, False, 5
477,0, 60, False, 5
478,0, 60, False, 5
479,0, 60, False, 5
480,0, 60, False, 5
481,0, 60, False, 5
482,0, 60, False, 5
483,0, 60, False, 5
484,0, 60, False, 5
485,0, 60, False, 5
486,0, 60, False, 5
487,0, 60, False, 5
488,0, 60, False, 5
489,0, 60, False, 5
490,0, 60, False, 5
491,0, 60, False, 5
492,0, 60, False, 5
493,0, 60, False, 5
494,0, 60, False, 5
495,0, 60, False, 5
496,0, 60, False, 5
497,0, 60, False, 5
498,0, 60, False, 5
499,0, 60, False, 5
500,0, 60, False, 5
501,0, 60, False, 5
502,0, 60, False, 5
503,0, 60, False, 5
504,0, 60, False, 5
505,0, 60, False, 5
506,0, 60, False, 5
507,0, 60, False, 5
508,0, 60, False, 5
509,0, 60, False, 5
510,0, 60, False, 5
511,0, 60, False, 5
512,0, 60, False, 5
513,0, 60, False, 5
514,0, 60, False, 5
515,0, 60, False, 5
516,0, 60, False, 5
517,0, 60, False, 5
518,0, 60, False, 5
519,0, 60, False, 5
520,0, 60, False, 5
521,0, 60, False, 5
522,0, 60, False, 5
523,0, 60, False, 5
524,0, 60, False, 5
525,0, 60, False, 5
526,0, 60, False, 5
527,0, 60, False, 5
528,0, 60, False, 5
529,0, 60, False, 5
530,0, 60, False, 5
531,0, 60, False, 5
532,0, 60, False, 5
533,0, 60, False, 5
534,0, 60, False, 5
535,0, 60, False, 5
536,0, 60, False, 5
537,0, 60, False, 5
538,0, 60, False, 5
539,0, 60, False, 5
540,0, 60, False, 5
541,0, 60, False, 5
542,0, 60, False, 5
543,0, 60, False, 5
544,0, 60, False, 5
545,0, 60, False, 5
546,0, 60, False, 5
547,0, 60, False, 5
548,0, 60, False, 5
549,0, 60, False, 5
550,0, 60, False, 5
551,0, 60, False, 5
552,0, 60, False, 5
553,0, 60, False, 5
554,0, 60, False, 5
555,0, 60, False, 5
556,0, 60, False, 4
557,0, 60, False, 4
558,0, 60, False, 4
559,0, 60, False, 4
560,0, 60, False, 4
561,0, 60, False, 4
562,0, 60, False, 4
563,0, 60, False, 4
564,0, 60, False, 4
565,0, 60, False, 4
566,0, 60, False, 4
567,0, 60, False, 4
568,0, 60, False, 4
569,0, 60, False, 4
570,0, 60, False, 4
571,0, 60, False, 4
572,0, 60, False, 4
573,0, 60, False, 4
574,0, 60, False, 4
575,0, 60, False, 4
576,0, 60, False, 0
577,0, 60, False, 0
578,0, 60, False, 0
579,0, 60, False, 0
580,0, 60, False, 0
581,0, 60, False, 0
582,0, 60, False, 0
583,0, 60, False, 0
584,0, 60, False, 0
585,0, 60, False, 0
586,0, 60, False, 0
587,0, 60, False, 0
588,10, 70, False, 0
589,0, 70, False, 0
590,0, 70, False, 0
591,0, 70, False, 0
592,0, 70, False, 0
593,0, 70, False, 0
594,0, 70, False, 0
595,0, 70, False, 0
596,0, 70, False, 0
597,0, 70, False, 0
598,0, 70, False, 0
599,0, 70, False, 0
600,0, 70, False, 0
601,0, 70, False, 0
602,10, 80, False, 0
603,0, 80, False, 0
604,0, 80, False, 0
605,0, 80, False, 0
606,0, 80, False, 0
607,0, 80, False, 0
608,0, 80, False, 0
609,0, 80, False, 0
610,0, 80, False, 0
611,0, 80, False, 0
612,0, 80, False, 0
613,0, 80, False, 0
614,0, 80, False, 0
615,0, 80, False, 0
616,10, 90, False, 0
617,0, 90, False, 0
618,0, 90, False, 0
619,0, 90, False, 0
620,0, 90, False, 0
621,0, 90, False, 0
622,0, 90, False, 0
623,0, 90, False, 0
624,0, 90, False, 0
625,0, 90, False, 0
626,0, 90, False, 0
627,0, 90, False, 0
628,10, 100, False, 0
629,0, 100, False, 0
630,0, 100, False, 0
631,0, 100, False, 0
632,0, 100, False, 0
633,0, 100, False, 0
634,0, 100, False, 0
635,0, 100, False, 0
636,0, 100, False, 0
637,0, 100, False, 0
638,0, 100, False, 0
639,0, 100, False, 0
640,0, 100, False, 0
641,0, 100, False, 0
642,10, 110, False, 0
643,0, 110, False, 0
644,0, 110, False, 0
645,0, 110, False, 0
646,0, 110, False, 0
647,0, 110, False, 0
648,0, 110, False, 0
649,0, 110, False, 0
650,0, 110, False, 0
651,0, 110, False, 0
652,0, 110, False, 0
653,0, 110, False, 0
654,0, 110, False, 0
655,0, 110, False, 0
656,10, 120, False, 0
657,0, 120, False, 0
658,0, 120, False, 0
659,0, 120, False, 0
660,0, 120, False, 0
661,0, 120, False, 0
662,0, 120, False, 0
663,0, 120, False, 0
664,0, 120, False, 0
665,0, 120, False, 0
666,0, 120, False, 0
667,0, 120, False, 0
668,0, 120, False, 0
669,0, 120, False, 0
670,0, 120, False, 0
671,0, 120, False, 0
672,0, 120, False, 0
673,0, 120, False, 0
674,0, 120, False, 0
675,0, 120, False, 0
676,0, 120, False, 0
677,0, 120, False, 0
678,0, 120, False, 0
679,0, 120, False, 0
680,0, 120, False, 0
681,0, 120, False, 0
682,0, 120, False, 0
683,0, 120, False, 0
684,0, 120, False, 0
685,0, 120, False, 0
686,0, 120, False, 0
687,0, 120, False, 0
688,0, 120, False, 0
689,0, 120, False, 0
690,0, 120, False, 0
691,0, 120, False, 0
692,0, 120, False, 0
693,0, 120, False, 0
694,0, 120, False, 0
695,0, 120, False, 0
696,0, 120, False, 0
697,0, 120, False, 0
698,0, 120, False, 0
699,0, 120, False, 0
700,0, 120, False, 0
701,0, 120, False, 0
702,0, 120, False, 0
703,0, 120, False, 0
704,0, 120, False, 0
705,0, 120, False, 0
706,0, 120, False, 0
707,0, 120, False, 0
708,0, 120, False, 0
709,0, 120, False, 0
710,0, 120, False, 0
711,0, 120, False, 0
712,0, 120, False, 0
713,0, 120, False, 0
714,0, 120, False, 0
715,0, 120, False, 0
716,0, 120, False, 0
717,0, 120, False, 0
718,0, 120, False, 0
719,0, 120, False, 0
720,0, 120, False, 0
721,0, 120, False, 0
722,0, 120, False, 0
723,0, 120, False, 0
724,0, 120, False, 0
725,0, 120, False, 0
726,0, 120, False, 0
727,0, 120, False, 0
728,0, 120, False, 0
729,0, 120, False, 0
730,0, 120, False, 0
731,0, 120, False, 0
732,0, 120, False, 0
733,0, 120, False, 0
734,0, 120, False, 0
735,0, 120, False, 0
736,0, 120, False, 0
737,0, 120, False, 0
738,0, 120, False, 0
739,0, 120, False, 0
740,0, 120, False, 0
741,0, 120, False, 0
742,0, 120, False, 0
743,0, 120, False, 0
744,0, 120, False, 0
745,0, 120, False, 0
746,0, 120, False, 0
747,0, 120, False, 0
748,0, 120, False, 0
749,0, 120, False, 0
750,0, 120, False, 0
751,0, 120, False, 0
752,0, 120, False, 0
753,0, 120, False, 0
754,0, 120, False, 0
755,0, 120, False, 0
756,0, 120, False, 0
757,0, 120, False, 0
758,0, 120, False, 0
759,0, 120, False, 0
760,0, 120, False, 0
761,0, 120, False, 0
762,0, 120, False, 0
763,0, 120, False, 0
764,0, 120, False, 5
765,0, 120, False, 5
766,0, 120, False, 5
767,0, 120, False, 5
768,0, 120, False, 5
769,0, 120, False, 5
770,0, 120, False, 5
771,0, 120, False, 5
772,0, 120, False, 5
773,0, 120, False, 5
774,0, 120, False, 5
775,0, 120, False, 5
776,0, 120, False, 5
777,0, 120, False, 5
778,0, 120, False, 5
779,0, 120, False, 5
780,0, 120, False, 5
781,0, 120, False, 5
782,0, 120, False, 5
783,0, 120, False, 5
784,0, 120, False, 5
785,0, 120, False, 5
786,0, 120, False, 5
787,0, 120, False, 5
788,0, 120, False, 5
789,0, 120, False, 5
790,0, 120, False, 5
791,0, 120, False, 5
792,0, 120, False, 5
793,0, 120, False, 5
794,0, 120, False, 5
795,0, 120, False, 5
796,0, 120, False, 5
797,0, 120, False, 5
798,0, 120, False, 5
799,0, 120, False, 5
800,0, 120, False, 5
801,0, 120, False, 5
802,0, 120, False, 5
803,0, 120, False, 5
804,0, 120, False, 5
805,0, 120, False, 5
806,0, 120, False, 5
807,0, 120, False, 5
808,0, 120, False, 5
809,0, 120, False, 5
810,0, 120, False, 5
811,0, 120, False, 5
812,0, 120, False, 5
813,0, 120, False, 5
814,0, 120, False, 5
815,0, 120, False, 5
816,0, 120, False, 5
817,0, 120, False, 5
818,0, 120, False, 5
819,0, 120, False, 5
820,0, 120, False, 5
821,0, 120, False, 5
822,0, 120, False, 5
823,0, 120, False, 5
824,0, 120, False, 5
825,0, 120, False, 5
826,0, 120, False, 5
827,0, 120, False, 5
828,0, 120, False, 5
829,0, 120, False, 5
830,0, 120, False, 5
831,0, 120, False, 5
832,0, 120, False, 5
833,0, 120, False, 5
834,0, 120, False, 5
835,0, 120, False, 5
836,0, 120, False, 5
837,0, 120, False, 5
838,0, 120, False, 5
839,0, 120, False, 5
840,0, 120, False, 5
841,0, 120, False, 5
842,0, 120, False, 5
843,0, 120, False, 5
844,0, 120, False, 5
845,0, 120, False, 5
846,0, 120, False, 5
847,0, 120, False, 5
848,0, 120, False, 5
849,0, 120, False, 5
850,0, 120, False, 5
851,0, 120, False, 5
852,0, 120, False, 5
853,0, 120, False, 5
854,0, 120, False, 5
855,0, 120, False, 5
856,0, 120, False, 5
857,0, 120, False, 5
858,0, 120, False, 5
859,0, 120, False, 5
860,0, 120, False, 5
861,0, 120, False, 5
862,0, 120, False, 5
863,0, 120, False, 5
864,0, 120, False, 5
865,0, 120, False, 5
866,0, 120, False, 5
867,0, 120, False, 5
868,0, 120, False, 5
869,0, 120, False, 5
870,0, 120, False, 5
871,0, 120, False, 5
872,0, 120, False, 5
873,0, 120, False, 5
874,0, 120, False, 5
875,0, 120, False, 5
876,0, 120, False, 5
877,0, 120, False, 5
878,0, 120, False, 5
879,0, 120, False, 5
880,0, 120, False, 5
881,0, 120, False, 5
882,0, 120, False, 5
883,0, 120, False, 5
884,0, 120, False, 5
885,0, 120, False, 5
886,0, 120, False, 5
887,0, 120, False, 5
888,0, 120, False, 5
889,0, 120, False, 5
890,0, 120, False, 5
891,0, 120, False, 5
892,0, 120, False, 5
893,0, 120, False, 5
894,0, 120, False, 5
895,0, 120, False, 5
896,0, 120, False, 5
897,0, 120, False, 5
898,0, 120, False, 5
899,0, 120, False, 5
900,0, 120, False, 5
901,0, 120, False, 5
902,0, 120, False, 5
903,0, 120, False, 5
904,0, 120, False, 5
905,0, 120, False, 5
906,0, 120, False, 5
907,0, 120, False, 5
908,0, 120, False, 5
909,0, 120, False, 5
910,0, 120, False, 5
911,0, 120, False, 5
912,0, 120, False, 5
913,0, 120, False, 5
914,0, 120, False, 5
915,0, 120, False, 5
916,0, 120, False, 5
917,0, 120, False, 5
918,0, 120, False, 5
919,0, 120, False, 5
920,0, 120, False, 5
921,0, 120, False, 5
922,0, 120, False, 5
923,0, 120, False, 5
924,0, 120, False, 5
925,0, 120, False, 5
926,0, 120, False, 5
927,0, 120, False, 5
928,10, 130, False, 5
929,0, 130, False, 5
930,0, 130, False, 5
931,0, 130, False, 5
932,0, 130, False, 5
933,0, 130, False, 5
934,0, 130, False, 5
935,0, 130, False, 5
936,0, 130, False, 5
937,0, 130, False, 5
938,0, 130, False, 5
939,0, 130, False, 5
940,0, 130, False, 5
941,0, 130, False, 5
942,10, 140, False, 5
943,0, 140, False, 5
944,0, 140, False, 5
945,0, 140, False, 5
946,0, 140, False, 5
947,0, 140, False, 5
948,0, 140, False, 5
949,0, 140, False, 5
950,0, 140, False, 5
951,0, 140, False, 5
952,0, 140, False, 5
953,0, 140, False, 5
954,0, 140, False, 5
955,0, 140, False, 5
956,10, 150, False, 5
957,0, 150, False, 5
958,0, 150, False, 5
959,0, 150, False, 5
960,0, 150, False, 5
961,0, 150, False, 5
962,0, 150, False, 5
963,0, 150, False, 5
964,0, 150, False, 5
965,0, 150, False, 5
966,0, 150, False, 5
967,0, 150, False, 5
968,0, 150, False, 5
969,0, 150, False, 5
970,10, 160, False, 5
971,0, 160, False, 5
972,0, 160, False, 5
973,0, 160, False, 5
974,0, 160, False, 5
975,0, 160, False, 5
976,0, 160, False, 5
977,0, 160, False, 5
978,0, 160, False, 5
979,0, 160, False, 5
980,0, 160, False, 5
981,0, 160, False, 5
982,0, 160, False, 5
983,0, 160, False, 5
984,10, 170, False, 5
985,0, 170, False, 5
986,0, 170, False, 5
987,0, 170, False, 5
988,0, 170, False, 5
989,0, 170, False, 5
990,0, 170, False, 5
991,0, 170, False, 5
992,0, 170, False, 5
993,0, 170, False, 5
994,0, 170, False, 5
995,0, 170, False, 5
996,0, 170, False, 5
997,0, 170, False, 5
998,0, 170, False, 5
999,0, 170, False, 5
1000,0, 170, False, 5
1001,0, 170, False, 5
1002,0, 170, False, 5
1003,0, 170, False, 5
1004,0, 170, False, 5
1005,0, 170, False, 5
1006,0, 170, False, 5
1007,0, 170, False, 5
1008,0, 170, False, 5
1009,0, 170, False, 5
1010,0, 170, False, 5
1011,0, 170, False, 5
1012,0, 170, False, 5
1013,0, 170, False, 5
1014,0, 170, False, 5
1015,0, 170, False, 5
1016,0, 170, False, 5
1017,0, 170, False, 5
1018,0, 170, False, 5
1019,0, 170, False, 5
1020,0, 170, False, 5
1021,0, 170, False, 5
1022,0, 170, False, 5
1023,0, 170, False, 5
1024,0, 170, False, 5
1025,0, 170, False, 5
1026,0, 170, False, 5
1027,0, 170, False, 5
1028,0, 170, False, 5
1029,0, 170, False, 5
1030,0, 170, False, 5
1031,0, 170, False, 5
1032,0, 170, False, 5
1033,0, 170, False, 5
1034,0, 170, False, 5
1035,0, 170, False, 5
1036,0, 170, False, 3
1037,0, 170, False, 3
1038,0, 170, False, 3
1039,0, 170, False, 3
1040,0, 170, False, 3
1041,0, 170, False, 3
1042,0, 170, False, 3
1043,0, 170, False, 3
1044,10, 180, False, 3
1045,0, 180, False, 3
1046,0, 180, False, 3
1047,0, 180, False, 3
1048,0, 180, False, 3
1049,0, 180, False, 3
1050,0, 180, False, 3
1051,0, 180, False, 3
1052,0, 180, False, 3
1053,0, 180, False, 3
1054,0, 180, False, 3
1055,0, 180, False, 3
1056,0, 180, False, 3
1057,0, 180, False, 3
1058,0, 180, False, 3
1059,0, 180, False, 3
1060,0, 180, False, 3
1061,0, 180, False, 3
1062,0, 180, False, 3
1063,0, 180, False, 3
1064,10, 190, False, 3
1065,0, 190, False, 3
1066,0, 190, False, 3
1067,0, 190, False, 3
1068,0, 190, False, 3
1069,0, 190, False, 3
1070,0, 190, False, 3
1071,0, 190, False, 3
1072,0, 190, False, 3
1073,0, 190, False, 3
1074,0, 190, False, 3
1075,0, 190, False, 3
1076,10, 200, False, 3
1077,0, 200, False, 3
1078,0, 200, False, 3
1079,0, 200, False, 3
1080,0, 200, False, 3
1081,0, 200, False, 3
1082,0, 200, False, 3
1083,0, 200, False, 3
1084,0, 200, False, 3
1085,0, 200, False, 3
1086,0, 200, False, 3
1087,0, 200, False, 3
1088,0, 200, False, 3
1089,0, 200, False, 3
1090,10, 210, False, 3
1091,0, 210, False, 3
1092,0, 210, False, 3
1093,0, 210, False, 3
1094,0, 210, False, 3
1095,0, 210, False, 3
1096,0, 210, False, 3
1097,0, 210, False, 3
1098,0, 210, False, 3
1099,0, 210, False, 3
1100,0, 210, False, 3
1101,0, 210, False, 3
1102,0, 210, False, 3
1103,0, 210, False, 3
1104,10, 220, False, 3
1105,0, 220, False, 3
1106,0, 220, False, 3
1107,0, 220, False, 3
1108,0, 220, False, 3
1109,0, 220, False, 3
1110,0, 220, False, 3
1111,0, 220, False, 3
1112,0, 220, False, 3
1113,0, 220, False, 3
1114,0, 220, False, 3
1115,0, 220, False, 3
1116,10, 230, False, 3
1117,0, 230, False, 3
1118,0, 230, False, 3
1119,0, 230, False, 3
1120,0, 230, False, 3
1121,0, 230, False, 3
1122,0, 230, False, 3
1123,0, 230, False, 3
1124,0, 230, False, 3
1125,0, 230, False, 3
1126,0, 230, False, 3
1127,0, 230, False, 3
1128,0, 230, False, 3
1129,0, 230, False, 3
1130,10, 240, False, 3
1131,0, 240, False, 3
1132,0, 240, False, 3
1133,0, 240, False, 3
1134,0, 240, False, 3
1135,0, 240, False, 3
1136,0, 240, False, 3
1137,0, 240, False, 3
1138,0, 240, False, 3
1139,0, 240, False, 3
1140,0, 240, False, 3
1141,0, 240, False, 3
1142,0, 240, False, 3
1143,0, 240, False, 3
1144,10, 250, False, 3
1145,0, 250, False, 3
1146,0, 250, False, 3
1147,0, 250, False, 3
1148,0, 250, False, 3
1149,0, 250, False, 3
1150,0, 250, False, 3
1151,0, 250, False, 3
1152,0, 250, False, 3
1153,0, 250, False, 3
1154,0, 250, False, 3
1155,0, 250, False, 3
1156,10, 260, False, 3
1157,0, 260, False, 3
1158,0, 260, False, 3
1159,0, 260, False, 3
1160,0, 260, False, 3
1161,0, 260, False, 3
1162,0, 260, False, 3
1163,0, 260, False, 3
1164,0, 260, False, 3
1165,0, 260, False, 3
1166,0, 260, False, 3
1167,0, 260, False, 3
1168,0, 260, False, 3
1169,0, 260, False, 3
1170,10, 270, False, 3
1171,0, 270, False, 3
1172,0, 270, False, 3
1173,0, 270, False, 3
1174,0, 270, False, 3
1175,0, 270, False, 3
1176,0, 270, False, 3
1177,0, 270, False, 3
1178,0, 270, False, 3
1179,0, 270, False, 3
1180,0, 270, False, 3
1181,0, 270, False, 3
1182,0, 270, False, 3
1183,0, 270, False, 3
1184,0, 270, False, 3
1185,0, 270, False, 3
1186,0, 270, False, 3
1187,0, 270, False, 3
1188,0, 270, False, 3
1189,0, 270, False, 3
1190,0, 270, False, 3
1191,0, 270, False, 3
1192,0, 270, False, 3
1193,0, 270, False, 3
1194,0, 270, False, 3
1195,0, 270, False, 3
1196,0, 270, False, 3
1197,0, 270, False, 3
1198,0, 270, False, 3
1199,0, 270, False, 3
1200,0, 270, False, 3
1201,0, 270, False, 3
1202,0, 270, False, 3
1203,0, 270, False, 3
1204,0, 270, False, 3
1205,0, 270, False, 3
1206,0, 270, False, 3
1207,0, 270, False, 3
1208,0, 270, False, 3
1209,0, 270, False, 3
1210,0, 270, False, 3
1211,0, 270, False, 3
1212,0, 270, False, 3
1213,0, 270, False, 3
1214,0, 270, False, 3
1215,0, 270, False, 3
1216,0, 270, False, 3
1217,0, 270, False, 3
1218,0, 270, False, 3
1219,0, 270, False, 3
1220,0, 270, False, 3
1221,0, 270, False, 3
1222,0, 270, False, 3
1223,0, 270, False, 3
1224,0, 270, False, 3
1225,0, 270, False, 2
1226,0, 270, False, 2
1227,0, 270, False, 2
1228,0, 270, False, 2
1229,0, 270, False, 2
1230,0, 270, False, 2
1231,0, 270, False, 2
1232,0, 270, False, 2
1233,0, 270, False, 2
1234,0, 270, False, 2
1235,0, 270, False, 2
1236,0, 270, False, 2
1237,0, 270, False, 2
1238,0, 270, False, 2
1239,0, 270, False, 2
1240,0, 270, False, 2
1241,0, 270, False, 2
1242,50, 320, False, 2
1243,0, 320, False, 2
1244,0, 320, False, 2
1245,0, 320, False, 2
1246,0, 320, False, 2
1247,0, 320, False, 2
1248,10, 330, False, 2
1249,0, 330, False, 2
1250,0, 330, False, 2
1251,0, 330, False, 2
1252,0, 330, False, 2
1253,0, 330, False, 2
1254,0, 330, False, 2
1255,0, 330, False, 2
1256,0, 330, False, 2
1257,0, 330, False, 2
1258,0, 330, False, 2
1259,0, 330, False, 2
1260,0, 330, False, 2
1261,0, 330, False, 2
1262,10, 340, False, 2
1263,0, 340, False, 2
1264,0, 340, False, 2
1265,0, 340, False, 2
1266,0, 340, False, 2
1267,0, 340, False, 2
1268,0, 340, False, 2
1269,0, 340, False, 2
1270,0, 340, False, 2
1271,0, 340, False, 2
1272,0, 340, False, 2
1273,0, 340, False, 2
1274,0, 340, False, 2
1275,0, 340, False, 2
1276,0, 340, False, 2
1277,0, 340, False, 2
1278,0, 340, False, 2
1279,0, 340, False, 2
1280,0, 340, False, 2
1281,0, 340, False, 2
1282,0, 340, False, 2
1283,0, 340, False, 2
1284,0, 340, False, 2
1285,0, 340, False, 2
1286,0, 340, False, 2
1287,0, 340, False, 2
1288,0, 340, False, 2
1289,0, 340, False, 2
1290,0, 340, False, 2
1291,0, 340, False, 2
1292,0, 340, False, 2
1293,0, 340, False, 2
1294,0, 340, False, 2
1295,0, 340, False, 2
1296,0, 340, False, 2
1297,0, 340, False, 2
1298,0, 340, False, 2
1299,0, 340, False, 2
1300,0, 340, False, 2
1301,0, 340, False, 2
1302,0, 340, False, 2
1303,0, 340, False, 2
1304,0, 340, False, 2
1305,0, 340, False, 2
1306,0, 340, False, 2
1307,0, 340, False, 2
1308,0, 340, False, 2
1309,0, 340, False, 2
1310,0, 340, False, 2
1311,0, 340, False, 2
1312,0, 340, False, 2
1313,0, 340, False, 2
1314,0, 340, False, 2
1315,0, 340, False, 2
1316,0, 340, False, 2
1317,0, 340, False, 2
1318,0, 340, False, 2
1319,0, 340, False, 2
1320,0, 340, False, 2
1321,0, 340, False, 4
1322,0, 340, False, 4
1323,0, 340, False, 4
1324,0, 340, False, 4
1325,0, 340, False, 4
1326,0, 340, False, 4
1327,0, 340, False, 4
1328,0, 340, False, 4
1329,0, 340, False, 4
1330,10, 350, False, 4
1331,0, 350, False, 4
1332,0, 350, False, 4
1333,0, 350, False, 4
1334,0, 350, False, 4
1335,0, 350, False, 4
1336,0, 350, False, 4
1337,0, 350, False, 4
1338,0, 350, False, 4
1339,0, 350, False, 4
1340,0, 350, False, 4
1341,0, 350, False, 4
1342,0, 350, False, 4
1343,0, 350, False, 4
1344,10, 360, False, 4
1345,0, 360, False, 4
1346,0, 360, False, 4
1347,0, 360, False, 4
1348,0, 360, False, 4
1349,0, 360, False, 4
1350,0, 360, False, 4
1351,0, 360, False, 4
1352,0, 360, False, 4
1353,0, 360, False, 4
1354,0, 360, False, 4
1355,0, 360, False, 4
1356,10, 370, False, 4
1357,0, 370, False, 4
1358,0, 370, False, 4
1359,0, 370, False, 4
1360,0, 370, False, 4
1361,0, 370, False, 4
1362,0, 370, False, 4
1363,0, 370, False, 4
1364,0, 370, False, 4
1365,0, 370, False, 4
1366,0, 370, False, 4
1367,0, 370, False, 4
1368,0, 370, False, 4
1369,0, 370, False, 4
1370,0, 370, False, 4
1371,0, 370, False, 4
1372,0, 370, False, 4
1373,0, 370, False, 4
1374,0, 370, False, 4
1375,0, 370, False, 4
1376,0, 370, False, 4
1377,0, 370, False, 4
1378,0, 370, False, 4
1379,0, 370, False, 4
1380,0, 370, False, 4
1381,0, 370, False, 4
1382,0, 370, False, 4
1383,0, 370, False, 4
1384,0, 370, False, 4
1385,0, 370, False, 4
1386,0, 370, False, 4
1387,0, 370, False, 4
1388,0, 370, False, 4
1389,0, 370, False, 4
1390,0, 370, False, 4
1391,0, 370, False, 4
1392,0, 370, False, 4
1393,0, 370, False, 4
1394,0, 370, False, 4
1395,0, 370, False, 4
1396,0, 370, False, 4
1397,0, 370, False, 4
1398,0, 370, False, 4
1399,0, 370, False, 4
1400,0, 370, False, 4
1401,0, 370, False, 4
1402,0, 370, False, 4
1403,0, 370, False, 4
1404,0, 370, False, 4
1405,0, 370, False, 4
1406,0, 370, False, 4
1407,0, 370, False, 4
1408,0, 370, False, 4
1409,0, 370, False, 4
1410,0, 370, False, 4
1411,0, 370, False, 4
1412,0, 370, False, 4
1413,0, 370, False, 0
1414,0, 370, False, 0
1415,0, 370, False, 0
1416,0, 370, False, 0
1417,0, 370, False, 0
1418,0, 370, False, 0
1419,0, 370, False, 0
1420,0, 370, False, 0
1421,0, 370, False, 0
1422,0, 370, False, 0
1423,0, 370, False, 0
1424,0, 370, False, 0
1425,0, 370, False, 0
1426,0, 370, False, 0
1427,0, 370, False, 0
1428,0, 370, False, 0
1429,0, 370, False, 0
1430,0, 370, False, 0
1431,0, 370, False, 0
1432,0, 370, False, 0
1433,0, 370, False, 0
1434,0, 370, False, 0
1435,0, 370, False, 0
1436,0, 370, False, 0
1437,0, 370, False, 0
1438,0, 370, False, 4
1439,0, 370, False, 4
1440,0, 370, False, 4
1441,0, 370, False, 4
1442,0, 370, False, 4
1443,0, 370, False, 4
1444,0, 370, False, 4
1445,0, 370, False, 4
1446,0, 370, False, 4
1447,0, 370, False, 4
1448,0, 370, False, 4
1449,0, 370, False, 4
1450,0, 370, False, 4
1451,0, 370, False, 4
1452,0, 370, False, 4
1453,0, 370, False, 4
1454,0, 370, False, 4
1455,0, 370, False, 4
1456,0, 370, False, 4
1457,0, 370, False, 4
1458,0, 370, False, 4
1459,0, 370, False, 4
1460,0, 370, False, 4
1461,0, 370, False, 4
1462,0, 370, False, 4
1463,0, 370, False, 4
1464,0, 370, False, 4
1465,0, 370, False, 4
1466,0, 370, False, 4
1467,0, 370, False, 4
1468,0, 370, False, 4
1469,0, 370, False, 4
1470,0, 370, False, 4
1471,0, 370, False, 4
1472,0, 370, False, 4
1473,0, 370, False, 4
1474,0, 370, False, 4
1475,0, 370, False, 4
1476,0, 370, False, 4
1477,0, 370, False, 4
1478,0, 370, False, 4
1479,0, 370, False, 4
1480,0, 370, False, 4
1481,0, 370, False, 4
1482,0, 370, False, 4
1483,0, 370, False, 4
1484,0, 370, False, 4
1485,0, 370, False, 4
1486,0, 370, False, 4
1487,0, 370, False, 4
1488,0, 370, False, 4
1489,0, 370, False, 4
1490,0, 370, False, 4
1491,0, 370, False, 5
1492,0, 370, False, 5
1493,0, 370, False, 5
1494,0, 370, False, 5
1495,0, 370, False, 5
1496,0, 370, False, 5
1497,0, 370, False, 5
1498,10, 380, False, 5
1499,0, 380, False, 5
1500,0, 380, False, 5
1501,0, 380, False, 5
1502,0, 380, False, 5
1503,0, 380, False, 5
1504,0, 380, False, 5
1505,0, 380, False, 5
1506,0, 380, False, 5
1507,0, 380, False, 5
1508,0, 380, False, 5
1509,0, 380, False, 5
1510,0, 380, False, 5
1511,0, 380, False, 5
1512,10, 390, False, 5
1513,0, 390, False, 5
1514,0, 390, False, 5
1515,0, 390, False, 5
1516,0, 390, False, 5
1517,0, 390, False, 5
1518,0, 390, False, 5
1519,0, 390, False, 5
1520,0, 390, False, 5
1521,0, 390, False, 5
1522,0, 390, False, 5
1523,0, 390, False, 5
1524,0, 390, False, 5
1525,0, 390, False, 5
1526,0, 390, False, 5
1527,0, 390, False, 5
1528,0, 390, False, 5
1529,0, 390, False, 5
1530,0, 390, False, 5
1531,0, 390, False, 5
1532,0, 390, False, 5
1533,0, 390, False, 5
1534,0, 390, False, 5
1535,0, 390, False, 5
1536,0, 390, False, 5
1537,0, 390, False, 5
1538,0, 390, False, 5
1539,0, 390, False, 5
1540,0, 390, False, 5
1541,0, 390, False, 5
1542,0, 390, False, 5
1543,0, 390, False, 5
1544,0, 390, False, 5
1545,0, 390, False, 5
1546,0, 390, False, 5
1547,0, 390, False, 5
1548,0, 390, False, 5
1549,0, 390, False, 5
1550,0, 390, False, 5
1551,0, 390, False, 5
1552,0, 390, False, 5
1553,0, 390, False, 5
1554,0, 390, False, 5
1555,0, 390, False, 5
1556,0, 390, False, 5
1557,0, 390, False, 5
1558,0, 390, False, 5
1559,0, 390, False, 5
1560,0, 390, False, 5
1561,0, 390, False, 5
1562,0, 390, False, 5
1563,0, 390, False, 5
1564,0, 390, False, 5
1565,0, 390, False, 5
1566,0, 390, False, 5
1567,0, 390, False, 5
1568,0, 390, False, 5
1569,0, 390, False, 5
1570,0, 390, False, 5
1571,0, 390, False, 5
1572,0, 390, False, 5
1573,0, 390, False, 5
1574,0, 390, False, 5
1575,0, 390, False, 5
1576,0, 390, False, 5
1577,0, 390, False, 5
1578,0, 390, False, 5
1579,0, 390, False, 5
1580,0, 390, False, 4
1581,0, 390, False, 4
1582,0, 390, False, 4
1583,0, 390, False, 4
1584,0, 390, False, 4
1585,0, 390, False, 4
1586,0, 390, False, 4
1587,0, 390, False, 4
1588,0, 390, False, 4
1589,0, 390, False, 4
1590,0, 390, False, 4
1591,0, 390, False, 4
1592,0, 390, False, 4
1593,0, 390, False, 4
1594,0, 390, False, 4
1595,0, 390, False, 4
1596,0, 390, False, 4
1597,0, 390, False, 4
1598,0, 390, False, 4
1599,0, 390, False, 4
1600,0, 390, False, 4
1601,0, 390, False, 4
1602,0, 390, False, 4
1603,0, 390, False, 4
1604,0, 390, False, 4
1605,0, 390, False, 4
1606,0, 390, False, 4
1607,0, 390, False, 4
1608,0, 390, False, 4
1609,0, 390, False, 4
1610,0, 390, False, 4
1611,0, 390, False, 0
1612,0, 390, False, 0
1613,0, 390, False, 0
1614,0, 390, False, 0
1615,0, 390, False, 0
1616,0, 390, False, 0
1617,0, 390, False, 0
1618,0, 390, False, 0
1619,0, 390, False, 0
1620,0, 390, False, 0
1621,0, 390, False, 0
1622,0, 390, False, 0
1623,0, 390, False, 0
1624,0, 390, False, 0
1625,0, 390, False, 0
1626,0, 390, False, 0
1627,0, 390, False, 0
1628,0, 390, False, 0
1629,0, 390, False, 0
1630,0, 390, False, 0
1631,0, 390, False, 0
1632,0, 390, False, 0
1633,0, 390, False, 0
1634,0, 390, False, 0
1635,0, 390, False, 0
1636,0, 390, False, 0
1637,0, 390, False, 0
1638,0, 390, False, 0
1639,0, 390, False, 0
1640,0, 390, False, 0
1641,0, 390, False, 0
1642,0, 390, False, 0
1643,0, 390, False, 0
1644,0, 390, False, 0
1645,0, 390, False, 0
1646,0, 390, False, 0
1647,0, 390, False, 0
1648,0, 390, False, 0
1649,0, 390, False, 0
1650,0, 390, False, 0
1651,0, 390, False, 0
1652,0, 390, False, 0
1653,0, 390, False, 0
1654,0, 390, False, 0
1655,0, 390, False, 0
1656,0, 390, False, 0
1657,0, 390, False, 0
1658,0, 390, False, 0
1659,0, 390, False, 0
1660,0, 390, False, 0
1661,0, 390, False, 0
1662,0, 390, False, 0
1663,0, 390, False, 0
1664,0, 390, False, 0
1665,0, 390, False, 0
1666,0, 390, False, 0
1667,0, 390, False, 0
1668,0, 390, False, 0
1669,0, 390, False, 0
1670,10, 400, False, 0
1671,0, 400, False, 0
1672,0, 400, False, 0
1673,0, 400, False, 0
1674,0, 400, False, 0
1675,0, 400, False, 0
1676,0, 400, False, 0
1677,0, 400, False, 0
1678,0, 400, False, 0
1679,0, 400, False, 0
1680,0, 400, False, 0
1681,0, 400, False, 0
1682,0, 400, False, 0
1683,0, 400, False, 0
1684,10, 410, False, 0
1685,0, 410, False, 0
1686,0, 410, False, 0
1687,0, 410, False, 0
1688,0, 410, False, 0
1689,0, 410, False, 0
1690,0, 410, False, 0
1691,0, 410, False, 0
1692,0, 410, False, 0
1693,0, 410, False, 0
1694,0, 410, False, 0
1695,0, 410, False, 0
1696,10, 420, False, 0
1697,0, 420, False, 0
1698,0, 420, False, 0
1699,0, 420, False, 0
1700,0, 420, False, 0
1701,0, 420, False, 0
1702,0, 420, False, 0
1703,0, 420, False, 0
1704,0, 420, False, 0
1705,0, 420, False, 0
1706,0, 420, False, 0
1707,0, 420, False, 0
1708,0, 420, False, 0
1709,0, 420, False, 0
1710,10, 430, False, 0
1711,0, 430, False, 0
1712,0, 430, False, 0
1713,0, 430, False, 0
1714,0, 430, False, 0
1715,0, 430, False, 0
1716,0, 430, False, 0
1717,0, 430, False, 0
1718,0, 430, False, 0
1719,0, 430, False, 0
1720,0, 430, False, 0
1721,0, 430, False, 0
1722,0, 430, False, 0
1723,0, 430, False, 0
1724,10, 440, False, 0
1725,0, 440, False, 0
1726,0, 440, False, 0
1727,0, 440, False, 0
1728,0, 440, False, 0
1729,0, 440, False, 0
1730,0, 440, False, 0
1731,0, 440, False, 0
1732,0, 440, False, 0
1733,0, 440, False, 0
1734,0, 440, False, 0
1735,0, 440, False, 0
1736,10, 450, False, 0
1737,0, 450, False, 0
1738,0, 450, False, 0
1739,0, 450, False, 0
1740,0, 450, False, 0
1741,0, 450, False, 0
1742,0, 450, False, 0
1743,0, 450, False, 0
1744,0, 450, False, 0
1745,0, 450, False, 0
1746,0, 450, False, 0
1747,0, 450, False, 0
1748,0, 450, False, 0
1749,0, 450, False, 0
1750,10, 460, False, 0
1751,0, 460, False, 0
1752,0, 460, False, 0
1753,0, 460, False, 0
1754,0, 460, False, 0
1755,0, 460, False, 0
1756,0, 460, False, 0
1757,0, 460, False, 0
1758,0, 460, False, 0
1759,0, 460, False, 0
1760,0, 460, False, 0
1761,0, 460, False, 0
1762,0, 460, False, 0
1763,0, 460, False, 0
1764,0, 460, False, 0
1765,0, 460, False, 0
1766,0, 460, False, 0
1767,0, 460, False, 0
1768,0, 460, False, 0
1769,0, 460, False, 0
1770,0, 460, False, 0
1771,0, 460, False, 0
1772,0, 460, False, 0
1773,0, 460, False, 0
1774,0, 460, False, 0
1775,0, 460, False, 0
1776,0, 460, False, 0
1777,0, 460, False, 0
1778,0, 460, False, 0
1779,0, 460, False, 0
1780,0, 460, False, 0
1781,0, 460, False, 0
1782,0, 460, False, 0
1783,0, 460, False, 0
1784,0, 460, False, 0
1785,0, 460, False, 0
1786,0, 460, False, 0
1787,0, 460, False, 0
1788,0, 460, False, 0
1789,0, 460, False, 0
1790,0, 460, False, 0
1791,0, 460, False, 0
1792,0, 460, False, 0
1793,0, 460, False, 0
1794,0, 460, False, 0
1795,0, 460, False, 0
1796,0, 460, False, 0
1797,0, 460, False, 0
1798,0, 460, False, 0
1799,0, 460, False, 0
1800,0, 460, False, 0
1801,0, 460, False, 0
1802,0, 460, False, 0
1803,0, 460, False, 0
1804,0, 460, False, 0
1805,0, 460, False, 0
1806,0, 460, False, 0
1807,0, 460, False, 0
1808,0, 460, False, 0
1809,0, 460, False, 0
1810,0, 460, False, 0
1811,0, 460, False, 0
1812,0, 460, False, 0
1813,0, 460, False, 0
1814,0, 460, False, 0
1815,0, 460, False, 0
1816,0, 460, False, 0
1817,0, 460, False, 0
1818,0, 460, False, 0
1819,0, 460, False, 0
1820,0, 460, False, 0
1821,0, 460, False, 0
1822,0, 460, False, 0
1823,0, 460, False, 0
1824,0, 460, False, 0
1825,0, 460, False, 0
1826,0, 460, False, 0
1827,0, 460, False, 0
1828,0, 460, False, 0
1829,0, 460, False, 0
1830,0, 460, False, 0
1831,0, 460, False, 0
1832,0, 460, False, 0
1833,0, 460, False, 0
1834,0, 460, False, 0
1835,0, 460, False, 0
1836,0, 460, False, 0
1837,0, 460, False, 0
1838,0, 460, False, 0
1839,0, 460, False, 0
1840,0, 460, False, 0
1841,0, 460, False, 0
1842,0, 460, False, 0
1843,0, 460, False, 0
1844,0, 460, False, 0
1845,0, 460, False, 0
1846,0, 460, False, 0
1847,0, 460, False, 0
1848,0, 460, False, 0
1849,0, 460, False, 0
1850,0, 460, False, 0
1851,0, 460, False, 0
1852,0, 460, False, 0
1853,0, 460, False, 0
1854,0, 460, False, 0
1855,0, 460, False, 0
1856,0, 460, False, 0
1857,0, 460, False, 0
1858,0, 460, False, 0
1859,0, 460, False, 0
1860,0, 460, False, 0
1861,0, 460, False, 0
1862,0, 460, False, 0
1863,0, 460, False, 0
1864,0, 460, False, 0
1865,0, 460, False, 0
1866,0, 460, False, 0
1867,0, 460, False, 0
1868,0, 460, False, 0
1869,0, 460, False, 0
1870,0, 460, False, 0
1871,0, 460, False, 0
1872,0, 460, False, 0
1873,0, 460, False, 0
1874,0, 460, False, 0
1875,0, 460, False, 0
1876,0, 460, False, 0
1877,0, 460, False, 0
1878,0, 460, False, 0
1879,0, 460, False, 0
1880,0, 460, False, 0
1881,0, 460, False, 0
1882,0, 460, False, 0
1883,0, 460, False, 0
1884,0, 460, False, 0
1885,0, 460, False, 0
1886,0, 460, False, 0
1887,0, 460, False, 0
1888,0, 460, False, 0
1889,0, 460, False, 0
1890,0, 460, False, 0
1891,0, 460, False, 0
1892,0, 460, False, 0
1893,0, 460, False, 0
1894,0, 460, False, 0
1895,0, 460, False, 0
1896,0, 460, False, 0
1897,0, 460, False, 0
1898,0, 460, False, 0
1899,0, 460, False, 0
1900,0, 460, False, 0
1901,0, 460, False, 0
1902,0, 460, False, 0
1903,0, 460, False, 0
1904,0, 460, False, 0
1905,0, 460, False, 0
1906,0, 460, False, 0
1907,0, 460, False, 0
1908,0, 460, False, 0
1909,0, 460, False, 0
1910,0, 460, False, 0
1911,0, 460, False, 0
1912,0, 460, False, 0
1913,0, 460, False, 0
1914,0, 460, False, 0
1915,0, 460, False, 0
1916,0, 460, False, 0
1917,0, 460, False, 0
1918,0, 460, False, 0
1919,0, 460, False, 0
1920,0, 460, False, 0
1921,0, 460, False, 0
1922,0, 460, False, 0
1923,0, 460, False, 0
1924,0, 460, False, 0
1925,0, 460, False, 0
1926,0, 460, False, 0
1927,0, 460, False, 0
1928,0, 460, False, 0
1929,0, 460, False, 0
1930,0, 460, False, 0
1931,0, 460, False, 0
1932,0, 460, False, 0
1933,0, 460, False, 0
1934,0, 460, False, 0
1935,0, 460, False, 0
1936,0, 460, False, 0
1937,0, 460, False, 0
1938,0, 460, False, 0
1939,0, 460, False, 0
1940,0, 460, False, 0
1941,0, 460, False, 0
1942,0, 460, False, 0
1943,0, 460, False, 0
1944,0, 460, False, 0
1945,0, 460, False, 0
1946,0, 460, False, 0
1947,0, 460, False, 0
1948,0, 460, False, 0
1949,0, 460, False, 0
1950,0, 460, False, 0
1951,0, 460, False, 0
1952,0, 460, False, 0
1953,0, 460, False, 0
1954,0, 460, False, 0
1955,0, 460, False, 0
1956,0, 460, False, 0
1957,0, 460, False, 0
1958,0, 460, False, 0
1959,0, 460, False, 0
1960,0, 460, True, 0
