db traj id : 654
frame,reward,score,terminal, action
0,0, 0, False, 0
1,0, 0, False, 0
2,0, 0, False, 0
3,0, 0, False, 0
4,0, 0, False, 0
5,0, 0, False, 0
6,0, 0, False, 0
7,0, 0, False, 0
8,0, 0, False, 0
9,0, 0, False, 0
10,0, 0, False, 0
11,0, 0, False, 0
12,0, 0, False, 0
13,0, 0, False, 0
14,0, 0, False, 0
15,0, 0, False, 0
16,0, 0, False, 0
17,0, 0, False, 0
18,0, 0, False, 4
19,0, 0, False, 4
20,0, 0, False, 4
21,0, 0, False, 4
22,0, 0, False, 4
23,0, 0, False, 4
24,0, 0, False, 4
25,0, 0, False, 4
26,0, 0, False, 4
27,0, 0, False, 4
28,0, 0, False, 4
29,0, 0, False, 4
30,0, 0, False, 4
31,0, 0, False, 4
32,0, 0, False, 4
33,0, 0, False, 4
34,0, 0, False, 4
35,0, 0, False, 4
36,0, 0, False, 4
37,0, 0, False, 4
38,0, 0, False, 4
39,0, 0, False, 4
40,0, 0, False, 0
41,0, 0, False, 0
42,0, 0, False, 0
43,0, 0, False, 0
44,0, 0, False, 0
45,0, 0, False, 0
46,0, 0, False, 0
47,0, 0, False, 0
48,0, 0, False, 0
49,0, 0, False, 0
50,0, 0, False, 0
51,0, 0, False, 0
52,0, 0, False, 0
53,0, 0, False, 0
54,0, 0, False, 0
55,0, 0, False, 0
56,0, 0, False, 0
57,0, 0, False, 0
58,0, 0, False, 0
59,0, 0, False, 0
60,0, 0, False, 0
61,0, 0, False, 0
62,0, 0, False, 0
63,0, 0, False, 0
64,0, 0, False, 0
65,0, 0, False, 0
66,0, 0, False, 0
67,0, 0, False, 0
68,0, 0, False, 0
69,0, 0, False, 0
70,0, 0, False, 0
71,0, 0, False, 0
72,0, 0, False, 0
73,0, 0, False, 0
74,0, 0, False, 0
75,0, 0, False, 0
76,0, 0, False, 0
77,0, 0, False, 0
78,0, 0, False, 0
79,0, 0, False, 0
80,0, 0, False, 0
81,0, 0, False, 0
82,0, 0, False, 0
83,0, 0, False, 0
84,0, 0, False, 0
85,0, 0, False, 0
86,0, 0, False, 0
87,0, 0, False, 0
88,0, 0, False, 0
89,0, 0, False, 0
90,0, 0, False, 0
91,0, 0, False, 0
92,0, 0, False, 0
93,0, 0, False, 0
94,0, 0, False, 0
95,0, 0, False, 0
96,0, 0, False, 0
97,0, 0, False, 0
98,0, 0, False, 0
99,0, 0, False, 0
100,0, 0, False, 0
101,0, 0, False, 0
102,0, 0, False, 0
103,0, 0, False, 0
104,0, 0, False, 0
105,0, 0, False, 0
106,0, 0, False, 0
107,0, 0, False, 0
108,0, 0, False, 0
109,0, 0, False, 0
110,0, 0, False, 0
111,0, 0, False, 0
112,0, 0, False, 0
113,0, 0, False, 0
114,0, 0, False, 0
115,0, 0, False, 0
116,0, 0, False, 0
117,0, 0, False, 0
118,0, 0, False, 0
119,0, 0, False, 0
120,0, 0, False, 0
121,0, 0, False, 0
122,0, 0, False, 0
123,0, 0, False, 0
124,0, 0, False, 0
125,0, 0, False, 0
126,0, 0, False, 0
127,0, 0, False, 0
128,0, 0, False, 0
129,0, 0, False, 0
130,0, 0, False, 0
131,0, 0, False, 0
132,0, 0, False, 0
133,0, 0, False, 0
134,0, 0, False, 0
135,0, 0, False, 0
136,0, 0, False, 0
137,0, 0, False, 0
138,0, 0, False, 0
139,0, 0, False, 0
140,0, 0, False, 0
141,0, 0, False, 0
142,0, 0, False, 0
143,0, 0, False, 0
144,0, 0, False, 0
145,0, 0, False, 0
146,0, 0, False, 0
147,0, 0, False, 0
148,0, 0, False, 0
149,0, 0, False, 0
150,0, 0, False, 0
151,0, 0, False, 0
152,0, 0, False, 0
153,0, 0, False, 0
154,0, 0, False, 0
155,0, 0, False, 0
156,0, 0, False, 0
157,0, 0, False, 0
158,0, 0, False, 0
159,0, 0, False, 0
160,0, 0, False, 0
161,0, 0, False, 0
162,0, 0, False, 0
163,0, 0, False, 0
164,0, 0, False, 0
165,0, 0, False, 0
166,0, 0, False, 0
167,0, 0, False, 0
168,0, 0, False, 0
169,0, 0, False, 0
170,0, 0, False, 0
171,0, 0, False, 0
172,0, 0, False, 0
173,0, 0, False, 0
174,0, 0, False, 0
175,0, 0, False, 0
176,0, 0, False, 0
177,0, 0, False, 0
178,0, 0, False, 0
179,0, 0, False, 0
180,0, 0, False, 0
181,0, 0, False, 0
182,0, 0, False, 0
183,0, 0, False, 0
184,0, 0, False, 0
185,0, 0, False, 0
186,0, 0, False, 0
187,0, 0, False, 0
188,0, 0, False, 0
189,0, 0, False, 0
190,0, 0, False, 0
191,0, 0, False, 0
192,0, 0, False, 0
193,0, 0, False, 0
194,0, 0, False, 0
195,0, 0, False, 0
196,0, 0, False, 0
197,0, 0, False, 0
198,0, 0, False, 0
199,0, 0, False, 0
200,0, 0, False, 0
201,0, 0, False, 0
202,0, 0, False, 0
203,0, 0, False, 0
204,0, 0, False, 0
205,0, 0, False, 0
206,0, 0, False, 0
207,0, 0, False, 0
208,0, 0, False, 0
209,0, 0, False, 0
210,0, 0, False, 0
211,0, 0, False, 0
212,0, 0, False, 0
213,0, 0, False, 0
214,0, 0, False, 0
215,0, 0, False, 0
216,0, 0, False, 0
217,0, 0, False, 0
218,0, 0, False, 0
219,0, 0, False, 0
220,0, 0, False, 0
221,0, 0, False, 0
222,0, 0, False, 0
223,0, 0, False, 0
224,0, 0, False, 0
225,0, 0, False, 0
226,0, 0, False, 0
227,0, 0, False, 0
228,0, 0, False, 0
229,0, 0, False, 0
230,0, 0, False, 0
231,0, 0, False, 0
232,0, 0, False, 0
233,0, 0, False, 0
234,0, 0, False, 0
235,0, 0, False, 0
236,0, 0, False, 0
237,0, 0, False, 0
238,0, 0, False, 0
239,0, 0, False, 0
240,0, 0, False, 0
241,0, 0, False, 0
242,0, 0, False, 0
243,0, 0, False, 0
244,0, 0, False, 0
245,0, 0, False, 0
246,0, 0, False, 0
247,0, 0, False, 0
248,0, 0, False, 0
249,0, 0, False, 0
250,0, 0, False, 0
251,0, 0, False, 0
252,0, 0, False, 0
253,0, 0, False, 0
254,0, 0, False, 0
255,0, 0, False, 0
256,0, 0, False, 0
257,0, 0, False, 0
258,0, 0, False, 0
259,0, 0, False, 0
260,0, 0, False, 0
261,0, 0, False, 0
262,0, 0, False, 0
263,0, 0, False, 0
264,0, 0, False, 0
265,0, 0, False, 0
266,0, 0, False, 0
267,0, 0, False, 0
268,0, 0, False, 0
269,0, 0, False, 0
270,0, 0, False, 0
271,10, 10, False, 0
272,0, 10, False, 0
273,0, 10, False, 0
274,0, 10, False, 0
275,0, 10, False, 4
276,0, 10, False, 4
277,0, 10, False, 4
278,0, 10, False, 4
279,0, 10, False, 4
280,0, 10, False, 4
281,0, 10, False, 4
282,0, 10, False, 4
283,0, 10, False, 4
284,0, 10, False, 4
285,10, 20, False, 4
286,0, 20, False, 4
287,0, 20, False, 4
288,0, 20, False, 4
289,0, 20, False, 0
290,0, 20, False, 0
291,0, 20, False, 0
292,0, 20, False, 0
293,0, 20, False, 0
294,0, 20, False, 0
295,0, 20, False, 0
296,0, 20, False, 0
297,0, 20, False, 0
298,0, 20, False, 0
299,10, 30, False, 0
300,0, 30, False, 0
301,0, 30, False, 0
302,0, 30, False, 0
303,0, 30, False, 0
304,0, 30, False, 0
305,0, 30, False, 0
306,0, 30, False, 0
307,0, 30, False, 0
308,0, 30, False, 0
309,0, 30, False, 0
310,0, 30, False, 0
311,10, 40, False, 0
312,0, 40, False, 0
313,0, 40, False, 0
314,0, 40, False, 0
315,0, 40, False, 0
316,0, 40, False, 0
317,0, 40, False, 0
318,0, 40, False, 0
319,0, 40, False, 0
320,0, 40, False, 0
321,0, 40, False, 0
322,0, 40, False, 0
323,0, 40, False, 0
324,0, 40, False, 0
325,10, 50, False, 0
326,0, 50, False, 0
327,0, 50, False, 0
328,0, 50, False, 0
329,0, 50, False, 0
330,0, 50, False, 0
331,0, 50, False, 0
332,0, 50, False, 0
333,0, 50, False, 0
334,0, 50, False, 0
335,0, 50, False, 0
336,0, 50, False, 0
337,0, 50, False, 0
338,0, 50, False, 0
339,10, 60, False, 5
340,0, 60, False, 5
341,0, 60, False, 5
342,0, 60, False, 5
343,0, 60, False, 5
344,0, 60, False, 5
345,0, 60, False, 5
346,0, 60, False, 5
347,0, 60, False, 5
348,0, 60, False, 5
349,10, 70, False, 5
350,0, 70, False, 5
351,0, 70, False, 5
352,0, 70, False, 5
353,0, 70, False, 5
354,0, 70, False, 0
355,0, 70, False, 0
356,0, 70, False, 0
357,0, 70, False, 0
358,0, 70, False, 0
359,0, 70, False, 0
360,0, 70, False, 0
361,0, 70, False, 0
362,0, 70, False, 0
363,10, 80, False, 0
364,0, 80, False, 0
365,0, 80, False, 0
366,0, 80, False, 0
367,0, 80, False, 0
368,0, 80, False, 0
369,0, 80, False, 0
370,0, 80, False, 0
371,0, 80, False, 0
372,0, 80, False, 0
373,0, 80, False, 0
374,0, 80, False, 0
375,0, 80, False, 0
376,0, 80, False, 0
377,10, 90, False, 0
378,0, 90, False, 0
379,0, 90, False, 0
380,0, 90, False, 0
381,0, 90, False, 0
382,0, 90, False, 0
383,0, 90, False, 0
384,0, 90, False, 0
385,0, 90, False, 0
386,0, 90, False, 0
387,0, 90, False, 0
388,0, 90, False, 0
389,0, 90, False, 0
390,0, 90, False, 0
391,10, 100, False, 0
392,0, 100, False, 0
393,0, 100, False, 0
394,0, 100, False, 0
395,0, 100, False, 0
396,0, 100, False, 0
397,0, 100, False, 0
398,0, 100, False, 0
399,0, 100, False, 0
400,0, 100, False, 0
401,0, 100, False, 0
402,0, 100, False, 0
403,0, 100, False, 0
404,0, 100, False, 0
405,10, 110, False, 0
406,0, 110, False, 0
407,0, 110, False, 0
408,0, 110, False, 0
409,0, 110, False, 0
410,0, 110, False, 0
411,0, 110, False, 4
412,0, 110, False, 4
413,0, 110, False, 4
414,0, 110, False, 4
415,0, 110, False, 4
416,0, 110, False, 4
417,0, 110, False, 4
418,0, 110, False, 4
419,0, 110, False, 4
420,0, 110, False, 4
421,10, 120, False, 4
422,0, 120, False, 4
423,0, 120, False, 4
424,0, 120, False, 4
425,0, 120, False, 4
426,0, 120, False, 4
427,0, 120, False, 4
428,0, 120, False, 4
429,0, 120, False, 4
430,0, 120, False, 4
431,0, 120, False, 4
432,0, 120, False, 0
433,0, 120, False, 0
434,0, 120, False, 0
435,10, 130, False, 0
436,0, 130, False, 0
437,0, 130, False, 0
438,0, 130, False, 0
439,0, 130, False, 0
440,0, 130, False, 0
441,0, 130, False, 0
442,0, 130, False, 0
443,0, 130, False, 0
444,0, 130, False, 0
445,0, 130, False, 0
446,0, 130, False, 0
447,10, 140, False, 0
448,0, 140, False, 0
449,0, 140, False, 0
450,0, 140, False, 0
451,0, 140, False, 0
452,0, 140, False, 0
453,0, 140, False, 0
454,0, 140, False, 2
455,0, 140, False, 2
456,0, 140, False, 2
457,0, 140, False, 2
458,0, 140, False, 2
459,0, 140, False, 2
460,0, 140, False, 2
461,0, 140, False, 2
462,0, 140, False, 2
463,50, 190, False, 2
464,0, 190, False, 2
465,0, 190, False, 2
466,0, 190, False, 2
467,0, 190, False, 2
468,0, 190, False, 2
469,0, 190, False, 2
470,0, 190, False, 2
471,0, 190, False, 2
472,0, 190, False, 2
473,0, 190, False, 2
474,0, 190, False, 0
475,0, 190, False, 0
476,0, 190, False, 0
477,0, 190, False, 0
478,0, 190, False, 0
479,10, 200, False, 0
480,0, 200, False, 0
481,0, 200, False, 0
482,0, 200, False, 0
483,0, 200, False, 0
484,0, 200, False, 0
485,0, 200, False, 0
486,0, 200, False, 0
487,0, 200, False, 0
488,0, 200, False, 0
489,0, 200, False, 0
490,0, 200, False, 0
491,0, 200, False, 0
492,0, 200, False, 0
493,10, 210, False, 0
494,0, 210, False, 0
495,0, 210, False, 0
496,0, 210, False, 0
497,0, 210, False, 0
498,0, 210, False, 3
499,0, 210, False, 3
500,0, 210, False, 3
501,0, 210, False, 3
502,0, 210, False, 3
503,0, 210, False, 3
504,0, 210, False, 3
505,0, 210, False, 3
506,0, 210, False, 3
507,10, 220, False, 3
508,0, 220, False, 3
509,0, 220, False, 3
510,0, 220, False, 3
511,0, 220, False, 3
512,0, 220, False, 3
513,0, 220, False, 3
514,0, 220, False, 0
515,0, 220, False, 0
516,0, 220, False, 0
517,0, 220, False, 0
518,0, 220, False, 0
519,10, 230, False, 0
520,0, 230, False, 0
521,0, 230, False, 0
522,0, 230, False, 0
523,0, 230, False, 0
524,0, 230, False, 0
525,0, 230, False, 0
526,0, 230, False, 0
527,0, 230, False, 0
528,0, 230, False, 2
529,0, 230, False, 2
530,0, 230, False, 2
531,0, 230, False, 2
532,0, 230, False, 2
533,0, 230, False, 2
534,0, 230, False, 2
535,0, 230, False, 2
536,0, 230, False, 2
537,0, 230, False, 2
538,0, 230, False, 2
539,0, 230, False, 2
540,0, 230, False, 2
541,0, 230, False, 2
542,0, 230, False, 2
543,0, 230, False, 0
544,0, 230, False, 0
545,0, 230, False, 0
546,0, 230, False, 0
547,0, 230, False, 0
548,0, 230, False, 0
549,0, 230, False, 0
550,0, 230, False, 0
551,0, 230, False, 0
552,0, 230, False, 0
553,0, 230, False, 0
554,0, 230, False, 0
555,0, 230, False, 0
556,0, 230, False, 0
557,0, 230, False, 0
558,0, 230, False, 0
559,0, 230, False, 0
560,0, 230, False, 0
561,0, 230, False, 0
562,0, 230, False, 0
563,0, 230, False, 0
564,0, 230, False, 0
565,0, 230, False, 0
566,0, 230, False, 0
567,0, 230, False, 0
568,0, 230, False, 0
569,0, 230, False, 0
570,0, 230, False, 0
571,0, 230, False, 0
572,0, 230, False, 0
573,0, 230, False, 0
574,0, 230, False, 0
575,0, 230, False, 0
576,0, 230, False, 0
577,0, 230, False, 0
578,0, 230, False, 0
579,0, 230, False, 0
580,0, 230, False, 0
581,0, 230, False, 0
582,0, 230, False, 4
583,0, 230, False, 4
584,0, 230, False, 4
585,0, 230, False, 4
586,0, 230, False, 4
587,0, 230, False, 4
588,0, 230, False, 4
589,0, 230, False, 4
590,0, 230, False, 0
591,0, 230, False, 0
592,0, 230, False, 0
593,0, 230, False, 0
594,0, 230, False, 0
595,0, 230, False, 0
596,0, 230, False, 0
597,0, 230, False, 0
598,0, 230, False, 0
599,0, 230, False, 5
600,0, 230, False, 5
601,0, 230, False, 5
602,0, 230, False, 5
603,0, 230, False, 5
604,0, 230, False, 5
605,0, 230, False, 5
606,0, 230, False, 0
607,0, 230, False, 0
608,0, 230, False, 0
609,0, 230, False, 0
610,0, 230, False, 0
611,0, 230, False, 0
612,0, 230, False, 0
613,0, 230, False, 0
614,0, 230, False, 0
615,0, 230, False, 0
616,0, 230, False, 0
617,0, 230, False, 0
618,0, 230, False, 0
619,0, 230, False, 0
620,0, 230, False, 4
621,0, 230, False, 4
622,0, 230, False, 4
623,0, 230, False, 4
624,0, 230, False, 4
625,0, 230, False, 4
626,0, 230, False, 4
627,0, 230, False, 4
628,0, 230, False, 4
629,0, 230, False, 4
630,0, 230, False, 4
631,0, 230, False, 4
632,0, 230, False, 4
633,0, 230, False, 4
634,0, 230, False, 4
635,0, 230, False, 4
636,0, 230, False, 4
637,0, 230, False, 0
638,0, 230, False, 0
639,0, 230, False, 0
640,0, 230, False, 0
641,0, 230, False, 0
642,0, 230, False, 0
643,0, 230, False, 0
644,0, 230, False, 0
645,0, 230, False, 0
646,0, 230, False, 0
647,0, 230, False, 0
648,0, 230, False, 2
649,0, 230, False, 2
650,0, 230, False, 2
651,0, 230, False, 2
652,0, 230, False, 2
653,0, 230, False, 2
654,0, 230, False, 2
655,0, 230, False, 2
656,0, 230, False, 2
657,0, 230, False, 2
658,0, 230, False, 2
659,0, 230, False, 2
660,0, 230, False, 2
661,0, 230, False, 2
662,0, 230, False, 2
663,0, 230, False, 2
664,0, 230, False, 2
665,0, 230, False, 2
666,0, 230, False, 2
667,0, 230, False, 2
668,0, 230, False, 0
669,0, 230, False, 0
670,0, 230, False, 0
671,0, 230, False, 0
672,0, 230, False, 0
673,0, 230, False, 0
674,0, 230, False, 0
675,0, 230, False, 0
676,0, 230, False, 0
677,0, 230, False, 0
678,0, 230, False, 0
679,0, 230, False, 0
680,0, 230, False, 0
681,0, 230, False, 0
682,0, 230, False, 3
683,0, 230, False, 3
684,0, 230, False, 3
685,0, 230, False, 3
686,0, 230, False, 3
687,0, 230, False, 3
688,0, 230, False, 3
689,0, 230, False, 3
690,0, 230, False, 3
691,0, 230, False, 3
692,0, 230, False, 0
693,0, 230, False, 0
694,0, 230, False, 0
695,0, 230, False, 0
696,0, 230, False, 0
697,0, 230, False, 0
698,0, 230, False, 0
699,0, 230, False, 0
700,0, 230, False, 0
701,0, 230, False, 0
702,0, 230, False, 2
703,0, 230, False, 2
704,0, 230, False, 2
705,0, 230, False, 2
706,0, 230, False, 2
707,0, 230, False, 2
708,0, 230, False, 2
709,0, 230, False, 2
710,0, 230, False, 2
711,0, 230, False, 2
712,0, 230, False, 2
713,0, 230, False, 2
714,0, 230, False, 2
715,0, 230, False, 2
716,0, 230, False, 2
717,0, 230, False, 0
718,0, 230, False, 0
719,0, 230, False, 0
720,0, 230, False, 0
721,0, 230, False, 0
722,0, 230, False, 0
723,0, 230, False, 0
724,0, 230, False, 0
725,0, 230, False, 4
726,0, 230, False, 4
727,0, 230, False, 4
728,0, 230, False, 4
729,0, 230, False, 4
730,0, 230, False, 4
731,0, 230, False, 4
732,0, 230, False, 4
733,0, 230, False, 4
734,0, 230, False, 4
735,0, 230, False, 0
736,0, 230, False, 0
737,0, 230, False, 0
738,0, 230, False, 0
739,0, 230, False, 0
740,0, 230, False, 0
741,0, 230, False, 0
742,0, 230, False, 0
743,0, 230, False, 0
744,0, 230, False, 0
745,0, 230, False, 0
746,0, 230, False, 0
747,0, 230, False, 0
748,0, 230, False, 0
749,0, 230, False, 0
750,0, 230, False, 0
751,0, 230, False, 0
752,0, 230, False, 0
753,0, 230, False, 0
754,0, 230, False, 0
755,0, 230, False, 0
756,0, 230, False, 0
757,0, 230, False, 5
758,0, 230, False, 5
759,0, 230, False, 5
760,0, 230, False, 5
761,0, 230, False, 5
762,0, 230, False, 5
763,0, 230, False, 5
764,0, 230, False, 5
765,0, 230, False, 0
766,0, 230, False, 0
767,0, 230, False, 0
768,0, 230, False, 0
769,0, 230, False, 0
770,0, 230, False, 0
771,0, 230, False, 0
772,0, 230, False, 0
773,0, 230, False, 0
774,0, 230, False, 0
775,0, 230, False, 0
776,0, 230, False, 4
777,0, 230, False, 4
778,0, 230, False, 4
779,0, 230, False, 4
780,0, 230, False, 4
781,0, 230, False, 4
782,0, 230, False, 4
783,0, 230, False, 4
784,0, 230, False, 4
785,0, 230, False, 0
786,0, 230, False, 0
787,0, 230, False, 0
788,0, 230, False, 0
789,0, 230, False, 0
790,0, 230, False, 0
791,0, 230, False, 0
792,0, 230, False, 0
793,0, 230, False, 0
794,0, 230, False, 0
795,0, 230, False, 0
796,0, 230, False, 0
797,0, 230, False, 0
798,0, 230, False, 0
799,0, 230, False, 0
800,0, 230, False, 0
801,0, 230, False, 0
802,0, 230, False, 0
803,0, 230, False, 0
804,0, 230, False, 0
805,0, 230, False, 0
806,0, 230, False, 0
807,0, 230, False, 2
808,0, 230, False, 2
809,0, 230, False, 2
810,0, 230, False, 2
811,0, 230, False, 2
812,0, 230, False, 2
813,0, 230, False, 2
814,0, 230, False, 2
815,0, 230, False, 2
816,0, 230, False, 2
817,0, 230, False, 2
818,0, 230, False, 2
819,0, 230, False, 2
820,0, 230, False, 2
821,0, 230, False, 2
822,0, 230, False, 2
823,0, 230, False, 2
824,0, 230, False, 2
825,0, 230, False, 2
826,0, 230, False, 2
827,0, 230, False, 2
828,0, 230, False, 0
829,0, 230, False, 0
830,0, 230, False, 0
831,0, 230, False, 0
832,0, 230, False, 0
833,0, 230, False, 0
834,0, 230, False, 0
835,0, 230, False, 0
836,0, 230, False, 0
837,0, 230, False, 0
838,0, 230, False, 0
839,0, 230, False, 3
840,0, 230, False, 3
841,0, 230, False, 3
842,0, 230, False, 3
843,0, 230, False, 0
844,0, 230, False, 0
845,0, 230, False, 0
846,0, 230, False, 0
847,0, 230, False, 0
848,0, 230, False, 0
849,0, 230, False, 0
850,0, 230, False, 0
851,0, 230, False, 0
852,0, 230, False, 0
853,0, 230, False, 0
854,0, 230, False, 0
855,0, 230, False, 2
856,0, 230, False, 2
857,0, 230, False, 2
858,0, 230, False, 2
859,0, 230, False, 2
860,0, 230, False, 2
861,0, 230, False, 2
862,0, 230, False, 2
863,0, 230, False, 2
864,0, 230, False, 2
865,0, 230, False, 2
866,0, 230, False, 2
867,0, 230, False, 2
868,0, 230, False, 2
869,0, 230, False, 2
870,0, 230, False, 2
871,0, 230, False, 2
872,0, 230, False, 2
873,0, 230, False, 2
874,0, 230, False, 0
875,200, 430, False, 0
876,0, 430, False, 0
877,0, 430, False, 0
878,0, 430, False, 0
879,0, 430, False, 0
880,0, 430, False, 0
881,0, 430, False, 0
882,0, 430, False, 0
883,0, 430, False, 0
884,0, 430, False, 0
885,0, 430, False, 0
886,0, 430, False, 0
887,0, 430, False, 0
888,0, 430, False, 0
889,0, 430, False, 0
890,0, 430, False, 0
891,0, 430, False, 0
892,0, 430, False, 0
893,0, 430, False, 0
894,0, 430, False, 0
895,0, 430, False, 0
896,0, 430, False, 0
897,0, 430, False, 0
898,0, 430, False, 0
899,0, 430, False, 0
900,0, 430, False, 0
901,0, 430, False, 0
902,0, 430, False, 0
903,0, 430, False, 0
904,0, 430, False, 0
905,0, 430, False, 0
906,0, 430, False, 0
907,0, 430, False, 0
908,0, 430, False, 0
909,0, 430, False, 0
910,0, 430, False, 0
911,0, 430, False, 0
912,0, 430, False, 0
913,0, 430, False, 0
914,0, 430, False, 0
915,0, 430, False, 0
916,0, 430, False, 0
917,0, 430, False, 0
918,0, 430, False, 0
919,0, 430, False, 0
920,0, 430, False, 0
921,0, 430, False, 0
922,0, 430, False, 0
923,0, 430, False, 0
924,0, 430, False, 0
925,0, 430, False, 0
926,0, 430, False, 0
927,0, 430, False, 0
928,0, 430, False, 0
929,0, 430, False, 0
930,0, 430, False, 0
931,0, 430, False, 0
932,0, 430, False, 0
933,0, 430, False, 0
934,0, 430, False, 0
935,0, 430, False, 0
936,0, 430, False, 0
937,0, 430, False, 0
938,0, 430, False, 0
939,0, 430, False, 0
940,0, 430, False, 0
941,0, 430, False, 0
942,0, 430, False, 0
943,0, 430, False, 3
944,0, 430, False, 3
945,0, 430, False, 3
946,0, 430, False, 3
947,0, 430, False, 3
948,0, 430, False, 3
949,0, 430, False, 3
950,0, 430, False, 3
951,0, 430, False, 3
952,0, 430, False, 3
953,0, 430, False, 3
954,0, 430, False, 3
955,0, 430, False, 3
956,0, 430, False, 0
957,0, 430, False, 0
958,0, 430, False, 0
959,0, 430, False, 0
960,0, 430, False, 0
961,0, 430, False, 0
962,0, 430, False, 0
963,0, 430, False, 0
964,0, 430, False, 0
965,0, 430, False, 0
966,0, 430, False, 0
967,0, 430, False, 0
968,0, 430, False, 0
969,0, 430, False, 0
970,0, 430, False, 0
971,0, 430, False, 0
972,0, 430, False, 0
973,0, 430, False, 0
974,0, 430, False, 0
975,0, 430, False, 0
976,0, 430, False, 0
977,0, 430, False, 2
978,0, 430, False, 2
979,0, 430, False, 2
980,0, 430, False, 2
981,0, 430, False, 2
982,0, 430, False, 2
983,0, 430, False, 2
984,0, 430, False, 2
985,0, 430, False, 2
986,0, 430, False, 2
987,0, 430, False, 2
988,0, 430, False, 2
989,0, 430, False, 2
990,0, 430, False, 2
991,0, 430, False, 2
992,0, 430, False, 2
993,0, 430, False, 2
994,0, 430, False, 2
995,0, 430, False, 2
996,0, 430, False, 2
997,0, 430, False, 2
998,0, 430, False, 2
999,0, 430, False, 0
1000,0, 430, False, 0
1001,0, 430, False, 0
1002,0, 430, False, 0
1003,0, 430, False, 0
1004,0, 430, False, 0
1005,0, 430, False, 0
1006,0, 430, False, 0
1007,0, 430, False, 0
1008,0, 430, False, 0
1009,0, 430, False, 0
1010,0, 430, False, 0
1011,10, 440, False, 0
1012,0, 440, False, 0
1013,0, 440, False, 0
1014,0, 440, False, 0
1015,0, 440, False, 0
1016,0, 440, False, 0
1017,0, 440, False, 0
1018,0, 440, False, 0
1019,0, 440, False, 0
1020,0, 440, False, 0
1021,0, 440, False, 0
1022,0, 440, False, 0
1023,10, 450, False, 0
1024,0, 450, False, 0
1025,0, 450, False, 0
1026,0, 450, False, 0
1027,0, 450, False, 0
1028,0, 450, False, 0
1029,0, 450, False, 0
1030,0, 450, False, 0
1031,0, 450, False, 0
1032,0, 450, False, 0
1033,0, 450, False, 0
1034,0, 450, False, 0
1035,0, 450, False, 0
1036,0, 450, False, 0
1037,10, 460, False, 0
1038,0, 460, False, 0
1039,0, 460, False, 0
1040,0, 460, False, 0
1041,0, 460, False, 2
1042,0, 460, False, 2
1043,0, 460, False, 2
1044,0, 460, False, 2
1045,0, 460, False, 2
1046,0, 460, False, 2
1047,0, 460, False, 2
1048,0, 460, False, 2
1049,0, 460, False, 2
1050,0, 460, False, 2
1051,0, 460, False, 2
1052,0, 460, False, 2
1053,0, 460, False, 2
1054,0, 460, False, 2
1055,10, 470, False, 2
1056,0, 470, False, 2
1057,0, 470, False, 2
1058,0, 470, False, 2
1059,0, 470, False, 2
1060,0, 470, False, 2
1061,0, 470, False, 0
1062,0, 470, False, 0
1063,0, 470, False, 0
1064,0, 470, False, 0
1065,0, 470, False, 0
1066,0, 470, False, 0
1067,0, 470, False, 0
1068,0, 470, False, 0
1069,0, 470, False, 0
1070,0, 470, False, 0
1071,0, 470, False, 0
1072,0, 470, False, 0
1073,0, 470, False, 0
1074,0, 470, False, 0
1075,0, 470, False, 0
1076,0, 470, False, 0
1077,0, 470, False, 0
1078,0, 470, False, 0
1079,0, 470, False, 0
1080,0, 470, False, 0
1081,0, 470, False, 0
1082,0, 470, False, 0
1083,0, 470, False, 0
1084,0, 470, False, 0
1085,0, 470, False, 0
1086,0, 470, False, 0
1087,0, 470, False, 0
1088,0, 470, False, 0
1089,0, 470, False, 0
1090,0, 470, False, 0
1091,0, 470, False, 0
1092,0, 470, False, 0
1093,0, 470, False, 0
1094,0, 470, False, 0
1095,0, 470, False, 0
1096,0, 470, False, 0
1097,0, 470, False, 0
1098,0, 470, False, 0
1099,0, 470, False, 0
1100,0, 470, False, 0
1101,0, 470, False, 0
1102,0, 470, False, 0
1103,0, 470, False, 0
1104,0, 470, False, 0
1105,0, 470, False, 0
1106,0, 470, False, 0
1107,0, 470, False, 0
1108,0, 470, False, 0
1109,0, 470, False, 0
1110,0, 470, False, 0
1111,0, 470, False, 0
1112,0, 470, False, 0
1113,0, 470, False, 0
1114,0, 470, False, 0
1115,0, 470, False, 0
1116,0, 470, False, 0
1117,0, 470, False, 0
1118,0, 470, False, 0
1119,0, 470, False, 0
1120,0, 470, False, 0
1121,0, 470, False, 0
1122,0, 470, False, 0
1123,0, 470, False, 0
1124,0, 470, False, 0
1125,0, 470, False, 0
1126,0, 470, False, 0
1127,0, 470, False, 0
1128,0, 470, False, 0
1129,0, 470, False, 0
1130,0, 470, False, 0
1131,0, 470, False, 0
1132,0, 470, False, 0
1133,0, 470, False, 0
1134,0, 470, False, 0
1135,0, 470, False, 0
1136,0, 470, False, 0
1137,0, 470, False, 0
1138,0, 470, False, 0
1139,0, 470, False, 0
1140,0, 470, False, 0
1141,0, 470, False, 0
1142,0, 470, False, 0
1143,0, 470, False, 0
1144,0, 470, False, 0
1145,0, 470, False, 0
1146,0, 470, False, 0
1147,0, 470, False, 0
1148,0, 470, False, 0
1149,0, 470, False, 0
1150,0, 470, False, 0
1151,0, 470, False, 0
1152,0, 470, False, 0
1153,0, 470, False, 0
1154,0, 470, False, 0
1155,0, 470, False, 0
1156,0, 470, False, 0
1157,0, 470, False, 0
1158,0, 470, False, 0
1159,0, 470, False, 0
1160,0, 470, False, 0
1161,0, 470, False, 0
1162,0, 470, False, 0
1163,0, 470, False, 0
1164,0, 470, False, 0
1165,0, 470, False, 0
1166,0, 470, False, 0
1167,0, 470, False, 0
1168,0, 470, False, 0
1169,0, 470, False, 0
1170,0, 470, False, 0
1171,0, 470, False, 0
1172,0, 470, False, 0
1173,0, 470, False, 0
1174,0, 470, False, 0
1175,0, 470, False, 0
1176,0, 470, False, 0
1177,0, 470, False, 0
1178,0, 470, False, 0
1179,0, 470, False, 0
1180,0, 470, False, 0
1181,0, 470, False, 0
1182,0, 470, False, 0
1183,0, 470, False, 0
1184,0, 470, False, 0
1185,0, 470, False, 0
1186,0, 470, False, 0
1187,0, 470, False, 0
1188,0, 470, False, 0
1189,0, 470, False, 0
1190,0, 470, False, 0
1191,0, 470, False, 0
1192,0, 470, False, 0
1193,0, 470, False, 0
1194,0, 470, False, 0
1195,0, 470, False, 0
1196,0, 470, False, 0
1197,0, 470, False, 0
1198,0, 470, False, 0
1199,0, 470, False, 0
1200,0, 470, False, 0
1201,0, 470, False, 0
1202,0, 470, False, 0
1203,0, 470, False, 0
1204,0, 470, False, 0
1205,0, 470, False, 0
1206,0, 470, False, 0
1207,0, 470, False, 0
1208,0, 470, False, 0
1209,0, 470, False, 0
1210,0, 470, False, 0
1211,0, 470, False, 0
1212,0, 470, False, 0
1213,0, 470, False, 0
1214,0, 470, False, 0
1215,0, 470, False, 0
1216,0, 470, False, 0
1217,0, 470, False, 0
1218,0, 470, False, 0
1219,0, 470, False, 0
1220,0, 470, False, 0
1221,0, 470, False, 0
1222,0, 470, False, 0
1223,0, 470, False, 0
1224,0, 470, False, 0
1225,0, 470, False, 0
1226,0, 470, False, 0
1227,0, 470, False, 0
1228,0, 470, False, 0
1229,0, 470, False, 0
1230,0, 470, False, 0
1231,0, 470, False, 0
1232,0, 470, False, 0
1233,0, 470, False, 0
1234,0, 470, False, 4
1235,0, 470, False, 4
1236,0, 470, False, 4
1237,0, 470, False, 4
1238,0, 470, False, 4
1239,0, 470, False, 4
1240,0, 470, False, 4
1241,0, 470, False, 4
1242,0, 470, False, 4
1243,0, 470, False, 4
1244,0, 470, False, 0
1245,0, 470, False, 0
1246,0, 470, False, 0
1247,0, 470, False, 0
1248,0, 470, False, 0
1249,0, 470, False, 0
1250,0, 470, False, 0
1251,0, 470, False, 0
1252,0, 470, False, 0
1253,0, 470, False, 0
1254,0, 470, False, 0
1255,0, 470, False, 0
1256,0, 470, False, 0
1257,0, 470, False, 0
1258,0, 470, False, 0
1259,0, 470, False, 0
1260,0, 470, False, 0
1261,0, 470, False, 0
1262,0, 470, False, 0
1263,0, 470, False, 0
1264,0, 470, False, 0
1265,0, 470, False, 0
1266,0, 470, False, 0
1267,0, 470, False, 0
1268,0, 470, False, 0
1269,0, 470, False, 0
1270,0, 470, False, 0
1271,0, 470, False, 0
1272,0, 470, False, 0
1273,0, 470, False, 0
1274,0, 470, False, 0
1275,0, 470, False, 0
1276,0, 470, False, 0
1277,0, 470, False, 0
1278,0, 470, False, 0
1279,0, 470, False, 0
1280,0, 470, False, 0
1281,0, 470, False, 0
1282,0, 470, False, 0
1283,0, 470, False, 0
1284,0, 470, False, 0
1285,0, 470, False, 0
1286,0, 470, False, 0
1287,0, 470, False, 0
1288,0, 470, False, 2
1289,0, 470, False, 2
1290,0, 470, False, 2
1291,0, 470, False, 2
1292,0, 470, False, 2
1293,0, 470, False, 2
1294,0, 470, False, 2
1295,0, 470, False, 2
1296,0, 470, False, 2
1297,0, 470, False, 2
1298,0, 470, False, 2
1299,0, 470, False, 2
1300,0, 470, False, 2
1301,0, 470, False, 2
1302,0, 470, False, 2
1303,0, 470, False, 2
1304,0, 470, False, 2
1305,0, 470, False, 2
1306,0, 470, False, 2
1307,0, 470, False, 2
1308,0, 470, False, 0
1309,0, 470, False, 0
1310,0, 470, False, 0
1311,0, 470, False, 0
1312,0, 470, False, 0
1313,0, 470, False, 0
1314,0, 470, False, 0
1315,0, 470, False, 0
1316,0, 470, False, 0
1317,0, 470, False, 0
1318,0, 470, False, 0
1319,0, 470, False, 0
1320,0, 470, False, 0
1321,0, 470, False, 0
1322,0, 470, False, 0
1323,0, 470, False, 0
1324,0, 470, False, 0
1325,0, 470, False, 0
1326,0, 470, False, 0
1327,0, 470, False, 0
1328,0, 470, False, 0
1329,0, 470, False, 0
1330,0, 470, False, 0
1331,0, 470, False, 0
1332,0, 470, False, 0
1333,0, 470, False, 0
1334,0, 470, False, 0
1335,0, 470, False, 0
1336,0, 470, False, 0
1337,0, 470, False, 5
1338,0, 470, False, 5
1339,0, 470, False, 5
1340,0, 470, False, 5
1341,0, 470, False, 5
1342,0, 470, False, 5
1343,0, 470, False, 5
1344,0, 470, False, 5
1345,0, 470, False, 5
1346,0, 470, False, 5
1347,0, 470, False, 0
1348,0, 470, False, 0
1349,0, 470, False, 0
1350,0, 470, False, 0
1351,0, 470, False, 0
1352,0, 470, False, 0
1353,0, 470, False, 0
1354,0, 470, False, 0
1355,0, 470, False, 4
1356,0, 470, False, 4
1357,0, 470, False, 4
1358,0, 470, False, 4
1359,0, 470, False, 4
1360,0, 470, False, 4
1361,0, 470, False, 4
1362,0, 470, False, 4
1363,0, 470, False, 4
1364,0, 470, False, 4
1365,0, 470, False, 0
1366,0, 470, False, 0
1367,0, 470, False, 0
1368,0, 470, False, 0
1369,0, 470, False, 0
1370,0, 470, False, 0
1371,0, 470, False, 0
1372,0, 470, False, 0
1373,0, 470, False, 0
1374,0, 470, False, 0
1375,0, 470, False, 0
1376,0, 470, False, 0
1377,0, 470, False, 0
1378,0, 470, False, 0
1379,0, 470, False, 0
1380,0, 470, False, 0
1381,0, 470, False, 0
1382,0, 470, False, 0
1383,0, 470, False, 0
1384,0, 470, False, 0
1385,0, 470, False, 0
1386,0, 470, False, 0
1387,0, 470, False, 0
1388,0, 470, False, 0
1389,0, 470, False, 0
1390,0, 470, False, 0
1391,0, 470, False, 0
1392,0, 470, False, 0
1393,0, 470, False, 0
1394,0, 470, False, 0
1395,0, 470, False, 2
1396,0, 470, False, 2
1397,0, 470, False, 2
1398,0, 470, False, 2
1399,0, 470, False, 2
1400,0, 470, False, 2
1401,0, 470, False, 2
1402,0, 470, False, 2
1403,0, 470, False, 2
1404,0, 470, False, 2
1405,0, 470, False, 2
1406,0, 470, False, 2
1407,0, 470, False, 2
1408,0, 470, False, 0
1409,0, 470, False, 0
1410,0, 470, False, 0
1411,0, 470, False, 0
1412,0, 470, False, 0
1413,0, 470, False, 0
1414,0, 470, False, 0
1415,0, 470, False, 0
1416,0, 470, False, 3
1417,0, 470, False, 3
1418,0, 470, False, 3
1419,0, 470, False, 3
1420,0, 470, False, 3
1421,0, 470, False, 3
1422,0, 470, False, 0
1423,0, 470, False, 0
1424,0, 470, False, 0
1425,0, 470, False, 0
1426,0, 470, False, 0
1427,0, 470, False, 0
1428,0, 470, False, 0
1429,0, 470, False, 0
1430,0, 470, False, 0
1431,0, 470, False, 0
1432,0, 470, False, 0
1433,0, 470, False, 2
1434,0, 470, False, 2
1435,0, 470, False, 2
1436,0, 470, False, 2
1437,0, 470, False, 2
1438,0, 470, False, 2
1439,0, 470, False, 2
1440,0, 470, False, 2
1441,0, 470, False, 2
1442,0, 470, False, 2
1443,0, 470, False, 2
1444,0, 470, False, 2
1445,0, 470, False, 2
1446,0, 470, False, 2
1447,0, 470, False, 2
1448,0, 470, False, 2
1449,0, 470, False, 2
1450,0, 470, False, 2
1451,0, 470, False, 2
1452,0, 470, False, 2
1453,0, 470, False, 2
1454,0, 470, False, 2
1455,0, 470, False, 0
1456,0, 470, False, 0
1457,0, 470, False, 0
1458,0, 470, False, 0
1459,0, 470, False, 0
1460,0, 470, False, 0
1461,0, 470, False, 0
1462,0, 470, False, 0
1463,0, 470, False, 0
1464,0, 470, False, 4
1465,0, 470, False, 4
1466,0, 470, False, 4
1467,0, 470, False, 4
1468,0, 470, False, 4
1469,0, 470, False, 4
1470,0, 470, False, 4
1471,0, 470, False, 4
1472,0, 470, False, 4
1473,0, 470, False, 0
1474,0, 470, False, 0
1475,0, 470, False, 0
1476,0, 470, False, 0
1477,0, 470, False, 0
1478,0, 470, False, 0
1479,0, 470, False, 0
1480,0, 470, False, 0
1481,0, 470, False, 0
1482,0, 470, False, 0
1483,0, 470, False, 0
1484,0, 470, False, 0
1485,0, 470, False, 0
1486,0, 470, False, 0
1487,0, 470, False, 0
1488,0, 470, False, 0
1489,0, 470, False, 0
1490,0, 470, False, 0
1491,0, 470, False, 0
1492,0, 470, False, 5
1493,0, 470, False, 5
1494,0, 470, False, 5
1495,0, 470, False, 5
1496,0, 470, False, 5
1497,0, 470, False, 5
1498,0, 470, False, 5
1499,0, 470, False, 0
1500,0, 470, False, 0
1501,0, 470, False, 0
1502,0, 470, False, 0
1503,0, 470, False, 0
1504,0, 470, False, 0
1505,0, 470, False, 0
1506,0, 470, False, 0
1507,0, 470, False, 4
1508,0, 470, False, 4
1509,0, 470, False, 4
1510,0, 470, False, 4
1511,0, 470, False, 4
1512,0, 470, False, 4
1513,0, 470, False, 4
1514,0, 470, False, 4
1515,0, 470, False, 0
1516,0, 470, False, 0
1517,0, 470, False, 0
1518,0, 470, False, 0
1519,0, 470, False, 0
1520,0, 470, False, 0
1521,0, 470, False, 0
1522,0, 470, False, 0
1523,0, 470, False, 2
1524,0, 470, False, 2
1525,0, 470, False, 2
1526,0, 470, False, 2
1527,0, 470, False, 2
1528,0, 470, False, 2
1529,0, 470, False, 2
1530,0, 470, False, 2
1531,0, 470, False, 2
1532,0, 470, False, 2
1533,0, 470, False, 2
1534,0, 470, False, 2
1535,0, 470, False, 2
1536,0, 470, False, 2
1537,0, 470, False, 2
1538,0, 470, False, 0
1539,0, 470, False, 0
1540,0, 470, False, 0
1541,0, 470, False, 0
1542,0, 470, False, 0
1543,0, 470, False, 0
1544,0, 470, False, 0
1545,0, 470, False, 0
1546,0, 470, False, 0
1547,0, 470, False, 0
1548,0, 470, False, 0
1549,0, 470, False, 0
1550,0, 470, False, 0
1551,0, 470, False, 0
1552,0, 470, False, 0
1553,0, 470, False, 0
1554,0, 470, False, 0
1555,0, 470, False, 0
1556,0, 470, False, 0
1557,0, 470, False, 0
1558,0, 470, False, 0
1559,0, 470, False, 0
1560,0, 470, False, 0
1561,0, 470, False, 0
1562,0, 470, False, 0
1563,0, 470, False, 0
1564,0, 470, False, 0
1565,0, 470, False, 5
1566,0, 470, False, 5
1567,0, 470, False, 5
1568,0, 470, False, 5
1569,0, 470, False, 5
1570,0, 470, False, 5
1571,0, 470, False, 5
1572,0, 470, False, 5
1573,0, 470, False, 5
1574,0, 470, False, 5
1575,0, 470, False, 0
1576,0, 470, False, 0
1577,0, 470, False, 0
1578,0, 470, False, 0
1579,0, 470, False, 0
1580,0, 470, False, 0
1581,0, 470, False, 0
1582,0, 470, False, 0
1583,0, 470, False, 4
1584,0, 470, False, 4
1585,0, 470, False, 4
1586,0, 470, False, 4
1587,0, 470, False, 4
1588,0, 470, False, 4
1589,0, 470, False, 4
1590,0, 470, False, 0
1591,0, 470, False, 0
1592,0, 470, False, 0
1593,0, 470, False, 0
1594,0, 470, False, 0
1595,0, 470, False, 0
1596,0, 470, False, 0
1597,0, 470, False, 0
1598,0, 470, False, 2
1599,0, 470, False, 2
1600,0, 470, False, 2
1601,0, 470, False, 2
1602,0, 470, False, 2
1603,0, 470, False, 2
1604,0, 470, False, 2
1605,0, 470, False, 2
1606,0, 470, False, 2
1607,0, 470, False, 2
1608,0, 470, False, 2
1609,0, 470, False, 2
1610,0, 470, False, 2
1611,0, 470, False, 2
1612,0, 470, False, 2
1613,0, 470, False, 2
1614,0, 470, False, 2
1615,0, 470, False, 2
1616,0, 470, False, 2
1617,0, 470, False, 2
1618,0, 470, False, 0
1619,0, 470, False, 0
1620,0, 470, False, 0
1621,0, 470, False, 0
1622,0, 470, False, 0
1623,0, 470, False, 0
1624,0, 470, False, 0
1625,0, 470, False, 0
1626,0, 470, False, 0
1627,0, 470, False, 0
1628,0, 470, False, 0
1629,0, 470, False, 0
1630,0, 470, False, 0
1631,0, 470, False, 0
1632,0, 470, False, 0
1633,0, 470, False, 0
1634,0, 470, False, 0
1635,0, 470, False, 0
1636,0, 470, False, 0
1637,0, 470, False, 0
1638,0, 470, False, 0
1639,0, 470, False, 4
1640,0, 470, False, 4
1641,0, 470, False, 4
1642,0, 470, False, 4
1643,0, 470, False, 4
1644,0, 470, False, 4
1645,0, 470, False, 4
1646,0, 470, False, 0
1647,0, 470, False, 0
1648,0, 470, False, 0
1649,0, 470, False, 0
1650,0, 470, False, 0
1651,0, 470, False, 5
1652,0, 470, False, 5
1653,0, 470, False, 5
1654,0, 470, False, 5
1655,0, 470, False, 5
1656,0, 470, False, 5
1657,0, 470, False, 5
1658,0, 470, False, 5
1659,0, 470, False, 5
1660,0, 470, False, 5
1661,0, 470, False, 5
1662,0, 470, False, 5
1663,0, 470, False, 5
1664,0, 470, False, 5
1665,0, 470, False, 5
1666,0, 470, False, 5
1667,0, 470, False, 5
1668,0, 470, False, 5
1669,0, 470, False, 5
1670,0, 470, False, 5
1671,0, 470, False, 5
1672,0, 470, False, 5
1673,0, 470, False, 5
1674,0, 470, False, 5
1675,0, 470, False, 5
1676,0, 470, False, 5
1677,0, 470, False, 5
1678,0, 470, False, 5
1679,0, 470, False, 5
1680,0, 470, False, 5
1681,0, 470, False, 5
1682,0, 470, False, 5
1683,0, 470, False, 5
1684,0, 470, False, 5
1685,0, 470, False, 5
1686,0, 470, False, 5
1687,0, 470, False, 5
1688,0, 470, False, 5
1689,0, 470, False, 5
1690,0, 470, False, 5
1691,0, 470, False, 5
1692,0, 470, False, 5
1693,0, 470, False, 5
1694,0, 470, False, 5
1695,0, 470, False, 5
1696,0, 470, False, 5
1697,0, 470, False, 5
1698,0, 470, False, 5
1699,0, 470, False, 5
1700,0, 470, False, 5
1701,0, 470, False, 5
1702,0, 470, False, 5
1703,0, 470, False, 5
1704,0, 470, False, 5
1705,0, 470, False, 5
1706,0, 470, False, 5
1707,0, 470, False, 5
1708,0, 470, False, 0
1709,0, 470, False, 0
1710,0, 470, False, 3
1711,0, 470, False, 3
1712,0, 470, False, 3
1713,0, 470, False, 3
1714,0, 470, False, 3
1715,0, 470, False, 3
1716,0, 470, False, 3
1717,0, 470, False, 3
1718,0, 470, False, 3
1719,10, 480, False, 3
1720,0, 480, False, 3
1721,0, 480, False, 3
1722,0, 480, False, 3
1723,0, 480, False, 3
1724,0, 480, False, 3
1725,0, 480, False, 3
1726,0, 480, False, 3
1727,0, 480, False, 3
1728,0, 480, False, 3
1729,0, 480, False, 3
1730,0, 480, False, 3
1731,0, 480, False, 3
1732,0, 480, False, 3
1733,10, 490, False, 3
1734,0, 490, False, 3
1735,0, 490, False, 3
1736,0, 490, False, 3
1737,0, 490, False, 3
1738,0, 490, False, 3
1739,0, 490, False, 3
1740,0, 490, False, 0
1741,0, 490, False, 0
1742,0, 490, False, 0
1743,0, 490, False, 0
1744,0, 490, False, 0
1745,0, 490, False, 0
1746,0, 490, False, 0
1747,10, 500, False, 0
1748,0, 500, False, 0
1749,0, 500, False, 0
1750,0, 500, False, 0
1751,0, 500, False, 0
1752,0, 500, False, 0
1753,0, 500, False, 0
1754,0, 500, False, 0
1755,0, 500, False, 0
1756,0, 500, False, 0
1757,0, 500, False, 0
1758,0, 500, False, 0
1759,10, 510, False, 0
1760,0, 510, False, 0
1761,0, 510, False, 0
1762,0, 510, False, 0
1763,0, 510, False, 0
1764,0, 510, False, 0
1765,0, 510, False, 0
1766,0, 510, False, 0
1767,0, 510, False, 0
1768,0, 510, False, 0
1769,0, 510, False, 0
1770,0, 510, False, 0
1771,0, 510, False, 0
1772,0, 510, False, 0
1773,10, 520, False, 0
1774,0, 520, False, 0
1775,0, 520, False, 0
1776,0, 520, False, 0
1777,0, 520, False, 0
1778,0, 520, False, 0
1779,0, 520, False, 0
1780,0, 520, False, 0
1781,0, 520, False, 0
1782,0, 520, False, 0
1783,0, 520, False, 0
1784,0, 520, False, 0
1785,0, 520, False, 0
1786,0, 520, False, 0
1787,0, 520, False, 0
1788,0, 520, False, 0
1789,0, 520, False, 0
1790,0, 520, False, 0
1791,10, 530, False, 0
1792,0, 530, False, 0
1793,0, 530, False, 0
1794,0, 530, False, 0
1795,0, 530, False, 0
1796,0, 530, False, 0
1797,0, 530, False, 0
1798,0, 530, False, 0
1799,0, 530, False, 0
1800,0, 530, False, 0
1801,0, 530, False, 0
1802,0, 530, False, 0
1803,0, 530, False, 0
1804,0, 530, False, 0
1805,10, 540, False, 0
1806,0, 540, False, 0
1807,0, 540, False, 0
1808,0, 540, False, 0
1809,0, 540, False, 0
1810,0, 540, False, 0
1811,0, 540, False, 0
1812,0, 540, False, 0
1813,0, 540, False, 0
1814,0, 540, False, 0
1815,0, 540, False, 0
1816,0, 540, False, 0
1817,0, 540, False, 0
1818,0, 540, False, 0
1819,0, 540, False, 0
1820,0, 540, False, 0
1821,0, 540, False, 0
1822,0, 540, False, 0
1823,0, 540, False, 0
1824,0, 540, False, 0
1825,0, 540, False, 0
1826,0, 540, False, 0
1827,0, 540, False, 0
1828,0, 540, False, 0
1829,0, 540, False, 0
1830,0, 540, False, 0
1831,0, 540, False, 0
1832,0, 540, False, 0
1833,0, 540, False, 0
1834,0, 540, False, 0
1835,0, 540, False, 0
1836,0, 540, False, 0
1837,0, 540, False, 0
1838,0, 540, False, 0
1839,0, 540, False, 0
1840,0, 540, False, 0
1841,0, 540, False, 0
1842,0, 540, False, 0
1843,0, 540, False, 0
1844,0, 540, False, 0
1845,0, 540, False, 0
1846,0, 540, False, 0
1847,0, 540, False, 0
1848,0, 540, False, 0
1849,0, 540, False, 0
1850,0, 540, False, 0
1851,0, 540, False, 0
1852,0, 540, False, 0
1853,0, 540, False, 0
1854,0, 540, False, 0
1855,0, 540, False, 0
1856,0, 540, False, 0
1857,0, 540, False, 0
1858,0, 540, False, 0
1859,0, 540, False, 0
1860,0, 540, False, 0
1861,0, 540, False, 0
1862,0, 540, False, 0
1863,0, 540, False, 0
1864,0, 540, False, 0
1865,0, 540, False, 0
1866,0, 540, False, 0
1867,0, 540, False, 0
1868,0, 540, False, 0
1869,0, 540, False, 0
1870,0, 540, False, 0
1871,0, 540, False, 0
1872,0, 540, False, 0
1873,0, 540, False, 0
1874,0, 540, False, 0
1875,0, 540, False, 0
1876,0, 540, False, 0
1877,0, 540, False, 0
1878,0, 540, False, 0
1879,0, 540, False, 0
1880,0, 540, False, 0
1881,0, 540, False, 0
1882,0, 540, False, 0
1883,0, 540, False, 0
1884,0, 540, False, 0
1885,0, 540, False, 0
1886,0, 540, False, 0
1887,0, 540, False, 0
1888,0, 540, False, 0
1889,0, 540, False, 0
1890,0, 540, False, 0
1891,0, 540, False, 0
1892,0, 540, False, 0
1893,0, 540, False, 0
1894,0, 540, False, 0
1895,0, 540, False, 0
1896,0, 540, False, 0
1897,0, 540, False, 0
1898,0, 540, False, 0
1899,0, 540, False, 0
1900,0, 540, False, 0
1901,0, 540, False, 0
1902,0, 540, False, 0
1903,0, 540, False, 0
1904,0, 540, False, 0
1905,0, 540, False, 0
1906,0, 540, False, 0
1907,0, 540, False, 0
1908,0, 540, False, 0
1909,0, 540, False, 0
1910,0, 540, False, 0
1911,0, 540, False, 0
1912,0, 540, False, 0
1913,0, 540, False, 0
1914,0, 540, False, 0
1915,0, 540, False, 0
1916,0, 540, False, 0
1917,0, 540, False, 0
1918,0, 540, False, 0
1919,0, 540, False, 0
1920,0, 540, False, 0
1921,0, 540, False, 0
1922,0, 540, False, 0
1923,0, 540, False, 0
1924,0, 540, False, 0
1925,0, 540, False, 0
1926,0, 540, False, 0
1927,0, 540, False, 0
1928,0, 540, False, 0
1929,0, 540, False, 0
1930,0, 540, False, 0
1931,0, 540, False, 0
1932,0, 540, False, 0
1933,0, 540, False, 0
1934,0, 540, False, 0
1935,0, 540, False, 0
1936,0, 540, False, 0
1937,0, 540, False, 0
1938,0, 540, False, 0
1939,0, 540, False, 0
1940,0, 540, False, 0
1941,0, 540, False, 0
1942,0, 540, False, 0
1943,0, 540, False, 0
1944,0, 540, False, 0
1945,0, 540, False, 0
1946,0, 540, False, 0
1947,0, 540, False, 0
1948,0, 540, False, 0
1949,0, 540, False, 0
1950,0, 540, False, 0
1951,0, 540, False, 0
1952,0, 540, False, 0
1953,0, 540, False, 0
1954,0, 540, False, 0
1955,0, 540, False, 0
1956,0, 540, False, 0
1957,0, 540, False, 0
1958,0, 540, False, 0
1959,0, 540, False, 0
1960,0, 540, False, 0
1961,0, 540, False, 0
1962,0, 540, False, 0
1963,0, 540, False, 0
1964,0, 540, False, 0
1965,0, 540, False, 3
1966,0, 540, False, 3
1967,0, 540, False, 3
1968,0, 540, False, 3
1969,0, 540, False, 3
1970,0, 540, False, 3
1971,0, 540, False, 3
1972,0, 540, False, 3
1973,0, 540, False, 3
1974,0, 540, False, 0
1975,0, 540, False, 0
1976,0, 540, False, 0
1977,0, 540, False, 0
1978,0, 540, False, 0
1979,0, 540, False, 0
1980,0, 540, False, 0
1981,0, 540, False, 0
1982,0, 540, False, 0
1983,0, 540, False, 0
1984,0, 540, False, 0
1985,0, 540, False, 0
1986,0, 540, False, 0
1987,0, 540, False, 0
1988,0, 540, False, 0
1989,0, 540, False, 0
1990,0, 540, False, 0
1991,0, 540, False, 0
1992,0, 540, False, 0
1993,0, 540, False, 0
1994,0, 540, False, 0
1995,0, 540, False, 0
1996,0, 540, False, 0
1997,0, 540, False, 0
1998,0, 540, False, 0
1999,0, 540, False, 0
2000,0, 540, False, 0
2001,0, 540, False, 0
2002,0, 540, False, 0
2003,0, 540, False, 0
2004,0, 540, False, 0
2005,0, 540, False, 0
2006,0, 540, False, 0
2007,0, 540, False, 0
2008,0, 540, False, 3
2009,0, 540, False, 3
2010,0, 540, False, 3
2011,0, 540, False, 3
2012,0, 540, False, 3
2013,0, 540, False, 3
2014,0, 540, False, 3
2015,0, 540, False, 3
2016,0, 540, False, 3
2017,0, 540, False, 0
2018,0, 540, False, 0
2019,0, 540, False, 0
2020,0, 540, False, 0
2021,0, 540, False, 0
2022,0, 540, False, 0
2023,0, 540, False, 0
2024,0, 540, False, 0
2025,0, 540, False, 0
2026,0, 540, False, 0
2027,0, 540, False, 0
2028,0, 540, False, 0
2029,0, 540, False, 0
2030,0, 540, False, 0
2031,0, 540, False, 0
2032,0, 540, False, 0
2033,0, 540, False, 0
2034,0, 540, False, 0
2035,0, 540, False, 0
2036,0, 540, False, 0
2037,0, 540, False, 0
2038,0, 540, False, 5
2039,0, 540, False, 5
2040,0, 540, False, 5
2041,0, 540, False, 5
2042,0, 540, False, 5
2043,0, 540, False, 5
2044,0, 540, False, 5
2045,0, 540, False, 5
2046,0, 540, False, 5
2047,0, 540, False, 5
2048,0, 540, False, 5
2049,0, 540, False, 5
2050,0, 540, False, 0
2051,10, 550, False, 0
2052,0, 550, False, 0
2053,0, 550, False, 0
2054,0, 550, False, 0
2055,0, 550, False, 0
2056,0, 550, False, 0
2057,0, 550, False, 0
2058,0, 550, False, 0
2059,0, 550, False, 0
2060,0, 550, False, 0
2061,0, 550, False, 0
2062,0, 550, False, 0
2063,0, 550, False, 0
2064,0, 550, False, 0
2065,10, 560, False, 0
2066,0, 560, False, 0
2067,0, 560, False, 0
2068,0, 560, False, 0
2069,0, 560, False, 0
2070,0, 560, False, 0
2071,0, 560, False, 0
2072,0, 560, False, 0
2073,0, 560, False, 0
2074,0, 560, False, 0
2075,0, 560, False, 0
2076,0, 560, False, 0
2077,0, 560, False, 0
2078,0, 560, False, 0
2079,10, 570, False, 0
2080,0, 570, False, 0
2081,0, 570, False, 0
2082,0, 570, False, 0
2083,0, 570, False, 0
2084,0, 570, False, 0
2085,0, 570, False, 0
2086,0, 570, False, 0
2087,0, 570, False, 0
2088,0, 570, False, 0
2089,0, 570, False, 0
2090,0, 570, False, 0
2091,0, 570, False, 0
2092,0, 570, False, 0
2093,0, 570, False, 0
2094,0, 570, False, 0
2095,0, 570, False, 0
2096,0, 570, False, 0
2097,0, 570, False, 0
2098,0, 570, False, 0
2099,0, 570, False, 0
2100,0, 570, False, 0
2101,0, 570, False, 0
2102,0, 570, False, 0
2103,0, 570, False, 0
2104,0, 570, False, 5
2105,0, 570, False, 5
2106,0, 570, False, 5
2107,0, 570, False, 5
2108,0, 570, False, 5
2109,0, 570, False, 5
2110,0, 570, False, 5
2111,10, 580, False, 5
2112,0, 580, False, 5
2113,0, 580, False, 5
2114,0, 580, False, 5
2115,0, 580, False, 5
2116,0, 580, False, 0
2117,0, 580, False, 0
2118,0, 580, False, 0
2119,0, 580, False, 0
2120,0, 580, False, 0
2121,0, 580, False, 0
2122,0, 580, False, 0
2123,0, 580, False, 0
2124,0, 580, False, 0
2125,10, 590, False, 0
2126,0, 590, False, 0
2127,0, 590, False, 0
2128,0, 590, False, 0
2129,0, 590, False, 0
2130,0, 590, False, 0
2131,0, 590, False, 0
2132,0, 590, False, 0
2133,0, 590, False, 0
2134,0, 590, False, 0
2135,0, 590, False, 0
2136,0, 590, False, 0
2137,0, 590, False, 0
2138,0, 590, False, 0
2139,10, 600, False, 0
2140,0, 600, False, 0
2141,0, 600, False, 0
2142,0, 600, False, 0
2143,0, 600, False, 0
2144,0, 600, False, 0
2145,0, 600, False, 0
2146,0, 600, False, 0
2147,0, 600, False, 0
2148,0, 600, False, 0
2149,0, 600, False, 0
2150,0, 600, False, 0
2151,0, 600, False, 0
2152,0, 600, False, 0
2153,10, 610, False, 0
2154,0, 610, False, 0
2155,0, 610, False, 0
2156,0, 610, False, 0
2157,0, 610, False, 0
2158,0, 610, False, 0
2159,0, 610, False, 0
2160,0, 610, False, 0
2161,0, 610, False, 0
2162,0, 610, False, 0
2163,0, 610, False, 0
2164,0, 610, False, 0
2165,0, 610, False, 0
2166,0, 610, False, 0
2167,10, 620, False, 0
2168,0, 620, False, 0
2169,0, 620, False, 0
2170,0, 620, False, 3
2171,0, 620, False, 3
2172,0, 620, False, 3
2173,0, 620, False, 3
2174,0, 620, False, 3
2175,0, 620, False, 3
2176,0, 620, False, 3
2177,0, 620, False, 3
2178,0, 620, False, 3
2179,0, 620, False, 3
2180,0, 620, False, 3
2181,10, 630, False, 3
2182,0, 630, False, 3
2183,0, 630, False, 3
2184,0, 630, False, 3
2185,0, 630, False, 3
2186,0, 630, False, 3
2187,0, 630, False, 3
2188,0, 630, False, 3
2189,0, 630, False, 3
2190,0, 630, False, 3
2191,0, 630, False, 3
2192,0, 630, False, 3
2193,0, 630, False, 3
2194,0, 630, False, 3
2195,10, 640, False, 3
2196,0, 640, False, 3
2197,0, 640, False, 3
2198,0, 640, False, 3
2199,0, 640, False, 3
2200,0, 640, False, 0
2201,0, 640, False, 0
2202,0, 640, False, 0
2203,0, 640, False, 0
2204,0, 640, False, 0
2205,0, 640, False, 0
2206,0, 640, False, 0
2207,10, 650, False, 0
2208,0, 650, False, 0
2209,0, 650, False, 0
2210,0, 650, False, 0
2211,0, 650, False, 0
2212,0, 650, False, 0
2213,0, 650, False, 2
2214,0, 650, False, 2
2215,0, 650, False, 2
2216,0, 650, False, 2
2217,0, 650, False, 2
2218,0, 650, False, 2
2219,0, 650, False, 2
2220,0, 650, False, 2
2221,0, 650, False, 2
2222,0, 650, False, 2
2223,0, 650, False, 2
2224,0, 650, False, 2
2225,0, 650, False, 2
2226,0, 650, False, 2
2227,0, 650, False, 2
2228,0, 650, False, 2
2229,50, 700, False, 2
2230,0, 700, False, 2
2231,0, 700, False, 2
2232,0, 700, False, 0
2233,0, 700, False, 0
2234,0, 700, False, 0
2235,0, 700, False, 0
2236,0, 700, False, 0
2237,0, 700, False, 0
2238,0, 700, False, 0
2239,10, 710, False, 0
2240,0, 710, False, 0
2241,0, 710, False, 0
2242,0, 710, False, 0
2243,0, 710, False, 0
2244,0, 710, False, 0
2245,0, 710, False, 0
2246,0, 710, False, 0
2247,0, 710, False, 0
2248,0, 710, False, 0
2249,0, 710, False, 0
2250,0, 710, False, 0
2251,0, 710, False, 0
2252,0, 710, False, 0
2253,10, 720, False, 0
2254,0, 720, False, 0
2255,0, 720, False, 0
2256,0, 720, False, 0
2257,0, 720, False, 0
2258,0, 720, False, 0
2259,0, 720, False, 0
2260,0, 720, False, 0
2261,0, 720, False, 0
2262,0, 720, False, 0
2263,0, 720, False, 0
2264,0, 720, False, 0
2265,0, 720, False, 0
2266,0, 720, False, 0
2267,0, 720, False, 0
2268,0, 720, False, 0
2269,0, 720, False, 0
2270,0, 720, False, 0
2271,0, 720, False, 0
2272,0, 720, False, 0
2273,0, 720, False, 0
2274,0, 720, False, 4
2275,0, 720, False, 4
2276,0, 720, False, 4
2277,0, 720, False, 4
2278,0, 720, False, 4
2279,0, 720, False, 4
2280,0, 720, False, 4
2281,0, 720, False, 4
2282,0, 720, False, 4
2283,10, 730, False, 4
2284,0, 730, False, 4
2285,0, 730, False, 0
2286,0, 730, False, 0
2287,0, 730, False, 0
2288,0, 730, False, 0
2289,0, 730, False, 0
2290,0, 730, False, 0
2291,0, 730, False, 0
2292,0, 730, False, 0
2293,0, 730, False, 0
2294,0, 730, False, 0
2295,10, 740, False, 0
2296,0, 740, False, 0
2297,0, 740, False, 0
2298,0, 740, False, 0
2299,0, 740, False, 0
2300,0, 740, False, 0
2301,0, 740, False, 0
2302,0, 740, False, 0
2303,0, 740, False, 0
2304,0, 740, False, 3
2305,0, 740, False, 3
2306,0, 740, False, 3
2307,0, 740, False, 3
2308,0, 740, False, 3
2309,0, 740, False, 3
2310,0, 740, False, 3
2311,0, 740, False, 3
2312,0, 740, False, 3
2313,0, 740, False, 0
2314,0, 740, False, 0
2315,0, 740, False, 0
2316,0, 740, False, 0
2317,0, 740, False, 0
2318,0, 740, False, 0
2319,0, 740, False, 0
2320,0, 740, False, 0
2321,0, 740, False, 0
2322,0, 740, False, 0
2323,0, 740, False, 0
2324,0, 740, False, 0
2325,0, 740, False, 0
2326,0, 740, False, 0
2327,0, 740, False, 0
2328,0, 740, False, 0
2329,0, 740, False, 0
2330,0, 740, False, 0
2331,0, 740, False, 0
2332,0, 740, False, 0
2333,0, 740, False, 0
2334,0, 740, False, 0
2335,0, 740, False, 0
2336,0, 740, False, 0
2337,0, 740, False, 0
2338,0, 740, False, 0
2339,0, 740, False, 0
2340,0, 740, False, 0
2341,0, 740, False, 0
2342,0, 740, False, 0
2343,0, 740, False, 0
2344,0, 740, False, 0
2345,0, 740, False, 0
2346,0, 740, False, 2
2347,0, 740, False, 2
2348,0, 740, False, 2
2349,0, 740, False, 2
2350,0, 740, False, 2
2351,0, 740, False, 2
2352,0, 740, False, 2
2353,0, 740, False, 2
2354,0, 740, False, 2
2355,0, 740, False, 2
2356,0, 740, False, 2
2357,0, 740, False, 0
2358,0, 740, False, 0
2359,0, 740, False, 0
2360,0, 740, False, 0
2361,0, 740, False, 0
2362,0, 740, False, 0
2363,0, 740, False, 0
2364,0, 740, False, 0
2365,0, 740, False, 0
2366,0, 740, False, 0
2367,0, 740, False, 4
2368,0, 740, False, 4
2369,0, 740, False, 4
2370,0, 740, False, 4
2371,0, 740, False, 4
2372,0, 740, False, 4
2373,0, 740, False, 4
2374,0, 740, False, 0
2375,0, 740, False, 0
2376,0, 740, False, 0
2377,0, 740, False, 0
2378,0, 740, False, 0
2379,0, 740, False, 0
2380,0, 740, False, 0
2381,0, 740, False, 0
2382,0, 740, False, 0
2383,0, 740, False, 0
2384,0, 740, False, 2
2385,0, 740, False, 2
2386,0, 740, False, 2
2387,0, 740, False, 2
2388,0, 740, False, 2
2389,0, 740, False, 2
2390,0, 740, False, 2
2391,0, 740, False, 2
2392,0, 740, False, 2
2393,0, 740, False, 2
2394,0, 740, False, 2
2395,0, 740, False, 2
2396,0, 740, False, 2
2397,0, 740, False, 2
2398,0, 740, False, 2
2399,0, 740, False, 2
2400,0, 740, False, 2
2401,0, 740, False, 2
2402,0, 740, False, 2
2403,0, 740, False, 2
2404,0, 740, False, 2
2405,0, 740, False, 2
2406,0, 740, False, 2
2407,0, 740, False, 2
2408,0, 740, False, 2
2409,0, 740, False, 2
2410,0, 740, False, 0
2411,0, 740, False, 0
2412,0, 740, False, 0
2413,0, 740, False, 0
2414,0, 740, False, 0
2415,0, 740, False, 0
2416,0, 740, False, 0
2417,0, 740, False, 0
2418,0, 740, False, 0
2419,0, 740, False, 0
2420,0, 740, False, 0
2421,0, 740, False, 0
2422,0, 740, False, 0
2423,0, 740, False, 0
2424,0, 740, False, 0
2425,0, 740, False, 0
2426,0, 740, False, 0
2427,0, 740, False, 0
2428,0, 740, False, 0
2429,0, 740, False, 0
2430,0, 740, False, 0
2431,0, 740, False, 0
2432,0, 740, False, 0
2433,0, 740, False, 0
2434,0, 740, False, 0
2435,0, 740, False, 0
2436,0, 740, False, 0
2437,0, 740, False, 0
2438,0, 740, False, 0
2439,0, 740, False, 0
2440,0, 740, False, 0
2441,0, 740, False, 0
2442,0, 740, False, 0
2443,0, 740, False, 4
2444,0, 740, False, 4
2445,0, 740, False, 4
2446,0, 740, False, 4
2447,0, 740, False, 4
2448,0, 740, False, 4
2449,0, 740, False, 4
2450,0, 740, False, 4
2451,200, 940, False, 4
2452,0, 940, False, 4
2453,0, 940, False, 4
2454,0, 940, False, 4
2455,0, 940, False, 4
2456,0, 940, False, 0
2457,0, 940, False, 0
2458,0, 940, False, 0
2459,0, 940, False, 0
2460,0, 940, False, 0
2461,0, 940, False, 0
2462,0, 940, False, 0
2463,0, 940, False, 0
2464,0, 940, False, 0
2465,0, 940, False, 0
2466,0, 940, False, 0
2467,0, 940, False, 0
2468,0, 940, False, 0
2469,0, 940, False, 0
2470,0, 940, False, 0
2471,0, 940, False, 0
2472,0, 940, False, 0
2473,0, 940, False, 0
2474,0, 940, False, 0
2475,0, 940, False, 0
2476,0, 940, False, 0
2477,0, 940, False, 0
2478,0, 940, False, 0
2479,0, 940, False, 0
2480,0, 940, False, 0
2481,0, 940, False, 0
2482,0, 940, False, 0
2483,0, 940, False, 0
2484,0, 940, False, 0
2485,0, 940, False, 0
2486,0, 940, False, 0
2487,0, 940, False, 0
2488,0, 940, False, 0
2489,0, 940, False, 0
2490,0, 940, False, 0
2491,0, 940, False, 0
2492,0, 940, False, 0
2493,0, 940, False, 0
2494,0, 940, False, 0
2495,0, 940, False, 0
2496,0, 940, False, 0
2497,0, 940, False, 0
2498,0, 940, False, 0
2499,0, 940, False, 0
2500,0, 940, False, 0
2501,0, 940, False, 0
2502,0, 940, False, 0
2503,0, 940, False, 0
2504,0, 940, False, 0
2505,0, 940, False, 0
2506,0, 940, False, 0
2507,0, 940, False, 0
2508,0, 940, False, 0
2509,0, 940, False, 0
2510,0, 940, False, 0
2511,0, 940, False, 0
2512,0, 940, False, 0
2513,0, 940, False, 0
2514,0, 940, False, 0
2515,0, 940, False, 0
2516,0, 940, False, 0
2517,0, 940, False, 0
2518,0, 940, False, 5
2519,0, 940, False, 0
2520,0, 940, False, 0
2521,0, 940, False, 0
2522,0, 940, False, 0
2523,0, 940, False, 0
2524,0, 940, False, 0
2525,0, 940, False, 0
2526,0, 940, False, 0
2527,0, 940, False, 0
2528,0, 940, False, 0
2529,0, 940, False, 0
2530,0, 940, False, 0
2531,0, 940, False, 0
2532,0, 940, False, 0
2533,0, 940, False, 0
2534,0, 940, False, 0
2535,0, 940, False, 0
2536,0, 940, False, 0
2537,0, 940, False, 0
2538,0, 940, False, 0
2539,0, 940, False, 0
2540,0, 940, False, 0
2541,0, 940, False, 0
2542,0, 940, False, 0
2543,0, 940, False, 0
2544,0, 940, False, 0
2545,0, 940, False, 0
2546,0, 940, False, 0
2547,0, 940, False, 0
2548,0, 940, False, 0
2549,0, 940, False, 0
2550,0, 940, False, 0
2551,0, 940, False, 0
2552,0, 940, False, 0
2553,0, 940, False, 0
2554,0, 940, False, 0
2555,0, 940, False, 0
2556,0, 940, False, 0
2557,0, 940, False, 0
2558,0, 940, False, 0
2559,0, 940, False, 0
2560,0, 940, False, 0
2561,0, 940, False, 0
2562,0, 940, False, 0
2563,0, 940, False, 0
2564,0, 940, False, 0
2565,0, 940, False, 0
2566,0, 940, False, 0
2567,0, 940, False, 0
2568,0, 940, False, 0
2569,0, 940, False, 0
2570,0, 940, False, 0
2571,0, 940, False, 0
2572,0, 940, False, 0
2573,0, 940, False, 0
2574,0, 940, False, 0
2575,0, 940, False, 0
2576,0, 940, False, 0
2577,0, 940, False, 0
2578,0, 940, False, 0
2579,0, 940, False, 0
2580,0, 940, False, 0
2581,0, 940, False, 0
2582,0, 940, False, 0
2583,0, 940, False, 0
2584,0, 940, False, 0
2585,0, 940, False, 0
2586,0, 940, False, 0
2587,0, 940, False, 0
2588,0, 940, False, 0
2589,0, 940, False, 0
2590,0, 940, False, 0
2591,0, 940, False, 0
2592,0, 940, False, 0
2593,0, 940, False, 0
2594,0, 940, False, 0
2595,0, 940, False, 0
2596,0, 940, False, 0
2597,0, 940, False, 0
2598,0, 940, False, 0
2599,0, 940, False, 0
2600,0, 940, False, 0
2601,0, 940, False, 0
2602,0, 940, False, 0
2603,0, 940, False, 0
2604,0, 940, False, 0
2605,0, 940, False, 0
2606,0, 940, False, 0
2607,0, 940, False, 0
2608,0, 940, False, 0
2609,0, 940, False, 0
2610,0, 940, False, 0
2611,0, 940, False, 0
2612,0, 940, False, 0
2613,0, 940, False, 0
2614,0, 940, False, 0
2615,0, 940, False, 0
2616,0, 940, False, 0
2617,0, 940, False, 0
2618,0, 940, False, 0
2619,0, 940, False, 0
2620,0, 940, False, 0
2621,0, 940, False, 0
2622,0, 940, False, 0
2623,0, 940, False, 0
2624,0, 940, False, 0
2625,0, 940, False, 5
2626,0, 940, False, 5
2627,0, 940, False, 5
2628,0, 940, False, 5
2629,0, 940, False, 5
2630,0, 940, False, 5
2631,0, 940, False, 5
2632,0, 940, False, 5
2633,0, 940, False, 5
2634,0, 940, False, 5
2635,0, 940, False, 5
2636,0, 940, False, 5
2637,0, 940, False, 5
2638,0, 940, False, 5
2639,0, 940, False, 5
2640,0, 940, False, 5
2641,0, 940, False, 5
2642,0, 940, False, 5
2643,0, 940, False, 5
2644,0, 940, False, 5
2645,0, 940, False, 5
2646,0, 940, False, 5
2647,0, 940, False, 5
2648,0, 940, False, 5
2649,0, 940, False, 5
2650,0, 940, False, 5
2651,0, 940, False, 5
2652,0, 940, False, 5
2653,0, 940, False, 5
2654,0, 940, False, 5
2655,0, 940, False, 5
2656,0, 940, False, 5
2657,0, 940, False, 5
2658,0, 940, False, 5
2659,0, 940, False, 5
2660,0, 940, False, 5
2661,0, 940, False, 5
2662,0, 940, False, 5
2663,0, 940, False, 0
2664,0, 940, False, 0
2665,0, 940, False, 0
2666,0, 940, False, 0
2667,0, 940, False, 0
2668,0, 940, False, 0
2669,0, 940, False, 0
2670,0, 940, False, 0
2671,0, 940, False, 4
2672,0, 940, False, 4
2673,0, 940, False, 4
2674,0, 940, False, 4
2675,0, 940, False, 4
2676,0, 940, False, 0
2677,0, 940, False, 0
2678,0, 940, False, 0
2679,0, 940, False, 0
2680,0, 940, False, 0
2681,0, 940, False, 0
2682,0, 940, False, 0
2683,0, 940, False, 0
2684,0, 940, False, 4
2685,0, 940, False, 4
2686,0, 940, False, 4
2687,0, 940, False, 4
2688,0, 940, False, 4
2689,0, 940, False, 4
2690,0, 940, False, 4
2691,0, 940, False, 4
2692,0, 940, False, 4
2693,0, 940, False, 4
2694,0, 940, False, 4
2695,0, 940, False, 4
2696,0, 940, False, 4
2697,0, 940, False, 4
2698,0, 940, False, 4
2699,0, 940, False, 4
2700,0, 940, False, 4
2701,0, 940, False, 4
2702,0, 940, False, 4
2703,0, 940, False, 4
2704,0, 940, False, 4
2705,0, 940, False, 4
2706,0, 940, False, 4
2707,0, 940, False, 4
2708,0, 940, False, 4
2709,0, 940, False, 4
2710,0, 940, False, 4
2711,0, 940, False, 4
2712,0, 940, False, 0
2713,0, 940, False, 0
2714,0, 940, False, 2
2715,0, 940, False, 2
2716,0, 940, False, 2
2717,0, 940, False, 2
2718,0, 940, False, 2
2719,0, 940, False, 2
2720,0, 940, False, 2
2721,0, 940, False, 2
2722,0, 940, False, 2
2723,0, 940, False, 2
2724,0, 940, False, 2
2725,0, 940, False, 2
2726,0, 940, False, 2
2727,0, 940, False, 2
2728,0, 940, False, 2
2729,0, 940, False, 2
2730,0, 940, False, 2
2731,0, 940, False, 2
2732,0, 940, False, 2
2733,400, 1340, False, 2
2734,0, 1340, False, 2
2735,0, 1340, False, 2
2736,0, 1340, False, 2
2737,0, 1340, False, 2
2738,0, 1340, False, 2
2739,0, 1340, False, 2
2740,0, 1340, False, 2
2741,0, 1340, False, 2
2742,0, 1340, False, 2
2743,0, 1340, False, 2
2744,0, 1340, False, 2
2745,0, 1340, False, 2
2746,0, 1340, False, 2
2747,0, 1340, False, 2
2748,0, 1340, False, 2
2749,0, 1340, False, 2
2750,0, 1340, False, 2
2751,0, 1340, False, 2
2752,0, 1340, False, 2
2753,0, 1340, False, 2
2754,0, 1340, False, 2
2755,0, 1340, False, 2
2756,0, 1340, False, 2
2757,0, 1340, False, 2
2758,0, 1340, False, 2
2759,0, 1340, False, 2
2760,0, 1340, False, 2
2761,0, 1340, False, 2
2762,0, 1340, False, 2
2763,0, 1340, False, 2
2764,0, 1340, False, 2
2765,0, 1340, False, 2
2766,0, 1340, False, 2
2767,0, 1340, False, 2
2768,0, 1340, False, 2
2769,0, 1340, False, 2
2770,0, 1340, False, 2
2771,0, 1340, False, 2
2772,0, 1340, False, 2
2773,0, 1340, False, 2
2774,0, 1340, False, 2
2775,0, 1340, False, 2
2776,0, 1340, False, 2
2777,0, 1340, False, 2
2778,0, 1340, False, 2
2779,0, 1340, False, 2
2780,0, 1340, False, 2
2781,0, 1340, False, 2
2782,0, 1340, False, 2
2783,0, 1340, False, 2
2784,0, 1340, False, 2
2785,0, 1340, False, 0
2786,0, 1340, False, 0
2787,0, 1340, False, 0
2788,0, 1340, False, 3
2789,0, 1340, False, 3
2790,0, 1340, False, 3
2791,0, 1340, False, 3
2792,0, 1340, False, 3
2793,0, 1340, False, 3
2794,0, 1340, False, 3
2795,0, 1340, False, 3
2796,0, 1340, False, 3
2797,0, 1340, False, 3
2798,0, 1340, False, 3
2799,0, 1340, False, 0
2800,0, 1340, False, 0
2801,0, 1340, False, 0
2802,0, 1340, False, 0
2803,0, 1340, False, 0
2804,0, 1340, False, 0
2805,0, 1340, False, 0
2806,0, 1340, False, 0
2807,0, 1340, False, 0
2808,0, 1340, False, 0
2809,0, 1340, False, 2
2810,0, 1340, False, 2
2811,0, 1340, False, 2
2812,0, 1340, False, 2
2813,0, 1340, False, 0
2814,0, 1340, False, 0
2815,0, 1340, False, 0
2816,0, 1340, False, 0
2817,0, 1340, False, 4
2818,0, 1340, False, 4
2819,0, 1340, False, 4
2820,0, 1340, False, 4
2821,0, 1340, False, 4
2822,0, 1340, False, 4
2823,0, 1340, False, 4
2824,0, 1340, False, 4
2825,0, 1340, False, 4
2826,0, 1340, False, 4
2827,0, 1340, False, 4
2828,0, 1340, False, 4
2829,0, 1340, False, 4
2830,0, 1340, False, 4
2831,0, 1340, False, 4
2832,0, 1340, False, 4
2833,0, 1340, False, 0
2834,0, 1340, False, 0
2835,0, 1340, False, 0
2836,0, 1340, False, 0
2837,0, 1340, False, 0
2838,0, 1340, False, 0
2839,0, 1340, False, 0
2840,0, 1340, False, 0
2841,0, 1340, False, 0
2842,0, 1340, False, 0
2843,0, 1340, False, 0
2844,0, 1340, False, 0
2845,0, 1340, False, 0
2846,0, 1340, False, 0
2847,0, 1340, False, 0
2848,0, 1340, False, 0
2849,0, 1340, False, 0
2850,0, 1340, False, 0
2851,0, 1340, False, 0
2852,0, 1340, False, 0
2853,0, 1340, False, 0
2854,0, 1340, False, 2
2855,0, 1340, False, 2
2856,0, 1340, False, 2
2857,0, 1340, False, 2
2858,0, 1340, False, 2
2859,0, 1340, False, 2
2860,0, 1340, False, 2
2861,0, 1340, False, 2
2862,0, 1340, False, 2
2863,0, 1340, False, 2
2864,0, 1340, False, 2
2865,0, 1340, False, 2
2866,0, 1340, False, 2
2867,0, 1340, False, 2
2868,0, 1340, False, 2
2869,0, 1340, False, 2
2870,0, 1340, False, 2
2871,0, 1340, False, 2
2872,0, 1340, False, 2
2873,0, 1340, False, 2
2874,0, 1340, False, 0
2875,0, 1340, False, 0
2876,0, 1340, False, 0
2877,0, 1340, False, 0
2878,0, 1340, False, 0
2879,0, 1340, False, 0
2880,0, 1340, False, 0
2881,0, 1340, False, 0
2882,0, 1340, False, 0
2883,0, 1340, False, 0
2884,0, 1340, False, 0
2885,0, 1340, False, 0
2886,0, 1340, False, 0
2887,0, 1340, False, 0
2888,0, 1340, False, 0
2889,0, 1340, False, 0
2890,0, 1340, False, 0
2891,0, 1340, False, 0
2892,0, 1340, False, 0
2893,0, 1340, False, 0
2894,0, 1340, False, 0
2895,0, 1340, False, 0
2896,0, 1340, False, 0
2897,0, 1340, False, 0
2898,0, 1340, False, 0
2899,0, 1340, False, 0
2900,0, 1340, False, 0
2901,0, 1340, False, 0
2902,0, 1340, False, 0
2903,0, 1340, False, 0
2904,0, 1340, False, 0
2905,0, 1340, False, 0
2906,0, 1340, False, 0
2907,0, 1340, False, 0
2908,0, 1340, False, 0
2909,0, 1340, False, 0
2910,0, 1340, False, 0
2911,0, 1340, False, 0
2912,0, 1340, False, 0
2913,0, 1340, False, 0
2914,0, 1340, False, 0
2915,0, 1340, False, 0
2916,0, 1340, False, 2
2917,0, 1340, False, 2
2918,0, 1340, False, 2
2919,0, 1340, False, 2
2920,0, 1340, False, 2
2921,0, 1340, False, 2
2922,0, 1340, False, 2
2923,0, 1340, False, 2
2924,0, 1340, False, 2
2925,0, 1340, False, 2
2926,0, 1340, False, 2
2927,0, 1340, False, 2
2928,0, 1340, False, 0
2929,0, 1340, False, 0
2930,0, 1340, False, 0
2931,0, 1340, False, 0
2932,0, 1340, False, 0
2933,0, 1340, False, 0
2934,0, 1340, False, 0
2935,0, 1340, False, 2
2936,0, 1340, False, 2
2937,0, 1340, False, 2
2938,0, 1340, False, 2
2939,0, 1340, False, 2
2940,0, 1340, False, 0
2941,0, 1340, False, 0
2942,0, 1340, False, 0
2943,0, 1340, False, 0
2944,0, 1340, False, 0
2945,0, 1340, False, 0
2946,0, 1340, False, 0
2947,0, 1340, False, 0
2948,0, 1340, False, 0
2949,0, 1340, False, 0
2950,0, 1340, False, 0
2951,0, 1340, False, 0
2952,0, 1340, False, 0
2953,0, 1340, False, 0
2954,0, 1340, False, 0
2955,0, 1340, False, 0
2956,0, 1340, False, 0
2957,0, 1340, False, 0
2958,0, 1340, False, 0
2959,0, 1340, False, 0
2960,0, 1340, False, 0
2961,0, 1340, False, 0
2962,0, 1340, False, 0
2963,0, 1340, False, 0
2964,0, 1340, False, 0
2965,0, 1340, False, 0
2966,0, 1340, False, 0
2967,0, 1340, False, 0
2968,0, 1340, False, 0
2969,0, 1340, False, 0
2970,0, 1340, False, 0
2971,0, 1340, False, 0
2972,0, 1340, False, 3
2973,0, 1340, False, 3
2974,0, 1340, False, 3
2975,0, 1340, False, 3
2976,0, 1340, False, 3
2977,0, 1340, False, 0
2978,0, 1340, False, 0
2979,0, 1340, False, 0
2980,0, 1340, False, 0
2981,0, 1340, False, 0
2982,0, 1340, False, 0
2983,0, 1340, False, 0
2984,0, 1340, False, 0
2985,0, 1340, False, 4
2986,0, 1340, False, 4
2987,0, 1340, False, 4
2988,0, 1340, False, 4
2989,0, 1340, False, 4
2990,0, 1340, False, 4
2991,0, 1340, False, 4
2992,0, 1340, False, 4
2993,0, 1340, False, 4
2994,0, 1340, False, 4
2995,0, 1340, False, 4
2996,0, 1340, False, 4
2997,0, 1340, False, 4
2998,0, 1340, False, 4
2999,0, 1340, False, 4
3000,0, 1340, False, 4
3001,0, 1340, False, 4
3002,0, 1340, False, 4
3003,0, 1340, False, 4
3004,0, 1340, False, 4
3005,0, 1340, False, 4
3006,0, 1340, False, 0
3007,0, 1340, False, 0
3008,0, 1340, False, 0
3009,0, 1340, False, 0
3010,0, 1340, False, 0
3011,0, 1340, False, 0
3012,0, 1340, False, 0
3013,0, 1340, False, 0
3014,0, 1340, False, 0
3015,0, 1340, False, 0
3016,0, 1340, False, 0
3017,0, 1340, False, 0
3018,0, 1340, False, 0
3019,0, 1340, False, 0
3020,0, 1340, False, 0
3021,0, 1340, False, 0
3022,0, 1340, False, 0
3023,0, 1340, False, 0
3024,0, 1340, False, 0
3025,0, 1340, False, 0
3026,0, 1340, False, 0
3027,0, 1340, False, 0
3028,0, 1340, False, 0
3029,0, 1340, False, 0
3030,0, 1340, False, 0
3031,0, 1340, False, 0
3032,0, 1340, False, 0
3033,0, 1340, False, 0
3034,0, 1340, False, 0
3035,0, 1340, False, 0
3036,0, 1340, False, 0
3037,0, 1340, False, 0
3038,0, 1340, False, 0
3039,0, 1340, False, 0
3040,0, 1340, False, 0
3041,0, 1340, False, 0
3042,0, 1340, False, 0
3043,0, 1340, False, 0
3044,0, 1340, False, 0
3045,0, 1340, False, 0
3046,0, 1340, False, 0
3047,0, 1340, False, 0
3048,0, 1340, False, 0
3049,0, 1340, False, 0
3050,0, 1340, False, 0
3051,0, 1340, False, 0
3052,0, 1340, False, 0
3053,0, 1340, False, 0
3054,0, 1340, False, 0
3055,0, 1340, False, 0
3056,0, 1340, False, 0
3057,0, 1340, False, 0
3058,0, 1340, False, 0
3059,0, 1340, False, 0
3060,0, 1340, False, 0
3061,0, 1340, False, 0
3062,0, 1340, False, 0
3063,0, 1340, False, 0
3064,0, 1340, False, 0
3065,0, 1340, False, 0
3066,0, 1340, False, 0
3067,0, 1340, False, 0
3068,0, 1340, False, 0
3069,0, 1340, False, 0
3070,0, 1340, False, 0
3071,0, 1340, False, 0
3072,0, 1340, False, 0
3073,0, 1340, False, 0
3074,0, 1340, False, 0
3075,0, 1340, False, 0
3076,0, 1340, False, 0
3077,0, 1340, False, 0
3078,0, 1340, False, 0
3079,0, 1340, False, 0
3080,0, 1340, False, 0
3081,0, 1340, False, 0
3082,0, 1340, False, 0
3083,0, 1340, False, 0
3084,0, 1340, False, 0
3085,0, 1340, False, 0
3086,0, 1340, False, 0
3087,0, 1340, False, 0
3088,0, 1340, False, 0
3089,0, 1340, False, 0
3090,0, 1340, False, 0
3091,0, 1340, False, 0
3092,0, 1340, False, 0
3093,0, 1340, False, 0
3094,0, 1340, False, 0
3095,0, 1340, False, 0
3096,0, 1340, False, 0
3097,0, 1340, False, 0
3098,0, 1340, False, 0
3099,0, 1340, False, 0
3100,0, 1340, False, 1
3101,0, 1340, False, 1
3102,0, 1340, False, 1
3103,0, 1340, False, 1
3104,0, 1340, False, 1
3105,0, 1340, False, 1
3106,0, 1340, False, 1
3107,0, 1340, False, 1
3108,0, 1340, False, 1
3109,0, 1340, False, 1
3110,0, 1340, False, 1
3111,0, 1340, False, 1
3112,0, 1340, False, 1
3113,0, 1340, False, 1
3114,0, 1340, False, 1
3115,0, 1340, False, 1
3116,0, 1340, False, 0
3117,0, 1340, False, 0
3118,0, 1340, False, 0
3119,0, 1340, False, 0
3120,0, 1340, False, 0
3121,0, 1340, False, 0
3122,0, 1340, False, 0
3123,0, 1340, False, 0
3124,0, 1340, False, 0
3125,0, 1340, False, 0
3126,0, 1340, False, 0
3127,0, 1340, False, 0
3128,0, 1340, False, 0
3129,0, 1340, False, 0
3130,0, 1340, False, 0
3131,0, 1340, False, 0
3132,0, 1340, False, 0
3133,0, 1340, False, 0
3134,0, 1340, False, 0
3135,0, 1340, False, 0
3136,0, 1340, False, 0
3137,0, 1340, False, 0
3138,0, 1340, False, 0
3139,0, 1340, False, 0
3140,0, 1340, False, 0
3141,0, 1340, False, 0
3142,0, 1340, False, 0
3143,0, 1340, False, 0
3144,0, 1340, False, 0
3145,0, 1340, False, 0
3146,0, 1340, False, 0
3147,0, 1340, False, 0
3148,0, 1340, False, 0
3149,0, 1340, False, 0
3150,0, 1340, False, 0
3151,0, 1340, False, 0
3152,0, 1340, False, 0
3153,0, 1340, False, 0
3154,0, 1340, False, 0
3155,0, 1340, False, 0
3156,0, 1340, False, 0
3157,0, 1340, False, 0
3158,0, 1340, False, 0
3159,0, 1340, False, 0
3160,0, 1340, False, 0
3161,0, 1340, False, 0
3162,0, 1340, False, 0
3163,0, 1340, False, 0
3164,0, 1340, False, 0
3165,0, 1340, False, 0
3166,0, 1340, False, 0
3167,0, 1340, False, 0
3168,0, 1340, False, 0
3169,0, 1340, False, 0
3170,0, 1340, False, 0
3171,0, 1340, True, 0
