db traj id : 669
frame,reward,score,terminal, action
0,0, 0, False, 0
1,0, 0, False, 0
2,0, 0, False, 0
3,0, 0, False, 0
4,0, 0, False, 0
5,0, 0, False, 0
6,0, 0, False, 0
7,0, 0, False, 0
8,0, 0, False, 0
9,0, 0, False, 0
10,0, 0, False, 0
11,0, 0, False, 0
12,0, 0, False, 0
13,0, 0, False, 0
14,0, 0, False, 0
15,0, 0, False, 0
16,0, 0, False, 0
17,0, 0, False, 0
18,0, 0, False, 0
19,0, 0, False, 0
20,0, 0, False, 0
21,0, 0, False, 0
22,0, 0, False, 0
23,0, 0, False, 0
24,0, 0, False, 0
25,0, 0, False, 0
26,0, 0, False, 0
27,0, 0, False, 0
28,0, 0, False, 0
29,0, 0, False, 0
30,0, 0, False, 0
31,0, 0, False, 0
32,0, 0, False, 0
33,0, 0, False, 0
34,0, 0, False, 0
35,0, 0, False, 0
36,0, 0, False, 0
37,0, 0, False, 0
38,0, 0, False, 0
39,0, 0, False, 0
40,0, 0, False, 0
41,0, 0, False, 0
42,0, 0, False, 0
43,0, 0, False, 0
44,0, 0, False, 0
45,0, 0, False, 0
46,0, 0, False, 0
47,0, 0, False, 0
48,0, 0, False, 0
49,0, 0, False, 0
50,0, 0, False, 0
51,0, 0, False, 0
52,0, 0, False, 0
53,0, 0, False, 0
54,0, 0, False, 0
55,0, 0, False, 0
56,0, 0, False, 0
57,0, 0, False, 0
58,0, 0, False, 0
59,0, 0, False, 0
60,0, 0, False, 0
61,0, 0, False, 0
62,0, 0, False, 0
63,0, 0, False, 0
64,0, 0, False, 0
65,0, 0, False, 0
66,0, 0, False, 0
67,0, 0, False, 0
68,0, 0, False, 0
69,0, 0, False, 0
70,0, 0, False, 0
71,0, 0, False, 0
72,0, 0, False, 0
73,0, 0, False, 0
74,0, 0, False, 0
75,0, 0, False, 0
76,0, 0, False, 0
77,0, 0, False, 0
78,0, 0, False, 0
79,0, 0, False, 0
80,0, 0, False, 3
81,0, 0, False, 3
82,0, 0, False, 3
83,0, 0, False, 3
84,0, 0, False, 3
85,0, 0, False, 3
86,0, 0, False, 3
87,0, 0, False, 0
88,0, 0, False, 0
89,0, 0, False, 0
90,0, 0, False, 0
91,0, 0, False, 0
92,0, 0, False, 0
93,0, 0, False, 0
94,0, 0, False, 0
95,0, 0, False, 0
96,0, 0, False, 0
97,0, 0, False, 0
98,0, 0, False, 0
99,0, 0, False, 0
100,0, 0, False, 0
101,0, 0, False, 0
102,0, 0, False, 0
103,0, 0, False, 0
104,0, 0, False, 0
105,0, 0, False, 0
106,0, 0, False, 0
107,0, 0, False, 0
108,0, 0, False, 0
109,0, 0, False, 4
110,0, 0, False, 4
111,0, 0, False, 4
112,0, 0, False, 4
113,0, 0, False, 4
114,0, 0, False, 4
115,0, 0, False, 4
116,0, 0, False, 0
117,0, 0, False, 0
118,0, 0, False, 0
119,0, 0, False, 0
120,0, 0, False, 0
121,0, 0, False, 0
122,0, 0, False, 0
123,0, 0, False, 0
124,0, 0, False, 0
125,0, 0, False, 0
126,0, 0, False, 0
127,0, 0, False, 0
128,0, 0, False, 0
129,0, 0, False, 0
130,0, 0, False, 0
131,0, 0, False, 0
132,0, 0, False, 0
133,0, 0, False, 0
134,0, 0, False, 0
135,0, 0, False, 0
136,0, 0, False, 0
137,0, 0, False, 0
138,0, 0, False, 0
139,0, 0, False, 0
140,0, 0, False, 0
141,0, 0, False, 0
142,0, 0, False, 0
143,0, 0, False, 0
144,0, 0, False, 0
145,0, 0, False, 0
146,0, 0, False, 4
147,0, 0, False, 4
148,0, 0, False, 4
149,0, 0, False, 4
150,0, 0, False, 4
151,0, 0, False, 4
152,0, 0, False, 4
153,0, 0, False, 4
154,0, 0, False, 0
155,0, 0, False, 0
156,0, 0, False, 0
157,0, 0, False, 0
158,0, 0, False, 0
159,0, 0, False, 3
160,0, 0, False, 3
161,0, 0, False, 3
162,0, 0, False, 3
163,0, 0, False, 3
164,0, 0, False, 3
165,0, 0, False, 3
166,0, 0, False, 3
167,0, 0, False, 3
168,0, 0, False, 3
169,0, 0, False, 3
170,0, 0, False, 3
171,0, 0, False, 3
172,0, 0, False, 6
173,0, 0, False, 2
174,0, 0, False, 0
175,0, 0, False, 4
176,0, 0, False, 4
177,0, 0, False, 4
178,0, 0, False, 4
179,0, 0, False, 4
180,0, 0, False, 4
181,0, 0, False, 4
182,0, 0, False, 4
183,0, 0, False, 0
184,0, 0, False, 0
185,0, 0, False, 3
186,0, 0, False, 3
187,0, 0, False, 3
188,0, 0, False, 3
189,0, 0, False, 3
190,0, 0, False, 3
191,0, 0, False, 3
192,0, 0, False, 3
193,0, 0, False, 0
194,0, 0, False, 4
195,0, 0, False, 4
196,0, 0, False, 4
197,0, 0, False, 4
198,0, 0, False, 4
199,0, 0, False, 4
200,0, 0, False, 4
201,0, 0, False, 4
202,0, 0, False, 0
203,0, 0, False, 3
204,0, 0, False, 3
205,0, 0, False, 3
206,0, 0, False, 3
207,0, 0, False, 3
208,0, 0, False, 3
209,0, 0, False, 3
210,0, 0, False, 3
211,0, 0, False, 6
212,0, 0, False, 2
213,0, 0, False, 2
214,0, 0, False, 2
215,0, 0, False, 4
216,0, 0, False, 4
217,0, 0, False, 4
218,0, 0, False, 4
219,0, 0, False, 4
220,0, 0, False, 4
221,0, 0, False, 4
222,0, 0, False, 4
223,0, 0, False, 3
224,0, 0, False, 3
225,0, 0, False, 3
226,0, 0, False, 3
227,0, 0, False, 3
228,0, 0, False, 3
229,0, 0, False, 3
230,0, 0, False, 3
231,0, 0, False, 3
232,0, 0, False, 3
233,0, 0, False, 2
234,0, 0, False, 7
235,0, 0, False, 7
236,0, 0, False, 4
237,0, 0, False, 4
238,0, 0, False, 4
239,0, 0, False, 4
240,0, 0, False, 4
241,0, 0, False, 4
242,0, 0, False, 4
243,0, 0, False, 3
244,0, 0, False, 3
245,0, 0, False, 3
246,0, 0, False, 3
247,0, 0, False, 3
248,0, 0, False, 3
249,0, 0, False, 3
250,0, 0, False, 3
251,0, 0, False, 3
252,0, 0, False, 3
253,0, 0, False, 3
254,0, 0, False, 3
255,0, 0, False, 3
256,0, 0, False, 0
257,0, 0, False, 0
258,0, 0, False, 0
259,0, 0, False, 0
260,0, 0, False, 0
261,0, 0, False, 0
262,0, 0, False, 0
263,0, 0, False, 0
264,0, 0, False, 0
265,0, 0, False, 0
266,0, 0, False, 0
267,0, 0, False, 0
268,0, 0, False, 0
269,0, 0, False, 0
270,0, 0, False, 0
271,0, 0, False, 0
272,0, 0, False, 0
273,0, 0, False, 0
274,0, 0, False, 0
275,0, 0, False, 0
276,0, 0, False, 0
277,0, 0, False, 4
278,0, 0, False, 4
279,0, 0, False, 4
280,0, 0, False, 4
281,0, 0, False, 4
282,10, 10, False, 4
283,0, 10, False, 4
284,0, 10, False, 0
285,0, 10, False, 0
286,0, 10, False, 0
287,0, 10, False, 0
288,0, 10, False, 0
289,0, 10, False, 0
290,0, 10, False, 0
291,0, 10, False, 0
292,0, 10, False, 0
293,0, 10, False, 0
294,0, 10, False, 0
295,0, 10, False, 0
296,10, 20, False, 0
297,0, 20, False, 0
298,0, 20, False, 0
299,0, 20, False, 0
300,0, 20, False, 0
301,0, 20, False, 0
302,0, 20, False, 0
303,0, 20, False, 0
304,0, 20, False, 0
305,0, 20, False, 0
306,0, 20, False, 0
307,0, 20, False, 0
308,0, 20, False, 0
309,0, 20, False, 0
310,10, 30, False, 4
311,0, 30, False, 4
312,0, 30, False, 4
313,0, 30, False, 4
314,0, 30, False, 4
315,0, 30, False, 4
316,0, 30, False, 4
317,0, 30, False, 4
318,0, 30, False, 4
319,0, 30, False, 4
320,0, 30, False, 0
321,0, 30, False, 0
322,10, 40, False, 0
323,0, 40, False, 0
324,0, 40, False, 0
325,0, 40, False, 0
326,0, 40, False, 0
327,0, 40, False, 0
328,0, 40, False, 0
329,0, 40, False, 0
330,0, 40, False, 0
331,0, 40, False, 0
332,0, 40, False, 0
333,0, 40, False, 0
334,0, 40, False, 0
335,0, 40, False, 0
336,10, 50, False, 0
337,0, 50, False, 0
338,0, 50, False, 0
339,0, 50, False, 0
340,0, 50, False, 0
341,0, 50, False, 0
342,0, 50, False, 0
343,0, 50, False, 0
344,0, 50, False, 0
345,0, 50, False, 0
346,0, 50, False, 0
347,0, 50, False, 0
348,0, 50, False, 0
349,0, 50, False, 0
350,10, 60, False, 0
351,0, 60, False, 5
352,0, 60, False, 5
353,0, 60, False, 5
354,0, 60, False, 5
355,0, 60, False, 5
356,0, 60, False, 5
357,0, 60, False, 5
358,0, 60, False, 5
359,0, 60, False, 0
360,10, 70, False, 0
361,0, 70, False, 0
362,0, 70, False, 0
363,0, 70, False, 0
364,0, 70, False, 0
365,0, 70, False, 0
366,0, 70, False, 0
367,0, 70, False, 0
368,0, 70, False, 0
369,0, 70, False, 0
370,0, 70, False, 0
371,0, 70, False, 0
372,0, 70, False, 0
373,0, 70, False, 0
374,10, 80, False, 0
375,0, 80, False, 0
376,0, 80, False, 0
377,0, 80, False, 0
378,0, 80, False, 0
379,0, 80, False, 0
380,0, 80, False, 0
381,0, 80, False, 0
382,0, 80, False, 0
383,0, 80, False, 0
384,0, 80, False, 0
385,0, 80, False, 0
386,0, 80, False, 0
387,0, 80, False, 0
388,10, 90, False, 0
389,0, 90, False, 0
390,0, 90, False, 0
391,0, 90, False, 0
392,0, 90, False, 0
393,0, 90, False, 0
394,0, 90, False, 0
395,0, 90, False, 0
396,0, 90, False, 0
397,0, 90, False, 0
398,0, 90, False, 0
399,0, 90, False, 0
400,0, 90, False, 0
401,0, 90, False, 0
402,10, 100, False, 0
403,0, 100, False, 0
404,0, 100, False, 0
405,0, 100, False, 0
406,0, 100, False, 0
407,0, 100, False, 0
408,0, 100, False, 0
409,0, 100, False, 0
410,0, 100, False, 0
411,0, 100, False, 0
412,0, 100, False, 0
413,0, 100, False, 0
414,0, 100, False, 0
415,0, 100, False, 0
416,10, 110, False, 4
417,0, 110, False, 4
418,0, 110, False, 4
419,0, 110, False, 4
420,0, 110, False, 4
421,0, 110, False, 4
422,0, 110, False, 0
423,0, 110, False, 0
424,0, 110, False, 0
425,0, 110, False, 0
426,0, 110, False, 0
427,0, 110, False, 0
428,0, 110, False, 0
429,0, 110, False, 0
430,0, 110, False, 0
431,0, 110, False, 0
432,0, 110, False, 0
433,0, 110, False, 0
434,0, 110, False, 0
435,0, 110, False, 0
436,0, 110, False, 0
437,0, 110, False, 0
438,0, 110, False, 0
439,0, 110, False, 0
440,0, 110, False, 0
441,0, 110, False, 0
442,0, 110, False, 0
443,0, 110, False, 0
444,0, 110, False, 0
445,0, 110, False, 4
446,0, 110, False, 4
447,0, 110, False, 0
448,0, 110, False, 0
449,0, 110, False, 0
450,0, 110, False, 0
451,0, 110, False, 0
452,0, 110, False, 0
453,0, 110, False, 0
454,10, 120, False, 0
455,0, 120, False, 0
456,0, 120, False, 0
457,0, 120, False, 0
458,0, 120, False, 0
459,0, 120, False, 0
460,0, 120, False, 0
461,0, 120, False, 0
462,0, 120, False, 0
463,0, 120, False, 0
464,0, 120, False, 0
465,0, 120, False, 0
466,10, 130, False, 0
467,0, 130, False, 0
468,0, 130, False, 0
469,0, 130, False, 0
470,0, 130, False, 0
471,0, 130, False, 0
472,0, 130, False, 0
473,0, 130, False, 0
474,0, 130, False, 0
475,0, 130, False, 0
476,0, 130, False, 0
477,0, 130, False, 0
478,0, 130, False, 0
479,0, 130, False, 0
480,10, 140, False, 0
481,0, 140, False, 0
482,0, 140, False, 0
483,0, 140, False, 0
484,0, 140, False, 0
485,0, 140, False, 0
486,0, 140, False, 0
487,0, 140, False, 0
488,0, 140, False, 0
489,0, 140, False, 0
490,0, 140, False, 0
491,0, 140, False, 2
492,0, 140, False, 2
493,0, 140, False, 2
494,0, 140, False, 2
495,0, 140, False, 0
496,0, 140, False, 0
497,0, 140, False, 0
498,50, 190, False, 0
499,0, 190, False, 0
500,0, 190, False, 0
501,0, 190, False, 0
502,0, 190, False, 0
503,0, 190, False, 0
504,0, 190, False, 0
505,0, 190, False, 0
506,0, 190, False, 0
507,0, 190, False, 0
508,0, 190, False, 0
509,0, 190, False, 0
510,0, 190, False, 0
511,0, 190, False, 0
512,0, 190, False, 0
513,0, 190, False, 0
514,10, 200, False, 0
515,0, 200, False, 0
516,0, 200, False, 0
517,0, 200, False, 0
518,0, 200, False, 0
519,0, 200, False, 0
520,0, 200, False, 0
521,0, 200, False, 0
522,0, 200, False, 0
523,0, 200, False, 0
524,0, 200, False, 0
525,0, 200, False, 0
526,0, 200, False, 0
527,0, 200, False, 0
528,10, 210, False, 0
529,0, 210, False, 0
530,0, 210, False, 3
531,0, 210, False, 3
532,0, 210, False, 3
533,0, 210, False, 3
534,0, 210, False, 3
535,0, 210, False, 3
536,0, 210, False, 3
537,0, 210, False, 0
538,0, 210, False, 0
539,0, 210, False, 0
540,10, 220, False, 0
541,0, 220, False, 0
542,0, 220, False, 0
543,0, 220, False, 0
544,0, 220, False, 0
545,0, 220, False, 0
546,0, 220, False, 0
547,0, 220, False, 0
548,0, 220, False, 2
549,0, 220, False, 2
550,0, 220, False, 2
551,0, 220, False, 2
552,0, 220, False, 2
553,0, 220, False, 0
554,10, 230, False, 0
555,0, 230, False, 0
556,0, 230, False, 0
557,0, 230, False, 0
558,0, 230, False, 0
559,0, 230, False, 0
560,0, 230, False, 0
561,0, 230, False, 0
562,0, 230, False, 0
563,0, 230, False, 0
564,0, 230, False, 0
565,0, 230, False, 0
566,0, 230, False, 0
567,0, 230, False, 0
568,0, 230, False, 0
569,0, 230, False, 0
570,0, 230, False, 0
571,0, 230, False, 0
572,0, 230, False, 0
573,0, 230, False, 0
574,0, 230, False, 0
575,0, 230, False, 0
576,0, 230, False, 0
577,0, 230, False, 0
578,0, 230, False, 0
579,0, 230, False, 0
580,0, 230, False, 0
581,0, 230, False, 0
582,0, 230, False, 0
583,0, 230, False, 0
584,0, 230, False, 0
585,0, 230, False, 2
586,0, 230, False, 2
587,0, 230, False, 2
588,0, 230, False, 2
589,0, 230, False, 2
590,0, 230, False, 2
591,0, 230, False, 0
592,0, 230, False, 0
593,0, 230, False, 0
594,0, 230, False, 0
595,0, 230, False, 0
596,0, 230, False, 0
597,0, 230, False, 0
598,0, 230, False, 0
599,0, 230, False, 0
600,0, 230, False, 0
601,0, 230, False, 0
602,0, 230, False, 0
603,0, 230, False, 0
604,0, 230, False, 0
605,0, 230, False, 0
606,0, 230, False, 0
607,0, 230, False, 0
608,0, 230, False, 0
609,0, 230, False, 0
610,0, 230, False, 0
611,0, 230, False, 3
612,0, 230, False, 3
613,0, 230, False, 3
614,0, 230, False, 3
615,0, 230, False, 3
616,0, 230, False, 3
617,0, 230, False, 0
618,0, 230, False, 0
619,0, 230, False, 0
620,0, 230, False, 0
621,0, 230, False, 0
622,0, 230, False, 0
623,0, 230, False, 0
624,0, 230, False, 0
625,0, 230, False, 0
626,0, 230, False, 0
627,0, 230, False, 0
628,0, 230, False, 0
629,0, 230, False, 0
630,0, 230, False, 0
631,0, 230, False, 0
632,0, 230, False, 0
633,0, 230, False, 0
634,0, 230, False, 0
635,0, 230, False, 0
636,0, 230, False, 0
637,0, 230, False, 0
638,0, 230, False, 0
639,0, 230, False, 0
640,0, 230, False, 0
641,0, 230, False, 0
642,0, 230, False, 0
643,0, 230, False, 0
644,0, 230, False, 0
645,0, 230, False, 0
646,0, 230, False, 0
647,0, 230, False, 0
648,0, 230, False, 0
649,0, 230, False, 0
650,0, 230, False, 0
651,0, 230, False, 0
652,0, 230, False, 0
653,0, 230, False, 0
654,0, 230, False, 0
655,0, 230, False, 0
656,0, 230, False, 0
657,0, 230, False, 0
658,0, 230, False, 0
659,0, 230, False, 0
660,0, 230, False, 0
661,0, 230, False, 0
662,0, 230, False, 0
663,0, 230, False, 0
664,0, 230, False, 0
665,0, 230, False, 0
666,0, 230, False, 0
667,0, 230, False, 0
668,0, 230, False, 0
669,0, 230, False, 0
670,0, 230, False, 0
671,0, 230, False, 0
672,0, 230, False, 0
673,0, 230, False, 0
674,0, 230, False, 0
675,0, 230, False, 0
676,0, 230, False, 0
677,0, 230, False, 0
678,10, 240, False, 0
679,0, 240, False, 0
680,0, 240, False, 0
681,0, 240, False, 0
682,0, 240, False, 0
683,0, 240, False, 0
684,0, 240, False, 0
685,0, 240, False, 0
686,0, 240, False, 0
687,0, 240, False, 0
688,0, 240, False, 0
689,0, 240, False, 0
690,10, 250, False, 0
691,0, 250, False, 0
692,0, 250, False, 0
693,0, 250, False, 0
694,0, 250, False, 0
695,0, 250, False, 0
696,0, 250, False, 0
697,0, 250, False, 0
698,0, 250, False, 0
699,0, 250, False, 0
700,0, 250, False, 0
701,0, 250, False, 0
702,0, 250, False, 0
703,0, 250, False, 0
704,10, 260, False, 0
705,0, 260, False, 0
706,0, 260, False, 0
707,0, 260, False, 0
708,0, 260, False, 0
709,0, 260, False, 0
710,0, 260, False, 0
711,0, 260, False, 0
712,0, 260, False, 0
713,0, 260, False, 0
714,0, 260, False, 0
715,0, 260, False, 0
716,0, 260, False, 0
717,0, 260, False, 0
718,10, 270, False, 0
719,0, 270, False, 0
720,0, 270, False, 0
721,0, 270, False, 0
722,0, 270, False, 0
723,0, 270, False, 0
724,0, 270, False, 0
725,0, 270, False, 0
726,0, 270, False, 0
727,0, 270, False, 0
728,0, 270, False, 0
729,0, 270, False, 0
730,10, 280, False, 0
731,0, 280, False, 0
732,0, 280, False, 0
733,0, 280, False, 0
734,0, 280, False, 0
735,0, 280, False, 0
736,0, 280, False, 0
737,0, 280, False, 0
738,0, 280, False, 0
739,0, 280, False, 0
740,0, 280, False, 0
741,0, 280, False, 0
742,0, 280, False, 0
743,0, 280, False, 0
744,10, 290, False, 0
745,0, 290, False, 0
746,0, 290, False, 0
747,0, 290, False, 0
748,0, 290, False, 0
749,0, 290, False, 0
750,0, 290, False, 0
751,0, 290, False, 0
752,0, 290, False, 0
753,0, 290, False, 0
754,0, 290, False, 0
755,0, 290, False, 0
756,0, 290, False, 5
757,0, 290, False, 5
758,0, 290, False, 5
759,0, 290, False, 5
760,0, 290, False, 5
761,0, 290, False, 5
762,0, 290, False, 0
763,0, 290, False, 0
764,10, 300, False, 0
765,0, 300, False, 0
766,0, 300, False, 0
767,0, 300, False, 0
768,0, 300, False, 0
769,0, 300, False, 0
770,0, 300, False, 0
771,0, 300, False, 0
772,0, 300, False, 0
773,0, 300, False, 0
774,0, 300, False, 0
775,0, 300, False, 0
776,0, 300, False, 0
777,0, 300, False, 0
778,10, 310, False, 0
779,0, 310, False, 3
780,0, 310, False, 3
781,0, 310, False, 3
782,0, 310, False, 3
783,0, 310, False, 3
784,0, 310, False, 3
785,0, 310, False, 0
786,0, 310, False, 0
787,0, 310, False, 0
788,0, 310, False, 0
789,0, 310, False, 0
790,0, 310, False, 0
791,0, 310, False, 0
792,10, 320, False, 0
793,0, 320, False, 0
794,0, 320, False, 0
795,0, 320, False, 3
796,0, 320, False, 3
797,0, 320, False, 3
798,0, 320, False, 0
799,0, 320, False, 0
800,0, 320, False, 0
801,0, 320, False, 0
802,0, 320, False, 0
803,0, 320, False, 0
804,0, 320, False, 0
805,0, 320, False, 0
806,10, 330, False, 0
807,0, 330, False, 0
808,0, 330, False, 0
809,0, 330, False, 0
810,0, 330, False, 0
811,0, 330, False, 0
812,0, 330, False, 0
813,0, 330, False, 0
814,0, 330, False, 0
815,0, 330, False, 0
816,0, 330, False, 0
817,0, 330, False, 0
818,10, 340, False, 0
819,0, 340, False, 0
820,0, 340, False, 0
821,0, 340, False, 5
822,0, 340, False, 5
823,0, 340, False, 5
824,0, 340, False, 5
825,0, 340, False, 5
826,0, 340, False, 0
827,0, 340, False, 0
828,0, 340, False, 0
829,0, 340, False, 0
830,0, 340, False, 0
831,0, 340, False, 0
832,10, 350, False, 0
833,0, 350, False, 0
834,0, 350, False, 0
835,0, 350, False, 0
836,0, 350, False, 0
837,0, 350, False, 0
838,0, 350, False, 0
839,0, 350, False, 0
840,0, 350, False, 0
841,0, 350, False, 0
842,0, 350, False, 0
843,0, 350, False, 0
844,50, 400, False, 0
845,0, 400, False, 0
846,0, 400, False, 0
847,0, 400, False, 0
848,0, 400, False, 0
849,0, 400, False, 0
850,0, 400, False, 0
851,0, 400, False, 0
852,0, 400, False, 0
853,0, 400, False, 0
854,0, 400, False, 0
855,0, 400, False, 0
856,0, 400, False, 0
857,0, 400, False, 2
858,0, 400, False, 2
859,0, 400, False, 2
860,0, 400, False, 2
861,0, 400, False, 2
862,0, 400, False, 2
863,0, 400, False, 0
864,0, 400, False, 0
865,0, 400, False, 0
866,0, 400, False, 0
867,0, 400, False, 0
868,0, 400, False, 0
869,0, 400, False, 0
870,0, 400, False, 0
871,0, 400, False, 0
872,0, 400, False, 0
873,0, 400, False, 0
874,0, 400, False, 0
875,0, 400, False, 0
876,0, 400, False, 0
877,0, 400, False, 0
878,0, 400, False, 0
879,0, 400, False, 0
880,0, 400, False, 0
881,0, 400, False, 0
882,0, 400, False, 0
883,0, 400, False, 0
884,0, 400, False, 0
885,0, 400, False, 0
886,0, 400, False, 4
887,0, 400, False, 4
888,0, 400, False, 4
889,0, 400, False, 4
890,0, 400, False, 4
891,0, 400, False, 4
892,0, 400, False, 4
893,0, 400, False, 4
894,0, 400, False, 4
895,0, 400, False, 0
896,0, 400, False, 0
897,0, 400, False, 0
898,0, 400, False, 0
899,0, 400, False, 0
900,0, 400, False, 0
901,0, 400, False, 0
902,0, 400, False, 0
903,0, 400, False, 2
904,0, 400, False, 2
905,0, 400, False, 2
906,0, 400, False, 2
907,0, 400, False, 2
908,0, 400, False, 2
909,0, 400, False, 2
910,0, 400, False, 0
911,0, 400, False, 0
912,0, 400, False, 0
913,0, 400, False, 0
914,0, 400, False, 0
915,0, 400, False, 0
916,0, 400, False, 0
917,0, 400, False, 0
918,0, 400, False, 0
919,0, 400, False, 0
920,0, 400, False, 0
921,0, 400, False, 0
922,0, 400, False, 0
923,0, 400, False, 0
924,0, 400, False, 0
925,0, 400, False, 0
926,0, 400, False, 0
927,0, 400, False, 0
928,0, 400, False, 0
929,0, 400, False, 0
930,0, 400, False, 0
931,0, 400, False, 0
932,0, 400, False, 0
933,0, 400, False, 0
934,0, 400, False, 0
935,0, 400, False, 0
936,0, 400, False, 2
937,0, 400, False, 2
938,0, 400, False, 2
939,0, 400, False, 2
940,0, 400, False, 2
941,0, 400, False, 0
942,0, 400, False, 0
943,0, 400, False, 0
944,0, 400, False, 0
945,0, 400, False, 0
946,0, 400, False, 0
947,0, 400, False, 0
948,0, 400, False, 0
949,0, 400, False, 0
950,0, 400, False, 0
951,0, 400, False, 0
952,0, 400, False, 0
953,0, 400, False, 0
954,0, 400, False, 0
955,0, 400, False, 0
956,0, 400, False, 0
957,0, 400, False, 0
958,0, 400, False, 0
959,0, 400, False, 0
960,0, 400, False, 0
961,0, 400, False, 0
962,0, 400, False, 4
963,0, 400, False, 4
964,0, 400, False, 4
965,0, 400, False, 4
966,0, 400, False, 4
967,0, 400, False, 4
968,0, 400, False, 4
969,0, 400, False, 0
970,0, 400, False, 0
971,0, 400, False, 0
972,0, 400, False, 0
973,0, 400, False, 0
974,0, 400, False, 0
975,0, 400, False, 0
976,0, 400, False, 0
977,0, 400, False, 0
978,0, 400, False, 0
979,0, 400, False, 0
980,0, 400, False, 0
981,0, 400, False, 0
982,0, 400, False, 0
983,0, 400, False, 0
984,0, 400, False, 0
985,0, 400, False, 0
986,0, 400, False, 0
987,0, 400, False, 0
988,0, 400, False, 0
989,0, 400, False, 0
990,0, 400, False, 2
991,0, 400, False, 2
992,0, 400, False, 2
993,0, 400, False, 2
994,0, 400, False, 2
995,0, 400, False, 0
996,0, 400, False, 0
997,0, 400, False, 0
998,0, 400, False, 0
999,0, 400, False, 0
1000,0, 400, False, 0
1001,0, 400, False, 0
1002,0, 400, False, 0
1003,0, 400, False, 0
1004,0, 400, False, 0
1005,0, 400, False, 0
1006,0, 400, False, 0
1007,0, 400, False, 0
1008,0, 400, False, 0
1009,0, 400, False, 0
1010,0, 400, False, 0
1011,0, 400, False, 0
1012,0, 400, False, 0
1013,0, 400, False, 0
1014,0, 400, False, 0
1015,0, 400, False, 0
1016,0, 400, False, 0
1017,0, 400, False, 0
1018,0, 400, False, 0
1019,0, 400, False, 3
1020,0, 400, False, 3
1021,0, 400, False, 3
1022,0, 400, False, 3
1023,0, 400, False, 3
1024,0, 400, False, 3
1025,0, 400, False, 0
1026,0, 400, False, 0
1027,0, 400, False, 0
1028,0, 400, False, 0
1029,0, 400, False, 0
1030,0, 400, False, 0
1031,0, 400, False, 0
1032,0, 400, False, 0
1033,0, 400, False, 0
1034,0, 400, False, 0
1035,0, 400, False, 0
1036,0, 400, False, 0
1037,0, 400, False, 0
1038,0, 400, False, 0
1039,0, 400, False, 0
1040,0, 400, False, 2
1041,0, 400, False, 2
1042,0, 400, False, 2
1043,0, 400, False, 2
1044,0, 400, False, 0
1045,0, 400, False, 0
1046,0, 400, False, 0
1047,0, 400, False, 0
1048,0, 400, False, 0
1049,0, 400, False, 0
1050,0, 400, False, 0
1051,0, 400, False, 0
1052,0, 400, False, 0
1053,0, 400, False, 0
1054,10, 410, False, 0
1055,0, 410, False, 0
1056,0, 410, False, 0
1057,0, 410, False, 0
1058,0, 410, False, 0
1059,0, 410, False, 0
1060,0, 410, False, 0
1061,0, 410, False, 0
1062,0, 410, False, 0
1063,0, 410, False, 0
1064,0, 410, False, 0
1065,0, 410, False, 0
1066,0, 410, False, 0
1067,0, 410, False, 0
1068,10, 420, False, 0
1069,0, 420, False, 0
1070,0, 420, False, 0
1071,0, 420, False, 0
1072,0, 420, False, 0
1073,0, 420, False, 0
1074,0, 420, False, 0
1075,0, 420, False, 0
1076,0, 420, False, 0
1077,0, 420, False, 0
1078,0, 420, False, 0
1079,0, 420, False, 0
1080,0, 420, False, 0
1081,0, 420, False, 0
1082,10, 430, False, 0
1083,0, 430, False, 0
1084,0, 430, False, 0
1085,0, 430, False, 0
1086,0, 430, False, 0
1087,0, 430, False, 0
1088,0, 430, False, 0
1089,0, 430, False, 0
1090,0, 430, False, 0
1091,0, 430, False, 0
1092,0, 430, False, 0
1093,0, 430, False, 0
1094,0, 430, False, 0
1095,0, 430, False, 0
1096,10, 440, False, 0
1097,0, 440, False, 0
1098,0, 440, False, 0
1099,0, 440, False, 0
1100,0, 440, False, 0
1101,0, 440, False, 0
1102,0, 440, False, 0
1103,0, 440, False, 0
1104,0, 440, False, 0
1105,0, 440, False, 0
1106,0, 440, False, 0
1107,0, 440, False, 0
1108,0, 440, False, 0
1109,0, 440, False, 0
1110,10, 450, False, 0
1111,0, 450, False, 0
1112,0, 450, False, 0
1113,0, 450, False, 0
1114,0, 450, False, 0
1115,0, 450, False, 0
1116,0, 450, False, 0
1117,0, 450, False, 0
1118,0, 450, False, 0
1119,0, 450, False, 0
1120,0, 450, False, 0
1121,0, 450, False, 0
1122,0, 450, False, 3
1123,0, 450, False, 3
1124,10, 460, False, 3
1125,0, 460, False, 3
1126,0, 460, False, 3
1127,0, 460, False, 3
1128,0, 460, False, 0
1129,0, 460, False, 0
1130,0, 460, False, 0
1131,0, 460, False, 0
1132,0, 460, False, 0
1133,0, 460, False, 0
1134,10, 470, False, 0
1135,0, 470, False, 0
1136,0, 470, False, 0
1137,0, 470, False, 0
1138,0, 470, False, 0
1139,0, 470, False, 0
1140,0, 470, False, 0
1141,0, 470, False, 0
1142,0, 470, False, 0
1143,0, 470, False, 0
1144,0, 470, False, 0
1145,0, 470, False, 0
1146,0, 470, False, 0
1147,0, 470, False, 0
1148,10, 480, False, 0
1149,0, 480, False, 0
1150,0, 480, False, 0
1151,0, 480, False, 0
1152,0, 480, False, 0
1153,0, 480, False, 0
1154,0, 480, False, 0
1155,0, 480, False, 0
1156,0, 480, False, 0
1157,0, 480, False, 0
1158,0, 480, False, 0
1159,0, 480, False, 0
1160,0, 480, False, 0
1161,0, 480, False, 0
1162,10, 490, False, 0
1163,0, 490, False, 0
1164,0, 490, False, 0
1165,0, 490, False, 0
1166,0, 490, False, 0
1167,0, 490, False, 0
1168,0, 490, False, 0
1169,0, 490, False, 0
1170,0, 490, False, 0
1171,0, 490, False, 0
1172,0, 490, False, 0
1173,0, 490, False, 0
1174,10, 500, False, 0
1175,0, 500, False, 0
1176,0, 500, False, 0
1177,0, 500, False, 0
1178,0, 500, False, 0
1179,0, 500, False, 0
1180,0, 500, False, 0
1181,0, 500, False, 0
1182,0, 500, False, 0
1183,0, 500, False, 0
1184,0, 500, False, 0
1185,0, 500, False, 0
1186,0, 500, False, 0
1187,0, 500, False, 0
1188,10, 510, False, 0
1189,0, 510, False, 0
1190,0, 510, False, 0
1191,0, 510, False, 0
1192,0, 510, False, 0
1193,0, 510, False, 0
1194,0, 510, False, 0
1195,0, 510, False, 0
1196,0, 510, False, 0
1197,0, 510, False, 0
1198,0, 510, False, 0
1199,0, 510, False, 0
1200,0, 510, False, 0
1201,0, 510, False, 0
1202,10, 520, False, 2
1203,0, 520, False, 2
1204,0, 520, False, 2
1205,0, 520, False, 2
1206,0, 520, False, 2
1207,0, 520, False, 2
1208,0, 520, False, 0
1209,0, 520, False, 0
1210,0, 520, False, 0
1211,0, 520, False, 0
1212,0, 520, False, 0
1213,0, 520, False, 0
1214,0, 520, False, 0
1215,0, 520, False, 0
1216,0, 520, False, 0
1217,0, 520, False, 0
1218,0, 520, False, 0
1219,0, 520, False, 0
1220,0, 520, False, 0
1221,0, 520, False, 0
1222,0, 520, False, 0
1223,0, 520, False, 0
1224,50, 570, False, 0
1225,0, 570, False, 0
1226,0, 570, False, 0
1227,0, 570, False, 0
1228,0, 570, False, 0
1229,0, 570, False, 0
1230,10, 580, False, 0
1231,0, 580, False, 0
1232,0, 580, False, 0
1233,0, 580, False, 0
1234,0, 580, False, 0
1235,0, 580, False, 0
1236,0, 580, False, 0
1237,0, 580, False, 0
1238,0, 580, False, 0
1239,0, 580, False, 0
1240,0, 580, False, 4
1241,0, 580, False, 4
1242,0, 580, False, 4
1243,0, 580, False, 4
1244,0, 580, False, 4
1245,0, 580, False, 4
1246,0, 580, False, 4
1247,0, 580, False, 0
1248,0, 580, False, 0
1249,0, 580, False, 0
1250,10, 590, False, 0
1251,0, 590, False, 0
1252,0, 590, False, 0
1253,0, 590, False, 0
1254,0, 590, False, 0
1255,0, 590, False, 0
1256,0, 590, False, 0
1257,0, 590, False, 0
1258,0, 590, False, 0
1259,0, 590, False, 0
1260,0, 590, False, 0
1261,0, 590, False, 0
1262,10, 600, False, 0
1263,0, 600, False, 0
1264,0, 600, False, 0
1265,0, 600, False, 0
1266,0, 600, False, 0
1267,0, 600, False, 0
1268,0, 600, False, 0
1269,0, 600, False, 0
1270,0, 600, False, 0
1271,0, 600, False, 0
1272,0, 600, False, 0
1273,0, 600, False, 0
1274,0, 600, False, 0
1275,0, 600, False, 0
1276,10, 610, False, 0
1277,0, 610, False, 0
1278,0, 610, False, 0
1279,0, 610, False, 0
1280,0, 610, False, 0
1281,0, 610, False, 0
1282,0, 610, False, 5
1283,0, 610, False, 5
1284,0, 610, False, 5
1285,0, 610, False, 5
1286,0, 610, False, 0
1287,0, 610, False, 0
1288,0, 610, False, 0
1289,0, 610, False, 0
1290,10, 620, False, 0
1291,0, 620, False, 0
1292,0, 620, False, 0
1293,0, 620, False, 0
1294,0, 620, False, 0
1295,0, 620, False, 0
1296,0, 620, False, 0
1297,0, 620, False, 0
1298,0, 620, False, 0
1299,0, 620, False, 0
1300,0, 620, False, 0
1301,0, 620, False, 0
1302,0, 620, False, 0
1303,0, 620, False, 0
1304,0, 620, False, 0
1305,0, 620, False, 0
1306,0, 620, False, 0
1307,0, 620, False, 0
1308,0, 620, False, 0
1309,0, 620, False, 0
1310,0, 620, False, 0
1311,0, 620, False, 0
1312,0, 620, False, 0
1313,0, 620, False, 0
1314,0, 620, False, 0
1315,0, 620, False, 0
1316,10, 630, False, 0
1317,0, 630, False, 0
1318,0, 630, False, 0
1319,0, 630, False, 0
1320,0, 630, False, 0
1321,0, 630, False, 0
1322,0, 630, False, 0
1323,0, 630, False, 0
1324,0, 630, False, 0
1325,0, 630, False, 0
1326,0, 630, False, 0
1327,0, 630, False, 0
1328,0, 630, False, 0
1329,0, 630, False, 0
1330,10, 640, False, 0
1331,0, 640, False, 4
1332,0, 640, False, 4
1333,0, 640, False, 4
1334,0, 640, False, 4
1335,0, 640, False, 4
1336,0, 640, False, 4
1337,0, 640, False, 4
1338,0, 640, False, 4
1339,0, 640, False, 4
1340,0, 640, False, 4
1341,0, 640, False, 4
1342,0, 640, False, 0
1343,0, 640, False, 0
1344,0, 640, False, 0
1345,0, 640, False, 0
1346,10, 650, False, 0
1347,0, 650, False, 0
1348,0, 650, False, 0
1349,0, 650, False, 0
1350,0, 650, False, 0
1351,0, 650, False, 0
1352,0, 650, False, 0
1353,0, 650, False, 0
1354,0, 650, False, 0
1355,0, 650, False, 0
1356,0, 650, False, 0
1357,0, 650, False, 0
1358,10, 660, False, 0
1359,0, 660, False, 0
1360,0, 660, False, 0
1361,0, 660, False, 0
1362,0, 660, False, 0
1363,0, 660, False, 0
1364,0, 660, False, 0
1365,0, 660, False, 0
1366,0, 660, False, 0
1367,0, 660, False, 0
1368,0, 660, False, 0
1369,0, 660, False, 0
1370,0, 660, False, 2
1371,0, 660, False, 2
1372,0, 660, False, 2
1373,0, 660, False, 2
1374,0, 660, False, 2
1375,0, 660, False, 2
1376,0, 660, False, 2
1377,0, 660, False, 2
1378,0, 660, False, 0
1379,0, 660, False, 0
1380,0, 660, False, 0
1381,0, 660, False, 0
1382,0, 660, False, 0
1383,0, 660, False, 0
1384,0, 660, False, 0
1385,0, 660, False, 0
1386,0, 660, False, 0
1387,0, 660, False, 0
1388,0, 660, False, 0
1389,0, 660, False, 0
1390,0, 660, False, 0
1391,0, 660, False, 0
1392,0, 660, False, 0
1393,0, 660, False, 0
1394,0, 660, False, 0
1395,0, 660, False, 0
1396,0, 660, False, 0
1397,0, 660, False, 3
1398,0, 660, False, 3
1399,0, 660, False, 3
1400,0, 660, False, 3
1401,0, 660, False, 3
1402,0, 660, False, 3
1403,0, 660, False, 3
1404,0, 660, False, 0
1405,0, 660, False, 0
1406,0, 660, False, 0
1407,0, 660, False, 0
1408,0, 660, False, 0
1409,0, 660, False, 0
1410,0, 660, False, 0
1411,0, 660, False, 0
1412,0, 660, False, 0
1413,0, 660, False, 0
1414,0, 660, False, 0
1415,0, 660, False, 0
1416,0, 660, False, 0
1417,0, 660, False, 0
1418,0, 660, False, 0
1419,0, 660, False, 0
1420,0, 660, False, 0
1421,0, 660, False, 0
1422,0, 660, False, 0
1423,0, 660, False, 0
1424,0, 660, False, 0
1425,0, 660, False, 0
1426,0, 660, False, 0
1427,0, 660, False, 0
1428,0, 660, False, 0
1429,0, 660, False, 0
1430,0, 660, False, 0
1431,0, 660, False, 0
1432,0, 660, False, 0
1433,0, 660, False, 0
1434,0, 660, False, 0
1435,0, 660, False, 0
1436,100, 760, False, 0
1437,0, 760, False, 0
1438,0, 760, False, 0
1439,0, 760, False, 0
1440,0, 760, False, 0
1441,0, 760, False, 0
1442,0, 760, False, 0
1443,0, 760, False, 0
1444,0, 760, False, 0
1445,0, 760, False, 0
1446,0, 760, False, 0
1447,0, 760, False, 0
1448,0, 760, False, 0
1449,0, 760, False, 0
1450,0, 760, False, 0
1451,0, 760, False, 0
1452,0, 760, False, 0
1453,0, 760, False, 0
1454,0, 760, False, 0
1455,0, 760, False, 0
1456,0, 760, False, 0
1457,0, 760, False, 0
1458,0, 760, False, 0
1459,0, 760, False, 0
1460,0, 760, False, 0
1461,0, 760, False, 0
1462,0, 760, False, 0
1463,0, 760, False, 0
1464,0, 760, False, 0
1465,0, 760, False, 0
1466,0, 760, False, 0
1467,0, 760, False, 0
1468,0, 760, False, 0
1469,0, 760, False, 0
1470,0, 760, False, 0
1471,0, 760, False, 0
1472,0, 760, False, 0
1473,0, 760, False, 5
1474,0, 760, False, 5
1475,0, 760, False, 5
1476,0, 760, False, 5
1477,0, 760, False, 5
1478,0, 760, False, 5
1479,0, 760, False, 5
1480,0, 760, False, 0
1481,0, 760, False, 0
1482,0, 760, False, 0
1483,0, 760, False, 0
1484,0, 760, False, 0
1485,0, 760, False, 0
1486,0, 760, False, 0
1487,0, 760, False, 0
1488,0, 760, False, 0
1489,0, 760, False, 0
1490,0, 760, False, 0
1491,0, 760, False, 0
1492,0, 760, False, 4
1493,0, 760, False, 4
1494,0, 760, False, 4
1495,0, 760, False, 4
1496,0, 760, False, 4
1497,0, 760, False, 4
1498,0, 760, False, 0
1499,0, 760, False, 0
1500,0, 760, False, 0
1501,0, 760, False, 0
1502,0, 760, False, 0
1503,0, 760, False, 0
1504,0, 760, False, 5
1505,0, 760, False, 5
1506,0, 760, False, 5
1507,0, 760, False, 5
1508,0, 760, False, 0
1509,0, 760, False, 0
1510,0, 760, False, 0
1511,0, 760, False, 0
1512,0, 760, False, 0
1513,0, 760, False, 0
1514,0, 760, False, 0
1515,0, 760, False, 0
1516,0, 760, False, 0
1517,0, 760, False, 0
1518,0, 760, False, 0
1519,0, 760, False, 0
1520,0, 760, False, 0
1521,0, 760, False, 0
1522,0, 760, False, 0
1523,0, 760, False, 0
1524,0, 760, False, 3
1525,0, 760, False, 3
1526,0, 760, False, 3
1527,0, 760, False, 3
1528,0, 760, False, 0
1529,0, 760, False, 0
1530,0, 760, False, 0
1531,0, 760, False, 0
1532,0, 760, False, 0
1533,0, 760, False, 0
1534,0, 760, False, 0
1535,0, 760, False, 0
1536,0, 760, False, 0
1537,0, 760, False, 0
1538,0, 760, False, 0
1539,0, 760, False, 0
1540,0, 760, False, 0
1541,0, 760, False, 0
1542,0, 760, False, 0
1543,0, 760, False, 5
1544,0, 760, False, 5
1545,0, 760, False, 5
1546,0, 760, False, 0
1547,0, 760, False, 0
1548,0, 760, False, 0
1549,0, 760, False, 0
1550,0, 760, False, 0
1551,0, 760, False, 0
1552,0, 760, False, 0
1553,0, 760, False, 0
1554,10, 770, False, 0
1555,0, 770, False, 0
1556,0, 770, False, 0
1557,0, 770, False, 0
1558,0, 770, False, 0
1559,0, 770, False, 0
1560,0, 770, False, 0
1561,0, 770, False, 0
1562,0, 770, False, 0
1563,0, 770, False, 0
1564,0, 770, False, 0
1565,0, 770, False, 0
1566,0, 770, False, 0
1567,0, 770, False, 0
1568,10, 780, False, 0
1569,0, 780, False, 0
1570,0, 780, False, 0
1571,0, 780, False, 0
1572,0, 780, False, 0
1573,0, 780, False, 0
1574,0, 780, False, 0
1575,0, 780, False, 0
1576,0, 780, False, 0
1577,0, 780, False, 0
1578,0, 780, False, 0
1579,0, 780, False, 0
1580,0, 780, False, 0
1581,0, 780, False, 0
1582,10, 790, False, 0
1583,0, 790, False, 0
1584,0, 790, False, 0
1585,0, 790, False, 0
1586,0, 790, False, 0
1587,0, 790, False, 0
1588,0, 790, False, 0
1589,0, 790, False, 0
1590,0, 790, False, 0
1591,0, 790, False, 0
1592,0, 790, False, 0
1593,0, 790, False, 4
1594,0, 790, False, 4
1595,0, 790, False, 4
1596,10, 800, False, 4
1597,0, 800, False, 4
1598,0, 800, False, 0
1599,0, 800, False, 0
1600,0, 800, False, 0
1601,0, 800, False, 0
1602,0, 800, False, 0
1603,0, 800, False, 0
1604,0, 800, False, 0
1605,0, 800, False, 0
1606,0, 800, False, 0
1607,0, 800, False, 0
1608,0, 800, False, 0
1609,0, 800, False, 0
1610,10, 810, False, 0
1611,0, 810, False, 0
1612,0, 810, False, 0
1613,0, 810, False, 0
1614,0, 810, False, 0
1615,0, 810, False, 0
1616,0, 810, False, 0
1617,0, 810, False, 0
1618,0, 810, False, 0
1619,0, 810, False, 0
1620,0, 810, False, 0
1621,0, 810, False, 0
1622,0, 810, False, 0
1623,0, 810, False, 0
1624,10, 820, False, 0
1625,0, 820, False, 0
1626,0, 820, False, 0
1627,0, 820, False, 0
1628,0, 820, False, 0
1629,0, 820, False, 0
1630,0, 820, False, 0
1631,0, 820, False, 0
1632,0, 820, False, 0
1633,0, 820, False, 0
1634,0, 820, False, 0
1635,0, 820, False, 0
1636,0, 820, False, 0
1637,0, 820, False, 0
1638,10, 830, False, 0
1639,0, 830, False, 0
1640,0, 830, False, 0
1641,0, 830, False, 0
1642,0, 830, False, 0
1643,0, 830, False, 0
1644,0, 830, False, 0
1645,0, 830, False, 0
1646,0, 830, False, 0
1647,0, 830, False, 0
1648,0, 830, False, 0
1649,0, 830, False, 0
1650,0, 830, False, 0
1651,0, 830, False, 0
1652,0, 830, False, 0
1653,0, 830, False, 4
1654,0, 830, False, 4
1655,0, 830, False, 4
1656,0, 830, False, 4
1657,0, 830, False, 4
1658,0, 830, False, 4
1659,0, 830, False, 4
1660,0, 830, False, 0
1661,0, 830, False, 0
1662,0, 830, False, 0
1663,0, 830, False, 0
1664,0, 830, False, 0
1665,0, 830, False, 0
1666,0, 830, False, 0
1667,0, 830, False, 0
1668,0, 830, False, 0
1669,0, 830, False, 0
1670,0, 830, False, 0
1671,0, 830, False, 0
1672,0, 830, False, 0
1673,0, 830, False, 0
1674,0, 830, False, 0
1675,0, 830, False, 0
1676,0, 830, False, 0
1677,0, 830, False, 0
1678,0, 830, False, 0
1679,0, 830, False, 0
1680,0, 830, False, 0
1681,0, 830, False, 2
1682,0, 830, False, 2
1683,0, 830, False, 2
1684,0, 830, False, 2
1685,0, 830, False, 2
1686,0, 830, False, 0
1687,0, 830, False, 0
1688,0, 830, False, 0
1689,0, 830, False, 0
1690,0, 830, False, 0
1691,0, 830, False, 0
1692,0, 830, False, 0
1693,0, 830, False, 0
1694,0, 830, False, 0
1695,0, 830, False, 0
1696,0, 830, False, 0
1697,0, 830, False, 0
1698,0, 830, False, 0
1699,0, 830, False, 0
1700,0, 830, False, 0
1701,0, 830, False, 0
1702,0, 830, False, 4
1703,0, 830, False, 4
1704,0, 830, False, 4
1705,0, 830, False, 4
1706,0, 830, False, 4
1707,0, 830, False, 4
1708,0, 830, False, 4
1709,0, 830, False, 4
1710,0, 830, False, 0
1711,0, 830, False, 0
1712,0, 830, False, 0
1713,0, 830, False, 0
1714,0, 830, False, 0
1715,0, 830, False, 0
1716,0, 830, False, 0
1717,0, 830, False, 0
1718,0, 830, False, 0
1719,0, 830, False, 0
1720,0, 830, False, 0
1721,0, 830, False, 0
1722,0, 830, False, 0
1723,0, 830, False, 0
1724,0, 830, False, 0
1725,0, 830, False, 0
1726,0, 830, False, 0
1727,0, 830, False, 0
1728,0, 830, False, 0
1729,0, 830, False, 0
1730,0, 830, False, 0
1731,0, 830, False, 0
1732,0, 830, False, 0
1733,0, 830, False, 0
1734,0, 830, False, 0
1735,0, 830, False, 2
1736,0, 830, False, 2
1737,0, 830, False, 2
1738,0, 830, False, 2
1739,0, 830, False, 2
1740,0, 830, False, 2
1741,0, 830, False, 2
1742,0, 830, False, 0
1743,0, 830, False, 0
1744,0, 830, False, 0
1745,0, 830, False, 0
1746,0, 830, False, 0
1747,0, 830, False, 0
1748,0, 830, False, 0
1749,0, 830, False, 0
1750,0, 830, False, 0
1751,0, 830, False, 0
1752,0, 830, False, 0
1753,0, 830, False, 0
1754,0, 830, False, 0
1755,0, 830, False, 0
1756,0, 830, False, 0
1757,0, 830, False, 0
1758,0, 830, False, 0
1759,0, 830, False, 0
1760,0, 830, False, 0
1761,0, 830, False, 0
1762,0, 830, False, 0
1763,0, 830, False, 0
1764,0, 830, False, 0
1765,0, 830, False, 0
1766,0, 830, False, 0
1767,0, 830, False, 0
1768,0, 830, False, 0
1769,0, 830, False, 0
1770,0, 830, False, 0
1771,0, 830, False, 0
1772,0, 830, False, 0
1773,0, 830, False, 0
1774,0, 830, False, 0
1775,0, 830, False, 0
1776,0, 830, False, 0
1777,0, 830, False, 0
1778,0, 830, False, 0
1779,0, 830, False, 0
1780,0, 830, False, 0
1781,0, 830, False, 0
1782,0, 830, False, 0
1783,0, 830, False, 0
1784,0, 830, False, 0
1785,0, 830, False, 0
1786,0, 830, False, 0
1787,0, 830, False, 0
1788,0, 830, False, 0
1789,0, 830, False, 0
1790,0, 830, False, 0
1791,0, 830, False, 0
1792,0, 830, False, 0
1793,0, 830, False, 0
1794,0, 830, False, 0
1795,0, 830, False, 0
1796,0, 830, False, 0
1797,0, 830, False, 0
1798,0, 830, False, 0
1799,0, 830, False, 0
1800,0, 830, False, 0
1801,0, 830, False, 0
1802,0, 830, False, 0
1803,0, 830, False, 0
1804,0, 830, False, 0
1805,0, 830, False, 0
1806,0, 830, False, 0
1807,0, 830, False, 0
1808,0, 830, False, 0
1809,0, 830, False, 0
1810,0, 830, False, 0
1811,0, 830, False, 0
1812,0, 830, False, 0
1813,0, 830, False, 0
1814,0, 830, False, 0
1815,0, 830, False, 0
1816,0, 830, False, 0
1817,0, 830, False, 0
1818,0, 830, False, 0
1819,0, 830, False, 0
1820,0, 830, False, 0
1821,0, 830, False, 0
1822,0, 830, False, 0
1823,0, 830, False, 0
1824,0, 830, False, 0
1825,0, 830, False, 0
1826,0, 830, False, 0
1827,0, 830, False, 0
1828,0, 830, False, 0
1829,0, 830, False, 0
1830,0, 830, False, 0
1831,0, 830, False, 0
1832,0, 830, False, 0
1833,0, 830, False, 0
1834,0, 830, False, 0
1835,0, 830, False, 0
1836,0, 830, False, 0
1837,0, 830, False, 0
1838,0, 830, False, 0
1839,0, 830, False, 0
1840,0, 830, False, 0
1841,0, 830, False, 0
1842,0, 830, False, 0
1843,0, 830, False, 0
1844,0, 830, False, 0
1845,0, 830, False, 0
1846,0, 830, False, 0
1847,0, 830, False, 0
1848,0, 830, False, 0
1849,0, 830, False, 0
1850,0, 830, False, 0
1851,0, 830, False, 0
1852,0, 830, False, 0
1853,0, 830, False, 0
1854,0, 830, False, 0
1855,0, 830, False, 0
1856,0, 830, False, 0
1857,0, 830, False, 0
1858,0, 830, False, 0
1859,0, 830, False, 0
1860,0, 830, False, 0
1861,0, 830, False, 0
1862,0, 830, False, 0
1863,0, 830, False, 0
1864,0, 830, False, 0
1865,0, 830, False, 0
1866,0, 830, False, 0
1867,0, 830, False, 0
1868,0, 830, False, 0
1869,0, 830, False, 0
1870,0, 830, False, 0
1871,0, 830, False, 0
1872,0, 830, False, 0
1873,0, 830, False, 0
1874,0, 830, False, 0
1875,0, 830, False, 4
1876,0, 830, False, 4
1877,0, 830, False, 4
1878,0, 830, False, 4
1879,0, 830, False, 4
1880,0, 830, False, 4
1881,0, 830, False, 4
1882,0, 830, False, 0
1883,0, 830, False, 0
1884,0, 830, False, 0
1885,0, 830, False, 0
1886,0, 830, False, 0
1887,0, 830, False, 0
1888,0, 830, False, 0
1889,0, 830, False, 0
1890,0, 830, False, 0
1891,0, 830, False, 0
1892,0, 830, False, 0
1893,0, 830, False, 0
1894,0, 830, False, 0
1895,0, 830, False, 0
1896,0, 830, False, 0
1897,0, 830, False, 0
1898,0, 830, False, 0
1899,0, 830, False, 0
1900,0, 830, False, 0
1901,0, 830, False, 0
1902,0, 830, False, 0
1903,0, 830, False, 0
1904,0, 830, False, 0
1905,0, 830, False, 0
1906,0, 830, False, 0
1907,0, 830, False, 0
1908,0, 830, False, 0
1909,0, 830, False, 0
1910,0, 830, False, 0
1911,0, 830, False, 0
1912,0, 830, False, 0
1913,0, 830, False, 0
1914,0, 830, False, 0
1915,0, 830, False, 0
1916,0, 830, False, 0
1917,0, 830, False, 0
1918,0, 830, False, 0
1919,0, 830, False, 0
1920,0, 830, False, 0
1921,0, 830, False, 4
1922,0, 830, False, 4
1923,0, 830, False, 4
1924,0, 830, False, 4
1925,0, 830, False, 4
1926,0, 830, False, 0
1927,0, 830, False, 0
1928,0, 830, False, 0
1929,0, 830, False, 0
1930,0, 830, False, 0
1931,0, 830, False, 0
1932,0, 830, False, 0
1933,0, 830, False, 0
1934,0, 830, False, 0
1935,0, 830, False, 0
1936,0, 830, False, 0
1937,0, 830, False, 0
1938,0, 830, False, 0
1939,0, 830, False, 0
1940,0, 830, False, 0
1941,0, 830, False, 0
1942,0, 830, False, 0
1943,0, 830, False, 0
1944,0, 830, False, 0
1945,0, 830, False, 0
1946,0, 830, False, 0
1947,0, 830, False, 0
1948,0, 830, False, 0
1949,0, 830, False, 0
1950,0, 830, False, 0
1951,0, 830, False, 0
1952,0, 830, False, 0
1953,0, 830, False, 0
1954,0, 830, False, 0
1955,0, 830, False, 0
1956,0, 830, False, 0
1957,0, 830, False, 0
1958,0, 830, False, 0
1959,0, 830, False, 0
1960,0, 830, False, 0
1961,0, 830, False, 0
1962,0, 830, False, 0
1963,0, 830, False, 0
1964,0, 830, False, 0
1965,0, 830, False, 0
1966,0, 830, False, 0
1967,0, 830, False, 0
1968,0, 830, False, 0
1969,0, 830, False, 0
1970,0, 830, False, 0
1971,0, 830, False, 2
1972,0, 830, False, 2
1973,0, 830, False, 2
1974,0, 830, False, 2
1975,0, 830, False, 2
1976,0, 830, False, 2
1977,0, 830, False, 2
1978,0, 830, False, 0
1979,0, 830, False, 0
1980,0, 830, False, 0
1981,0, 830, False, 0
1982,0, 830, False, 0
1983,0, 830, False, 0
1984,0, 830, False, 0
1985,0, 830, False, 0
1986,0, 830, False, 0
1987,0, 830, False, 0
1988,0, 830, False, 0
1989,0, 830, False, 0
1990,10, 840, False, 0
1991,0, 840, False, 0
1992,0, 840, False, 0
1993,0, 840, False, 0
1994,0, 840, False, 0
1995,0, 840, False, 0
1996,0, 840, False, 0
1997,0, 840, False, 0
1998,0, 840, False, 0
1999,0, 840, False, 0
2000,0, 840, False, 0
2001,0, 840, False, 4
2002,0, 840, False, 4
2003,0, 840, False, 4
2004,10, 850, False, 4
2005,0, 850, False, 4
2006,0, 850, False, 4
2007,0, 850, False, 4
2008,0, 850, False, 4
2009,0, 850, False, 4
2010,0, 850, False, 0
2011,0, 850, False, 0
2012,0, 850, False, 0
2013,0, 850, False, 0
2014,0, 850, False, 0
2015,0, 850, False, 0
2016,0, 850, False, 0
2017,0, 850, False, 0
2018,0, 850, False, 0
2019,0, 850, False, 0
2020,0, 850, False, 0
2021,0, 850, False, 0
2022,0, 850, False, 0
2023,0, 850, False, 0
2024,0, 850, False, 0
2025,0, 850, False, 0
2026,0, 850, False, 0
2027,0, 850, False, 0
2028,0, 850, False, 0
2029,0, 850, False, 0
2030,0, 850, False, 0
2031,0, 850, False, 0
2032,0, 850, False, 0
2033,0, 850, False, 0
2034,0, 850, False, 0
2035,0, 850, False, 0
2036,0, 850, False, 0
2037,0, 850, False, 0
2038,0, 850, False, 0
2039,0, 850, False, 0
2040,0, 850, False, 0
2041,0, 850, False, 0
2042,0, 850, False, 0
2043,0, 850, False, 0
2044,0, 850, False, 0
2045,0, 850, False, 0
2046,0, 850, False, 0
2047,0, 850, False, 0
2048,0, 850, False, 0
2049,0, 850, False, 0
2050,0, 850, False, 0
2051,0, 850, False, 0
2052,0, 850, False, 0
2053,0, 850, False, 0
2054,0, 850, False, 0
2055,0, 850, False, 0
2056,0, 850, False, 0
2057,0, 850, False, 0
2058,0, 850, False, 0
2059,0, 850, False, 0
2060,0, 850, False, 0
2061,0, 850, False, 0
2062,0, 850, False, 0
2063,0, 850, False, 0
2064,0, 850, False, 0
2065,0, 850, False, 0
2066,0, 850, False, 0
2067,0, 850, False, 0
2068,0, 850, False, 0
2069,0, 850, False, 0
2070,0, 850, False, 0
2071,0, 850, False, 0
2072,0, 850, False, 0
2073,0, 850, False, 0
2074,0, 850, False, 0
2075,0, 850, False, 0
2076,0, 850, False, 0
2077,0, 850, False, 0
2078,0, 850, False, 0
2079,0, 850, False, 0
2080,0, 850, False, 0
2081,0, 850, False, 0
2082,0, 850, False, 0
2083,0, 850, False, 0
2084,0, 850, False, 0
2085,0, 850, False, 0
2086,0, 850, False, 0
2087,0, 850, False, 0
2088,0, 850, False, 0
2089,0, 850, False, 0
2090,0, 850, False, 0
2091,0, 850, False, 0
2092,0, 850, False, 0
2093,0, 850, False, 0
2094,0, 850, False, 0
2095,0, 850, False, 0
2096,0, 850, False, 0
2097,0, 850, False, 0
2098,0, 850, False, 0
2099,0, 850, False, 0
2100,0, 850, False, 0
2101,0, 850, False, 0
2102,0, 850, False, 0
2103,0, 850, False, 0
2104,0, 850, False, 0
2105,0, 850, False, 0
2106,0, 850, False, 0
2107,0, 850, False, 0
2108,0, 850, False, 0
2109,0, 850, False, 0
2110,0, 850, False, 0
2111,0, 850, False, 0
2112,0, 850, False, 0
2113,0, 850, False, 0
2114,0, 850, False, 0
2115,0, 850, False, 0
2116,0, 850, False, 0
2117,0, 850, False, 0
2118,0, 850, False, 0
2119,0, 850, False, 0
2120,0, 850, False, 0
2121,0, 850, False, 0
2122,0, 850, False, 0
2123,0, 850, False, 0
2124,0, 850, False, 0
2125,0, 850, False, 0
2126,0, 850, False, 0
2127,0, 850, False, 0
2128,0, 850, False, 0
2129,0, 850, False, 0
2130,0, 850, False, 0
2131,0, 850, False, 0
2132,0, 850, False, 0
2133,0, 850, False, 0
2134,0, 850, False, 0
2135,0, 850, False, 0
2136,0, 850, False, 0
2137,0, 850, False, 0
2138,0, 850, False, 0
2139,0, 850, False, 0
2140,0, 850, False, 0
2141,0, 850, False, 0
2142,0, 850, False, 0
2143,0, 850, False, 0
2144,0, 850, False, 0
2145,0, 850, False, 0
2146,0, 850, False, 0
2147,0, 850, False, 0
2148,0, 850, False, 0
2149,0, 850, False, 0
2150,0, 850, False, 0
2151,0, 850, False, 0
2152,0, 850, False, 0
2153,0, 850, False, 0
2154,0, 850, False, 0
2155,0, 850, False, 0
2156,0, 850, False, 0
2157,0, 850, False, 0
2158,0, 850, False, 0
2159,0, 850, False, 0
2160,0, 850, False, 0
2161,0, 850, False, 0
2162,0, 850, False, 0
2163,0, 850, False, 0
2164,0, 850, False, 0
2165,0, 850, False, 0
2166,0, 850, False, 0
2167,0, 850, False, 0
2168,0, 850, False, 0
2169,0, 850, False, 4
2170,0, 850, False, 4
2171,0, 850, False, 4
2172,0, 850, False, 4
2173,0, 850, False, 4
2174,0, 850, False, 4
2175,0, 850, False, 4
2176,0, 850, False, 0
2177,0, 850, False, 0
2178,0, 850, False, 0
2179,0, 850, False, 0
2180,0, 850, False, 0
2181,0, 850, False, 0
2182,0, 850, False, 0
2183,0, 850, False, 0
2184,0, 850, False, 0
2185,0, 850, False, 0
2186,0, 850, False, 0
2187,0, 850, False, 0
2188,0, 850, False, 0
2189,0, 850, False, 0
2190,0, 850, False, 0
2191,0, 850, False, 0
2192,0, 850, False, 0
2193,0, 850, False, 0
2194,0, 850, False, 0
2195,0, 850, False, 0
2196,0, 850, False, 0
2197,0, 850, False, 0
2198,0, 850, False, 0
2199,0, 850, False, 0
2200,0, 850, False, 0
2201,0, 850, False, 0
2202,0, 850, False, 0
2203,0, 850, False, 0
2204,0, 850, False, 0
2205,0, 850, False, 0
2206,0, 850, False, 0
2207,0, 850, False, 0
2208,0, 850, False, 0
2209,0, 850, False, 0
2210,0, 850, False, 0
2211,0, 850, False, 0
2212,0, 850, False, 0
2213,0, 850, False, 0
2214,0, 850, False, 0
2215,0, 850, False, 0
2216,0, 850, False, 0
2217,0, 850, False, 0
2218,0, 850, False, 4
2219,0, 850, False, 4
2220,0, 850, False, 4
2221,0, 850, False, 4
2222,0, 850, False, 4
2223,0, 850, False, 4
2224,0, 850, False, 0
2225,0, 850, False, 0
2226,0, 850, False, 0
2227,0, 850, False, 0
2228,0, 850, False, 0
2229,0, 850, False, 0
2230,0, 850, False, 0
2231,0, 850, False, 0
2232,0, 850, False, 0
2233,0, 850, False, 0
2234,0, 850, False, 0
2235,0, 850, False, 0
2236,0, 850, False, 0
2237,0, 850, False, 0
2238,0, 850, False, 0
2239,0, 850, False, 0
2240,0, 850, False, 0
2241,0, 850, False, 0
2242,0, 850, False, 0
2243,0, 850, False, 0
2244,0, 850, False, 0
2245,0, 850, False, 0
2246,0, 850, False, 0
2247,0, 850, False, 0
2248,0, 850, False, 0
2249,0, 850, False, 0
2250,0, 850, False, 0
2251,0, 850, False, 0
2252,0, 850, False, 0
2253,0, 850, False, 0
2254,0, 850, False, 0
2255,0, 850, False, 0
2256,0, 850, False, 0
2257,0, 850, False, 0
2258,0, 850, False, 0
2259,0, 850, False, 0
2260,0, 850, False, 0
2261,0, 850, False, 0
2262,0, 850, False, 0
2263,0, 850, False, 0
2264,0, 850, False, 0
2265,0, 850, False, 0
2266,0, 850, False, 0
2267,0, 850, False, 0
2268,0, 850, False, 5
2269,0, 850, False, 5
2270,0, 850, False, 5
2271,0, 850, False, 5
2272,0, 850, False, 5
2273,0, 850, False, 5
2274,0, 850, False, 0
2275,0, 850, False, 0
2276,0, 850, False, 0
2277,0, 850, False, 0
2278,0, 850, False, 0
2279,0, 850, False, 0
2280,0, 850, False, 0
2281,0, 850, False, 0
2282,0, 850, False, 0
2283,0, 850, False, 0
2284,0, 850, False, 0
2285,0, 850, False, 0
2286,0, 850, False, 0
2287,0, 850, False, 0
2288,0, 850, False, 0
2289,0, 850, False, 0
2290,0, 850, False, 0
2291,0, 850, False, 0
2292,0, 850, False, 4
2293,0, 850, False, 4
2294,0, 850, False, 4
2295,0, 850, False, 4
2296,0, 850, False, 4
2297,0, 850, False, 0
2298,0, 850, False, 0
2299,0, 850, False, 0
2300,0, 850, False, 0
2301,0, 850, False, 0
2302,0, 850, False, 0
2303,0, 850, False, 0
2304,0, 850, False, 0
2305,0, 850, False, 0
2306,0, 850, False, 0
2307,0, 850, False, 0
2308,0, 850, False, 0
2309,0, 850, False, 0
2310,0, 850, False, 0
2311,0, 850, False, 0
2312,0, 850, False, 0
2313,0, 850, False, 0
2314,0, 850, False, 2
2315,0, 850, False, 2
2316,0, 850, False, 2
2317,0, 850, False, 2
2318,0, 850, False, 2
2319,0, 850, False, 2
2320,0, 850, False, 2
2321,0, 850, False, 0
2322,0, 850, False, 0
2323,0, 850, False, 0
2324,0, 850, False, 0
2325,0, 850, False, 0
2326,0, 850, False, 0
2327,0, 850, False, 0
2328,0, 850, False, 0
2329,0, 850, False, 0
2330,0, 850, False, 0
2331,0, 850, False, 0
2332,0, 850, False, 0
2333,0, 850, False, 0
2334,0, 850, False, 0
2335,0, 850, False, 0
2336,0, 850, False, 0
2337,0, 850, False, 0
2338,0, 850, False, 0
2339,0, 850, False, 3
2340,0, 850, False, 3
2341,0, 850, False, 3
2342,0, 850, False, 3
2343,0, 850, False, 3
2344,0, 850, False, 0
2345,0, 850, False, 0
2346,0, 850, False, 0
2347,0, 850, False, 0
2348,0, 850, False, 0
2349,0, 850, False, 2
2350,0, 850, False, 2
2351,0, 850, False, 2
2352,0, 850, False, 2
2353,0, 850, False, 0
2354,0, 850, False, 0
2355,0, 850, False, 0
2356,0, 850, False, 0
2357,0, 850, False, 0
2358,0, 850, False, 0
2359,0, 850, False, 0
2360,0, 850, False, 0
2361,0, 850, False, 0
2362,10, 860, False, 0
2363,0, 860, False, 0
2364,0, 860, False, 0
2365,0, 860, False, 0
2366,0, 860, False, 0
2367,0, 860, False, 0
2368,0, 860, False, 0
2369,0, 860, False, 0
2370,0, 860, False, 0
2371,0, 860, False, 0
2372,0, 860, False, 0
2373,0, 860, False, 0
2374,0, 860, False, 0
2375,0, 860, False, 0
2376,10, 870, False, 0
2377,0, 870, False, 0
2378,0, 870, False, 0
2379,0, 870, False, 0
2380,0, 870, False, 0
2381,0, 870, False, 0
2382,0, 870, False, 0
2383,0, 870, False, 0
2384,0, 870, False, 0
2385,0, 870, False, 0
2386,0, 870, False, 0
2387,0, 870, False, 0
2388,0, 870, False, 0
2389,0, 870, False, 0
2390,10, 880, False, 0
2391,0, 880, False, 0
2392,0, 880, False, 0
2393,0, 880, False, 0
2394,0, 880, False, 0
2395,0, 880, False, 0
2396,0, 880, False, 0
2397,0, 880, False, 0
2398,0, 880, False, 0
2399,0, 880, False, 0
2400,0, 880, False, 0
2401,0, 880, False, 0
2402,0, 880, False, 0
2403,0, 880, False, 0
2404,10, 890, False, 0
2405,0, 890, False, 0
2406,0, 890, False, 0
2407,0, 890, False, 0
2408,0, 890, False, 0
2409,0, 890, False, 0
2410,0, 890, False, 0
2411,0, 890, False, 0
2412,0, 890, False, 0
2413,0, 890, False, 0
2414,0, 890, False, 0
2415,0, 890, False, 0
2416,0, 890, False, 0
2417,0, 890, False, 0
2418,10, 900, False, 0
2419,0, 900, False, 0
2420,0, 900, False, 0
2421,0, 900, False, 0
2422,0, 900, False, 0
2423,0, 900, False, 0
2424,0, 900, False, 0
2425,0, 900, False, 0
2426,0, 900, False, 0
2427,0, 900, False, 0
2428,0, 900, False, 0
2429,0, 900, False, 0
2430,0, 900, False, 0
2431,0, 900, False, 0
2432,10, 910, False, 0
2433,0, 910, False, 0
2434,0, 910, False, 0
2435,0, 910, False, 0
2436,0, 910, False, 0
2437,0, 910, False, 0
2438,0, 910, False, 0
2439,0, 910, False, 0
2440,0, 910, False, 0
2441,0, 910, False, 0
2442,0, 910, False, 0
2443,0, 910, False, 0
2444,0, 910, False, 0
2445,0, 910, False, 0
2446,10, 920, False, 0
2447,0, 920, False, 0
2448,0, 920, False, 0
2449,0, 920, False, 0
2450,0, 920, False, 0
2451,0, 920, False, 0
2452,0, 920, False, 0
2453,0, 920, False, 0
2454,0, 920, False, 4
2455,0, 920, False, 4
2456,0, 920, False, 4
2457,0, 920, False, 4
2458,0, 920, False, 4
2459,0, 920, False, 4
2460,10, 930, False, 4
2461,0, 930, False, 4
2462,0, 930, False, 4
2463,0, 930, False, 0
2464,0, 930, False, 0
2465,0, 930, False, 0
2466,0, 930, False, 0
2467,0, 930, False, 0
2468,0, 930, False, 0
2469,0, 930, False, 0
2470,10, 940, False, 0
2471,0, 940, False, 0
2472,0, 940, False, 0
2473,0, 940, False, 0
2474,0, 940, False, 2
2475,0, 940, False, 2
2476,0, 940, False, 2
2477,0, 940, False, 2
2478,0, 940, False, 2
2479,0, 940, False, 0
2480,0, 940, False, 0
2481,0, 940, False, 0
2482,0, 940, False, 0
2483,0, 940, False, 0
2484,50, 990, False, 0
2485,0, 990, False, 0
2486,0, 990, False, 0
2487,0, 990, False, 0
2488,0, 990, False, 0
2489,0, 990, False, 0
2490,0, 990, False, 0
2491,0, 990, False, 0
2492,0, 990, False, 0
2493,0, 990, False, 0
2494,0, 990, False, 0
2495,0, 990, False, 0
2496,0, 990, False, 0
2497,0, 990, False, 0
2498,0, 990, False, 0
2499,0, 990, False, 0
2500,10, 1000, False, 0
2501,0, 1000, False, 3
2502,0, 1000, False, 3
2503,0, 1000, False, 3
2504,0, 1000, False, 3
2505,0, 1000, False, 3
2506,0, 1000, False, 3
2507,0, 1000, False, 3
2508,0, 1000, False, 0
2509,0, 1000, False, 0
2510,10, 1010, False, 0
2511,0, 1010, False, 0
2512,0, 1010, False, 0
2513,0, 1010, False, 0
2514,0, 1010, False, 0
2515,0, 1010, False, 0
2516,0, 1010, False, 0
2517,0, 1010, False, 0
2518,0, 1010, False, 0
2519,0, 1010, False, 0
2520,0, 1010, False, 0
2521,0, 1010, False, 0
2522,0, 1010, False, 0
2523,0, 1010, False, 0
2524,10, 1020, False, 0
2525,0, 1020, False, 0
2526,0, 1020, False, 0
2527,0, 1020, False, 0
2528,0, 1020, False, 0
2529,0, 1020, False, 0
2530,0, 1020, False, 0
2531,0, 1020, False, 0
2532,0, 1020, False, 0
2533,0, 1020, False, 0
2534,0, 1020, False, 0
2535,0, 1020, False, 0
2536,0, 1020, False, 0
2537,0, 1020, False, 0
2538,10, 1030, False, 0
2539,0, 1030, False, 0
2540,0, 1030, False, 0
2541,0, 1030, False, 5
2542,0, 1030, False, 5
2543,0, 1030, False, 5
2544,0, 1030, False, 5
2545,0, 1030, False, 5
2546,0, 1030, False, 5
2547,0, 1030, False, 0
2548,0, 1030, False, 0
2549,0, 1030, False, 0
2550,10, 1040, False, 0
2551,0, 1040, False, 0
2552,0, 1040, False, 0
2553,0, 1040, False, 0
2554,0, 1040, False, 0
2555,0, 1040, False, 0
2556,0, 1040, False, 0
2557,0, 1040, False, 0
2558,0, 1040, False, 0
2559,0, 1040, False, 0
2560,0, 1040, False, 0
2561,0, 1040, False, 0
2562,0, 1040, False, 0
2563,0, 1040, False, 0
2564,10, 1050, False, 0
2565,0, 1050, False, 0
2566,0, 1050, False, 0
2567,0, 1050, False, 0
2568,0, 1050, False, 0
2569,0, 1050, False, 0
2570,0, 1050, False, 0
2571,0, 1050, False, 0
2572,0, 1050, False, 0
2573,0, 1050, False, 0
2574,0, 1050, False, 0
2575,0, 1050, False, 0
2576,0, 1050, False, 0
2577,0, 1050, False, 0
2578,10, 1060, False, 0
2579,0, 1060, False, 0
2580,0, 1060, False, 0
2581,0, 1060, False, 0
2582,0, 1060, False, 0
2583,0, 1060, False, 0
2584,0, 1060, False, 0
2585,0, 1060, False, 0
2586,0, 1060, False, 0
2587,0, 1060, False, 0
2588,0, 1060, False, 0
2589,0, 1060, False, 0
2590,0, 1060, False, 0
2591,0, 1060, False, 0
2592,10, 1070, False, 0
2593,0, 1070, False, 0
2594,0, 1070, False, 3
2595,0, 1070, False, 3
2596,0, 1070, False, 3
2597,0, 1070, False, 3
2598,0, 1070, False, 3
2599,0, 1070, False, 3
2600,0, 1070, False, 3
2601,0, 1070, False, 0
2602,0, 1070, False, 0
2603,0, 1070, False, 0
2604,0, 1070, False, 0
2605,0, 1070, False, 0
2606,10, 1080, False, 0
2607,0, 1080, False, 0
2608,0, 1080, False, 0
2609,0, 1080, False, 0
2610,0, 1080, False, 0
2611,0, 1080, False, 0
2612,0, 1080, False, 0
2613,0, 1080, False, 0
2614,0, 1080, False, 0
2615,0, 1080, False, 0
2616,0, 1080, False, 0
2617,0, 1080, False, 0
2618,0, 1080, False, 0
2619,0, 1080, False, 0
2620,10, 1090, False, 0
2621,0, 1090, False, 0
2622,0, 1090, False, 0
2623,0, 1090, False, 0
2624,0, 1090, False, 0
2625,0, 1090, False, 0
2626,0, 1090, False, 0
2627,0, 1090, False, 0
2628,0, 1090, False, 0
2629,0, 1090, False, 0
2630,0, 1090, False, 0
2631,0, 1090, False, 0
2632,0, 1090, False, 0
2633,0, 1090, False, 0
2634,10, 1100, False, 0
2635,0, 1100, False, 0
2636,0, 1100, False, 0
2637,0, 1100, False, 2
2638,0, 1100, False, 2
2639,0, 1100, False, 2
2640,0, 1100, False, 2
2641,0, 1100, False, 2
2642,0, 1100, False, 0
2643,0, 1100, False, 0
2644,0, 1100, False, 0
2645,0, 1100, False, 0
2646,0, 1100, False, 0
2647,0, 1100, False, 0
2648,0, 1100, False, 0
2649,0, 1100, False, 0
2650,10, 1110, False, 0
2651,0, 1110, False, 0
2652,0, 1110, False, 0
2653,0, 1110, False, 0
2654,0, 1110, False, 0
2655,0, 1110, False, 0
2656,0, 1110, False, 0
2657,0, 1110, False, 0
2658,0, 1110, False, 0
2659,0, 1110, False, 0
2660,0, 1110, False, 0
2661,0, 1110, False, 0
2662,0, 1110, False, 0
2663,0, 1110, False, 0
2664,10, 1120, False, 0
2665,0, 1120, False, 4
2666,0, 1120, False, 4
2667,0, 1120, False, 4
2668,0, 1120, False, 4
2669,0, 1120, False, 4
2670,0, 1120, False, 0
2671,0, 1120, False, 0
2672,0, 1120, False, 0
2673,0, 1120, False, 0
2674,0, 1120, False, 0
2675,0, 1120, False, 0
2676,10, 1130, False, 0
2677,0, 1130, False, 0
2678,0, 1130, False, 0
2679,0, 1130, False, 0
2680,0, 1130, False, 0
2681,0, 1130, False, 0
2682,0, 1130, False, 0
2683,0, 1130, False, 0
2684,0, 1130, False, 0
2685,0, 1130, False, 0
2686,0, 1130, False, 0
2687,0, 1130, False, 0
2688,0, 1130, False, 0
2689,0, 1130, False, 0
2690,10, 1140, False, 0
2691,0, 1140, False, 0
2692,0, 1140, False, 0
2693,0, 1140, False, 0
2694,0, 1140, False, 0
2695,0, 1140, False, 0
2696,0, 1140, False, 0
2697,0, 1140, False, 0
2698,0, 1140, False, 0
2699,0, 1140, False, 0
2700,0, 1140, False, 0
2701,0, 1140, False, 0
2702,0, 1140, False, 0
2703,0, 1140, False, 0
2704,0, 1140, False, 0
2705,0, 1140, False, 0
2706,0, 1140, False, 0
2707,0, 1140, False, 0
2708,0, 1140, False, 0
2709,0, 1140, False, 0
2710,0, 1140, False, 0
2711,0, 1140, False, 0
2712,0, 1140, False, 0
2713,0, 1140, False, 0
2714,10, 1150, False, 0
2715,0, 1150, False, 0
2716,0, 1150, False, 0
2717,0, 1150, False, 0
2718,0, 1150, False, 0
2719,0, 1150, False, 3
2720,0, 1150, False, 3
2721,0, 1150, False, 3
2722,0, 1150, False, 3
2723,0, 1150, False, 3
2724,0, 1150, False, 3
2725,0, 1150, False, 3
2726,0, 1150, False, 3
2727,0, 1150, False, 0
2728,0, 1150, False, 0
2729,0, 1150, False, 0
2730,0, 1150, False, 0
2731,0, 1150, False, 0
2732,0, 1150, False, 0
2733,0, 1150, False, 0
2734,0, 1150, False, 0
2735,0, 1150, False, 0
2736,0, 1150, False, 0
2737,0, 1150, False, 0
2738,0, 1150, False, 0
2739,0, 1150, False, 0
2740,0, 1150, False, 0
2741,0, 1150, False, 0
2742,0, 1150, False, 0
2743,0, 1150, False, 0
2744,0, 1150, False, 0
2745,0, 1150, False, 0
2746,0, 1150, False, 0
2747,0, 1150, False, 0
2748,0, 1150, False, 0
2749,0, 1150, False, 0
2750,0, 1150, False, 0
2751,0, 1150, False, 2
2752,0, 1150, False, 2
2753,0, 1150, False, 2
2754,0, 1150, False, 2
2755,0, 1150, False, 2
2756,0, 1150, False, 0
2757,0, 1150, False, 0
2758,0, 1150, False, 0
2759,0, 1150, False, 0
2760,0, 1150, False, 0
2761,0, 1150, False, 0
2762,0, 1150, False, 0
2763,0, 1150, False, 0
2764,0, 1150, False, 0
2765,0, 1150, False, 0
2766,10, 1160, False, 0
2767,0, 1160, False, 0
2768,0, 1160, False, 0
2769,0, 1160, False, 0
2770,0, 1160, False, 0
2771,0, 1160, False, 0
2772,0, 1160, False, 0
2773,0, 1160, False, 0
2774,0, 1160, False, 0
2775,0, 1160, False, 0
2776,0, 1160, False, 0
2777,0, 1160, False, 3
2778,0, 1160, False, 3
2779,0, 1160, False, 3
2780,10, 1170, False, 3
2781,0, 1170, False, 3
2782,0, 1170, False, 0
2783,0, 1170, False, 0
2784,0, 1170, False, 0
2785,0, 1170, False, 0
2786,0, 1170, False, 0
2787,0, 1170, False, 0
2788,0, 1170, False, 0
2789,0, 1170, False, 0
2790,10, 1180, False, 0
2791,0, 1180, False, 0
2792,0, 1180, False, 0
2793,0, 1180, False, 0
2794,0, 1180, False, 0
2795,0, 1180, False, 0
2796,0, 1180, False, 0
2797,0, 1180, False, 0
2798,0, 1180, False, 0
2799,0, 1180, False, 0
2800,0, 1180, False, 0
2801,0, 1180, False, 0
2802,0, 1180, False, 0
2803,0, 1180, False, 0
2804,10, 1190, False, 0
2805,0, 1190, False, 0
2806,0, 1190, False, 0
2807,0, 1190, False, 0
2808,0, 1190, False, 0
2809,0, 1190, False, 0
2810,0, 1190, False, 0
2811,0, 1190, False, 0
2812,0, 1190, False, 0
2813,0, 1190, False, 0
2814,0, 1190, False, 0
2815,0, 1190, False, 0
2816,0, 1190, False, 0
2817,0, 1190, False, 0
2818,10, 1200, False, 0
2819,0, 1200, False, 0
2820,0, 1200, False, 0
2821,0, 1200, False, 0
2822,0, 1200, False, 0
2823,0, 1200, False, 0
2824,0, 1200, False, 0
2825,0, 1200, False, 0
2826,0, 1200, False, 0
2827,0, 1200, False, 0
2828,0, 1200, False, 0
2829,0, 1200, False, 0
2830,0, 1200, False, 0
2831,0, 1200, False, 0
2832,0, 1200, False, 0
2833,0, 1200, False, 0
2834,0, 1200, False, 0
2835,0, 1200, False, 0
2836,10, 1210, False, 0
2837,0, 1210, False, 0
2838,0, 1210, False, 0
2839,0, 1210, False, 0
2840,0, 1210, False, 0
2841,0, 1210, False, 0
2842,0, 1210, False, 0
2843,0, 1210, False, 0
2844,0, 1210, False, 0
2845,0, 1210, False, 0
2846,0, 1210, False, 0
2847,0, 1210, False, 0
2848,0, 1210, False, 0
2849,0, 1210, False, 0
2850,10, 1220, False, 0
2851,0, 1220, False, 0
2852,0, 1220, False, 0
2853,0, 1220, False, 0
2854,0, 1220, False, 0
2855,0, 1220, False, 0
2856,0, 1220, False, 0
2857,0, 1220, False, 0
2858,0, 1220, False, 0
2859,0, 1220, False, 0
2860,0, 1220, False, 0
2861,0, 1220, False, 0
2862,10, 1230, False, 0
2863,0, 1230, False, 0
2864,0, 1230, False, 0
2865,0, 1230, False, 0
2866,0, 1230, False, 0
2867,0, 1230, False, 0
2868,0, 1230, False, 0
2869,0, 1230, False, 0
2870,0, 1230, False, 0
2871,0, 1230, False, 0
2872,0, 1230, False, 0
2873,0, 1230, False, 0
2874,0, 1230, False, 0
2875,0, 1230, False, 0
2876,10, 1240, False, 0
2877,0, 1240, False, 5
2878,0, 1240, False, 5
2879,0, 1240, False, 5
2880,0, 1240, False, 5
2881,0, 1240, False, 5
2882,0, 1240, False, 5
2883,0, 1240, False, 0
2884,0, 1240, False, 0
2885,0, 1240, False, 0
2886,0, 1240, False, 0
2887,0, 1240, False, 0
2888,0, 1240, False, 0
2889,0, 1240, False, 0
2890,10, 1250, False, 0
2891,0, 1250, False, 0
2892,0, 1250, False, 0
2893,0, 1250, False, 0
2894,0, 1250, False, 0
2895,0, 1250, False, 0
2896,0, 1250, False, 0
2897,0, 1250, False, 0
2898,0, 1250, False, 0
2899,0, 1250, False, 0
2900,200, 1450, False, 0
2901,0, 1450, False, 0
2902,0, 1450, False, 0
2903,0, 1450, False, 0
2904,0, 1450, False, 0
2905,0, 1450, False, 0
2906,0, 1450, False, 0
2907,0, 1450, False, 0
2908,0, 1450, False, 0
2909,0, 1450, False, 0
2910,0, 1450, False, 0
2911,0, 1450, False, 0
2912,0, 1450, False, 0
2913,0, 1450, False, 0
2914,0, 1450, False, 0
2915,0, 1450, False, 0
2916,0, 1450, False, 0
2917,0, 1450, False, 0
2918,0, 1450, False, 0
2919,0, 1450, False, 0
2920,0, 1450, False, 0
2921,0, 1450, False, 0
2922,0, 1450, False, 0
2923,0, 1450, False, 0
2924,0, 1450, False, 0
2925,0, 1450, False, 0
2926,0, 1450, False, 0
2927,0, 1450, False, 0
2928,0, 1450, False, 0
2929,0, 1450, False, 0
2930,0, 1450, False, 0
2931,0, 1450, False, 0
2932,0, 1450, False, 0
2933,0, 1450, False, 0
2934,0, 1450, False, 0
2935,0, 1450, False, 0
2936,0, 1450, False, 0
2937,0, 1450, False, 4
2938,0, 1450, False, 4
2939,0, 1450, False, 4
2940,0, 1450, False, 4
2941,0, 1450, False, 4
2942,0, 1450, False, 4
2943,0, 1450, False, 4
2944,0, 1450, False, 0
2945,0, 1450, False, 0
2946,0, 1450, False, 0
2947,0, 1450, False, 0
2948,0, 1450, False, 0
2949,0, 1450, False, 0
2950,0, 1450, False, 0
2951,0, 1450, False, 0
2952,0, 1450, False, 0
2953,0, 1450, False, 0
2954,0, 1450, False, 0
2955,0, 1450, False, 0
2956,10, 1460, False, 0
2957,0, 1460, False, 0
2958,0, 1460, False, 0
2959,0, 1460, False, 0
2960,0, 1460, False, 0
2961,0, 1460, False, 0
2962,0, 1460, False, 0
2963,0, 1460, False, 0
2964,0, 1460, False, 0
2965,0, 1460, False, 0
2966,0, 1460, False, 0
2967,0, 1460, False, 0
2968,0, 1460, False, 0
2969,0, 1460, False, 0
2970,10, 1470, False, 0
2971,0, 1470, False, 0
2972,0, 1470, False, 0
2973,0, 1470, False, 0
2974,0, 1470, False, 0
2975,0, 1470, False, 0
2976,0, 1470, False, 0
2977,0, 1470, False, 0
2978,0, 1470, False, 0
2979,0, 1470, False, 0
2980,0, 1470, False, 0
2981,0, 1470, False, 0
2982,0, 1470, False, 0
2983,0, 1470, False, 0
2984,0, 1470, False, 0
2985,0, 1470, False, 0
2986,0, 1470, False, 0
2987,0, 1470, False, 0
2988,10, 1480, False, 0
2989,0, 1480, False, 0
2990,0, 1480, False, 0
2991,0, 1480, False, 0
2992,0, 1480, False, 0
2993,0, 1480, False, 0
2994,0, 1480, False, 0
2995,0, 1480, False, 0
2996,0, 1480, False, 0
2997,0, 1480, False, 0
2998,0, 1480, False, 0
2999,0, 1480, False, 0
3000,0, 1480, False, 0
3001,0, 1480, False, 0
3002,10, 1490, False, 0
3003,0, 1490, False, 0
3004,0, 1490, False, 0
3005,0, 1490, False, 0
3006,0, 1490, False, 0
3007,0, 1490, False, 0
3008,0, 1490, False, 0
3009,0, 1490, False, 0
3010,0, 1490, False, 0
3011,0, 1490, False, 0
3012,0, 1490, False, 0
3013,0, 1490, False, 0
3014,0, 1490, False, 0
3015,0, 1490, False, 0
3016,0, 1490, False, 0
3017,0, 1490, False, 0
3018,0, 1490, False, 5
3019,0, 1490, False, 5
3020,0, 1490, False, 5
3021,0, 1490, False, 5
3022,0, 1490, False, 0
3023,0, 1490, False, 0
3024,0, 1490, False, 0
3025,0, 1490, False, 0
3026,0, 1490, False, 0
3027,0, 1490, False, 0
3028,0, 1490, False, 0
3029,0, 1490, False, 0
3030,0, 1490, False, 0
3031,0, 1490, False, 0
3032,0, 1490, False, 0
3033,0, 1490, False, 0
3034,0, 1490, False, 0
3035,0, 1490, False, 0
3036,0, 1490, False, 0
3037,0, 1490, False, 0
3038,0, 1490, False, 3
3039,0, 1490, False, 3
3040,0, 1490, False, 3
3041,0, 1490, False, 3
3042,0, 1490, False, 3
3043,0, 1490, False, 3
3044,0, 1490, False, 3
3045,0, 1490, False, 3
3046,0, 1490, False, 0
3047,0, 1490, False, 0
3048,0, 1490, False, 0
3049,0, 1490, False, 0
3050,0, 1490, False, 0
3051,0, 1490, False, 0
3052,0, 1490, False, 0
3053,0, 1490, False, 0
3054,0, 1490, False, 0
3055,0, 1490, False, 0
3056,0, 1490, False, 0
3057,0, 1490, False, 0
3058,0, 1490, False, 0
3059,0, 1490, False, 0
3060,0, 1490, False, 0
3061,0, 1490, False, 0
3062,0, 1490, False, 5
3063,0, 1490, False, 5
3064,0, 1490, False, 5
3065,0, 1490, False, 5
3066,0, 1490, False, 5
3067,0, 1490, False, 5
3068,0, 1490, False, 0
3069,0, 1490, False, 0
3070,0, 1490, False, 0
3071,0, 1490, False, 0
3072,0, 1490, False, 0
3073,0, 1490, False, 0
3074,0, 1490, False, 0
3075,0, 1490, False, 0
3076,0, 1490, False, 0
3077,0, 1490, False, 0
3078,0, 1490, False, 0
3079,0, 1490, False, 0
3080,0, 1490, False, 0
3081,0, 1490, False, 0
3082,0, 1490, False, 0
3083,0, 1490, False, 0
3084,0, 1490, False, 0
3085,0, 1490, False, 0
3086,0, 1490, False, 0
3087,0, 1490, False, 0
3088,0, 1490, False, 0
3089,0, 1490, False, 0
3090,0, 1490, False, 0
3091,0, 1490, False, 0
3092,0, 1490, False, 0
3093,0, 1490, False, 0
3094,0, 1490, False, 0
3095,0, 1490, False, 0
3096,0, 1490, False, 0
3097,0, 1490, False, 0
3098,0, 1490, False, 0
3099,0, 1490, False, 0
3100,0, 1490, False, 0
3101,0, 1490, False, 0
3102,0, 1490, False, 0
3103,0, 1490, False, 0
3104,0, 1490, False, 0
3105,0, 1490, False, 0
3106,0, 1490, False, 0
3107,0, 1490, False, 0
3108,0, 1490, False, 0
3109,0, 1490, False, 0
3110,0, 1490, False, 0
3111,0, 1490, False, 0
3112,0, 1490, False, 0
3113,0, 1490, False, 0
3114,0, 1490, False, 0
3115,0, 1490, False, 0
3116,0, 1490, False, 0
3117,0, 1490, False, 0
3118,0, 1490, False, 0
3119,0, 1490, False, 0
3120,0, 1490, False, 0
3121,0, 1490, False, 0
3122,0, 1490, False, 0
3123,0, 1490, False, 0
3124,0, 1490, False, 0
3125,0, 1490, False, 0
3126,0, 1490, False, 0
3127,0, 1490, False, 0
3128,0, 1490, False, 0
3129,0, 1490, False, 0
3130,0, 1490, False, 0
3131,0, 1490, False, 0
3132,0, 1490, False, 0
3133,0, 1490, False, 0
3134,0, 1490, False, 0
3135,0, 1490, False, 0
3136,0, 1490, False, 0
3137,0, 1490, False, 0
3138,0, 1490, False, 0
3139,0, 1490, False, 0
3140,0, 1490, False, 0
3141,0, 1490, False, 0
3142,0, 1490, False, 0
3143,0, 1490, False, 0
3144,0, 1490, False, 0
3145,0, 1490, False, 0
3146,0, 1490, False, 0
3147,0, 1490, False, 0
3148,0, 1490, False, 0
3149,0, 1490, False, 0
3150,0, 1490, False, 0
3151,0, 1490, False, 0
3152,0, 1490, False, 0
3153,0, 1490, False, 0
3154,0, 1490, False, 0
3155,0, 1490, False, 0
3156,0, 1490, False, 0
3157,0, 1490, False, 0
3158,0, 1490, False, 0
3159,0, 1490, False, 0
3160,0, 1490, False, 0
3161,0, 1490, False, 0
3162,0, 1490, False, 0
3163,0, 1490, False, 0
3164,0, 1490, False, 0
3165,0, 1490, False, 0
3166,0, 1490, False, 0
3167,0, 1490, False, 0
3168,0, 1490, False, 0
3169,0, 1490, False, 0
3170,0, 1490, False, 0
3171,0, 1490, False, 0
3172,0, 1490, False, 0
3173,0, 1490, False, 0
3174,0, 1490, True, 0
